1.    nomes:
K.247 Musescore

2.    quantidade:
1

3.    analise:
[('intDia', 'p1p2'), ('duracao', 'p1p2'), ('Ntempo', 'p1p2'), ('Ptempo', 'p1p2')] SemContInte Distancia: 0

1.    ((-3, -2, -2, 2, 4, -3, -2, -2, 2, 2, -3, -2, -2, 2, 4, -3, -2, -2, 2, 2, -3, -2, -2, 2, 4, -3, -2, -2, 2, 2, -3, -2, -2, 2, 4, -3, -2, -2), (0.5, 0.25, 0.25, 1.0, 1.0, 0.5, 0.25, 0.25, 1.0, 1.0, 0.5, 0.25, 0.25, 1.0, 1.0, 0.5, 0.25, 0.25, 1.0, 1.0, 0.5, 0.25, 0.25, 1.0, 1.0, 0.5, 0.25, 0.25, 1.0, 1.0, 0.5, 0.25, 0.25, 1.0, 1.0, 0.5, 0.25, 0.25), (1, 2, 2, 2, 3, 1, 2, 2, 2, 3, 1, 2, 2, 2, 3, 1, 2, 2, 2, 3, 1, 2, 2, 2, 3, 1, 2, 2, 2, 3, 1, 2, 2, 2, 3, 1, 2, 2), (0.5, 0.0, 0.25, 0.5, 0.5, 0.5, 0.0, 0.25, 0.5, 0.5, 0.5, 0.0, 0.25, 0.5, 0.5, 0.5, 0.0, 0.25, 0.5, 0.5, 0.5, 0.0, 0.25, 0.5, 0.5, 0.5, 0.0, 0.25, 0.5, 0.5, 0.5, 0.0, 0.25, 0.5, 0.5, 0.5, 0.0, 0.25)):
('K.247 Musescore', 'P1', 1, (88, 126), (21,), (1.5,), (28,), (2.25,))
('K.247 Musescore', 'P1', 1, (278, 316), (60,), (1.5,), (67,), (2.25,))

2.    ((-2, -3, 4, 1, -2, -3, 2, 1, -2, -3, 4, 1, -2, -3, 2, 1, -2, -3, 4, 1, -2, -3, 2, 1, -2, -3), (0.5, 0.5, 0.5, 1.5, 0.5, 0.5, 0.5, 1.5, 0.5, 0.5, 0.5, 1.5, 0.5, 0.5, 0.5, 1.5, 0.5, 0.5, 0.5, 1.5, 0.5, 0.5, 0.5, 1.5, 0.5, 0.5), (2, 3, 3, 1, 2, 3, 3, 1, 2, 3, 3, 1, 2, 3, 3, 1, 2, 3, 3, 1, 2, 3, 3, 1, 2, 3), (0.5, 0.0, 0.5, 0.0, 0.5, 0.0, 0.5, 0.0, 0.5, 0.0, 0.5, 0.0, 0.5, 0.0, 0.5, 0.0, 0.5, 0.0, 0.5, 0.0, 0.5, 0.0, 0.5, 0.0, 0.5, 0.0)):
('K.247 Musescore', 'P1', 4, (18, 44), (21,), (2.5,), (27,), (3.0,))
('K.247 Musescore', 'P1', 4, (58, 84), (60,), (2.5,), (66,), (3.0,))

3.    ((-2, 2, 1, -2, -2, 1, -2, 2, 1, -2, -2, 1, -2, 2, 1, -2, -2, 1, -2), (0.5, 1.0, 1.5, 0.5, 1.0, 1.5, 0.5, 1.0, 1.5, 0.5, 1.0, 1.5, 0.5, 1.0, 1.5, 0.5, 1.0, 1.5, 0.5), (2, 3, 1, 2, 3, 1, 2, 3, 1, 2, 3, 1, 2, 3, 1, 2, 3, 1, 2), (0.5, 0.0, 0.0, 0.5, 0.0, 0.0, 0.5, 0.0, 0.0, 0.5, 0.0, 0.0, 0.5, 0.0, 0.0, 0.5, 0.0, 0.0, 0.5)):
('K.247 Musescore', 'P1', 3, (60, 79), (21,), (2.5,), (27,), (2.5,))
('K.247 Musescore', 'P1', 3, (176, 195), (60,), (2.5,), (66,), (2.5,))

4.    (((3, 1), (3, 2), (3, -2), (3, 1), (3, 2), (3, -4), (3, 1), (3, 2), (3, -2), (3, 1), (3, 2), (3, -2), -2, -2, 2, 2, -8, 4), ((0.0, 1.5), (0.0, 0.5), (0.0, 1.0), (0.0, 1.5), (0.0, 0.5), (0.0, 1.0), (0.0, 1.5), (0.0, 0.5), (0.0, 1.0), (0.0, 1.5), (0.0, 0.5), (0.0, 1.0), 1.5, 0.5, 1.0, 1.0, 1.0, 1.0), (1, 2, 3, 1, 2, 3, 1, 2, 3, 1, 2, 3, 1, 2, 3, 1, 2, 3), (0.0, 0.5, 0.0, 0.0, 0.5, 0.0, 0.0, 0.5, 0.0, 0.0, 0.5, 0.0, 0.0, 0.5, 0.0, 0.0, 0.0, 0.0)):
('K.247 Musescore', 'P1', 3, (90, 108), (32,), (1.0,), (37,), (3.0,))
('K.247 Musescore', 'P1', 3, (109, 127), (39,), (1.0,), (44,), (3.0,))

5.    ((8, -2, -2, -2, -2, -2, 2, -4, 8, -2, -2, -2, -2, -2, 2), (0.5, 2.5, 0.5, 0.5, 0.5, 0.5, 0.5, 0.5, 0.5, 2.5, 0.5, 0.5, 0.5, 0.5, 0.5), (1, 2, 1, 2, 2, 3, 3, 1, 1, 2, 1, 2, 2, 3, 3), (0.5, 0.0, 0.5, 0.0, 0.5, 0.0, 0.5, 0.0, 0.5, 0.0, 0.5, 0.0, 0.5, 0.0, 0.5)):
('K.247 Musescore', 'P1', 1, (50, 65), (12,), (1.5,), (15,), (3.5,))
('K.247 Musescore', 'P1', 1, (346, 361), (72,), (1.5,), (75,), (3.5,))

6.    ((1, -2, -2, 4, -2, -2, 2, 1, -2, -2, 4, -2, -2), (1.5, 0.5, 1.0, 1.5, 0.5, 0.5, 0.5, 1.5, 0.5, 1.0, 1.5, 0.5, 0.5), (1, 2, 3, 1, 2, 3, 3, 1, 2, 3, 1, 2, 3), (0.0, 0.5, 0.0, 0.0, 0.5, 0.0, 0.5, 0.0, 0.5, 0.0, 0.0, 0.5, 0.0)):
('K.247 Musescore', 'P1', 3, (27, 40), (12,), (1.0,), (15,), (3.0,))
('K.247 Musescore', 'P1', 3, (207, 220), (72,), (1.0,), (75,), (3.0,))

7.    ((1, -2, -3, 2, 1, -2, 4, 1, -2, -3, 2, 1, -2), (1.5, 0.5, 0.5, 0.5, 1.5, 0.5, 1.0, 1.5, 0.5, 0.5, 0.5, 1.5, 0.5), (1, 2, 3, 3, 1, 2, 3, 1, 2, 3, 3, 1, 2), (0.0, 0.5, 0.0, 0.5, 0.0, 0.5, 0.0, 0.0, 0.5, 0.0, 0.5, 0.0, 0.5)):
('K.247 Musescore', 'P1', 4, (0, 13), (12,), (1.0,), (15,), (2.5,))
('K.247 Musescore', 'P1', 4, (85, 98), (72,), (1.0,), (75,), (2.5,))

8.    ((2, 2, 2, 2, -2, -2, -2, -2, -2, -2, -2, -2), (0.25, 0.25, 0.25, 0.25, 0.25, 0.25, 0.25, 0.25, 0.25, 0.25, 0.25, 0.25), (3, 1, 1, 1, 1, 2, 2, 2, 2, 3, 3, 3), (0.75, 0.0, 0.25, 0.5, 0.75, 0.0, 0.25, 0.5, 0.75, 0.0, 0.25, 0.5)):
('K.247 Musescore', 'P1', 1, (221, 233), (46,), (3.75,), (47,), (3.5,))
('K.247 Musescore', 'P1', 1, (472, 484), (96,), (3.75,), (97,), (3.5,))

9.    ((-2, 2, 2, 2, -3, -2, 2, 2, 2), (0.75, 0.12, 0.12, 1.5, 0.5, 0.75, 0.12, 0.12, 1.5), (1, 1, 1, 2, 3, 1, 1, 1, 2), (0.0, 0.75, 0.88, 0.0, 0.5, 0.0, 0.75, 0.88, 0.0)):
('K.247 Musescore', 'P1', 1, (143, 152), (32,), (1.0,), (33,), (2.0,))
('K.247 Musescore', 'P1', 1, (153, 162), (34,), (1.0,), (35,), (2.0,))

10.    ((-2, 2, 6, -2, -5, -2, 2, 6, -2), (0.75, 0.12, 0.12, 1.5, 0.5, 0.75, 0.12, 0.12, 1.5), (1, 1, 1, 2, 3, 1, 1, 1, 2), (0.0, 0.75, 0.88, 0.0, 0.5, 0.0, 0.75, 0.88, 0.0)):
('K.247 Musescore', 'P1', 1, (171, 180), (39,), (1.0,), (40,), (2.0,))
('K.247 Musescore', 'P1', 1, (414, 423), (87,), (1.0,), (88,), (2.0,))

11.    ((-2, 2, 6, 2, -7, -2, 2, 6, 2), (0.75, 0.12, 0.12, 1.5, 0.5, 0.75, 0.12, 0.12, 1.5), (1, 1, 1, 2, 3, 1, 1, 1, 2), (0.0, 0.75, 0.88, 0.0, 0.5, 0.0, 0.75, 0.88, 0.0)):
('K.247 Musescore', 'P1', 1, (424, 433), (89,), (1.0,), (90,), (2.0,))
('K.247 Musescore', 'P1', 1, (434, 443), (91,), (1.0,), (92,), (2.0,))

12.    ((-2, -2, -2, 3, 2, -4, 1), (1.0, 0.25, 0.25, 0.5, 0.5, 0.5, 1.5), (3, 1, 1, 2, 2, 3, 3), (0.5, 0.5, 0.75, 0.0, 0.5, 0.0, 0.5)):
('K.247 Musescore', 'P1', 1, (192, 199), (42,), (3.5,), (43,), (3.5,))
('K.247 Musescore', 'P1', 1, (443, 450), (92,), (3.5,), (93,), (3.5,))

13.    ((-2, 2, 2, 2, -2, -2), (1.5, 0.5, 0.5, 0.5, 1.5, 0.5), (1, 2, 3, 3, 1, 2), (0.0, 0.5, 0.0, 0.5, 0.0, 0.5)):
('K.247 Musescore', 'P1', 1, (3, 9), (2,), (1.0,), (3,), (2.5,))
('K.247 Musescore', 'P1', 3, (149, 155), (53,), (1.0,), (54,), (2.5,))
('K.247 Musescore', 'P1', 3, (161, 167), (56,), (1.0,), (57,), (2.5,))

14.    ((2, 2, 2, 2, 2, -4), (0.5, 0.5, 0.5, 0.5, 0.5, 0.5), (1, 2, 2, 3, 3, 1), (0.5, 0.0, 0.5, 0.0, 0.5, 0.0)):
('K.247 Musescore', 'P1', 1, (66, 72), (16,), (1.5,), (17,), (1.0,))
('K.247 Musescore', 'P1', 1, (130, 136), (29,), (1.5,), (30,), (1.0,))

15.    ((-7, -2, 2, 2, 7, -2), (0.5, 0.75, 0.12, 0.12, 0.5, 1.0), (3, 1, 1, 1, 2, 2), (0.5, 0.0, 0.75, 0.88, 0.0, 0.5)):
('K.247 Musescore', 'P1', 1, (180, 186), (40,), (3.5,), (41,), (2.5,))
('K.247 Musescore', 'P1', 1, (186, 192), (41,), (3.5,), (42,), (2.5,))

16.    ((-3, -2, -2, -2, -2), (0.5, 0.5, 0.5, 0.5, 0.5), (1, 1, 2, 2, 3), (0.0, 0.5, 0.0, 0.5, 0.0)):
('K.247 Musescore', 'P1', 2, (8, 13), (37,), (1.0,), (37,), (3.0,))
('K.247 Musescore', 'P1', 2, (14, 19), (44,), (1.0,), (44,), (3.0,))
('K.247 Musescore', 'P1', 2, (39, 44), (94,), (1.0,), (94,), (3.0,))

17.    ((-2, -2, -2, -2), (0.5, 0.5, 0.5, 0.5), (1, 2, 2, 3), (0.5, 0.0, 0.5, 0.0)):
('K.247 Musescore', 'P1', 1, (52, 56), (13,), (1.5,), (13,), (3.0,))
('K.247 Musescore', 'P1', 1, (60, 64), (15,), (1.5,), (15,), (3.0,))
('K.247 Musescore', 'P1', 1, (76, 80), (18,), (1.5,), (18,), (3.0,))
('K.247 Musescore', 'P1', 1, (348, 352), (73,), (1.5,), (73,), (3.0,))
('K.247 Musescore', 'P1', 1, (356, 360), (75,), (1.5,), (75,), (3.0,))
('K.247 Musescore', 'P1', 1, (364, 368), (77,), (1.5,), (77,), (3.0,))
('K.247 Musescore', 'P1', 1, (372, 376), (79,), (1.5,), (79,), (3.0,))
('K.247 Musescore', 'P1', 2, (9, 13), (37,), (1.5,), (37,), (3.0,))
('K.247 Musescore', 'P1', 2, (15, 19), (44,), (1.5,), (44,), (3.0,))
('K.247 Musescore', 'P1', 2, (40, 44), (94,), (1.5,), (94,), (3.0,))

18.    ((-2, 2, 2, -2), (1.5, 0.25, 0.25, 1.0), (3, 1, 1, 2), (0.0, 0.5, 0.75, 0.0)):
('K.247 Musescore', 'P1', 1, (261, 265), (53,), (3.0,), (54,), (2.0,))
('K.247 Musescore', 'P1', 1, (265, 269), (54,), (3.0,), (55,), (2.0,))

19.    ((-2, -2, -2, 4), (1.5, 0.5, 0.5, 0.5), (1, 2, 3, 3), (0.0, 0.5, 0.0, 0.5)):
('K.247 Musescore', 'P1', 3, (165, 169), (57,), (1.0,), (57,), (3.5,))
('K.247 Musescore', 'P1', 3, (169, 173), (58,), (1.0,), (58,), (3.5,))

20.    ((-2, -2, -2), (0.5, 0.5, 0.5), (1, 2, 2), (0.5, 0.0, 0.5)):
('K.247 Musescore', 'P1', 1, (52, 55), (13,), (1.5,), (13,), (2.5,))
('K.247 Musescore', 'P1', 1, (60, 63), (15,), (1.5,), (15,), (2.5,))
('K.247 Musescore', 'P1', 1, (76, 79), (18,), (1.5,), (18,), (2.5,))
('K.247 Musescore', 'P1', 1, (348, 351), (73,), (1.5,), (73,), (2.5,))
('K.247 Musescore', 'P1', 1, (356, 359), (75,), (1.5,), (75,), (2.5,))
('K.247 Musescore', 'P1', 1, (364, 367), (77,), (1.5,), (77,), (2.5,))
('K.247 Musescore', 'P1', 1, (372, 375), (79,), (1.5,), (79,), (2.5,))
('K.247 Musescore', 'P1', 2, (9, 12), (37,), (1.5,), (37,), (2.5,))
('K.247 Musescore', 'P1', 2, (15, 18), (44,), (1.5,), (44,), (2.5,))
('K.247 Musescore', 'P1', 2, (40, 43), (94,), (1.5,), (94,), (2.5,))
('K.247 Musescore', 'P1', 3, (82, 85), (29,), (1.5,), (29,), (2.5,))

21.    ((-2, -2, 2), (0.5, 0.5, 0.5), (2, 3, 3), (0.5, 0.0, 0.5)):
('K.247 Musescore', 'P1', 1, (54, 57), (13,), (2.5,), (13,), (3.5,))
('K.247 Musescore', 'P1', 1, (62, 65), (15,), (2.5,), (15,), (3.5,))
('K.247 Musescore', 'P1', 1, (78, 81), (18,), (2.5,), (18,), (3.5,))
('K.247 Musescore', 'P1', 1, (350, 353), (73,), (2.5,), (73,), (3.5,))
('K.247 Musescore', 'P1', 1, (358, 361), (75,), (2.5,), (75,), (3.5,))
('K.247 Musescore', 'P1', 1, (366, 369), (77,), (2.5,), (77,), (3.5,))
('K.247 Musescore', 'P1', 1, (374, 377), (79,), (2.5,), (79,), (3.5,))
('K.247 Musescore', 'P1', 3, (31, 34), (13,), (2.5,), (13,), (3.5,))
('K.247 Musescore', 'P1', 3, (211, 214), (73,), (2.5,), (73,), (3.5,))
('K.247 Musescore', 'P1', 3, (218, 221), (75,), (2.5,), (75,), (3.5,))
('K.247 Musescore', 'P1', 3, (223, 226), (77,), (2.5,), (77,), (3.5,))

22.    ((-2, -3, 2), (0.5, 0.5, 0.5), (2, 3, 3), (0.5, 0.0, 0.5)):
('K.247 Musescore', 'P1', 3, (154, 157), (54,), (2.5,), (54,), (3.5,))
('K.247 Musescore', 'P1', 4, (1, 4), (12,), (2.5,), (12,), (3.5,))
('K.247 Musescore', 'P1', 4, (8, 11), (14,), (2.5,), (14,), (3.5,))
('K.247 Musescore', 'P1', 4, (22, 25), (22,), (2.5,), (22,), (3.5,))
('K.247 Musescore', 'P1', 4, (30, 33), (24,), (2.5,), (24,), (3.5,))
('K.247 Musescore', 'P1', 4, (38, 41), (26,), (2.5,), (26,), (3.5,))
('K.247 Musescore', 'P1', 4, (62, 65), (61,), (2.5,), (61,), (3.5,))
('K.247 Musescore', 'P1', 4, (70, 73), (63,), (2.5,), (63,), (3.5,))
('K.247 Musescore', 'P1', 4, (78, 81), (65,), (2.5,), (65,), (3.5,))
('K.247 Musescore', 'P1', 4, (86, 89), (72,), (2.5,), (72,), (3.5,))
('K.247 Musescore', 'P1', 4, (93, 96), (74,), (2.5,), (74,), (3.5,))

23.    ((2, 2, 2), (0.5, 0.5, 0.5), (2, 3, 3), (0.5, 0.0, 0.5)):
('K.247 Musescore', 'P1', 1, (4, 7), (2,), (2.5,), (2,), (3.5,))
('K.247 Musescore', 'P1', 1, (68, 71), (16,), (2.5,), (16,), (3.5,))
('K.247 Musescore', 'P1', 1, (126, 129), (28,), (2.5,), (28,), (3.5,))
('K.247 Musescore', 'P1', 1, (132, 135), (29,), (2.5,), (29,), (3.5,))
('K.247 Musescore', 'P1', 2, (26, 29), (57,), (2.5,), (57,), (3.5,))
('K.247 Musescore', 'P1', 2, (33, 36), (58,), (2.5,), (58,), (3.5,))
('K.247 Musescore', 'P1', 3, (150, 153), (53,), (2.5,), (53,), (3.5,))
('K.247 Musescore', 'P1', 3, (162, 165), (56,), (2.5,), (56,), (3.5,))

24.    ((-2, -2, -2), (1.5, 0.5, 1.0), (1, 2, 3), (0.0, 0.5, 0.0)):
('K.247 Musescore', 'P1', 3, (4, 7), (3,), (1.0,), (3,), (3.0,))
('K.247 Musescore', 'P1', 3, (7, 10), (4,), (1.0,), (4,), (3.0,))
('K.247 Musescore', 'P1', 3, (22, 25), (9,), (1.0,), (9,), (3.0,))

25.    ((-2, 2, 2), (0.75, 0.12, 0.12), (3, 3, 3), (0.0, 0.75, 0.88)):
('K.247 Musescore', 'P1', 1, (40, 43), (9,), (3.0,), (9,), (3.88,))
('K.247 Musescore', 'P1', 1, (139, 142), (30,), (3.0,), (30,), (3.88,))

26.    ((5, -2, -2), (0.5, 1.5, 1.0), (1, 2, 3), (0.5, 0.0, 0.5)):
('K.247 Musescore', 'P1', 1, (247, 250), (50,), (1.5,), (50,), (3.5,))
('K.247 Musescore', 'P1', 1, (255, 258), (52,), (1.5,), (52,), (3.5,))

27.    ((-2, -2, -2), (1.0, 1.0, 1.0), (3, 1, 2), (0.0, 0.0, 0.0)):
('K.247 Musescore', 'P1', 3, (12, 15), (5,), (3.0,), (6,), (2.0,))
('K.247 Musescore', 'P1', 3, (18, 21), (7,), (3.0,), (8,), (2.0,))

28.    (((3, -2), (3, -2), (3, -2)), ((0.0, 0.5), (0.0, 0.5), (0.0, 0.5)), (2, 3, 3), (0.5, 0.0, 0.5)):
('K.247 Musescore', 'P1', 3, (56, 59), (20,), (2.5,), (20,), (3.5,))
('K.247 Musescore', 'P1', 3, (197, 200), (67,), (2.5,), (67,), (3.5,))

29.    ((2, 2, -3), (1.5, 0.5, 0.5), (1, 2, 3), (0.0, 0.5, 0.0)):
('K.247 Musescore', 'P1', 4, (14, 17), (17,), (1.0,), (17,), (3.0,))
('K.247 Musescore', 'P1', 4, (99, 102), (76,), (1.0,), (76,), (3.0,))

30.    ((1, -2), (1.5, 0.5), (1, 2), (0.0, 0.5)):
('K.247 Musescore', 'P1', 3, (27, 29), (12,), (1.0,), (12,), (2.5,))
('K.247 Musescore', 'P1', 3, (62, 64), (22,), (1.0,), (22,), (2.5,))
('K.247 Musescore', 'P1', 3, (65, 67), (23,), (1.0,), (23,), (2.5,))
('K.247 Musescore', 'P1', 3, (68, 70), (24,), (1.0,), (24,), (2.5,))
('K.247 Musescore', 'P1', 3, (71, 73), (25,), (1.0,), (25,), (2.5,))
('K.247 Musescore', 'P1', 3, (74, 76), (26,), (1.0,), (26,), (2.5,))
('K.247 Musescore', 'P1', 3, (77, 79), (27,), (1.0,), (27,), (2.5,))
('K.247 Musescore', 'P1', 3, (175, 177), (60,), (1.0,), (60,), (2.5,))
('K.247 Musescore', 'P1', 3, (178, 180), (61,), (1.0,), (61,), (2.5,))
('K.247 Musescore', 'P1', 3, (181, 183), (62,), (1.0,), (62,), (2.5,))
('K.247 Musescore', 'P1', 3, (184, 186), (63,), (1.0,), (63,), (2.5,))
('K.247 Musescore', 'P1', 3, (187, 189), (64,), (1.0,), (64,), (2.5,))
('K.247 Musescore', 'P1', 3, (190, 192), (65,), (1.0,), (65,), (2.5,))
('K.247 Musescore', 'P1', 3, (193, 195), (66,), (1.0,), (66,), (2.5,))
('K.247 Musescore', 'P1', 3, (207, 209), (72,), (1.0,), (72,), (2.5,))
('K.247 Musescore', 'P1', 4, (4, 6), (13,), (1.0,), (13,), (2.5,))
('K.247 Musescore', 'P1', 4, (11, 13), (15,), (1.0,), (15,), (2.5,))
('K.247 Musescore', 'P1', 4, (25, 27), (23,), (1.0,), (23,), (2.5,))
('K.247 Musescore', 'P1', 4, (33, 35), (25,), (1.0,), (25,), (2.5,))
('K.247 Musescore', 'P1', 4, (41, 43), (27,), (1.0,), (27,), (2.5,))
('K.247 Musescore', 'P1', 4, (45, 47), (28,), (1.0,), (28,), (2.5,))
('K.247 Musescore', 'P1', 4, (57, 59), (60,), (1.0,), (60,), (2.5,))
('K.247 Musescore', 'P1', 4, (65, 67), (62,), (1.0,), (62,), (2.5,))
('K.247 Musescore', 'P1', 4, (73, 75), (64,), (1.0,), (64,), (2.5,))
('K.247 Musescore', 'P1', 4, (81, 83), (66,), (1.0,), (66,), (2.5,))
('K.247 Musescore', 'P1', 4, (89, 91), (73,), (1.0,), (73,), (2.5,))
('K.247 Musescore', 'P1', 4, (96, 98), (75,), (1.0,), (75,), (2.5,))
('K.247 Musescore', 'P1', 4, (105, 107), (78,), (1.0,), (78,), (2.5,))

31.    ((-2, -2), (0.5, 0.5), (2, 3), (0.5, 0.0)):
('K.247 Musescore', 'P1', 1, (54, 56), (13,), (2.5,), (13,), (3.0,))
('K.247 Musescore', 'P1', 1, (62, 64), (15,), (2.5,), (15,), (3.0,))
('K.247 Musescore', 'P1', 1, (78, 80), (18,), (2.5,), (18,), (3.0,))
('K.247 Musescore', 'P1', 1, (350, 352), (73,), (2.5,), (73,), (3.0,))
('K.247 Musescore', 'P1', 1, (358, 360), (75,), (2.5,), (75,), (3.0,))
('K.247 Musescore', 'P1', 1, (366, 368), (77,), (2.5,), (77,), (3.0,))
('K.247 Musescore', 'P1', 1, (374, 376), (79,), (2.5,), (79,), (3.0,))
('K.247 Musescore', 'P1', 2, (11, 13), (37,), (2.5,), (37,), (3.0,))
('K.247 Musescore', 'P1', 2, (17, 19), (44,), (2.5,), (44,), (3.0,))
('K.247 Musescore', 'P1', 2, (42, 44), (94,), (2.5,), (94,), (3.0,))
('K.247 Musescore', 'P1', 3, (31, 33), (13,), (2.5,), (13,), (3.0,))
('K.247 Musescore', 'P1', 3, (38, 40), (15,), (2.5,), (15,), (3.0,))
('K.247 Musescore', 'P1', 3, (166, 168), (57,), (2.5,), (57,), (3.0,))
('K.247 Musescore', 'P1', 3, (170, 172), (58,), (2.5,), (58,), (3.0,))
('K.247 Musescore', 'P1', 3, (211, 213), (73,), (2.5,), (73,), (3.0,))
('K.247 Musescore', 'P1', 3, (218, 220), (75,), (2.5,), (75,), (3.0,))
('K.247 Musescore', 'P1', 3, (223, 225), (77,), (2.5,), (77,), (3.0,))
('K.247 Musescore', 'P1', 3, (230, 232), (79,), (2.5,), (79,), (3.0,))
('K.247 Musescore', 'P1', 4, (46, 48), (28,), (2.5,), (28,), (3.0,))

32.    ((2, 2), (1.0, 1.0), (2, 3), (0.0, 0.0)):
('K.247 Musescore', 'P1', 1, (319, 321), (68,), (2.0,), (68,), (3.0,))
('K.247 Musescore', 'P1', 3, (128, 130), (45,), (2.0,), (45,), (3.0,))
('K.247 Musescore', 'P1', 3, (134, 136), (47,), (2.0,), (47,), (3.0,))
('K.247 Musescore', 'P1', 3, (272, 274), (95,), (2.0,), (95,), (3.0,))
('K.247 Musescore', 'P1', 3, (278, 280), (97,), (2.0,), (97,), (3.0,))

33.    ((-2, 2), (0.25, 0.25), (1, 1), (0.5, 0.75)):
('K.247 Musescore', 'P1', 1, (258, 260), (53,), (1.5,), (53,), (1.75,))
('K.247 Musescore', 'P1', 1, (270, 272), (56,), (1.5,), (56,), (1.75,))
('K.247 Musescore', 'P1', 2, (23, 25), (57,), (1.5,), (57,), (1.75,))
('K.247 Musescore', 'P1', 2, (30, 32), (58,), (1.5,), (58,), (1.75,))

34.    ((2, -2), (0.5, 0.5), (3, 1), (0.5, 0.0)):
('K.247 Musescore', 'P1', 1, (405, 407), (84,), (3.5,), (85,), (1.0,))
('K.247 Musescore', 'P1', 2, (21, 23), (56,), (3.5,), (57,), (1.0,))
('K.247 Musescore', 'P1', 2, (28, 30), (57,), (3.5,), (58,), (1.0,))
('K.247 Musescore', 'P1', 2, (35, 37), (58,), (3.5,), (59,), (1.0,))

35.    ((2, 2), (0.25, 0.25), (1, 1), (0.5, 0.75)):
('K.247 Musescore', 'P1', 1, (200, 202), (45,), (1.5,), (45,), (1.75,))
('K.247 Musescore', 'P1', 1, (250, 252), (51,), (1.5,), (51,), (1.75,))
('K.247 Musescore', 'P1', 1, (451, 453), (95,), (1.5,), (95,), (1.75,))

36.    ((-3, 2), (0.5, 0.5), (2, 2), (0.0, 0.5)):
('K.247 Musescore', 'P1', 1, (402, 404), (84,), (2.0,), (84,), (2.5,))
('K.247 Musescore', 'P1', 2, (25, 27), (57,), (2.0,), (57,), (2.5,))
('K.247 Musescore', 'P1', 2, (32, 34), (58,), (2.0,), (58,), (2.5,))

37.    ((2, 2), (1.5, 0.5), (1, 2), (0.0, 0.5)):
('K.247 Musescore', 'P1', 3, (45, 47), (17,), (1.0,), (17,), (2.5,))
('K.247 Musescore', 'P1', 4, (14, 16), (17,), (1.0,), (17,), (2.5,))
('K.247 Musescore', 'P1', 4, (99, 101), (76,), (1.0,), (76,), (2.5,))

38.    ((2, -5), (0.5, 0.5), (3, 1), (0.5, 0.0)):
('K.247 Musescore', 'P1', 1, (17, 19), (5,), (3.5,), (6,), (1.0,))
('K.247 Musescore', 'P1', 1, (162, 164), (35,), (3.5,), (36,), (1.0,))

39.    ((2, 5), (0.5, 0.5), (2, 3), (0.5, 0.0)):
('K.247 Musescore', 'P1', 1, (166, 168), (36,), (2.5,), (36,), (3.0,))
('K.247 Musescore', 'P1', 1, (403, 405), (84,), (2.5,), (84,), (3.0,))

40.    ((-3, -4), (0.5, 0.5), (1, 1), (0.0, 0.5)):
('K.247 Musescore', 'P1', 1, (36, 38), (9,), (1.0,), (9,), (1.5,))
('K.247 Musescore', 'P1', 2, (0, 2), (3,), (1.0,), (3,), (1.5,))

41.    ((2, 2), (0.5, 1.5), (1, 2), (0.5, 0.0)):
('K.247 Musescore', 'P1', 1, (82, 84), (19,), (1.5,), (19,), (2.0,))
('K.247 Musescore', 'P1', 2, (5, 7), (4,), (1.5,), (4,), (2.0,))

42.    ((-2, -2), (1.5, 0.5), (2, 3), (0.0, 0.5)):
('K.247 Musescore', 'P1', 1, (422, 424), (88,), (2.0,), (88,), (3.5,))
('K.247 Musescore', 'P1', 2, (2, 4), (3,), (2.0,), (3,), (3.5,))

43.    ((-2, 2), (1.0, 1.0), (2, 3), (0.0, 0.0)):
('K.247 Musescore', 'P1', 1, (411, 413), (85,), (2.0,), (85,), (3.0,))
('K.247 Musescore', 'P1', 3, (20, 22), (8,), (2.0,), (8,), (3.0,))

44.    (((3, -2), (3, -2)), ((0.0, 0.5), (0.0, 0.5)), (1, 1), (0.0, 0.5)):
('K.247 Musescore', 'P1', 3, (50, 52), (19,), (1.0,), (19,), (1.5,))
('K.247 Musescore', 'P1', 3, (200, 202), (68,), (1.0,), (68,), (1.5,))

45.    (((5, 1), (5, -2)), ((0.0, 1.5), (0.0, 0.5)), (1, 2), (0.0, 0.5)):
('K.247 Musescore', 'P1', 3, (140, 142), (50,), (1.0,), (50,), (2.5,))
('K.247 Musescore', 'P1', 3, (146, 148), (52,), (1.0,), (52,), (2.5,))

46.    ((-2, 1), (1.0, 3.0), (3, 1), (0.0, 0.0)):
('K.247 Musescore', 'P1', 3, (24, 26), (9,), (3.0,), (10,), (1.0,))
('K.247 Musescore', 'P1', 4, (50, 52), (53,), (3.0,), (54,), (1.0,))

47.    ((-2, -3), (0.5, 0.5), (2, 3), (0.5, 0.0)):
('K.247 Musescore', 'P1', 3, (158, 160), (55,), (2.5,), (55,), (3.0,))
('K.247 Musescore', 'P1', 4, (18, 20), (21,), (2.5,), (21,), (3.0,))

48.    ((4, -4), (0.5, 2.0), (3, 1), (0.5, 0.0)):
('K.247 Musescore', 'P1', 4, (102, 104), (76,), (3.5,), (77,), (1.0,))
('K.247 Musescore', 'P1', 4, (108, 110), (78,), (3.5,), (79,), (1.0,))

49.    ((2,), (0.5,), (3,), (0.5,)):
('K.247 Musescore', 'P1', 1, (6, 7), (2,), (3.5,), (2,), (3.5,))
('K.247 Musescore', 'P1', 1, (17, 18), (5,), (3.5,), (5,), (3.5,))
('K.247 Musescore', 'P1', 1, (23, 24), (6,), (3.5,), (6,), (3.5,))
('K.247 Musescore', 'P1', 1, (35, 36), (8,), (3.5,), (8,), (3.5,))
('K.247 Musescore', 'P1', 1, (56, 57), (13,), (3.5,), (13,), (3.5,))
('K.247 Musescore', 'P1', 1, (64, 65), (15,), (3.5,), (15,), (3.5,))
('K.247 Musescore', 'P1', 1, (70, 71), (16,), (3.5,), (16,), (3.5,))
('K.247 Musescore', 'P1', 1, (80, 81), (18,), (3.5,), (18,), (3.5,))
('K.247 Musescore', 'P1', 1, (84, 85), (19,), (3.5,), (19,), (3.5,))
('K.247 Musescore', 'P1', 1, (128, 129), (28,), (3.5,), (28,), (3.5,))
('K.247 Musescore', 'P1', 1, (134, 135), (29,), (3.5,), (29,), (3.5,))
('K.247 Musescore', 'P1', 1, (162, 163), (35,), (3.5,), (35,), (3.5,))
('K.247 Musescore', 'P1', 1, (352, 353), (73,), (3.5,), (73,), (3.5,))
('K.247 Musescore', 'P1', 1, (360, 361), (75,), (3.5,), (75,), (3.5,))
('K.247 Musescore', 'P1', 1, (368, 369), (77,), (3.5,), (77,), (3.5,))
('K.247 Musescore', 'P1', 1, (376, 377), (79,), (3.5,), (79,), (3.5,))
('K.247 Musescore', 'P1', 1, (405, 406), (84,), (3.5,), (84,), (3.5,))
('K.247 Musescore', 'P1', 1, (492, 493), (98,), (3.5,), (98,), (3.5,))
('K.247 Musescore', 'P1', 2, (21, 22), (56,), (3.5,), (56,), (3.5,))
('K.247 Musescore', 'P1', 2, (28, 29), (57,), (3.5,), (57,), (3.5,))
('K.247 Musescore', 'P1', 2, (35, 36), (58,), (3.5,), (58,), (3.5,))
('K.247 Musescore', 'P1', 3, (33, 34), (13,), (3.5,), (13,), (3.5,))
('K.247 Musescore', 'P1', 3, (44, 45), (16,), (3.5,), (16,), (3.5,))
('K.247 Musescore', 'P1', 3, (152, 153), (53,), (3.5,), (53,), (3.5,))
('K.247 Musescore', 'P1', 3, (156, 157), (54,), (3.5,), (54,), (3.5,))
('K.247 Musescore', 'P1', 3, (164, 165), (56,), (3.5,), (56,), (3.5,))
('K.247 Musescore', 'P1', 3, (213, 214), (73,), (3.5,), (73,), (3.5,))
('K.247 Musescore', 'P1', 3, (220, 221), (75,), (3.5,), (75,), (3.5,))
('K.247 Musescore', 'P1', 3, (225, 226), (77,), (3.5,), (77,), (3.5,))
('K.247 Musescore', 'P1', 4, (3, 4), (12,), (3.5,), (12,), (3.5,))
('K.247 Musescore', 'P1', 4, (10, 11), (14,), (3.5,), (14,), (3.5,))
('K.247 Musescore', 'P1', 4, (24, 25), (22,), (3.5,), (22,), (3.5,))
('K.247 Musescore', 'P1', 4, (32, 33), (24,), (3.5,), (24,), (3.5,))
('K.247 Musescore', 'P1', 4, (40, 41), (26,), (3.5,), (26,), (3.5,))
('K.247 Musescore', 'P1', 4, (64, 65), (61,), (3.5,), (61,), (3.5,))
('K.247 Musescore', 'P1', 4, (72, 73), (63,), (3.5,), (63,), (3.5,))
('K.247 Musescore', 'P1', 4, (80, 81), (65,), (3.5,), (65,), (3.5,))
('K.247 Musescore', 'P1', 4, (88, 89), (72,), (3.5,), (72,), (3.5,))
('K.247 Musescore', 'P1', 4, (95, 96), (74,), (3.5,), (74,), (3.5,))

50.    ((-3,), (0.5,), (3,), (0.0,)):
('K.247 Musescore', 'P1', 1, (47, 48), (10,), (3.0,), (10,), (3.0,))
('K.247 Musescore', 'P1', 3, (43, 44), (16,), (3.0,), (16,), (3.0,))
('K.247 Musescore', 'P1', 3, (155, 156), (54,), (3.0,), (54,), (3.0,))
('K.247 Musescore', 'P1', 3, (159, 160), (55,), (3.0,), (55,), (3.0,))
('K.247 Musescore', 'P1', 4, (2, 3), (12,), (3.0,), (12,), (3.0,))
('K.247 Musescore', 'P1', 4, (9, 10), (14,), (3.0,), (14,), (3.0,))
('K.247 Musescore', 'P1', 4, (16, 17), (17,), (3.0,), (17,), (3.0,))
('K.247 Musescore', 'P1', 4, (19, 20), (21,), (3.0,), (21,), (3.0,))
('K.247 Musescore', 'P1', 4, (23, 24), (22,), (3.0,), (22,), (3.0,))
('K.247 Musescore', 'P1', 4, (27, 28), (23,), (3.0,), (23,), (3.0,))
('K.247 Musescore', 'P1', 4, (31, 32), (24,), (3.0,), (24,), (3.0,))
('K.247 Musescore', 'P1', 4, (35, 36), (25,), (3.0,), (25,), (3.0,))
('K.247 Musescore', 'P1', 4, (39, 40), (26,), (3.0,), (26,), (3.0,))
('K.247 Musescore', 'P1', 4, (43, 44), (27,), (3.0,), (27,), (3.0,))
('K.247 Musescore', 'P1', 4, (59, 60), (60,), (3.0,), (60,), (3.0,))
('K.247 Musescore', 'P1', 4, (63, 64), (61,), (3.0,), (61,), (3.0,))
('K.247 Musescore', 'P1', 4, (67, 68), (62,), (3.0,), (62,), (3.0,))
('K.247 Musescore', 'P1', 4, (71, 72), (63,), (3.0,), (63,), (3.0,))
('K.247 Musescore', 'P1', 4, (75, 76), (64,), (3.0,), (64,), (3.0,))
('K.247 Musescore', 'P1', 4, (79, 80), (65,), (3.0,), (65,), (3.0,))
('K.247 Musescore', 'P1', 4, (83, 84), (66,), (3.0,), (66,), (3.0,))
('K.247 Musescore', 'P1', 4, (87, 88), (72,), (3.0,), (72,), (3.0,))
('K.247 Musescore', 'P1', 4, (94, 95), (74,), (3.0,), (74,), (3.0,))
('K.247 Musescore', 'P1', 4, (101, 102), (76,), (3.0,), (76,), (3.0,))
('K.247 Musescore', 'P1', 4, (107, 108), (78,), (3.0,), (78,), (3.0,))

51.    ((2,), (0.5,), (2,), (0.5,)):
('K.247 Musescore', 'P1', 1, (4, 5), (2,), (2.5,), (2,), (2.5,))
('K.247 Musescore', 'P1', 1, (10, 11), (4,), (2.5,), (4,), (2.5,))
('K.247 Musescore', 'P1', 1, (15, 16), (5,), (2.5,), (5,), (2.5,))
('K.247 Musescore', 'P1', 1, (21, 22), (6,), (2.5,), (6,), (2.5,))
('K.247 Musescore', 'P1', 1, (68, 69), (16,), (2.5,), (16,), (2.5,))
('K.247 Musescore', 'P1', 1, (126, 127), (28,), (2.5,), (28,), (2.5,))
('K.247 Musescore', 'P1', 1, (132, 133), (29,), (2.5,), (29,), (2.5,))
('K.247 Musescore', 'P1', 1, (138, 139), (30,), (2.5,), (30,), (2.5,))
('K.247 Musescore', 'P1', 1, (166, 167), (36,), (2.5,), (36,), (2.5,))
('K.247 Musescore', 'P1', 1, (196, 197), (43,), (2.5,), (43,), (2.5,))
('K.247 Musescore', 'P1', 1, (396, 397), (83,), (2.5,), (83,), (2.5,))
('K.247 Musescore', 'P1', 1, (403, 404), (84,), (2.5,), (84,), (2.5,))
('K.247 Musescore', 'P1', 1, (447, 448), (93,), (2.5,), (93,), (2.5,))
('K.247 Musescore', 'P1', 2, (26, 27), (57,), (2.5,), (57,), (2.5,))
('K.247 Musescore', 'P1', 2, (33, 34), (58,), (2.5,), (58,), (2.5,))
('K.247 Musescore', 'P1', 3, (42, 43), (16,), (2.5,), (16,), (2.5,))
('K.247 Musescore', 'P1', 3, (46, 47), (17,), (2.5,), (17,), (2.5,))
('K.247 Musescore', 'P1', 3, (150, 151), (53,), (2.5,), (53,), (2.5,))
('K.247 Musescore', 'P1', 3, (162, 163), (56,), (2.5,), (56,), (2.5,))
('K.247 Musescore', 'P1', 4, (15, 16), (17,), (2.5,), (17,), (2.5,))
('K.247 Musescore', 'P1', 4, (100, 101), (76,), (2.5,), (76,), (2.5,))

52.    ((2,), (1.0,), (1,), (0.0,)):
('K.247 Musescore', 'P1', 3, (86, 87), (30,), (1.0,), (30,), (1.0,))
('K.247 Musescore', 'P1', 3, (105, 106), (37,), (1.0,), (37,), (1.0,))
('K.247 Musescore', 'P1', 3, (124, 125), (44,), (1.0,), (44,), (1.0,))
('K.247 Musescore', 'P1', 3, (127, 128), (45,), (1.0,), (45,), (1.0,))
('K.247 Musescore', 'P1', 3, (130, 131), (46,), (1.0,), (46,), (1.0,))
('K.247 Musescore', 'P1', 3, (133, 134), (47,), (1.0,), (47,), (1.0,))
('K.247 Musescore', 'P1', 3, (136, 137), (48,), (1.0,), (48,), (1.0,))
('K.247 Musescore', 'P1', 3, (268, 269), (94,), (1.0,), (94,), (1.0,))
('K.247 Musescore', 'P1', 3, (271, 272), (95,), (1.0,), (95,), (1.0,))
('K.247 Musescore', 'P1', 3, (274, 275), (96,), (1.0,), (96,), (1.0,))
('K.247 Musescore', 'P1', 3, (277, 278), (97,), (1.0,), (97,), (1.0,))
('K.247 Musescore', 'P1', 4, (115, 116), (98,), (1.0,), (98,), (1.0,))

53.    ((4,), (0.5,), (3,), (0.5,)):
('K.247 Musescore', 'P1', 3, (168, 169), (57,), (3.5,), (57,), (3.5,))
('K.247 Musescore', 'P1', 3, (172, 173), (58,), (3.5,), (58,), (3.5,))
('K.247 Musescore', 'P1', 4, (20, 21), (21,), (3.5,), (21,), (3.5,))
('K.247 Musescore', 'P1', 4, (28, 29), (23,), (3.5,), (23,), (3.5,))
('K.247 Musescore', 'P1', 4, (36, 37), (25,), (3.5,), (25,), (3.5,))
('K.247 Musescore', 'P1', 4, (44, 45), (27,), (3.5,), (27,), (3.5,))
('K.247 Musescore', 'P1', 4, (60, 61), (60,), (3.5,), (60,), (3.5,))
('K.247 Musescore', 'P1', 4, (68, 69), (62,), (3.5,), (62,), (3.5,))
('K.247 Musescore', 'P1', 4, (76, 77), (64,), (3.5,), (64,), (3.5,))
('K.247 Musescore', 'P1', 4, (102, 103), (76,), (3.5,), (76,), (3.5,))
('K.247 Musescore', 'P1', 4, (108, 109), (78,), (3.5,), (78,), (3.5,))

54.    ((4,), (1.0,), (3,), (0.0,)):
('K.247 Musescore', 'P1', 3, (15, 16), (6,), (3.0,), (6,), (3.0,))
('K.247 Musescore', 'P1', 3, (107, 108), (37,), (3.0,), (37,), (3.0,))
('K.247 Musescore', 'P1', 3, (126, 127), (44,), (3.0,), (44,), (3.0,))
('K.247 Musescore', 'P1', 3, (138, 139), (48,), (3.0,), (48,), (3.0,))
('K.247 Musescore', 'P1', 3, (270, 271), (94,), (3.0,), (94,), (3.0,))
('K.247 Musescore', 'P1', 3, (276, 277), (96,), (3.0,), (96,), (3.0,))
('K.247 Musescore', 'P1', 4, (6, 7), (13,), (3.0,), (13,), (3.0,))
('K.247 Musescore', 'P1', 4, (91, 92), (73,), (3.0,), (73,), (3.0,))
('K.247 Musescore', 'P1', 4, (98, 99), (75,), (3.0,), (75,), (3.0,))
('K.247 Musescore', 'P1', 4, (104, 105), (77,), (3.0,), (77,), (3.0,))

55.    ((-2,), (0.25,), (1,), (0.5,)):
('K.247 Musescore', 'P1', 1, (193, 194), (43,), (1.5,), (43,), (1.5,))
('K.247 Musescore', 'P1', 1, (212, 213), (46,), (1.5,), (46,), (1.5,))
('K.247 Musescore', 'P1', 1, (236, 237), (48,), (1.5,), (48,), (1.5,))
('K.247 Musescore', 'P1', 1, (444, 445), (93,), (1.5,), (93,), (1.5,))
('K.247 Musescore', 'P1', 1, (463, 464), (96,), (1.5,), (96,), (1.5,))
('K.247 Musescore', 'P1', 2, (37, 38), (59,), (1.5,), (59,), (1.5,))

56.    ((2,), (1.0,), (2,), (0.0,)):
('K.247 Musescore', 'P1', 1, (319, 320), (68,), (2.0,), (68,), (2.0,))
('K.247 Musescore', 'P1', 3, (128, 129), (45,), (2.0,), (45,), (2.0,))
('K.247 Musescore', 'P1', 3, (134, 135), (47,), (2.0,), (47,), (2.0,))
('K.247 Musescore', 'P1', 3, (272, 273), (95,), (2.0,), (95,), (2.0,))
('K.247 Musescore', 'P1', 3, (278, 279), (97,), (2.0,), (97,), (2.0,))
('K.247 Musescore', 'P1', 4, (112, 113), (84,), (2.0,), (84,), (2.0,))

57.    ((-2,), (0.5,), (1,), (0.0,)):
('K.247 Musescore', 'P1', 1, (406, 407), (85,), (1.0,), (85,), (1.0,))
('K.247 Musescore', 'P1', 2, (22, 23), (57,), (1.0,), (57,), (1.0,))
('K.247 Musescore', 'P1', 2, (29, 30), (58,), (1.0,), (58,), (1.0,))
('K.247 Musescore', 'P1', 2, (36, 37), (59,), (1.0,), (59,), (1.0,))
('K.247 Musescore', 'P1', 3, (81, 82), (29,), (1.0,), (29,), (1.0,))

58.    ((-2,), (1.0,), (2,), (0.0,)):
('K.247 Musescore', 'P1', 1, (264, 265), (54,), (2.0,), (54,), (2.0,))
('K.247 Musescore', 'P1', 1, (268, 269), (55,), (2.0,), (55,), (2.0,))
('K.247 Musescore', 'P1', 3, (14, 15), (6,), (2.0,), (6,), (2.0,))
('K.247 Musescore', 'P1', 3, (234, 235), (80,), (2.0,), (80,), (2.0,))
('K.247 Musescore', 'P1', 3, (281, 282), (98,), (2.0,), (98,), (2.0,))

59.    ((1,), (3.0,), (1,), (0.0,)):
('K.247 Musescore', 'P1', 1, (275, 276), (58,), (1.0,), (58,), (1.0,))
('K.247 Musescore', 'P1', 3, (25, 26), (10,), (1.0,), (10,), (1.0,))
('K.247 Musescore', 'P1', 4, (51, 52), (54,), (1.0,), (54,), (1.0,))
('K.247 Musescore', 'P1', 4, (54, 55), (57,), (1.0,), (57,), (1.0,))
('K.247 Musescore', 'P1', 4, (55, 56), (58,), (1.0,), (58,), (1.0,))

60.    ((-2,), (0.5,), (3,), (0.5,)):
('K.247 Musescore', 'P1', 1, (423, 424), (88,), (3.5,), (88,), (3.5,))
('K.247 Musescore', 'P1', 2, (3, 4), (3,), (3.5,), (3,), (3.5,))
('K.247 Musescore', 'P1', 3, (40, 41), (15,), (3.5,), (15,), (3.5,))
('K.247 Musescore', 'P1', 3, (232, 233), (79,), (3.5,), (79,), (3.5,))

61.    ((-5,), (0.5,), (3,), (0.5,)):
('K.247 Musescore', 'P1', 1, (29, 30), (7,), (3.5,), (7,), (3.5,))
('K.247 Musescore', 'P1', 1, (152, 153), (33,), (3.5,), (33,), (3.5,))
('K.247 Musescore', 'P1', 1, (433, 434), (90,), (3.5,), (90,), (3.5,))

62.    ((-5,), (1.0,), (3,), (0.0,)):
('K.247 Musescore', 'P1', 1, (11, 12), (4,), (3.0,), (4,), (3.0,))
('K.247 Musescore', 'P1', 3, (132, 133), (46,), (3.0,), (46,), (3.0,))
('K.247 Musescore', 'P1', 3, (237, 238), (81,), (3.0,), (81,), (3.0,))

63.    (((3, -2),), ((0.0, 1.0),), (3,), (0.0,)):
('K.247 Musescore', 'P1', 3, (54, 55), (19,), (3.0,), (19,), (3.0,))
('K.247 Musescore', 'P1', 3, (145, 146), (51,), (3.0,), (51,), (3.0,))
('K.247 Musescore', 'P1', 3, (203, 204), (68,), (3.0,), (68,), (3.0,))

64.    ((6,), (0.5,), (1,), (0.0,)):
('K.247 Musescore', 'P1', 1, (12, 13), (5,), (1.0,), (5,), (1.0,))
('K.247 Musescore', 'P1', 1, (400, 401), (84,), (1.0,), (84,), (1.0,))

65.    ((4,), (0.5,), (3,), (0.0,)):
('K.247 Musescore', 'P1', 1, (28, 29), (7,), (3.0,), (7,), (3.0,))
('K.247 Musescore', 'P1', 1, (491, 492), (98,), (3.0,), (98,), (3.0,))

66.    ((4,), (2.5,), (2,), (0.0,)):
('K.247 Musescore', 'P1', 1, (199, 200), (44,), (2.0,), (44,), (2.0,))
('K.247 Musescore', 'P1', 1, (277, 278), (59,), (2.0,), (59,), (2.0,))

67.    ((2,), (0.25,), (3,), (0.5,)):
('K.247 Musescore', 'P1', 1, (398, 399), (83,), (3.5,), (83,), (3.5,))
('K.247 Musescore', 'P1', 1, (471, 472), (96,), (3.5,), (96,), (3.5,))

68.    ((4,), (3.0,), (1,), (0.0,)):
('K.247 Musescore', 'P1', 1, (170, 171), (38,), (1.0,), (38,), (1.0,))
('K.247 Musescore', 'P1', 3, (221, 222), (76,), (1.0,), (76,), (1.0,))

69.    ((10,), (3.0,), (1,), (0.0,)):
('K.247 Musescore', 'P1', 3, (26, 27), (11,), (1.0,), (11,), (1.0,))
('K.247 Musescore', 'P1', 3, (89, 90), (31,), (1.0,), (31,), (1.0,))

70.    (((8, 1),), ((0.0, 3.0),), (1,), (0.0,)):
('K.247 Musescore', 'P1', 3, (204, 205), (69,), (1.0,), (69,), (1.0,))
('K.247 Musescore', 'P1', 3, (205, 206), (70,), (1.0,), (70,), (1.0,))

71.    ((-2,), (2.0,), (1,), (0.0,)):
('K.247 Musescore', 'P1', 3, (236, 237), (81,), (1.0,), (81,), (1.0,))
('K.247 Musescore', 'P1', 3, (238, 239), (82,), (1.0,), (82,), (1.0,))

72.    ((8,), (3.0,), (1,), (0.0,)):
('K.247 Musescore', 'P1', 3, (139, 140), (49,), (1.0,), (49,), (1.0,))
('K.247 Musescore', 'P1', 4, (56, 57), (59,), (1.0,), (59,), (1.0,))

