1 .    ('nomes', 'K.122 KernScores') 

2 .    ('quantidade', 1) 

3 .    ('analise', 'recorręncias IntDiaDur sem contidos e intercalados') 

1 .    ((((3, -2), (3, 2), -2, (3, -2), (5, 4), -7, -2, 2, 2, -3, -2, -2, (3, -2), (5, 4), -7, -2, 2, 2, -3, 2), ((0.0, 1.0), (0.0, 1.0), 1.0, (0.0, 1.0), (0.0, 1.0), 3.0, 0.25, 0.25, 0.5, 1.0, 1.0, 1.0, (0.0, 1.0), (0.0, 1.0), 3.0, 0.25, 0.25, 0.5, 1.0, 1.0)), [('K.122 KernScores', 'P1', 1, (260, 280), (72, 2.75), (78, 3.75)), ('K.122 KernScores', 'P1', 1, (457, 477), (130, 2.75), (136, 3.75))]) 

2 .    (((2, 2, -2, -2, 7, -5, 2, -4, 2, 2, -2, -2, 6, -4, 2), (0.25, 0.25, 0.5, 1.0, 1.0, 1.0, 1.0, 1.0, 0.25, 0.25, 0.5, 1.0, 1.0, 1.0, 1.0)), [('K.122 KernScores', 'P1', 1, (52, 67), (14, 1.75), (17, 2.75)), ('K.122 KernScores', 'P1', 1, (68, 83), (18, 1.75), (21, 2.75))]) 

3 .    (((-3, 2, 3, -5, 4, 3, -5, 4, 3, -5, -3, 7, -2, -2, -2), (1.0, 1.0, 1.0, 1.0, 1.0, 1.0, 1.0, 1.0, 1.0, 1.0, 1.0, 1.0, 1.0, 0.25, 0.25)), [('K.122 KernScores', 'P1', 1, (224, 239), (61, 3.75), (66, 2.0)), ('K.122 KernScores', 'P1', 1, (244, 259), (67, 3.75), (72, 2.0))]) 

4 .    (((3, 3, 4, 3, 3, 4, -8, 4, -2, -2, -2, (3, -2), (3, 2)), (1.0, 1.0, 1.0, 1.0, 1.0, 2.0, 1.0, 1.0, 0.25, 0.25, 0.5, (0.0, 1.0), (0.0, 1.0))), [('K.122 KernScores', 'P1', 1, (485, 498), (139, 1.75), (142, 3.75)), ('K.122 KernScores', 'P1', 1, (499, 512), (144, 1.75), (147, 3.75))]) 

5 .    (((17, 3, -22, 4, 17, 3, -22, 11, 2, 2, 2, 2, -8), (1.0, 1.0, 1.0, 3.0, 1.0, 1.0, 1.0, 3.0, 1.0, 1.0, 1.0, 1.0, 1.0)), [('K.122 KernScores', 'P2', 1, (307, 320), (119, 1.0), (124, 2.0)), ('K.122 KernScores', 'P2', 1, (321, 334), (125, 1.0), (130, 2.0))]) 

6 .    (((2, 3, -5, 4, 3, -7, 6, 3, -2, -4, 2), (1.0, 1.0, 1.0, 1.0, 1.0, 1.0, 1.0, 1.0, 1.0, 1.0, 1.0)), [('K.122 KernScores', 'P1', 1, (160, 171), (42, 1.75), (45, 2.75)), ('K.122 KernScores', 'P1', 1, (172, 183), (46, 1.75), (49, 2.75))]) 

7 .    (((1, 2, -3, 1, 2, -3, 1, -2, 2, 2, -3), (1.0, 1.0, 1.0, 1.0, 1.0, 1.0, 1.0, 0.25, 0.25, 0.5, 1.0)), [('K.122 KernScores', 'P1', 1, (392, 403), (111, 3.75), (114, 2.75)), ('K.122 KernScores', 'P1', 1, (406, 417), (115, 3.75), (118, 2.75))]) 

8 .    (((3, 3, 4, 3, 3, -19, (8, 3), (8, 2), (8, 2), (8, 1), (8, -5)), (1.0, 1.0, 1.0, 1.0, 1.0, 1.0, (0.0, 2.0), (0.0, 1.0), (0.0, 1.0), (0.0, 1.0), (0.0, 1.0))), [('K.122 KernScores', 'P2', 1, (354, 365), (139, 1.0), (142, 3.0)), ('K.122 KernScores', 'P2', 1, (368, 379), (144, 1.0), (147, 3.0))]) 

9 .    (((-21, 22, -3, -21, 22, -3, -21, 22, -3, -21), (0.5, 0.5, 0.5, 0.5, 0.5, 0.5, 0.5, 0.5, 0.5, 0.5)), [('K.122 KernScores', 'P2', 1, (97, 107), (41, 1.0), (44, 1.5)), ('K.122 KernScores', 'P2', 1, (109, 119), (45, 3.0), (48, 3.5))]) 

10 .    (((-3, -14, 15, -3, -14, 15, -3, -14, 15, -3), (1.0, 1.0, 1.0, 1.0, 1.0, 1.0, 1.0, 1.0, 1.0, 1.0)), [('K.122 KernScores', 'P2', 1, (284, 294), (111, 2.0), (114, 2.0)), ('K.122 KernScores', 'P2', 1, (296, 306), (115, 2.0), (118, 2.0))]) 

11 .    (((2, 2, -2, -2, 3, 2, -2, -2, -2), (0.25, 0.25, 0.5, 1.0, 1.0, 1.0, 1.0, 2.0, 1.0)), [('K.122 KernScores', 'P1', 1, (16, 25), (5, 1.0), (7, 2.0)), ('K.122 KernScores', 'P1', 1, (29, 38), (9, 1.0), (11, 2.0))]) 

12 .    (((-5, 2, -5, 1, -2, 1, 2, -5, 2), (1.0, 1.0, 1.0, 2.0, 1.0, 2.0, 1.0, 1.0, 1.0)), [('K.122 KernScores', 'P2', 1, (191, 200), (75, 1.0), (78, 2.0)), ('K.122 KernScores', 'P2', 1, (338, 347), (133, 1.0), (136, 2.0))]) 

13 .    (((5, 4, -5, 3, 3, -8, 5, 4), (1.0, 1.0, 1.0, 1.0, 1.0, 1.0, 1.0, 1.0)), [('K.122 KernScores', 'P2', 1, (259, 267), (103, 1.0), (105, 2.0)), ('K.122 KernScores', 'P2', 1, (271, 279), (107, 1.0), (109, 2.0))]) 

14 .    (((2, 2, 1, -2, -2, 1, -2, -2), (0.25, 0.25, 0.5, 1.0, 1.0, 1.0, 1.0, 1.0)), [('K.122 KernScores', 'P1', 1, (117, 125), (31, 3.75), (33, 2.75)), ('K.122 KernScores', 'P1', 1, (134, 142), (35, 3.75), (37, 2.75))]) 

15 .    (((15, 3, -16, 15, 3, -23, 8, 4), (1.0, 1.0, 1.0, 1.0, 1.0, 1.0, 2.0, 1.0)), [('K.122 KernScores', 'P2', 1, (159, 167), (63, 1.0), (65, 3.0)), ('K.122 KernScores', 'P2', 1, (176, 184), (69, 1.0), (71, 3.0))]) 

16 .    (((-2, 2, -2, 2, 2, 4, 2), (1.0, 1.0, 0.25, 0.25, 0.5, 1.0, 1.0)), [('K.122 KernScores', 'P1', 1, (346, 353), (98, 1.75), (99, 2.75)), ('K.122 KernScores', 'P1', 1, (354, 361), (100, 1.75), (101, 2.75))]) 

17 .    (((-2, 2, 2, -2, 2, 2, -4), (0.25, 0.25, 0.5, 0.25, 0.25, 0.5, 1.0)), [('K.122 KernScores', 'P1', 1, (430, 437), (123, 1.75), (123, 3.75)), ('K.122 KernScores', 'P1', 1, (449, 456), (129, 1.75), (129, 3.75))]) 

18 .    (((4, -2, -2, -2, (3, -2), (3, 2)), (1.0, 0.25, 0.25, 0.5, (0.0, 1.0), (0.0, 1.0))), [('K.122 KernScores', 'P1', 1, (294, 300), (81, 3.75), (82, 3.75)), ('K.122 KernScores', 'P1', 1, (514, 520), (148, 3.75), (149, 3.75))]) 

19 .    ((((3, 2), (3, 2), (3, 2), (3, -2), (3, -2), (3, 4, 2)), ((0.0, 1.0), (0.0, 1.0), (0.0, 1.0), (0.0, 2.0), (0.0, 1.0), (0.0, 0.0, 2.0))), [('K.122 KernScores', 'P2', 1, (8, 14), (5, 1.0), (7, 1.0)), ('K.122 KernScores', 'P2', 1, (16, 22), (9, 1.0), (11, 1.0))]) 

20 .    ((((4, 3, 1), (4, 3, 1), (4, 3, 1), (4, 3, 1), (4, 3, 1), (4, 3, -2)), ((0.0, 0.0, 1.0), (0.0, 0.0, 1.0), (0.0, 0.0, 1.0), (0.0, 0.0, 1.0), (0.0, 0.0, 1.0), (0.0, 0.0, 1.0))), [('K.122 KernScores', 'P2', 1, (39, 45), (17, 2.0), (18, 1.0)), ('K.122 KernScores', 'P2', 1, (219, 225), (87, 1.0), (88, 3.0))]) 

21 .    (((11, 3, -14, 12, 4), (1.0, 1.0, 1.0, 1.0, 1.0)), [('K.122 KernScores', 'P1', 1, (367, 372), (103, 1.75), (104, 2.75)), ('K.122 KernScores', 'P1', 1, (373, 378), (105, 1.75), (106, 2.75)), ('K.122 KernScores', 'P1', 1, (379, 384), (107, 1.75), (108, 2.75))]) 

22 .    (((1, (2, -2), (3, -2), (3, -2), -2), (1.0, (0.0, 1.0), (0.0, 1.0), (0.0, 1.0), 1.0)), [('K.122 KernScores', 'P1', 1, (89, 94), (23, 1.75), (24, 2.75)), ('K.122 KernScores', 'P1', 1, (103, 108), (27, 1.75), (28, 2.75))]) 

23 .    (((-2, -2, -2, -2, -2), (0.25, 0.25, 0.5, 1.0, 1.0)), [('K.122 KernScores', 'P1', 1, (184, 189), (50, 1.75), (50, 3.75)), ('K.122 KernScores', 'P1', 1, (218, 223), (60, 1.75), (60, 3.75))]) 

24 .    (((3, 15, -18, 3, 17), (1.0, 1.0, 1.0, 1.0, 1.0)), [('K.122 KernScores', 'P1', 1, (201, 206), (55, 1.75), (56, 2.75)), ('K.122 KernScores', 'P1', 1, (207, 212), (57, 1.75), (58, 2.75))]) 

25 .    (((-3, -2, 3, -3, -2), (1.0, 1.0, 1.0, 1.0, 1.0)), [('K.122 KernScores', 'P1', 1, (327, 332), (91, 3.75), (93, 1.75)), ('K.122 KernScores', 'P1', 1, (333, 338), (93, 3.75), (95, 1.75))]) 

26 .    (((-2, -2, -6, -2, -2), (1.0, 1.0, 7.0, 1.0, 1.0)), [('K.122 KernScores', 'P1', 2, (0, 5), (74, 1.75), (77, 2.75)), ('K.122 KernScores', 'P1', 2, (7, 12), (132, 1.75), (135, 2.75))]) 

27 .    (((3, -3, 2, -3, -3), (0.5, 0.5, 0.5, 0.5, 0.5)), [('K.122 KernScores', 'P2', 1, (135, 140), (55, 1.0), (56, 3.0)), ('K.122 KernScores', 'P2', 1, (141, 146), (57, 4.0), (58, 2.0))]) 

28 .    ((((3, 4, 2), (3, 3, 1), (3, 3, 1), (2, 3, -2), (3, 1)), ((0.0, 0.0, 1.0), (0.0, 0.0, 1.0), (0.0, 0.0, 1.0), (0.0, 0.0, 1.0), (0.0, 1.0))), [('K.122 KernScores', 'P2', 1, (233, 238), (91, 3.0), (93, 1.0)), ('K.122 KernScores', 'P2', 1, (239, 244), (93, 3.0), (95, 1.0))]) 

29 .    (((2, 2, -2, -2), (0.25, 0.25, 0.5, 1.0)), [('K.122 KernScores', 'P1', 1, (0, 4), (1, 1.0), (1, 2.0)), ('K.122 KernScores', 'P1', 1, (8, 12), (3, 1.0), (3, 2.0)), ('K.122 KernScores', 'P1', 1, (84, 88), (22, 1.75), (22, 2.75)), ('K.122 KernScores', 'P1', 1, (301, 305), (84, 1.75), (84, 2.75)), ('K.122 KernScores', 'P1', 1, (314, 318), (88, 1.75), (88, 2.75))]) 

30 .    (((2, 2, -8, -5), (1.0, 1.0, 1.0, 1.0)), [('K.122 KernScores', 'P2', 1, (208, 212), (81, 3.0), (82, 3.0)), ('K.122 KernScores', 'P2', 1, (380, 384), (148, 3.0), (149, 3.0))]) 

31 .    (((-3, -12, 13, -3), (1.0, 1.0, 1.0, 1.0)), [('K.122 KernScores', 'P1', 1, (190, 194), (51, 2.75), (52, 2.75)), ('K.122 KernScores', 'P1', 1, (196, 200), (53, 2.75), (54, 2.75))]) 

32 .    (((-3, -3, -2, -3), (1.0, 1.0, 1.0, 1.0)), [('K.122 KernScores', 'P1', 1, (307, 311), (85, 2.75), (86, 2.75)), ('K.122 KernScores', 'P1', 1, (319, 323), (89, 1.75), (90, 1.75))]) 

33 .    (((8, 2, -3, -3), (1.0, 0.5, 0.5, 0.5)), [('K.122 KernScores', 'P2', 1, (125, 129), (51, 3.0), (52, 1.0)), ('K.122 KernScores', 'P2', 1, (130, 134), (53, 2.0), (54, 4.0))]) 

34 .    (((-2, -2, -2), (0.25, 0.25, 0.5)), [('K.122 KernScores', 'P1', 1, (213, 216), (59, 1.75), (59, 2.25)), ('K.122 KernScores', 'P1', 1, (285, 288), (80, 1.75), (80, 2.25))]) 

35 .    (((-2, -2, -2), (1.0, 1.0, 1.0)), [('K.122 KernScores', 'P1', 1, (110, 113), (29, 2.75), (30, 1.75)), ('K.122 KernScores', 'P2', 1, (250, 253), (97, 3.0), (98, 2.0))]) 

36 .    ((((3, 2), (3, 2), (3, 2)), ((0.0, 1.0), (0.0, 1.0), (0.0, 1.0))), [('K.122 KernScores', 'P1', 1, (421, 424), (120, 1.75), (120, 3.75)), ('K.122 KernScores', 'P2', 1, (0, 3), (1, 1.0), (1, 3.0)), ('K.122 KernScores', 'P2', 1, (4, 7), (3, 1.0), (3, 3.0))]) 

37 .    (((1, -2, 2), (1.0, 0.25, 0.25)), [('K.122 KernScores', 'P1', 1, (144, 147), (38, 2.75), (38, 1.0)), ('K.122 KernScores', 'P1', 1, (154, 157), (40, 2.75), (40, 1.0))]) 

38 .    ((((3, 2), (3, -2), (3, 2)), ((0.0, 0.75), (0.0, 0.25), (0.0, 0.75))), [('K.122 KernScores', 'P1', 1, (39, 42), (12, 1.0), (12, 2.0)), ('K.122 KernScores', 'P1', 1, (45, 48), (12, 4.0), (13, 1.0))]) 

39 .    (((8, -2, 2), (2.0, 2.0, 1.0)), [('K.122 KernScores', 'P2', 1, (54, 57), (22, 2.0), (23, 3.0)), ('K.122 KernScores', 'P2', 1, (62, 65), (26, 2.0), (27, 3.0))]) 

40 .    (((-8, 4, 8), (1.0, 1.0, 1.0)), [('K.122 KernScores', 'P2', 1, (87, 90), (38, 3.0), (39, 2.0)), ('K.122 KernScores', 'P2', 1, (204, 207), (80, 2.0), (81, 1.0))]) 

41 .    (((-2, -2), (1.0, 1.0)), [('K.122 KernScores', 'P1', 1, (5, 7), (2, 1.0), (2, 2.0)), ('K.122 KernScores', 'P1', 1, (148, 150), (39, 1.75), (39, 2.75))]) 

42 .    (((2, 2), (0.25, 0.25)), [('K.122 KernScores', 'P1', 1, (98, 100), (26, 1.75), (26, 2.0)), ('K.122 KernScores', 'P1', 1, (151, 153), (40, 1.75), (40, 2.0))]) 

43 .    (((2, 2), (1.0, 1.0)), [('K.122 KernScores', 'P1', 1, (13, 15), (4, 1.0), (4, 2.0)), ('K.122 KernScores', 'P1', 1, (443, 445), (126, 3.75), (127, 1.75))]) 

44 .    (((3, 3), (1.0, 1.0)), [('K.122 KernScores', 'P1', 1, (482, 484), (138, 1.75), (138, 2.75)), ('K.122 KernScores', 'P2', 1, (268, 270), (106, 1.0), (106, 2.0)), ('K.122 KernScores', 'P2', 1, (351, 353), (138, 1.0), (138, 2.0))]) 

45 .    (((-2, 2), (1.0, 1.0)), [('K.122 KernScores', 'P1', 1, (26, 28), (8, 1.0), (8, 2.0)), ('K.122 KernScores', 'P1', 1, (95, 97), (25, 1.75), (25, 2.75)), ('K.122 KernScores', 'P1', 1, (126, 128), (34, 1.75), (34, 2.75)), ('K.122 KernScores', 'P1', 1, (362, 364), (102, 1.75), (102, 2.75)), ('K.122 KernScores', 'P1', 1, (388, 390), (110, 1.75), (110, 2.75)), ('K.122 KernScores', 'P2', 1, (280, 282), (110, 1.0), (110, 2.0))]) 

46 .    (((1, 2), (1.0, 1.0)), [('K.122 KernScores', 'P1', 1, (114, 116), (30, 3.75), (31, 1.75)), ('K.122 KernScores', 'P1', 1, (324, 326), (90, 3.75), (91, 1.75))]) 

47 .    ((((3, -2), (3, 2)), ((0.0, 1.0), (0.0, 1.0))), [('K.122 KernScores', 'P1', 1, (240, 242), (66, 2.75), (66, 3.75)), ('K.122 KernScores', 'P1', 1, (438, 440), (124, 2.75), (124, 3.75))]) 

48 .    (((-2, 3), (1.0, 1.0)), [('K.122 KernScores', 'P1', 1, (343, 345), (97, 1.75), (97, 2.75)), ('K.122 KernScores', 'P2', 1, (246, 248), (96, 1.0), (96, 2.0))]) 

49 .    ((((3, 4, 1), (3, 4, 1)), ((0.0, 0.0, 1.0), (0.0, 0.0, 1.0))), [('K.122 KernScores', 'P2', 1, (33, 35), (15, 2.0), (15, 3.0)), ('K.122 KernScores', 'P2', 1, (36, 38), (16, 2.0), (16, 3.0)), ('K.122 KernScores', 'P2', 1, (51, 53), (21, 2.0), (21, 3.0))]) 

50 .    ((((5, 4, 1), (5, 4, 1)), ((0.0, 0.0, 2.0), (0.0, 0.0, 2.0))), [('K.122 KernScores', 'P2', 1, (23, 25), (12, 1.0), (12, 3.0)), ('K.122 KernScores', 'P2', 1, (26, 28), (12, 1.0), (13, 3.0))]) 

51 .    (((2, 2), (0.5, 0.5)), [('K.122 KernScores', 'P2', 1, (120, 122), (49, 4.5), (49, 1.0)), ('K.122 KernScores', 'P2', 1, (147, 149), (59, 3.0), (59, 3.5))]) 

52 .    ((((3, -2), (3, -2)), ((0.0, 2.0), (0.0, 1.0))), [('K.122 KernScores', 'P2', 1, (68, 70), (29, 2.0), (29, 1.0)), ('K.122 KernScores', 'P2', 1, (76, 78), (33, 2.0), (33, 1.0))]) 

53 .    (((-2,), (1.0,)), [('K.122 KernScores', 'P1', 1, (101, 102), (26, 2.75), (26, 2.75)), ('K.122 KernScores', 'P1', 1, (340, 341), (96, 1.75), (96, 1.75)), ('K.122 KernScores', 'P2', 1, (84, 85), (37, 3.0), (37, 3.0)), ('K.122 KernScores', 'P2', 1, (188, 189), (73, 3.0), (73, 3.0)), ('K.122 KernScores', 'P2', 1, (336, 337), (131, 3.0), (131, 3.0))]) 

54 .    (((2,), (1.0,)), [('K.122 KernScores', 'P1', 1, (132, 133), (35, 1.75), (35, 1.75)), ('K.122 KernScores', 'P1', 1, (312, 313), (87, 1.75), (87, 1.75)), ('K.122 KernScores', 'P1', 1, (404, 405), (115, 1.75), (115, 1.75)), ('K.122 KernScores', 'P1', 1, (425, 426), (121, 2.75), (121, 2.75)), ('K.122 KernScores', 'P2', 1, (202, 203), (79, 3.0), (79, 3.0)), ('K.122 KernScores', 'P2', 1, (349, 350), (137, 2.0), (137, 2.0))]) 

55 .    (((3,), (1.0,)), [('K.122 KernScores', 'P2', 1, (171, 172), (67, 2.0), (67, 2.0)), ('K.122 KernScores', 'P2', 1, (174, 175), (68, 2.0), (68, 2.0))]) 

56 .    (((-3,), (1.0,)), [('K.122 KernScores', 'P1', 1, (385, 386), (109, 1.75), (109, 1.75)), ('K.122 KernScores', 'P1', 1, (418, 419), (119, 1.75), (119, 1.75)), ('K.122 KernScores', 'P1', 1, (447, 448), (128, 2.75), (128, 2.75)), ('K.122 KernScores', 'P1', 1, (480, 481), (137, 2.75), (137, 2.75))]) 

57 .    (((2,), (0.25,)), [('K.122 KernScores', 'P1', 1, (130, 131), (34, 1.25), (34, 1.25)), ('K.122 KernScores', 'P1', 1, (365, 366), (102, 1.0), (102, 1.0)), ('K.122 KernScores', 'P1', 1, (478, 479), (137, 2.0), (137, 2.0))]) 

58 .    (((4,), (1.0,)), [('K.122 KernScores', 'P1', 1, (283, 284), (79, 2.75), (79, 2.75)), ('K.122 KernScores', 'P2', 1, (186, 187), (72, 3.0), (72, 3.0))]) 

59 .    ((((3, -2),), ((0.0, 1.0),)), [('K.122 KernScores', 'P2', 1, (59, 60), (25, 2.0), (25, 2.0)), ('K.122 KernScores', 'P2', 1, (71, 72), (30, 1.0), (30, 1.0)), ('K.122 KernScores', 'P2', 1, (256, 257), (101, 2.0), (101, 2.0))]) 

60 .    ((((3, 2),), ((0.0, 1.0),)), [('K.122 KernScores', 'P1', 1, (427, 428), (122, 1.75), (122, 1.75)), ('K.122 KernScores', 'P2', 1, (73, 74), (31, 1.0), (31, 1.0))]) 

61 .    (((-8,), (1.0,)), [('K.122 KernScores', 'P2', 1, (93, 94), (40, 3.0), (40, 3.0)), ('K.122 KernScores', 'P2', 1, (168, 169), (66, 2.0), (66, 2.0))]) 

62 .    (((-2,), (2.0,)), [('K.122 KernScores', 'P1', 1, (441, 442), (125, 3.75), (125, 3.75)), ('K.122 KernScores', 'P2', 2, (2, 3), (37, 2.0), (37, 2.0))]) 

63 .    ((((3, 2),), ((0.0, 0.75),)), [('K.122 KernScores', 'P1', 1, (43, 44), (12, 3.0), (12, 3.0)), ('K.122 KernScores', 'P1', 1, (49, 50), (13, 2.0), (13, 2.0))]) 

64 .    (((3,), (0.5,)), [('K.122 KernScores', 'P2', 1, (154, 155), (61, 2.5), (61, 2.5)), ('K.122 KernScores', 'P2', 1, (157, 158), (62, 4.0), (62, 4.0))]) 

65 .    ((((5, 2, 1),), ((0.0, 0.0, 1.0),)), [('K.122 KernScores', 'P2', 1, (46, 47), (19, 3.0), (19, 3.0)), ('K.122 KernScores', 'P2', 1, (48, 49), (20, 2.0), (20, 2.0))]) 

66 .    ((((5, 3, 1),), ((0.0, 0.0, 1.0),)), [('K.122 KernScores', 'P2', 1, (213, 214), (85, 1.0), (85, 1.0)), ('K.122 KernScores', 'P2', 1, (215, 216), (85, 3.0), (85, 3.0))]) 

67 .    ((((2, 3, 3, 1),), ((0.0, 0.0, 0.0, 1.0),)), [('K.122 KernScores', 'P2', 1, (226, 227), (89, 2.0), (89, 2.0)), ('K.122 KernScores', 'P2', 1, (228, 229), (90, 1.0), (90, 1.0))]) 

68 .    (((2,), (3.0,)), [('K.122 KernScores', 'P2', 2, (4, 5), (99, 1.0), (99, 1.0)), ('K.122 KernScores', 'P2', 2, (6, 7), (101, 1.0), (101, 1.0))]) 

69 .    (((3,), (0.25,)), [('K.122 KernScores', 'P1', 1, (281, 282), (79, 2.0), (79, 2.0)), ('K.122 KernScores', 'P1', 1, (291, 292), (81, 2.0), (81, 2.0))]) 

70 .    ((((3, -4),), ((0.0, 1.0),)), [('K.122 KernScores', 'P2', 1, (79, 80), (34, 1.0), (34, 1.0)), ('K.122 KernScores', 'P2', 1, (91, 92), (39, 1.0), (39, 1.0))]) 

71 .    (((-8,), (0.5,)), [('K.122 KernScores', 'P2', 1, (123, 124), (50, 2.0), (50, 2.0)), ('K.122 KernScores', 'P2', 1, (151, 152), (60, 1.0), (60, 1.0))]) 

