1 .    ('nomes', 'K.90 Musicalion') 

2 .    ('quantidade', 1) 

3 .    ('analise', 'sequÍncias IntDiaDurPcompasso sem contidos e intercalados') 

1 .    (((2, 2, 2, 2, -2, -2, -2), (0.12, 0.12, 0.12, 0.12, 1.5, 0.25, 0.25), (2.0, 2.12, 2.25, 2.38, 2.5, 2.0, 2.25)), [[('K.90 Musicalion', 'P1', 1, (426, 433), (54, 2.0), (55, 2.25)), ('K.90 Musicalion', 'P1', 1, (434, 441), (56, 2.0), (57, 2.25))], [('K.90 Musicalion', 'P1', 1, (709, 716), (112, 2.0), (113, 2.25)), ('K.90 Musicalion', 'P1', 1, (717, 724), (114, 2.0), (115, 2.25)), ('K.90 Musicalion', 'P1', 1, (725, 732), (116, 2.0), (117, 2.25)), ('K.90 Musicalion', 'P1', 1, (733, 740), (118, 2.0), (119, 2.25))]]) 

2 .    (((2, 2, 2, 2, -3, 1, -2, -2, 2), (0.12, 0.12, 0.12, 0.12, 1.0, 0.5, 0.12, 0.12, 1.25), (2.0, 2.12, 2.25, 2.38, 2.5, 1.5, 2.0, 2.12, 2.25)), [[('K.90 Musicalion', 'P1', 1, (376, 385), (44, 2.0), (45, 2.25)), ('K.90 Musicalion', 'P1', 1, (386, 395), (46, 2.0), (47, 2.25))], [('K.90 Musicalion', 'P1', 1, (501, 510), (70, 2.0), (71, 2.25)), ('K.90 Musicalion', 'P1', 1, (511, 520), (72, 2.0), (73, 2.25)), ('K.90 Musicalion', 'P1', 1, (521, 530), (74, 2.0), (75, 2.25))]]) 

3 .    (((1, 1, 1), (0.5, 0.5, 0.5), (2.0, 2.5, 1.0)), [[('K.90 Musicalion', 'P1', 3, (296, 299), (53, 2.0), (53, 1.0)), ('K.90 Musicalion', 'P1', 3, (300, 303), (54, 2.0), (54, 1.0)), ('K.90 Musicalion', 'P1', 3, (304, 307), (55, 2.0), (55, 1.0)), ('K.90 Musicalion', 'P1', 3, (308, 311), (56, 2.0), (56, 1.0))], [('K.90 Musicalion', 'P1', 3, (495, 498), (112, 2.0), (112, 1.0)), ('K.90 Musicalion', 'P1', 3, (499, 502), (113, 2.0), (113, 1.0)), ('K.90 Musicalion', 'P1', 3, (503, 506), (114, 2.0), (114, 1.0)), ('K.90 Musicalion', 'P1', 3, (507, 510), (115, 2.0), (115, 1.0)), ('K.90 Musicalion', 'P1', 3, (511, 514), (116, 2.0), (116, 1.0)), ('K.90 Musicalion', 'P1', 3, (515, 518), (117, 2.0), (117, 1.0)), ('K.90 Musicalion', 'P1', 3, (519, 522), (118, 2.0), (118, 1.0))], [('K.90 Musicalion', 'P1', 3, (571, 574), (132, 2.0), (132, 1.0)), ('K.90 Musicalion', 'P1', 3, (575, 578), (133, 2.0), (133, 1.0)), ('K.90 Musicalion', 'P1', 3, (579, 582), (134, 2.0), (134, 1.0))], [('K.90 Musicalion', 'P1', 3, (638, 641), (149, 2.0), (149, 1.0)), ('K.90 Musicalion', 'P1', 3, (642, 645), (150, 2.0), (150, 1.0))], [('K.90 Musicalion', 'P1', 3, (654, 657), (153, 2.0), (153, 1.0)), ('K.90 Musicalion', 'P1', 3, (658, 661), (154, 2.0), (154, 1.0)), ('K.90 Musicalion', 'P1', 3, (662, 665), (155, 2.0), (155, 1.0))]]) 

4 .    (((2, 2, 2, 2, 2, 2, -2, -2, -2, 2), (0.5, 0.12, 0.12, 0.75, 0.12, 0.12, 0.75, 0.12, 0.12, 0.25), (1.5, 2.0, 2.12, 2.25, 1.0, 1.12, 1.25, 2.0, 2.12, 2.25)), [[('K.90 Musicalion', 'P1', 1, (335, 345), (35, 1.5), (37, 2.25)), ('K.90 Musicalion', 'P1', 1, (346, 356), (37, 1.5), (39, 2.25))], [('K.90 Musicalion', 'P1', 1, (442, 452), (57, 1.5), (59, 2.25)), ('K.90 Musicalion', 'P1', 1, (453, 463), (59, 1.5), (61, 2.25))]]) 

5 .    (((-2, -2, -2, -2), (0.5, 0.5, 0.5, 0.5), (2.0, 2.5, 3.0, 3.5)), [[('K.90 Musicalion', 'P1', 1, (1171, 1175), (184, 2.0), (184, 3.5)), ('K.90 Musicalion', 'P1', 1, (1176, 1180), (185, 2.0), (185, 3.5)), ('K.90 Musicalion', 'P1', 1, (1181, 1185), (186, 2.0), (186, 3.5))], [('K.90 Musicalion', 'P1', 1, (1244, 1248), (204, 2.0), (204, 3.5)), ('K.90 Musicalion', 'P1', 1, (1249, 1253), (205, 2.0), (205, 3.5)), ('K.90 Musicalion', 'P1', 1, (1254, 1258), (206, 2.0), (206, 3.5)), ('K.90 Musicalion', 'P1', 1, (1259, 1263), (207, 2.0), (207, 3.5))]]) 

6 .    (((8, -9, 8), (0.5, 0.5, 0.5), (1.0, 1.5, 2.0)), [[('K.90 Musicalion', 'P1', 1, (553, 556), (80, 1.0), (81, 2.0)), ('K.90 Musicalion', 'P1', 1, (557, 560), (81, 1.0), (82, 2.0))], [('K.90 Musicalion', 'P1', 1, (797, 800), (127, 1.0), (128, 2.0)), ('K.90 Musicalion', 'P1', 1, (801, 804), (128, 1.0), (129, 2.0))], [('K.90 Musicalion', 'P1', 1, (846, 849), (135, 1.0), (136, 2.0)), ('K.90 Musicalion', 'P1', 1, (850, 853), (136, 1.0), (137, 2.0)), ('K.90 Musicalion', 'P1', 1, (854, 857), (137, 1.0), (138, 2.0))], [('K.90 Musicalion', 'P1', 1, (963, 966), (156, 1.0), (157, 2.0)), ('K.90 Musicalion', 'P1', 1, (967, 970), (157, 1.0), (158, 2.0)), ('K.90 Musicalion', 'P1', 1, (971, 974), (158, 1.0), (159, 2.0))], [('K.90 Musicalion', 'P1', 3, (383, 386), (79, 1.0), (80, 2.0)), ('K.90 Musicalion', 'P1', 3, (387, 390), (80, 1.0), (81, 2.0)), ('K.90 Musicalion', 'P1', 3, (391, 394), (81, 1.0), (82, 2.0)), ('K.90 Musicalion', 'P1', 3, (395, 398), (82, 1.0), (83, 2.0))], [('K.90 Musicalion', 'P1', 3, (555, 558), (127, 1.0), (128, 2.0)), ('K.90 Musicalion', 'P1', 3, (559, 562), (128, 1.0), (129, 2.0))], [('K.90 Musicalion', 'P1', 3, (585, 588), (135, 1.0), (136, 2.0)), ('K.90 Musicalion', 'P1', 3, (589, 592), (136, 1.0), (137, 2.0))], [('K.90 Musicalion', 'P1', 3, (668, 671), (156, 1.0), (157, 2.0)), ('K.90 Musicalion', 'P1', 3, (672, 675), (157, 1.0), (158, 2.0))]]) 

7 .    (((-2, -2, -2, -2, 2), (0.25, 0.25, 0.25, 0.25, 0.5), (2.0, 2.25, 2.5, 2.75, 1.0)), [[('K.90 Musicalion', 'P1', 1, (1006, 1011), (166, 2.0), (166, 1.0)), ('K.90 Musicalion', 'P1', 1, (1012, 1017), (167, 2.0), (167, 1.0))], [('K.90 Musicalion', 'P1', 3, (705, 710), (166, 2.0), (166, 1.0)), ('K.90 Musicalion', 'P1', 3, (711, 716), (167, 2.0), (167, 1.0))]]) 

8 .    (((-4, 2, 2, -8, 1), (0.5, 0.5, 0.5, 0.5, 0.5), (2.5, 1.0, 1.5, 2.0, 2.5)), [[('K.90 Musicalion', 'P1', 3, (265, 270), (44, 2.5), (45, 2.5)), ('K.90 Musicalion', 'P1', 3, (271, 276), (46, 2.5), (47, 2.5))], [('K.90 Musicalion', 'P1', 3, (355, 360), (70, 2.5), (71, 2.5)), ('K.90 Musicalion', 'P1', 3, (361, 366), (72, 2.5), (73, 2.5))]]) 

9 .    (((-9, 8, -9), (0.5, 0.5, 0.5), (1.5, 2.0, 2.5)), [[('K.90 Musicalion', 'P1', 1, (550, 553), (79, 1.5), (80, 2.5)), ('K.90 Musicalion', 'P1', 1, (554, 557), (80, 1.5), (81, 2.5))]]) 

10 .    (((8, -9, 8), (0.5, 0.5, 0.5), (2.0, 2.5, 1.0)), [[('K.90 Musicalion', 'P1', 1, (795, 798), (127, 2.0), (127, 1.0)), ('K.90 Musicalion', 'P1', 1, (799, 802), (128, 2.0), (128, 1.0)), ('K.90 Musicalion', 'P1', 1, (803, 806), (129, 2.0), (129, 1.0))], [('K.90 Musicalion', 'P1', 3, (553, 556), (127, 2.0), (127, 1.0)), ('K.90 Musicalion', 'P1', 3, (557, 560), (128, 2.0), (128, 1.0)), ('K.90 Musicalion', 'P1', 3, (561, 564), (129, 2.0), (129, 1.0))]]) 

11 .    (((-2, -2, -2), (0.5, 0.5, 0.5), (2.0, 2.5, 1.0)), [[('K.90 Musicalion', 'P1', 3, (288, 291), (51, 2.0), (51, 1.0)), ('K.90 Musicalion', 'P1', 3, (292, 295), (52, 2.0), (52, 1.0))], [('K.90 Musicalion', 'P1', 3, (457, 460), (102, 2.0), (102, 1.0)), ('K.90 Musicalion', 'P1', 3, (461, 464), (103, 2.0), (103, 1.0)), ('K.90 Musicalion', 'P1', 3, (465, 468), (104, 2.0), (104, 1.0))]]) 

12 .    (((2, 2, 2), (0.5, 0.5, 0.5), (2.5, 1.0, 1.5)), [[('K.90 Musicalion', 'P1', 3, (250, 253), (39, 2.5), (39, 1.5)), ('K.90 Musicalion', 'P1', 3, (254, 257), (40, 2.5), (40, 1.5))], [('K.90 Musicalion', 'P1', 3, (329, 332), (61, 2.5), (61, 1.5)), ('K.90 Musicalion', 'P1', 3, (333, 336), (62, 2.5), (62, 1.5))], [('K.90 Musicalion', 'P1', 3, (398, 401), (83, 2.5), (83, 1.5)), ('K.90 Musicalion', 'P1', 3, (402, 405), (84, 2.5), (84, 1.5))], [('K.90 Musicalion', 'P1', 3, (683, 686), (160, 2.5), (160, 1.5)), ('K.90 Musicalion', 'P1', 3, (687, 690), (161, 2.5), (161, 1.5))]]) 

13 .    (((-3, -3, 4), (0.5, 0.5, 0.5), (2.5, 1.0, 1.5)), [[('K.90 Musicalion', 'P1', 3, (234, 237), (35, 2.5), (35, 1.5)), ('K.90 Musicalion', 'P1', 3, (238, 241), (36, 2.5), (36, 1.5))], [('K.90 Musicalion', 'P1', 3, (313, 316), (57, 2.5), (57, 1.5)), ('K.90 Musicalion', 'P1', 3, (317, 320), (58, 2.5), (58, 1.5))], [('K.90 Musicalion', 'P1', 3, (438, 441), (97, 2.5), (97, 1.5)), ('K.90 Musicalion', 'P1', 3, (442, 445), (98, 2.5), (98, 1.5))]]) 

14 .    (((2, -3, 2), (0.5, 0.5, 0.5), (2.5, 1.0, 1.5)), [[('K.90 Musicalion', 'P1', 3, (281, 284), (49, 2.5), (49, 1.5)), ('K.90 Musicalion', 'P1', 3, (285, 288), (50, 2.5), (50, 1.5))], [('K.90 Musicalion', 'P1', 3, (478, 481), (107, 2.5), (107, 1.5)), ('K.90 Musicalion', 'P1', 3, (482, 485), (108, 2.5), (108, 1.5))]]) 

