1.    nomes:
K.50 Musicalion

2.    quantidade:
1

3.    analise:
[('intDia', 'p1p2')] SemContInte Distancia: 0

1.    ((-2, 1, -3, 4, -4, 5, -5, 6, -6, 5, -5, 4, -4, 3, -3, 4, -4, 5, -5, 6, -6, 5, -5, 4, -4, 3, -3, 4, -4, 5, -5, 6, -6, 4, -4, 8, -8, 3, -3, 4, -4, 5, -5, 6, -6, 5, -5, 6, -6, 7, -7, 7, -2, -2, -2, -4, 8, -8, 3, -3, 4, -4, 5, -5, 6, -6, 5, -5, 4, -4, 3, -3, 4, -4, 5, -5, 6, -6, 5, -5, 4, -4, 3, -3, 4, -4, 5, -5, 6, -6, 4, -4, 8, -8, 3, -3, 4, -4, 5, -5, 6, -6, 5, -5, 6, -6, 7, -7, 7, -2, -2),):
('K.50 Musicalion', 'P1', 1, (180, 291), (45,), (3.5,), (65,), (2.0,))
('K.50 Musicalion', 'P1', 1, (526, 637), (113,), (3.75,), (133,), (2.0,))

2.    ((21, -2, -2, -2, -18, 21, -2, -2, -2, -19, 22, -2, -2, -2, -20, 23, -2, -2, -2, -19, 2, 2, -2, -2, 2, -5, 25, -2, -2, -2, -18, 21, -2, -2, -2, -19, 22, -2, -2, -2, -20, 23, -2, -2, -2, -19, 2, 2, -2, -2, 2),):
('K.50 Musicalion', 'P1', 3, (138, 189), (46,), (1.0,), (65,), (2.0,))
('K.50 Musicalion', 'P1', 3, (318, 369), (114,), (1.0,), (133,), (2.0,))

3.    ((2, -3, 2, -3, -3, 5, 2, -3, 2, -3, -3, 5, 2, -3, 2, -3, -3, 5, 2, -3, 2, -3, -3, 7, -2, -2, 2, 2, 2, -5, 2, -3, 2),):
('K.50 Musicalion', 'P1', 1, (675, 708), (144,), (2.5,), (149,), (3.5,))
('K.50 Musicalion', 'P1', 1, (717, 750), (151,), (2.5,), (156,), (3.5,))

4.    ((5, 3, -2, -2, -2, -4, 5, 3, -2, -2, -2, -4, 5, 3, -2, 2, 2, -3, -2, -2, 2, 2, 2, -3, -2, -2, 2, -4),):
('K.50 Musicalion', 'P1', 1, (86, 114), (21,), (1.0,), (28,), (1.0,))
('K.50 Musicalion', 'P1', 1, (114, 142), (29,), (1.0,), (36,), (1.0,))

5.    ((2, (6, 5), -2, -2, -2, 2, -4, -2, 2, 2, -2, -2, -2, -2, 2),):
('K.50 Musicalion', 'P1', 1, (142, 157), (36,), (3.0,), (39,), (3.5,))
('K.50 Musicalion', 'P1', 1, (158, 173), (40,), (3.0,), (43,), (3.5,))

6.    ((1, 2, 2, -2, -2, 2, 1, -2, 4, -3, -2, -2, -2, 2),):
('K.50 Musicalion', 'P1', 1, (495, 509), (106,), (3.0,), (109,), (3.5,))
('K.50 Musicalion', 'P1', 1, (512, 526), (110,), (3.0,), (113,), (3.5,))

7.    ((2, 2, 2, -2, -2, -2, -2, 1, 2, 5, 3, -6, (6, -2)),):
('K.50 Musicalion', 'P1', 1, (639, 652), (134,), (3.0,), (138,), (1.0,))
('K.50 Musicalion', 'P1', 1, (653, 666), (138,), (3.0,), (142,), (1.0,))

8.    ((-4, 4, -6, 3, -5, 3, -6, 4, -6, 3, -5, 4),):
('K.50 Musicalion', 'P1', 3, (1, 13), (1,), (1.5,), (3,), (1.0,))
('K.50 Musicalion', 'P1', 3, (15, 27), (6,), (1.5,), (8,), (1.0,))

9.    (((3, 1), (4, 1), (4, 1), (4, 1), (3, 1), (3, 1), (3, 1), (2, -2), -3, -5, 8, 1),):
('K.50 Musicalion', 'P1', 3, (110, 122), (36,), (3.0,), (40,), (2.0,))
('K.50 Musicalion', 'P1', 3, (122, 134), (40,), (3.0,), (44,), (2.0,))

10.    ((-5, 4, -4, 3, -3, 5, -5, 4, -4, 3, -3),):
('K.50 Musicalion', 'P1', 2, (0, 11), (55,), (1.0,), (65,), (3.0,))
('K.50 Musicalion', 'P1', 2, (17, 28), (123,), (1.0,), (133,), (3.0,))

11.    ((2, 2, -2, -2, 5, 2, 2, -2, -2, 4),):
('K.50 Musicalion', 'P1', 1, (360, 370), (82,), (1.0,), (83,), (3.5,))
('K.50 Musicalion', 'P1', 1, (370, 380), (84,), (1.0,), (85,), (3.5,))

12.    ((8, 1, (4, 1), (4, 1), (3, 1), (3, 1), (3, 1), (2, -2), (3, 1), (3, -7)),):
('K.50 Musicalion', 'P1', 3, (298, 308), (106,), (1.0,), (109,), (3.0,))
('K.50 Musicalion', 'P1', 3, (308, 318), (110,), (1.0,), (113,), (3.0,))

13.    ((3, -2, -2, -2, -2, -2, 4, 2),):
('K.50 Musicalion', 'P1', 3, (277, 285), (97,), (1.0,), (100,), (1.0,))
('K.50 Musicalion', 'P1', 3, (285, 293), (101,), (1.0,), (104,), (1.0,))

14.    ((-2, -2, -2, -2, -2, -2, -2),):
('K.50 Musicalion', 'P1', 1, (2, 9), (3,), (1.0,), (4,), (1.0,))
('K.50 Musicalion', 'P1', 1, (9, 16), (4,), (1.5,), (5,), (1.5,))
('K.50 Musicalion', 'P1', 1, (22, 29), (8,), (1.0,), (9,), (1.0,))
('K.50 Musicalion', 'P1', 1, (380, 387), (86,), (1.0,), (87,), (1.0,))
('K.50 Musicalion', 'P1', 1, (667, 674), (142,), (3.0,), (143,), (3.5,))
('K.50 Musicalion', 'P1', 3, (230, 237), (80,), (2.5,), (81,), (3.5,))

15.    ((-2, -2, 4, 2, 2, -2, -2),):
('K.50 Musicalion', 'P1', 1, (367, 374), (83,), (1.75,), (84,), (2.0,))
('K.50 Musicalion', 'P1', 3, (289, 296), (103,), (1.0,), (105,), (1.0,))

16.    ((5, -5, 4, -4, 3, -3),):
('K.50 Musicalion', 'P1', 1, (189, 195), (47,), (3.5,), (48,), (3.0,))
('K.50 Musicalion', 'P1', 1, (201, 207), (49,), (3.5,), (50,), (3.0,))
('K.50 Musicalion', 'P1', 1, (246, 252), (57,), (3.5,), (58,), (3.0,))
('K.50 Musicalion', 'P1', 1, (258, 264), (59,), (3.5,), (60,), (3.0,))
('K.50 Musicalion', 'P1', 1, (400, 406), (89,), (3.5,), (90,), (3.0,))
('K.50 Musicalion', 'P1', 1, (412, 418), (91,), (3.5,), (92,), (3.0,))
('K.50 Musicalion', 'P1', 1, (535, 541), (115,), (3.5,), (116,), (3.0,))
('K.50 Musicalion', 'P1', 1, (547, 553), (117,), (3.5,), (118,), (3.0,))
('K.50 Musicalion', 'P1', 1, (592, 598), (125,), (3.5,), (126,), (3.0,))
('K.50 Musicalion', 'P1', 1, (604, 610), (127,), (3.5,), (128,), (3.0,))
('K.50 Musicalion', 'P1', 2, (5, 11), (55,), (3.5,), (65,), (3.0,))
('K.50 Musicalion', 'P1', 2, (22, 28), (123,), (3.5,), (133,), (3.0,))

17.    ((2, 2, -2, -2, -2, -2),):
('K.50 Musicalion', 'P1', 1, (77, 83), (18,), (3.0,), (19,), (2.5,))
('K.50 Musicalion', 'P1', 1, (150, 156), (39,), (1.0,), (39,), (3.0,))
('K.50 Musicalion', 'P1', 1, (166, 172), (43,), (1.0,), (43,), (3.0,))
('K.50 Musicalion', 'P1', 1, (640, 646), (135,), (1.0,), (135,), (3.0,))
('K.50 Musicalion', 'P1', 1, (654, 660), (139,), (1.0,), (139,), (3.0,))
('K.50 Musicalion', 'P1', 2, (29, 35), (137,), (1.0,), (137,), (3.0,))
('K.50 Musicalion', 'P1', 2, (36, 42), (141,), (1.0,), (141,), (3.0,))

18.    ((3, -6, 3, -5, 3, -5),):
('K.50 Musicalion', 'P1', 1, (321, 327), (73,), (2.0,), (74,), (1.5,))
('K.50 Musicalion', 'P1', 1, (340, 346), (78,), (1.0,), (78,), (3.5,))

19.    ((2, 2, -2, -2, 2),):
('K.50 Musicalion', 'P1', 1, (55, 60), (15,), (1.25,), (15,), (3.5,))
('K.50 Musicalion', 'P1', 1, (61, 66), (16,), (1.25,), (16,), (3.5,))
('K.50 Musicalion', 'P1', 1, (68, 73), (17,), (1.25,), (17,), (3.5,))
('K.50 Musicalion', 'P1', 1, (496, 501), (107,), (1.0,), (107,), (3.5,))
('K.50 Musicalion', 'P1', 1, (513, 518), (111,), (1.0,), (111,), (3.5,))
('K.50 Musicalion', 'P1', 3, (158, 163), (54,), (1.0,), (55,), (2.0,))
('K.50 Musicalion', 'P1', 3, (184, 189), (64,), (1.0,), (65,), (2.0,))
('K.50 Musicalion', 'P1', 3, (338, 343), (122,), (1.0,), (123,), (2.0,))
('K.50 Musicalion', 'P1', 3, (364, 369), (132,), (1.0,), (133,), (2.0,))

20.    ((-2, -2, 2, 3, -5),):
('K.50 Musicalion', 'P1', 1, (328, 333), (74,), (2.5,), (75,), (1.5,))
('K.50 Musicalion', 'P1', 1, (349, 354), (79,), (2.5,), (80,), (1.5,))

21.    ((2, 2, -2, -2),):
('K.50 Musicalion', 'P1', 1, (35, 39), (11,), (1.25,), (11,), (2.0,))
('K.50 Musicalion', 'P1', 1, (45, 49), (13,), (1.25,), (13,), (2.0,))
('K.50 Musicalion', 'P1', 1, (55, 59), (15,), (1.25,), (15,), (2.0,))
('K.50 Musicalion', 'P1', 1, (61, 65), (16,), (1.25,), (16,), (2.0,))
('K.50 Musicalion', 'P1', 1, (68, 72), (17,), (1.25,), (17,), (2.0,))
('K.50 Musicalion', 'P1', 1, (77, 81), (18,), (3.0,), (19,), (1.5,))
('K.50 Musicalion', 'P1', 1, (150, 154), (39,), (1.0,), (39,), (2.0,))
('K.50 Musicalion', 'P1', 1, (166, 170), (43,), (1.0,), (43,), (2.0,))
('K.50 Musicalion', 'P1', 1, (360, 364), (82,), (1.0,), (82,), (2.0,))
('K.50 Musicalion', 'P1', 1, (365, 369), (83,), (1.0,), (83,), (2.0,))
('K.50 Musicalion', 'P1', 1, (370, 374), (84,), (1.0,), (84,), (2.0,))
('K.50 Musicalion', 'P1', 1, (375, 379), (85,), (1.0,), (85,), (2.0,))
('K.50 Musicalion', 'P1', 1, (496, 500), (107,), (1.0,), (107,), (2.0,))
('K.50 Musicalion', 'P1', 1, (513, 517), (111,), (1.0,), (111,), (2.0,))
('K.50 Musicalion', 'P1', 1, (640, 644), (135,), (1.0,), (135,), (2.0,))
('K.50 Musicalion', 'P1', 1, (654, 658), (139,), (1.0,), (139,), (2.0,))
('K.50 Musicalion', 'P1', 2, (29, 33), (137,), (1.0,), (137,), (2.0,))
('K.50 Musicalion', 'P1', 2, (36, 40), (141,), (1.0,), (141,), (2.0,))
('K.50 Musicalion', 'P1', 3, (158, 162), (54,), (1.0,), (55,), (1.0,))
('K.50 Musicalion', 'P1', 3, (184, 188), (64,), (1.0,), (65,), (1.0,))
('K.50 Musicalion', 'P1', 3, (292, 296), (104,), (1.0,), (105,), (1.0,))
('K.50 Musicalion', 'P1', 3, (338, 342), (122,), (1.0,), (123,), (1.0,))
('K.50 Musicalion', 'P1', 3, (364, 368), (132,), (1.0,), (133,), (1.0,))

22.    ((7, -2, -2, -2),):
('K.50 Musicalion', 'P1', 1, (231, 235), (54,), (3.5,), (55,), (3.0,))
('K.50 Musicalion', 'P1', 1, (577, 581), (122,), (3.5,), (123,), (3.0,))
('K.50 Musicalion', 'P1', 1, (634, 638), (132,), (3.5,), (133,), (3.0,))
('K.50 Musicalion', 'P1', 3, (223, 227), (77,), (1.0,), (77,), (3.5,))

23.    ((-6, 3, -5, 3),):
('K.50 Musicalion', 'P1', 1, (341, 345), (78,), (1.5,), (78,), (3.0,))
('K.50 Musicalion', 'P1', 3, (3, 7), (1,), (2.5,), (2,), (1.0,))
('K.50 Musicalion', 'P1', 3, (17, 21), (6,), (2.5,), (7,), (1.0,))
('K.50 Musicalion', 'P1', 3, (202, 206), (71,), (2.5,), (72,), (1.0,))

24.    ((-5, 7, -2, -2),):
('K.50 Musicalion', 'P1', 1, (347, 351), (79,), (1.5,), (79,), (3.0,))
('K.50 Musicalion', 'P1', 3, (214, 218), (74,), (3.0,), (75,), (3.0,))

25.    ((2, -5, 2, -5),):
('K.50 Musicalion', 'P1', 3, (195, 199), (68,), (3.0,), (69,), (3.0,))
('K.50 Musicalion', 'P1', 3, (431, 435), (157,), (3.0,), (158,), (3.0,))

26.    ((19, 2, -2, -2),):
('K.50 Musicalion', 'P1', 3, (255, 259), (88,), (1.0,), (89,), (2.0,))
('K.50 Musicalion', 'P1', 3, (260, 264), (90,), (1.0,), (91,), (2.0,))

27.    ((-3, -3, 5),):
('K.50 Musicalion', 'P1', 1, (678, 681), (145,), (1.0,), (145,), (2.0,))
('K.50 Musicalion', 'P1', 1, (684, 687), (146,), (1.0,), (146,), (2.0,))
('K.50 Musicalion', 'P1', 1, (690, 693), (147,), (1.0,), (147,), (2.0,))
('K.50 Musicalion', 'P1', 1, (714, 717), (151,), (1.0,), (151,), (2.0,))
('K.50 Musicalion', 'P1', 1, (720, 723), (152,), (1.0,), (152,), (2.0,))
('K.50 Musicalion', 'P1', 1, (726, 729), (153,), (1.0,), (153,), (2.0,))
('K.50 Musicalion', 'P1', 1, (732, 735), (154,), (1.0,), (154,), (2.0,))
('K.50 Musicalion', 'P1', 3, (59, 62), (21,), (2.0,), (21,), (3.0,))
('K.50 Musicalion', 'P1', 3, (66, 69), (23,), (2.0,), (23,), (3.0,))
('K.50 Musicalion', 'P1', 3, (73, 76), (25,), (2.0,), (25,), (3.0,))
('K.50 Musicalion', 'P1', 3, (85, 88), (29,), (2.0,), (29,), (3.0,))
('K.50 Musicalion', 'P1', 3, (92, 95), (31,), (2.0,), (31,), (3.0,))
('K.50 Musicalion', 'P1', 3, (99, 102), (33,), (2.0,), (33,), (3.0,))

28.    ((7, -2, -2),):
('K.50 Musicalion', 'P1', 1, (288, 291), (64,), (3.5,), (65,), (2.0,))
('K.50 Musicalion', 'P1', 1, (698, 701), (148,), (2.0,), (148,), (3.0,))
('K.50 Musicalion', 'P1', 1, (740, 743), (155,), (2.0,), (155,), (3.0,))
('K.50 Musicalion', 'P1', 3, (219, 222), (76,), (1.0,), (76,), (3.0,))

29.    ((2, -5, 2),):
('K.50 Musicalion', 'P1', 1, (703, 706), (149,), (1.5,), (149,), (2.5,))
('K.50 Musicalion', 'P1', 1, (745, 748), (156,), (1.5,), (156,), (2.5,))
('K.50 Musicalion', 'P1', 3, (195, 198), (68,), (3.0,), (69,), (2.0,))
('K.50 Musicalion', 'P1', 3, (431, 434), (157,), (3.0,), (158,), (2.0,))

30.    ((-2, 2, -2),):
('K.50 Musicalion', 'P1', 1, (41, 44), (12,), (2.0,), (12,), (3.75,))
('K.50 Musicalion', 'P1', 1, (51, 54), (14,), (2.0,), (14,), (3.75,))
('K.50 Musicalion', 'P1', 3, (190, 193), (66,), (1.0,), (67,), (1.0,))

31.    ((-5, 4, 3),):
('K.50 Musicalion', 'P1', 1, (291, 294), (65,), (3.0,), (66,), (1.5,))
('K.50 Musicalion', 'P1', 1, (335, 338), (76,), (1.5,), (77,), (1.0,))

32.    ((3, 3, 4),):
('K.50 Musicalion', 'P1', 1, (298, 301), (67,), (1.0,), (67,), (2.0,))
('K.50 Musicalion', 'P1', 1, (304, 307), (68,), (1.0,), (68,), (2.0,))

33.    ((2, 2, -8),):
('K.50 Musicalion', 'P1', 3, (78, 81), (26,), (3.0,), (27,), (2.0,))
('K.50 Musicalion', 'P1', 3, (104, 107), (34,), (3.0,), (35,), (2.0,))

34.    ((-2, -2),):
('K.50 Musicalion', 'P1', 1, (74, 76), (18,), (1.5,), (18,), (2.0,))
('K.50 Musicalion', 'P1', 1, (104, 106), (26,), (2.5,), (26,), (3.0,))
('K.50 Musicalion', 'P1', 1, (110, 112), (27,), (2.5,), (27,), (3.0,))
('K.50 Musicalion', 'P1', 1, (132, 134), (34,), (2.5,), (34,), (3.0,))
('K.50 Musicalion', 'P1', 1, (138, 140), (35,), (2.5,), (35,), (3.0,))
('K.50 Musicalion', 'P1', 1, (154, 156), (39,), (2.5,), (39,), (3.0,))
('K.50 Musicalion', 'P1', 1, (170, 172), (43,), (2.5,), (43,), (3.0,))
('K.50 Musicalion', 'P1', 1, (289, 291), (65,), (1.0,), (65,), (2.0,))
('K.50 Musicalion', 'P1', 1, (313, 315), (69,), (2.5,), (69,), (3.0,))
('K.50 Musicalion', 'P1', 1, (328, 330), (74,), (2.5,), (74,), (3.0,))
('K.50 Musicalion', 'P1', 1, (349, 351), (79,), (2.5,), (79,), (3.0,))
('K.50 Musicalion', 'P1', 1, (358, 360), (81,), (3.0,), (81,), (3.5,))
('K.50 Musicalion', 'P1', 1, (644, 646), (135,), (2.5,), (135,), (3.0,))
('K.50 Musicalion', 'P1', 1, (658, 660), (139,), (2.5,), (139,), (3.0,))
('K.50 Musicalion', 'P1', 1, (699, 701), (148,), (2.5,), (148,), (3.0,))
('K.50 Musicalion', 'P1', 1, (741, 743), (155,), (2.5,), (155,), (3.0,))
('K.50 Musicalion', 'P1', 2, (33, 35), (137,), (2.5,), (137,), (3.0,))
('K.50 Musicalion', 'P1', 2, (40, 42), (141,), (2.5,), (141,), (3.0,))
('K.50 Musicalion', 'P1', 3, (220, 222), (76,), (2.5,), (76,), (3.0,))
('K.50 Musicalion', 'P1', 3, (271, 273), (95,), (1.0,), (95,), (2.0,))
('K.50 Musicalion', 'P1', 3, (274, 276), (96,), (1.0,), (96,), (2.0,))

35.    ((-3, 4),):
('K.50 Musicalion', 'P1', 1, (182, 184), (46,), (3.0,), (46,), (3.5,))
('K.50 Musicalion', 'P1', 1, (194, 196), (48,), (3.0,), (48,), (3.5,))
('K.50 Musicalion', 'P1', 1, (206, 208), (50,), (3.0,), (50,), (3.5,))
('K.50 Musicalion', 'P1', 1, (218, 220), (52,), (3.0,), (52,), (3.5,))
('K.50 Musicalion', 'P1', 1, (239, 241), (56,), (3.0,), (56,), (3.5,))
('K.50 Musicalion', 'P1', 1, (251, 253), (58,), (3.0,), (58,), (3.5,))
('K.50 Musicalion', 'P1', 1, (263, 265), (60,), (3.0,), (60,), (3.5,))
('K.50 Musicalion', 'P1', 1, (275, 277), (62,), (3.0,), (62,), (3.5,))
('K.50 Musicalion', 'P1', 1, (393, 395), (88,), (3.0,), (88,), (3.5,))
('K.50 Musicalion', 'P1', 1, (405, 407), (90,), (3.0,), (90,), (3.5,))
('K.50 Musicalion', 'P1', 1, (417, 419), (92,), (3.0,), (92,), (3.5,))
('K.50 Musicalion', 'P1', 1, (429, 431), (94,), (3.0,), (94,), (3.5,))
('K.50 Musicalion', 'P1', 1, (528, 530), (114,), (3.0,), (114,), (3.5,))
('K.50 Musicalion', 'P1', 1, (540, 542), (116,), (3.0,), (116,), (3.5,))
('K.50 Musicalion', 'P1', 1, (552, 554), (118,), (3.0,), (118,), (3.5,))
('K.50 Musicalion', 'P1', 1, (564, 566), (120,), (3.0,), (120,), (3.5,))
('K.50 Musicalion', 'P1', 1, (585, 587), (124,), (3.0,), (124,), (3.5,))
('K.50 Musicalion', 'P1', 1, (597, 599), (126,), (3.0,), (126,), (3.5,))
('K.50 Musicalion', 'P1', 1, (609, 611), (128,), (3.0,), (128,), (3.5,))
('K.50 Musicalion', 'P1', 1, (621, 623), (130,), (3.0,), (130,), (3.5,))
('K.50 Musicalion', 'P1', 3, (429, 431), (157,), (1.0,), (157,), (2.0,))

36.    ((-5, 4),):
('K.50 Musicalion', 'P1', 1, (190, 192), (48,), (1.0,), (48,), (1.5,))
('K.50 Musicalion', 'P1', 1, (202, 204), (50,), (1.0,), (50,), (1.5,))
('K.50 Musicalion', 'P1', 1, (247, 249), (58,), (1.0,), (58,), (1.5,))
('K.50 Musicalion', 'P1', 1, (259, 261), (60,), (1.0,), (60,), (1.5,))
('K.50 Musicalion', 'P1', 1, (291, 293), (65,), (3.0,), (66,), (1.0,))
('K.50 Musicalion', 'P1', 1, (335, 337), (76,), (1.5,), (76,), (2.0,))
('K.50 Musicalion', 'P1', 1, (401, 403), (90,), (1.0,), (90,), (1.5,))
('K.50 Musicalion', 'P1', 1, (413, 415), (92,), (1.0,), (92,), (1.5,))
('K.50 Musicalion', 'P1', 1, (536, 538), (116,), (1.0,), (116,), (1.5,))
('K.50 Musicalion', 'P1', 1, (548, 550), (118,), (1.0,), (118,), (1.5,))
('K.50 Musicalion', 'P1', 1, (593, 595), (126,), (1.0,), (126,), (1.5,))
('K.50 Musicalion', 'P1', 1, (605, 607), (128,), (1.0,), (128,), (1.5,))
('K.50 Musicalion', 'P1', 2, (0, 2), (55,), (1.0,), (55,), (1.5,))
('K.50 Musicalion', 'P1', 2, (6, 8), (65,), (1.0,), (65,), (1.5,))
('K.50 Musicalion', 'P1', 2, (12, 14), (105,), (1.0,), (105,), (1.5,))
('K.50 Musicalion', 'P1', 2, (17, 19), (123,), (1.0,), (123,), (1.5,))
('K.50 Musicalion', 'P1', 2, (23, 25), (133,), (1.0,), (133,), (1.5,))
('K.50 Musicalion', 'P1', 3, (11, 13), (2,), (3.5,), (3,), (1.0,))
('K.50 Musicalion', 'P1', 3, (25, 27), (7,), (3.5,), (8,), (1.0,))

37.    ((-3, 5),):
('K.50 Musicalion', 'P1', 1, (85, 87), (20,), (1.0,), (21,), (1.0,))
('K.50 Musicalion', 'P1', 1, (679, 681), (145,), (1.5,), (145,), (2.0,))
('K.50 Musicalion', 'P1', 1, (685, 687), (146,), (1.5,), (146,), (2.0,))
('K.50 Musicalion', 'P1', 1, (691, 693), (147,), (1.5,), (147,), (2.0,))
('K.50 Musicalion', 'P1', 1, (715, 717), (151,), (1.5,), (151,), (2.0,))
('K.50 Musicalion', 'P1', 1, (721, 723), (152,), (1.5,), (152,), (2.0,))
('K.50 Musicalion', 'P1', 1, (727, 729), (153,), (1.5,), (153,), (2.0,))
('K.50 Musicalion', 'P1', 1, (733, 735), (154,), (1.5,), (154,), (2.0,))
('K.50 Musicalion', 'P1', 2, (4, 6), (55,), (3.0,), (55,), (3.5,))
('K.50 Musicalion', 'P1', 2, (21, 23), (123,), (3.0,), (123,), (3.5,))
('K.50 Musicalion', 'P1', 3, (60, 62), (21,), (2.5,), (21,), (3.0,))
('K.50 Musicalion', 'P1', 3, (67, 69), (23,), (2.5,), (23,), (3.0,))
('K.50 Musicalion', 'P1', 3, (74, 76), (25,), (2.5,), (25,), (3.0,))
('K.50 Musicalion', 'P1', 3, (86, 88), (29,), (2.5,), (29,), (3.0,))
('K.50 Musicalion', 'P1', 3, (93, 95), (31,), (2.5,), (31,), (3.0,))
('K.50 Musicalion', 'P1', 3, (100, 102), (33,), (2.5,), (33,), (3.0,))

38.    ((-6, 4),):
('K.50 Musicalion', 'P1', 1, (212, 214), (51,), (3.0,), (51,), (3.5,))
('K.50 Musicalion', 'P1', 1, (269, 271), (61,), (3.0,), (61,), (3.5,))
('K.50 Musicalion', 'P1', 1, (423, 425), (93,), (3.0,), (93,), (3.5,))
('K.50 Musicalion', 'P1', 1, (558, 560), (119,), (3.0,), (119,), (3.5,))
('K.50 Musicalion', 'P1', 1, (615, 617), (129,), (3.0,), (129,), (3.5,))
('K.50 Musicalion', 'P1', 3, (7, 9), (2,), (1.5,), (2,), (2.0,))
('K.50 Musicalion', 'P1', 3, (21, 23), (7,), (1.5,), (7,), (2.0,))
('K.50 Musicalion', 'P1', 3, (206, 208), (72,), (1.5,), (72,), (2.0,))

39.    ((1, -2),):
('K.50 Musicalion', 'P1', 1, (173, 175), (44,), (1.0,), (44,), (3.0,))
('K.50 Musicalion', 'P1', 1, (501, 503), (107,), (3.75,), (108,), (1.0,))
('K.50 Musicalion', 'P1', 1, (509, 511), (109,), (3.75,), (110,), (1.0,))
('K.50 Musicalion', 'P1', 1, (518, 520), (111,), (3.75,), (112,), (1.0,))
('K.50 Musicalion', 'P1', 3, (30, 32), (11,), (2.0,), (11,), (3.0,))
('K.50 Musicalion', 'P1', 3, (36, 38), (13,), (2.0,), (13,), (3.0,))

40.    ((1, 2),):
('K.50 Musicalion', 'P1', 1, (638, 640), (134,), (1.0,), (134,), (3.0,))
('K.50 Musicalion', 'P1', 3, (33, 35), (12,), (2.0,), (12,), (3.0,))
('K.50 Musicalion', 'P1', 3, (39, 41), (14,), (2.0,), (14,), (3.0,))
('K.50 Musicalion', 'P1', 3, (54, 56), (19,), (2.0,), (19,), (3.0,))

41.    ((-2, 1),):
('K.50 Musicalion', 'P1', 1, (180, 182), (45,), (3.5,), (46,), (1.0,))
('K.50 Musicalion', 'P1', 1, (526, 528), (113,), (3.75,), (114,), (1.0,))
('K.50 Musicalion', 'P1', 3, (46, 48), (16,), (3.0,), (17,), (1.0,))

42.    ((1, 4),):
('K.50 Musicalion', 'P1', 3, (51, 53), (18,), (2.0,), (18,), (3.0,))
('K.50 Musicalion', 'P1', 3, (408, 410), (148,), (1.0,), (148,), (3.0,))
('K.50 Musicalion', 'P1', 3, (424, 426), (155,), (1.0,), (155,), (3.0,))

43.    ((3, 3),):
('K.50 Musicalion', 'P1', 1, (0, 2), (1,), (1.0,), (2,), (1.0,))
('K.50 Musicalion', 'P1', 1, (317, 319), (71,), (1.0,), (72,), (1.0,))

44.    ((6, -7),):
('K.50 Musicalion', 'P1', 1, (310, 312), (69,), (1.0,), (69,), (1.5,))
('K.50 Musicalion', 'P1', 1, (760, 762), (158,), (3.0,), (158,), (3.5,))

45.    ((4, -7),):
('K.50 Musicalion', 'P1', 1, (300, 302), (67,), (2.0,), (67,), (2.5,))
('K.50 Musicalion', 'P1', 3, (26, 28), (8,), (1.0,), (9,), (1.0,))

46.    ((4, -5),):
('K.50 Musicalion', 'P1', 1, (306, 308), (68,), (2.0,), (68,), (2.5,))
('K.50 Musicalion', 'P1', 3, (409, 411), (148,), (3.0,), (149,), (1.0,))

47.    ((1, (3, 1)),):
('K.50 Musicalion', 'P1', 2, (15, 17), (105,), (2.5,), (105,), (3.0,))
('K.50 Musicalion', 'P1', 3, (121, 123), (40,), (2.0,), (40,), (3.0,))

48.    ((3,),):
('K.50 Musicalion', 'P1', 1, (0, 1), (1,), (1.0,), (1,), (1.0,))
('K.50 Musicalion', 'P1', 1, (1, 2), (2,), (1.0,), (2,), (1.0,))
('K.50 Musicalion', 'P1', 1, (20, 21), (6,), (1.0,), (6,), (1.0,))
('K.50 Musicalion', 'P1', 1, (21, 22), (7,), (1.0,), (7,), (1.0,))
('K.50 Musicalion', 'P1', 1, (44, 45), (13,), (1.0,), (13,), (1.0,))
('K.50 Musicalion', 'P1', 1, (54, 55), (15,), (1.0,), (15,), (1.0,))
('K.50 Musicalion', 'P1', 1, (67, 68), (17,), (1.0,), (17,), (1.0,))
('K.50 Musicalion', 'P1', 1, (73, 74), (18,), (1.0,), (18,), (1.0,))
('K.50 Musicalion', 'P1', 1, (87, 88), (21,), (2.0,), (21,), (2.0,))
('K.50 Musicalion', 'P1', 1, (93, 94), (23,), (2.0,), (23,), (2.0,))
('K.50 Musicalion', 'P1', 1, (99, 100), (25,), (2.0,), (25,), (2.0,))
('K.50 Musicalion', 'P1', 1, (115, 116), (29,), (2.0,), (29,), (2.0,))
('K.50 Musicalion', 'P1', 1, (121, 122), (31,), (2.0,), (31,), (2.0,))
('K.50 Musicalion', 'P1', 1, (127, 128), (33,), (2.0,), (33,), (2.0,))
('K.50 Musicalion', 'P1', 1, (193, 194), (48,), (2.5,), (48,), (2.5,))
('K.50 Musicalion', 'P1', 1, (205, 206), (50,), (2.5,), (50,), (2.5,))
('K.50 Musicalion', 'P1', 1, (217, 218), (52,), (2.5,), (52,), (2.5,))
('K.50 Musicalion', 'P1', 1, (238, 239), (56,), (2.5,), (56,), (2.5,))
('K.50 Musicalion', 'P1', 1, (250, 251), (58,), (2.5,), (58,), (2.5,))
('K.50 Musicalion', 'P1', 1, (262, 263), (60,), (2.5,), (60,), (2.5,))
('K.50 Musicalion', 'P1', 1, (274, 275), (62,), (2.5,), (62,), (2.5,))
('K.50 Musicalion', 'P1', 1, (293, 294), (66,), (1.5,), (66,), (1.5,))
('K.50 Musicalion', 'P1', 1, (294, 295), (66,), (2.0,), (66,), (2.0,))
('K.50 Musicalion', 'P1', 1, (298, 299), (67,), (1.0,), (67,), (1.0,))
('K.50 Musicalion', 'P1', 1, (299, 300), (67,), (1.5,), (67,), (1.5,))
('K.50 Musicalion', 'P1', 1, (304, 305), (68,), (1.0,), (68,), (1.0,))
('K.50 Musicalion', 'P1', 1, (305, 306), (68,), (1.5,), (68,), (1.5,))
('K.50 Musicalion', 'P1', 1, (317, 318), (71,), (1.0,), (71,), (1.0,))
('K.50 Musicalion', 'P1', 1, (318, 319), (72,), (1.0,), (72,), (1.0,))
('K.50 Musicalion', 'P1', 1, (319, 320), (73,), (1.0,), (73,), (1.0,))
('K.50 Musicalion', 'P1', 1, (321, 322), (73,), (2.0,), (73,), (2.0,))
('K.50 Musicalion', 'P1', 1, (323, 324), (73,), (3.0,), (73,), (3.0,))
('K.50 Musicalion', 'P1', 1, (325, 326), (74,), (1.0,), (74,), (1.0,))
('K.50 Musicalion', 'P1', 1, (331, 332), (75,), (1.0,), (75,), (1.0,))
('K.50 Musicalion', 'P1', 1, (334, 335), (76,), (1.0,), (76,), (1.0,))
('K.50 Musicalion', 'P1', 1, (337, 338), (77,), (1.0,), (77,), (1.0,))
('K.50 Musicalion', 'P1', 1, (340, 341), (78,), (1.0,), (78,), (1.0,))
('K.50 Musicalion', 'P1', 1, (342, 343), (78,), (2.0,), (78,), (2.0,))
('K.50 Musicalion', 'P1', 1, (344, 345), (78,), (3.0,), (78,), (3.0,))
('K.50 Musicalion', 'P1', 1, (346, 347), (79,), (1.0,), (79,), (1.0,))
('K.50 Musicalion', 'P1', 1, (352, 353), (80,), (1.0,), (80,), (1.0,))
('K.50 Musicalion', 'P1', 1, (392, 393), (88,), (1.0,), (88,), (1.0,))
('K.50 Musicalion', 'P1', 1, (404, 405), (90,), (2.5,), (90,), (2.5,))
('K.50 Musicalion', 'P1', 1, (416, 417), (92,), (2.5,), (92,), (2.5,))
('K.50 Musicalion', 'P1', 1, (428, 429), (94,), (2.5,), (94,), (2.5,))
('K.50 Musicalion', 'P1', 1, (511, 512), (110,), (2.0,), (110,), (2.0,))
('K.50 Musicalion', 'P1', 1, (539, 540), (116,), (2.5,), (116,), (2.5,))
('K.50 Musicalion', 'P1', 1, (551, 552), (118,), (2.5,), (118,), (2.5,))
('K.50 Musicalion', 'P1', 1, (563, 564), (120,), (2.5,), (120,), (2.5,))
('K.50 Musicalion', 'P1', 1, (584, 585), (124,), (2.5,), (124,), (2.5,))
('K.50 Musicalion', 'P1', 1, (596, 597), (126,), (2.5,), (126,), (2.5,))
('K.50 Musicalion', 'P1', 1, (608, 609), (128,), (2.5,), (128,), (2.5,))
('K.50 Musicalion', 'P1', 1, (620, 621), (130,), (2.5,), (130,), (2.5,))
('K.50 Musicalion', 'P1', 1, (649, 650), (136,), (3.0,), (136,), (3.0,))
('K.50 Musicalion', 'P1', 1, (663, 664), (140,), (3.0,), (140,), (3.0,))
('K.50 Musicalion', 'P1', 1, (708, 709), (150,), (1.0,), (150,), (1.0,))
('K.50 Musicalion', 'P1', 1, (756, 757), (158,), (1.0,), (158,), (1.0,))
('K.50 Musicalion', 'P1', 2, (3, 4), (55,), (2.5,), (55,), (2.5,))
('K.50 Musicalion', 'P1', 2, (9, 10), (65,), (2.5,), (65,), (2.5,))
('K.50 Musicalion', 'P1', 2, (20, 21), (123,), (2.5,), (123,), (2.5,))
('K.50 Musicalion', 'P1', 2, (26, 27), (133,), (2.5,), (133,), (2.5,))
('K.50 Musicalion', 'P1', 2, (35, 36), (137,), (3.5,), (137,), (3.5,))
('K.50 Musicalion', 'P1', 3, (4, 5), (1,), (3.0,), (1,), (3.0,))
('K.50 Musicalion', 'P1', 3, (6, 7), (2,), (1.0,), (2,), (1.0,))
('K.50 Musicalion', 'P1', 3, (10, 11), (2,), (3.0,), (2,), (3.0,))
('K.50 Musicalion', 'P1', 3, (18, 19), (6,), (3.0,), (6,), (3.0,))
('K.50 Musicalion', 'P1', 3, (20, 21), (7,), (1.0,), (7,), (1.0,))
('K.50 Musicalion', 'P1', 3, (24, 25), (7,), (3.0,), (7,), (3.0,))
('K.50 Musicalion', 'P1', 3, (45, 46), (16,), (2.0,), (16,), (2.0,))
('K.50 Musicalion', 'P1', 3, (203, 204), (71,), (3.0,), (71,), (3.0,))
('K.50 Musicalion', 'P1', 3, (205, 206), (72,), (1.0,), (72,), (1.0,))
('K.50 Musicalion', 'P1', 3, (209, 210), (72,), (3.0,), (72,), (3.0,))
('K.50 Musicalion', 'P1', 3, (277, 278), (97,), (1.0,), (97,), (1.0,))
('K.50 Musicalion', 'P1', 3, (285, 286), (101,), (1.0,), (101,), (1.0,))

49.    ((-3,),):
('K.50 Musicalion', 'P1', 1, (103, 104), (26,), (2.0,), (26,), (2.0,))
('K.50 Musicalion', 'P1', 1, (109, 110), (27,), (2.0,), (27,), (2.0,))
('K.50 Musicalion', 'P1', 1, (131, 132), (34,), (2.0,), (34,), (2.0,))
('K.50 Musicalion', 'P1', 1, (137, 138), (35,), (2.0,), (35,), (2.0,))
('K.50 Musicalion', 'P1', 1, (182, 183), (46,), (3.0,), (46,), (3.0,))
('K.50 Musicalion', 'P1', 1, (194, 195), (48,), (3.0,), (48,), (3.0,))
('K.50 Musicalion', 'P1', 1, (206, 207), (50,), (3.0,), (50,), (3.0,))
('K.50 Musicalion', 'P1', 1, (218, 219), (52,), (3.0,), (52,), (3.0,))
('K.50 Musicalion', 'P1', 1, (239, 240), (56,), (3.0,), (56,), (3.0,))
('K.50 Musicalion', 'P1', 1, (251, 252), (58,), (3.0,), (58,), (3.0,))
('K.50 Musicalion', 'P1', 1, (263, 264), (60,), (3.0,), (60,), (3.0,))
('K.50 Musicalion', 'P1', 1, (275, 276), (62,), (3.0,), (62,), (3.0,))
('K.50 Musicalion', 'P1', 1, (393, 394), (88,), (3.0,), (88,), (3.0,))
('K.50 Musicalion', 'P1', 1, (405, 406), (90,), (3.0,), (90,), (3.0,))
('K.50 Musicalion', 'P1', 1, (417, 418), (92,), (3.0,), (92,), (3.0,))
('K.50 Musicalion', 'P1', 1, (429, 430), (94,), (3.0,), (94,), (3.0,))
('K.50 Musicalion', 'P1', 1, (504, 505), (108,), (3.0,), (108,), (3.0,))
('K.50 Musicalion', 'P1', 1, (521, 522), (112,), (3.0,), (112,), (3.0,))
('K.50 Musicalion', 'P1', 1, (528, 529), (114,), (3.0,), (114,), (3.0,))
('K.50 Musicalion', 'P1', 1, (540, 541), (116,), (3.0,), (116,), (3.0,))
('K.50 Musicalion', 'P1', 1, (552, 553), (118,), (3.0,), (118,), (3.0,))
('K.50 Musicalion', 'P1', 1, (564, 565), (120,), (3.0,), (120,), (3.0,))
('K.50 Musicalion', 'P1', 1, (585, 586), (124,), (3.0,), (124,), (3.0,))
('K.50 Musicalion', 'P1', 1, (597, 598), (126,), (3.0,), (126,), (3.0,))
('K.50 Musicalion', 'P1', 1, (609, 610), (128,), (3.0,), (128,), (3.0,))
('K.50 Musicalion', 'P1', 1, (621, 622), (130,), (3.0,), (130,), (3.0,))
('K.50 Musicalion', 'P1', 1, (676, 677), (144,), (3.0,), (144,), (3.0,))
('K.50 Musicalion', 'P1', 1, (678, 679), (145,), (1.0,), (145,), (1.0,))
('K.50 Musicalion', 'P1', 1, (682, 683), (145,), (3.0,), (145,), (3.0,))
('K.50 Musicalion', 'P1', 1, (684, 685), (146,), (1.0,), (146,), (1.0,))
('K.50 Musicalion', 'P1', 1, (688, 689), (146,), (3.0,), (146,), (3.0,))
('K.50 Musicalion', 'P1', 1, (690, 691), (147,), (1.0,), (147,), (1.0,))
('K.50 Musicalion', 'P1', 1, (694, 695), (147,), (3.0,), (147,), (3.0,))
('K.50 Musicalion', 'P1', 1, (696, 697), (148,), (1.0,), (148,), (1.0,))
('K.50 Musicalion', 'P1', 1, (697, 698), (148,), (1.5,), (148,), (1.5,))
('K.50 Musicalion', 'P1', 1, (706, 707), (149,), (3.0,), (149,), (3.0,))
('K.50 Musicalion', 'P1', 1, (714, 715), (151,), (1.0,), (151,), (1.0,))
('K.50 Musicalion', 'P1', 1, (718, 719), (151,), (3.0,), (151,), (3.0,))
('K.50 Musicalion', 'P1', 1, (720, 721), (152,), (1.0,), (152,), (1.0,))
('K.50 Musicalion', 'P1', 1, (724, 725), (152,), (3.0,), (152,), (3.0,))
('K.50 Musicalion', 'P1', 1, (726, 727), (153,), (1.0,), (153,), (1.0,))
('K.50 Musicalion', 'P1', 1, (730, 731), (153,), (3.0,), (153,), (3.0,))
('K.50 Musicalion', 'P1', 1, (732, 733), (154,), (1.0,), (154,), (1.0,))
('K.50 Musicalion', 'P1', 1, (736, 737), (154,), (3.0,), (154,), (3.0,))
('K.50 Musicalion', 'P1', 1, (738, 739), (155,), (1.0,), (155,), (1.0,))
('K.50 Musicalion', 'P1', 1, (739, 740), (155,), (1.5,), (155,), (1.5,))
('K.50 Musicalion', 'P1', 1, (748, 749), (156,), (3.0,), (156,), (3.0,))
('K.50 Musicalion', 'P1', 2, (10, 11), (65,), (3.0,), (65,), (3.0,))
('K.50 Musicalion', 'P1', 2, (27, 28), (133,), (3.0,), (133,), (3.0,))
('K.50 Musicalion', 'P1', 3, (58, 59), (21,), (1.5,), (21,), (1.5,))
('K.50 Musicalion', 'P1', 3, (59, 60), (21,), (2.0,), (21,), (2.0,))
('K.50 Musicalion', 'P1', 3, (65, 66), (23,), (1.5,), (23,), (1.5,))
('K.50 Musicalion', 'P1', 3, (66, 67), (23,), (2.0,), (23,), (2.0,))
('K.50 Musicalion', 'P1', 3, (72, 73), (25,), (1.5,), (25,), (1.5,))
('K.50 Musicalion', 'P1', 3, (73, 74), (25,), (2.0,), (25,), (2.0,))
('K.50 Musicalion', 'P1', 3, (84, 85), (29,), (1.5,), (29,), (1.5,))
('K.50 Musicalion', 'P1', 3, (85, 86), (29,), (2.0,), (29,), (2.0,))
('K.50 Musicalion', 'P1', 3, (91, 92), (31,), (1.5,), (31,), (1.5,))
('K.50 Musicalion', 'P1', 3, (92, 93), (31,), (2.0,), (31,), (2.0,))
('K.50 Musicalion', 'P1', 3, (98, 99), (33,), (1.5,), (33,), (1.5,))
('K.50 Musicalion', 'P1', 3, (99, 100), (33,), (2.0,), (33,), (2.0,))
('K.50 Musicalion', 'P1', 3, (118, 119), (39,), (2.0,), (39,), (2.0,))
('K.50 Musicalion', 'P1', 3, (130, 131), (43,), (2.0,), (43,), (2.0,))
('K.50 Musicalion', 'P1', 3, (414, 415), (150,), (2.0,), (150,), (2.0,))
('K.50 Musicalion', 'P1', 3, (429, 430), (157,), (1.0,), (157,), (1.0,))

50.    ((-4,),):
('K.50 Musicalion', 'P1', 1, (33, 34), (9,), (3.5,), (9,), (3.5,))
('K.50 Musicalion', 'P1', 1, (91, 92), (22,), (3.0,), (22,), (3.0,))
('K.50 Musicalion', 'P1', 1, (97, 98), (24,), (3.0,), (24,), (3.0,))
('K.50 Musicalion', 'P1', 1, (113, 114), (28,), (1.0,), (28,), (1.0,))
('K.50 Musicalion', 'P1', 1, (119, 120), (30,), (3.0,), (30,), (3.0,))
('K.50 Musicalion', 'P1', 1, (125, 126), (32,), (3.0,), (32,), (3.0,))
('K.50 Musicalion', 'P1', 1, (141, 142), (36,), (1.0,), (36,), (1.0,))
('K.50 Musicalion', 'P1', 1, (148, 149), (38,), (1.0,), (38,), (1.0,))
('K.50 Musicalion', 'P1', 1, (164, 165), (42,), (1.0,), (42,), (1.0,))
('K.50 Musicalion', 'P1', 1, (184, 185), (47,), (1.0,), (47,), (1.0,))
('K.50 Musicalion', 'P1', 1, (192, 193), (48,), (2.0,), (48,), (2.0,))
('K.50 Musicalion', 'P1', 1, (196, 197), (49,), (1.0,), (49,), (1.0,))
('K.50 Musicalion', 'P1', 1, (204, 205), (50,), (2.0,), (50,), (2.0,))
('K.50 Musicalion', 'P1', 1, (208, 209), (51,), (1.0,), (51,), (1.0,))
('K.50 Musicalion', 'P1', 1, (214, 215), (52,), (1.0,), (52,), (1.0,))
('K.50 Musicalion', 'P1', 1, (220, 221), (53,), (1.0,), (53,), (1.0,))
('K.50 Musicalion', 'P1', 1, (235, 236), (56,), (1.0,), (56,), (1.0,))
('K.50 Musicalion', 'P1', 1, (241, 242), (57,), (1.0,), (57,), (1.0,))
('K.50 Musicalion', 'P1', 1, (249, 250), (58,), (2.0,), (58,), (2.0,))
('K.50 Musicalion', 'P1', 1, (253, 254), (59,), (1.0,), (59,), (1.0,))
('K.50 Musicalion', 'P1', 1, (261, 262), (60,), (2.0,), (60,), (2.0,))
('K.50 Musicalion', 'P1', 1, (265, 266), (61,), (1.0,), (61,), (1.0,))
('K.50 Musicalion', 'P1', 1, (271, 272), (62,), (1.0,), (62,), (1.0,))
('K.50 Musicalion', 'P1', 1, (277, 278), (63,), (1.0,), (63,), (1.0,))
('K.50 Musicalion', 'P1', 1, (297, 298), (66,), (3.5,), (66,), (3.5,))
('K.50 Musicalion', 'P1', 1, (395, 396), (89,), (1.0,), (89,), (1.0,))
('K.50 Musicalion', 'P1', 1, (403, 404), (90,), (2.0,), (90,), (2.0,))
('K.50 Musicalion', 'P1', 1, (407, 408), (91,), (1.0,), (91,), (1.0,))
('K.50 Musicalion', 'P1', 1, (415, 416), (92,), (2.0,), (92,), (2.0,))
('K.50 Musicalion', 'P1', 1, (419, 420), (93,), (1.0,), (93,), (1.0,))
('K.50 Musicalion', 'P1', 1, (425, 426), (94,), (1.0,), (94,), (1.0,))
('K.50 Musicalion', 'P1', 1, (431, 432), (95,), (1.0,), (95,), (1.0,))
('K.50 Musicalion', 'P1', 1, (481, 482), (103,), (2.0,), (103,), (2.0,))
('K.50 Musicalion', 'P1', 1, (494, 495), (106,), (1.0,), (106,), (1.0,))
('K.50 Musicalion', 'P1', 1, (530, 531), (115,), (1.0,), (115,), (1.0,))
('K.50 Musicalion', 'P1', 1, (538, 539), (116,), (2.0,), (116,), (2.0,))
('K.50 Musicalion', 'P1', 1, (542, 543), (117,), (1.0,), (117,), (1.0,))
('K.50 Musicalion', 'P1', 1, (550, 551), (118,), (2.0,), (118,), (2.0,))
('K.50 Musicalion', 'P1', 1, (554, 555), (119,), (1.0,), (119,), (1.0,))
('K.50 Musicalion', 'P1', 1, (560, 561), (120,), (1.0,), (120,), (1.0,))
('K.50 Musicalion', 'P1', 1, (566, 567), (121,), (1.0,), (121,), (1.0,))
('K.50 Musicalion', 'P1', 1, (581, 582), (124,), (1.0,), (124,), (1.0,))
('K.50 Musicalion', 'P1', 1, (587, 588), (125,), (1.0,), (125,), (1.0,))
('K.50 Musicalion', 'P1', 1, (595, 596), (126,), (2.0,), (126,), (2.0,))
('K.50 Musicalion', 'P1', 1, (599, 600), (127,), (1.0,), (127,), (1.0,))
('K.50 Musicalion', 'P1', 1, (607, 608), (128,), (2.0,), (128,), (2.0,))
('K.50 Musicalion', 'P1', 1, (611, 612), (129,), (1.0,), (129,), (1.0,))
('K.50 Musicalion', 'P1', 1, (617, 618), (130,), (1.0,), (130,), (1.0,))
('K.50 Musicalion', 'P1', 1, (623, 624), (131,), (1.0,), (131,), (1.0,))
('K.50 Musicalion', 'P1', 2, (2, 3), (55,), (2.0,), (55,), (2.0,))
('K.50 Musicalion', 'P1', 2, (8, 9), (65,), (2.0,), (65,), (2.0,))
('K.50 Musicalion', 'P1', 2, (14, 15), (105,), (2.0,), (105,), (2.0,))
('K.50 Musicalion', 'P1', 2, (19, 20), (123,), (2.0,), (123,), (2.0,))
('K.50 Musicalion', 'P1', 2, (25, 26), (133,), (2.0,), (133,), (2.0,))
('K.50 Musicalion', 'P1', 3, (1, 2), (1,), (1.5,), (1,), (1.5,))
('K.50 Musicalion', 'P1', 3, (15, 16), (6,), (1.5,), (6,), (1.5,))
('K.50 Musicalion', 'P1', 3, (200, 201), (71,), (1.5,), (71,), (1.5,))
('K.50 Musicalion', 'P1', 3, (222, 223), (76,), (3.5,), (76,), (3.5,))

51.    ((-6,),):
('K.50 Musicalion', 'P1', 1, (40, 41), (12,), (1.0,), (12,), (1.0,))
('K.50 Musicalion', 'P1', 1, (50, 51), (14,), (1.0,), (14,), (1.0,))
('K.50 Musicalion', 'P1', 1, (179, 180), (45,), (3.0,), (45,), (3.0,))
('K.50 Musicalion', 'P1', 1, (188, 189), (47,), (3.0,), (47,), (3.0,))
('K.50 Musicalion', 'P1', 1, (200, 201), (49,), (3.0,), (49,), (3.0,))
('K.50 Musicalion', 'P1', 1, (224, 225), (53,), (3.0,), (53,), (3.0,))
('K.50 Musicalion', 'P1', 1, (228, 229), (54,), (2.0,), (54,), (2.0,))
('K.50 Musicalion', 'P1', 1, (245, 246), (57,), (3.0,), (57,), (3.0,))
('K.50 Musicalion', 'P1', 1, (257, 258), (59,), (3.0,), (59,), (3.0,))
('K.50 Musicalion', 'P1', 1, (281, 282), (63,), (3.0,), (63,), (3.0,))
('K.50 Musicalion', 'P1', 1, (285, 286), (64,), (2.0,), (64,), (2.0,))
('K.50 Musicalion', 'P1', 1, (399, 400), (89,), (3.0,), (89,), (3.0,))
('K.50 Musicalion', 'P1', 1, (411, 412), (91,), (3.0,), (91,), (3.0,))
('K.50 Musicalion', 'P1', 1, (435, 436), (95,), (3.0,), (95,), (3.0,))
('K.50 Musicalion', 'P1', 1, (437, 438), (96,), (1.0,), (96,), (1.0,))
('K.50 Musicalion', 'P1', 1, (439, 440), (96,), (2.0,), (96,), (2.0,))
('K.50 Musicalion', 'P1', 1, (441, 442), (96,), (3.0,), (96,), (3.0,))
('K.50 Musicalion', 'P1', 1, (443, 444), (97,), (1.0,), (97,), (1.0,))
('K.50 Musicalion', 'P1', 1, (445, 446), (97,), (2.0,), (97,), (2.0,))
('K.50 Musicalion', 'P1', 1, (447, 448), (97,), (3.0,), (97,), (3.0,))
('K.50 Musicalion', 'P1', 1, (449, 450), (98,), (1.0,), (98,), (1.0,))
('K.50 Musicalion', 'P1', 1, (451, 452), (98,), (2.0,), (98,), (2.0,))
('K.50 Musicalion', 'P1', 1, (453, 454), (98,), (3.0,), (98,), (3.0,))
('K.50 Musicalion', 'P1', 1, (455, 456), (99,), (1.0,), (99,), (1.0,))
('K.50 Musicalion', 'P1', 1, (457, 458), (99,), (2.0,), (99,), (2.0,))
('K.50 Musicalion', 'P1', 1, (459, 460), (99,), (3.0,), (99,), (3.0,))
('K.50 Musicalion', 'P1', 1, (461, 462), (100,), (1.0,), (100,), (1.0,))
('K.50 Musicalion', 'P1', 1, (463, 464), (100,), (2.0,), (100,), (2.0,))
('K.50 Musicalion', 'P1', 1, (465, 466), (100,), (3.0,), (100,), (3.0,))
('K.50 Musicalion', 'P1', 1, (467, 468), (101,), (1.0,), (101,), (1.0,))
('K.50 Musicalion', 'P1', 1, (469, 470), (101,), (2.0,), (101,), (2.0,))
('K.50 Musicalion', 'P1', 1, (471, 472), (101,), (3.0,), (101,), (3.0,))
('K.50 Musicalion', 'P1', 1, (473, 474), (102,), (1.0,), (102,), (1.0,))
('K.50 Musicalion', 'P1', 1, (475, 476), (102,), (2.0,), (102,), (2.0,))
('K.50 Musicalion', 'P1', 1, (477, 478), (102,), (3.0,), (102,), (3.0,))
('K.50 Musicalion', 'P1', 1, (479, 480), (103,), (1.0,), (103,), (1.0,))
('K.50 Musicalion', 'P1', 1, (483, 484), (103,), (3.0,), (103,), (3.0,))
('K.50 Musicalion', 'P1', 1, (485, 486), (104,), (1.0,), (104,), (1.0,))
('K.50 Musicalion', 'P1', 1, (487, 488), (104,), (2.0,), (104,), (2.0,))
('K.50 Musicalion', 'P1', 1, (489, 490), (104,), (3.0,), (104,), (3.0,))
('K.50 Musicalion', 'P1', 1, (534, 535), (115,), (3.0,), (115,), (3.0,))
('K.50 Musicalion', 'P1', 1, (546, 547), (117,), (3.0,), (117,), (3.0,))
('K.50 Musicalion', 'P1', 1, (570, 571), (121,), (3.0,), (121,), (3.0,))
('K.50 Musicalion', 'P1', 1, (574, 575), (122,), (2.0,), (122,), (2.0,))
('K.50 Musicalion', 'P1', 1, (591, 592), (125,), (3.0,), (125,), (3.0,))
('K.50 Musicalion', 'P1', 1, (603, 604), (127,), (3.0,), (127,), (3.0,))
('K.50 Musicalion', 'P1', 1, (627, 628), (131,), (3.0,), (131,), (3.0,))
('K.50 Musicalion', 'P1', 1, (631, 632), (132,), (2.0,), (132,), (2.0,))
('K.50 Musicalion', 'P1', 3, (42, 43), (15,), (2.0,), (15,), (2.0,))

52.    ((1,),):
('K.50 Musicalion', 'P1', 1, (173, 174), (44,), (1.0,), (44,), (1.0,))
('K.50 Musicalion', 'P1', 1, (181, 182), (46,), (1.0,), (46,), (1.0,))
('K.50 Musicalion', 'P1', 1, (316, 317), (70,), (1.0,), (70,), (1.0,))
('K.50 Musicalion', 'P1', 1, (495, 496), (106,), (3.0,), (106,), (3.0,))
('K.50 Musicalion', 'P1', 1, (501, 502), (107,), (3.75,), (107,), (3.75,))
('K.50 Musicalion', 'P1', 1, (509, 510), (109,), (3.75,), (109,), (3.75,))
('K.50 Musicalion', 'P1', 1, (512, 513), (110,), (3.0,), (110,), (3.0,))
('K.50 Musicalion', 'P1', 1, (518, 519), (111,), (3.75,), (111,), (3.75,))
('K.50 Musicalion', 'P1', 1, (527, 528), (114,), (1.0,), (114,), (1.0,))
('K.50 Musicalion', 'P1', 1, (638, 639), (134,), (1.0,), (134,), (1.0,))
('K.50 Musicalion', 'P1', 1, (646, 647), (135,), (3.5,), (135,), (3.5,))
('K.50 Musicalion', 'P1', 1, (660, 661), (139,), (3.5,), (139,), (3.5,))
('K.50 Musicalion', 'P1', 2, (15, 16), (105,), (2.5,), (105,), (2.5,))
('K.50 Musicalion', 'P1', 3, (29, 30), (11,), (1.0,), (11,), (1.0,))
('K.50 Musicalion', 'P1', 3, (30, 31), (11,), (2.0,), (11,), (2.0,))
('K.50 Musicalion', 'P1', 3, (32, 33), (12,), (1.0,), (12,), (1.0,))
('K.50 Musicalion', 'P1', 3, (33, 34), (12,), (2.0,), (12,), (2.0,))
('K.50 Musicalion', 'P1', 3, (35, 36), (13,), (1.0,), (13,), (1.0,))
('K.50 Musicalion', 'P1', 3, (36, 37), (13,), (2.0,), (13,), (2.0,))
('K.50 Musicalion', 'P1', 3, (38, 39), (14,), (1.0,), (14,), (1.0,))
('K.50 Musicalion', 'P1', 3, (39, 40), (14,), (2.0,), (14,), (2.0,))
('K.50 Musicalion', 'P1', 3, (41, 42), (15,), (1.0,), (15,), (1.0,))
('K.50 Musicalion', 'P1', 3, (44, 45), (16,), (1.0,), (16,), (1.0,))
('K.50 Musicalion', 'P1', 3, (47, 48), (17,), (1.0,), (17,), (1.0,))
('K.50 Musicalion', 'P1', 3, (51, 52), (18,), (2.0,), (18,), (2.0,))
('K.50 Musicalion', 'P1', 3, (54, 55), (19,), (2.0,), (19,), (2.0,))
('K.50 Musicalion', 'P1', 3, (121, 122), (40,), (2.0,), (40,), (2.0,))
('K.50 Musicalion', 'P1', 3, (133, 134), (44,), (2.0,), (44,), (2.0,))
('K.50 Musicalion', 'P1', 3, (136, 137), (45,), (2.0,), (45,), (2.0,))
('K.50 Musicalion', 'P1', 3, (212, 213), (74,), (1.0,), (74,), (1.0,))
('K.50 Musicalion', 'P1', 3, (213, 214), (74,), (2.0,), (74,), (2.0,))
('K.50 Musicalion', 'P1', 3, (237, 238), (82,), (1.0,), (82,), (1.0,))
('K.50 Musicalion', 'P1', 3, (238, 239), (82,), (2.0,), (82,), (2.0,))
('K.50 Musicalion', 'P1', 3, (270, 271), (94,), (1.0,), (94,), (1.0,))
('K.50 Musicalion', 'P1', 3, (299, 300), (106,), (3.0,), (106,), (3.0,))
('K.50 Musicalion', 'P1', 3, (309, 310), (110,), (3.0,), (110,), (3.0,))
('K.50 Musicalion', 'P1', 3, (370, 371), (134,), (1.0,), (134,), (1.0,))
('K.50 Musicalion', 'P1', 3, (371, 372), (134,), (2.0,), (134,), (2.0,))
('K.50 Musicalion', 'P1', 3, (408, 409), (148,), (1.0,), (148,), (1.0,))
('K.50 Musicalion', 'P1', 3, (424, 425), (155,), (1.0,), (155,), (1.0,))

53.    ((7,),):
('K.50 Musicalion', 'P1', 1, (229, 230), (54,), (2.5,), (54,), (2.5,))
('K.50 Musicalion', 'P1', 1, (231, 232), (54,), (3.5,), (54,), (3.5,))
('K.50 Musicalion', 'P1', 1, (286, 287), (64,), (2.5,), (64,), (2.5,))
('K.50 Musicalion', 'P1', 1, (288, 289), (64,), (3.5,), (64,), (3.5,))
('K.50 Musicalion', 'P1', 1, (296, 297), (66,), (3.0,), (66,), (3.0,))
('K.50 Musicalion', 'P1', 1, (348, 349), (79,), (2.0,), (79,), (2.0,))
('K.50 Musicalion', 'P1', 1, (438, 439), (96,), (1.5,), (96,), (1.5,))
('K.50 Musicalion', 'P1', 1, (440, 441), (96,), (2.5,), (96,), (2.5,))
('K.50 Musicalion', 'P1', 1, (454, 455), (98,), (3.5,), (98,), (3.5,))
('K.50 Musicalion', 'P1', 1, (456, 457), (99,), (1.5,), (99,), (1.5,))
('K.50 Musicalion', 'P1', 1, (458, 459), (99,), (2.5,), (99,), (2.5,))
('K.50 Musicalion', 'P1', 1, (462, 463), (100,), (1.5,), (100,), (1.5,))
('K.50 Musicalion', 'P1', 1, (464, 465), (100,), (2.5,), (100,), (2.5,))
('K.50 Musicalion', 'P1', 1, (478, 479), (102,), (3.5,), (102,), (3.5,))
('K.50 Musicalion', 'P1', 1, (482, 483), (103,), (2.5,), (103,), (2.5,))
('K.50 Musicalion', 'P1', 1, (486, 487), (104,), (1.5,), (104,), (1.5,))
('K.50 Musicalion', 'P1', 1, (488, 489), (104,), (2.5,), (104,), (2.5,))
('K.50 Musicalion', 'P1', 1, (575, 576), (122,), (2.5,), (122,), (2.5,))
('K.50 Musicalion', 'P1', 1, (577, 578), (122,), (3.5,), (122,), (3.5,))
('K.50 Musicalion', 'P1', 1, (632, 633), (132,), (2.5,), (132,), (2.5,))
('K.50 Musicalion', 'P1', 1, (634, 635), (132,), (3.5,), (132,), (3.5,))
('K.50 Musicalion', 'P1', 1, (698, 699), (148,), (2.0,), (148,), (2.0,))
('K.50 Musicalion', 'P1', 1, (740, 741), (155,), (2.0,), (155,), (2.0,))
('K.50 Musicalion', 'P1', 2, (28, 29), (133,), (3.5,), (133,), (3.5,))
('K.50 Musicalion', 'P1', 3, (57, 58), (21,), (1.0,), (21,), (1.0,))
('K.50 Musicalion', 'P1', 3, (64, 65), (23,), (1.0,), (23,), (1.0,))
('K.50 Musicalion', 'P1', 3, (71, 72), (25,), (1.0,), (25,), (1.0,))
('K.50 Musicalion', 'P1', 3, (83, 84), (29,), (1.0,), (29,), (1.0,))
('K.50 Musicalion', 'P1', 3, (90, 91), (31,), (1.0,), (31,), (1.0,))
('K.50 Musicalion', 'P1', 3, (97, 98), (33,), (1.0,), (33,), (1.0,))
('K.50 Musicalion', 'P1', 3, (215, 216), (75,), (1.0,), (75,), (1.0,))
('K.50 Musicalion', 'P1', 3, (219, 220), (76,), (1.0,), (76,), (1.0,))
('K.50 Musicalion', 'P1', 3, (223, 224), (77,), (1.0,), (77,), (1.0,))
('K.50 Musicalion', 'P1', 3, (229, 230), (80,), (1.0,), (80,), (1.0,))

54.    ((8,),):
('K.50 Musicalion', 'P1', 1, (215, 216), (52,), (1.5,), (52,), (1.5,))
('K.50 Musicalion', 'P1', 1, (236, 237), (56,), (1.5,), (56,), (1.5,))
('K.50 Musicalion', 'P1', 1, (272, 273), (62,), (1.5,), (62,), (1.5,))
('K.50 Musicalion', 'P1', 1, (426, 427), (94,), (1.5,), (94,), (1.5,))
('K.50 Musicalion', 'P1', 1, (561, 562), (120,), (1.5,), (120,), (1.5,))
('K.50 Musicalion', 'P1', 1, (582, 583), (124,), (1.5,), (124,), (1.5,))
('K.50 Musicalion', 'P1', 1, (618, 619), (130,), (1.5,), (130,), (1.5,))
('K.50 Musicalion', 'P1', 3, (56, 57), (20,), (1.0,), (20,), (1.0,))
('K.50 Musicalion', 'P1', 3, (108, 109), (36,), (1.0,), (36,), (1.0,))
('K.50 Musicalion', 'P1', 3, (109, 110), (36,), (2.0,), (36,), (2.0,))
('K.50 Musicalion', 'P1', 3, (120, 121), (40,), (1.0,), (40,), (1.0,))
('K.50 Musicalion', 'P1', 3, (132, 133), (44,), (1.0,), (44,), (1.0,))
('K.50 Musicalion', 'P1', 3, (135, 136), (45,), (1.0,), (45,), (1.0,))
('K.50 Musicalion', 'P1', 3, (298, 299), (106,), (1.0,), (106,), (1.0,))
('K.50 Musicalion', 'P1', 3, (308, 309), (110,), (1.0,), (110,), (1.0,))

55.    ((6,),):
('K.50 Musicalion', 'P1', 1, (302, 303), (67,), (3.0,), (67,), (3.0,))
('K.50 Musicalion', 'P1', 1, (308, 309), (68,), (3.0,), (68,), (3.0,))
('K.50 Musicalion', 'P1', 1, (312, 313), (69,), (2.0,), (69,), (2.0,))
('K.50 Musicalion', 'P1', 1, (333, 334), (75,), (2.0,), (75,), (2.0,))
('K.50 Musicalion', 'P1', 1, (339, 340), (77,), (2.0,), (77,), (2.0,))
('K.50 Musicalion', 'P1', 1, (442, 443), (96,), (3.5,), (96,), (3.5,))
('K.50 Musicalion', 'P1', 1, (448, 449), (97,), (3.5,), (97,), (3.5,))
('K.50 Musicalion', 'P1', 1, (452, 453), (98,), (2.5,), (98,), (2.5,))
('K.50 Musicalion', 'P1', 1, (466, 467), (100,), (3.5,), (100,), (3.5,))
('K.50 Musicalion', 'P1', 1, (472, 473), (101,), (3.5,), (101,), (3.5,))
('K.50 Musicalion', 'P1', 1, (476, 477), (102,), (2.5,), (102,), (2.5,))
('K.50 Musicalion', 'P1', 1, (490, 491), (104,), (3.5,), (104,), (3.5,))
('K.50 Musicalion', 'P1', 1, (750, 751), (157,), (1.0,), (157,), (1.0,))
('K.50 Musicalion', 'P1', 1, (760, 761), (158,), (3.0,), (158,), (3.0,))
('K.50 Musicalion', 'P1', 3, (413, 414), (150,), (1.0,), (150,), (1.0,))

56.    ((-8,),):
('K.50 Musicalion', 'P1', 1, (216, 217), (52,), (2.0,), (52,), (2.0,))
('K.50 Musicalion', 'P1', 1, (237, 238), (56,), (2.0,), (56,), (2.0,))
('K.50 Musicalion', 'P1', 1, (273, 274), (62,), (2.0,), (62,), (2.0,))
('K.50 Musicalion', 'P1', 1, (295, 296), (66,), (2.5,), (66,), (2.5,))
('K.50 Musicalion', 'P1', 1, (427, 428), (94,), (2.0,), (94,), (2.0,))
('K.50 Musicalion', 'P1', 1, (562, 563), (120,), (2.0,), (120,), (2.0,))
('K.50 Musicalion', 'P1', 1, (583, 584), (124,), (2.0,), (124,), (2.0,))
('K.50 Musicalion', 'P1', 1, (619, 620), (130,), (2.0,), (130,), (2.0,))
('K.50 Musicalion', 'P1', 3, (50, 51), (18,), (1.0,), (18,), (1.0,))
('K.50 Musicalion', 'P1', 3, (53, 54), (19,), (1.0,), (19,), (1.0,))
('K.50 Musicalion', 'P1', 3, (80, 81), (27,), (2.0,), (27,), (2.0,))
('K.50 Musicalion', 'P1', 3, (106, 107), (35,), (2.0,), (35,), (2.0,))
('K.50 Musicalion', 'P1', 3, (227, 228), (78,), (1.0,), (78,), (1.0,))

57.    ((-7,),):
('K.50 Musicalion', 'P1', 1, (230, 231), (54,), (3.0,), (54,), (3.0,))
('K.50 Musicalion', 'P1', 1, (287, 288), (64,), (3.0,), (64,), (3.0,))
('K.50 Musicalion', 'P1', 1, (303, 304), (67,), (3.5,), (67,), (3.5,))
('K.50 Musicalion', 'P1', 1, (311, 312), (69,), (1.5,), (69,), (1.5,))
('K.50 Musicalion', 'P1', 1, (576, 577), (122,), (3.0,), (122,), (3.0,))
('K.50 Musicalion', 'P1', 1, (633, 634), (132,), (3.0,), (132,), (3.0,))
('K.50 Musicalion', 'P1', 1, (761, 762), (158,), (3.5,), (158,), (3.5,))
('K.50 Musicalion', 'P1', 3, (137, 138), (45,), (3.0,), (45,), (3.0,))
('K.50 Musicalion', 'P1', 3, (415, 416), (150,), (3.0,), (150,), (3.0,))

58.    ((12,),):
('K.50 Musicalion', 'P1', 2, (11, 12), (65,), (3.5,), (65,), (3.5,))
('K.50 Musicalion', 'P1', 3, (89, 90), (30,), (1.0,), (30,), (1.0,))
('K.50 Musicalion', 'P1', 3, (96, 97), (32,), (1.0,), (32,), (1.0,))

59.    ((11,),):
('K.50 Musicalion', 'P1', 3, (14, 15), (5,), (1.0,), (5,), (1.0,))
('K.50 Musicalion', 'P1', 3, (372, 373), (134,), (3.0,), (134,), (3.0,))

60.    ((15,),):
('K.50 Musicalion', 'P1', 3, (28, 29), (10,), (1.0,), (10,), (1.0,))
('K.50 Musicalion', 'P1', 3, (199, 200), (70,), (1.0,), (70,), (1.0,))

