1.    nomes:
K.20 Musicalion

2.    quantidade:
1

3.    analise:
[('intDia', 'p1p2')] SemContInte Distancia: 0

1.    ((-2, -2, -2, 2, 2, 2, 2, 2, 2, 2, 2, -2, -2, -2, -2, -2, -2, -2, -2, 2, 2, 2, 2, 2, 2, 2, 2, -2, -2, -2, -2, -2, -2, -2, -2, 2, 2, 2, 2, 2, 2, 2, 2, -2, -2, -2, -2, -2, -2, -2, -2),):
('K.20 Musicalion', 'P1', 1, (352, 403), (91,), (1.5,), (97,), (2.75,))
('K.20 Musicalion', 'P1', 4, (311, 362), (91,), (1.5,), (97,), (2.75,))

2.    ((-2, -2, 2, 2, 2, 2, 2, -2, -2, -2, 2, 2, 2, 2, 2, -2, -2, -2, 2, 2, 2, 2, 2, -2, -2, -2, 2, -2, 2),):
('K.20 Musicalion', 'P1', 1, (116, 145), (40,), (1.5,), (44,), (1.25,))
('K.20 Musicalion', 'P1', 4, (108, 137), (40,), (1.5,), (44,), (1.25,))

3.    ((-8, 15, 3, -2, -2, 4, 3, -2, -2, -4, 3, -2, -2, 4, 3, -2, -2, -4, 3, -2, -2),):
('K.20 Musicalion', 'P1', 4, (15, 36), (8,), (2.0,), (13,), (2.0,))
('K.20 Musicalion', 'P1', 4, (40, 61), (15,), (2.0,), (21,), (2.0,))

4.    ((-6, -2, -2, 7, -6, -2, -2, 7, -6, -2, -2, 7, -6, -2, -2),):
('K.20 Musicalion', 'P1', 1, (103, 118), (37,), (1.0,), (40,), (2.0,))
('K.20 Musicalion', 'P1', 1, (339, 354), (87,), (2.5,), (91,), (2.0,))

5.    ((7, -2, -2, -5, 6, -2, -2, -4, 5, -2, -2),):
('K.20 Musicalion', 'P1', 4, (99, 110), (38,), (1.0,), (40,), (2.0,))
('K.20 Musicalion', 'P1', 4, (298, 309), (88,), (1.0,), (90,), (2.0,))

6.    ((3, -2, -2, -4, 4, 3, -2, -2, -4, 4),):
('K.20 Musicalion', 'P1', 4, (67, 77), (25,), (1.0,), (28,), (1.0,))
('K.20 Musicalion', 'P1', 4, (82, 92), (31,), (1.0,), (34,), (1.0,))

7.    ((-2, 2, -2, 2, -2, 2, -2, 2, -2),):
('K.20 Musicalion', 'P1', 1, (72, 81), (25,), (1.0,), (29,), (1.0,))
('K.20 Musicalion', 'P1', 1, (81, 90), (29,), (2.0,), (33,), (1.0,))

8.    ((1, 1, (2, -2), (3, 1), (3, 1), (3, 1), (3, 1), (3, 1), (3, 1)),):
('K.20 Musicalion', 'P1', 4, (165, 174), (48,), (2.0,), (50,), (2.0,))
('K.20 Musicalion', 'P1', 4, (181, 190), (52,), (2.0,), (54,), (2.0,))

9.    ((1, 1, 1, 1, 1, 1, 1, 1),):
('K.20 Musicalion', 'P1', 2, (53, 61), (65,), (1.0,), (69,), (2.0,))
('K.20 Musicalion', 'P1', 4, (159, 167), (47,), (1.0,), (48,), (2.5,))

10.    ((-2, 1, -2, 1, -2, 1, -2),):
('K.20 Musicalion', 'P1', 1, (0, 7), (1,), (1.0,), (4,), (1.0,))
('K.20 Musicalion', 'P1', 1, (8, 15), (5,), (1.0,), (8,), (1.0,))

11.    ((2, 2, 2, 2, 2, 3, 2),):
('K.20 Musicalion', 'P1', 1, (324, 331), (84,), (1.25,), (85,), (2.25,))
('K.20 Musicalion', 'P1', 1, (332, 339), (86,), (1.25,), (87,), (2.25,))

12.    ((-8, 1, 1, 1, -8, 1, 1),):
('K.20 Musicalion', 'P1', 4, (228, 235), (66,), (1.0,), (68,), (2.0,))
('K.20 Musicalion', 'P1', 4, (236, 243), (70,), (1.0,), (72,), (2.0,))

13.    ((2, 2, -3, 2, -2, 2),):
('K.20 Musicalion', 'P1', 1, (151, 157), (45,), (1.0,), (45,), (2.25,))
('K.20 Musicalion', 'P1', 1, (159, 165), (46,), (1.0,), (46,), (2.25,))
('K.20 Musicalion', 'P1', 4, (143, 149), (45,), (1.0,), (45,), (2.25,))
('K.20 Musicalion', 'P1', 4, (151, 157), (46,), (1.0,), (46,), (2.25,))

14.    ((2, -4, 2, -4, 2),):
('K.20 Musicalion', 'P1', 1, (173, 178), (49,), (1.0,), (50,), (1.0,))
('K.20 Musicalion', 'P1', 1, (181, 186), (51,), (1.0,), (52,), (1.0,))

15.    ((-3, 2, -3, 2, -3),):
('K.20 Musicalion', 'P1', 1, (238, 243), (60,), (2.0,), (61,), (1.0,))
('K.20 Musicalion', 'P1', 1, (244, 249), (61,), (1.5,), (61,), (2.5,))

16.    ((2, -2, 2, 2, 2),):
('K.20 Musicalion', 'P1', 1, (88, 93), (32,), (2.5,), (34,), (2.5,))
('K.20 Musicalion', 'P1', 4, (198, 203), (56,), (2.5,), (57,), (2.5,))

17.    ((-2, -2, -4, -2, -2),):
('K.20 Musicalion', 'P1', 2, (0, 5), (1,), (1.0,), (3,), (2.0,))
('K.20 Musicalion', 'P1', 2, (6, 11), (5,), (1.0,), (7,), (2.0,))

18.    ((-2, -2, 2, 1),):
('K.20 Musicalion', 'P1', 1, (41, 45), (15,), (1.25,), (16,), (1.5,))
('K.20 Musicalion', 'P1', 2, (38, 42), (31,), (1.5,), (32,), (1.0,))
('K.20 Musicalion', 'P1', 2, (46, 50), (33,), (1.5,), (34,), (1.0,))
('K.20 Musicalion', 'P1', 4, (212, 216), (59,), (2.25,), (60,), (1.0,))

19.    ((-2, -2, -2, 3),):
('K.20 Musicalion', 'P1', 1, (400, 404), (97,), (2.25,), (98,), (1.0,))
('K.20 Musicalion', 'P1', 2, (14, 18), (25,), (1.5,), (26,), (1.0,))
('K.20 Musicalion', 'P1', 2, (22, 26), (27,), (1.5,), (28,), (1.0,))

20.    ((4, -4, -3, -3),):
('K.20 Musicalion', 'P1', 1, (421, 425), (100,), (1.5,), (100,), (2.25,))
('K.20 Musicalion', 'P1', 1, (430, 434), (101,), (1.75,), (101,), (2.5,))

21.    ((2, -3, -2, 2),):
('K.20 Musicalion', 'P1', 1, (145, 149), (44,), (1.5,), (44,), (2.25,))
('K.20 Musicalion', 'P1', 4, (266, 270), (79,), (2.0,), (80,), (2.0,))

22.    ((-2, -2, -2),):
('K.20 Musicalion', 'P1', 1, (97, 100), (36,), (1.0,), (36,), (1.5,))
('K.20 Musicalion', 'P1', 1, (123, 126), (41,), (2.0,), (41,), (2.5,))
('K.20 Musicalion', 'P1', 1, (131, 134), (42,), (2.0,), (42,), (2.5,))
('K.20 Musicalion', 'P1', 1, (139, 142), (43,), (2.0,), (43,), (2.5,))
('K.20 Musicalion', 'P1', 1, (167, 170), (47,), (1.0,), (48,), (1.0,))
('K.20 Musicalion', 'P1', 1, (200, 203), (55,), (1.75,), (55,), (2.75,))
('K.20 Musicalion', 'P1', 1, (208, 211), (56,), (1.75,), (56,), (2.75,))
('K.20 Musicalion', 'P1', 1, (216, 219), (57,), (1.75,), (57,), (2.75,))
('K.20 Musicalion', 'P1', 1, (226, 229), (59,), (1.0,), (59,), (1.5,))
('K.20 Musicalion', 'P1', 1, (229, 232), (59,), (1.75,), (59,), (2.25,))
('K.20 Musicalion', 'P1', 1, (296, 299), (77,), (1.0,), (77,), (1.5,))
('K.20 Musicalion', 'P1', 1, (299, 302), (77,), (1.75,), (77,), (2.25,))
('K.20 Musicalion', 'P1', 1, (352, 355), (91,), (1.5,), (91,), (2.5,))
('K.20 Musicalion', 'P1', 1, (363, 366), (93,), (1.0,), (93,), (1.5,))
('K.20 Musicalion', 'P1', 1, (366, 369), (93,), (1.75,), (93,), (2.25,))
('K.20 Musicalion', 'P1', 1, (379, 382), (95,), (1.0,), (95,), (1.5,))
('K.20 Musicalion', 'P1', 1, (382, 385), (95,), (1.75,), (95,), (2.25,))
('K.20 Musicalion', 'P1', 1, (395, 398), (97,), (1.0,), (97,), (1.5,))
('K.20 Musicalion', 'P1', 1, (398, 401), (97,), (1.75,), (97,), (2.25,))
('K.20 Musicalion', 'P1', 1, (413, 416), (99,), (1.5,), (99,), (2.0,))
('K.20 Musicalion', 'P1', 2, (14, 17), (25,), (1.5,), (25,), (2.5,))
('K.20 Musicalion', 'P1', 2, (22, 25), (27,), (1.5,), (27,), (2.5,))
('K.20 Musicalion', 'P1', 4, (115, 118), (41,), (2.0,), (41,), (2.5,))
('K.20 Musicalion', 'P1', 4, (123, 126), (42,), (2.0,), (42,), (2.5,))
('K.20 Musicalion', 'P1', 4, (131, 134), (43,), (2.0,), (43,), (2.5,))
('K.20 Musicalion', 'P1', 4, (207, 210), (59,), (1.0,), (59,), (1.5,))
('K.20 Musicalion', 'P1', 4, (271, 274), (81,), (1.5,), (81,), (2.5,))
('K.20 Musicalion', 'P1', 4, (311, 314), (91,), (1.5,), (91,), (2.5,))
('K.20 Musicalion', 'P1', 4, (322, 325), (93,), (1.0,), (93,), (1.5,))
('K.20 Musicalion', 'P1', 4, (325, 328), (93,), (1.75,), (93,), (2.25,))
('K.20 Musicalion', 'P1', 4, (338, 341), (95,), (1.0,), (95,), (1.5,))
('K.20 Musicalion', 'P1', 4, (341, 344), (95,), (1.75,), (95,), (2.25,))
('K.20 Musicalion', 'P1', 4, (354, 357), (97,), (1.0,), (97,), (1.5,))
('K.20 Musicalion', 'P1', 4, (357, 360), (97,), (1.75,), (97,), (2.25,))
('K.20 Musicalion', 'P1', 4, (360, 363), (97,), (2.5,), (98,), (1.0,))

23.    ((3, -2, -2),):
('K.20 Musicalion', 'P1', 2, (13, 16), (25,), (1.0,), (25,), (2.0,))
('K.20 Musicalion', 'P1', 2, (21, 24), (27,), (1.0,), (27,), (2.0,))
('K.20 Musicalion', 'P1', 2, (29, 32), (29,), (1.0,), (29,), (2.0,))
('K.20 Musicalion', 'P1', 2, (37, 40), (31,), (1.0,), (31,), (2.0,))
('K.20 Musicalion', 'P1', 2, (45, 48), (33,), (1.0,), (33,), (2.0,))
('K.20 Musicalion', 'P1', 2, (61, 64), (70,), (1.0,), (71,), (2.0,))
('K.20 Musicalion', 'P1', 4, (17, 20), (9,), (1.0,), (9,), (2.0,))
('K.20 Musicalion', 'P1', 4, (21, 24), (10,), (1.0,), (10,), (2.0,))
('K.20 Musicalion', 'P1', 4, (25, 28), (11,), (1.0,), (11,), (2.0,))
('K.20 Musicalion', 'P1', 4, (29, 32), (12,), (1.0,), (12,), (2.0,))
('K.20 Musicalion', 'P1', 4, (33, 36), (13,), (1.0,), (13,), (2.0,))
('K.20 Musicalion', 'P1', 4, (42, 45), (17,), (1.0,), (17,), (2.0,))
('K.20 Musicalion', 'P1', 4, (46, 49), (18,), (1.0,), (18,), (2.0,))
('K.20 Musicalion', 'P1', 4, (50, 53), (19,), (1.0,), (19,), (2.0,))
('K.20 Musicalion', 'P1', 4, (54, 57), (20,), (1.0,), (20,), (2.0,))
('K.20 Musicalion', 'P1', 4, (58, 61), (21,), (1.0,), (21,), (2.0,))
('K.20 Musicalion', 'P1', 4, (67, 70), (25,), (1.0,), (25,), (2.0,))
('K.20 Musicalion', 'P1', 4, (72, 75), (27,), (1.0,), (27,), (2.0,))
('K.20 Musicalion', 'P1', 4, (77, 80), (29,), (1.0,), (29,), (2.0,))
('K.20 Musicalion', 'P1', 4, (82, 85), (31,), (1.0,), (31,), (2.0,))
('K.20 Musicalion', 'P1', 4, (87, 90), (33,), (1.0,), (33,), (2.0,))

24.    ((-2, 1, -2),):
('K.20 Musicalion', 'P1', 1, (0, 3), (1,), (1.0,), (2,), (1.0,))
('K.20 Musicalion', 'P1', 1, (4, 7), (3,), (1.0,), (4,), (1.0,))
('K.20 Musicalion', 'P1', 1, (8, 11), (5,), (1.0,), (6,), (1.0,))
('K.20 Musicalion', 'P1', 1, (12, 15), (7,), (1.0,), (8,), (1.0,))
('K.20 Musicalion', 'P1', 1, (276, 279), (71,), (1.0,), (72,), (1.0,))
('K.20 Musicalion', 'P1', 5, (1, 4), (79,), (2.0,), (80,), (1.5,))
('K.20 Musicalion', 'P1', 5, (4, 7), (80,), (2.0,), (81,), (1.5,))

25.    ((-2, -2, 1),):
('K.20 Musicalion', 'P1', 1, (301, 304), (77,), (2.25,), (77,), (2.75,))
('K.20 Musicalion', 'P1', 2, (30, 33), (29,), (1.5,), (29,), (2.5,))
('K.20 Musicalion', 'P1', 4, (272, 275), (81,), (2.0,), (82,), (1.0,))
('K.20 Musicalion', 'P1', 5, (0, 3), (79,), (1.5,), (79,), (2.5,))
('K.20 Musicalion', 'P1', 5, (3, 6), (80,), (1.5,), (80,), (2.5,))

26.    ((-4, 3, -2),):
('K.20 Musicalion', 'P1', 1, (192, 195), (53,), (2.5,), (54,), (1.5,))
('K.20 Musicalion', 'P1', 4, (24, 27), (10,), (2.5,), (11,), (1.5,))
('K.20 Musicalion', 'P1', 4, (32, 35), (12,), (2.5,), (13,), (1.5,))
('K.20 Musicalion', 'P1', 4, (49, 52), (18,), (2.5,), (19,), (1.5,))
('K.20 Musicalion', 'P1', 4, (57, 60), (20,), (2.5,), (21,), (1.5,))

27.    ((-2, -2, -4),):
('K.20 Musicalion', 'P1', 2, (0, 3), (1,), (1.0,), (2,), (1.0,))
('K.20 Musicalion', 'P1', 4, (104, 107), (39,), (1.5,), (39,), (2.5,))
('K.20 Musicalion', 'P1', 4, (249, 252), (74,), (1.5,), (74,), (2.5,))
('K.20 Musicalion', 'P1', 4, (257, 260), (76,), (1.5,), (76,), (2.5,))
('K.20 Musicalion', 'P1', 4, (303, 306), (89,), (1.5,), (89,), (2.5,))

28.    ((-4, -2, -2),):
('K.20 Musicalion', 'P1', 1, (288, 291), (75,), (1.0,), (75,), (2.0,))
('K.20 Musicalion', 'P1', 1, (292, 295), (76,), (1.0,), (76,), (2.0,))
('K.20 Musicalion', 'P1', 2, (2, 5), (2,), (1.0,), (3,), (2.0,))
('K.20 Musicalion', 'P1', 2, (8, 11), (6,), (1.0,), (7,), (2.0,))

29.    ((-4, 4, 3),):
('K.20 Musicalion', 'P1', 1, (425, 428), (100,), (2.5,), (101,), (1.0,))
('K.20 Musicalion', 'P1', 4, (70, 73), (25,), (2.5,), (27,), (1.0,))
('K.20 Musicalion', 'P1', 4, (75, 78), (27,), (2.5,), (29,), (1.0,))
('K.20 Musicalion', 'P1', 4, (85, 88), (31,), (2.5,), (33,), (1.0,))

30.    ((-6, 2, 2),):
('K.20 Musicalion', 'P1', 1, (197, 200), (55,), (1.0,), (55,), (1.5,))
('K.20 Musicalion', 'P1', 1, (405, 408), (98,), (1.5,), (98,), (2.0,))

31.    ((-4, -3, -3),):
('K.20 Musicalion', 'P1', 1, (250, 253), (62,), (1.0,), (62,), (1.5,))
('K.20 Musicalion', 'P1', 1, (262, 265), (63,), (2.0,), (63,), (2.5,))

32.    ((8, -2, -2),):
('K.20 Musicalion', 'P1', 2, (5, 8), (4,), (1.0,), (5,), (2.0,))
('K.20 Musicalion', 'P1', 4, (95, 98), (37,), (1.0,), (37,), (2.0,))

33.    ((-8, 4, -8),):
('K.20 Musicalion', 'P1', 4, (37, 40), (14,), (1.0,), (15,), (1.0,))
('K.20 Musicalion', 'P1', 4, (366, 369), (99,), (1.0,), (100,), (1.0,))

34.    ((-2, -2),):
('K.20 Musicalion', 'P1', 1, (21, 23), (10,), (1.5,), (10,), (2.0,))
('K.20 Musicalion', 'P1', 1, (29, 31), (12,), (1.5,), (12,), (2.0,))
('K.20 Musicalion', 'P1', 1, (40, 42), (15,), (1.0,), (15,), (1.25,))
('K.20 Musicalion', 'P1', 1, (50, 52), (18,), (1.5,), (18,), (2.0,))
('K.20 Musicalion', 'P1', 1, (58, 60), (20,), (1.5,), (20,), (2.0,))
('K.20 Musicalion', 'P1', 1, (68, 70), (23,), (1.0,), (23,), (1.25,))
('K.20 Musicalion', 'P1', 1, (80, 82), (29,), (1.0,), (29,), (2.0,))
('K.20 Musicalion', 'P1', 1, (97, 99), (36,), (1.0,), (36,), (1.25,))
('K.20 Musicalion', 'P1', 1, (99, 101), (36,), (1.5,), (36,), (1.75,))
('K.20 Musicalion', 'P1', 1, (104, 106), (37,), (1.5,), (37,), (2.0,))
('K.20 Musicalion', 'P1', 1, (108, 110), (38,), (1.5,), (38,), (2.0,))
('K.20 Musicalion', 'P1', 1, (112, 114), (39,), (1.5,), (39,), (2.0,))
('K.20 Musicalion', 'P1', 1, (116, 118), (40,), (1.5,), (40,), (2.0,))
('K.20 Musicalion', 'P1', 1, (123, 125), (41,), (2.0,), (41,), (2.25,))
('K.20 Musicalion', 'P1', 1, (131, 133), (42,), (2.0,), (42,), (2.25,))
('K.20 Musicalion', 'P1', 1, (139, 141), (43,), (2.0,), (43,), (2.25,))
('K.20 Musicalion', 'P1', 1, (167, 169), (47,), (1.0,), (47,), (2.5,))
('K.20 Musicalion', 'P1', 1, (169, 171), (48,), (1.0,), (48,), (1.5,))
('K.20 Musicalion', 'P1', 1, (200, 202), (55,), (1.75,), (55,), (2.0,))
('K.20 Musicalion', 'P1', 1, (208, 210), (56,), (1.75,), (56,), (2.0,))
('K.20 Musicalion', 'P1', 1, (216, 218), (57,), (1.75,), (57,), (2.0,))
('K.20 Musicalion', 'P1', 1, (223, 225), (58,), (1.75,), (58,), (2.0,))
('K.20 Musicalion', 'P1', 1, (226, 228), (59,), (1.0,), (59,), (1.25,))
('K.20 Musicalion', 'P1', 1, (228, 230), (59,), (1.5,), (59,), (1.75,))
('K.20 Musicalion', 'P1', 1, (230, 232), (59,), (2.0,), (59,), (2.25,))
('K.20 Musicalion', 'P1', 1, (281, 283), (73,), (1.5,), (73,), (2.0,))
('K.20 Musicalion', 'P1', 1, (285, 287), (74,), (1.5,), (74,), (2.0,))
('K.20 Musicalion', 'P1', 1, (289, 291), (75,), (1.5,), (75,), (2.0,))
('K.20 Musicalion', 'P1', 1, (293, 295), (76,), (1.5,), (76,), (2.0,))
('K.20 Musicalion', 'P1', 1, (296, 298), (77,), (1.0,), (77,), (1.25,))
('K.20 Musicalion', 'P1', 1, (298, 300), (77,), (1.5,), (77,), (1.75,))
('K.20 Musicalion', 'P1', 1, (340, 342), (88,), (1.5,), (88,), (2.0,))
('K.20 Musicalion', 'P1', 1, (344, 346), (89,), (1.5,), (89,), (2.0,))
('K.20 Musicalion', 'P1', 1, (348, 350), (90,), (1.5,), (90,), (2.0,))
('K.20 Musicalion', 'P1', 1, (352, 354), (91,), (1.5,), (91,), (2.0,))
('K.20 Musicalion', 'P1', 1, (363, 365), (93,), (1.0,), (93,), (1.25,))
('K.20 Musicalion', 'P1', 1, (365, 367), (93,), (1.5,), (93,), (1.75,))
('K.20 Musicalion', 'P1', 1, (367, 369), (93,), (2.0,), (93,), (2.25,))
('K.20 Musicalion', 'P1', 1, (369, 371), (93,), (2.5,), (93,), (2.75,))
('K.20 Musicalion', 'P1', 1, (379, 381), (95,), (1.0,), (95,), (1.25,))
('K.20 Musicalion', 'P1', 1, (381, 383), (95,), (1.5,), (95,), (1.75,))
('K.20 Musicalion', 'P1', 1, (383, 385), (95,), (2.0,), (95,), (2.25,))
('K.20 Musicalion', 'P1', 1, (385, 387), (95,), (2.5,), (95,), (2.75,))
('K.20 Musicalion', 'P1', 1, (395, 397), (97,), (1.0,), (97,), (1.25,))
('K.20 Musicalion', 'P1', 1, (397, 399), (97,), (1.5,), (97,), (1.75,))
('K.20 Musicalion', 'P1', 1, (399, 401), (97,), (2.0,), (97,), (2.25,))
('K.20 Musicalion', 'P1', 1, (401, 403), (97,), (2.5,), (97,), (2.75,))
('K.20 Musicalion', 'P1', 1, (413, 415), (99,), (1.5,), (99,), (1.75,))
('K.20 Musicalion', 'P1', 1, (415, 417), (99,), (2.0,), (99,), (2.25,))
('K.20 Musicalion', 'P1', 2, (0, 2), (1,), (1.0,), (1,), (2.0,))
('K.20 Musicalion', 'P1', 2, (3, 5), (3,), (1.0,), (3,), (2.0,))
('K.20 Musicalion', 'P1', 2, (6, 8), (5,), (1.0,), (5,), (2.0,))
('K.20 Musicalion', 'P1', 2, (9, 11), (7,), (1.0,), (7,), (2.0,))
('K.20 Musicalion', 'P1', 2, (14, 16), (25,), (1.5,), (25,), (2.0,))
('K.20 Musicalion', 'P1', 2, (22, 24), (27,), (1.5,), (27,), (2.0,))
('K.20 Musicalion', 'P1', 2, (38, 40), (31,), (1.5,), (31,), (2.0,))
('K.20 Musicalion', 'P1', 2, (46, 48), (33,), (1.5,), (33,), (2.0,))
('K.20 Musicalion', 'P1', 2, (62, 64), (71,), (1.0,), (71,), (2.0,))
('K.20 Musicalion', 'P1', 4, (18, 20), (9,), (1.5,), (9,), (2.0,))
('K.20 Musicalion', 'P1', 4, (22, 24), (10,), (1.5,), (10,), (2.0,))
('K.20 Musicalion', 'P1', 4, (26, 28), (11,), (1.5,), (11,), (2.0,))
('K.20 Musicalion', 'P1', 4, (30, 32), (12,), (1.5,), (12,), (2.0,))
('K.20 Musicalion', 'P1', 4, (34, 36), (13,), (1.5,), (13,), (2.0,))
('K.20 Musicalion', 'P1', 4, (43, 45), (17,), (1.5,), (17,), (2.0,))
('K.20 Musicalion', 'P1', 4, (47, 49), (18,), (1.5,), (18,), (2.0,))
('K.20 Musicalion', 'P1', 4, (51, 53), (19,), (1.5,), (19,), (2.0,))
('K.20 Musicalion', 'P1', 4, (55, 57), (20,), (1.5,), (20,), (2.0,))
('K.20 Musicalion', 'P1', 4, (59, 61), (21,), (1.5,), (21,), (2.0,))
('K.20 Musicalion', 'P1', 4, (68, 70), (25,), (1.5,), (25,), (2.0,))
('K.20 Musicalion', 'P1', 4, (73, 75), (27,), (1.5,), (27,), (2.0,))
('K.20 Musicalion', 'P1', 4, (78, 80), (29,), (1.5,), (29,), (2.0,))
('K.20 Musicalion', 'P1', 4, (83, 85), (31,), (1.5,), (31,), (2.0,))
('K.20 Musicalion', 'P1', 4, (88, 90), (33,), (1.5,), (33,), (2.0,))
('K.20 Musicalion', 'P1', 4, (96, 98), (37,), (1.5,), (37,), (2.0,))
('K.20 Musicalion', 'P1', 4, (100, 102), (38,), (1.5,), (38,), (2.0,))
('K.20 Musicalion', 'P1', 4, (104, 106), (39,), (1.5,), (39,), (2.0,))
('K.20 Musicalion', 'P1', 4, (108, 110), (40,), (1.5,), (40,), (2.0,))
('K.20 Musicalion', 'P1', 4, (115, 117), (41,), (2.0,), (41,), (2.25,))
('K.20 Musicalion', 'P1', 4, (123, 125), (42,), (2.0,), (42,), (2.25,))
('K.20 Musicalion', 'P1', 4, (131, 133), (43,), (2.0,), (43,), (2.25,))
('K.20 Musicalion', 'P1', 4, (207, 209), (59,), (1.0,), (59,), (1.25,))
('K.20 Musicalion', 'P1', 4, (209, 211), (59,), (1.5,), (59,), (1.75,))
('K.20 Musicalion', 'P1', 4, (211, 213), (59,), (2.0,), (59,), (2.25,))
('K.20 Musicalion', 'P1', 4, (245, 247), (73,), (1.5,), (73,), (2.0,))
('K.20 Musicalion', 'P1', 4, (249, 251), (74,), (1.5,), (74,), (2.0,))
('K.20 Musicalion', 'P1', 4, (253, 255), (75,), (1.5,), (75,), (2.0,))
('K.20 Musicalion', 'P1', 4, (257, 259), (76,), (1.5,), (76,), (2.0,))
('K.20 Musicalion', 'P1', 4, (299, 301), (88,), (1.5,), (88,), (2.0,))
('K.20 Musicalion', 'P1', 4, (303, 305), (89,), (1.5,), (89,), (2.0,))
('K.20 Musicalion', 'P1', 4, (307, 309), (90,), (1.5,), (90,), (2.0,))
('K.20 Musicalion', 'P1', 4, (311, 313), (91,), (1.5,), (91,), (2.0,))
('K.20 Musicalion', 'P1', 4, (322, 324), (93,), (1.0,), (93,), (1.25,))
('K.20 Musicalion', 'P1', 4, (324, 326), (93,), (1.5,), (93,), (1.75,))
('K.20 Musicalion', 'P1', 4, (326, 328), (93,), (2.0,), (93,), (2.25,))
('K.20 Musicalion', 'P1', 4, (328, 330), (93,), (2.5,), (93,), (2.75,))
('K.20 Musicalion', 'P1', 4, (338, 340), (95,), (1.0,), (95,), (1.25,))
('K.20 Musicalion', 'P1', 4, (340, 342), (95,), (1.5,), (95,), (1.75,))
('K.20 Musicalion', 'P1', 4, (342, 344), (95,), (2.0,), (95,), (2.25,))
('K.20 Musicalion', 'P1', 4, (344, 346), (95,), (2.5,), (95,), (2.75,))
('K.20 Musicalion', 'P1', 4, (354, 356), (97,), (1.0,), (97,), (1.25,))
('K.20 Musicalion', 'P1', 4, (356, 358), (97,), (1.5,), (97,), (1.75,))
('K.20 Musicalion', 'P1', 4, (358, 360), (97,), (2.0,), (97,), (2.25,))
('K.20 Musicalion', 'P1', 4, (360, 362), (97,), (2.5,), (97,), (2.75,))
('K.20 Musicalion', 'P1', 4, (362, 364), (98,), (1.0,), (98,), (1.5,))
('K.20 Musicalion', 'P1', 5, (6, 8), (81,), (1.5,), (81,), (2.0,))

35.    ((3, -2),):
('K.20 Musicalion', 'P1', 1, (193, 195), (54,), (1.0,), (54,), (1.5,))
('K.20 Musicalion', 'P1', 2, (29, 31), (29,), (1.0,), (29,), (1.5,))
('K.20 Musicalion', 'P1', 2, (61, 63), (70,), (1.0,), (71,), (1.0,))
('K.20 Musicalion', 'P1', 4, (17, 19), (9,), (1.0,), (9,), (1.5,))
('K.20 Musicalion', 'P1', 4, (21, 23), (10,), (1.0,), (10,), (1.5,))
('K.20 Musicalion', 'P1', 4, (25, 27), (11,), (1.0,), (11,), (1.5,))
('K.20 Musicalion', 'P1', 4, (29, 31), (12,), (1.0,), (12,), (1.5,))
('K.20 Musicalion', 'P1', 4, (33, 35), (13,), (1.0,), (13,), (1.5,))
('K.20 Musicalion', 'P1', 4, (42, 44), (17,), (1.0,), (17,), (1.5,))
('K.20 Musicalion', 'P1', 4, (46, 48), (18,), (1.0,), (18,), (1.5,))
('K.20 Musicalion', 'P1', 4, (50, 52), (19,), (1.0,), (19,), (1.5,))
('K.20 Musicalion', 'P1', 4, (54, 56), (20,), (1.0,), (20,), (1.5,))
('K.20 Musicalion', 'P1', 4, (58, 60), (21,), (1.0,), (21,), (1.5,))
('K.20 Musicalion', 'P1', 4, (67, 69), (25,), (1.0,), (25,), (1.5,))
('K.20 Musicalion', 'P1', 4, (72, 74), (27,), (1.0,), (27,), (1.5,))
('K.20 Musicalion', 'P1', 4, (77, 79), (29,), (1.0,), (29,), (1.5,))
('K.20 Musicalion', 'P1', 4, (82, 84), (31,), (1.0,), (31,), (1.5,))
('K.20 Musicalion', 'P1', 4, (87, 89), (33,), (1.0,), (33,), (1.5,))

36.    (((3, -2), (3, 1)),):
('K.20 Musicalion', 'P1', 1, (268, 270), (65,), (2.0,), (66,), (1.0,))
('K.20 Musicalion', 'P1', 1, (271, 273), (67,), (2.0,), (68,), (1.0,))
('K.20 Musicalion', 'P1', 2, (51, 53), (34,), (2.0,), (34,), (2.5,))
('K.20 Musicalion', 'P1', 4, (281, 283), (83,), (2.5,), (84,), (1.0,))
('K.20 Musicalion', 'P1', 4, (289, 291), (85,), (2.5,), (86,), (1.0,))

37.    ((-3, 4),):
('K.20 Musicalion', 'P1', 1, (242, 244), (61,), (1.0,), (61,), (1.25,))
('K.20 Musicalion', 'P1', 4, (217, 219), (60,), (2.0,), (60,), (2.5,))
('K.20 Musicalion', 'P1', 4, (309, 311), (90,), (2.5,), (91,), (1.0,))

38.    ((1, 1),):
('K.20 Musicalion', 'P1', 2, (32, 34), (29,), (2.5,), (30,), (1.0,))
('K.20 Musicalion', 'P1', 4, (233, 235), (68,), (1.5,), (68,), (2.0,))
('K.20 Musicalion', 'P1', 4, (241, 243), (72,), (1.5,), (72,), (2.0,))

39.    ((-2, 6),):
('K.20 Musicalion', 'P1', 1, (64, 66), (21,), (2.5,), (22,), (1.0,))
('K.20 Musicalion', 'P1', 1, (171, 173), (48,), (2.0,), (48,), (2.5,))

40.    ((2, 4),):
('K.20 Musicalion', 'P1', 1, (70, 72), (23,), (1.5,), (24,), (1.5,))
('K.20 Musicalion', 'P1', 1, (179, 181), (50,), (2.0,), (50,), (2.5,))

41.    ((2, 6),):
('K.20 Musicalion', 'P1', 1, (95, 97), (35,), (2.0,), (35,), (2.5,))
('K.20 Musicalion', 'P1', 1, (304, 306), (78,), (1.0,), (78,), (2.5,))

42.    ((-3, -4),):
('K.20 Musicalion', 'P1', 1, (258, 260), (63,), (1.0,), (63,), (1.25,))
('K.20 Musicalion', 'P1', 1, (428, 430), (101,), (1.25,), (101,), (1.5,))

43.    ((3, 3),):
('K.20 Musicalion', 'P1', 1, (419, 421), (100,), (1.0,), (100,), (1.25,))
('K.20 Musicalion', 'P1', 2, (11, 13), (8,), (1.0,), (23,), (1.0,))

44.    ((-2, 5),):
('K.20 Musicalion', 'P1', 1, (6, 8), (4,), (1.0,), (4,), (1.0,))
('K.20 Musicalion', 'P1', 4, (35, 37), (13,), (2.0,), (13,), (2.5,))

45.    ((-5, 2),):
('K.20 Musicalion', 'P1', 1, (308, 310), (79,), (1.5,), (80,), (1.0,))
('K.20 Musicalion', 'P1', 4, (219, 221), (61,), (1.0,), (61,), (1.5,))

46.    ((-4, 4),):
('K.20 Musicalion', 'P1', 1, (429, 431), (101,), (1.5,), (101,), (1.75,))
('K.20 Musicalion', 'P1', 4, (90, 92), (33,), (2.5,), (34,), (1.0,))

47.    ((2, -8),):
('K.20 Musicalion', 'P1', 4, (63, 65), (22,), (2.0,), (23,), (1.0,))
('K.20 Musicalion', 'P1', 4, (220, 222), (61,), (1.5,), (61,), (2.0,))

48.    ((-4,),):
('K.20 Musicalion', 'P1', 1, (174, 175), (49,), (1.5,), (49,), (1.5,))
('K.20 Musicalion', 'P1', 1, (176, 177), (49,), (2.5,), (49,), (2.5,))
('K.20 Musicalion', 'P1', 1, (182, 183), (51,), (1.5,), (51,), (1.5,))
('K.20 Musicalion', 'P1', 1, (184, 185), (51,), (2.5,), (51,), (2.5,))
('K.20 Musicalion', 'P1', 1, (186, 187), (52,), (1.5,), (52,), (1.5,))
('K.20 Musicalion', 'P1', 1, (190, 191), (53,), (1.5,), (53,), (1.5,))
('K.20 Musicalion', 'P1', 1, (192, 193), (53,), (2.5,), (53,), (2.5,))
('K.20 Musicalion', 'P1', 1, (250, 251), (62,), (1.0,), (62,), (1.0,))
('K.20 Musicalion', 'P1', 1, (256, 257), (62,), (2.5,), (62,), (2.5,))
('K.20 Musicalion', 'P1', 1, (259, 260), (63,), (1.25,), (63,), (1.25,))
('K.20 Musicalion', 'P1', 1, (262, 263), (63,), (2.0,), (63,), (2.0,))
('K.20 Musicalion', 'P1', 1, (288, 289), (75,), (1.0,), (75,), (1.0,))
('K.20 Musicalion', 'P1', 1, (292, 293), (76,), (1.0,), (76,), (1.0,))
('K.20 Musicalion', 'P1', 1, (422, 423), (100,), (1.75,), (100,), (1.75,))
('K.20 Musicalion', 'P1', 1, (425, 426), (100,), (2.5,), (100,), (2.5,))
('K.20 Musicalion', 'P1', 1, (429, 430), (101,), (1.5,), (101,), (1.5,))
('K.20 Musicalion', 'P1', 1, (431, 432), (101,), (2.0,), (101,), (2.0,))
('K.20 Musicalion', 'P1', 2, (2, 3), (2,), (1.0,), (2,), (1.0,))
('K.20 Musicalion', 'P1', 2, (8, 9), (6,), (1.0,), (6,), (1.0,))
('K.20 Musicalion', 'P1', 4, (1, 2), (2,), (1.0,), (2,), (1.0,))
('K.20 Musicalion', 'P1', 4, (5, 6), (4,), (1.0,), (4,), (1.0,))
('K.20 Musicalion', 'P1', 4, (9, 10), (6,), (1.0,), (6,), (1.0,))
('K.20 Musicalion', 'P1', 4, (13, 14), (8,), (1.0,), (8,), (1.0,))
('K.20 Musicalion', 'P1', 4, (24, 25), (10,), (2.5,), (10,), (2.5,))
('K.20 Musicalion', 'P1', 4, (32, 33), (12,), (2.5,), (12,), (2.5,))
('K.20 Musicalion', 'P1', 4, (49, 50), (18,), (2.5,), (18,), (2.5,))
('K.20 Musicalion', 'P1', 4, (57, 58), (20,), (2.5,), (20,), (2.5,))
('K.20 Musicalion', 'P1', 4, (70, 71), (25,), (2.5,), (25,), (2.5,))
('K.20 Musicalion', 'P1', 4, (75, 76), (27,), (2.5,), (27,), (2.5,))
('K.20 Musicalion', 'P1', 4, (85, 86), (31,), (2.5,), (31,), (2.5,))
('K.20 Musicalion', 'P1', 4, (90, 91), (33,), (2.5,), (33,), (2.5,))
('K.20 Musicalion', 'P1', 4, (106, 107), (39,), (2.5,), (39,), (2.5,))
('K.20 Musicalion', 'P1', 4, (251, 252), (74,), (2.5,), (74,), (2.5,))
('K.20 Musicalion', 'P1', 4, (259, 260), (76,), (2.5,), (76,), (2.5,))
('K.20 Musicalion', 'P1', 4, (305, 306), (89,), (2.5,), (89,), (2.5,))

49.    ((-6,),):
('K.20 Musicalion', 'P1', 1, (18, 19), (9,), (1.0,), (9,), (1.0,))
('K.20 Musicalion', 'P1', 1, (26, 27), (11,), (1.0,), (11,), (1.0,))
('K.20 Musicalion', 'P1', 1, (47, 48), (17,), (1.0,), (17,), (1.0,))
('K.20 Musicalion', 'P1', 1, (55, 56), (19,), (1.0,), (19,), (1.0,))
('K.20 Musicalion', 'P1', 1, (63, 64), (21,), (1.0,), (21,), (1.0,))
('K.20 Musicalion', 'P1', 1, (93, 94), (35,), (1.0,), (35,), (1.0,))
('K.20 Musicalion', 'P1', 1, (103, 104), (37,), (1.0,), (37,), (1.0,))
('K.20 Musicalion', 'P1', 1, (107, 108), (38,), (1.0,), (38,), (1.0,))
('K.20 Musicalion', 'P1', 1, (111, 112), (39,), (1.0,), (39,), (1.0,))
('K.20 Musicalion', 'P1', 1, (115, 116), (40,), (1.0,), (40,), (1.0,))
('K.20 Musicalion', 'P1', 1, (197, 198), (55,), (1.0,), (55,), (1.0,))
('K.20 Musicalion', 'P1', 1, (280, 281), (73,), (1.0,), (73,), (1.0,))
('K.20 Musicalion', 'P1', 1, (284, 285), (74,), (1.0,), (74,), (1.0,))
('K.20 Musicalion', 'P1', 1, (339, 340), (87,), (2.5,), (87,), (2.5,))
('K.20 Musicalion', 'P1', 1, (343, 344), (89,), (1.0,), (89,), (1.0,))
('K.20 Musicalion', 'P1', 1, (347, 348), (90,), (1.0,), (90,), (1.0,))
('K.20 Musicalion', 'P1', 1, (351, 352), (91,), (1.0,), (91,), (1.0,))
('K.20 Musicalion', 'P1', 1, (405, 406), (98,), (1.5,), (98,), (1.5,))
('K.20 Musicalion', 'P1', 4, (98, 99), (37,), (2.5,), (37,), (2.5,))

50.    ((-3,),):
('K.20 Musicalion', 'P1', 1, (238, 239), (60,), (2.0,), (60,), (2.0,))
('K.20 Musicalion', 'P1', 1, (244, 245), (61,), (1.5,), (61,), (1.5,))
('K.20 Musicalion', 'P1', 1, (248, 249), (61,), (2.5,), (61,), (2.5,))
('K.20 Musicalion', 'P1', 1, (251, 252), (62,), (1.25,), (62,), (1.25,))
('K.20 Musicalion', 'P1', 1, (252, 253), (62,), (1.5,), (62,), (1.5,))
('K.20 Musicalion', 'P1', 1, (254, 255), (62,), (2.0,), (62,), (2.0,))
('K.20 Musicalion', 'P1', 1, (255, 256), (62,), (2.25,), (62,), (2.25,))
('K.20 Musicalion', 'P1', 1, (258, 259), (63,), (1.0,), (63,), (1.0,))
('K.20 Musicalion', 'P1', 1, (263, 264), (63,), (2.25,), (63,), (2.25,))
('K.20 Musicalion', 'P1', 1, (264, 265), (63,), (2.5,), (63,), (2.5,))
('K.20 Musicalion', 'P1', 1, (423, 424), (100,), (2.0,), (100,), (2.0,))
('K.20 Musicalion', 'P1', 1, (424, 425), (100,), (2.25,), (100,), (2.25,))
('K.20 Musicalion', 'P1', 1, (428, 429), (101,), (1.25,), (101,), (1.25,))
('K.20 Musicalion', 'P1', 1, (432, 433), (101,), (2.25,), (101,), (2.25,))
('K.20 Musicalion', 'P1', 1, (433, 434), (101,), (2.5,), (101,), (2.5,))
('K.20 Musicalion', 'P1', 4, (247, 248), (73,), (2.5,), (73,), (2.5,))
('K.20 Musicalion', 'P1', 4, (270, 271), (80,), (2.5,), (80,), (2.5,))

51.    (((3, -2),),):
('K.20 Musicalion', 'P1', 1, (37, 38), (14,), (1.5,), (14,), (1.5,))
('K.20 Musicalion', 'P1', 1, (38, 39), (14,), (2.0,), (14,), (2.0,))
('K.20 Musicalion', 'P1', 1, (66, 67), (22,), (1.5,), (22,), (1.5,))
('K.20 Musicalion', 'P1', 2, (18, 19), (26,), (1.5,), (26,), (1.5,))
('K.20 Musicalion', 'P1', 2, (19, 20), (26,), (2.0,), (26,), (2.0,))
('K.20 Musicalion', 'P1', 2, (26, 27), (28,), (1.5,), (28,), (1.5,))
('K.20 Musicalion', 'P1', 2, (27, 28), (28,), (2.0,), (28,), (2.0,))
('K.20 Musicalion', 'P1', 2, (34, 35), (30,), (1.5,), (30,), (1.5,))
('K.20 Musicalion', 'P1', 2, (35, 36), (30,), (2.0,), (30,), (2.0,))
('K.20 Musicalion', 'P1', 2, (42, 43), (32,), (1.5,), (32,), (1.5,))
('K.20 Musicalion', 'P1', 2, (43, 44), (32,), (2.0,), (32,), (2.0,))
('K.20 Musicalion', 'P1', 2, (50, 51), (34,), (1.5,), (34,), (1.5,))
('K.20 Musicalion', 'P1', 4, (190, 191), (54,), (2.5,), (54,), (2.5,))
('K.20 Musicalion', 'P1', 4, (297, 298), (87,), (2.5,), (87,), (2.5,))

52.    ((-5,),):
('K.20 Musicalion', 'P1', 1, (34, 35), (13,), (1.0,), (13,), (1.0,))
('K.20 Musicalion', 'P1', 4, (2, 3), (2,), (1.5,), (2,), (1.5,))
('K.20 Musicalion', 'P1', 4, (6, 7), (4,), (1.5,), (4,), (1.5,))
('K.20 Musicalion', 'P1', 4, (10, 11), (6,), (1.5,), (6,), (1.5,))
('K.20 Musicalion', 'P1', 4, (14, 15), (8,), (1.5,), (8,), (1.5,))
('K.20 Musicalion', 'P1', 4, (80, 81), (29,), (2.5,), (29,), (2.5,))
('K.20 Musicalion', 'P1', 4, (102, 103), (38,), (2.5,), (38,), (2.5,))
('K.20 Musicalion', 'P1', 4, (141, 142), (44,), (2.5,), (44,), (2.5,))
('K.20 Musicalion', 'P1', 4, (149, 150), (45,), (2.5,), (45,), (2.5,))
('K.20 Musicalion', 'P1', 4, (157, 158), (46,), (2.5,), (46,), (2.5,))
('K.20 Musicalion', 'P1', 4, (222, 223), (61,), (2.5,), (61,), (2.5,))
('K.20 Musicalion', 'P1', 4, (255, 256), (75,), (2.5,), (75,), (2.5,))
('K.20 Musicalion', 'P1', 4, (261, 262), (77,), (2.0,), (77,), (2.0,))
('K.20 Musicalion', 'P1', 4, (301, 302), (88,), (2.5,), (88,), (2.5,))

53.    ((4,),):
('K.20 Musicalion', 'P1', 1, (49, 50), (18,), (1.0,), (18,), (1.0,))
('K.20 Musicalion', 'P1', 1, (57, 58), (20,), (1.0,), (20,), (1.0,))
('K.20 Musicalion', 'P1', 1, (71, 72), (24,), (1.5,), (24,), (1.5,))
('K.20 Musicalion', 'P1', 1, (166, 167), (46,), (2.75,), (46,), (2.75,))
('K.20 Musicalion', 'P1', 1, (404, 405), (98,), (1.25,), (98,), (1.25,))
('K.20 Musicalion', 'P1', 1, (421, 422), (100,), (1.5,), (100,), (1.5,))
('K.20 Musicalion', 'P1', 4, (38, 39), (14,), (2.0,), (14,), (2.0,))
('K.20 Musicalion', 'P1', 4, (61, 62), (21,), (2.5,), (21,), (2.5,))
('K.20 Musicalion', 'P1', 4, (142, 143), (44,), (2.75,), (44,), (2.75,))
('K.20 Musicalion', 'P1', 4, (150, 151), (45,), (2.75,), (45,), (2.75,))
('K.20 Musicalion', 'P1', 4, (158, 159), (46,), (2.75,), (46,), (2.75,))
('K.20 Musicalion', 'P1', 4, (263, 264), (78,), (1.5,), (78,), (1.5,))
('K.20 Musicalion', 'P1', 4, (367, 368), (99,), (2.0,), (99,), (2.0,))

54.    (((3, 2),),):
('K.20 Musicalion', 'P1', 1, (267, 268), (65,), (1.0,), (65,), (1.0,))
('K.20 Musicalion', 'P1', 2, (20, 21), (26,), (2.5,), (26,), (2.5,))
('K.20 Musicalion', 'P1', 2, (28, 29), (28,), (2.5,), (28,), (2.5,))
('K.20 Musicalion', 'P1', 2, (36, 37), (30,), (2.5,), (30,), (2.5,))
('K.20 Musicalion', 'P1', 2, (44, 45), (32,), (2.5,), (32,), (2.5,))

55.    ((5,),):
('K.20 Musicalion', 'P1', 1, (102, 103), (36,), (2.5,), (36,), (2.5,))
('K.20 Musicalion', 'P1', 1, (188, 189), (52,), (2.5,), (52,), (2.5,))
('K.20 Musicalion', 'P1', 1, (253, 254), (62,), (1.75,), (62,), (1.75,))
('K.20 Musicalion', 'P1', 4, (107, 108), (40,), (1.0,), (40,), (1.0,))
('K.20 Musicalion', 'P1', 4, (262, 263), (78,), (1.0,), (78,), (1.0,))

56.    ((9,),):
('K.20 Musicalion', 'P1', 1, (249, 250), (61,), (2.75,), (61,), (2.75,))
('K.20 Musicalion', 'P1', 1, (283, 284), (73,), (2.5,), (73,), (2.5,))

57.    (((3, 3, 2),),):
('K.20 Musicalion', 'P1', 1, (270, 271), (67,), (1.0,), (67,), (1.0,))
('K.20 Musicalion', 'P1', 1, (274, 275), (69,), (2.0,), (69,), (2.0,))

58.    ((-7,),):
('K.20 Musicalion', 'P1', 1, (314, 315), (81,), (1.5,), (81,), (1.5,))
('K.20 Musicalion', 'P1', 4, (94, 95), (36,), (2.0,), (36,), (2.0,))

59.    ((-8,),):
('K.20 Musicalion', 'P1', 4, (65, 66), (23,), (2.0,), (23,), (2.0,))
('K.20 Musicalion', 'P1', 4, (92, 93), (35,), (1.0,), (35,), (1.0,))

