1 .    ('nomes', 'K.239 Musescore') 

2 .    ('quantidade', 1) 

3 .    ('analise', 'sequęncias IntDiaDur sem contidos e intercalados') 

1 .    (((6, (3, -6), 6, (3, -6), 6), (0.25, (0.0, 0.25), 0.5, (0.0, 0.5), 0.5)), [[('K.239 Musescore', 'P1', 1, (79, 84), (15, 1.5), (15, 3.0)), ('K.239 Musescore', 'P1', 1, (85, 90), (16, 1.5), (16, 3.0)), ('K.239 Musescore', 'P1', 1, (91, 96), (17, 1.5), (17, 3.0)), ('K.239 Musescore', 'P1', 1, (97, 102), (18, 1.5), (18, 3.0))], [('K.239 Musescore', 'P1', 1, (211, 216), (38, 1.5), (38, 3.0)), ('K.239 Musescore', 'P1', 1, (217, 222), (39, 1.5), (39, 3.0)), ('K.239 Musescore', 'P1', 1, (223, 228), (40, 1.5), (40, 3.0))], [('K.239 Musescore', 'P1', 1, (254, 259), (47, 1.5), (47, 3.0)), ('K.239 Musescore', 'P1', 1, (260, 265), (48, 1.5), (48, 3.0)), ('K.239 Musescore', 'P1', 1, (266, 271), (49, 1.5), (49, 3.0)), ('K.239 Musescore', 'P1', 1, (272, 277), (50, 1.5), (50, 3.0)), ('K.239 Musescore', 'P1', 1, (278, 283), (51, 1.5), (51, 3.0)), ('K.239 Musescore', 'P1', 1, (284, 289), (52, 1.5), (52, 3.0))]]) 

2 .    (((2, 2, 2), (0.25, 0.25, 0.25)), [[('K.239 Musescore', 'P1', 1, (192, 195), (35, 2.75), (35, 3.25)), ('K.239 Musescore', 'P1', 1, (196, 199), (35, 3.75), (36, 1.25)), ('K.239 Musescore', 'P1', 1, (200, 203), (36, 1.75), (36, 2.25)), ('K.239 Musescore', 'P1', 1, (204, 207), (36, 2.75), (36, 3.25))], [('K.239 Musescore', 'P1', 1, (373, 376), (68, 1.75), (68, 2.25)), ('K.239 Musescore', 'P1', 1, (377, 380), (68, 2.75), (68, 3.25))], [('K.239 Musescore', 'P1', 1, (393, 396), (71, 1.75), (71, 2.25)), ('K.239 Musescore', 'P1', 1, (397, 400), (71, 2.75), (71, 3.25)), ('K.239 Musescore', 'P1', 1, (401, 404), (71, 3.75), (72, 1.25)), ('K.239 Musescore', 'P1', 1, (405, 408), (72, 1.75), (72, 2.25)), ('K.239 Musescore', 'P1', 1, (409, 412), (72, 2.75), (72, 3.25)), ('K.239 Musescore', 'P1', 1, (413, 416), (72, 3.75), (73, 1.25)), ('K.239 Musescore', 'P1', 1, (417, 420), (73, 1.75), (73, 2.25)), ('K.239 Musescore', 'P1', 1, (421, 424), (73, 2.75), (73, 3.25))]]) 

3 .    (((8, -8, 8, -8, 8, -5, (8, -4), 8, -8, 8, -8, 8, -11), (0.25, 0.25, 0.5, 0.5, 0.5, 0.5, (0.0, 0.5), 0.25, 0.25, 0.5, 0.5, 0.5, 0.5)), [[('K.239 Musescore', 'P1', 1, (114, 127), (21, 1.5), (22, 3.5)), ('K.239 Musescore', 'P1', 1, (128, 141), (23, 1.5), (24, 3.5))], [('K.239 Musescore', 'P1', 2, (109, 122), (25, 1.5), (26, 3.5)), ('K.239 Musescore', 'P1', 2, (123, 136), (27, 1.5), (28, 3.5))], [('K.239 Musescore', 'P1', 2, (194, 207), (41, 1.5), (42, 3.5)), ('K.239 Musescore', 'P1', 2, (208, 221), (43, 1.5), (44, 3.5))]]) 

4 .    ((((8, 7), -2, -2, -2, -2, -2, -2), ((0.0, 1.25), 0.25, 0.25, 0.25, 0.25, 0.25, 0.25)), [[('K.239 Musescore', 'P1', 2, (143, 150), (30, 1.0), (30, 3.5)), ('K.239 Musescore', 'P1', 2, (151, 158), (31, 1.0), (31, 3.5))], [('K.239 Musescore', 'P1', 2, (162, 169), (33, 1.0), (33, 3.5)), ('K.239 Musescore', 'P1', 2, (170, 177), (34, 1.0), (34, 3.5))], [('K.239 Musescore', 'P1', 2, (309, 316), (66, 1.0), (66, 3.5)), ('K.239 Musescore', 'P1', 2, (317, 324), (67, 1.0), (67, 3.5))], [('K.239 Musescore', 'P1', 2, (328, 335), (69, 1.0), (69, 3.5)), ('K.239 Musescore', 'P1', 2, (336, 343), (70, 1.0), (70, 3.5))]]) 

5 .    ((((3, 2), (3, -2), (3, 2), (3, 2), (3, -2)), ((0.0, 0.5), (0.0, 0.5), (0.0, 2.0), (0.0, 0.5), (0.0, 0.5))), [[('K.239 Musescore', 'P1', 1, (142, 147), (25, 3.5), (27, 1.0)), ('K.239 Musescore', 'P1', 1, (148, 153), (27, 3.5), (29, 1.0))], [('K.239 Musescore', 'P1', 1, (349, 354), (61, 3.5), (63, 1.0)), ('K.239 Musescore', 'P1', 1, (355, 360), (63, 3.5), (65, 1.0))]]) 

6 .    (((-2, -2), (0.25, 0.25)), [[('K.239 Musescore', 'P1', 1, (37, 39), (8, 1.5), (8, 1.75)), ('K.239 Musescore', 'P1', 1, (40, 42), (8, 2.25), (8, 2.5)), ('K.239 Musescore', 'P1', 1, (43, 45), (8, 3.0), (8, 3.25))], [('K.239 Musescore', 'P1', 2, (48, 50), (9, 1.5), (9, 1.75)), ('K.239 Musescore', 'P1', 2, (51, 53), (9, 2.25), (9, 2.5)), ('K.239 Musescore', 'P1', 2, (54, 56), (9, 3.0), (9, 3.25))]]) 

7 .    (((2, 2, -5), (0.25, 0.25, 0.25)), [[('K.239 Musescore', 'P1', 1, (168, 171), (32, 2.0), (32, 2.5)), ('K.239 Musescore', 'P1', 1, (172, 175), (32, 3.0), (32, 3.5))], [('K.239 Musescore', 'P1', 1, (189, 192), (35, 2.0), (35, 2.5)), ('K.239 Musescore', 'P1', 1, (193, 196), (35, 3.0), (35, 3.5))]]) 

