1 .    ('nomes', 'K.235 KernScores') 

2 .    ('quantidade', 1) 

3 .    ('analise', 'sequęncias IntDiaDur sem contidos e intercalados') 

1 .    (((-6, -2, 6, -2, -6, 2, 6, -2, -6, -2, 6), (0.5, 0.5, 0.5, 0.5, 0.5, 0.5, 0.5, 0.5, 0.5, 0.5, 0.5)), [[('K.235 KernScores', 'P1', 1, (196, 207), (72, 1.0), (73, 3.0)), ('K.235 KernScores', 'P1', 1, (208, 219), (74, 1.0), (75, 3.0))], [('K.235 KernScores', 'P1', 1, (442, 453), (124, 1.0), (125, 3.0)), ('K.235 KernScores', 'P1', 1, (454, 465), (126, 1.0), (127, 3.0))]]) 

2 .    (((-6, -2, 6), (0.5, 0.5, 0.5)), [[('K.235 KernScores', 'P1', 1, (109, 112), (49, 1.0), (49, 2.0)), ('K.235 KernScores', 'P1', 1, (113, 116), (49, 3.0), (50, 1.0)), ('K.235 KernScores', 'P1', 1, (117, 120), (50, 2.0), (50, 3.0)), ('K.235 KernScores', 'P1', 1, (121, 124), (51, 1.0), (51, 2.0))], [('K.235 KernScores', 'P1', 1, (128, 131), (53, 1.0), (53, 2.0)), ('K.235 KernScores', 'P1', 1, (132, 135), (53, 3.0), (54, 1.0)), ('K.235 KernScores', 'P1', 1, (136, 139), (54, 2.0), (54, 3.0)), ('K.235 KernScores', 'P1', 1, (140, 143), (55, 1.0), (55, 2.0))]]) 

3 .    (((2, 2, 2, 2, -8), (1.0, 1.0, 1.0, 1.0, 1.0)), [[('K.235 KernScores', 'P2', 1, (185, 190), (72, 1.0), (73, 2.0)), ('K.235 KernScores', 'P2', 1, (191, 196), (74, 1.0), (75, 2.0))], [('K.235 KernScores', 'P2', 1, (325, 330), (124, 1.0), (125, 2.0)), ('K.235 KernScores', 'P2', 1, (331, 336), (126, 1.0), (127, 2.0))]]) 

4 .    (((2, 2, 2), (1.0, 1.0, 1.0)), [[('K.235 KernScores', 'P2', 1, (2, 5), (1, 3.0), (2, 2.0)), ('K.235 KernScores', 'P2', 1, (6, 9), (3, 1.0), (3, 3.0))], [('K.235 KernScores', 'P2', 1, (14, 17), (5, 3.0), (6, 2.0)), ('K.235 KernScores', 'P2', 1, (18, 21), (7, 1.0), (7, 3.0))], [('K.235 KernScores', 'P2', 1, (26, 29), (9, 3.0), (10, 2.0)), ('K.235 KernScores', 'P2', 1, (30, 33), (11, 1.0), (11, 3.0))], [('K.235 KernScores', 'P2', 1, (38, 41), (13, 3.0), (14, 2.0)), ('K.235 KernScores', 'P2', 1, (42, 45), (15, 1.0), (15, 3.0))]]) 

5 .    ((((6, 2), (5, -7), (8, -5)), ((0.0, 3.0), (0.0, 3.0), (0.0, 3.0))), [[('K.235 KernScores', 'P2', 1, (68, 71), (25, 1.0), (27, 1.0)), ('K.235 KernScores', 'P2', 1, (72, 75), (29, 1.0), (31, 1.0))], [('K.235 KernScores', 'P2', 1, (126, 129), (49, 1.0), (51, 1.0)), ('K.235 KernScores', 'P2', 1, (130, 133), (53, 1.0), (55, 1.0))]]) 

6 .    (((-2, -2), (0.5, 0.5)), [[('K.235 KernScores', 'P1', 1, (74, 76), (31, 3.0), (31, 3.5)), ('K.235 KernScores', 'P1', 1, (77, 79), (36, 1.5), (36, 2.0))], [('K.235 KernScores', 'P1', 1, (370, 372), (107, 3.0), (107, 3.5)), ('K.235 KernScores', 'P1', 1, (373, 375), (110, 1.5), (110, 2.0))]]) 

7 .    (((-4, -3), (0.5, 0.5)), [[('K.235 KernScores', 'P1', 1, (87, 89), (41, 1.0), (41, 1.5)), ('K.235 KernScores', 'P1', 1, (90, 92), (41, 2.5), (41, 3.0))], [('K.235 KernScores', 'P1', 1, (98, 100), (45, 1.0), (45, 1.5)), ('K.235 KernScores', 'P1', 1, (101, 103), (45, 2.5), (45, 3.0))]]) 

