1.    nomes:
K.63 Musescore

2.    quantidade:
1

3.    analise:
[('intDia', 'p1p2'), ('duracao', 'p1p2')] SemContInte Distancia: 0

1.    ((-2, 2, -3, 8, 2, -6, -2, 2, 3, 2, 2, -5, -2, 2, 2, 2, 2, -4, -2, 2, 2, 3, -2, -6, -2, 2, 4, 3, -2), (0.5, 0.25, 0.25, 0.5, 0.5, 0.25, 0.25, 0.25, 0.25, 0.5, 0.5, 0.25, 0.25, 0.25, 0.25, 0.5, 0.5, 0.25, 0.25, 0.25, 0.25, 0.5, 0.5, 0.25, 0.25, 0.25, 0.25, 0.5, 0.5)):
('K.63 Musescore', 'P1', 1, (114, 143), (24,), (1.0,), (28,), (2.5,))
('K.63 Musescore', 'P1', 1, (242, 271), (52,), (1.0,), (56,), (2.5,))

2.    ((-2, 2, -8, 7, -2, 2, -7, 6, -2, 2, -6, 5, -2, 2, -5, 8, -2, 2, -8, 7, -2, 2, -7, 6, -2, 2, -6, 5, -2), (0.25, 0.25, 0.25, 0.25, 0.25, 0.25, 0.25, 0.25, 0.25, 0.25, 0.25, 0.25, 0.25, 0.25, 0.25, 0.25, 0.25, 0.25, 0.25, 0.25, 0.25, 0.25, 0.25, 0.25, 0.25, 0.25, 0.25, 0.25, 0.25)):
('K.63 Musescore', 'P1', 1, (43, 72), (10,), (2.25,), (14,), (1.25,))
('K.63 Musescore', 'P1', 3, (29, 58), (14,), (2.25,), (18,), (1.25,))

3.    ((8, -2, 2, -8, 7, -2, 2, -7, 6, -2, 2, -6, 5, -2, 2, -5), (0.25, 0.25, 0.25, 0.25, 0.25, 0.25, 0.25, 0.25, 0.25, 0.25, 0.25, 0.25, 0.25, 0.25, 0.25, 0.25)):
('K.63 Musescore', 'P1', 1, (42, 58), (10,), (2.0,), (12,), (1.75,))
('K.63 Musescore', 'P1', 1, (58, 74), (12,), (2.0,), (14,), (1.75,))

4.    ((3, -2, 2, -3, 3, -4, 4, -5, 5, -2, 2, -5, 5, -6, 6, -7), (0.25, 0.25, 0.25, 0.25, 0.25, 0.25, 0.25, 0.25, 0.25, 0.25, 0.25, 0.25, 0.25, 0.25, 0.25, 0.25)):
('K.63 Musescore', 'P1', 1, (194, 210), (44,), (1.0,), (45,), (2.75,))
('K.63 Musescore', 'P1', 1, (210, 226), (46,), (1.0,), (47,), (2.75,))

5.    ((6, -2, -2, -2, -2, 2, -3, 6, -2, -2, -2), (0.5, 0.5, 1.0, 1.0, 0.5, 0.25, 0.25, 0.5, 0.5, 1.0, 1.0)):
('K.63 Musescore', 'P1', 1, (161, 172), (34,), (2.0,), (37,), (2.0,))
('K.63 Musescore', 'P1', 1, (183, 194), (40,), (2.0,), (43,), (2.0,))

6.    ((6, -2, 4, -4, -2, -2, -2, 2, -3), (0.5, 0.5, 0.5, 0.5, 0.5, 0.5, 0.5, 0.25, 0.25)):
('K.63 Musescore', 'P1', 1, (5, 14), (2,), (2.0,), (4,), (1.75,))
('K.63 Musescore', 'P1', 1, (14, 23), (4,), (2.0,), (6,), (1.75,))

7.    ((2, 8, -2, -8, -2, 8, -2, -8), (0.5, 1.5, 0.5, 1.5, 0.5, 1.5, 0.5, 1.5)):
('K.63 Musescore', 'P1', 3, (81, 89), (24,), (2.5,), (28,), (1.0,))
('K.63 Musescore', 'P1', 3, (146, 154), (51,), (2.5,), (55,), (1.0,))

8.    (((3, 2), -2, -4, (3, 4), (3, 2), -2, -4), ((0.0, 0.5), 1.0, 1.0, (0.0, 1.5), (0.0, 0.5), 1.0, 1.0)):
('K.63 Musescore', 'P1', 3, (3, 10), (2,), (2.5,), (5,), (2.0,))
('K.63 Musescore', 'P1', 3, (102, 109), (34,), (2.5,), (37,), (2.0,))
('K.63 Musescore', 'P1', 3, (116, 123), (40,), (2.5,), (43,), (2.0,))

9.    ((-3, 2, -5, 6, -3, 2, -5), (0.5, 0.5, 0.5, 2.5, 0.5, 0.5, 0.5)):
('K.63 Musescore', 'P1', 4, (0, 7), (3,), (1.0,), (5,), (2.0,))
('K.63 Musescore', 'P1', 4, (10, 17), (35,), (1.0,), (37,), (2.0,))
('K.63 Musescore', 'P1', 4, (18, 25), (41,), (1.0,), (43,), (2.0,))

10.    ((-2, 2, -2, 2, -8), (1.0, 1.0, 0.5, 0.25, 0.25)):
('K.63 Musescore', 'P1', 1, (0, 5), (1,), (1.0,), (2,), (1.75,))
('K.63 Musescore', 'P1', 1, (156, 161), (33,), (1.0,), (34,), (1.75,))

11.    ((-2, -8, -2, 8, -2), (0.5, 0.5, 0.5, 0.5, 0.5)):
('K.63 Musescore', 'P1', 1, (24, 29), (6,), (2.5,), (7,), (2.5,))
('K.63 Musescore', 'P1', 3, (15, 20), (8,), (2.5,), (9,), (2.5,))

12.    ((3, 4, 3, -7), (0.5, 0.5, 0.5, 0.5)):
('K.63 Musescore', 'P1', 1, (226, 230), (48,), (1.0,), (48,), (2.5,))
('K.63 Musescore', 'P1', 3, (70, 74), (21,), (1.0,), (21,), (2.5,))
('K.63 Musescore', 'P1', 3, (74, 78), (22,), (1.0,), (22,), (2.5,))

13.    ((4, 3, 3), (0.5, 0.5, 0.5)):
('K.63 Musescore', 'P1', 1, (230, 233), (49,), (1.0,), (49,), (2.0,))
('K.63 Musescore', 'P1', 1, (234, 237), (50,), (1.0,), (50,), (2.0,))
('K.63 Musescore', 'P1', 1, (238, 241), (51,), (1.0,), (51,), (2.0,))
('K.63 Musescore', 'P1', 3, (65, 68), (19,), (2.5,), (20,), (1.5,))

14.    ((2, 2, 2), (0.25, 0.5, 0.5)):
('K.63 Musescore', 'P1', 1, (128, 131), (26,), (1.75,), (26,), (2.5,))
('K.63 Musescore', 'P1', 1, (256, 259), (54,), (1.75,), (54,), (2.5,))
('K.63 Musescore', 'P1', 3, (59, 62), (18,), (1.75,), (18,), (2.5,))

15.    (((3, -4), (3, 4, 2), (3, 3, -4)), ((0.0, 0.5), (0.0, 0.0, 1.0), (0.0, 0.0, 1.0))):
('K.63 Musescore', 'P1', 3, (21, 24), (10,), (2.5,), (11,), (2.0,))
('K.63 Musescore', 'P1', 3, (25, 28), (12,), (2.5,), (13,), (2.0,))

16.    ((-3, 2), (0.5, 0.5)):
('K.63 Musescore', 'P1', 1, (34, 36), (9,), (1.0,), (9,), (1.5,))
('K.63 Musescore', 'P1', 3, (145, 147), (51,), (2.0,), (51,), (2.5,))
('K.63 Musescore', 'P1', 4, (0, 2), (3,), (1.0,), (3,), (1.5,))
('K.63 Musescore', 'P1', 4, (4, 6), (5,), (1.0,), (5,), (1.5,))
('K.63 Musescore', 'P1', 4, (10, 12), (35,), (1.0,), (35,), (1.5,))
('K.63 Musescore', 'P1', 4, (14, 16), (37,), (1.0,), (37,), (1.5,))
('K.63 Musescore', 'P1', 4, (18, 20), (41,), (1.0,), (41,), (1.5,))
('K.63 Musescore', 'P1', 4, (22, 24), (43,), (1.0,), (43,), (1.5,))

17.    ((2, -5), (0.5, 0.5)):
('K.63 Musescore', 'P1', 3, (160, 162), (58,), (1.5,), (58,), (2.0,))
('K.63 Musescore', 'P1', 4, (1, 3), (3,), (1.5,), (3,), (2.0,))
('K.63 Musescore', 'P1', 4, (5, 7), (5,), (1.5,), (5,), (2.0,))
('K.63 Musescore', 'P1', 4, (11, 13), (35,), (1.5,), (35,), (2.0,))
('K.63 Musescore', 'P1', 4, (15, 17), (37,), (1.5,), (37,), (2.0,))
('K.63 Musescore', 'P1', 4, (19, 21), (41,), (1.5,), (41,), (2.0,))
('K.63 Musescore', 'P1', 4, (23, 25), (43,), (1.5,), (43,), (2.0,))

18.    ((-2, -2), (0.5, 0.5)):
('K.63 Musescore', 'P1', 1, (9, 11), (3,), (2.0,), (3,), (2.5,))
('K.63 Musescore', 'P1', 1, (18, 20), (5,), (2.0,), (5,), (2.5,))
('K.63 Musescore', 'P1', 1, (28, 30), (7,), (2.5,), (8,), (1.0,))
('K.63 Musescore', 'P1', 1, (277, 279), (58,), (2.0,), (58,), (2.5,))
('K.63 Musescore', 'P1', 2, (5, 7), (57,), (2.0,), (57,), (2.5,))

19.    ((-3, -4), (0.5, 0.5)):
('K.63 Musescore', 'P1', 1, (102, 104), (21,), (1.0,), (21,), (1.5,))
('K.63 Musescore', 'P1', 1, (106, 108), (22,), (1.0,), (22,), (1.5,))
('K.63 Musescore', 'P1', 3, (135, 137), (49,), (1.0,), (49,), (1.5,))
('K.63 Musescore', 'P1', 3, (139, 141), (50,), (1.0,), (50,), (1.5,))
('K.63 Musescore', 'P1', 3, (143, 145), (51,), (1.0,), (51,), (1.5,))

20.    ((2, 2), (0.5, 0.5)):
('K.63 Musescore', 'P1', 1, (78, 80), (16,), (1.0,), (16,), (1.5,))
('K.63 Musescore', 'P1', 1, (123, 125), (25,), (2.0,), (25,), (2.5,))
('K.63 Musescore', 'P1', 1, (251, 253), (53,), (2.0,), (53,), (2.5,))
('K.63 Musescore', 'P1', 3, (62, 64), (19,), (1.0,), (19,), (1.5,))

21.    ((4, -4), (0.5, 0.5)):
('K.63 Musescore', 'P1', 1, (7, 9), (3,), (1.0,), (3,), (1.5,))
('K.63 Musescore', 'P1', 1, (16, 18), (5,), (1.0,), (5,), (1.5,))
('K.63 Musescore', 'P1', 3, (130, 132), (47,), (2.5,), (48,), (1.0,))

22.    ((4, -5), (0.5, 0.5)):
('K.63 Musescore', 'P1', 1, (75, 77), (15,), (1.5,), (15,), (2.0,))
('K.63 Musescore', 'P1', 1, (81, 83), (17,), (1.5,), (17,), (2.0,))

23.    ((-3, 4), (0.25, 0.25)):
('K.63 Musescore', 'P1', 1, (86, 88), (18,), (2.0,), (18,), (2.25,))
('K.63 Musescore', 'P1', 1, (88, 90), (18,), (2.5,), (18,), (2.75,))

24.    ((-3, -2), (0.5, 0.5)):
('K.63 Musescore', 'P1', 1, (150, 152), (30,), (1.5,), (30,), (2.0,))
('K.63 Musescore', 'P1', 1, (276, 278), (58,), (1.5,), (58,), (2.0,))

25.    ((-3, -3), (0.5, 0.5)):
('K.63 Musescore', 'P1', 1, (111, 113), (23,), (1.5,), (23,), (2.0,))
('K.63 Musescore', 'P1', 3, (132, 134), (48,), (1.5,), (48,), (2.0,))

26.    ((-2, 1), (0.5, 1.5)):
('K.63 Musescore', 'P1', 3, (19, 21), (9,), (2.5,), (10,), (1.0,))
('K.63 Musescore', 'P1', 3, (154, 156), (55,), (2.5,), (56,), (1.0,))

27.    ((-8, 4), (1.0, 1.0)):
('K.63 Musescore', 'P1', 3, (113, 115), (39,), (1.0,), (39,), (2.0,))
('K.63 Musescore', 'P1', 3, (163, 165), (59,), (1.0,), (59,), (2.0,))

28.    (((3, 2), (3, 2)), ((0.0, 1.5), (0.0, 0.5))):
('K.63 Musescore', 'P1', 3, (123, 125), (44,), (1.0,), (44,), (2.5,))
('K.63 Musescore', 'P1', 3, (127, 129), (46,), (1.0,), (46,), (2.5,))

29.    ((-2,), (0.5,)):
('K.63 Musescore', 'P1', 1, (2, 3), (2,), (1.0,), (2,), (1.0,))
('K.63 Musescore', 'P1', 1, (6, 7), (2,), (2.5,), (2,), (2.5,))
('K.63 Musescore', 'P1', 1, (9, 10), (3,), (2.0,), (3,), (2.0,))
('K.63 Musescore', 'P1', 1, (10, 11), (3,), (2.5,), (3,), (2.5,))
('K.63 Musescore', 'P1', 1, (11, 12), (4,), (1.0,), (4,), (1.0,))
('K.63 Musescore', 'P1', 1, (15, 16), (4,), (2.5,), (4,), (2.5,))
('K.63 Musescore', 'P1', 1, (18, 19), (5,), (2.0,), (5,), (2.0,))
('K.63 Musescore', 'P1', 1, (19, 20), (5,), (2.5,), (5,), (2.5,))
('K.63 Musescore', 'P1', 1, (20, 21), (6,), (1.0,), (6,), (1.0,))
('K.63 Musescore', 'P1', 1, (24, 25), (6,), (2.5,), (6,), (2.5,))
('K.63 Musescore', 'P1', 1, (26, 27), (7,), (1.5,), (7,), (1.5,))
('K.63 Musescore', 'P1', 1, (28, 29), (7,), (2.5,), (7,), (2.5,))
('K.63 Musescore', 'P1', 1, (29, 30), (8,), (1.0,), (8,), (1.0,))
('K.63 Musescore', 'P1', 1, (33, 34), (8,), (2.5,), (8,), (2.5,))
('K.63 Musescore', 'P1', 1, (36, 37), (9,), (2.0,), (9,), (2.0,))
('K.63 Musescore', 'P1', 1, (39, 40), (10,), (1.0,), (10,), (1.0,))
('K.63 Musescore', 'P1', 1, (77, 78), (15,), (2.5,), (15,), (2.5,))
('K.63 Musescore', 'P1', 1, (85, 86), (18,), (1.5,), (18,), (1.5,))
('K.63 Musescore', 'P1', 1, (101, 102), (20,), (2.5,), (20,), (2.5,))
('K.63 Musescore', 'P1', 1, (105, 106), (21,), (2.5,), (21,), (2.5,))
('K.63 Musescore', 'P1', 1, (114, 115), (24,), (1.0,), (24,), (1.0,))
('K.63 Musescore', 'P1', 1, (136, 137), (27,), (2.5,), (27,), (2.5,))
('K.63 Musescore', 'P1', 1, (142, 143), (28,), (2.5,), (28,), (2.5,))
('K.63 Musescore', 'P1', 1, (147, 148), (29,), (2.0,), (29,), (2.0,))
('K.63 Musescore', 'P1', 1, (151, 152), (30,), (2.0,), (30,), (2.0,))
('K.63 Musescore', 'P1', 1, (158, 159), (34,), (1.0,), (34,), (1.0,))
('K.63 Musescore', 'P1', 1, (162, 163), (34,), (2.5,), (34,), (2.5,))
('K.63 Musescore', 'P1', 1, (165, 166), (36,), (1.0,), (36,), (1.0,))
('K.63 Musescore', 'P1', 1, (169, 170), (36,), (2.5,), (36,), (2.5,))
('K.63 Musescore', 'P1', 1, (172, 173), (38,), (1.0,), (38,), (1.0,))
('K.63 Musescore', 'P1', 1, (180, 181), (40,), (1.0,), (40,), (1.0,))
('K.63 Musescore', 'P1', 1, (184, 185), (40,), (2.5,), (40,), (2.5,))
('K.63 Musescore', 'P1', 1, (187, 188), (42,), (1.0,), (42,), (1.0,))
('K.63 Musescore', 'P1', 1, (191, 192), (42,), (2.5,), (42,), (2.5,))
('K.63 Musescore', 'P1', 1, (242, 243), (52,), (1.0,), (52,), (1.0,))
('K.63 Musescore', 'P1', 1, (264, 265), (55,), (2.5,), (55,), (2.5,))
('K.63 Musescore', 'P1', 1, (270, 271), (56,), (2.5,), (56,), (2.5,))
('K.63 Musescore', 'P1', 1, (277, 278), (58,), (2.0,), (58,), (2.0,))
('K.63 Musescore', 'P1', 1, (278, 279), (58,), (2.5,), (58,), (2.5,))
('K.63 Musescore', 'P1', 2, (5, 6), (57,), (2.0,), (57,), (2.0,))
('K.63 Musescore', 'P1', 2, (6, 7), (57,), (2.5,), (57,), (2.5,))
('K.63 Musescore', 'P1', 3, (15, 16), (8,), (2.5,), (8,), (2.5,))
('K.63 Musescore', 'P1', 3, (17, 18), (9,), (1.5,), (9,), (1.5,))
('K.63 Musescore', 'P1', 3, (19, 20), (9,), (2.5,), (9,), (2.5,))
('K.63 Musescore', 'P1', 3, (83, 84), (25,), (2.5,), (25,), (2.5,))
('K.63 Musescore', 'P1', 3, (85, 86), (26,), (2.5,), (26,), (2.5,))
('K.63 Musescore', 'P1', 3, (87, 88), (27,), (2.5,), (27,), (2.5,))
('K.63 Musescore', 'P1', 3, (148, 149), (52,), (2.5,), (52,), (2.5,))
('K.63 Musescore', 'P1', 3, (150, 151), (53,), (2.5,), (53,), (2.5,))
('K.63 Musescore', 'P1', 3, (152, 153), (54,), (2.5,), (54,), (2.5,))
('K.63 Musescore', 'P1', 3, (154, 155), (55,), (2.5,), (55,), (2.5,))

30.    ((-2,), (1.0,)):
('K.63 Musescore', 'P1', 1, (0, 1), (1,), (1.0,), (1,), (1.0,))
('K.63 Musescore', 'P1', 1, (153, 154), (31,), (1.0,), (31,), (1.0,))
('K.63 Musescore', 'P1', 1, (154, 155), (31,), (2.0,), (31,), (2.0,))
('K.63 Musescore', 'P1', 1, (156, 157), (33,), (1.0,), (33,), (1.0,))
('K.63 Musescore', 'P1', 1, (163, 164), (35,), (1.0,), (35,), (1.0,))
('K.63 Musescore', 'P1', 1, (164, 165), (35,), (2.0,), (35,), (2.0,))
('K.63 Musescore', 'P1', 1, (170, 171), (37,), (1.0,), (37,), (1.0,))
('K.63 Musescore', 'P1', 1, (171, 172), (37,), (2.0,), (37,), (2.0,))
('K.63 Musescore', 'P1', 1, (185, 186), (41,), (1.0,), (41,), (1.0,))
('K.63 Musescore', 'P1', 1, (186, 187), (41,), (2.0,), (41,), (2.0,))
('K.63 Musescore', 'P1', 1, (192, 193), (43,), (1.0,), (43,), (1.0,))
('K.63 Musescore', 'P1', 1, (193, 194), (43,), (2.0,), (43,), (2.0,))
('K.63 Musescore', 'P1', 2, (2, 3), (31,), (1.0,), (31,), (1.0,))
('K.63 Musescore', 'P1', 3, (4, 5), (3,), (1.0,), (3,), (1.0,))
('K.63 Musescore', 'P1', 3, (8, 9), (5,), (1.0,), (5,), (1.0,))
('K.63 Musescore', 'P1', 3, (12, 13), (7,), (1.5,), (7,), (1.5,))
('K.63 Musescore', 'P1', 3, (103, 104), (35,), (1.0,), (35,), (1.0,))
('K.63 Musescore', 'P1', 3, (107, 108), (37,), (1.0,), (37,), (1.0,))
('K.63 Musescore', 'P1', 3, (117, 118), (41,), (1.0,), (41,), (1.0,))
('K.63 Musescore', 'P1', 3, (121, 122), (43,), (1.0,), (43,), (1.0,))
('K.63 Musescore', 'P1', 4, (8, 9), (7,), (1.0,), (7,), (1.0,))

31.    ((-5,), (0.5,)):
('K.63 Musescore', 'P1', 1, (76, 77), (15,), (2.0,), (15,), (2.0,))
('K.63 Musescore', 'P1', 1, (82, 83), (17,), (2.0,), (17,), (2.0,))
('K.63 Musescore', 'P1', 3, (161, 162), (58,), (2.0,), (58,), (2.0,))
('K.63 Musescore', 'P1', 4, (2, 3), (3,), (2.0,), (3,), (2.0,))
('K.63 Musescore', 'P1', 4, (6, 7), (5,), (2.0,), (5,), (2.0,))
('K.63 Musescore', 'P1', 4, (12, 13), (35,), (2.0,), (35,), (2.0,))
('K.63 Musescore', 'P1', 4, (16, 17), (37,), (2.0,), (37,), (2.0,))
('K.63 Musescore', 'P1', 4, (20, 21), (41,), (2.0,), (41,), (2.0,))
('K.63 Musescore', 'P1', 4, (24, 25), (43,), (2.0,), (43,), (2.0,))

32.    ((4,), (0.5,)):
('K.63 Musescore', 'P1', 1, (32, 33), (8,), (2.0,), (8,), (2.0,))
('K.63 Musescore', 'P1', 1, (75, 76), (15,), (1.5,), (15,), (1.5,))
('K.63 Musescore', 'P1', 1, (81, 82), (17,), (1.5,), (17,), (1.5,))
('K.63 Musescore', 'P1', 1, (148, 149), (29,), (2.5,), (29,), (2.5,))
('K.63 Musescore', 'P1', 3, (68, 69), (20,), (2.0,), (20,), (2.0,))
('K.63 Musescore', 'P1', 3, (89, 90), (28,), (2.5,), (28,), (2.5,))

33.    ((-7,), (0.5,)):
('K.63 Musescore', 'P1', 1, (109, 110), (22,), (2.5,), (22,), (2.5,))
('K.63 Musescore', 'P1', 1, (233, 234), (49,), (2.5,), (49,), (2.5,))
('K.63 Musescore', 'P1', 1, (237, 238), (50,), (2.5,), (50,), (2.5,))
('K.63 Musescore', 'P1', 1, (241, 242), (51,), (2.5,), (51,), (2.5,))
('K.63 Musescore', 'P1', 3, (13, 14), (7,), (2.5,), (7,), (2.5,))
('K.63 Musescore', 'P1', 3, (69, 70), (20,), (2.5,), (20,), (2.5,))

34.    ((2,), (1.0,)):
('K.63 Musescore', 'P1', 1, (1, 2), (1,), (2.0,), (1,), (2.0,))
('K.63 Musescore', 'P1', 1, (157, 158), (33,), (2.0,), (33,), (2.0,))
('K.63 Musescore', 'P1', 2, (0, 1), (30,), (1.0,), (30,), (1.0,))
('K.63 Musescore', 'P1', 2, (7, 8), (58,), (1.0,), (58,), (1.0,))
('K.63 Musescore', 'P1', 3, (79, 80), (23,), (2.0,), (23,), (2.0,))

35.    ((3,), (0.5,)):
('K.63 Musescore', 'P1', 1, (135, 136), (27,), (2.0,), (27,), (2.0,))
('K.63 Musescore', 'P1', 1, (141, 142), (28,), (2.0,), (28,), (2.0,))
('K.63 Musescore', 'P1', 1, (263, 264), (55,), (2.0,), (55,), (2.0,))
('K.63 Musescore', 'P1', 1, (269, 270), (56,), (2.0,), (56,), (2.0,))
('K.63 Musescore', 'P1', 3, (159, 160), (58,), (1.0,), (58,), (1.0,))

36.    (((8, 2),), ((0.0, 0.5),)):
('K.63 Musescore', 'P1', 3, (91, 92), (29,), (2.5,), (29,), (2.5,))
('K.63 Musescore', 'P1', 3, (93, 94), (30,), (1.5,), (30,), (1.5,))
('K.63 Musescore', 'P1', 3, (95, 96), (30,), (2.5,), (30,), (2.5,))
('K.63 Musescore', 'P1', 3, (158, 159), (57,), (2.5,), (57,), (2.5,))

37.    ((1,), (1.5,)):
('K.63 Musescore', 'P1', 1, (80, 81), (16,), (2.0,), (16,), (2.0,))
('K.63 Musescore', 'P1', 3, (20, 21), (10,), (1.0,), (10,), (1.0,))
('K.63 Musescore', 'P1', 3, (155, 156), (56,), (1.0,), (56,), (1.0,))

38.    (((3, 2),), ((0.0, 1.0),)):
('K.63 Musescore', 'P1', 1, (280, 281), (59,), (2.0,), (59,), (2.0,))
('K.63 Musescore', 'P1', 3, (99, 100), (33,), (1.0,), (33,), (1.0,))
('K.63 Musescore', 'P1', 3, (100, 101), (33,), (2.0,), (33,), (2.0,))

39.    (((3, -2),), ((0.0, 1.0),)):
('K.63 Musescore', 'P1', 1, (178, 179), (39,), (1.5,), (39,), (1.5,))
('K.63 Musescore', 'P1', 1, (279, 280), (59,), (1.0,), (59,), (1.0,))

