1 .    ('nomes', 'K.156 Musescore') 

2 .    ('quantidade', 1) 

3 .    ('analise', 'recorrõncias IntDiaDurPcompasso sem contidos e intercalados') 

1 .    (((-3, 4, -2, 1, -3, 6, -4, 1, -3, 8, -6, 1, -3, 10, -8, 1, -2, 2, 2, -3, -3, 2, -2, -2), (0.08, 0.08, 0.08, 1.75, 0.08, 0.08, 0.08, 1.75, 0.08, 0.08, 0.08, 1.75, 0.08, 0.08, 0.08, 0.75, 1.25, 0.12, 0.12, 0.25, 0.12, 0.12, 0.5, 0.5), (3.0, 3.08, 3.17, 3.25, 1.0, 1.08, 1.17, 1.25, 3.0, 3.08, 3.17, 3.25, 1.0, 1.08, 1.17, 1.25, 2.0, 3.25, 3.38, 3.5, 3.75, 3.88, 4.0, 4.5)), [('K.156 Musescore', 'P1', 1, (69, 93), (9, 3.0), (11, 4.5)), ('K.156 Musescore', 'P1', 1, (103, 127), (12, 3.0), (14, 4.5))]) 

2 .    ((((3, -2), (3, -3), (3, 4), (3, -2), (3, -3), (3, -5), (3, -2), (3, -3), (8, 4), (3, -2), (3, -3), (8, 4), 4, 2, -8, -5), ((0.0, 0.5), (0.0, 0.5), (0.0, 1.0), (0.0, 0.5), (0.0, 0.5), (0.0, 1.0), (0.0, 0.5), (0.0, 0.5), (0.0, 1.0), (0.0, 0.5), (0.0, 0.5), (0.0, 0.5), 0.5, 0.5, 0.5, 0.5), (3.5, 4.0, 4.5, 1.5, 2.0, 2.5, 3.5, 4.0, 4.5, 1.5, 2.0, 2.5, 3.0, 3.5, 4.0, 4.5)), [('K.156 Musescore', 'P1', 3, (49, 65), (9, 3.5), (11, 4.5)), ('K.156 Musescore', 'P1', 3, (66, 82), (12, 3.5), (14, 4.5))]) 

3 .    (((-2, -2, 2, -2, 2, 2, -2, -2, 2, -2, 2, 2, -2, -2), (0.5, 0.5, 0.5, 0.17, 0.17, 0.17, 0.5, 0.5, 0.5, 0.17, 0.17, 0.17, 0.5, 0.5), (4.5, 1.0, 1.5, 2.0, 2.17, 2.33, 2.5, 3.0, 3.5, 4.0, 4.17, 4.33, 4.5, 1.0)), [('K.156 Musescore', 'P1', 2, (33, 47), (28, 4.5), (29, 1.0)), ('K.156 Musescore', 'P1', 2, (65, 79), (31, 4.5), (32, 1.0))]) 

4 .    (((2, 2, 2, 2, 2, 2, 5, -8, 2, -2, 2, 7), (0.5, 0.25, 0.12, 0.12, 0.25, 0.12, 0.12, 0.5, 0.5, 0.75, 0.12, 0.12), (3.0, 3.5, 3.75, 3.88, 4.0, 4.25, 4.38, 4.5, 1.0, 1.5, 2.25, 2.38)), [('K.156 Musescore', 'P1', 1, (363, 375), (39, 3.0), (39, 2.38)), ('K.156 Musescore', 'P1', 1, (376, 388), (40, 3.0), (40, 2.38))]) 

5 .    (((-2, -2, 2, 2, -2, -2, 2, 2, -2, -2, 2), (0.5, 0.5, 0.5, 0.5, 0.5, 0.5, 0.5, 0.5, 0.5, 0.5, 0.5), (4.5, 1.0, 1.5, 2.0, 2.5, 3.0, 3.5, 4.0, 4.5, 1.0, 1.5)), [('K.156 Musescore', 'P1', 1, (252, 263), (28, 4.5), (29, 1.5)), ('K.156 Musescore', 'P1', 1, (276, 287), (31, 4.5), (32, 1.5))]) 

6 .    (((-2, 2, -2, -2, -2, 4, -2, 2, -2, -2, -2), (0.5, 0.5, 0.5, 0.5, 0.5, 1.5, 0.5, 0.5, 0.5, 0.5, 0.5), (2.5, 3.0, 3.5, 4.0, 4.5, 1.0, 2.5, 3.0, 3.5, 4.0, 4.5)), [('K.156 Musescore', 'P1', 3, (123, 134), (21, 2.5), (23, 4.5)), ('K.156 Musescore', 'P1', 3, (135, 146), (23, 2.5), (25, 4.5))]) 

7 .    (((-3, (3, -2), (3, -2), (3, 2), (3, 2), (3, -2), (3, -2), (3, 2), (3, 2), (3, 2)), (1.5, (0.0, 0.5), (0.0, 0.5), (0.0, 0.5), (0.0, 0.5), (0.0, 0.5), (0.0, 0.5), (0.0, 0.5), (0.0, 0.5), (0.0, 0.5)), (4.0, 1.5, 2.0, 2.5, 3.0, 3.5, 4.0, 4.5, 1.0, 1.5)), [('K.156 Musescore', 'P1', 4, (24, 34), (28, 4.0), (29, 1.5)), ('K.156 Musescore', 'P1', 4, (44, 54), (31, 4.0), (32, 1.5))]) 

8 .    (((2, -3, -3, 4, -3, -3, 9, -2), (0.5, 0.12, 0.12, 0.75, 0.12, 0.12, 0.75, 0.75), (1.5, 2.0, 2.12, 2.25, 3.0, 3.12, 3.25, 4.0)), [('K.156 Musescore', 'P1', 1, (128, 136), (14, 1.5), (15, 4.0)), ('K.156 Musescore', 'P1', 1, (139, 147), (15, 1.5), (16, 4.0))]) 

9 .    (((-2, -2, -2, -2, 2, -2, -2, -2), (0.17, 0.17, 0.17, 0.5, 0.5, 0.5, 0.5, 0.5), (2.0, 2.17, 2.33, 2.5, 3.0, 3.5, 4.0, 4.5)), [('K.156 Musescore', 'P1', 1, (193, 201), (21, 2.0), (22, 4.5)), ('K.156 Musescore', 'P1', 1, (202, 210), (22, 2.0), (23, 4.5))]) 

10 .    (((2, -3, -3, 4, -3, -3, -7, -2), (0.5, 0.12, 0.12, 0.75, 0.12, 0.12, 0.75, 0.75), (3.0, 3.5, 3.62, 3.75, 4.5, 4.62, 4.75, 1.5)), [('K.156 Musescore', 'P1', 1, (341, 349), (37, 3.0), (37, 1.5)), ('K.156 Musescore', 'P1', 1, (352, 360), (38, 3.0), (38, 1.5))]) 

11 .    (((-3, -2, -2, -3, -2, -2, 2), (0.25, 0.25, 1.5, 0.25, 0.25, 0.5, 0.5), (3.5, 3.75, 4.0, 1.5, 1.75, 2.0, 2.5)), [('K.156 Musescore', 'P1', 1, (14, 21), (2, 3.5), (3, 2.5)), ('K.156 Musescore', 'P1', 1, (22, 29), (3, 3.5), (4, 2.5))]) 

12 .    (((-5, -3, 2, 4, -3, -3, 2), (0.5, 0.25, 0.25, 1.0, 0.5, 0.25, 0.25), (2.0, 2.5, 2.75, 3.0, 4.0, 4.5, 4.75)), [('K.156 Musescore', 'P1', 1, (50, 57), (6, 2.0), (7, 4.75)), ('K.156 Musescore', 'P1', 1, (60, 67), (7, 2.0), (8, 4.75))]) 

13 .    (((-11, 2, 2, 2, 2, 2, 2), (0.5, 0.5, 0.25, 0.12, 0.12, 0.25, 0.12), (1.0, 1.5, 2.0, 2.25, 2.38, 2.5, 2.75)), [('K.156 Musescore', 'P1', 1, (149, 156), (16, 1.0), (16, 2.75)), ('K.156 Musescore', 'P1', 1, (162, 169), (17, 1.0), (17, 2.75))]) 

14 .    (((-2, -2, 4, -3, 2, -2, -2), (0.17, 0.17, 0.17, 0.5, 0.5, 0.5, 0.5), (2.0, 2.17, 2.33, 2.5, 3.0, 3.5, 4.0)), [('K.156 Musescore', 'P1', 1, (211, 218), (23, 2.0), (24, 4.0)), ('K.156 Musescore', 'P1', 1, (221, 228), (24, 2.0), (25, 4.0))]) 

15 .    (((-3, -3, 4, 3, -3, 2), (0.5, 0.25, 0.25, 0.5, 0.25, 0.25), (3.0, 3.5, 3.75, 4.0, 4.5, 4.75)), [('K.156 Musescore', 'P1', 1, (34, 40), (5, 3.0), (5, 4.75)), ('K.156 Musescore', 'P1', 1, (43, 49), (6, 3.0), (6, 4.75))]) 

16 .    (((3, (6, 2), (6, -2), 2, 2), (0.5, (0.0, 1.0), (0.0, 1.0), 0.5, 0.5), (2.5, 3.0, 4.0, 1.0, 1.5)), [('K.156 Musescore', 'P1', 3, (207, 212), (37, 2.5), (37, 1.5)), ('K.156 Musescore', 'P1', 3, (213, 218), (38, 2.5), (38, 1.5)), ('K.156 Musescore', 'P1', 3, (219, 224), (39, 2.5), (39, 1.5))]) 

17 .    (((-8, 2, -2, -2, 2), (0.5, 0.5, 0.75, 0.12, 0.12), (3.0, 3.5, 4.0, 4.75, 4.88)), [('K.156 Musescore', 'P1', 1, (180, 185), (19, 3.0), (19, 4.88)), ('K.156 Musescore', 'P1', 1, (186, 191), (20, 3.0), (20, 4.88))]) 

18 .    (((-2, -2, -2, -2, -2), (-1.0, 0.5, 0.5, 0.5, 0.5), (2.5, 1.5, 2.0, 2.5, 3.0)), [('K.156 Musescore', 'P1', 1, (233, 238), (25, 2.5), (26, 3.0)), ('K.156 Musescore', 'P1', 3, (147, 152), (25, 2.5), (26, 3.0))]) 

19 .    (((-2, -3, 4, -2, -3), (0.5, 0.5, 1.0, 0.5, 0.5), (3.0, 3.5, 4.0, 1.0, 1.5)), [('K.156 Musescore', 'P1', 3, (181, 186), (33, 3.0), (33, 1.5)), ('K.156 Musescore', 'P1', 3, (197, 202), (35, 3.0), (36, 1.5))]) 

20 .    (((-2, -2, 2, 2), (0.5, 0.5, 0.5, 0.5), (2.5, 3.0, 3.5, 4.0)), [('K.156 Musescore', 'P1', 1, (4, 8), (1, 2.5), (1, 4.0)), ('K.156 Musescore', 'P1', 1, (264, 268), (29, 2.5), (30, 4.0))]) 

21 .    (((-2, -2, -2, -2), (0.12, 0.12, 0.25, 0.12), (2.25, 2.38, 2.5, 2.75)), [('K.156 Musescore', 'P1', 1, (98, 102), (11, 2.25), (11, 2.75)), ('K.156 Musescore', 'P1', 1, (288, 292), (32, 2.25), (32, 2.75))]) 

22 .    (((-8, 2, -2, 2), (0.5, 0.5, 0.75, 0.12), (3.0, 3.5, 4.0, 4.75)), [('K.156 Musescore', 'P1', 1, (157, 161), (17, 3.0), (17, 4.75)), ('K.156 Musescore', 'P1', 1, (175, 179), (18, 3.0), (18, 4.75))]) 

23 .    (((-2, -2, -2, -2), (-1.0, 0.5, 0.5, 0.5), (1.0, 4.0, 4.5, 1.0)), [('K.156 Musescore', 'P1', 1, (242, 246), (26, 1.0), (27, 1.0)), ('K.156 Musescore', 'P1', 3, (153, 157), (26, 1.0), (27, 1.0))]) 

24 .    (((-3, 6, -4, 1), (0.08, 0.08, 0.08, 1.75), (4.5, 4.58, 4.67, 4.75)), [('K.156 Musescore', 'P1', 1, (320, 324), (35, 4.5), (35, 4.75)), ('K.156 Musescore', 'P1', 1, (328, 332), (36, 4.5), (36, 4.75))]) 

25 .    (((-3, -3, -3, -4), (0.5, 0.5, 0.5, 0.5), (3.0, 3.5, 4.0, 4.5)), [('K.156 Musescore', 'P1', 3, (24, 28), (5, 3.0), (5, 4.5)), ('K.156 Musescore', 'P1', 3, (30, 34), (6, 3.0), (6, 4.5))]) 

26 .    (((-2, -3, 2, -3), (0.5, 0.5, 0.5, 0.5), (2.5, 3.0, 3.5, 4.0)), [('K.156 Musescore', 'P1', 3, (35, 39), (6, 2.5), (7, 4.0)), ('K.156 Musescore', 'P1', 3, (41, 45), (7, 2.5), (8, 4.0))]) 

27 .    ((((3, -8), (8, 2), (8, 2), (8, -5)), ((0.0, 0.5), (0.0, 0.5), (0.0, 0.5), (0.0, 0.5)), (3.0, 3.5, 4.0, 4.5)), [('K.156 Musescore', 'P1', 3, (109, 113), (19, 3.0), (19, 4.5)), ('K.156 Musescore', 'P1', 3, (118, 122), (20, 3.0), (20, 4.5))]) 

28 .    (((1, 1, 1, 4), (1.0, 1.0, 1.0, 1.0), (2.0, 3.0, 4.0, 1.0)), [('K.156 Musescore', 'P1', 3, (164, 168), (28, 2.0), (29, 1.0)), ('K.156 Musescore', 'P1', 3, (176, 180), (31, 2.0), (32, 1.0))]) 

29 .    (((-2, -2, 2), (0.5, 0.5, 0.5), (2.5, 3.0, 3.5)), [('K.156 Musescore', 'P1', 1, (272, 275), (30, 2.5), (30, 3.5)), ('K.156 Musescore', 'P1', 2, (49, 52), (29, 2.5), (29, 3.5)), ('K.156 Musescore', 'P1', 2, (61, 64), (30, 2.5), (30, 3.5))]) 

30 .    (((-2, 2, -2), (0.5, 0.5, 0.5), (2.5, 3.0, 3.5)), [('K.156 Musescore', 'P1', 1, (248, 251), (27, 2.5), (27, 3.5)), ('K.156 Musescore', 'P1', 3, (159, 162), (27, 2.5), (27, 3.5))]) 

31 .    (((-2, -2, -2), (0.25, 0.25, 0.5), (1.5, 1.75, 2.0)), [('K.156 Musescore', 'P1', 3, (6, 9), (2, 1.5), (2, 2.0)), ('K.156 Musescore', 'P1', 3, (114, 117), (19, 1.5), (19, 2.0))]) 

32 .    (((3, -2, -2), (0.5, 0.5, 0.5), (1.0, 1.5, 2.0)), [('K.156 Musescore', 'P1', 3, (12, 15), (3, 1.0), (3, 2.0)), ('K.156 Musescore', 'P1', 4, (14, 17), (25, 1.0), (26, 2.0))]) 

33 .    ((((3, -2), (3, 2), (3, 2)), ((0.0, 1.0), (0.0, 0.5), (0.0, 0.5)), (2.5, 3.5, 4.0)), [('K.156 Musescore', 'P1', 3, (84, 87), (14, 2.5), (15, 4.0)), ('K.156 Musescore', 'P1', 3, (90, 93), (15, 2.5), (16, 4.0))]) 

34 .    (((-2, -3, 2), (1.5, 0.25, 0.25), (2.0, 3.5, 3.75)), [('K.156 Musescore', 'P1', 2, (8, 11), (6, 2.0), (7, 3.75)), ('K.156 Musescore', 'P1', 2, (12, 15), (7, 2.0), (8, 3.75))]) 

35 .    (((-2, 2, 1), (1.0, 0.5, 0.5), (3.5, 4.5, 1.0)), [('K.156 Musescore', 'P1', 2, (16, 19), (22, 3.5), (22, 1.0)), ('K.156 Musescore', 'P1', 2, (20, 23), (23, 3.5), (23, 1.0))]) 

36 .    (((-2, -2), (0.5, 0.5), (4.0, 4.5)), [('K.156 Musescore', 'P1', 3, (3, 5), (1, 4.0), (1, 4.5)), ('K.156 Musescore', 'P1', 4, (19, 21), (27, 4.0), (27, 4.5))]) 

37 .    (((-2, 2), (0.5, 0.5), (1.0, 1.5)), [('K.156 Musescore', 'P1', 1, (269, 271), (30, 1.0), (30, 1.5)), ('K.156 Musescore', 'P1', 2, (56, 58), (30, 1.0), (30, 1.5))]) 

38 .    (((2, 2), (0.5, 0.5), (1.5, 2.0)), [('K.156 Musescore', 'P1', 1, (10, 12), (2, 1.5), (2, 2.0)), ('K.156 Musescore', 'P1', 3, (103, 105), (18, 1.5), (18, 2.0))]) 

39 .    (((2, -8), (0.5, 0.5), (1.5, 2.0)), [('K.156 Musescore', 'P1', 3, (94, 96), (16, 1.5), (16, 2.0)), ('K.156 Musescore', 'P1', 3, (100, 102), (17, 1.5), (17, 2.0))]) 

40 .    (((-2, -2), (0.5, 1.5), (2.5, 3.0)), [('K.156 Musescore', 'P1', 4, (7, 9), (23, 2.5), (24, 3.0)), ('K.156 Musescore', 'P1', 4, (11, 13), (24, 2.5), (25, 3.0))]) 

41 .    (((-2, 2), (0.5, 1.5), (3.0, 3.5)), [('K.156 Musescore', 'P1', 4, (55, 57), (33, 3.0), (33, 3.5)), ('K.156 Musescore', 'P1', 4, (59, 61), (34, 3.0), (34, 3.5))]) 

42 .    (((2,), (0.5,), (1.5,)), [('K.156 Musescore', 'P1', 1, (171, 172), (18, 1.5), (18, 1.5)), ('K.156 Musescore', 'P1', 3, (229, 230), (40, 1.5), (40, 1.5))]) 

43 .    (((2,), (0.5,), (3.5,)), [('K.156 Musescore', 'P1', 3, (97, 98), (17, 3.5), (17, 3.5)), ('K.156 Musescore', 'P1', 3, (226, 227), (40, 3.5), (40, 3.5))]) 

44 .    (((2,), (0.5,), (3.0,)), [('K.156 Musescore', 'P1', 1, (389, 390), (41, 3.0), (41, 3.0)), ('K.156 Musescore', 'P1', 3, (204, 205), (36, 3.0), (36, 3.0))]) 

45 .    (((2,), (0.5,), (4.5,)), [('K.156 Musescore', 'P1', 3, (190, 191), (34, 4.5), (34, 4.5)), ('K.156 Musescore', 'P1', 4, (0, 1), (3, 4.5), (3, 4.5)), ('K.156 Musescore', 'P1', 2, (27, 28), (25, 4.5), (25, 4.5))]) 

46 .    (((-2,), (0.5,), (1.5,)), [('K.156 Musescore', 'P1', 1, (96, 97), (11, 1.5), (11, 1.5)), ('K.156 Musescore', 'P1', 3, (19, 20), (4, 1.5), (4, 1.5))]) 

47 .    (((1,), (1.0,), (2.0,)), [('K.156 Musescore', 'P1', 3, (172, 173), (30, 2.0), (30, 2.0)), ('K.156 Musescore', 'P1', 4, (22, 23), (27, 2.0), (27, 2.0)), ('K.156 Musescore', 'P1', 2, (4, 5), (5, 2.0), (5, 2.0))]) 

48 .    (((-3,), (0.25,), (1.5,)), [('K.156 Musescore', 'P1', 1, (58, 59), (7, 1.5), (7, 1.5)), ('K.156 Musescore', 'P1', 2, (2, 3), (5, 1.5), (5, 1.5)), ('K.156 Musescore', 'P1', 2, (6, 7), (6, 1.5), (6, 1.5))]) 

49 .    (((-2,), (1.0,), (1.0,)), [('K.156 Musescore', 'P1', 4, (67, 68), (37, 1.0), (37, 1.0)), ('K.156 Musescore', 'P1', 4, (69, 70), (38, 1.0), (38, 1.0)), ('K.156 Musescore', 'P1', 4, (71, 72), (39, 1.0), (39, 1.0)), ('K.156 Musescore', 'P1', 4, (75, 76), (40, 1.0), (40, 1.0))]) 

50 .    (((2,), (0.12,), (4.88,)), [('K.156 Musescore', 'P1', 1, (137, 138), (15, 4.88), (15, 4.88)), ('K.156 Musescore', 'P1', 1, (313, 314), (34, 4.88), (34, 4.88))]) 

51 .    (((2,), (0.12,), (2.38,)), [('K.156 Musescore', 'P1', 1, (350, 351), (37, 2.38), (37, 2.38)), ('K.156 Musescore', 'P1', 1, (361, 362), (38, 2.38), (38, 2.38))]) 

52 .    (((-3,), (0.08,), (2.5,)), [('K.156 Musescore', 'P1', 1, (299, 300), (33, 2.5), (33, 2.5)), ('K.156 Musescore', 'P1', 1, (307, 308), (34, 2.5), (34, 2.5))]) 

53 .    (((1,), (1.75,), (2.75,)), [('K.156 Musescore', 'P1', 1, (302, 303), (33, 2.75), (33, 2.75)), ('K.156 Musescore', 'P1', 1, (310, 311), (34, 2.75), (34, 2.75))]) 

54 .    (((-2,), (0.25,), (3.5,)), [('K.156 Musescore', 'P1', 1, (296, 297), (32, 3.5), (32, 3.5)), ('K.156 Musescore', 'P1', 3, (1, 2), (1, 3.5), (1, 3.5))]) 

