1.    nomes:
K.281 KernScores

2.    quantidade:
1

3.    analise:
[('intDia', 'p1p2'), ('duracao', 'p1p2'), ('Ntempo', 'p1'), ('Ptempo', 'p1')] SemContInte Distancia: 0

1.    ((-4, 2, -4, 2, -4, 2, -4, 2, -3, 4, 8, -4, 2, -4, 2, -4, 2, -4, 2, -3, 4, 5, -4, 2, -4, 2, -4, 2, -4, 2, -4, 5, 8, -4, 2, -4, 2, -4, 2, -4, 2), (0.5, 0.5, 0.5, 0.5, 0.5, 0.5, 0.5, 0.5, 0.5, 0.5, 1.0, 0.5, 0.5, 0.5, 0.5, 0.5, 0.5, 0.5, 0.5, 0.5, 0.5, 1.0, 0.5, 0.5, 0.5, 0.5, 0.5, 0.5, 0.5, 0.5, 0.5, 0.5, 1.0, 0.5, 0.5, 0.5, 0.5, 0.5, 0.5, 0.5, 0.5), (2,), (0.0,)):
('K.281 KernScores', 'P2', 1, (46, 87), (21,), (2.0,), (28,), (2.5,))
('K.281 KernScores', 'P2', 1, (187, 228), (59,), (2.0,), (66,), (2.5,))

2.    ((-3, 4, -3, 4, -3, 4, -3, 4, -3, 4, -5, -3, 4, -3, 4, -3, 4, -3, 4, -3, 4, -3, 4, -3, 4, -8), (0.5, 0.5, 0.5, 0.5, 0.5, 0.5, 0.5, 0.5, 0.5, 0.5, 1.0, 0.5, 0.5, 0.5, 0.5, 0.5, 0.5, 0.5, 0.5, 0.5, 0.5, 0.5, 0.5, 0.5, 0.5, 0.5), (2,), (0.0,)):
('K.281 KernScores', 'P1', 1, (72, 98), (15,), (2.0,), (19,), (3.0,))
('K.281 KernScores', 'P1', 1, (141, 167), (29,), (2.0,), (33,), (3.0,))

3.    ((-5, 4, -2, -2, 2, 2, 2, -5, 4, -2, -2, 2, 3, -6, 2, 2, 2, 2, 2, -2, -2, -2, 4, -6, 2, 2), (1.0, 2.0, 1.5, 0.25, 0.25, 0.75, 0.25, 1.0, 2.0, 1.5, 0.25, 0.25, 1.0, 0.5, 0.5, 0.5, 0.5, 1.5, 0.25, 0.25, 0.5, 0.5, 1.0, 0.5, 0.5, 0.5), (2,), (0.0,)):
('K.281 KernScores', 'P1', 1, (108, 134), (21,), (2.0,), (27,), (3.0,))
('K.281 KernScores', 'P1', 1, (281, 307), (59,), (2.0,), (65,), (3.0,))

4.    ((-3, 4, -3, 4, -7, -3, 4, -3, 4, -6, -3, 4, -3, 4, -7, -3, 4, -3, 4, (3, 2), (3, 2), (3, 2), 2, -8, 4), (0.5, 0.5, 0.5, 0.5, 1.0, 0.5, 0.5, 0.5, 0.5, 1.0, 0.5, 0.5, 0.5, 0.5, 1.0, 0.5, 0.5, 0.5, 0.5, (0.0, 1.0), (0.0, 1.0), (0.0, 1.0), 1.0, 1.0, 1.0), (2,), (0.0,)):
('K.281 KernScores', 'P2', 1, (237, 262), (69,), (2.0,), (74,), (3.0,))
('K.281 KernScores', 'P2', 1, (263, 288), (75,), (2.0,), (80,), (3.0,))

5.    ((-3, -3, -4, 2, 6, -5, 3, -5, 5, (3, -2), (3, 3), -3, -4, -3, 2, 6, -3, -4, -3, 3, (4, -2), (6, 10)), (0.5, 0.5, 0.5, 0.5, 0.5, 0.5, 0.5, 0.5, 0.5, (0.0, 0.5), (0.0, 1.0), 0.5, 0.5, 0.5, 0.5, 0.5, 0.5, 0.5, 0.5, 0.5, (0.0, 0.5), (0.0, 1.0)), (2,), (0.0,)):
('K.281 KernScores', 'P1', 1, (1, 23), (1,), (2.0,), (5,), (1.0,))
('K.281 KernScores', 'P1', 1, (23, 45), (5,), (2.0,), (9,), (1.0,))

6.    ((1, -2, 5, 2, -7, 2, 2, -2, -2, -2, 2, 2, 5, 2, -7, 2, 2, -2, -2, -2), (1.5, 0.5, 0.5, 1.0, 1.0, 1.0, 0.25, 0.25, 0.5, 0.5, 0.5, 0.5, 0.5, 1.0, 1.0, 1.0, 0.25, 0.25, 0.5, 0.5), (2,), (0.0,)):
('K.281 KernScores', 'P1', 1, (188, 208), (38,), (2.0,), (42,), (2.5,))
('K.281 KernScores', 'P1', 1, (356, 376), (78,), (2.0,), (82,), (2.5,))

7.    ((1, -2, 1, 1, -2, 4, 1, -2, 1, 1, -2, 1, -2), (1.0, 1.0, 1.0, 1.0, 1.0, 1.0, 1.0, 1.0, 1.0, 1.0, 1.0, 1.0, 1.0), (2,), (0.0,)):
('K.281 KernScores', 'P2', 1, (28, 41), (15,), (2.0,), (19,), (2.0,))
('K.281 KernScores', 'P2', 1, (90, 103), (29,), (2.0,), (33,), (2.0,))

8.    ((2, 8, -2, -4, -3, -3, 4, 4), (0.5, 0.5, 0.5, 0.5, 0.5, 0.5, 0.5, 0.5), (2,), (0.5,)):
('K.281 KernScores', 'P1', 1, (237, 245), (49,), (2.5,), (50,), (3.0,))
('K.281 KernScores', 'P1', 1, (249, 257), (51,), (2.5,), (52,), (3.0,))

9.    ((-5, 1, -2, 5, -3, 1, 2), (1.5, 0.5, 0.5, 0.5, 1.5, 0.5, 0.5), (2,), (0.0,)):
('K.281 KernScores', 'P1', 1, (45, 52), (9,), (2.0,), (11,), (1.0,))
('K.281 KernScores', 'P1', 1, (53, 60), (11,), (2.0,), (13,), (1.0,))

10.    ((2, 2, -2, -2, -2, -2, 2), (0.5, 0.25, 0.25, 0.5, 0.5, 0.5, 0.5), (1,), (0.0,)):
('K.281 KernScores', 'P1', 1, (99, 106), (20,), (1.0,), (20,), (3.5,))
('K.281 KernScores', 'P1', 1, (168, 175), (34,), (1.0,), (34,), (3.5,))

11.    ((3, -3, 4, -3, 4), (1.0, 0.5, 0.5, 0.5, 0.5), (1,), (0.0,)):
('K.281 KernScores', 'P1', 1, (212, 217), (45,), (1.0,), (45,), (3.5,))
('K.281 KernScores', 'P2', 1, (11, 16), (11,), (1.0,), (11,), (3.5,))
('K.281 KernScores', 'P2', 1, (107, 112), (35,), (1.0,), (35,), (3.5,))
('K.281 KernScores', 'P2', 1, (117, 122), (37,), (1.0,), (37,), (3.5,))

12.    ((2, -3, 2, -3, 2), (0.5, 0.5, 0.5, 0.5, 0.5), (1,), (0.5,)):
('K.281 KernScores', 'P1', 1, (275, 280), (58,), (1.5,), (58,), (3.5,))
('K.281 KernScores', 'P1', 2, (5, 10), (54,), (1.5,), (54,), (3.5,))
('K.281 KernScores', 'P1', 2, (11, 16), (56,), (1.5,), (56,), (3.5,))

13.    ((-3, 4, -3, 4), (0.5, 0.5, 0.5, 0.5), (2,), (0.0,)):
('K.281 KernScores', 'P1', 1, (61, 65), (13,), (2.0,), (13,), (3.5,))
('K.281 KernScores', 'P1', 1, (67, 71), (14,), (2.0,), (14,), (3.5,))
('K.281 KernScores', 'P1', 1, (72, 76), (15,), (2.0,), (15,), (3.5,))
('K.281 KernScores', 'P1', 1, (78, 82), (16,), (2.0,), (16,), (3.5,))
('K.281 KernScores', 'P1', 1, (83, 87), (17,), (2.0,), (17,), (3.5,))
('K.281 KernScores', 'P1', 1, (89, 93), (18,), (2.0,), (18,), (3.5,))
('K.281 KernScores', 'P1', 1, (141, 145), (29,), (2.0,), (29,), (3.5,))
('K.281 KernScores', 'P1', 1, (147, 151), (30,), (2.0,), (30,), (3.5,))
('K.281 KernScores', 'P1', 1, (152, 156), (31,), (2.0,), (31,), (3.5,))
('K.281 KernScores', 'P1', 1, (158, 162), (32,), (2.0,), (32,), (3.5,))
('K.281 KernScores', 'P1', 1, (219, 223), (46,), (2.0,), (46,), (3.5,))
('K.281 KernScores', 'P1', 1, (224, 228), (47,), (2.0,), (47,), (3.5,))
('K.281 KernScores', 'P1', 1, (230, 234), (48,), (2.0,), (48,), (3.5,))
('K.281 KernScores', 'P2', 1, (2, 6), (9,), (2.0,), (9,), (3.5,))
('K.281 KernScores', 'P2', 1, (7, 11), (10,), (2.0,), (10,), (3.5,))
('K.281 KernScores', 'P2', 1, (17, 21), (12,), (2.0,), (12,), (3.5,))
('K.281 KernScores', 'P2', 1, (113, 117), (36,), (2.0,), (36,), (3.5,))
('K.281 KernScores', 'P2', 1, (123, 127), (38,), (2.0,), (38,), (3.5,))
('K.281 KernScores', 'P2', 1, (237, 241), (69,), (2.0,), (69,), (3.5,))
('K.281 KernScores', 'P2', 1, (242, 246), (70,), (2.0,), (70,), (3.5,))
('K.281 KernScores', 'P2', 1, (247, 251), (71,), (2.0,), (71,), (3.5,))
('K.281 KernScores', 'P2', 1, (252, 256), (72,), (2.0,), (72,), (3.5,))
('K.281 KernScores', 'P2', 1, (263, 267), (75,), (2.0,), (75,), (3.5,))
('K.281 KernScores', 'P2', 1, (268, 272), (76,), (2.0,), (76,), (3.5,))
('K.281 KernScores', 'P2', 1, (273, 277), (77,), (2.0,), (77,), (3.5,))
('K.281 KernScores', 'P2', 1, (278, 282), (78,), (2.0,), (78,), (3.5,))

14.    ((-2, -2, -2), (0.5, 0.5, 0.5), (2,), (0.0,)):
('K.281 KernScores', 'P1', 1, (102, 105), (20,), (2.0,), (20,), (3.0,))
('K.281 KernScores', 'P1', 1, (171, 174), (34,), (2.0,), (34,), (3.0,))
('K.281 KernScores', 'P1', 1, (270, 273), (57,), (2.0,), (57,), (3.0,))
('K.281 KernScores', 'P1', 1, (339, 342), (74,), (2.0,), (74,), (3.0,))
('K.281 KernScores', 'P1', 1, (374, 377), (82,), (2.0,), (82,), (3.0,))
('K.281 KernScores', 'P2', 1, (141, 144), (43,), (2.0,), (43,), (3.0,))

15.    (((8, 1), (8, 2), (6, -2)), ((0.0, 1.0), (0.0, 1.0), (0.0, 1.0)), (1,), (0.0,)):
('K.281 KernScores', 'P2', 1, (161, 164), (50,), (1.0,), (50,), (3.0,))
('K.281 KernScores', 'P2', 1, (167, 170), (52,), (1.0,), (52,), (3.0,))

16.    (((3, 2), (3, 2), (3, 2)), ((0.0, 1.0), (0.0, 1.0), (0.0, 1.0)), (1,), (0.0,)):
('K.281 KernScores', 'P2', 1, (176, 179), (55,), (1.0,), (55,), (3.0,))
('K.281 KernScores', 'P2', 1, (180, 183), (57,), (1.0,), (57,), (3.0,))

17.    ((-4, 2), (0.5, 0.5), (2,), (0.0,)):
('K.281 KernScores', 'P1', 1, (236, 238), (49,), (2.0,), (49,), (2.5,))
('K.281 KernScores', 'P2', 1, (46, 48), (21,), (2.0,), (21,), (2.5,))
('K.281 KernScores', 'P2', 1, (52, 54), (22,), (2.0,), (22,), (2.5,))
('K.281 KernScores', 'P2', 1, (57, 59), (23,), (2.0,), (23,), (2.5,))
('K.281 KernScores', 'P2', 1, (63, 65), (24,), (2.0,), (24,), (2.5,))
('K.281 KernScores', 'P2', 1, (68, 70), (25,), (2.0,), (25,), (2.5,))
('K.281 KernScores', 'P2', 1, (74, 76), (26,), (2.0,), (26,), (2.5,))
('K.281 KernScores', 'P2', 1, (79, 81), (27,), (2.0,), (27,), (2.5,))
('K.281 KernScores', 'P2', 1, (85, 87), (28,), (2.0,), (28,), (2.5,))
('K.281 KernScores', 'P2', 1, (187, 189), (59,), (2.0,), (59,), (2.5,))
('K.281 KernScores', 'P2', 1, (193, 195), (60,), (2.0,), (60,), (2.5,))
('K.281 KernScores', 'P2', 1, (198, 200), (61,), (2.0,), (61,), (2.5,))
('K.281 KernScores', 'P2', 1, (204, 206), (62,), (2.0,), (62,), (2.5,))
('K.281 KernScores', 'P2', 1, (209, 211), (63,), (2.0,), (63,), (2.5,))
('K.281 KernScores', 'P2', 1, (215, 217), (64,), (2.0,), (64,), (2.5,))
('K.281 KernScores', 'P2', 1, (220, 222), (65,), (2.0,), (65,), (2.5,))
('K.281 KernScores', 'P2', 1, (226, 228), (66,), (2.0,), (66,), (2.5,))

18.    ((-4, 2), (0.5, 0.5), (3,), (0.0,)):
('K.281 KernScores', 'P1', 1, (3, 5), (1,), (3.0,), (1,), (3.5,))
('K.281 KernScores', 'P1', 1, (25, 27), (5,), (3.0,), (5,), (3.5,))
('K.281 KernScores', 'P2', 1, (48, 50), (21,), (3.0,), (21,), (3.5,))
('K.281 KernScores', 'P2', 1, (59, 61), (23,), (3.0,), (23,), (3.5,))
('K.281 KernScores', 'P2', 1, (70, 72), (25,), (3.0,), (25,), (3.5,))
('K.281 KernScores', 'P2', 1, (81, 83), (27,), (3.0,), (27,), (3.5,))
('K.281 KernScores', 'P2', 1, (189, 191), (59,), (3.0,), (59,), (3.5,))
('K.281 KernScores', 'P2', 1, (200, 202), (61,), (3.0,), (61,), (3.5,))
('K.281 KernScores', 'P2', 1, (211, 213), (63,), (3.0,), (63,), (3.5,))
('K.281 KernScores', 'P2', 1, (222, 224), (65,), (3.0,), (65,), (3.5,))

19.    ((2, -3), (0.5, 0.5), (2,), (0.5,)):
('K.281 KernScores', 'P1', 1, (264, 266), (55,), (2.5,), (55,), (3.0,))
('K.281 KernScores', 'P1', 1, (277, 279), (58,), (2.5,), (58,), (3.0,))
('K.281 KernScores', 'P1', 2, (7, 9), (54,), (2.5,), (54,), (3.0,))
('K.281 KernScores', 'P1', 2, (13, 15), (56,), (2.5,), (56,), (3.0,))
('K.281 KernScores', 'P2', 1, (53, 55), (22,), (2.5,), (22,), (3.0,))
('K.281 KernScores', 'P2', 1, (64, 66), (24,), (2.5,), (24,), (3.0,))
('K.281 KernScores', 'P2', 1, (194, 196), (60,), (2.5,), (60,), (3.0,))
('K.281 KernScores', 'P2', 1, (205, 207), (62,), (2.5,), (62,), (3.0,))
('K.281 KernScores', 'P2', 1, (227, 229), (66,), (2.5,), (66,), (3.0,))

20.    ((-2, 2), (0.5, 0.5), (3,), (0.0,)):
('K.281 KernScores', 'P1', 1, (104, 106), (20,), (3.0,), (20,), (3.5,))
('K.281 KernScores', 'P1', 1, (173, 175), (34,), (3.0,), (34,), (3.5,))
('K.281 KernScores', 'P1', 1, (272, 274), (57,), (3.0,), (57,), (3.5,))
('K.281 KernScores', 'P1', 1, (341, 343), (74,), (3.0,), (74,), (3.5,))
('K.281 KernScores', 'P1', 1, (376, 378), (82,), (3.0,), (82,), (3.5,))
('K.281 KernScores', 'P1', 2, (23, 25), (67,), (3.0,), (67,), (3.5,))

21.    ((2, 2), (1.5, 0.25), (1,), (0.0,)):
('K.281 KernScores', 'P1', 1, (125, 127), (26,), (1.0,), (26,), (2.5,))
('K.281 KernScores', 'P1', 1, (135, 137), (28,), (1.0,), (28,), (2.5,))
('K.281 KernScores', 'P1', 1, (298, 300), (64,), (1.0,), (64,), (2.5,))
('K.281 KernScores', 'P1', 2, (17, 19), (66,), (1.0,), (66,), (2.5,))

22.    ((-2, -2), (0.5, 0.5), (3,), (0.0,)):
('K.281 KernScores', 'P1', 1, (128, 130), (26,), (3.0,), (26,), (3.5,))
('K.281 KernScores', 'P1', 1, (138, 140), (28,), (3.0,), (28,), (3.5,))
('K.281 KernScores', 'P1', 1, (301, 303), (64,), (3.0,), (64,), (3.5,))
('K.281 KernScores', 'P1', 2, (20, 22), (66,), (3.0,), (66,), (3.5,))

23.    ((-4, -3), (0.5, 0.5), (1,), (0.0,)):
('K.281 KernScores', 'P1', 1, (240, 242), (50,), (1.0,), (50,), (1.5,))
('K.281 KernScores', 'P1', 1, (246, 248), (51,), (1.0,), (51,), (1.5,))
('K.281 KernScores', 'P1', 1, (252, 254), (52,), (1.0,), (52,), (1.5,))
('K.281 KernScores', 'P1', 2, (0, 2), (53,), (1.0,), (53,), (1.5,))

24.    ((2, 2), (1.0, 1.0), (1,), (0.0,)):
('K.281 KernScores', 'P2', 1, (230, 232), (67,), (1.0,), (67,), (2.0,))
('K.281 KernScores', 'P2', 1, (233, 235), (68,), (1.0,), (68,), (2.0,))
('K.281 KernScores', 'P2', 2, (0, 2), (56,), (1.0,), (56,), (2.0,))

25.    ((4, -2), (2.0, 0.5), (1,), (0.0,)):
('K.281 KernScores', 'P1', 2, (22, 24), (67,), (1.0,), (67,), (3.0,))
('K.281 KernScores', 'P1', 2, (25, 27), (68,), (1.0,), (68,), (3.0,))

26.    ((-3, -5), (1.0, 1.0), (2,), (0.0,)):
('K.281 KernScores', 'P2', 1, (43, 45), (20,), (2.0,), (20,), (3.0,))
('K.281 KernScores', 'P2', 1, (184, 186), (58,), (2.0,), (58,), (3.0,))

27.    ((-3,), (0.5,), (2,), (0.0,)):
('K.281 KernScores', 'P1', 1, (1, 2), (1,), (2.0,), (1,), (2.0,))
('K.281 KernScores', 'P1', 1, (12, 13), (3,), (2.0,), (3,), (2.0,))
('K.281 KernScores', 'P1', 1, (23, 24), (5,), (2.0,), (5,), (2.0,))
('K.281 KernScores', 'P1', 1, (34, 35), (7,), (2.0,), (7,), (2.0,))
('K.281 KernScores', 'P1', 1, (61, 62), (13,), (2.0,), (13,), (2.0,))
('K.281 KernScores', 'P1', 1, (67, 68), (14,), (2.0,), (14,), (2.0,))
('K.281 KernScores', 'P1', 1, (72, 73), (15,), (2.0,), (15,), (2.0,))
('K.281 KernScores', 'P1', 1, (78, 79), (16,), (2.0,), (16,), (2.0,))
('K.281 KernScores', 'P1', 1, (83, 84), (17,), (2.0,), (17,), (2.0,))
('K.281 KernScores', 'P1', 1, (89, 90), (18,), (2.0,), (18,), (2.0,))
('K.281 KernScores', 'P1', 1, (95, 96), (19,), (2.0,), (19,), (2.0,))
('K.281 KernScores', 'P1', 1, (141, 142), (29,), (2.0,), (29,), (2.0,))
('K.281 KernScores', 'P1', 1, (147, 148), (30,), (2.0,), (30,), (2.0,))
('K.281 KernScores', 'P1', 1, (152, 153), (31,), (2.0,), (31,), (2.0,))
('K.281 KernScores', 'P1', 1, (158, 159), (32,), (2.0,), (32,), (2.0,))
('K.281 KernScores', 'P1', 1, (164, 165), (33,), (2.0,), (33,), (2.0,))
('K.281 KernScores', 'P1', 1, (213, 214), (45,), (2.0,), (45,), (2.0,))
('K.281 KernScores', 'P1', 1, (219, 220), (46,), (2.0,), (46,), (2.0,))
('K.281 KernScores', 'P1', 1, (224, 225), (47,), (2.0,), (47,), (2.0,))
('K.281 KernScores', 'P1', 1, (230, 231), (48,), (2.0,), (48,), (2.0,))
('K.281 KernScores', 'P1', 1, (242, 243), (50,), (2.0,), (50,), (2.0,))
('K.281 KernScores', 'P1', 1, (248, 249), (51,), (2.0,), (51,), (2.0,))
('K.281 KernScores', 'P1', 1, (254, 255), (52,), (2.0,), (52,), (2.0,))
('K.281 KernScores', 'P1', 1, (263, 264), (55,), (2.0,), (55,), (2.0,))
('K.281 KernScores', 'P1', 1, (276, 277), (58,), (2.0,), (58,), (2.0,))
('K.281 KernScores', 'P1', 2, (6, 7), (54,), (2.0,), (54,), (2.0,))
('K.281 KernScores', 'P1', 2, (12, 13), (56,), (2.0,), (56,), (2.0,))
('K.281 KernScores', 'P2', 1, (2, 3), (9,), (2.0,), (9,), (2.0,))
('K.281 KernScores', 'P2', 1, (7, 8), (10,), (2.0,), (10,), (2.0,))
('K.281 KernScores', 'P2', 1, (12, 13), (11,), (2.0,), (11,), (2.0,))
('K.281 KernScores', 'P2', 1, (17, 18), (12,), (2.0,), (12,), (2.0,))
('K.281 KernScores', 'P2', 1, (108, 109), (35,), (2.0,), (35,), (2.0,))
('K.281 KernScores', 'P2', 1, (113, 114), (36,), (2.0,), (36,), (2.0,))
('K.281 KernScores', 'P2', 1, (118, 119), (37,), (2.0,), (37,), (2.0,))
('K.281 KernScores', 'P2', 1, (123, 124), (38,), (2.0,), (38,), (2.0,))
('K.281 KernScores', 'P2', 1, (237, 238), (69,), (2.0,), (69,), (2.0,))
('K.281 KernScores', 'P2', 1, (242, 243), (70,), (2.0,), (70,), (2.0,))
('K.281 KernScores', 'P2', 1, (247, 248), (71,), (2.0,), (71,), (2.0,))
('K.281 KernScores', 'P2', 1, (252, 253), (72,), (2.0,), (72,), (2.0,))
('K.281 KernScores', 'P2', 1, (263, 264), (75,), (2.0,), (75,), (2.0,))
('K.281 KernScores', 'P2', 1, (268, 269), (76,), (2.0,), (76,), (2.0,))
('K.281 KernScores', 'P2', 1, (273, 274), (77,), (2.0,), (77,), (2.0,))
('K.281 KernScores', 'P2', 1, (278, 279), (78,), (2.0,), (78,), (2.0,))

28.    ((2,), (0.5,), (3,), (0.5,)):
('K.281 KernScores', 'P1', 1, (4, 5), (1,), (3.5,), (1,), (3.5,))
('K.281 KernScores', 'P1', 1, (15, 16), (3,), (3.5,), (3,), (3.5,))
('K.281 KernScores', 'P1', 1, (26, 27), (5,), (3.5,), (5,), (3.5,))
('K.281 KernScores', 'P1', 1, (37, 38), (7,), (3.5,), (7,), (3.5,))
('K.281 KernScores', 'P1', 1, (105, 106), (20,), (3.5,), (20,), (3.5,))
('K.281 KernScores', 'P1', 1, (124, 125), (25,), (3.5,), (25,), (3.5,))
('K.281 KernScores', 'P1', 1, (134, 135), (27,), (3.5,), (27,), (3.5,))
('K.281 KernScores', 'P1', 1, (167, 168), (33,), (3.5,), (33,), (3.5,))
('K.281 KernScores', 'P1', 1, (174, 175), (34,), (3.5,), (34,), (3.5,))
('K.281 KernScores', 'P1', 1, (199, 200), (40,), (3.5,), (40,), (3.5,))
('K.281 KernScores', 'P1', 1, (245, 246), (50,), (3.5,), (50,), (3.5,))
('K.281 KernScores', 'P1', 1, (260, 261), (53,), (3.5,), (53,), (3.5,))
('K.281 KernScores', 'P1', 1, (266, 267), (55,), (3.5,), (55,), (3.5,))
('K.281 KernScores', 'P1', 1, (273, 274), (57,), (3.5,), (57,), (3.5,))
('K.281 KernScores', 'P1', 1, (279, 280), (58,), (3.5,), (58,), (3.5,))
('K.281 KernScores', 'P1', 1, (297, 298), (63,), (3.5,), (63,), (3.5,))
('K.281 KernScores', 'P1', 1, (342, 343), (74,), (3.5,), (74,), (3.5,))
('K.281 KernScores', 'P1', 1, (367, 368), (80,), (3.5,), (80,), (3.5,))
('K.281 KernScores', 'P1', 1, (377, 378), (82,), (3.5,), (82,), (3.5,))
('K.281 KernScores', 'P1', 2, (9, 10), (54,), (3.5,), (54,), (3.5,))
('K.281 KernScores', 'P1', 2, (15, 16), (56,), (3.5,), (56,), (3.5,))
('K.281 KernScores', 'P1', 2, (24, 25), (67,), (3.5,), (67,), (3.5,))
('K.281 KernScores', 'P2', 1, (49, 50), (21,), (3.5,), (21,), (3.5,))
('K.281 KernScores', 'P2', 1, (60, 61), (23,), (3.5,), (23,), (3.5,))
('K.281 KernScores', 'P2', 1, (71, 72), (25,), (3.5,), (25,), (3.5,))
('K.281 KernScores', 'P2', 1, (82, 83), (27,), (3.5,), (27,), (3.5,))
('K.281 KernScores', 'P2', 1, (190, 191), (59,), (3.5,), (59,), (3.5,))
('K.281 KernScores', 'P2', 1, (201, 202), (61,), (3.5,), (61,), (3.5,))
('K.281 KernScores', 'P2', 1, (212, 213), (63,), (3.5,), (63,), (3.5,))
('K.281 KernScores', 'P2', 1, (223, 224), (65,), (3.5,), (65,), (3.5,))

29.    ((2,), (0.5,), (2,), (0.5,)):
('K.281 KernScores', 'P1', 1, (122, 123), (25,), (2.5,), (25,), (2.5,))
('K.281 KernScores', 'P1', 1, (132, 133), (27,), (2.5,), (27,), (2.5,))
('K.281 KernScores', 'P1', 1, (237, 238), (49,), (2.5,), (49,), (2.5,))
('K.281 KernScores', 'P1', 1, (249, 250), (51,), (2.5,), (51,), (2.5,))
('K.281 KernScores', 'P1', 1, (295, 296), (63,), (2.5,), (63,), (2.5,))
('K.281 KernScores', 'P1', 1, (305, 306), (65,), (2.5,), (65,), (2.5,))
('K.281 KernScores', 'P1', 2, (3, 4), (53,), (2.5,), (53,), (2.5,))
('K.281 KernScores', 'P2', 1, (47, 48), (21,), (2.5,), (21,), (2.5,))
('K.281 KernScores', 'P2', 1, (58, 59), (23,), (2.5,), (23,), (2.5,))
('K.281 KernScores', 'P2', 1, (69, 70), (25,), (2.5,), (25,), (2.5,))
('K.281 KernScores', 'P2', 1, (75, 76), (26,), (2.5,), (26,), (2.5,))
('K.281 KernScores', 'P2', 1, (80, 81), (27,), (2.5,), (27,), (2.5,))
('K.281 KernScores', 'P2', 1, (86, 87), (28,), (2.5,), (28,), (2.5,))
('K.281 KernScores', 'P2', 1, (188, 189), (59,), (2.5,), (59,), (2.5,))
('K.281 KernScores', 'P2', 1, (199, 200), (61,), (2.5,), (61,), (2.5,))
('K.281 KernScores', 'P2', 1, (210, 211), (63,), (2.5,), (63,), (2.5,))
('K.281 KernScores', 'P2', 1, (216, 217), (64,), (2.5,), (64,), (2.5,))
('K.281 KernScores', 'P2', 1, (221, 222), (65,), (2.5,), (65,), (2.5,))

30.    ((-2,), (0.5,), (3,), (0.0,)):
('K.281 KernScores', 'P1', 1, (104, 105), (20,), (3.0,), (20,), (3.0,))
('K.281 KernScores', 'P1', 1, (128, 129), (26,), (3.0,), (26,), (3.0,))
('K.281 KernScores', 'P1', 1, (138, 139), (28,), (3.0,), (28,), (3.0,))
('K.281 KernScores', 'P1', 1, (173, 174), (34,), (3.0,), (34,), (3.0,))
('K.281 KernScores', 'P1', 1, (272, 273), (57,), (3.0,), (57,), (3.0,))
('K.281 KernScores', 'P1', 1, (301, 302), (64,), (3.0,), (64,), (3.0,))
('K.281 KernScores', 'P1', 1, (341, 342), (74,), (3.0,), (74,), (3.0,))
('K.281 KernScores', 'P1', 1, (376, 377), (82,), (3.0,), (82,), (3.0,))
('K.281 KernScores', 'P1', 2, (20, 21), (66,), (3.0,), (66,), (3.0,))
('K.281 KernScores', 'P1', 2, (23, 24), (67,), (3.0,), (67,), (3.0,))
('K.281 KernScores', 'P1', 2, (26, 27), (68,), (3.0,), (68,), (3.0,))
('K.281 KernScores', 'P2', 1, (143, 144), (43,), (3.0,), (43,), (3.0,))

31.    ((-4,), (0.5,), (1,), (0.0,)):
('K.281 KernScores', 'P1', 1, (240, 241), (50,), (1.0,), (50,), (1.0,))
('K.281 KernScores', 'P1', 1, (246, 247), (51,), (1.0,), (51,), (1.0,))
('K.281 KernScores', 'P1', 1, (252, 253), (52,), (1.0,), (52,), (1.0,))
('K.281 KernScores', 'P1', 2, (0, 1), (53,), (1.0,), (53,), (1.0,))
('K.281 KernScores', 'P2', 1, (50, 51), (22,), (1.0,), (22,), (1.0,))
('K.281 KernScores', 'P2', 1, (61, 62), (24,), (1.0,), (24,), (1.0,))
('K.281 KernScores', 'P2', 1, (72, 73), (26,), (1.0,), (26,), (1.0,))
('K.281 KernScores', 'P2', 1, (83, 84), (28,), (1.0,), (28,), (1.0,))
('K.281 KernScores', 'P2', 1, (191, 192), (60,), (1.0,), (60,), (1.0,))
('K.281 KernScores', 'P2', 1, (202, 203), (62,), (1.0,), (62,), (1.0,))
('K.281 KernScores', 'P2', 1, (213, 214), (64,), (1.0,), (64,), (1.0,))
('K.281 KernScores', 'P2', 1, (224, 225), (66,), (1.0,), (66,), (1.0,))

32.    ((2,), (0.5,), (1,), (0.5,)):
('K.281 KernScores', 'P1', 1, (275, 276), (58,), (1.5,), (58,), (1.5,))
('K.281 KernScores', 'P1', 2, (5, 6), (54,), (1.5,), (54,), (1.5,))
('K.281 KernScores', 'P1', 2, (11, 12), (56,), (1.5,), (56,), (1.5,))
('K.281 KernScores', 'P2', 1, (51, 52), (22,), (1.5,), (22,), (1.5,))
('K.281 KernScores', 'P2', 1, (62, 63), (24,), (1.5,), (24,), (1.5,))
('K.281 KernScores', 'P2', 1, (73, 74), (26,), (1.5,), (26,), (1.5,))
('K.281 KernScores', 'P2', 1, (84, 85), (28,), (1.5,), (28,), (1.5,))
('K.281 KernScores', 'P2', 1, (192, 193), (60,), (1.5,), (60,), (1.5,))
('K.281 KernScores', 'P2', 1, (203, 204), (62,), (1.5,), (62,), (1.5,))
('K.281 KernScores', 'P2', 1, (214, 215), (64,), (1.5,), (64,), (1.5,))
('K.281 KernScores', 'P2', 1, (225, 226), (66,), (1.5,), (66,), (1.5,))

33.    ((4,), (1.0,), (1,), (0.0,)):
('K.281 KernScores', 'P1', 1, (130, 131), (27,), (1.0,), (27,), (1.0,))
('K.281 KernScores', 'P1', 1, (303, 304), (65,), (1.0,), (65,), (1.0,))
('K.281 KernScores', 'P2', 1, (27, 28), (15,), (1.0,), (15,), (1.0,))
('K.281 KernScores', 'P2', 1, (33, 34), (17,), (1.0,), (17,), (1.0,))
('K.281 KernScores', 'P2', 1, (95, 96), (31,), (1.0,), (31,), (1.0,))
('K.281 KernScores', 'P2', 1, (152, 153), (47,), (1.0,), (47,), (1.0,))

34.    ((5,), (1.0,), (1,), (0.0,)):
('K.281 KernScores', 'P1', 1, (0, 1), (1,), (1.0,), (1,), (1.0,))
('K.281 KernScores', 'P1', 1, (175, 176), (35,), (1.0,), (35,), (1.0,))
('K.281 KernScores', 'P1', 1, (343, 344), (75,), (1.0,), (75,), (1.0,))
('K.281 KernScores', 'P2', 1, (67, 68), (25,), (1.0,), (25,), (1.0,))
('K.281 KernScores', 'P2', 1, (208, 209), (63,), (1.0,), (63,), (1.0,))

35.    ((2,), (0.5,), (1,), (0.0,)):
('K.281 KernScores', 'P1', 1, (51, 52), (11,), (1.0,), (11,), (1.0,))
('K.281 KernScores', 'P1', 1, (59, 60), (13,), (1.0,), (13,), (1.0,))
('K.281 KernScores', 'P1', 1, (99, 100), (20,), (1.0,), (20,), (1.0,))
('K.281 KernScores', 'P1', 1, (168, 169), (34,), (1.0,), (34,), (1.0,))
('K.281 KernScores', 'P2', 1, (139, 140), (43,), (1.0,), (43,), (1.0,))

36.    ((1,), (3.0,), (1,), (0.0,)):
('K.281 KernScores', 'P1', 1, (210, 211), (43,), (1.0,), (43,), (1.0,))
('K.281 KernScores', 'P1', 1, (211, 212), (44,), (1.0,), (44,), (1.0,))
('K.281 KernScores', 'P1', 1, (267, 268), (56,), (1.0,), (56,), (1.0,))

37.    ((4,), (0.5,), (3,), (0.5,)):
('K.281 KernScores', 'P1', 1, (98, 99), (19,), (3.5,), (19,), (3.5,))
('K.281 KernScores', 'P2', 1, (144, 145), (43,), (3.5,), (43,), (3.5,))

38.    ((-3,), (1.0,), (1,), (0.0,)):
('K.281 KernScores', 'P1', 1, (140, 141), (29,), (1.0,), (29,), (1.0,))
('K.281 KernScores', 'P2', 1, (42, 43), (20,), (1.0,), (20,), (1.0,))

39.    ((-2,), (0.5,), (1,), (0.5,)):
('K.281 KernScores', 'P1', 1, (262, 263), (55,), (1.5,), (55,), (1.5,))
('K.281 KernScores', 'P2', 1, (140, 141), (43,), (1.5,), (43,), (1.5,))

40.    ((-7,), (1.0,), (3,), (0.0,)):
('K.281 KernScores', 'P1', 1, (315, 316), (68,), (3.0,), (68,), (3.0,))
('K.281 KernScores', 'P2', 1, (160, 161), (49,), (3.0,), (49,), (3.0,))

41.    ((-2,), (1.0,), (3,), (0.0,)):
('K.281 KernScores', 'P2', 1, (41, 42), (19,), (3.0,), (19,), (3.0,))
('K.281 KernScores', 'P2', 1, (235, 236), (68,), (3.0,), (68,), (3.0,))

42.    ((15,), (1.0,), (1,), (0.0,)):
('K.281 KernScores', 'P2', 1, (45, 46), (21,), (1.0,), (21,), (1.0,))
('K.281 KernScores', 'P2', 1, (146, 147), (45,), (1.0,), (45,), (1.0,))

