1.    nomes:
K.40 Musescore

2.    quantidade:
1

3.    analise:
[('intDia', 'p1p2'), ('duracao', 'p1p2'), ('Ptempo', 'p1')] SemContInte Distancia: 0

1.    ((-2, -2, 2, -6, -2, 8, -2, -2, 2, -3, 2, 3, -4, -2, 2), (0.5, 0.5, 0.5, 0.5, 0.5, 0.5, 0.5, 0.5, 0.5, 0.5, 0.5, 0.5, 0.5, 1.0, 1.0), (0.5,)):
('K.40 Musescore', 'P1', 1, (19, 34), (5,), (1.5,), (7,), (3.0,))
('K.40 Musescore', 'P1', 1, (88, 103), (21,), (1.5,), (23,), (3.0,))

2.    ((6, -6, 6, -7, 6, -7, 8, -2, -2, 2, -4, -2), (0.5, 0.5, 0.5, 0.5, 0.5, 0.5, 0.5, 0.5, 0.5, 0.5, 0.5, 0.5), (0.0,)):
('K.40 Musescore', 'P1', 1, (63, 75), (17,), (1.0,), (18,), (3.5,))
('K.40 Musescore', 'P1', 1, (75, 87), (19,), (1.0,), (20,), (3.5,))

3.    ((2, -4, 2, -5, 2, -4, 2, 7, 2), (0.5, 0.5, 1.0, 1.0, 0.5, 0.5, 1.0, 1.0, 0.5), (0.0,)):
('K.40 Musescore', 'P1', 1, (35, 44), (9,), (1.0,), (11,), (1.0,))
('K.40 Musescore', 'P1', 1, (48, 57), (13,), (1.0,), (15,), (1.0,))

4.    ((5, -5, -2, 2, 6), (0.5, 0.5, 1.0, 1.0, 0.5), (0.0,)):
('K.40 Musescore', 'P1', 1, (0, 5), (1,), (1.0,), (2,), (1.0,))
('K.40 Musescore', 'P1', 1, (8, 13), (3,), (1.0,), (4,), (1.0,))

5.    (((3, -2), (3, 1), (3, 2)), ((0.0, 1.0), (0.0, 1.5), (0.0, 0.5)), (0.0,)):
('K.40 Musescore', 'P1', 2, (8, 11), (4,), (3.0,), (5,), (2.5,))
('K.40 Musescore', 'P1', 2, (11, 14), (5,), (3.0,), (6,), (2.5,))

6.    ((-2, 4, -7), (2.0, 1.0, 2.0), (0.0,)):
('K.40 Musescore', 'P1', 2, (20, 23), (10,), (1.0,), (11,), (1.0,))
('K.40 Musescore', 'P1', 3, (20, 23), (22,), (1.0,), (23,), (1.0,))

7.    ((-7, 4), (2.0, 1.0), (0.0,)):
('K.40 Musescore', 'P1', 2, (15, 17), (7,), (1.0,), (7,), (3.0,))
('K.40 Musescore', 'P1', 2, (22, 24), (11,), (1.0,), (11,), (3.0,))
('K.40 Musescore', 'P1', 2, (30, 32), (15,), (1.0,), (15,), (3.0,))

8.    ((-2, 2), (1.0, 1.0), (0.0,)):
('K.40 Musescore', 'P1', 1, (6, 8), (2,), (2.0,), (2,), (3.0,))
('K.40 Musescore', 'P1', 1, (45, 47), (11,), (2.0,), (11,), (3.0,))

9.    (((3, 2), (3, 2)), ((0.0, 2.0), (0.0, 1.0)), (0.0,)):
('K.40 Musescore', 'P1', 2, (0, 2), (1,), (1.0,), (1,), (3.0,))
('K.40 Musescore', 'P1', 2, (4, 6), (3,), (1.0,), (3,), (3.0,))

10.    ((-2, -2), (1.0, 2.0), (0.0,)):
('K.40 Musescore', 'P1', 2, (19, 21), (9,), (3.0,), (10,), (1.0,))
('K.40 Musescore', 'P1', 2, (33, 35), (16,), (3.0,), (17,), (1.0,))

11.    ((-3, -2), (1.0, 1.0), (0.0,)):
('K.40 Musescore', 'P1', 2, (36, 38), (18,), (2.0,), (18,), (3.0,))
('K.40 Musescore', 'P1', 2, (46, 48), (22,), (3.0,), (23,), (1.0,))

12.    ((-4, 6), (1.0, 2.0), (0.0,)):
('K.40 Musescore', 'P1', 2, (39, 41), (19,), (3.0,), (20,), (1.0,))
('K.40 Musescore', 'P1', 3, (13, 15), (17,), (3.0,), (18,), (1.0,))

13.    ((2,), (1.0,), (0.0,)):
('K.40 Musescore', 'P1', 1, (3, 4), (1,), (3.0,), (1,), (3.0,))
('K.40 Musescore', 'P1', 1, (7, 8), (2,), (3.0,), (2,), (3.0,))
('K.40 Musescore', 'P1', 1, (11, 12), (3,), (3.0,), (3,), (3.0,))
('K.40 Musescore', 'P1', 1, (33, 34), (7,), (3.0,), (7,), (3.0,))
('K.40 Musescore', 'P1', 1, (37, 38), (9,), (2.0,), (9,), (2.0,))
('K.40 Musescore', 'P1', 1, (41, 42), (10,), (2.0,), (10,), (2.0,))
('K.40 Musescore', 'P1', 1, (46, 47), (11,), (3.0,), (11,), (3.0,))
('K.40 Musescore', 'P1', 1, (50, 51), (13,), (2.0,), (13,), (2.0,))
('K.40 Musescore', 'P1', 1, (54, 55), (14,), (2.0,), (14,), (2.0,))
('K.40 Musescore', 'P1', 1, (102, 103), (23,), (3.0,), (23,), (3.0,))
('K.40 Musescore', 'P1', 3, (5, 6), (11,), (1.0,), (11,), (1.0,))
('K.40 Musescore', 'P1', 3, (9, 10), (15,), (1.0,), (15,), (1.0,))
('K.40 Musescore', 'P1', 3, (12, 13), (17,), (2.0,), (17,), (2.0,))
('K.40 Musescore', 'P1', 3, (16, 17), (19,), (2.0,), (19,), (2.0,))
('K.40 Musescore', 'P1', 3, (19, 20), (21,), (3.0,), (21,), (3.0,))

14.    ((-2,), (1.0,), (0.0,)):
('K.40 Musescore', 'P1', 1, (2, 3), (1,), (2.0,), (1,), (2.0,))
('K.40 Musescore', 'P1', 1, (6, 7), (2,), (2.0,), (2,), (2.0,))
('K.40 Musescore', 'P1', 1, (10, 11), (3,), (2.0,), (3,), (2.0,))
('K.40 Musescore', 'P1', 1, (32, 33), (7,), (2.0,), (7,), (2.0,))
('K.40 Musescore', 'P1', 1, (45, 46), (11,), (2.0,), (11,), (2.0,))
('K.40 Musescore', 'P1', 1, (62, 63), (16,), (3.0,), (16,), (3.0,))
('K.40 Musescore', 'P1', 1, (101, 102), (23,), (2.0,), (23,), (2.0,))
('K.40 Musescore', 'P1', 2, (19, 20), (9,), (3.0,), (9,), (3.0,))
('K.40 Musescore', 'P1', 2, (33, 34), (16,), (3.0,), (16,), (3.0,))
('K.40 Musescore', 'P1', 2, (37, 38), (18,), (3.0,), (18,), (3.0,))
('K.40 Musescore', 'P1', 2, (47, 48), (23,), (1.0,), (23,), (1.0,))
('K.40 Musescore', 'P1', 3, (0, 1), (7,), (1.0,), (7,), (1.0,))

15.    ((2,), (0.5,), (0.5,)):
('K.40 Musescore', 'P1', 1, (21, 22), (5,), (2.5,), (5,), (2.5,))
('K.40 Musescore', 'P1', 1, (27, 28), (6,), (2.5,), (6,), (2.5,))
('K.40 Musescore', 'P1', 1, (29, 30), (6,), (3.5,), (6,), (3.5,))
('K.40 Musescore', 'P1', 1, (60, 61), (16,), (1.5,), (16,), (1.5,))
('K.40 Musescore', 'P1', 1, (72, 73), (18,), (2.5,), (18,), (2.5,))
('K.40 Musescore', 'P1', 1, (84, 85), (20,), (2.5,), (20,), (2.5,))
('K.40 Musescore', 'P1', 1, (90, 91), (21,), (2.5,), (21,), (2.5,))
('K.40 Musescore', 'P1', 1, (96, 97), (22,), (2.5,), (22,), (2.5,))
('K.40 Musescore', 'P1', 1, (98, 99), (22,), (3.5,), (22,), (3.5,))
('K.40 Musescore', 'P1', 2, (42, 43), (21,), (2.5,), (21,), (2.5,))
('K.40 Musescore', 'P1', 2, (45, 46), (22,), (2.5,), (22,), (2.5,))

16.    ((4,), (1.0,), (0.0,)):
('K.40 Musescore', 'P1', 2, (16, 17), (7,), (3.0,), (7,), (3.0,))
('K.40 Musescore', 'P1', 2, (23, 24), (11,), (3.0,), (11,), (3.0,))
('K.40 Musescore', 'P1', 2, (31, 32), (15,), (3.0,), (15,), (3.0,))
('K.40 Musescore', 'P1', 3, (3, 4), (10,), (2.0,), (10,), (2.0,))
('K.40 Musescore', 'P1', 3, (4, 5), (10,), (3.0,), (10,), (3.0,))

17.    ((-3,), (1.0,), (0.0,)):
('K.40 Musescore', 'P1', 2, (27, 28), (13,), (3.0,), (13,), (3.0,))
('K.40 Musescore', 'P1', 2, (36, 37), (18,), (2.0,), (18,), (2.0,))
('K.40 Musescore', 'P1', 2, (46, 47), (22,), (3.0,), (22,), (3.0,))
('K.40 Musescore', 'P1', 3, (2, 3), (10,), (1.0,), (10,), (1.0,))

18.    ((-2,), (2.0,), (0.0,)):
('K.40 Musescore', 'P1', 2, (34, 35), (17,), (1.0,), (17,), (1.0,))
('K.40 Musescore', 'P1', 2, (38, 39), (19,), (1.0,), (19,), (1.0,))
('K.40 Musescore', 'P1', 3, (18, 19), (21,), (1.0,), (21,), (1.0,))

19.    ((-8,), (1.0,), (0.0,)):
('K.40 Musescore', 'P1', 1, (61, 62), (16,), (2.0,), (16,), (2.0,))
('K.40 Musescore', 'P1', 2, (24, 25), (12,), (1.0,), (12,), (1.0,))

20.    (((3, -2),), ((0.0, 2.0),), (0.0,)):
('K.40 Musescore', 'P1', 2, (2, 3), (2,), (1.0,), (2,), (1.0,))
('K.40 Musescore', 'P1', 2, (26, 27), (13,), (1.0,), (13,), (1.0,))

21.    ((-3,), (2.0,), (0.0,)):
('K.40 Musescore', 'P1', 2, (18, 19), (9,), (1.0,), (9,), (1.0,))
('K.40 Musescore', 'P1', 2, (28, 29), (14,), (1.0,), (14,), (1.0,))

22.    ((5,), (1.0,), (0.0,)):
('K.40 Musescore', 'P1', 2, (29, 30), (14,), (3.0,), (14,), (3.0,))
('K.40 Musescore', 'P1', 3, (8, 9), (14,), (3.0,), (14,), (3.0,))

23.    ((1,), (1.0,), (0.0,)):
('K.40 Musescore', 'P1', 2, (43, 44), (21,), (3.0,), (21,), (3.0,))
('K.40 Musescore', 'P1', 3, (7, 8), (14,), (2.0,), (14,), (2.0,))

