1.    nomes:
K.525 KernScores

2.    quantidade:
1

3.    analise:
[('intDia', 'p1p2'), ('duracao', 'p1p2'), ('Ntempo', 'p1'), ('Ptempo', 'p1')] SemContInte Distancia: 0

1.    ((1, 2, 2, 1, -2, -6, (3, 3, 4, 8), -6, 1, 2, 2, 1, 2, 2, 1, -2, -3, (3, 5), -6, 1, 2, 2, 1, 2, 2, 1, -2, -6, (3, 3, 4, 8), -6, 1, 2, 2, 1, 2, 2, 1, -2), (1.0, 1.0, 1.0, 1.0, 1.0, 1.0, (0.0, 0.0, 0.0, 2.0), 1.0, 1.0, 1.0, 1.0, 1.0, 1.0, 1.0, 1.0, 1.0, 13.0, (0.0, 2.0), 1.0, 1.0, 1.0, 1.0, 1.0, 1.0, 1.0, 1.0, 1.0, 1.0, (0.0, 0.0, 0.0, 2.0), 1.0, 1.0, 1.0, 1.0, 1.0, 1.0, 1.0, 1.0, 1.0), (1,), (0.0,)):
('K.525 KernScores', 'P1', 2, (2, 40), (19,), (1.0,), (27,), (5.0,))
('K.525 KernScores', 'P1', 2, (63, 101), (59,), (1.0,), (67,), (5.0,))

2.    (((3, 3, 4, 11), 1, -7, 5, 1, -7, 4, (3, -2), (3, -2), (3, -2), (3, -3), (3, 3, 4, 11), 1, -7, 5, 1, -7, 4, (3, -2), (3, -2), (3, -2), (3, 2), 1, 1, -7, 5, 1, -7, 4, (3, -2), (3, -2), (3, -2)), ((0.0, 0.0, 0.0, 2.0), 1.0, 1.0, 1.0, 1.0, 1.0, 1.0, (0.0, 1.0), (0.0, 1.0), (0.0, 1.0), (0.0, 25.0), (0.0, 0.0, 0.0, 2.0), 1.0, 1.0, 1.0, 1.0, 1.0, 1.0, (0.0, 1.0), (0.0, 1.0), (0.0, 1.0), (0.0, 1.0), 2.0, 1.0, 1.0, 1.0, 1.0, 1.0, 1.0, (0.0, 1.0), (0.0, 1.0), (0.0, 1.0)), (1,), (0.0,)):
('K.525 KernScores', 'P1', 1, (83, 115), (22,), (1.0,), (31,), (5.0,))
('K.525 KernScores', 'P1', 1, (241, 273), (62,), (1.0,), (71,), (5.0,))

3.    ((4, 1, -2, 4, 1, -2, 4, 1, -2, 4, 1, -2, 4, 1, -2, 4, 1, -2, 4, 1, -2, -2, 1, -2, -2, -2, -2, -2, -2), (1.0, 1.0, 1.0, 1.0, 1.0, 1.0, 1.0, 1.0, 1.0, 1.0, 1.0, 1.0, 1.0, 1.0, 1.0, 1.0, 1.0, 1.0, 1.0, 1.0, 1.0, 1.0, 1.0, 1.0, 1.0, 1.0, 1.0, 1.0, 1.0), (6,), (0.0,)):
('K.525 KernScores', 'P1', 1, (166, 195), (44,), (6.0,), (49,), (4.0,))
('K.525 KernScores', 'P1', 1, (198, 227), (50,), (6.0,), (55,), (4.0,))

4.    ((-2, -7, 6, -2, -5, 4, -2, -3, 4, -5, 2, 2, -2, -2, -2, 2, 2, 2, -2, -2, -2, 2, 2, 2, -2), (3.0, 1.0, 1.0, 1.0, 1.0, 1.0, 1.0, 1.0, 1.0, 1.0, 1.0, 1.0, 1.0, 1.0, 1.0, 1.0, 1.0, 1.0, 1.0, 1.0, 1.0, 1.0, 1.0, 1.0, 1.0), (4,), (0.0,)):
('K.525 KernScores', 'P2', 1, (128, 153), (33,), (4.0,), (37,), (6.0,))
('K.525 KernScores', 'P2', 1, (156, 181), (39,), (4.0,), (43,), (6.0,))

5.    ((-2, -2, -2, -2, -2, 2, -18, (3, 3, 4, 22), -2, -2, -2, -2, -2, 2, -18, (3, 3, 4, 20), 2, 3, -2, -3, 2, 2, -5), (1.0, 2.0, 1.0, 2.0, 1.0, 2.0, 1.0, (0.0, 0.0, 0.0, 2.0), 1.0, 2.0, 1.0, 2.0, 1.0, 2.0, 1.0, (0.0, 0.0, 0.0, 2.0), 1.0, 2.0, 1.0, 2.0, 1.0, 2.0, 1.0), (3,), (0.0,)):
('K.525 KernScores', 'P2', 1, (235, 258), (58,), (3.0,), (63,), (6.0,))
('K.525 KernScores', 'P2', 1, (259, 282), (64,), (3.0,), (69,), (6.0,))

6.    (((3, 3, 3, 1), 4, (3, -2), (3, -3), 2, (3, -2), (3, 2), (3, 2), (3, 2), (3, 2), (3, -2), (3, 3), -2, -2), ((0.0, 0.0, 0.0, 1.0), 1.0, (0.0, 1.0), (0.0, 1.0), 1.0, (0.0, 1.0), (0.0, 2.0), (0.0, 1.0), (0.0, 2.0), (0.0, 1.0), (0.0, 2.0), (0.0, 1.0), 1.0, 1.0), (1,), (0.0,)):
('K.525 KernScores', 'P1', 1, (117, 131), (33,), (1.0,), (35,), (5.0,))
('K.525 KernScores', 'P1', 1, (144, 158), (39,), (1.0,), (41,), (5.0,))

7.    ((4, 1, -2, 4, 1, -2, (4, -2), (8, 8), -2, 4, 1, -2), (1.0, 1.0, 1.0, 1.0, 1.0, 1.0, (0.0, 1.0), (0.0, 1.0), 1.0, 1.0, 1.0, 1.0), (6,), (0.0,)):
('K.525 KernScores', 'P1', 1, (32, 44), (9,), (6.0,), (11,), (5.0,))
('K.525 KernScores', 'P1', 1, (52, 64), (13,), (6.0,), (15,), (5.0,))

8.    ((4, 1, -2, 4, -2, -2, -4, 6, -2, -2, -4), (1.0, 1.0, 1.0, 1.0, 2.0, 1.0, 2.0, 1.0, 2.0, 1.0, 2.0), (3,), (0.0,)):
('K.525 KernScores', 'P2', 1, (39, 50), (9,), (3.0,), (11,), (4.0,))
('K.525 KernScores', 'P2', 1, (54, 65), (13,), (3.0,), (15,), (4.0,))

9.    ((4, 1, -2, -2, 1, -2, -2, -2, 2, 2), (1.0, 1.0, 1.0, 1.0, 1.0, 1.0, 1.0, 1.0, 1.0, 1.0), (3,), (0.0,)):
('K.525 KernScores', 'P1', 1, (1, 11), (3,), (3.0,), (4,), (6.0,))
('K.525 KernScores', 'P2', 1, (1, 11), (1,), (3.0,), (2,), (6.0,))

10.    ((4, 1, -2, 4, -2, -2, -2, 4, -2, 1), (1.0, 1.0, 1.0, 1.0, 2.0, 1.0, 2.0, 1.0, 2.0, 1.0), (3,), (0.0,)):
('K.525 KernScores', 'P2', 1, (182, 192), (44,), (3.0,), (46,), (3.0,))
('K.525 KernScores', 'P2', 1, (204, 214), (50,), (3.0,), (52,), (3.0,))

11.    ((8, -2, -2, -2, -2, -4), (1.0, 1.0, 1.0, 1.0, 1.0, 1.0), (1,), (0.0,)):
('K.525 KernScores', 'P2', 1, (222, 228), (56,), (1.0,), (56,), (6.0,))
('K.525 KernScores', 'P2', 1, (228, 234), (57,), (1.0,), (57,), (6.0,))

12.    ((-2, -2, -2, -2, -4), (1.0, 1.0, 1.0, 1.0, 1.0), (2,), (0.0,)):
('K.525 KernScores', 'P1', 1, (192, 197), (49,), (2.0,), (49,), (6.0,))
('K.525 KernScores', 'P2', 1, (223, 228), (56,), (2.0,), (56,), (6.0,))
('K.525 KernScores', 'P2', 1, (229, 234), (57,), (2.0,), (57,), (6.0,))

13.    ((2, 2, 2, -2), (1.0, 1.0, 1.0, 1.0), (3,), (0.0,)):
('K.525 KernScores', 'P1', 1, (231, 235), (56,), (3.0,), (56,), (6.0,))
('K.525 KernScores', 'P2', 1, (143, 147), (36,), (3.0,), (36,), (6.0,))
('K.525 KernScores', 'P2', 1, (149, 153), (37,), (3.0,), (37,), (6.0,))
('K.525 KernScores', 'P2', 1, (171, 175), (42,), (3.0,), (42,), (6.0,))
('K.525 KernScores', 'P2', 1, (177, 181), (43,), (3.0,), (43,), (6.0,))

14.    (((3, -2), (3, -2), (3, -2), (3, 2)), ((0.0, 1.0), (0.0, 1.0), (0.0, 1.0), (0.0, 1.0)), (3,), (0.0,)):
('K.525 KernScores', 'P1', 1, (27, 31), (8,), (3.0,), (8,), (6.0,))
('K.525 KernScores', 'P1', 1, (47, 51), (12,), (3.0,), (12,), (6.0,))

15.    ((3, 2, 2, 2), (1.0, 1.0, 1.0, 1.0), (2,), (0.0,)):
('K.525 KernScores', 'P1', 1, (230, 234), (56,), (2.0,), (56,), (5.0,))
('K.525 KernScores', 'P1', 1, (236, 240), (57,), (2.0,), (57,), (5.0,))

16.    ((-2, 1, -2, -2), (2.0, 1.0, 2.0, 1.0), (1,), (0.0,)):
('K.525 KernScores', 'P2', 1, (194, 198), (47,), (1.0,), (47,), (6.0,))
('K.525 KernScores', 'P2', 1, (216, 220), (53,), (1.0,), (53,), (6.0,))

17.    (((8, -4), (8, 4), (8, -4), (8, 4)), ((0.0, 2.0), (0.0, 1.0), (0.0, 2.0), (0.0, 1.0)), (1,), (0.0,)):
('K.525 KernScores', 'P2', 1, (290, 294), (72,), (1.0,), (72,), (6.0,))
('K.525 KernScores', 'P2', 1, (294, 298), (73,), (1.0,), (73,), (6.0,))

18.    ((2, 2, -3, 4), (2.0, 1.0, 2.0, 1.0), (1,), (0.0,)):
('K.525 KernScores', 'P2', 1, (198, 202), (48,), (1.0,), (48,), (6.0,))
('K.525 KernScores', 'P2', 2, (15, 19), (54,), (1.0,), (54,), (6.0,))

19.    ((1, -15, (3, 3, 4, 15), 1), (1.0, 9.0, (0.0, 0.0, 0.0, 2.0), 1.0), (3,), (0.0,)):
('K.525 KernScores', 'P2', 2, (1, 5), (18,), (3.0,), (20,), (3.0,))
('K.525 KernScores', 'P2', 2, (7, 11), (24,), (3.0,), (26,), (3.0,))

20.    ((-6, 1, 2), (1.0, 1.0, 1.0), (3,), (0.0,)):
('K.525 KernScores', 'P1', 1, (78, 81), (18,), (3.0,), (18,), (5.0,))
('K.525 KernScores', 'P1', 2, (9, 12), (20,), (3.0,), (20,), (5.0,))
('K.525 KernScores', 'P1', 2, (20, 23), (24,), (3.0,), (24,), (5.0,))
('K.525 KernScores', 'P1', 2, (31, 34), (26,), (3.0,), (26,), (5.0,))
('K.525 KernScores', 'P1', 2, (59, 62), (58,), (3.0,), (58,), (5.0,))
('K.525 KernScores', 'P1', 2, (70, 73), (60,), (3.0,), (60,), (5.0,))
('K.525 KernScores', 'P1', 2, (81, 84), (64,), (3.0,), (64,), (5.0,))
('K.525 KernScores', 'P1', 2, (92, 95), (66,), (3.0,), (66,), (5.0,))

21.    ((-2, -2, -2), (1.0, 1.0, 1.0), (1,), (0.0,)):
('K.525 KernScores', 'P1', 1, (71, 74), (17,), (1.0,), (17,), (3.0,))
('K.525 KernScores', 'P1', 1, (191, 194), (49,), (1.0,), (49,), (3.0,))
('K.525 KernScores', 'P1', 1, (223, 226), (55,), (1.0,), (55,), (3.0,))
('K.525 KernScores', 'P2', 2, (19, 22), (55,), (1.0,), (55,), (3.0,))

22.    ((2, (3, 2), (3, -3)), (3.0, (0.0, 2.0), (0.0, 1.0)), (4,), (0.0,)):
('K.525 KernScores', 'P1', 2, (51, 54), (41,), (4.0,), (42,), (3.0,))
('K.525 KernScores', 'P1', 2, (54, 57), (42,), (4.0,), (43,), (3.0,))

23.    ((1, -2), (1.0, 1.0), (4,), (0.0,)):
('K.525 KernScores', 'P1', 1, (2, 4), (3,), (4.0,), (3,), (5.0,))
('K.525 KernScores', 'P1', 1, (16, 18), (6,), (4.0,), (6,), (5.0,))
('K.525 KernScores', 'P1', 1, (36, 38), (10,), (4.0,), (10,), (5.0,))
('K.525 KernScores', 'P1', 1, (42, 44), (11,), (4.0,), (11,), (5.0,))
('K.525 KernScores', 'P1', 1, (56, 58), (14,), (4.0,), (14,), (5.0,))
('K.525 KernScores', 'P1', 1, (62, 64), (15,), (4.0,), (15,), (5.0,))
('K.525 KernScores', 'P1', 1, (68, 70), (16,), (4.0,), (16,), (5.0,))
('K.525 KernScores', 'P1', 1, (170, 172), (45,), (4.0,), (45,), (5.0,))
('K.525 KernScores', 'P1', 1, (176, 178), (46,), (4.0,), (46,), (5.0,))
('K.525 KernScores', 'P1', 1, (182, 184), (47,), (4.0,), (47,), (5.0,))
('K.525 KernScores', 'P1', 1, (188, 190), (48,), (4.0,), (48,), (5.0,))
('K.525 KernScores', 'P1', 1, (202, 204), (51,), (4.0,), (51,), (5.0,))
('K.525 KernScores', 'P1', 1, (208, 210), (52,), (4.0,), (52,), (5.0,))
('K.525 KernScores', 'P1', 1, (214, 216), (53,), (4.0,), (53,), (5.0,))
('K.525 KernScores', 'P1', 1, (220, 222), (54,), (4.0,), (54,), (5.0,))
('K.525 KernScores', 'P1', 2, (5, 7), (19,), (4.0,), (19,), (5.0,))
('K.525 KernScores', 'P1', 2, (16, 18), (21,), (4.0,), (21,), (5.0,))
('K.525 KernScores', 'P1', 2, (27, 29), (25,), (4.0,), (25,), (5.0,))
('K.525 KernScores', 'P1', 2, (38, 40), (27,), (4.0,), (27,), (5.0,))
('K.525 KernScores', 'P1', 2, (66, 68), (59,), (4.0,), (59,), (5.0,))
('K.525 KernScores', 'P1', 2, (77, 79), (61,), (4.0,), (61,), (5.0,))
('K.525 KernScores', 'P1', 2, (88, 90), (65,), (4.0,), (65,), (5.0,))
('K.525 KernScores', 'P1', 2, (99, 101), (67,), (4.0,), (67,), (5.0,))
('K.525 KernScores', 'P2', 1, (2, 4), (1,), (4.0,), (1,), (5.0,))
('K.525 KernScores', 'P2', 1, (19, 21), (5,), (4.0,), (5,), (5.0,))
('K.525 KernScores', 'P2', 1, (25, 27), (6,), (4.0,), (6,), (5.0,))
('K.525 KernScores', 'P2', 1, (40, 42), (9,), (4.0,), (9,), (5.0,))
('K.525 KernScores', 'P2', 1, (55, 57), (13,), (4.0,), (13,), (5.0,))
('K.525 KernScores', 'P2', 1, (183, 185), (44,), (4.0,), (44,), (5.0,))
('K.525 KernScores', 'P2', 1, (205, 207), (50,), (4.0,), (50,), (5.0,))

24.    ((2, 2), (1.0, 1.0), (5,), (0.0,)):
('K.525 KernScores', 'P1', 1, (9, 11), (4,), (5.0,), (4,), (6.0,))
('K.525 KernScores', 'P1', 2, (11, 13), (20,), (5.0,), (20,), (6.0,))
('K.525 KernScores', 'P1', 2, (22, 24), (24,), (5.0,), (24,), (6.0,))
('K.525 KernScores', 'P1', 2, (33, 35), (26,), (5.0,), (26,), (6.0,))
('K.525 KernScores', 'P1', 2, (61, 63), (58,), (5.0,), (58,), (6.0,))
('K.525 KernScores', 'P1', 2, (72, 74), (60,), (5.0,), (60,), (6.0,))
('K.525 KernScores', 'P1', 2, (83, 85), (64,), (5.0,), (64,), (6.0,))
('K.525 KernScores', 'P1', 2, (94, 96), (66,), (5.0,), (66,), (6.0,))
('K.525 KernScores', 'P2', 1, (9, 11), (2,), (5.0,), (2,), (6.0,))

25.    ((2, 2), (1.0, 1.0), (2,), (0.0,)):
('K.525 KernScores', 'P1', 2, (3, 5), (19,), (2.0,), (19,), (3.0,))
('K.525 KernScores', 'P1', 2, (14, 16), (21,), (2.0,), (21,), (3.0,))
('K.525 KernScores', 'P1', 2, (25, 27), (25,), (2.0,), (25,), (3.0,))
('K.525 KernScores', 'P1', 2, (36, 38), (27,), (2.0,), (27,), (3.0,))
('K.525 KernScores', 'P1', 2, (64, 66), (59,), (2.0,), (59,), (3.0,))
('K.525 KernScores', 'P1', 2, (75, 77), (61,), (2.0,), (61,), (3.0,))
('K.525 KernScores', 'P1', 2, (86, 88), (65,), (2.0,), (65,), (3.0,))
('K.525 KernScores', 'P1', 2, (97, 99), (67,), (2.0,), (67,), (3.0,))
('K.525 KernScores', 'P2', 1, (12, 14), (3,), (2.0,), (3,), (3.0,))

26.    ((-2, -2), (1.0, 1.0), (1,), (0.0,)):
('K.525 KernScores', 'P1', 1, (71, 73), (17,), (1.0,), (17,), (2.0,))
('K.525 KernScores', 'P1', 1, (191, 193), (49,), (1.0,), (49,), (2.0,))
('K.525 KernScores', 'P1', 1, (223, 225), (55,), (1.0,), (55,), (2.0,))
('K.525 KernScores', 'P2', 1, (141, 143), (36,), (1.0,), (36,), (2.0,))
('K.525 KernScores', 'P2', 1, (147, 149), (37,), (1.0,), (37,), (2.0,))
('K.525 KernScores', 'P2', 1, (169, 171), (42,), (1.0,), (42,), (2.0,))
('K.525 KernScores', 'P2', 1, (175, 177), (43,), (1.0,), (43,), (2.0,))
('K.525 KernScores', 'P2', 2, (19, 21), (55,), (1.0,), (55,), (2.0,))

27.    ((-2, 1), (1.0, 6.0), (6,), (0.0,)):
('K.525 KernScores', 'P2', 1, (219, 221), (53,), (6.0,), (54,), (1.0,))
('K.525 KernScores', 'P2', 2, (23, 25), (55,), (6.0,), (56,), (1.0,))

28.    ((-2,), (1.0,), (6,), (0.0,)):
('K.525 KernScores', 'P1', 1, (4, 5), (3,), (6.0,), (3,), (6.0,))
('K.525 KernScores', 'P1', 1, (18, 19), (6,), (6.0,), (6,), (6.0,))
('K.525 KernScores', 'P1', 1, (44, 45), (11,), (6.0,), (11,), (6.0,))
('K.525 KernScores', 'P1', 1, (70, 71), (16,), (6.0,), (16,), (6.0,))
('K.525 KernScores', 'P1', 1, (131, 132), (35,), (6.0,), (35,), (6.0,))
('K.525 KernScores', 'P1', 1, (136, 137), (36,), (6.0,), (36,), (6.0,))
('K.525 KernScores', 'P1', 1, (164, 165), (43,), (6.0,), (43,), (6.0,))
('K.525 KernScores', 'P1', 1, (190, 191), (48,), (6.0,), (48,), (6.0,))
('K.525 KernScores', 'P1', 1, (222, 223), (54,), (6.0,), (54,), (6.0,))
('K.525 KernScores', 'P1', 1, (234, 235), (56,), (6.0,), (56,), (6.0,))
('K.525 KernScores', 'P2', 1, (4, 5), (1,), (6.0,), (1,), (6.0,))
('K.525 KernScores', 'P2', 1, (21, 22), (5,), (6.0,), (5,), (6.0,))
('K.525 KernScores', 'P2', 1, (27, 28), (6,), (6.0,), (6,), (6.0,))
('K.525 KernScores', 'P2', 1, (76, 77), (18,), (6.0,), (18,), (6.0,))
('K.525 KernScores', 'P2', 1, (83, 84), (20,), (6.0,), (20,), (6.0,))
('K.525 KernScores', 'P2', 1, (91, 92), (22,), (6.0,), (22,), (6.0,))
('K.525 KernScores', 'P2', 1, (98, 99), (24,), (6.0,), (24,), (6.0,))
('K.525 KernScores', 'P2', 1, (105, 106), (26,), (6.0,), (26,), (6.0,))
('K.525 KernScores', 'P2', 1, (113, 114), (28,), (6.0,), (28,), (6.0,))
('K.525 KernScores', 'P2', 1, (121, 122), (30,), (6.0,), (30,), (6.0,))
('K.525 KernScores', 'P2', 1, (134, 135), (34,), (6.0,), (34,), (6.0,))
('K.525 KernScores', 'P2', 1, (140, 141), (35,), (6.0,), (35,), (6.0,))
('K.525 KernScores', 'P2', 1, (146, 147), (36,), (6.0,), (36,), (6.0,))
('K.525 KernScores', 'P2', 1, (152, 153), (37,), (6.0,), (37,), (6.0,))
('K.525 KernScores', 'P2', 1, (162, 163), (40,), (6.0,), (40,), (6.0,))
('K.525 KernScores', 'P2', 1, (168, 169), (41,), (6.0,), (41,), (6.0,))
('K.525 KernScores', 'P2', 1, (174, 175), (42,), (6.0,), (42,), (6.0,))
('K.525 KernScores', 'P2', 1, (180, 181), (43,), (6.0,), (43,), (6.0,))
('K.525 KernScores', 'P2', 1, (193, 194), (46,), (6.0,), (46,), (6.0,))
('K.525 KernScores', 'P2', 1, (197, 198), (47,), (6.0,), (47,), (6.0,))
('K.525 KernScores', 'P2', 1, (219, 220), (53,), (6.0,), (53,), (6.0,))
('K.525 KernScores', 'P2', 1, (237, 238), (58,), (6.0,), (58,), (6.0,))
('K.525 KernScores', 'P2', 1, (245, 246), (60,), (6.0,), (60,), (6.0,))
('K.525 KernScores', 'P2', 1, (253, 254), (62,), (6.0,), (62,), (6.0,))
('K.525 KernScores', 'P2', 1, (261, 262), (64,), (6.0,), (64,), (6.0,))
('K.525 KernScores', 'P2', 1, (269, 270), (66,), (6.0,), (66,), (6.0,))
('K.525 KernScores', 'P2', 1, (277, 278), (68,), (6.0,), (68,), (6.0,))
('K.525 KernScores', 'P2', 1, (285, 286), (70,), (6.0,), (70,), (6.0,))
('K.525 KernScores', 'P2', 2, (23, 24), (55,), (6.0,), (55,), (6.0,))

29.    ((2,), (1.0,), (3,), (0.0,)):
('K.525 KernScores', 'P1', 1, (231, 232), (56,), (3.0,), (56,), (3.0,))
('K.525 KernScores', 'P1', 1, (237, 238), (57,), (3.0,), (57,), (3.0,))
('K.525 KernScores', 'P1', 2, (4, 5), (19,), (3.0,), (19,), (3.0,))
('K.525 KernScores', 'P1', 2, (15, 16), (21,), (3.0,), (21,), (3.0,))
('K.525 KernScores', 'P1', 2, (26, 27), (25,), (3.0,), (25,), (3.0,))
('K.525 KernScores', 'P1', 2, (37, 38), (27,), (3.0,), (27,), (3.0,))
('K.525 KernScores', 'P1', 2, (65, 66), (59,), (3.0,), (59,), (3.0,))
('K.525 KernScores', 'P1', 2, (76, 77), (61,), (3.0,), (61,), (3.0,))
('K.525 KernScores', 'P1', 2, (87, 88), (65,), (3.0,), (65,), (3.0,))
('K.525 KernScores', 'P1', 2, (98, 99), (67,), (3.0,), (67,), (3.0,))
('K.525 KernScores', 'P2', 1, (13, 14), (3,), (3.0,), (3,), (3.0,))
('K.525 KernScores', 'P2', 1, (35, 36), (8,), (3.0,), (8,), (3.0,))
('K.525 KernScores', 'P2', 1, (89, 90), (22,), (3.0,), (22,), (3.0,))
('K.525 KernScores', 'P2', 1, (93, 94), (23,), (3.0,), (23,), (3.0,))
('K.525 KernScores', 'P2', 1, (111, 112), (28,), (3.0,), (28,), (3.0,))
('K.525 KernScores', 'P2', 1, (115, 116), (29,), (3.0,), (29,), (3.0,))
('K.525 KernScores', 'P2', 1, (119, 120), (30,), (3.0,), (30,), (3.0,))
('K.525 KernScores', 'P2', 1, (123, 124), (31,), (3.0,), (31,), (3.0,))
('K.525 KernScores', 'P2', 1, (143, 144), (36,), (3.0,), (36,), (3.0,))
('K.525 KernScores', 'P2', 1, (149, 150), (37,), (3.0,), (37,), (3.0,))
('K.525 KernScores', 'P2', 1, (171, 172), (42,), (3.0,), (42,), (3.0,))
('K.525 KernScores', 'P2', 1, (177, 178), (43,), (3.0,), (43,), (3.0,))
('K.525 KernScores', 'P2', 1, (199, 200), (48,), (3.0,), (48,), (3.0,))
('K.525 KernScores', 'P2', 1, (251, 252), (62,), (3.0,), (62,), (3.0,))
('K.525 KernScores', 'P2', 1, (255, 256), (63,), (3.0,), (63,), (3.0,))
('K.525 KernScores', 'P2', 1, (275, 276), (68,), (3.0,), (68,), (3.0,))
('K.525 KernScores', 'P2', 1, (279, 280), (69,), (3.0,), (69,), (3.0,))
('K.525 KernScores', 'P2', 1, (283, 284), (70,), (3.0,), (70,), (3.0,))
('K.525 KernScores', 'P2', 1, (287, 288), (71,), (3.0,), (71,), (3.0,))
('K.525 KernScores', 'P2', 2, (13, 14), (49,), (3.0,), (49,), (3.0,))
('K.525 KernScores', 'P2', 2, (16, 17), (54,), (3.0,), (54,), (3.0,))

30.    ((-2,), (1.0,), (3,), (0.0,)):
('K.525 KernScores', 'P1', 1, (73, 74), (17,), (3.0,), (17,), (3.0,))
('K.525 KernScores', 'P1', 1, (193, 194), (49,), (3.0,), (49,), (3.0,))
('K.525 KernScores', 'P1', 1, (225, 226), (55,), (3.0,), (55,), (3.0,))
('K.525 KernScores', 'P2', 1, (44, 45), (10,), (3.0,), (10,), (3.0,))
('K.525 KernScores', 'P2', 1, (48, 49), (11,), (3.0,), (11,), (3.0,))
('K.525 KernScores', 'P2', 1, (59, 60), (14,), (3.0,), (14,), (3.0,))
('K.525 KernScores', 'P2', 1, (63, 64), (15,), (3.0,), (15,), (3.0,))
('K.525 KernScores', 'P2', 1, (71, 72), (17,), (3.0,), (17,), (3.0,))
('K.525 KernScores', 'P2', 1, (74, 75), (18,), (3.0,), (18,), (3.0,))
('K.525 KernScores', 'P2', 1, (78, 79), (19,), (3.0,), (19,), (3.0,))
('K.525 KernScores', 'P2', 1, (81, 82), (20,), (3.0,), (20,), (3.0,))
('K.525 KernScores', 'P2', 1, (85, 86), (21,), (3.0,), (21,), (3.0,))
('K.525 KernScores', 'P2', 1, (96, 97), (24,), (3.0,), (24,), (3.0,))
('K.525 KernScores', 'P2', 1, (100, 101), (25,), (3.0,), (25,), (3.0,))
('K.525 KernScores', 'P2', 1, (103, 104), (26,), (3.0,), (26,), (3.0,))
('K.525 KernScores', 'P2', 1, (107, 108), (27,), (3.0,), (27,), (3.0,))
('K.525 KernScores', 'P2', 1, (131, 132), (34,), (3.0,), (34,), (3.0,))
('K.525 KernScores', 'P2', 1, (159, 160), (40,), (3.0,), (40,), (3.0,))
('K.525 KernScores', 'P2', 1, (187, 188), (45,), (3.0,), (45,), (3.0,))
('K.525 KernScores', 'P2', 1, (209, 210), (51,), (3.0,), (51,), (3.0,))
('K.525 KernScores', 'P2', 1, (235, 236), (58,), (3.0,), (58,), (3.0,))
('K.525 KernScores', 'P2', 1, (239, 240), (59,), (3.0,), (59,), (3.0,))
('K.525 KernScores', 'P2', 1, (243, 244), (60,), (3.0,), (60,), (3.0,))
('K.525 KernScores', 'P2', 1, (247, 248), (61,), (3.0,), (61,), (3.0,))
('K.525 KernScores', 'P2', 1, (259, 260), (64,), (3.0,), (64,), (3.0,))
('K.525 KernScores', 'P2', 1, (263, 264), (65,), (3.0,), (65,), (3.0,))
('K.525 KernScores', 'P2', 1, (267, 268), (66,), (3.0,), (66,), (3.0,))
('K.525 KernScores', 'P2', 1, (271, 272), (67,), (3.0,), (67,), (3.0,))
('K.525 KernScores', 'P2', 2, (21, 22), (55,), (3.0,), (55,), (3.0,))

31.    ((1,), (1.0,), (1,), (0.0,)):
('K.525 KernScores', 'P1', 1, (5, 6), (4,), (1.0,), (4,), (1.0,))
('K.525 KernScores', 'P1', 1, (13, 14), (6,), (1.0,), (6,), (1.0,))
('K.525 KernScores', 'P1', 1, (19, 20), (7,), (1.0,), (7,), (1.0,))
('K.525 KernScores', 'P1', 1, (33, 34), (10,), (1.0,), (10,), (1.0,))
('K.525 KernScores', 'P1', 1, (45, 46), (12,), (1.0,), (12,), (1.0,))
('K.525 KernScores', 'P1', 1, (53, 54), (14,), (1.0,), (14,), (1.0,))
('K.525 KernScores', 'P1', 1, (167, 168), (45,), (1.0,), (45,), (1.0,))
('K.525 KernScores', 'P1', 1, (173, 174), (46,), (1.0,), (46,), (1.0,))
('K.525 KernScores', 'P1', 1, (179, 180), (47,), (1.0,), (47,), (1.0,))
('K.525 KernScores', 'P1', 1, (185, 186), (48,), (1.0,), (48,), (1.0,))
('K.525 KernScores', 'P1', 1, (199, 200), (51,), (1.0,), (51,), (1.0,))
('K.525 KernScores', 'P1', 1, (205, 206), (52,), (1.0,), (52,), (1.0,))
('K.525 KernScores', 'P1', 1, (211, 212), (53,), (1.0,), (53,), (1.0,))
('K.525 KernScores', 'P1', 1, (217, 218), (54,), (1.0,), (54,), (1.0,))
('K.525 KernScores', 'P1', 2, (2, 3), (19,), (1.0,), (19,), (1.0,))
('K.525 KernScores', 'P1', 2, (13, 14), (21,), (1.0,), (21,), (1.0,))
('K.525 KernScores', 'P1', 2, (24, 25), (25,), (1.0,), (25,), (1.0,))
('K.525 KernScores', 'P1', 2, (35, 36), (27,), (1.0,), (27,), (1.0,))
('K.525 KernScores', 'P1', 2, (63, 64), (59,), (1.0,), (59,), (1.0,))
('K.525 KernScores', 'P1', 2, (74, 75), (61,), (1.0,), (61,), (1.0,))
('K.525 KernScores', 'P1', 2, (85, 86), (65,), (1.0,), (65,), (1.0,))
('K.525 KernScores', 'P1', 2, (96, 97), (67,), (1.0,), (67,), (1.0,))
('K.525 KernScores', 'P2', 1, (5, 6), (2,), (1.0,), (2,), (1.0,))
('K.525 KernScores', 'P2', 1, (22, 23), (6,), (1.0,), (6,), (1.0,))
('K.525 KernScores', 'P2', 1, (28, 29), (7,), (1.0,), (7,), (1.0,))

32.    ((4,), (1.0,), (6,), (0.0,)):
('K.525 KernScores', 'P1', 1, (32, 33), (9,), (6.0,), (9,), (6.0,))
('K.525 KernScores', 'P1', 1, (52, 53), (13,), (6.0,), (13,), (6.0,))
('K.525 KernScores', 'P1', 1, (166, 167), (44,), (6.0,), (44,), (6.0,))
('K.525 KernScores', 'P1', 1, (172, 173), (45,), (6.0,), (45,), (6.0,))
('K.525 KernScores', 'P1', 1, (178, 179), (46,), (6.0,), (46,), (6.0,))
('K.525 KernScores', 'P1', 1, (184, 185), (47,), (6.0,), (47,), (6.0,))
('K.525 KernScores', 'P1', 1, (198, 199), (50,), (6.0,), (50,), (6.0,))
('K.525 KernScores', 'P1', 1, (204, 205), (51,), (6.0,), (51,), (6.0,))
('K.525 KernScores', 'P1', 1, (210, 211), (52,), (6.0,), (52,), (6.0,))
('K.525 KernScores', 'P1', 1, (216, 217), (53,), (6.0,), (53,), (6.0,))
('K.525 KernScores', 'P2', 1, (42, 43), (9,), (6.0,), (9,), (6.0,))
('K.525 KernScores', 'P2', 1, (57, 58), (13,), (6.0,), (13,), (6.0,))
('K.525 KernScores', 'P2', 1, (185, 186), (44,), (6.0,), (44,), (6.0,))
('K.525 KernScores', 'P2', 1, (189, 190), (45,), (6.0,), (45,), (6.0,))
('K.525 KernScores', 'P2', 1, (201, 202), (48,), (6.0,), (48,), (6.0,))
('K.525 KernScores', 'P2', 1, (207, 208), (50,), (6.0,), (50,), (6.0,))
('K.525 KernScores', 'P2', 1, (211, 212), (51,), (6.0,), (51,), (6.0,))
('K.525 KernScores', 'P2', 2, (18, 19), (54,), (6.0,), (54,), (6.0,))

33.    ((1,), (1.0,), (3,), (0.0,)):
('K.525 KernScores', 'P1', 1, (84, 85), (22,), (3.0,), (22,), (3.0,))
('K.525 KernScores', 'P1', 1, (95, 96), (28,), (3.0,), (28,), (3.0,))
('K.525 KernScores', 'P1', 1, (106, 107), (30,), (3.0,), (30,), (3.0,))
('K.525 KernScores', 'P1', 1, (242, 243), (62,), (3.0,), (62,), (3.0,))
('K.525 KernScores', 'P1', 1, (253, 254), (68,), (3.0,), (68,), (3.0,))
('K.525 KernScores', 'P1', 1, (264, 265), (70,), (3.0,), (70,), (3.0,))
('K.525 KernScores', 'P2', 1, (191, 192), (46,), (3.0,), (46,), (3.0,))
('K.525 KernScores', 'P2', 1, (195, 196), (47,), (3.0,), (47,), (3.0,))
('K.525 KernScores', 'P2', 1, (213, 214), (52,), (3.0,), (52,), (3.0,))
('K.525 KernScores', 'P2', 1, (217, 218), (53,), (3.0,), (53,), (3.0,))
('K.525 KernScores', 'P2', 2, (1, 2), (18,), (3.0,), (18,), (3.0,))
('K.525 KernScores', 'P2', 2, (4, 5), (20,), (3.0,), (20,), (3.0,))
('K.525 KernScores', 'P2', 2, (7, 8), (24,), (3.0,), (24,), (3.0,))
('K.525 KernScores', 'P2', 2, (10, 11), (26,), (3.0,), (26,), (3.0,))

34.    ((4,), (1.0,), (2,), (0.0,)):
('K.525 KernScores', 'P1', 1, (89, 90), (23,), (2.0,), (23,), (2.0,))
('K.525 KernScores', 'P1', 1, (100, 101), (29,), (2.0,), (29,), (2.0,))
('K.525 KernScores', 'P1', 1, (111, 112), (31,), (2.0,), (31,), (2.0,))
('K.525 KernScores', 'P1', 1, (118, 119), (33,), (2.0,), (33,), (2.0,))
('K.525 KernScores', 'P1', 1, (145, 146), (39,), (2.0,), (39,), (2.0,))
('K.525 KernScores', 'P1', 1, (247, 248), (63,), (2.0,), (63,), (2.0,))
('K.525 KernScores', 'P1', 1, (258, 259), (69,), (2.0,), (69,), (2.0,))
('K.525 KernScores', 'P1', 1, (269, 270), (71,), (2.0,), (71,), (2.0,))
('K.525 KernScores', 'P2', 1, (136, 137), (35,), (2.0,), (35,), (2.0,))
('K.525 KernScores', 'P2', 1, (164, 165), (41,), (2.0,), (41,), (2.0,))

35.    ((-7,), (1.0,), (1,), (0.0,)):
('K.525 KernScores', 'P1', 1, (88, 89), (23,), (1.0,), (23,), (1.0,))
('K.525 KernScores', 'P1', 1, (99, 100), (29,), (1.0,), (29,), (1.0,))
('K.525 KernScores', 'P1', 1, (110, 111), (31,), (1.0,), (31,), (1.0,))
('K.525 KernScores', 'P1', 1, (246, 247), (63,), (1.0,), (63,), (1.0,))
('K.525 KernScores', 'P1', 1, (257, 258), (69,), (1.0,), (69,), (1.0,))
('K.525 KernScores', 'P1', 1, (268, 269), (71,), (1.0,), (71,), (1.0,))
('K.525 KernScores', 'P2', 1, (129, 130), (34,), (1.0,), (34,), (1.0,))
('K.525 KernScores', 'P2', 1, (157, 158), (40,), (1.0,), (40,), (1.0,))

36.    (((3, 2),), ((0.0, 2.0),), (1,), (0.0,)):
('K.525 KernScores', 'P1', 1, (123, 124), (34,), (1.0,), (34,), (1.0,))
('K.525 KernScores', 'P1', 1, (132, 133), (36,), (1.0,), (36,), (1.0,))
('K.525 KernScores', 'P1', 1, (137, 138), (37,), (1.0,), (37,), (1.0,))
('K.525 KernScores', 'P1', 1, (150, 151), (40,), (1.0,), (40,), (1.0,))
('K.525 KernScores', 'P1', 2, (52, 53), (42,), (1.0,), (42,), (1.0,))
('K.525 KernScores', 'P1', 2, (55, 56), (43,), (1.0,), (43,), (1.0,))

37.    ((-2,), (3.0,), (4,), (0.0,)):
('K.525 KernScores', 'P1', 2, (43, 44), (35,), (4.0,), (35,), (4.0,))
('K.525 KernScores', 'P1', 2, (45, 46), (36,), (4.0,), (36,), (4.0,))
('K.525 KernScores', 'P1', 2, (47, 48), (37,), (4.0,), (37,), (4.0,))
('K.525 KernScores', 'P2', 1, (16, 17), (4,), (4.0,), (4,), (4.0,))
('K.525 KernScores', 'P2', 1, (128, 129), (33,), (4.0,), (33,), (4.0,))
('K.525 KernScores', 'P2', 1, (156, 157), (39,), (4.0,), (39,), (4.0,))

38.    ((2,), (2.0,), (1,), (0.0,)):
('K.525 KernScores', 'P1', 1, (142, 143), (38,), (1.0,), (38,), (1.0,))
('K.525 KernScores', 'P2', 1, (70, 71), (17,), (1.0,), (17,), (1.0,))
('K.525 KernScores', 'P2', 1, (198, 199), (48,), (1.0,), (48,), (1.0,))
('K.525 KernScores', 'P2', 2, (12, 13), (49,), (1.0,), (49,), (1.0,))
('K.525 KernScores', 'P2', 2, (15, 16), (54,), (1.0,), (54,), (1.0,))

39.    ((1,), (6.0,), (1,), (0.0,)):
('K.525 KernScores', 'P1', 2, (41, 42), (34,), (1.0,), (34,), (1.0,))
('K.525 KernScores', 'P1', 2, (49, 50), (40,), (1.0,), (40,), (1.0,))
('K.525 KernScores', 'P2', 1, (220, 221), (54,), (1.0,), (54,), (1.0,))
('K.525 KernScores', 'P2', 2, (24, 25), (56,), (1.0,), (56,), (1.0,))

40.    ((1,), (2.0,), (1,), (0.0,)):
('K.525 KernScores', 'P1', 1, (105, 106), (30,), (1.0,), (30,), (1.0,))
('K.525 KernScores', 'P1', 1, (263, 264), (70,), (1.0,), (70,), (1.0,))
('K.525 KernScores', 'P2', 1, (17, 18), (5,), (1.0,), (5,), (1.0,))

41.    (((3, 2),), ((0.0, 1.0),), (6,), (0.0,)):
('K.525 KernScores', 'P1', 1, (24, 25), (7,), (6.0,), (7,), (6.0,))
('K.525 KernScores', 'P1', 1, (115, 116), (31,), (6.0,), (31,), (6.0,))

42.    ((3,), (1.0,), (1,), (0.0,)):
('K.525 KernScores', 'P1', 1, (274, 275), (72,), (1.0,), (72,), (1.0,))
('K.525 KernScores', 'P1', 1, (278, 279), (73,), (1.0,), (73,), (1.0,))

43.    ((7,), (1.0,), (6,), (0.0,)):
('K.525 KernScores', 'P1', 1, (12, 13), (5,), (6.0,), (5,), (6.0,))
('K.525 KernScores', 'P2', 1, (215, 216), (52,), (6.0,), (52,), (6.0,))

44.    (((8,),), ((0.0,),), (1,), (0.0,)):
('K.525 KernScores', 'P1', 1, (280, 281), (74,), (1.0,), (74,), (1.0,))
('K.525 KernScores', 'P2', 1, (298, 299), (74,), (1.0,), (74,), (1.0,))

45.    ((1,), (3.0,), (1,), (0.0,)):
('K.525 KernScores', 'P1', 2, (102, 103), (72,), (1.0,), (72,), (1.0,))
('K.525 KernScores', 'P1', 2, (104, 105), (73,), (1.0,), (73,), (1.0,))

46.    ((-4,), (2.0,), (1,), (0.0,)):
('K.525 KernScores', 'P2', 1, (38, 39), (9,), (1.0,), (9,), (1.0,))
('K.525 KernScores', 'P2', 2, (6, 7), (24,), (1.0,), (24,), (1.0,))

