1.    nomes:
K.13 Musicalion

2.    quantidade:
1

3.    analise:
[('intDia', 'p1p2'), ('duracao', 'p1p2'), ('Ntempo', 'p1'), ('Ptempo', 'p1')] SemContInte Distancia: 0

1.    ((8, 3, 3, -7, 6, -5, 6, -12, 8, 3, 3, -7, 6, -5, 6, -12, 8, 3, 3, -7, 6, -5, 6), (0.12, 0.12, 0.12, 0.12, 0.12, 0.12, 0.12, 0.12, 0.12, 0.12, 0.12, 0.12, 0.12, 0.12, 0.12, 0.12, 0.12, 0.12, 0.12, 0.12, 0.12, 0.12, 0.12), (1,), (0.5,)):
('K.13 Musicalion', 'P1', 2, (14, 37), (38,), (1.5,), (40,), (2.25,))
('K.13 Musicalion', 'P1', 3, (122, 145), (42,), (1.5,), (44,), (2.25,))

2.    ((8, 3, 3, -7, 6, -5, 6, -12, 8, 3, 3, -7, 6, -5, 6, -12, 8, 3, 3, -7, 6, -5, 6), (0.12, 0.12, 0.12, 0.12, 0.12, 0.12, 0.12, 0.12, 0.12, 0.12, 0.12, 0.12, 0.12, 0.12, 0.12, 0.12, 0.12, 0.12, 0.12, 0.12, 0.12, 0.12, 0.12), (1,), (0.75,)):
('K.13 Musicalion', 'P1', 3, (326, 349), (99,), (1.75,), (101,), (2.5,))
('K.13 Musicalion', 'P1', 3, (354, 377), (103,), (1.75,), (105,), (2.5,))

3.    ((6, -5, 6, -5, 6, -5, 6, -5, 6, -5, 6, -5, 6, -5, 6, -5, 6, -5, 6, -5, 6, -5), (0.12, 0.12, 0.12, 0.12, 0.12, 0.12, 0.12, 0.12, 0.12, 0.12, 0.12, 0.12, 0.12, 0.12, 0.12, 0.12, 0.12, 0.12, 0.12, 0.12, 0.12, 0.12), (2,), (0.75,)):
('K.13 Musicalion', 'P1', 3, (148, 170), (45,), (2.75,), (47,), (1.38,))
('K.13 Musicalion', 'P1', 3, (378, 400), (106,), (2.75,), (108,), (1.38,))

4.    ((-2, -2, 2, -2, 4, -2, 5, -2, -2, -2, 5, -6, 2, 2, -5), (0.12, 0.12, 0.12, 0.12, 0.12, 0.12, 0.12, 0.12, 0.12, 0.12, 0.12, 0.12, 0.12, 0.12, 0.12), (2,), (0.62,)):
('K.13 Musicalion', 'P1', 1, (109, 124), (17,), (2.62,), (19,), (2.38,))
('K.13 Musicalion', 'P1', 1, (125, 140), (19,), (2.62,), (21,), (2.38,))

5.    ((-2, -2, 2, -2, 4, -2, 5, -2, -2, -2, 5, -6, 2, 2, -5), (0.12, 0.12, 0.12, 0.12, 0.12, 0.12, 0.12, 0.12, 0.12, 0.12, 0.12, 0.12, 0.12, 0.12, 0.12), (1,), (0.88,)):
('K.13 Musicalion', 'P1', 1, (476, 491), (71,), (1.88,), (73,), (1.62,))
('K.13 Musicalion', 'P1', 1, (492, 507), (73,), (1.88,), (75,), (1.62,))

6.    ((-2, 5, -2, 4, -2, 4, -2, 5, -2, -2, -2, -2, 2), (0.25, 0.12, 0.12, 0.12, 0.12, 0.12, 0.12, 0.12, 0.12, 0.12, 0.12, 0.12, 0.12), (1,), (0.25,)):
('K.13 Musicalion', 'P1', 1, (12, 25), (2,), (1.25,), (4,), (2.88,))
('K.13 Musicalion', 'P1', 1, (26, 39), (4,), (1.25,), (6,), (2.88,))

7.    ((-2, 4, -2, 4, -2, 5, -2, 5, -2, -2, -2, -2, 2), (0.25, 0.12, 0.12, 0.12, 0.12, 0.12, 0.12, 0.12, 0.12, 0.12, 0.12, 0.12, 0.12), (1,), (0.75,)):
('K.13 Musicalion', 'P1', 1, (376, 389), (56,), (1.75,), (58,), (1.38,))
('K.13 Musicalion', 'P1', 1, (390, 403), (58,), (1.75,), (60,), (1.38,))

8.    ((-5, 1, 2, 4, -6, 1, 2, 10, -6, 1, 2, 6), (0.12, 0.12, 0.12, 0.12, 0.12, 0.12, 0.12, 0.12, 0.12, 0.12, 0.12, 0.12), (2,), (0.0,)):
('K.13 Musicalion', 'P1', 1, (627, 639), (91,), (2.0,), (92,), (1.38,))
('K.13 Musicalion', 'P1', 1, (643, 655), (93,), (2.0,), (94,), (1.38,))

9.    ((-2, -2, 2, -3, 2, 5, -2, -5, 2, -3, 2), (0.12, 0.12, 0.12, 0.12, 0.12, 0.12, 0.12, 0.12, 0.12, 0.12, 0.12), (2,), (0.12,)):
('K.13 Musicalion', 'P1', 1, (240, 251), (34,), (2.12,), (35,), (1.38,))
('K.13 Musicalion', 'P1', 1, (256, 267), (36,), (2.12,), (37,), (1.38,))
('K.13 Musicalion', 'P1', 1, (281, 292), (40,), (2.12,), (41,), (1.38,))

10.    ((-4, 1, 2, 3, -5, 1, 2, 4), (0.12, 0.12, 0.12, 0.12, 0.12, 0.12, 0.12, 0.12), (2,), (0.75,)):
('K.13 Musicalion', 'P1', 1, (141, 149), (21,), (2.75,), (22,), (1.62,))
('K.13 Musicalion', 'P1', 1, (157, 165), (23,), (2.75,), (24,), (1.62,))

11.    ((1, 1, 3, -3, 1, 1, -2, -2), (0.12, 0.12, 0.12, 0.12, 0.25, 0.25, 0.25, 0.12), (2,), (0.5,)):
('K.13 Musicalion', 'P1', 1, (84, 92), (13,), (2.5,), (14,), (1.75,))
('K.13 Musicalion', 'P1', 3, (36, 44), (13,), (2.5,), (14,), (1.75,))

12.    ((-8, 1, 2, 6, -8, 1, 2), (0.12, 0.12, 0.12, 0.12, 0.12, 0.12, 0.12), (2,), (0.0,)):
('K.13 Musicalion', 'P1', 1, (508, 515), (75,), (2.0,), (76,), (2.75,))
('K.13 Musicalion', 'P1', 1, (659, 666), (95,), (2.0,), (96,), (2.75,))

13.    ((2, 5, -2, -5, 2, -3, 2), (0.12, 0.12, 0.12, 0.12, 0.12, 0.12, 0.12), (2,), (0.88,)):
('K.13 Musicalion', 'P1', 1, (682, 689), (98,), (2.88,), (98,), (1.62,))
('K.13 Musicalion', 'P1', 1, (707, 714), (102,), (2.88,), (102,), (1.62,))

14.    ((-2, -2, 5, -8, 4, 8), (0.25, 0.12, 0.12, 0.5, 0.5, 0.25), (1,), (0.0,)):
('K.13 Musicalion', 'P1', 3, (3, 9), (2,), (1.0,), (4,), (2.5,))
('K.13 Musicalion', 'P1', 3, (10, 16), (4,), (1.0,), (6,), (2.5,))

15.    ((2, -8, 4, 4, 2, -8), (0.25, 0.25, 0.25, 0.25, 0.25, 0.25), (1,), (0.75,)):
('K.13 Musicalion', 'P1', 3, (171, 177), (48,), (1.75,), (49,), (1.0,))
('K.13 Musicalion', 'P1', 3, (179, 185), (50,), (1.75,), (51,), (1.0,))

16.    ((-3, 2, -3, 4, -3, 2), (0.25, 0.25, 0.25, 0.25, 0.25, 0.25), (1,), (0.25,)):
('K.13 Musicalion', 'P1', 3, (300, 306), (92,), (1.25,), (93,), (2.5,))
('K.13 Musicalion', 'P1', 3, (316, 322), (96,), (1.25,), (97,), (2.5,))

17.    ((-3, -2, 7, -2, -2), (0.12, 0.12, 0.38, 0.12, 0.12), (1,), (0.5,)):
('K.13 Musicalion', 'P1', 1, (292, 297), (42,), (1.5,), (42,), (2.25,))
('K.13 Musicalion', 'P1', 1, (304, 309), (44,), (1.5,), (44,), (2.25,))

18.    ((2, 1, 3, 1, -9), (0.25, 0.25, 0.25, 0.25, 0.25), (2,), (0.75,)):
('K.13 Musicalion', 'P1', 3, (54, 59), (17,), (2.75,), (18,), (1.75,))
('K.13 Musicalion', 'P1', 3, (60, 65), (19,), (2.75,), (20,), (1.75,))

19.    ((-2, -2, -2, 2), (0.38, 0.12, 0.12, 0.12), (2,), (0.0,)):
('K.13 Musicalion', 'P1', 1, (690, 694), (99,), (2.0,), (99,), (2.62,))
('K.13 Musicalion', 'P1', 1, (702, 706), (101,), (2.0,), (101,), (2.62,))

20.    ((-2, -5, -2, -2), (0.12, 0.38, 0.12, 0.12), (1,), (0.88,)):
('K.13 Musicalion', 'P1', 1, (715, 719), (103,), (1.88,), (103,), (2.5,))
('K.13 Musicalion', 'P1', 1, (727, 731), (105,), (1.88,), (105,), (2.5,))

21.    ((1, 1, 3, -3), (0.12, 0.12, 0.12, -0.38), (2,), (0.0,)):
('K.13 Musicalion', 'P1', 1, (45, 49), (7,), (2.0,), (7,), (2.38,))
('K.13 Musicalion', 'P1', 2, (43, 47), (63,), (2.0,), (63,), (2.38,))

22.    ((-4, -3, -2, -2), (0.25, 0.25, 0.25, 0.12), (1,), (0.0,)):
('K.13 Musicalion', 'P1', 1, (0, 4), (0,), (1.0,), (1,), (1.75,))
('K.13 Musicalion', 'P1', 3, (191, 195), (56,), (1.0,), (56,), (1.75,))

23.    ((1, -2, -2), (0.25, 0.25, 0.12), (2,), (0.25,)):
('K.13 Musicalion', 'P1', 1, (50, 53), (8,), (2.25,), (8,), (2.75,))
('K.13 Musicalion', 'P1', 1, (427, 430), (64,), (2.25,), (64,), (2.75,))
('K.13 Musicalion', 'P1', 2, (48, 51), (64,), (2.25,), (64,), (2.75,))
('K.13 Musicalion', 'P1', 3, (21, 24), (8,), (2.25,), (8,), (2.75,))

24.    ((1, 2, 1), (0.12, 0.12, 0.12), (1,), (0.88,)):
('K.13 Musicalion', 'P1', 1, (182, 185), (26,), (1.88,), (27,), (2.12,))
('K.13 Musicalion', 'P1', 1, (555, 558), (81,), (1.88,), (81,), (2.12,))

25.    ((-3, -4, -3), (0.12, 0.12, 0.12), (2,), (0.25,)):
('K.13 Musicalion', 'P1', 1, (221, 224), (32,), (2.25,), (32,), (2.5,))
('K.13 Musicalion', 'P1', 1, (358, 361), (53,), (2.25,), (53,), (2.5,))

26.    ((4, (3, -3), 4), (0.12, (0.0, 0.12), 0.12), (2,), (0.5,)):
('K.13 Musicalion', 'P1', 1, (328, 331), (49,), (2.5,), (49,), (2.75,))
('K.13 Musicalion', 'P1', 1, (750, 753), (109,), (2.5,), (110,), (2.75,))

27.    ((4, (3, -5), 4), (0.12, (0.0, 0.12), 0.12), (1,), (0.0,)):
('K.13 Musicalion', 'P1', 1, (332, 335), (49,), (1.0,), (49,), (1.25,))
('K.13 Musicalion', 'P1', 1, (754, 757), (110,), (1.0,), (110,), (1.25,))

28.    ((4, (3, -5), 4), (0.12, (0.0, 0.12), 0.12), (2,), (0.0,)):
('K.13 Musicalion', 'P1', 1, (340, 343), (50,), (2.0,), (50,), (2.25,))
('K.13 Musicalion', 'P1', 1, (746, 749), (109,), (2.0,), (109,), (2.25,))

29.    ((-4, -3, -3), (0.12, 0.12, 0.12), (2,), (0.75,)):
('K.13 Musicalion', 'P1', 1, (469, 472), (70,), (2.75,), (70,), (1.0,))
('K.13 Musicalion', 'P1', 1, (768, 771), (112,), (2.75,), (112,), (1.0,))

30.    ((-2, -2, 2), (0.12, 0.12, 0.12), (1,), (0.38,)):
('K.13 Musicalion', 'P1', 1, (697, 700), (100,), (1.38,), (100,), (1.62,))
('K.13 Musicalion', 'P1', 1, (723, 726), (104,), (1.38,), (104,), (1.62,))

31.    ((1, 1, 3), (0.12, 0.12, 0.12), (1,), (0.0,)):
('K.13 Musicalion', 'P1', 1, (71, 74), (11,), (1.0,), (11,), (1.25,))
('K.13 Musicalion', 'P1', 2, (8, 11), (11,), (1.0,), (11,), (1.25,))

32.    ((1, -2, -2), (0.25, 0.25, 0.12), (1,), (0.75,)):
('K.13 Musicalion', 'P1', 1, (63, 66), (10,), (1.75,), (10,), (2.25,))
('K.13 Musicalion', 'P1', 3, (26, 29), (10,), (1.75,), (10,), (2.25,))

33.    ((1, -2, -2), (0.25, 0.25, 0.12), (1,), (0.25,)):
('K.13 Musicalion', 'P1', 1, (76, 79), (12,), (1.25,), (12,), (1.75,))
('K.13 Musicalion', 'P1', 3, (31, 34), (12,), (1.25,), (12,), (1.75,))

34.    ((1, -2, -2), (0.25, 0.25, 0.12), (2,), (0.75,)):
('K.13 Musicalion', 'P1', 1, (414, 417), (62,), (2.75,), (62,), (1.25,))
('K.13 Musicalion', 'P1', 3, (211, 214), (62,), (2.75,), (62,), (1.25,))

35.    ((1, -2, -2), (0.25, 0.25, 0.12), (1,), (0.0,)):
('K.13 Musicalion', 'P1', 1, (440, 443), (66,), (1.0,), (66,), (1.5,))
('K.13 Musicalion', 'P1', 3, (217, 220), (66,), (1.0,), (66,), (1.5,))

36.    ((1, -2, -2), (0.25, 0.25, 0.12), (2,), (0.5,)):
('K.13 Musicalion', 'P1', 1, (453, 456), (68,), (2.5,), (68,), (1.0,))
('K.13 Musicalion', 'P1', 3, (222, 225), (68,), (2.5,), (68,), (1.0,))

37.    ((-3, -3, -4), (0.12, 0.12, 0.12), (1,), (0.25,)):
('K.13 Musicalion', 'P1', 1, (582, 585), (85,), (1.25,), (85,), (1.5,))
('K.13 Musicalion', 'P1', 3, (415, 418), (112,), (1.25,), (112,), (1.5,))

38.    ((-3, -3, 2), (0.25, 0.25, 0.25), (1,), (0.0,)):
('K.13 Musicalion', 'P1', 3, (67, 70), (22,), (1.0,), (22,), (1.5,))
('K.13 Musicalion', 'P1', 3, (75, 78), (24,), (1.0,), (24,), (1.5,))

39.    ((-3, -3, 2), (0.25, 0.25, 0.25), (2,), (0.25,)):
('K.13 Musicalion', 'P1', 3, (249, 252), (76,), (2.25,), (76,), (2.75,))
('K.13 Musicalion', 'P1', 3, (265, 268), (80,), (2.25,), (80,), (2.75,))

40.    ((-3, 2, -3), (0.25, 0.25, 0.25), (1,), (0.25,)):
('K.13 Musicalion', 'P1', 3, (277, 280), (83,), (1.25,), (83,), (1.75,))
('K.13 Musicalion', 'P1', 3, (308, 311), (94,), (1.25,), (95,), (1.75,))

41.    ((-5, 2, -8), (0.25, 0.25, 0.25), (2,), (0.75,)):
('K.13 Musicalion', 'P1', 3, (350, 353), (102,), (2.75,), (102,), (1.25,))
('K.13 Musicalion', 'P1', 3, (406, 409), (110,), (2.75,), (110,), (1.25,))

42.    ((-5, 2, -8), (0.25, 0.25, 0.25), (1,), (0.75,)):
('K.13 Musicalion', 'P1', 3, (402, 405), (109,), (1.75,), (109,), (2.25,))
('K.13 Musicalion', 'P1', 3, (410, 413), (111,), (1.75,), (111,), (2.25,))

43.    ((1, 1), (0.12, 0.12), (2,), (0.5,)):
('K.13 Musicalion', 'P1', 1, (84, 86), (13,), (2.5,), (13,), (2.62,))
('K.13 Musicalion', 'P1', 1, (409, 411), (61,), (2.5,), (61,), (2.62,))
('K.13 Musicalion', 'P1', 2, (38, 40), (61,), (2.5,), (61,), (2.62,))
('K.13 Musicalion', 'P1', 3, (36, 38), (13,), (2.5,), (13,), (2.62,))

44.    ((-2, -2), (0.12, 0.12), (2,), (0.75,)):
('K.13 Musicalion', 'P1', 1, (371, 373), (55,), (2.75,), (55,), (2.88,))
('K.13 Musicalion', 'P1', 1, (483, 485), (72,), (2.75,), (72,), (2.88,))
('K.13 Musicalion', 'P1', 1, (499, 501), (74,), (2.75,), (74,), (2.88,))
('K.13 Musicalion', 'P1', 3, (23, 25), (8,), (2.75,), (8,), (2.88,))

45.    ((-3, -3), (0.12, 0.12), (1,), (0.12,)):
('K.13 Musicalion', 'P1', 1, (102, 104), (16,), (1.12,), (16,), (1.25,))
('K.13 Musicalion', 'P1', 1, (208, 210), (30,), (1.12,), (30,), (1.25,))
('K.13 Musicalion', 'P1', 1, (603, 605), (88,), (1.12,), (88,), (1.25,))

46.    ((1, 2), (0.12, 0.12), (1,), (0.88,)):
('K.13 Musicalion', 'P1', 1, (150, 152), (22,), (1.88,), (23,), (2.0,))
('K.13 Musicalion', 'P1', 1, (166, 168), (24,), (1.88,), (25,), (2.0,))
('K.13 Musicalion', 'P1', 1, (571, 573), (83,), (1.88,), (83,), (2.0,))

47.    ((1, 2), (0.12, 0.12), (2,), (0.38,)):
('K.13 Musicalion', 'P1', 1, (154, 156), (23,), (2.38,), (23,), (2.5,))
('K.13 Musicalion', 'P1', 1, (170, 172), (25,), (2.38,), (25,), (2.5,))
('K.13 Musicalion', 'P1', 1, (559, 561), (82,), (2.38,), (82,), (2.5,))

48.    ((1, 2), (0.12, 0.12), (1,), (0.38,)):
('K.13 Musicalion', 'P1', 1, (178, 180), (26,), (1.38,), (26,), (1.5,))
('K.13 Musicalion', 'P1', 1, (551, 553), (81,), (1.38,), (81,), (1.5,))
('K.13 Musicalion', 'P1', 1, (567, 569), (83,), (1.38,), (83,), (1.5,))

49.    ((-2, -2), (0.12, 0.12), (1,), (0.12,)):
('K.13 Musicalion', 'P1', 1, (192, 194), (28,), (1.12,), (28,), (1.25,))
('K.13 Musicalion', 'P1', 1, (301, 303), (43,), (1.12,), (43,), (1.25,))
('K.13 Musicalion', 'P1', 1, (600, 602), (87,), (1.12,), (87,), (1.25,))

50.    ((1, 2), (0.12, 0.12), (1,), (0.62,)):
('K.13 Musicalion', 'P1', 1, (553, 555), (81,), (1.62,), (81,), (1.75,))
('K.13 Musicalion', 'P1', 1, (624, 626), (90,), (1.62,), (91,), (1.75,))
('K.13 Musicalion', 'P1', 1, (672, 674), (96,), (1.62,), (97,), (1.75,))

51.    ((-7, 6), (0.12, 0.12), (2,), (0.88,)):
('K.13 Musicalion', 'P1', 1, (347, 349), (51,), (2.88,), (51,), (1.0,))
('K.13 Musicalion', 'P1', 2, (25, 27), (39,), (2.88,), (39,), (1.0,))
('K.13 Musicalion', 'P1', 3, (133, 135), (43,), (2.88,), (43,), (1.0,))

52.    ((-7, 6), (0.12, 0.12), (1,), (0.12,)):
('K.13 Musicalion', 'P1', 1, (349, 351), (51,), (1.12,), (51,), (1.25,))
('K.13 Musicalion', 'P1', 3, (337, 339), (100,), (1.12,), (100,), (1.25,))
('K.13 Musicalion', 'P1', 3, (365, 367), (104,), (1.12,), (104,), (1.25,))

53.    ((-2, -2), (0.12, 0.12), (1,), (0.75,)):
('K.13 Musicalion', 'P1', 1, (3, 5), (1,), (1.75,), (1,), (1.88,))
('K.13 Musicalion', 'P1', 1, (607, 609), (88,), (1.75,), (88,), (1.88,))

54.    ((1, 1), (0.12, 0.12), (2,), (0.75,)):
('K.13 Musicalion', 'P1', 1, (69, 71), (11,), (2.75,), (11,), (2.88,))
('K.13 Musicalion', 'P1', 1, (435, 437), (65,), (2.75,), (65,), (2.88,))

55.    ((1, 1), (0.12, 0.12), (2,), (0.12,)):
('K.13 Musicalion', 'P1', 1, (81, 83), (13,), (2.12,), (13,), (2.25,))
('K.13 Musicalion', 'P1', 1, (406, 408), (61,), (2.12,), (61,), (2.25,))

56.    ((-4, -3), (0.12, 0.12), (2,), (0.0,)):
('K.13 Musicalion', 'P1', 1, (93, 95), (15,), (2.0,), (15,), (2.12,))
('K.13 Musicalion', 'P1', 1, (590, 592), (86,), (2.0,), (86,), (2.12,))

57.    ((-3, -3), (0.12, 0.12), (1,), (0.62,)):
('K.13 Musicalion', 'P1', 1, (106, 108), (16,), (1.62,), (16,), (1.75,))
('K.13 Musicalion', 'P1', 1, (236, 238), (34,), (1.62,), (34,), (1.75,))

58.    ((1, 2), (0.12, 0.12), (2,), (0.88,)):
('K.13 Musicalion', 'P1', 1, (174, 176), (25,), (2.88,), (26,), (1.0,))
('K.13 Musicalion', 'P1', 1, (563, 565), (82,), (2.88,), (82,), (1.0,))

59.    ((-2, -2), (0.12, 0.12), (1,), (0.62,)):
('K.13 Musicalion', 'P1', 1, (211, 213), (30,), (1.62,), (30,), (1.75,))
('K.13 Musicalion', 'P1', 1, (252, 254), (36,), (1.62,), (36,), (1.75,))

60.    ((-2, -2), (0.12, 0.12), (2,), (0.88,)):
('K.13 Musicalion', 'P1', 1, (225, 227), (32,), (2.88,), (32,), (1.0,))
('K.13 Musicalion', 'P1', 1, (579, 581), (84,), (2.88,), (84,), (1.0,))

61.    ((-5, 1), (0.12, 0.12), (1,), (0.5,)):
('K.13 Musicalion', 'P1', 1, (418, 420), (63,), (1.5,), (63,), (1.62,))
('K.13 Musicalion', 'P1', 1, (639, 641), (92,), (1.5,), (92,), (1.62,))

62.    ((1, 3), (0.12, 0.12), (2,), (0.38,)):
('K.13 Musicalion', 'P1', 1, (449, 451), (67,), (2.38,), (67,), (2.5,))
('K.13 Musicalion', 'P1', 1, (527, 529), (78,), (2.38,), (78,), (2.5,))

63.    ((1, 1), (0.12, 0.12), (1,), (0.5,)):
('K.13 Musicalion', 'P1', 1, (58, 60), (9,), (1.5,), (9,), (1.62,))
('K.13 Musicalion', 'P1', 2, (4, 6), (9,), (1.5,), (9,), (1.62,))

64.    (((3, 1), (3, 1)), ((0.0, 0.12), (0.0, 0.12)), (2,), (0.38,)):
('K.13 Musicalion', 'P1', 1, (432, 434), (65,), (2.38,), (65,), (2.5,))
('K.13 Musicalion', 'P1', 2, (58, 60), (67,), (2.38,), (67,), (2.5,))

65.    ((-8, -2), (0.25, 0.25), (1,), (0.5,)):
('K.13 Musicalion', 'P1', 1, (389, 391), (58,), (1.5,), (58,), (1.75,))
('K.13 Musicalion', 'P1', 3, (93, 95), (28,), (1.5,), (28,), (1.75,))

66.    ((-3, 2), (0.25, 0.25), (1,), (0.5,)):
('K.13 Musicalion', 'P1', 3, (85, 87), (26,), (1.5,), (26,), (1.75,))
('K.13 Musicalion', 'P1', 3, (262, 264), (79,), (1.5,), (79,), (1.75,))

67.    ((6,), (0.12,), (2,), (0.25,)):
('K.13 Musicalion', 'P1', 1, (354, 355), (52,), (2.25,), (52,), (2.25,))
('K.13 Musicalion', 'P1', 2, (20, 21), (38,), (2.25,), (38,), (2.25,))
('K.13 Musicalion', 'P1', 2, (36, 37), (40,), (2.25,), (40,), (2.25,))
('K.13 Musicalion', 'P1', 3, (128, 129), (42,), (2.25,), (42,), (2.25,))
('K.13 Musicalion', 'P1', 3, (144, 145), (44,), (2.25,), (44,), (2.25,))
('K.13 Musicalion', 'P1', 3, (160, 161), (46,), (2.25,), (46,), (2.25,))
('K.13 Musicalion', 'P1', 3, (330, 331), (99,), (2.25,), (99,), (2.25,))
('K.13 Musicalion', 'P1', 3, (346, 347), (101,), (2.25,), (101,), (2.25,))
('K.13 Musicalion', 'P1', 3, (358, 359), (103,), (2.25,), (103,), (2.25,))
('K.13 Musicalion', 'P1', 3, (374, 375), (105,), (2.25,), (105,), (2.25,))
('K.13 Musicalion', 'P1', 3, (390, 391), (107,), (2.25,), (107,), (2.25,))

68.    ((-5,), (0.12,), (2,), (0.38,)):
('K.13 Musicalion', 'P1', 1, (123, 124), (19,), (2.38,), (19,), (2.38,))
('K.13 Musicalion', 'P1', 1, (139, 140), (21,), (2.38,), (21,), (2.38,))
('K.13 Musicalion', 'P1', 1, (202, 203), (29,), (2.38,), (29,), (2.38,))
('K.13 Musicalion', 'P1', 1, (309, 310), (44,), (2.38,), (44,), (2.38,))
('K.13 Musicalion', 'P1', 3, (161, 162), (46,), (2.38,), (46,), (2.38,))
('K.13 Musicalion', 'P1', 3, (331, 332), (99,), (2.38,), (99,), (2.38,))
('K.13 Musicalion', 'P1', 3, (347, 348), (101,), (2.38,), (101,), (2.38,))
('K.13 Musicalion', 'P1', 3, (359, 360), (103,), (2.38,), (103,), (2.38,))
('K.13 Musicalion', 'P1', 3, (375, 376), (105,), (2.38,), (105,), (2.38,))
('K.13 Musicalion', 'P1', 3, (391, 392), (107,), (2.38,), (107,), (2.38,))

69.    ((6,), (0.12,), (1,), (0.25,)):
('K.13 Musicalion', 'P1', 1, (350, 351), (51,), (1.25,), (51,), (1.25,))
('K.13 Musicalion', 'P1', 2, (28, 29), (39,), (1.25,), (39,), (1.25,))
('K.13 Musicalion', 'P1', 3, (136, 137), (43,), (1.25,), (43,), (1.25,))
('K.13 Musicalion', 'P1', 3, (152, 153), (45,), (1.25,), (45,), (1.25,))
('K.13 Musicalion', 'P1', 3, (168, 169), (47,), (1.25,), (47,), (1.25,))
('K.13 Musicalion', 'P1', 3, (338, 339), (100,), (1.25,), (100,), (1.25,))
('K.13 Musicalion', 'P1', 3, (366, 367), (104,), (1.25,), (104,), (1.25,))
('K.13 Musicalion', 'P1', 3, (382, 383), (106,), (1.25,), (106,), (1.25,))
('K.13 Musicalion', 'P1', 3, (398, 399), (108,), (1.25,), (108,), (1.25,))

70.    ((6,), (0.12,), (2,), (0.5,)):
('K.13 Musicalion', 'P1', 1, (766, 767), (111,), (2.5,), (111,), (2.5,))
('K.13 Musicalion', 'P1', 3, (146, 147), (45,), (2.5,), (45,), (2.5,))
('K.13 Musicalion', 'P1', 3, (162, 163), (47,), (2.5,), (47,), (2.5,))
('K.13 Musicalion', 'P1', 3, (332, 333), (99,), (2.5,), (99,), (2.5,))
('K.13 Musicalion', 'P1', 3, (348, 349), (101,), (2.5,), (101,), (2.5,))
('K.13 Musicalion', 'P1', 3, (360, 361), (103,), (2.5,), (103,), (2.5,))
('K.13 Musicalion', 'P1', 3, (376, 377), (105,), (2.5,), (105,), (2.5,))
('K.13 Musicalion', 'P1', 3, (392, 393), (107,), (2.5,), (107,), (2.5,))

71.    ((1,), (0.25,), (1,), (0.0,)):
('K.13 Musicalion', 'P1', 1, (88, 89), (14,), (1.0,), (14,), (1.0,))
('K.13 Musicalion', 'P1', 1, (440, 441), (66,), (1.0,), (66,), (1.0,))
('K.13 Musicalion', 'P1', 1, (741, 742), (108,), (1.0,), (108,), (1.0,))
('K.13 Musicalion', 'P1', 3, (40, 41), (14,), (1.0,), (14,), (1.0,))
('K.13 Musicalion', 'P1', 3, (55, 56), (18,), (1.0,), (18,), (1.0,))
('K.13 Musicalion', 'P1', 3, (61, 62), (20,), (1.0,), (20,), (1.0,))
('K.13 Musicalion', 'P1', 3, (217, 218), (66,), (1.0,), (66,), (1.0,))
('K.13 Musicalion', 'P1', 4, (4, 5), (66,), (1.0,), (66,), (1.0,))

72.    ((6,), (0.12,), (2,), (0.0,)):
('K.13 Musicalion', 'P1', 1, (352, 353), (52,), (2.0,), (52,), (2.0,))
('K.13 Musicalion', 'P1', 2, (18, 19), (38,), (2.0,), (38,), (2.0,))
('K.13 Musicalion', 'P1', 2, (34, 35), (40,), (2.0,), (40,), (2.0,))
('K.13 Musicalion', 'P1', 3, (126, 127), (42,), (2.0,), (42,), (2.0,))
('K.13 Musicalion', 'P1', 3, (142, 143), (44,), (2.0,), (44,), (2.0,))
('K.13 Musicalion', 'P1', 3, (158, 159), (46,), (2.0,), (46,), (2.0,))
('K.13 Musicalion', 'P1', 3, (388, 389), (107,), (2.0,), (107,), (2.0,))

73.    ((-5,), (0.12,), (1,), (0.12,)):
('K.13 Musicalion', 'P1', 1, (621, 622), (90,), (1.12,), (90,), (1.12,))
('K.13 Musicalion', 'P1', 2, (27, 28), (39,), (1.12,), (39,), (1.12,))
('K.13 Musicalion', 'P1', 3, (135, 136), (43,), (1.12,), (43,), (1.12,))
('K.13 Musicalion', 'P1', 3, (151, 152), (45,), (1.12,), (45,), (1.12,))
('K.13 Musicalion', 'P1', 3, (167, 168), (47,), (1.12,), (47,), (1.12,))
('K.13 Musicalion', 'P1', 3, (381, 382), (106,), (1.12,), (106,), (1.12,))
('K.13 Musicalion', 'P1', 3, (397, 398), (108,), (1.12,), (108,), (1.12,))

74.    ((-8,), (0.25,), (1,), (0.0,)):
('K.13 Musicalion', 'P1', 1, (25, 26), (4,), (1.0,), (4,), (1.0,))
('K.13 Musicalion', 'P1', 3, (108, 109), (35,), (1.0,), (35,), (1.0,))
('K.13 Musicalion', 'P1', 3, (116, 117), (37,), (1.0,), (37,), (1.0,))
('K.13 Musicalion', 'P1', 3, (120, 121), (41,), (1.0,), (41,), (1.0,))
('K.13 Musicalion', 'P1', 3, (176, 177), (49,), (1.0,), (49,), (1.0,))
('K.13 Musicalion', 'P1', 3, (184, 185), (51,), (1.0,), (51,), (1.0,))
('K.13 Musicalion', 'P1', 3, (233, 234), (70,), (1.0,), (70,), (1.0,))

75.    ((-3,), (0.25,), (1,), (0.75,)):
('K.13 Musicalion', 'P1', 1, (365, 366), (54,), (1.75,), (54,), (1.75,))
('K.13 Musicalion', 'P1', 3, (78, 79), (24,), (1.75,), (24,), (1.75,))
('K.13 Musicalion', 'P1', 3, (279, 280), (83,), (1.75,), (83,), (1.75,))
('K.13 Musicalion', 'P1', 3, (294, 295), (91,), (1.75,), (91,), (1.75,))
('K.13 Musicalion', 'P1', 3, (302, 303), (93,), (1.75,), (93,), (1.75,))
('K.13 Musicalion', 'P1', 3, (310, 311), (95,), (1.75,), (95,), (1.75,))
('K.13 Musicalion', 'P1', 3, (318, 319), (97,), (1.75,), (97,), (1.75,))

76.    ((2,), (0.25,), (1,), (0.75,)):
('K.13 Musicalion', 'P1', 1, (404, 405), (60,), (1.75,), (60,), (1.75,))
('K.13 Musicalion', 'P1', 3, (86, 87), (26,), (1.75,), (26,), (1.75,))
('K.13 Musicalion', 'P1', 3, (111, 112), (36,), (1.75,), (36,), (1.75,))
('K.13 Musicalion', 'P1', 3, (171, 172), (48,), (1.75,), (48,), (1.75,))
('K.13 Musicalion', 'P1', 3, (179, 180), (50,), (1.75,), (50,), (1.75,))
('K.13 Musicalion', 'P1', 3, (255, 256), (77,), (1.75,), (77,), (1.75,))
('K.13 Musicalion', 'P1', 3, (263, 264), (79,), (1.75,), (79,), (1.75,))

77.    ((3,), (0.12,), (1,), (0.75,)):
('K.13 Musicalion', 'P1', 1, (491, 492), (73,), (1.75,), (73,), (1.75,))
('K.13 Musicalion', 'P1', 2, (6, 7), (9,), (1.75,), (9,), (1.75,))
('K.13 Musicalion', 'P1', 2, (16, 17), (38,), (1.75,), (38,), (1.75,))
('K.13 Musicalion', 'P1', 2, (32, 33), (40,), (1.75,), (40,), (1.75,))
('K.13 Musicalion', 'P1', 3, (124, 125), (42,), (1.75,), (42,), (1.75,))
('K.13 Musicalion', 'P1', 3, (140, 141), (44,), (1.75,), (44,), (1.75,))

78.    ((-5,), (0.12,), (1,), (0.62,)):
('K.13 Musicalion', 'P1', 1, (490, 491), (73,), (1.62,), (73,), (1.62,))
('K.13 Musicalion', 'P1', 1, (506, 507), (75,), (1.62,), (75,), (1.62,))
('K.13 Musicalion', 'P1', 3, (155, 156), (46,), (1.62,), (46,), (1.62,))
('K.13 Musicalion', 'P1', 3, (385, 386), (106,), (1.62,), (106,), (1.62,))
('K.13 Musicalion', 'P1', 3, (401, 402), (108,), (1.62,), (108,), (1.62,))
('K.13 Musicalion', 'P1', 3, (418, 419), (112,), (1.62,), (112,), (1.62,))

79.    ((3,), (0.12,), (2,), (0.75,)):
('K.13 Musicalion', 'P1', 1, (86, 87), (13,), (2.75,), (13,), (2.75,))
('K.13 Musicalion', 'P1', 1, (411, 412), (61,), (2.75,), (61,), (2.75,))
('K.13 Musicalion', 'P1', 2, (24, 25), (39,), (2.75,), (39,), (2.75,))
('K.13 Musicalion', 'P1', 3, (38, 39), (13,), (2.75,), (13,), (2.75,))
('K.13 Musicalion', 'P1', 3, (132, 133), (43,), (2.75,), (43,), (2.75,))

80.    ((8,), (0.12,), (1,), (0.5,)):
('K.13 Musicalion', 'P1', 1, (251, 252), (36,), (1.5,), (36,), (1.5,))
('K.13 Musicalion', 'P1', 2, (14, 15), (38,), (1.5,), (38,), (1.5,))
('K.13 Musicalion', 'P1', 2, (30, 31), (40,), (1.5,), (40,), (1.5,))
('K.13 Musicalion', 'P1', 3, (122, 123), (42,), (1.5,), (42,), (1.5,))
('K.13 Musicalion', 'P1', 3, (138, 139), (44,), (1.5,), (44,), (1.5,))

81.    ((6,), (0.12,), (2,), (0.75,)):
('K.13 Musicalion', 'P1', 1, (346, 347), (51,), (2.75,), (51,), (2.75,))
('K.13 Musicalion', 'P1', 3, (148, 149), (45,), (2.75,), (45,), (2.75,))
('K.13 Musicalion', 'P1', 3, (164, 165), (47,), (2.75,), (47,), (2.75,))
('K.13 Musicalion', 'P1', 3, (378, 379), (106,), (2.75,), (106,), (2.75,))
('K.13 Musicalion', 'P1', 3, (394, 395), (108,), (2.75,), (108,), (2.75,))

82.    ((3,), (0.12,), (1,), (0.88,)):
('K.13 Musicalion', 'P1', 1, (626, 627), (91,), (1.88,), (91,), (1.88,))
('K.13 Musicalion', 'P1', 3, (327, 328), (99,), (1.88,), (99,), (1.88,))
('K.13 Musicalion', 'P1', 3, (343, 344), (101,), (1.88,), (101,), (1.88,))
('K.13 Musicalion', 'P1', 3, (355, 356), (103,), (1.88,), (103,), (1.88,))
('K.13 Musicalion', 'P1', 3, (371, 372), (105,), (1.88,), (105,), (1.88,))

83.    ((-5,), (0.12,), (2,), (0.62,)):
('K.13 Musicalion', 'P1', 1, (731, 732), (105,), (2.62,), (105,), (2.62,))
('K.13 Musicalion', 'P1', 3, (147, 148), (45,), (2.62,), (45,), (2.62,))
('K.13 Musicalion', 'P1', 3, (163, 164), (47,), (2.62,), (47,), (2.62,))
('K.13 Musicalion', 'P1', 3, (349, 350), (101,), (2.62,), (101,), (2.62,))
('K.13 Musicalion', 'P1', 3, (393, 394), (107,), (2.62,), (107,), (2.62,))

84.    ((1,), (0.25,), (1,), (0.25,)):
('K.13 Musicalion', 'P1', 1, (76, 77), (12,), (1.25,), (12,), (1.25,))
('K.13 Musicalion', 'P1', 1, (89, 90), (14,), (1.25,), (14,), (1.25,))
('K.13 Musicalion', 'P1', 3, (31, 32), (12,), (1.25,), (12,), (1.25,))
('K.13 Musicalion', 'P1', 3, (41, 42), (14,), (1.25,), (14,), (1.25,))
('K.13 Musicalion', 'P1', 4, (0, 1), (12,), (1.25,), (12,), (1.25,))

85.    ((4,), (0.12,), (2,), (0.75,)):
('K.13 Musicalion', 'P1', 1, (330, 331), (49,), (2.75,), (49,), (2.75,))
('K.13 Musicalion', 'P1', 1, (694, 695), (100,), (2.75,), (100,), (2.75,))
('K.13 Musicalion', 'P1', 1, (752, 753), (110,), (2.75,), (110,), (2.75,))
('K.13 Musicalion', 'P1', 2, (40, 41), (61,), (2.75,), (61,), (2.75,))

86.    ((5,), (0.12,), (1,), (0.88,)):
('K.13 Musicalion', 'P1', 1, (92, 93), (14,), (1.88,), (14,), (1.88,))
('K.13 Musicalion', 'P1', 1, (421, 422), (63,), (1.88,), (63,), (1.88,))
('K.13 Musicalion', 'P1', 1, (674, 675), (97,), (1.88,), (97,), (1.88,))
('K.13 Musicalion', 'P1', 3, (195, 196), (56,), (1.88,), (56,), (1.88,))

87.    ((-3,), (0.12,), (1,), (0.62,)):
('K.13 Musicalion', 'P1', 1, (106, 107), (16,), (1.62,), (16,), (1.62,))
('K.13 Musicalion', 'P1', 1, (214, 215), (31,), (1.62,), (31,), (1.62,))
('K.13 Musicalion', 'P1', 1, (236, 237), (34,), (1.62,), (34,), (1.62,))
('K.13 Musicalion', 'P1', 3, (187, 188), (52,), (1.62,), (52,), (1.62,))

88.    ((8,), (0.25,), (2,), (0.5,)):
('K.13 Musicalion', 'P1', 1, (140, 141), (21,), (2.5,), (21,), (2.5,))
('K.13 Musicalion', 'P1', 3, (8, 9), (4,), (2.5,), (4,), (2.5,))
('K.13 Musicalion', 'P1', 3, (15, 16), (6,), (2.5,), (6,), (2.5,))
('K.13 Musicalion', 'P1', 3, (47, 48), (15,), (2.5,), (15,), (2.5,))

89.    ((3,), (0.12,), (1,), (0.0,)):
('K.13 Musicalion', 'P1', 1, (191, 192), (28,), (1.0,), (28,), (1.0,))
('K.13 Musicalion', 'P1', 1, (437, 438), (65,), (1.0,), (65,), (1.0,))
('K.13 Musicalion', 'P1', 3, (336, 337), (100,), (1.0,), (100,), (1.0,))
('K.13 Musicalion', 'P1', 3, (364, 365), (104,), (1.0,), (104,), (1.0,))

90.    ((-4,), (0.12,), (2,), (0.38,)):
('K.13 Musicalion', 'P1', 1, (222, 223), (32,), (2.38,), (32,), (2.38,))
('K.13 Musicalion', 'P1', 1, (359, 360), (53,), (2.38,), (53,), (2.38,))
('K.13 Musicalion', 'P1', 1, (575, 576), (84,), (2.38,), (84,), (2.38,))
('K.13 Musicalion', 'P1', 3, (29, 30), (10,), (2.38,), (10,), (2.38,))

91.    ((-8,), (0.25,), (2,), (0.0,)):
('K.13 Musicalion', 'P1', 2, (12, 13), (17,), (2.0,), (17,), (2.0,))
('K.13 Musicalion', 'P1', 3, (172, 173), (48,), (2.0,), (48,), (2.0,))
('K.13 Musicalion', 'P1', 3, (180, 181), (50,), (2.0,), (50,), (2.0,))
('K.13 Musicalion', 'P1', 3, (229, 230), (69,), (2.0,), (69,), (2.0,))

92.    ((4,), (0.12,), (1,), (0.75,)):
('K.13 Musicalion', 'P1', 1, (60, 61), (9,), (1.75,), (9,), (1.75,))
('K.13 Musicalion', 'P1', 1, (338, 339), (50,), (1.75,), (50,), (1.75,))
('K.13 Musicalion', 'P1', 1, (744, 745), (109,), (1.75,), (109,), (1.75,))

93.    ((-3,), (0.12,), (2,), (0.25,)):
('K.13 Musicalion', 'P1', 1, (95, 96), (15,), (2.25,), (15,), (2.25,))
('K.13 Musicalion', 'P1', 1, (465, 466), (70,), (2.25,), (70,), (2.25,))
('K.13 Musicalion', 'P1', 1, (677, 678), (97,), (2.25,), (97,), (2.25,))

94.    ((-3,), (0.12,), (2,), (0.75,)):
('K.13 Musicalion', 'P1', 1, (99, 100), (15,), (2.75,), (15,), (2.75,))
('K.13 Musicalion', 'P1', 1, (618, 619), (90,), (2.75,), (90,), (2.75,))
('K.13 Musicalion', 'P1', 1, (706, 707), (102,), (2.75,), (102,), (2.75,))

95.    ((4,), (0.12,), (2,), (0.62,)):
('K.13 Musicalion', 'P1', 1, (156, 157), (23,), (2.62,), (23,), (2.62,))
('K.13 Musicalion', 'P1', 1, (617, 618), (89,), (2.62,), (89,), (2.62,))
('K.13 Musicalion', 'P1', 1, (680, 681), (97,), (2.62,), (97,), (2.62,))

96.    ((-3,), (0.12,), (1,), (0.88,)):
('K.13 Musicalion', 'P1', 1, (216, 217), (31,), (1.88,), (31,), (1.88,))
('K.13 Musicalion', 'P1', 1, (238, 239), (34,), (1.88,), (34,), (1.88,))
('K.13 Musicalion', 'P1', 1, (589, 590), (86,), (1.88,), (86,), (1.88,))

97.    ((-2,), (0.12,), (2,), (0.62,)):
('K.13 Musicalion', 'P1', 1, (273, 274), (39,), (2.62,), (39,), (2.62,))
('K.13 Musicalion', 'P1', 1, (299, 300), (43,), (2.62,), (43,), (2.62,))
('K.13 Musicalion', 'P1', 1, (719, 720), (103,), (2.62,), (103,), (2.62,))

98.    ((4,), (0.12,), (1,), (0.5,)):
('K.13 Musicalion', 'P1', 1, (278, 279), (40,), (1.5,), (40,), (1.5,))
('K.13 Musicalion', 'P1', 1, (336, 337), (50,), (1.5,), (50,), (1.5,))
('K.13 Musicalion', 'P1', 1, (758, 759), (110,), (1.5,), (110,), (1.5,))

99.    ((8,), (0.12,), (2,), (0.5,)):
('K.13 Musicalion', 'P1', 1, (203, 204), (29,), (2.5,), (29,), (2.5,))
('K.13 Musicalion', 'P1', 2, (22, 23), (39,), (2.5,), (39,), (2.5,))
('K.13 Musicalion', 'P1', 3, (130, 131), (43,), (2.5,), (43,), (2.5,))

100.    ((2,), (0.25,), (1,), (0.25,)):
('K.13 Musicalion', 'P1', 1, (40, 41), (6,), (1.25,), (6,), (1.25,))
('K.13 Musicalion', 'P1', 3, (84, 85), (26,), (1.25,), (26,), (1.25,))
('K.13 Musicalion', 'P1', 3, (92, 93), (28,), (1.25,), (28,), (1.25,))

101.    ((8,), (0.25,), (2,), (0.0,)):
('K.13 Musicalion', 'P1', 1, (217, 218), (31,), (2.0,), (31,), (2.0,))
('K.13 Musicalion', 'P1', 1, (426, 427), (64,), (2.0,), (64,), (2.0,))
('K.13 Musicalion', 'P1', 3, (45, 46), (15,), (2.0,), (15,), (2.0,))

102.    ((8,), (0.25,), (1,), (0.25,)):
('K.13 Musicalion', 'P1', 1, (231, 232), (33,), (1.25,), (33,), (1.25,))
('K.13 Musicalion', 'P1', 1, (622, 623), (90,), (1.25,), (90,), (1.25,))
('K.13 Musicalion', 'P1', 3, (226, 227), (69,), (1.25,), (69,), (1.25,))

103.    ((8,), (0.12,), (2,), (0.75,)):
('K.13 Musicalion', 'P1', 1, (578, 579), (84,), (2.75,), (84,), (2.75,))
('K.13 Musicalion', 'P1', 3, (334, 335), (100,), (2.75,), (100,), (2.75,))
('K.13 Musicalion', 'P1', 3, (362, 363), (104,), (2.75,), (104,), (2.75,))

104.    ((8,), (0.25,), (2,), (0.25,)):
('K.13 Musicalion', 'P1', 1, (592, 593), (86,), (2.25,), (86,), (2.25,))
('K.13 Musicalion', 'P1', 3, (230, 231), (70,), (2.25,), (70,), (2.25,))
('K.13 Musicalion', 'P1', 3, (257, 258), (78,), (2.25,), (78,), (2.25,))

105.    ((6,), (0.12,), (1,), (0.75,)):
('K.13 Musicalion', 'P1', 1, (610, 611), (89,), (1.75,), (89,), (1.75,))
('K.13 Musicalion', 'P1', 3, (156, 157), (46,), (1.75,), (46,), (1.75,))
('K.13 Musicalion', 'P1', 3, (386, 387), (107,), (1.75,), (107,), (1.75,))

106.    ((3,), (0.12,), (2,), (0.88,)):
('K.13 Musicalion', 'P1', 1, (666, 667), (96,), (2.88,), (96,), (2.88,))
('K.13 Musicalion', 'P1', 3, (335, 336), (100,), (2.88,), (100,), (2.88,))
('K.13 Musicalion', 'P1', 3, (363, 364), (104,), (2.88,), (104,), (2.88,))

107.    ((-2,), (0.12,), (1,), (0.38,)):
('K.13 Musicalion', 'P1', 1, (697, 698), (100,), (1.38,), (100,), (1.38,))
('K.13 Musicalion', 'P1', 1, (723, 724), (104,), (1.38,), (104,), (1.38,))
('K.13 Musicalion', 'P1', 3, (214, 215), (62,), (1.38,), (62,), (1.38,))

108.    ((2,), (0.12,), (2,), (0.62,)):
('K.13 Musicalion', 'P1', 1, (10, 11), (2,), (2.62,), (2,), (2.62,))
('K.13 Musicalion', 'P1', 1, (767, 768), (111,), (2.62,), (111,), (2.62,))

109.    ((1,), (0.12,), (1,), (0.75,)):
('K.13 Musicalion', 'P1', 1, (43, 44), (7,), (1.75,), (7,), (1.75,))
('K.13 Musicalion', 'P1', 1, (420, 421), (63,), (1.75,), (63,), (1.75,))

110.    ((6,), (0.12,), (2,), (0.38,)):
('K.13 Musicalion', 'P1', 1, (96, 97), (15,), (2.38,), (15,), (2.38,))
('K.13 Musicalion', 'P1', 1, (408, 409), (61,), (2.38,), (61,), (2.38,))

111.    ((-4,), (0.12,), (1,), (0.0,)):
('K.13 Musicalion', 'P1', 1, (101, 102), (16,), (1.0,), (16,), (1.0,))
('K.13 Musicalion', 'P1', 1, (620, 621), (90,), (1.0,), (90,), (1.0,))

112.    ((-6,), (0.12,), (1,), (0.5,)):
('K.13 Musicalion', 'P1', 1, (105, 106), (16,), (1.5,), (16,), (1.5,))
('K.13 Musicalion', 'P1', 1, (671, 672), (96,), (1.5,), (96,), (1.5,))

113.    ((-4,), (0.12,), (1,), (0.75,)):
('K.13 Musicalion', 'P1', 1, (149, 150), (22,), (1.75,), (22,), (1.75,))
('K.13 Musicalion', 'P1', 1, (215, 216), (31,), (1.75,), (31,), (1.75,))

114.    ((7,), (0.12,), (2,), (0.62,)):
('K.13 Musicalion', 'P1', 1, (172, 173), (25,), (2.62,), (25,), (2.62,))
('K.13 Musicalion', 'P1', 1, (468, 469), (70,), (2.62,), (70,), (2.62,))

115.    ((5,), (0.12,), (2,), (0.0,)):
('K.13 Musicalion', 'P1', 1, (255, 256), (36,), (2.0,), (36,), (2.0,))
('K.13 Musicalion', 'P1', 1, (356, 357), (53,), (2.0,), (53,), (2.0,))

116.    ((4,), (0.12,), (2,), (0.5,)):
('K.13 Musicalion', 'P1', 1, (272, 273), (39,), (2.5,), (39,), (2.5,))
('K.13 Musicalion', 'P1', 1, (344, 345), (51,), (2.5,), (51,), (2.5,))

117.    ((-3,), (0.12,), (2,), (0.5,)):
('K.13 Musicalion', 'P1', 1, (298, 299), (43,), (2.5,), (43,), (2.5,))
('K.13 Musicalion', 'P1', 1, (679, 680), (97,), (2.5,), (97,), (2.5,))

118.    ((-4,), (0.25,), (1,), (0.5,)):
('K.13 Musicalion', 'P1', 1, (364, 365), (54,), (1.5,), (54,), (1.5,))
('K.13 Musicalion', 'P1', 1, (403, 404), (60,), (1.5,), (60,), (1.5,))

119.    ((4,), (0.12,), (2,), (0.25,)):
('K.13 Musicalion', 'P1', 1, (424, 425), (63,), (2.25,), (63,), (2.25,))
('K.13 Musicalion', 'P1', 1, (574, 575), (84,), (2.25,), (84,), (2.25,))

120.    ((-4,), (0.12,), (1,), (0.25,)):
('K.13 Musicalion', 'P1', 1, (457, 458), (69,), (1.25,), (69,), (1.25,))
('K.13 Musicalion', 'P1', 1, (566, 567), (83,), (1.25,), (83,), (1.25,))

121.    ((-4,), (0.12,), (1,), (0.88,)):
('K.13 Musicalion', 'P1', 1, (462, 463), (69,), (1.88,), (69,), (1.88,))
('K.13 Musicalion', 'P1', 1, (642, 643), (93,), (1.88,), (93,), (1.88,))

122.    ((-3,), (0.12,), (2,), (0.0,)):
('K.13 Musicalion', 'P1', 1, (463, 464), (69,), (2.0,), (69,), (2.0,))
('K.13 Musicalion', 'P1', 1, (675, 676), (97,), (2.0,), (97,), (2.0,))

123.    ((-2,), (0.25,), (1,), (0.75,)):
('K.13 Musicalion', 'P1', 1, (376, 377), (56,), (1.75,), (56,), (1.75,))
('K.13 Musicalion', 'P1', 3, (271, 272), (81,), (1.75,), (81,), (1.75,))

124.    ((8,), (0.25,), (1,), (0.75,)):
('K.13 Musicalion', 'P1', 1, (507, 508), (75,), (1.75,), (75,), (1.75,))
('K.13 Musicalion', 'P1', 3, (228, 229), (69,), (1.75,), (69,), (1.75,))

125.    ((-5,), (0.12,), (1,), (0.75,)):
('K.13 Musicalion', 'P1', 1, (570, 571), (83,), (1.75,), (83,), (1.75,))
('K.13 Musicalion', 'P1', 3, (283, 284), (85,), (1.75,), (85,), (1.75,))

126.    ((8,), (0.25,), (1,), (0.5,)):
('K.13 Musicalion', 'P1', 1, (606, 607), (88,), (1.5,), (88,), (1.5,))
('K.13 Musicalion', 'P1', 3, (51, 52), (16,), (1.5,), (16,), (1.5,))

127.    ((4,), (0.12,), (1,), (0.38,)):
('K.13 Musicalion', 'P1', 1, (670, 671), (96,), (1.38,), (96,), (1.38,))
('K.13 Musicalion', 'P1', 3, (19, 20), (6,), (1.38,), (6,), (1.38,))

128.    ((-9,), (0.12,), (1,), (0.88,)):
('K.13 Musicalion', 'P1', 1, (761, 762), (111,), (1.88,), (111,), (1.88,))
('K.13 Musicalion', 'P1', 3, (44, 45), (14,), (1.88,), (14,), (1.88,))

129.    ((3,), (0.25,), (2,), (0.0,)):
('K.13 Musicalion', 'P1', 2, (47, 48), (64,), (2.0,), (64,), (2.0,))
('K.13 Musicalion', 'P1', 3, (112, 113), (36,), (2.0,), (36,), (2.0,))

130.    ((-3,), (0.25,), (2,), (0.75,)):
('K.13 Musicalion', 'P1', 3, (2, 3), (2,), (2.75,), (2,), (2.75,))
('K.13 Musicalion', 'P1', 3, (306, 307), (94,), (2.75,), (94,), (2.75,))

131.    ((-6,), (0.25,), (2,), (0.75,)):
('K.13 Musicalion', 'P1', 3, (9, 10), (4,), (2.75,), (4,), (2.75,))
('K.13 Musicalion', 'P1', 3, (314, 315), (96,), (2.75,), (96,), (2.75,))

132.    ((8,), (0.25,), (1,), (0.0,)):
('K.13 Musicalion', 'P1', 3, (49, 50), (16,), (1.0,), (16,), (1.0,))
('K.13 Musicalion', 'P1', 3, (91, 92), (28,), (1.0,), (28,), (1.0,))

133.    ((2,), (0.25,), (2,), (0.75,)):
('K.13 Musicalion', 'P1', 3, (66, 67), (21,), (2.75,), (21,), (2.75,))
('K.13 Musicalion', 'P1', 3, (322, 323), (98,), (2.75,), (98,), (2.75,))

134.    ((-8,), (0.25,), (2,), (0.5,)):
('K.13 Musicalion', 'P1', 3, (89, 90), (27,), (2.5,), (27,), (2.5,))
('K.13 Musicalion', 'P1', 3, (231, 232), (70,), (2.5,), (70,), (2.5,))

135.    ((2,), (0.25,), (2,), (0.25,)):
('K.13 Musicalion', 'P1', 3, (113, 114), (36,), (2.25,), (36,), (2.25,))
('K.13 Musicalion', 'P1', 3, (296, 297), (91,), (2.25,), (91,), (2.25,))

136.    ((-5,), (0.25,), (2,), (0.5,)):
('K.13 Musicalion', 'P1', 3, (118, 119), (41,), (2.5,), (41,), (2.5,))
('K.13 Musicalion', 'P1', 3, (413, 414), (111,), (2.5,), (111,), (2.5,))

137.    ((-5,), (0.25,), (1,), (0.5,)):
('K.13 Musicalion', 'P1', 3, (170, 171), (48,), (1.5,), (48,), (1.5,))
('K.13 Musicalion', 'P1', 3, (325, 326), (98,), (1.5,), (98,), (1.5,))

