1 .    ('nomes', 'K.395 Musicalion') 

2 .    ('quantidade', 1) 

3 .    ('analise', 'recorręncias IntDiaDurPcompasso sem contidos e intercalados') 

1 .    (((3, -2, 3, -2, 3, -2, 3, -2, 3, -2, 2, -7, 3, -2, 3, -2, 3, -2, 3, -2, 3, -2, 2, -7, 3, -2, 3, -2, 3, -2, 3, -2, 3, -2, 2), (0.5, 0.5, 0.5, 0.5, 0.5, 0.5, 0.5, 0.5, 0.5, 0.5, 0.5, 0.5, 0.5, 0.5, 0.5, 0.5, 0.5, 0.5, 0.5, 0.5, 0.5, 0.5, 0.5, 0.5, 0.5, 0.5, 0.5, 0.5, 0.5, 0.5, 0.5, 0.5, 0.5, 0.5, 0.5), (1.0, 1.5, 2.0, 2.5, 3.0, 3.5, 1.0, 1.5, 2.0, 2.5, 3.0, 3.5, 1.0, 1.5, 2.0, 2.5, 3.0, 3.5, 1.0, 1.5, 2.0, 2.5, 3.0, 3.5, 1.0, 1.5, 2.0, 2.5, 3.0, 3.5, 1.0, 1.5, 2.0, 2.5, 3.0)), [('K.395 Musicalion', 'P1', 1, (62, 97), (32, 1.0), (37, 3.0)), ('K.395 Musicalion', 'P1', 3, (123, 158), (40, 1.0), (45, 3.0))]) 

2 .    (((2, 2, 2, 2, 2, -2, -2, -2, -2, -2, -2, -2, 2, 2, 2, 2, -2, -2, -2, -2, -2, -2, -2, -2, 1), (0.5, 0.5, 0.5, 0.5, 0.5, 0.5, 0.5, 0.5, 0.5, 0.5, 0.5, 0.5, 0.5, 0.5, 0.5, 0.5, 0.5, 0.5, 0.5, 0.5, 0.5, 0.5, 0.5, 0.5, 3.0), (1.0, 1.5, 2.0, 2.5, 3.0, 3.5, 1.0, 1.5, 2.0, 2.5, 3.0, 3.5, 1.0, 1.5, 2.0, 2.5, 3.0, 3.5, 1.0, 1.5, 2.0, 2.5, 3.0, 3.5, 1.0)), [('K.395 Musicalion', 'P1', 3, (24, 49), (5, 1.0), (9, 1.0)), ('K.395 Musicalion', 'P1', 3, (180, 205), (69, 1.0), (73, 1.0))]) 

3 .    (((2, 2, 2, 2, 2, -2, -2, -2, -2, -2, -2, -2, 2, 2, 2, 2, 2, -2, -2, -2, -2, -2, -2), (0.5, 0.5, 0.5, 0.5, 0.5, 0.5, 0.5, 0.5, 0.5, 0.5, 0.5, 0.5, 0.5, 0.5, 0.5, 0.5, 0.5, 0.5, 0.5, 0.5, 0.5, 0.5, 0.5), (1.0, 1.5, 2.0, 2.5, 3.0, 3.5, 1.0, 1.5, 2.0, 2.5, 3.0, 3.5, 1.0, 1.5, 2.0, 2.5, 3.0, 3.5, 1.0, 1.5, 2.0, 2.5, 3.0)), [('K.395 Musicalion', 'P1', 1, (175, 198), (65, 1.0), (68, 3.0)), ('K.395 Musicalion', 'P1', 3, (0, 23), (1, 1.0), (4, 3.0))]) 

4 .    (((2, 2, 2, 2, 2, -6, 2, 2, 2, 2, 2, -6, 2, 2, 2, 2, 2, -7, 2, -8, -5), (1.0, 1.0, 1.0, 1.0, 1.0, 1.0, 1.0, 1.0, 1.0, 1.0, 1.0, 1.0, 1.0, 1.0, 1.0, 1.0, 1.0, 1.0, 1.0, 1.0, 1.0), (1.0, 2.0, 3.0, 1.0, 2.0, 3.0, 1.0, 2.0, 3.0, 1.0, 2.0, 3.0, 1.0, 2.0, 3.0, 1.0, 2.0, 3.0, 1.0, 2.0, 3.0)), [('K.395 Musicalion', 'P1', 3, (101, 122), (32, 1.0), (38, 3.0)), ('K.395 Musicalion', 'P1', 3, (284, 305), (103, 1.0), (109, 3.0))]) 

5 .    (((-2, -2, -2, -2, 2, 2, 2, 2, 2, 2, -2, 1, 1, 1, 1, 1), (0.5, 0.5, 0.5, 0.5, 0.5, 0.5, 0.5, 0.5, 0.5, 0.5, 0.5, 3.0, 3.0, 3.0, 3.0, 3.0), (1.5, 2.0, 2.5, 3.0, 3.5, 1.0, 1.5, 2.0, 2.5, 3.0, 3.5, 1.0, 1.0, 1.0, 1.0, 1.0)), [('K.395 Musicalion', 'P1', 1, (99, 115), (38, 1.5), (44, 1.0)), ('K.395 Musicalion', 'P1', 1, (311, 327), (109, 1.5), (115, 1.0))]) 

6 .    (((-3, 1, -2, -2, -2, -2, -2, -2, -2, -2, -2, -2), (3.0, 3.0, 3.5, 0.5, 0.5, 0.5, 0.5, 0.5, 0.5, 0.5, 0.5, 0.5), (1.0, 1.0, 1.0, 1.5, 2.0, 2.5, 3.0, 3.5, 1.0, 1.5, 2.0, 2.5)), [('K.395 Musicalion', 'P1', 1, (5, 17), (6, 1.0), (10, 2.5)), ('K.395 Musicalion', 'P1', 1, (200, 212), (70, 1.0), (74, 2.5))]) 

7 .    (((3, -2, 3, -2, 3, -2, 3, -2, 3, -2, 2), (0.5, 0.5, 0.5, 0.5, 0.5, 0.5, 0.5, 0.5, 0.5, 0.5, 0.5), (1.0, 1.5, 2.0, 2.5, 3.0, 3.5, 1.0, 1.5, 2.0, 2.5, 3.0)), [('K.395 Musicalion', 'P1', 1, (274, 285), (103, 1.0), (104, 3.0)), ('K.395 Musicalion', 'P1', 1, (286, 297), (105, 1.0), (106, 3.0))]) 

8 .    (((-2, (3, -2), (3, -2), (3, 4), 3, -2, 3, -2, -4, (3, -2), (3, -2)), (1.0, (0.0, 1.0), (0.0, 1.0), (0.0, 1.0), 0.5, 0.5, 0.5, 0.5, 1.0, (0.0, 1.0), (0.0, 1.0)), (3.0, 1.0, 2.0, 3.0, 1.0, 1.5, 2.0, 2.5, 3.0, 1.0, 2.0)), [('K.395 Musicalion', 'P1', 1, (162, 173), (60, 3.0), (63, 2.0)), ('K.395 Musicalion', 'P1', 1, (374, 385), (131, 3.0), (134, 2.0))]) 

9 .    ((((5, 3, 1), (5, 3, 1), (5, 3, 2), (4, 3, 1), (4, 3, 1), (4, 3, 1), (4, 3, 1), (4, 3, 1), (4, 3, 2), (5, 3, 1), (5, 3, 1)), ((0.0, 0.0, 1.0), (0.0, 0.0, 1.0), (0.0, 0.0, 1.0), (0.0, 0.0, 1.0), (0.0, 0.0, 1.0), (0.0, 0.0, 1.0), (0.0, 0.0, 1.0), (0.0, 0.0, 1.0), (0.0, 0.0, 1.0), (0.0, 0.0, 1.0), (0.0, 0.0, 1.0)), (1.0, 2.0, 3.0, 1.0, 2.0, 3.0, 1.0, 2.0, 3.0, 1.0, 2.0)), [('K.395 Musicalion', 'P1', 3, (207, 218), (76, 1.0), (79, 2.0)), ('K.395 Musicalion', 'P1', 3, (219, 230), (80, 1.0), (83, 2.0))]) 

10 .    ((((5, 2, 1), (5, 2, 1), (5, 2, 2), (5, 1), (5, 1), (5, 1), (5, 1), (5, 1), (5, 1), (5, 3, 1), (5, 3, 1)), ((0.0, 0.0, 1.0), (0.0, 0.0, 1.0), (0.0, 0.0, 1.0), (0.0, 1.0), (0.0, 1.0), (0.0, 1.0), (0.0, 1.0), (0.0, 1.0), (0.0, 1.0), (0.0, 0.0, 1.0), (0.0, 0.0, 1.0)), (1.0, 2.0, 3.0, 1.0, 2.0, 3.0, 1.0, 2.0, 3.0, 1.0, 2.0)), [('K.395 Musicalion', 'P1', 3, (237, 248), (86, 1.0), (89, 2.0)), ('K.395 Musicalion', 'P1', 3, (249, 260), (90, 1.0), (93, 2.0))]) 

11 .    (((3, -2, 3, -2, 3, -2, 3, -2, 3, -2, 3), (0.5, 0.5, 0.5, 0.5, 0.5, 0.5, 0.5, 0.5, 0.5, 0.5, 0.5), (1.0, 1.5, 2.0, 2.5, 3.0, 3.5, 1.0, 1.5, 2.0, 2.5, 3.0)), [('K.395 Musicalion', 'P1', 3, (306, 317), (111, 1.0), (112, 3.0)), ('K.395 Musicalion', 'P1', 3, (318, 329), (113, 1.0), (114, 3.0))]) 

12 .    ((((4, 3, 1), (4, 3, 1), (4, 3, 1), (3, 3, 1), (3, 3, 1), (3, 3, 4), (3, -4), (3, 4, 1), (3, 4, 1)), ((0.0, 0.0, 1.0), (0.0, 0.0, 1.0), (0.0, 0.0, 1.0), (0.0, 0.0, 1.0), (0.0, 0.0, 1.0), (0.0, 0.0, 1.0), (0.0, 3.0), (0.0, 0.0, 1.0), (0.0, 0.0, 1.0)), (1.0, 2.0, 3.0, 1.0, 2.0, 3.0, 1.0, 1.0, 2.0)), [('K.395 Musicalion', 'P1', 3, (60, 69), (15, 1.0), (18, 2.0)), ('K.395 Musicalion', 'P1', 3, (70, 79), (19, 1.0), (22, 2.0))]) 

13 .    (((3, -2, 3, -2, -4, (3, -2), (3, -2), (3, 2)), (0.5, 0.5, 0.5, 0.5, 1.0, (0.0, 1.0), (0.0, 1.0), (0.0, 1.0)), (1.0, 1.5, 2.0, 2.5, 3.0, 1.0, 2.0, 3.0)), [('K.395 Musicalion', 'P1', 1, (150, 158), (58, 1.0), (59, 3.0)), ('K.395 Musicalion', 'P1', 1, (394, 402), (137, 1.0), (138, 3.0))]) 

14 .    (((2, -2, -2, -2, -2, 4, 2, -2), (1.0, 1.0, 1.0, 1.0, 1.0, 1.0, 1.0, 1.0), (1.0, 2.0, 3.0, 1.0, 2.0, 3.0, 1.0, 2.0)), [('K.395 Musicalion', 'P1', 3, (362, 370), (132, 1.0), (134, 2.0)), ('K.395 Musicalion', 'P1', 4, (3, 11), (59, 1.0), (61, 2.0))]) 

15 .    (((3, -2, 3, -2, 3, -2), (0.5, 0.5, 0.5, 0.5, 0.5, 0.5), (1.0, 1.5, 2.0, 2.5, 3.0, 3.5)), [('K.395 Musicalion', 'P1', 1, (298, 304), (107, 1.0), (107, 3.5)), ('K.395 Musicalion', 'P1', 3, (330, 336), (115, 1.0), (115, 3.5))]) 

16 .    (((3, -3, 3, -3, 3), (1.0, 2.0, 1.0, 2.0, 1.0), (2.0, 3.0, 2.0, 3.0, 2.0)), [('K.395 Musicalion', 'P1', 1, (221, 226), (79, 2.0), (81, 2.0)), ('K.395 Musicalion', 'P1', 1, (227, 232), (82, 2.0), (84, 2.0))]) 

17 .    (((1, 2, 2, 2, -2), (3.0, 3.0, 1.0, 1.0, 1.0), (1.0, 1.0, 1.0, 2.0, 3.0)), [('K.395 Musicalion', 'P1', 1, (32, 37), (14, 1.0), (16, 3.0)), ('K.395 Musicalion', 'P1', 1, (38, 43), (18, 1.0), (20, 3.0)), ('K.395 Musicalion', 'P1', 1, (44, 49), (22, 1.0), (24, 3.0))]) 

18 .    (((-2, -2, -2, -2, 2), (1.0, 1.0, 1.0, 1.0, 1.0), (2.0, 3.0, 1.0, 2.0, 3.0)), [('K.395 Musicalion', 'P1', 1, (233, 238), (85, 2.0), (86, 3.0)), ('K.395 Musicalion', 'P1', 1, (242, 247), (89, 2.0), (90, 3.0))]) 

19 .    (((2, 2, 2, -8, -5), (1.0, 1.0, 1.0, 1.0, 1.0), (2.0, 3.0, 1.0, 2.0, 3.0)), [('K.395 Musicalion', 'P1', 3, (51, 56), (11, 2.0), (12, 3.0)), ('K.395 Musicalion', 'P1', 3, (337, 342), (116, 2.0), (117, 3.0))]) 

20 .    (((-2, -2, -2, -2), (0.5, 0.5, 0.5, 0.5), (1.5, 2.0, 2.5, 3.0)), [('K.395 Musicalion', 'P1', 1, (117, 121), (46, 1.5), (46, 3.0)), ('K.395 Musicalion', 'P1', 1, (334, 338), (117, 1.5), (117, 3.0))]) 

21 .    (((2, 2, 2, 2), (1.0, 1.0, 1.0, 1.0), (2.0, 3.0, 1.0, 2.0)), [('K.395 Musicalion', 'P1', 1, (368, 372), (129, 2.0), (130, 2.0)), ('K.395 Musicalion', 'P1', 3, (354, 358), (129, 2.0), (130, 2.0))]) 

22 .    (((-5, (7, 2), (5, 2), (3, 2)), (1.0, (0.0, 2.0), (0.0, 1.0), (0.0, 1.0)), (2.0, 3.0, 2.0, 3.0)), [('K.395 Musicalion', 'P1', 1, (350, 354), (122, 2.0), (123, 3.0)), ('K.395 Musicalion', 'P1', 1, (355, 359), (124, 2.0), (125, 3.0)), ('K.395 Musicalion', 'P1', 1, (360, 364), (126, 2.0), (127, 3.0))]) 

23 .    (((-6, (3, -2), (3, -2), (3, 2)), (1.0, (0.0, 2.0), (0.0, 1.0), (0.0, 1.0)), (2.0, 3.0, 2.0, 3.0)), [('K.395 Musicalion', 'P1', 1, (123, 127), (47, 2.0), (48, 3.0)), ('K.395 Musicalion', 'P1', 1, (128, 132), (49, 2.0), (50, 3.0))]) 

24 .    ((((3, 2), (3, 2), (3, 2), (3, -3)), ((0.0, 2.0), (0.0, 1.0), (0.0, 1.0), (0.0, 1.0)), (3.0, 2.0, 3.0, 1.0)), [('K.395 Musicalion', 'P1', 1, (134, 138), (51, 3.0), (53, 1.0)), ('K.395 Musicalion', 'P1', 1, (139, 143), (53, 3.0), (55, 1.0))]) 

25 .    (((-2, -2, -2), (1.0, 1.0, 1.0), (2.0, 3.0, 1.0)), [('K.395 Musicalion', 'P1', 1, (251, 254), (93, 2.0), (94, 1.0)), ('K.395 Musicalion', 'P1', 4, (22, 25), (136, 2.0), (137, 1.0))]) 

26 .    (((2, -8, -5), (1.0, 1.0, 1.0), (1.0, 2.0, 3.0)), [('K.395 Musicalion', 'P1', 3, (175, 178), (63, 1.0), (63, 3.0)), ('K.395 Musicalion', 'P1', 3, (373, 376), (138, 1.0), (138, 3.0))]) 

27 .    ((((6, 1), (6, 1), (6, -2)), ((0.0, 1.0), (0.0, 1.0), (0.0, 1.0)), (1.0, 2.0, 3.0)), [('K.395 Musicalion', 'P1', 3, (270, 273), (97, 1.0), (97, 3.0)), ('K.395 Musicalion', 'P1', 3, (276, 279), (99, 1.0), (99, 3.0))]) 

28 .    (((2, -6, -2), (2.0, 1.0, 1.0), (3.0, 2.0, 3.0)), [('K.395 Musicalion', 'P1', 1, (258, 261), (95, 3.0), (96, 3.0)), ('K.395 Musicalion', 'P1', 1, (270, 273), (100, 3.0), (101, 3.0))]) 

29 .    ((((3, -2), (3, -2), (3, 6)), ((0.0, 2.0), (0.0, 1.0), (0.0, 1.0)), (3.0, 2.0, 3.0)), [('K.395 Musicalion', 'P1', 1, (341, 344), (118, 3.0), (119, 3.0)), ('K.395 Musicalion', 'P1', 1, (346, 349), (120, 3.0), (121, 3.0))]) 

30 .    (((-2, 3), (0.5, 0.5), (1.5, 2.0)), [('K.395 Musicalion', 'P1', 1, (159, 161), (60, 1.5), (60, 2.0)), ('K.395 Musicalion', 'P1', 1, (305, 307), (108, 1.5), (108, 2.0)), ('K.395 Musicalion', 'P1', 1, (387, 389), (135, 1.5), (135, 2.0))]) 

31 .    (((-2, -2), (0.5, 0.5), (2.0, 2.5)), [('K.395 Musicalion', 'P1', 1, (27, 29), (12, 2.0), (12, 2.5)), ('K.395 Musicalion', 'P1', 1, (329, 331), (116, 2.0), (116, 2.5))]) 

32 .    (((-2, -2), (1.0, 1.0), (1.0, 2.0)), [('K.395 Musicalion', 'P1', 4, (12, 14), (62, 1.0), (62, 2.0)), ('K.395 Musicalion', 'P1', 4, (15, 17), (128, 1.0), (128, 2.0)), ('K.395 Musicalion', 'P1', 4, (18, 20), (135, 1.0), (135, 2.0))]) 

33 .    ((((3, 3, 1), (3, 3, 1)), ((0.0, 0.0, 1.0), (0.0, 0.0, 1.0)), (1.0, 2.0)), [('K.395 Musicalion', 'P1', 3, (57, 59), (14, 1.0), (14, 2.0)), ('K.395 Musicalion', 'P1', 3, (83, 85), (24, 1.0), (24, 2.0)), ('K.395 Musicalion', 'P1', 3, (86, 88), (25, 1.0), (25, 2.0))]) 

34 .    (((2, 2), (0.5, 0.5), (3.5, 1.0)), [('K.395 Musicalion', 'P1', 1, (18, 20), (10, 3.5), (11, 1.0)), ('K.395 Musicalion', 'P1', 1, (24, 26), (11, 3.5), (12, 1.0))]) 

35 .    ((((5, 2, 1), (5, 2, 1)), ((0.0, 0.0, 1.0), (0.0, 0.0, 1.0)), (1.0, 2.0)), [('K.395 Musicalion', 'P1', 3, (234, 236), (85, 1.0), (85, 2.0)), ('K.395 Musicalion', 'P1', 3, (261, 263), (94, 1.0), (94, 2.0))]) 

36 .    ((((3, 4, -3), (4, 3, -2)), ((0.0, 0.0, 3.0), (0.0, 0.0, 3.0)), (1.0, 1.0)), [('K.395 Musicalion', 'P1', 3, (168, 170), (53, 1.0), (54, 1.0)), ('K.395 Musicalion', 'P1', 3, (346, 348), (122, 1.0), (123, 1.0))]) 

37 .    (((3, 2), (1.0, 2.0), (2.0, 3.0)), [('K.395 Musicalion', 'P1', 1, (262, 264), (97, 2.0), (97, 3.0)), ('K.395 Musicalion', 'P1', 1, (267, 269), (99, 2.0), (99, 3.0))]) 

38 .    ((((5, 1), (5, -5)), ((0.0, 1.0), (0.0, 1.0)), (2.0, 3.0)), [('K.395 Musicalion', 'P1', 3, (96, 98), (28, 2.0), (28, 3.0)), ('K.395 Musicalion', 'P1', 3, (280, 282), (100, 2.0), (100, 3.0))]) 

39 .    (((2,), (1.0,), (1.0,)), [('K.395 Musicalion', 'P1', 1, (256, 257), (95, 1.0), (95, 1.0)), ('K.395 Musicalion', 'P1', 1, (339, 340), (118, 1.0), (118, 1.0)), ('K.395 Musicalion', 'P1', 3, (159, 160), (46, 1.0), (46, 1.0)), ('K.395 Musicalion', 'P1', 4, (0, 1), (58, 1.0), (58, 1.0))]) 

40 .    (((-2,), (0.5,), (3.5,)), [('K.395 Musicalion', 'P1', 1, (30, 31), (12, 3.5), (12, 3.5)), ('K.395 Musicalion', 'P1', 1, (332, 333), (116, 3.5), (116, 3.5))]) 

41 .    (((1,), (3.0,), (1.0,)), [('K.395 Musicalion', 'P1', 1, (0, 1), (1, 1.0), (1, 1.0)), ('K.395 Musicalion', 'P1', 1, (2, 3), (3, 1.0), (3, 1.0)), ('K.395 Musicalion', 'P1', 3, (162, 163), (47, 1.0), (47, 1.0)), ('K.395 Musicalion', 'P1', 3, (173, 174), (58, 1.0), (58, 1.0)), ('K.395 Musicalion', 'P1', 3, (371, 372), (135, 1.0), (135, 1.0))]) 

42 .    (((2,), (1.0,), (2.0,)), [('K.395 Musicalion', 'P1', 1, (239, 240), (87, 2.0), (87, 2.0)), ('K.395 Musicalion', 'P1', 3, (265, 266), (95, 2.0), (95, 2.0))]) 

43 .    (((-2,), (1.0,), (2.0,)), [('K.395 Musicalion', 'P1', 1, (59, 60), (30, 2.0), (30, 2.0)), ('K.395 Musicalion', 'P1', 1, (248, 249), (91, 2.0), (91, 2.0))]) 

44 .    ((((3, 2),), ((0.0, 1.0),), (3.0,)), [('K.395 Musicalion', 'P1', 1, (146, 147), (56, 3.0), (56, 3.0)), ('K.395 Musicalion', 'P1', 1, (390, 391), (135, 3.0), (135, 3.0))]) 

45 .    (((3,), (1.0,), (2.0,)), [('K.395 Musicalion', 'P1', 1, (217, 218), (77, 2.0), (77, 2.0)), ('K.395 Musicalion', 'P1', 1, (219, 220), (78, 2.0), (78, 2.0))]) 

46 .    ((((3, 2),), ((0.0, 1.0),), (2.0,)), [('K.395 Musicalion', 'P1', 1, (148, 149), (57, 2.0), (57, 2.0)), ('K.395 Musicalion', 'P1', 1, (365, 366), (128, 2.0), (128, 2.0))]) 

