1.    nomes:
K.76 Musicalion

2.    quantidade:
1

3.    analise:
[('intDia', 'p1p2'), ('duracao', 'p1p2')] SemContInte Distancia: 0

1.    ((-3, 2, 6, -3, -3, -3, 6, -5, 6, -3, -3, -3, 6, 2, 2, -5, 3), (0.5, 0.5, 0.5, 0.5, 0.5, 0.5, 0.5, 0.5, 0.5, 0.5, 0.5, 0.5, 0.5, 0.5, 1.5, 0.5, 0.5)):
('K.76 Musicalion', 'P1', 1, (71, 88), (15,), (3.0,), (18,), (3.0,))
('K.76 Musicalion', 'P1', 1, (259, 276), (54,), (3.0,), (57,), (3.0,))

2.    ((-2, -2, -2, 7, -2, 2, -6, -2, 6, 2, -2, 2, -6, -2, 6), (1.5, 0.5, 0.5, 0.5, 0.5, 0.5, 0.5, 0.5, 0.5, 0.5, 0.5, 0.5, 0.5, 0.5, 0.5)):
('K.76 Musicalion', 'P1', 3, (141, 156), (39,), (1.0,), (41,), (3.0,))
('K.76 Musicalion', 'P1', 3, (163, 178), (44,), (1.0,), (46,), (3.0,))

3.    ((-2, -2, -2, 3, -2, 3, -2, -2, -2, 3, -2, -2, 2, -5), (0.5, 0.5, 0.5, 0.5, 0.5, 0.5, 0.5, 0.5, 0.5, 0.5, 0.5, 0.5, 0.5, 1.0)):
('K.76 Musicalion', 'P1', 1, (175, 189), (37,), (1.5,), (39,), (2.0,))
('K.76 Musicalion', 'P1', 1, (201, 215), (42,), (1.5,), (44,), (2.0,))

4.    ((5, -2, -2, -2, -2, -2, -2, -2, -2, -2, -2, -2, 1), (0.25, 0.25, 0.25, 0.25, 0.25, 0.25, 0.25, 0.25, 0.25, 0.25, 0.25, 0.25, 6.0)):
('K.76 Musicalion', 'P1', 3, (90, 103), (25,), (1.0,), (26,), (1.0,))
('K.76 Musicalion', 'P1', 3, (239, 252), (64,), (1.0,), (65,), (1.0,))

5.    ((-3, 2, -3, 2, -3, 2, -3, 2, 3, 3, -6, -2), (0.5, 0.5, 0.5, 0.5, 0.5, 0.5, 0.5, 0.5, 0.5, 0.5, 0.5, 0.5)):
('K.76 Musicalion', 'P1', 1, (33, 45), (9,), (1.0,), (10,), (3.5,))
('K.76 Musicalion', 'P1', 1, (232, 244), (49,), (1.0,), (50,), (3.5,))

6.    ((-2, -2, -2, -2, -2, -2, -2, -2, -2, -2, -2), (0.25, 0.25, 0.25, 0.25, 0.25, 0.25, 0.25, 0.25, 0.25, 0.25, 0.25)):
('K.76 Musicalion', 'P1', 1, (124, 135), (26,), (3.0,), (27,), (2.5,))
('K.76 Musicalion', 'P1', 1, (311, 322), (65,), (1.25,), (65,), (3.75,))
('K.76 Musicalion', 'P1', 1, (322, 333), (66,), (1.0,), (66,), (3.5,))
('K.76 Musicalion', 'P1', 3, (91, 102), (25,), (1.25,), (25,), (3.75,))
('K.76 Musicalion', 'P1', 3, (240, 251), (64,), (1.25,), (64,), (3.75,))

7.    ((3, 3, 4, -2, 2, -6, -2, 3, -2), (1.0, 1.0, 1.0, 0.5, 0.5, 0.5, 0.5, 0.5, 0.5)):
('K.76 Musicalion', 'P1', 1, (0, 9), (1,), (1.0,), (2,), (3.5,))
('K.76 Musicalion', 'P1', 1, (140, 149), (29,), (1.0,), (30,), (3.5,))

8.    ((3, -5, 4, -3, 2, 3, -5, 4, -3), (0.5, 1.0, 0.5, 0.5, 0.5, 0.5, 1.0, 0.5, 0.5)):
('K.76 Musicalion', 'P1', 1, (165, 174), (35,), (1.0,), (36,), (3.0,))
('K.76 Musicalion', 'P1', 1, (216, 225), (45,), (1.0,), (46,), (3.0,))

9.    ((3, 3, 4, -2, 2, -6, -2, 3, -4), (1.0, 1.0, 1.0, 0.5, 0.5, 0.5, 0.5, 0.5, 0.5)):
('K.76 Musicalion', 'P1', 3, (1, 10), (2,), (1.0,), (3,), (3.5,))
('K.76 Musicalion', 'P1', 3, (104, 113), (30,), (1.0,), (31,), (3.5,))

10.    ((3, 3, 4, -2, 2, -6, -2, 3), (1.0, 1.0, 1.0, 0.5, 0.5, 0.5, 0.5, 0.5)):
('K.76 Musicalion', 'P1', 1, (0, 8), (1,), (1.0,), (2,), (3.0,))
('K.76 Musicalion', 'P1', 1, (140, 148), (29,), (1.0,), (30,), (3.0,))
('K.76 Musicalion', 'P1', 3, (1, 9), (2,), (1.0,), (3,), (3.0,))
('K.76 Musicalion', 'P1', 3, (104, 112), (30,), (1.0,), (31,), (3.0,))

11.    ((-2, 2, -6, -2, 6, 2, -2, 2), (0.5, 0.5, 0.5, 0.5, 0.5, 0.5, 2.0, 1.0)):
('K.76 Musicalion', 'P1', 3, (80, 88), (22,), (1.0,), (23,), (3.0,))
('K.76 Musicalion', 'P1', 3, (228, 236), (61,), (1.0,), (62,), (3.0,))

12.    ((2, -2, -2, 2, 2, -2, -2), (1.0, 0.5, 0.5, 1.0, 1.0, 0.5, 0.5)):
('K.76 Musicalion', 'P1', 2, (6, 13), (20,), (1.0,), (21,), (2.5,))
('K.76 Musicalion', 'P1', 2, (28, 35), (42,), (1.0,), (43,), (2.5,))

13.    (((8, 2), (8, 9), -3, -3, -3, -3), ((0.0, 1.0), (0.0, 1.0), 0.5, 0.5, 0.5, 0.5)):
('K.76 Musicalion', 'P1', 3, (62, 68), (17,), (2.0,), (18,), (2.5,))
('K.76 Musicalion', 'P1', 3, (213, 219), (56,), (2.0,), (57,), (2.5,))

14.    ((3, -2, 3, -2, -2), (0.5, 0.5, 0.5, 0.5, 0.5)):
('K.76 Musicalion', 'P1', 1, (97, 102), (20,), (3.0,), (21,), (2.0,))
('K.76 Musicalion', 'P1', 1, (178, 183), (37,), (3.0,), (38,), (2.0,))
('K.76 Musicalion', 'P1', 1, (204, 209), (42,), (3.0,), (43,), (2.0,))
('K.76 Musicalion', 'P1', 1, (281, 286), (58,), (3.0,), (59,), (2.0,))
('K.76 Musicalion', 'P1', 1, (287, 292), (59,), (3.0,), (60,), (2.0,))
('K.76 Musicalion', 'P1', 3, (14, 19), (5,), (2.0,), (6,), (1.0,))

15.    ((3, -5, 4, -3, -2), (0.5, 1.0, 0.5, 0.5, 0.5)):
('K.76 Musicalion', 'P1', 1, (51, 56), (12,), (1.0,), (12,), (3.5,))
('K.76 Musicalion', 'P1', 1, (251, 256), (53,), (1.0,), (53,), (3.5,))

16.    ((3, 2, 3, -6, -2), (0.5, 0.5, 0.5, 0.5, 0.5)):
('K.76 Musicalion', 'P1', 1, (152, 157), (32,), (1.5,), (32,), (3.5,))
('K.76 Musicalion', 'P1', 1, (246, 251), (52,), (1.5,), (52,), (3.5,))

17.    ((2, 2, -3, 2, 2), (1.0, 1.0, 1.0, 1.0, 1.0)):
('K.76 Musicalion', 'P1', 4, (9, 14), (20,), (1.0,), (21,), (2.0,))
('K.76 Musicalion', 'P1', 4, (15, 20), (23,), (1.0,), (24,), (2.0,))

18.    ((-2, -2, -2, 3), (0.5, 0.5, 0.5, 0.5)):
('K.76 Musicalion', 'P1', 1, (94, 98), (20,), (1.5,), (20,), (3.0,))
('K.76 Musicalion', 'P1', 1, (100, 104), (21,), (1.5,), (21,), (3.0,))
('K.76 Musicalion', 'P1', 1, (175, 179), (37,), (1.5,), (37,), (3.0,))
('K.76 Musicalion', 'P1', 1, (181, 185), (38,), (1.5,), (38,), (3.0,))
('K.76 Musicalion', 'P1', 1, (201, 205), (42,), (1.5,), (42,), (3.0,))
('K.76 Musicalion', 'P1', 1, (207, 211), (43,), (1.5,), (43,), (3.0,))
('K.76 Musicalion', 'P1', 1, (278, 282), (58,), (1.5,), (58,), (3.0,))
('K.76 Musicalion', 'P1', 1, (284, 288), (59,), (1.5,), (59,), (3.0,))
('K.76 Musicalion', 'P1', 1, (290, 294), (60,), (1.5,), (60,), (3.0,))
('K.76 Musicalion', 'P1', 2, (1, 5), (4,), (1.5,), (4,), (3.0,))

19.    ((4, -3, 4, -5), (0.5, 0.5, 0.5, 0.5)):
('K.76 Musicalion', 'P1', 1, (28, 32), (8,), (1.5,), (8,), (3.0,))
('K.76 Musicalion', 'P1', 1, (106, 110), (22,), (2.5,), (23,), (1.0,))

20.    ((2, -5, 3, 2), (1.0, 0.5, 0.5, 0.5)):
('K.76 Musicalion', 'P1', 1, (110, 114), (23,), (1.5,), (23,), (3.5,))
('K.76 Musicalion', 'P1', 1, (300, 304), (62,), (1.5,), (62,), (3.5,))

21.    ((-3, -3, -3), (0.5, 0.5, 0.5)):
('K.76 Musicalion', 'P1', 1, (74, 77), (16,), (1.5,), (16,), (2.5,))
('K.76 Musicalion', 'P1', 1, (80, 83), (17,), (1.5,), (17,), (2.5,))
('K.76 Musicalion', 'P1', 1, (262, 265), (55,), (1.5,), (55,), (2.5,))
('K.76 Musicalion', 'P1', 1, (268, 271), (56,), (1.5,), (56,), (2.5,))
('K.76 Musicalion', 'P1', 1, (305, 308), (63,), (1.5,), (63,), (2.5,))
('K.76 Musicalion', 'P1', 3, (64, 67), (18,), (1.0,), (18,), (2.0,))
('K.76 Musicalion', 'P1', 3, (70, 73), (19,), (1.0,), (19,), (2.0,))
('K.76 Musicalion', 'P1', 3, (215, 218), (57,), (1.0,), (57,), (2.0,))

22.    ((-2, -2, 2), (0.5, 0.5, 0.5)):
('K.76 Musicalion', 'P1', 1, (185, 188), (38,), (3.5,), (39,), (1.5,))
('K.76 Musicalion', 'P1', 1, (211, 214), (43,), (3.5,), (44,), (1.5,))
('K.76 Musicalion', 'P1', 2, (40, 43), (47,), (2.5,), (47,), (3.5,))
('K.76 Musicalion', 'P1', 3, (17, 20), (5,), (3.5,), (6,), (1.5,))

23.    ((-2, 2, 2), (0.5, 1.0, 1.0)):
('K.76 Musicalion', 'P1', 2, (8, 11), (20,), (2.5,), (21,), (1.0,))
('K.76 Musicalion', 'P1', 2, (20, 23), (37,), (2.5,), (38,), (1.0,))
('K.76 Musicalion', 'P1', 2, (30, 33), (42,), (2.5,), (43,), (1.0,))
('K.76 Musicalion', 'P1', 3, (220, 223), (57,), (3.5,), (58,), (2.0,))

24.    ((2, -2, 2), (1.0, 0.5, 0.5)):
('K.76 Musicalion', 'P1', 2, (35, 38), (43,), (3.0,), (44,), (1.5,))
('K.76 Musicalion', 'P1', 3, (79, 82), (21,), (3.0,), (22,), (1.5,))
('K.76 Musicalion', 'P1', 3, (196, 199), (52,), (3.0,), (53,), (1.5,))

25.    ((-2, -2, -2), (1.5, 0.5, 0.5)):
('K.76 Musicalion', 'P1', 2, (39, 42), (47,), (1.0,), (47,), (3.0,))
('K.76 Musicalion', 'P1', 3, (141, 144), (39,), (1.0,), (39,), (3.0,))
('K.76 Musicalion', 'P1', 3, (163, 166), (44,), (1.0,), (44,), (3.0,))

26.    ((2, 2, -3), (1.0, 1.0, 1.0)):
('K.76 Musicalion', 'P1', 3, (221, 224), (58,), (1.0,), (58,), (3.0,))
('K.76 Musicalion', 'P1', 4, (9, 12), (20,), (1.0,), (20,), (3.0,))
('K.76 Musicalion', 'P1', 4, (15, 18), (23,), (1.0,), (23,), (3.0,))

27.    ((2, 2, 2), (0.5, 1.0, 1.0)):
('K.76 Musicalion', 'P1', 2, (42, 45), (47,), (3.5,), (48,), (2.0,))
('K.76 Musicalion', 'P1', 3, (182, 185), (48,), (2.5,), (49,), (1.0,))

28.    ((2, 2, -5), (1.0, 1.0, 2.0)):
('K.76 Musicalion', 'P1', 3, (55, 58), (14,), (3.0,), (15,), (2.0,))
('K.76 Musicalion', 'P1', 3, (183, 186), (48,), (3.0,), (49,), (2.0,))

29.    ((-2, 2, -2), (2.0, 1.0, 2.0)):
('K.76 Musicalion', 'P1', 3, (76, 79), (20,), (1.0,), (21,), (1.0,))
('K.76 Musicalion', 'P1', 3, (224, 227), (59,), (1.0,), (60,), (1.0,))

30.    ((-5, 2, 4), (1.0, 1.0, 1.0)):
('K.76 Musicalion', 'P1', 3, (136, 139), (37,), (1.0,), (37,), (3.0,))
('K.76 Musicalion', 'P1', 4, (31, 34), (59,), (1.0,), (59,), (3.0,))

31.    ((-2, 3), (0.5, 0.5)):
('K.76 Musicalion', 'P1', 1, (6, 8), (2,), (2.5,), (2,), (3.0,))
('K.76 Musicalion', 'P1', 1, (44, 46), (10,), (3.5,), (11,), (1.0,))
('K.76 Musicalion', 'P1', 1, (96, 98), (20,), (2.5,), (20,), (3.0,))
('K.76 Musicalion', 'P1', 1, (98, 100), (20,), (3.5,), (21,), (1.0,))
('K.76 Musicalion', 'P1', 1, (102, 104), (21,), (2.5,), (21,), (3.0,))
('K.76 Musicalion', 'P1', 1, (146, 148), (30,), (2.5,), (30,), (3.0,))
('K.76 Musicalion', 'P1', 1, (177, 179), (37,), (2.5,), (37,), (3.0,))
('K.76 Musicalion', 'P1', 1, (179, 181), (37,), (3.5,), (38,), (1.0,))
('K.76 Musicalion', 'P1', 1, (183, 185), (38,), (2.5,), (38,), (3.0,))
('K.76 Musicalion', 'P1', 1, (203, 205), (42,), (2.5,), (42,), (3.0,))
('K.76 Musicalion', 'P1', 1, (205, 207), (42,), (3.5,), (43,), (1.0,))
('K.76 Musicalion', 'P1', 1, (209, 211), (43,), (2.5,), (43,), (3.0,))
('K.76 Musicalion', 'P1', 1, (250, 252), (52,), (3.5,), (53,), (1.0,))
('K.76 Musicalion', 'P1', 1, (280, 282), (58,), (2.5,), (58,), (3.0,))
('K.76 Musicalion', 'P1', 1, (282, 284), (58,), (3.5,), (59,), (1.0,))
('K.76 Musicalion', 'P1', 1, (286, 288), (59,), (2.5,), (59,), (3.0,))
('K.76 Musicalion', 'P1', 1, (288, 290), (59,), (3.5,), (60,), (1.0,))
('K.76 Musicalion', 'P1', 1, (292, 294), (60,), (2.5,), (60,), (3.0,))
('K.76 Musicalion', 'P1', 2, (3, 5), (4,), (2.5,), (4,), (3.0,))
('K.76 Musicalion', 'P1', 3, (7, 9), (3,), (2.5,), (3,), (3.0,))
('K.76 Musicalion', 'P1', 3, (15, 17), (5,), (2.5,), (5,), (3.0,))
('K.76 Musicalion', 'P1', 3, (110, 112), (31,), (2.5,), (31,), (3.0,))

32.    ((-2, 2), (0.5, 0.5)):
('K.76 Musicalion', 'P1', 1, (3, 5), (2,), (1.0,), (2,), (1.5,))
('K.76 Musicalion', 'P1', 1, (143, 145), (30,), (1.0,), (30,), (1.5,))
('K.76 Musicalion', 'P1', 2, (36, 38), (44,), (1.0,), (44,), (1.5,))
('K.76 Musicalion', 'P1', 3, (4, 6), (3,), (1.0,), (3,), (1.5,))
('K.76 Musicalion', 'P1', 3, (12, 14), (5,), (1.0,), (5,), (1.5,))
('K.76 Musicalion', 'P1', 3, (24, 26), (7,), (1.0,), (7,), (1.5,))
('K.76 Musicalion', 'P1', 3, (41, 43), (12,), (1.0,), (12,), (1.5,))
('K.76 Musicalion', 'P1', 3, (47, 49), (13,), (1.0,), (13,), (1.5,))
('K.76 Musicalion', 'P1', 3, (80, 82), (22,), (1.0,), (22,), (1.5,))
('K.76 Musicalion', 'P1', 3, (107, 109), (31,), (1.0,), (31,), (1.5,))
('K.76 Musicalion', 'P1', 3, (124, 126), (35,), (1.0,), (35,), (1.5,))
('K.76 Musicalion', 'P1', 3, (130, 132), (36,), (1.0,), (36,), (1.5,))
('K.76 Musicalion', 'P1', 3, (145, 147), (40,), (1.0,), (40,), (1.5,))
('K.76 Musicalion', 'P1', 3, (151, 153), (41,), (1.0,), (41,), (1.5,))
('K.76 Musicalion', 'P1', 3, (167, 169), (45,), (1.0,), (45,), (1.5,))
('K.76 Musicalion', 'P1', 3, (173, 175), (46,), (1.0,), (46,), (1.5,))
('K.76 Musicalion', 'P1', 3, (197, 199), (53,), (1.0,), (53,), (1.5,))
('K.76 Musicalion', 'P1', 3, (203, 205), (54,), (1.0,), (54,), (1.5,))
('K.76 Musicalion', 'P1', 3, (228, 230), (61,), (1.0,), (61,), (1.5,))

33.    ((6, 2), (0.5, 0.5)):
('K.76 Musicalion', 'P1', 1, (83, 85), (17,), (3.0,), (17,), (3.5,))
('K.76 Musicalion', 'P1', 1, (271, 273), (56,), (3.0,), (56,), (3.5,))
('K.76 Musicalion', 'P1', 1, (308, 310), (63,), (3.0,), (63,), (3.5,))
('K.76 Musicalion', 'P1', 3, (22, 24), (6,), (3.0,), (6,), (3.5,))
('K.76 Musicalion', 'P1', 3, (28, 30), (7,), (3.0,), (7,), (3.5,))
('K.76 Musicalion', 'P1', 3, (45, 47), (12,), (3.0,), (12,), (3.5,))
('K.76 Musicalion', 'P1', 3, (84, 86), (22,), (3.0,), (22,), (3.5,))
('K.76 Musicalion', 'P1', 3, (128, 130), (35,), (3.0,), (35,), (3.5,))
('K.76 Musicalion', 'P1', 3, (134, 136), (36,), (3.0,), (36,), (3.5,))
('K.76 Musicalion', 'P1', 3, (149, 151), (40,), (3.0,), (40,), (3.5,))
('K.76 Musicalion', 'P1', 3, (155, 157), (41,), (3.0,), (41,), (3.5,))
('K.76 Musicalion', 'P1', 3, (171, 173), (45,), (3.0,), (45,), (3.5,))
('K.76 Musicalion', 'P1', 3, (201, 203), (53,), (3.0,), (53,), (3.5,))
('K.76 Musicalion', 'P1', 3, (207, 209), (54,), (3.0,), (54,), (3.5,))
('K.76 Musicalion', 'P1', 3, (232, 234), (61,), (3.0,), (61,), (3.5,))

34.    ((2, 2), (1.0, 1.0)):
('K.76 Musicalion', 'P1', 1, (11, 13), (3,), (3.0,), (4,), (1.0,))
('K.76 Musicalion', 'P1', 2, (9, 11), (20,), (3.0,), (21,), (1.0,))
('K.76 Musicalion', 'P1', 2, (21, 23), (37,), (3.0,), (38,), (1.0,))
('K.76 Musicalion', 'P1', 2, (31, 33), (42,), (3.0,), (43,), (1.0,))
('K.76 Musicalion', 'P1', 2, (43, 45), (48,), (1.0,), (48,), (2.0,))
('K.76 Musicalion', 'P1', 3, (55, 57), (14,), (3.0,), (15,), (1.0,))
('K.76 Musicalion', 'P1', 3, (183, 185), (48,), (3.0,), (49,), (1.0,))
('K.76 Musicalion', 'P1', 3, (221, 223), (58,), (1.0,), (58,), (2.0,))
('K.76 Musicalion', 'P1', 4, (0, 2), (4,), (1.0,), (4,), (2.0,))
('K.76 Musicalion', 'P1', 4, (9, 11), (20,), (1.0,), (20,), (2.0,))
('K.76 Musicalion', 'P1', 4, (12, 14), (21,), (1.0,), (21,), (2.0,))
('K.76 Musicalion', 'P1', 4, (15, 17), (23,), (1.0,), (23,), (2.0,))
('K.76 Musicalion', 'P1', 4, (18, 20), (24,), (1.0,), (24,), (2.0,))
('K.76 Musicalion', 'P1', 4, (37, 39), (62,), (1.0,), (62,), (2.0,))

35.    ((3, 3), (0.5, 0.5)):
('K.76 Musicalion', 'P1', 1, (151, 153), (32,), (1.0,), (32,), (1.5,))
('K.76 Musicalion', 'P1', 3, (115, 117), (33,), (1.0,), (33,), (1.5,))
('K.76 Musicalion', 'P1', 3, (118, 120), (33,), (2.5,), (33,), (3.0,))
('K.76 Musicalion', 'P1', 3, (189, 191), (51,), (1.5,), (51,), (2.0,))
('K.76 Musicalion', 'P1', 3, (191, 193), (51,), (2.5,), (51,), (3.0,))

36.    ((-5, (8, 2)), (1.0, (0.0, 1.0))):
('K.76 Musicalion', 'P1', 1, (15, 17), (5,), (1.0,), (5,), (2.0,))
('K.76 Musicalion', 'P1', 3, (209, 211), (55,), (1.0,), (55,), (2.0,))
('K.76 Musicalion', 'P1', 3, (212, 214), (56,), (1.0,), (56,), (2.0,))
('K.76 Musicalion', 'P1', 3, (236, 238), (63,), (1.0,), (63,), (2.0,))

37.    ((-2, -2), (1.0, 0.5)):
('K.76 Musicalion', 'P1', 2, (18, 20), (37,), (1.0,), (37,), (2.0,))
('K.76 Musicalion', 'P1', 3, (11, 13), (4,), (3.0,), (5,), (1.0,))
('K.76 Musicalion', 'P1', 3, (227, 229), (60,), (3.0,), (61,), (1.0,))

38.    ((4, 2), (1.0, 1.0)):
('K.76 Musicalion', 'P1', 1, (10, 12), (3,), (2.0,), (3,), (3.0,))
('K.76 Musicalion', 'P1', 4, (23, 25), (38,), (1.0,), (38,), (2.0,))

39.    ((4, -5), (1.0, 1.0)):
('K.76 Musicalion', 'P1', 1, (22, 24), (6,), (3.5,), (7,), (1.5,))
('K.76 Musicalion', 'P1', 4, (33, 35), (59,), (3.0,), (60,), (1.0,))

40.    ((-5, 2), (1.0, 1.0)):
('K.76 Musicalion', 'P1', 3, (157, 159), (42,), (1.0,), (42,), (2.0,))
('K.76 Musicalion', 'P1', 4, (34, 36), (60,), (1.0,), (60,), (2.0,))

41.    ((4, -3), (1.0, 1.0)):
('K.76 Musicalion', 'P1', 4, (6, 8), (15,), (1.0,), (15,), (2.0,))
('K.76 Musicalion', 'P1', 4, (28, 30), (49,), (1.0,), (49,), (2.0,))

42.    ((-3,), (0.5,)):
('K.76 Musicalion', 'P1', 1, (21, 22), (6,), (3.0,), (6,), (3.0,))
('K.76 Musicalion', 'P1', 1, (25, 26), (7,), (3.0,), (7,), (3.0,))
('K.76 Musicalion', 'P1', 1, (29, 30), (8,), (2.0,), (8,), (2.0,))
('K.76 Musicalion', 'P1', 1, (33, 34), (9,), (1.0,), (9,), (1.0,))
('K.76 Musicalion', 'P1', 1, (35, 36), (9,), (2.0,), (9,), (2.0,))
('K.76 Musicalion', 'P1', 1, (37, 38), (9,), (3.0,), (9,), (3.0,))
('K.76 Musicalion', 'P1', 1, (39, 40), (10,), (1.0,), (10,), (1.0,))
('K.76 Musicalion', 'P1', 1, (54, 55), (12,), (3.0,), (12,), (3.0,))
('K.76 Musicalion', 'P1', 1, (61, 62), (14,), (1.0,), (14,), (1.0,))
('K.76 Musicalion', 'P1', 1, (63, 64), (14,), (2.0,), (14,), (2.0,))
('K.76 Musicalion', 'P1', 1, (67, 68), (15,), (1.0,), (15,), (1.0,))
('K.76 Musicalion', 'P1', 1, (69, 70), (15,), (2.0,), (15,), (2.0,))
('K.76 Musicalion', 'P1', 1, (71, 72), (15,), (3.0,), (15,), (3.0,))
('K.76 Musicalion', 'P1', 1, (74, 75), (16,), (1.5,), (16,), (1.5,))
('K.76 Musicalion', 'P1', 1, (75, 76), (16,), (2.0,), (16,), (2.0,))
('K.76 Musicalion', 'P1', 1, (76, 77), (16,), (2.5,), (16,), (2.5,))
('K.76 Musicalion', 'P1', 1, (80, 81), (17,), (1.5,), (17,), (1.5,))
('K.76 Musicalion', 'P1', 1, (81, 82), (17,), (2.0,), (17,), (2.0,))
('K.76 Musicalion', 'P1', 1, (82, 83), (17,), (2.5,), (17,), (2.5,))
('K.76 Musicalion', 'P1', 1, (107, 108), (22,), (3.0,), (22,), (3.0,))
('K.76 Musicalion', 'P1', 1, (163, 164), (34,), (3.0,), (34,), (3.0,))
('K.76 Musicalion', 'P1', 1, (168, 169), (35,), (3.0,), (35,), (3.0,))
('K.76 Musicalion', 'P1', 1, (173, 174), (36,), (3.0,), (36,), (3.0,))
('K.76 Musicalion', 'P1', 1, (193, 194), (40,), (3.0,), (40,), (3.0,))
('K.76 Musicalion', 'P1', 1, (198, 199), (41,), (3.0,), (41,), (3.0,))
('K.76 Musicalion', 'P1', 1, (219, 220), (45,), (3.0,), (45,), (3.0,))
('K.76 Musicalion', 'P1', 1, (224, 225), (46,), (3.0,), (46,), (3.0,))
('K.76 Musicalion', 'P1', 1, (232, 233), (49,), (1.0,), (49,), (1.0,))
('K.76 Musicalion', 'P1', 1, (234, 235), (49,), (2.0,), (49,), (2.0,))
('K.76 Musicalion', 'P1', 1, (236, 237), (49,), (3.0,), (49,), (3.0,))
('K.76 Musicalion', 'P1', 1, (238, 239), (50,), (1.0,), (50,), (1.0,))
('K.76 Musicalion', 'P1', 1, (254, 255), (53,), (3.0,), (53,), (3.0,))
('K.76 Musicalion', 'P1', 1, (259, 260), (54,), (3.0,), (54,), (3.0,))
('K.76 Musicalion', 'P1', 1, (262, 263), (55,), (1.5,), (55,), (1.5,))
('K.76 Musicalion', 'P1', 1, (263, 264), (55,), (2.0,), (55,), (2.0,))
('K.76 Musicalion', 'P1', 1, (264, 265), (55,), (2.5,), (55,), (2.5,))
('K.76 Musicalion', 'P1', 1, (268, 269), (56,), (1.5,), (56,), (1.5,))
('K.76 Musicalion', 'P1', 1, (269, 270), (56,), (2.0,), (56,), (2.0,))
('K.76 Musicalion', 'P1', 1, (270, 271), (56,), (2.5,), (56,), (2.5,))
('K.76 Musicalion', 'P1', 1, (297, 298), (61,), (3.0,), (61,), (3.0,))
('K.76 Musicalion', 'P1', 1, (299, 300), (62,), (1.0,), (62,), (1.0,))
('K.76 Musicalion', 'P1', 1, (305, 306), (63,), (1.5,), (63,), (1.5,))
('K.76 Musicalion', 'P1', 1, (306, 307), (63,), (2.0,), (63,), (2.0,))
('K.76 Musicalion', 'P1', 1, (307, 308), (63,), (2.5,), (63,), (2.5,))
('K.76 Musicalion', 'P1', 2, (0, 1), (4,), (1.0,), (4,), (1.0,))
('K.76 Musicalion', 'P1', 3, (64, 65), (18,), (1.0,), (18,), (1.0,))
('K.76 Musicalion', 'P1', 3, (65, 66), (18,), (1.5,), (18,), (1.5,))
('K.76 Musicalion', 'P1', 3, (66, 67), (18,), (2.0,), (18,), (2.0,))
('K.76 Musicalion', 'P1', 3, (67, 68), (18,), (2.5,), (18,), (2.5,))
('K.76 Musicalion', 'P1', 3, (70, 71), (19,), (1.0,), (19,), (1.0,))
('K.76 Musicalion', 'P1', 3, (71, 72), (19,), (1.5,), (19,), (1.5,))
('K.76 Musicalion', 'P1', 3, (72, 73), (19,), (2.0,), (19,), (2.0,))
('K.76 Musicalion', 'P1', 3, (73, 74), (19,), (2.5,), (19,), (2.5,))
('K.76 Musicalion', 'P1', 3, (215, 216), (57,), (1.0,), (57,), (1.0,))
('K.76 Musicalion', 'P1', 3, (216, 217), (57,), (1.5,), (57,), (1.5,))
('K.76 Musicalion', 'P1', 3, (217, 218), (57,), (2.0,), (57,), (2.0,))
('K.76 Musicalion', 'P1', 3, (218, 219), (57,), (2.5,), (57,), (2.5,))

43.    ((-2,), (0.5,)):
('K.76 Musicalion', 'P1', 1, (8, 9), (2,), (3.5,), (2,), (3.5,))
('K.76 Musicalion', 'P1', 1, (48, 49), (11,), (2.5,), (11,), (2.5,))
('K.76 Musicalion', 'P1', 1, (55, 56), (12,), (3.5,), (12,), (3.5,))
('K.76 Musicalion', 'P1', 1, (148, 149), (30,), (3.5,), (30,), (3.5,))
('K.76 Musicalion', 'P1', 1, (156, 157), (32,), (3.5,), (32,), (3.5,))
('K.76 Musicalion', 'P1', 1, (160, 161), (34,), (1.5,), (34,), (1.5,))
('K.76 Musicalion', 'P1', 1, (162, 163), (34,), (2.5,), (34,), (2.5,))
('K.76 Musicalion', 'P1', 1, (243, 244), (50,), (3.5,), (50,), (3.5,))
('K.76 Musicalion', 'P1', 1, (255, 256), (53,), (3.5,), (53,), (3.5,))
('K.76 Musicalion', 'P1', 1, (294, 295), (60,), (3.5,), (60,), (3.5,))
('K.76 Musicalion', 'P1', 2, (16, 17), (24,), (2.5,), (24,), (2.5,))
('K.76 Musicalion', 'P1', 3, (21, 22), (6,), (2.5,), (6,), (2.5,))
('K.76 Musicalion', 'P1', 3, (27, 28), (7,), (2.5,), (7,), (2.5,))
('K.76 Musicalion', 'P1', 3, (44, 45), (12,), (2.5,), (12,), (2.5,))
('K.76 Musicalion', 'P1', 3, (50, 51), (13,), (2.5,), (13,), (2.5,))
('K.76 Musicalion', 'P1', 3, (83, 84), (22,), (2.5,), (22,), (2.5,))
('K.76 Musicalion', 'P1', 3, (127, 128), (35,), (2.5,), (35,), (2.5,))
('K.76 Musicalion', 'P1', 3, (133, 134), (36,), (2.5,), (36,), (2.5,))
('K.76 Musicalion', 'P1', 3, (143, 144), (39,), (3.0,), (39,), (3.0,))
('K.76 Musicalion', 'P1', 3, (148, 149), (40,), (2.5,), (40,), (2.5,))
('K.76 Musicalion', 'P1', 3, (154, 155), (41,), (2.5,), (41,), (2.5,))
('K.76 Musicalion', 'P1', 3, (165, 166), (44,), (3.0,), (44,), (3.0,))
('K.76 Musicalion', 'P1', 3, (170, 171), (45,), (2.5,), (45,), (2.5,))
('K.76 Musicalion', 'P1', 3, (176, 177), (46,), (2.5,), (46,), (2.5,))
('K.76 Musicalion', 'P1', 3, (200, 201), (53,), (2.5,), (53,), (2.5,))
('K.76 Musicalion', 'P1', 3, (206, 207), (54,), (2.5,), (54,), (2.5,))
('K.76 Musicalion', 'P1', 3, (220, 221), (57,), (3.5,), (57,), (3.5,))
('K.76 Musicalion', 'P1', 3, (231, 232), (61,), (2.5,), (61,), (2.5,))

44.    ((-5,), (1.0,)):
('K.76 Musicalion', 'P1', 1, (14, 15), (4,), (3.0,), (4,), (3.0,))
('K.76 Musicalion', 'P1', 1, (15, 16), (5,), (1.0,), (5,), (1.0,))
('K.76 Musicalion', 'P1', 1, (19, 20), (6,), (1.5,), (6,), (1.5,))
('K.76 Musicalion', 'P1', 1, (23, 24), (7,), (1.5,), (7,), (1.5,))
('K.76 Musicalion', 'P1', 1, (52, 53), (12,), (1.5,), (12,), (1.5,))
('K.76 Musicalion', 'P1', 1, (57, 58), (13,), (2.0,), (13,), (2.0,))
('K.76 Musicalion', 'P1', 1, (166, 167), (35,), (1.5,), (35,), (1.5,))
('K.76 Musicalion', 'P1', 1, (171, 172), (36,), (1.5,), (36,), (1.5,))
('K.76 Musicalion', 'P1', 1, (188, 189), (39,), (2.0,), (39,), (2.0,))
('K.76 Musicalion', 'P1', 1, (191, 192), (40,), (1.5,), (40,), (1.5,))
('K.76 Musicalion', 'P1', 1, (196, 197), (41,), (1.5,), (41,), (1.5,))
('K.76 Musicalion', 'P1', 1, (214, 215), (44,), (2.0,), (44,), (2.0,))
('K.76 Musicalion', 'P1', 1, (217, 218), (45,), (1.5,), (45,), (1.5,))
('K.76 Musicalion', 'P1', 1, (222, 223), (46,), (1.5,), (46,), (1.5,))
('K.76 Musicalion', 'P1', 1, (252, 253), (53,), (1.5,), (53,), (1.5,))
('K.76 Musicalion', 'P1', 1, (257, 258), (54,), (1.5,), (54,), (1.5,))
('K.76 Musicalion', 'P1', 3, (39, 40), (11,), (2.0,), (11,), (2.0,))
('K.76 Musicalion', 'P1', 3, (136, 137), (37,), (1.0,), (37,), (1.0,))
('K.76 Musicalion', 'P1', 3, (157, 158), (42,), (1.0,), (42,), (1.0,))
('K.76 Musicalion', 'P1', 3, (159, 160), (42,), (3.0,), (42,), (3.0,))
('K.76 Musicalion', 'P1', 3, (209, 210), (55,), (1.0,), (55,), (1.0,))
('K.76 Musicalion', 'P1', 3, (212, 213), (56,), (1.0,), (56,), (1.0,))
('K.76 Musicalion', 'P1', 3, (236, 237), (63,), (1.0,), (63,), (1.0,))
('K.76 Musicalion', 'P1', 4, (3, 4), (9,), (1.0,), (9,), (1.0,))
('K.76 Musicalion', 'P1', 4, (31, 32), (59,), (1.0,), (59,), (1.0,))
('K.76 Musicalion', 'P1', 4, (34, 35), (60,), (1.0,), (60,), (1.0,))

45.    ((2,), (1.0,)):
('K.76 Musicalion', 'P1', 1, (110, 111), (23,), (1.5,), (23,), (1.5,))
('K.76 Musicalion', 'P1', 1, (150, 151), (31,), (3.0,), (31,), (3.0,))
('K.76 Musicalion', 'P1', 1, (300, 301), (62,), (1.5,), (62,), (1.5,))
('K.76 Musicalion', 'P1', 2, (6, 7), (20,), (1.0,), (20,), (1.0,))
('K.76 Musicalion', 'P1', 2, (25, 26), (38,), (3.0,), (38,), (3.0,))
('K.76 Musicalion', 'P1', 2, (28, 29), (42,), (1.0,), (42,), (1.0,))
('K.76 Musicalion', 'P1', 2, (35, 36), (43,), (3.0,), (43,), (3.0,))
('K.76 Musicalion', 'P1', 3, (77, 78), (20,), (3.0,), (20,), (3.0,))
('K.76 Musicalion', 'P1', 3, (79, 80), (21,), (3.0,), (21,), (3.0,))
('K.76 Musicalion', 'P1', 3, (87, 88), (23,), (3.0,), (23,), (3.0,))
('K.76 Musicalion', 'P1', 3, (137, 138), (37,), (2.0,), (37,), (2.0,))
('K.76 Musicalion', 'P1', 3, (158, 159), (42,), (2.0,), (42,), (2.0,))
('K.76 Musicalion', 'P1', 3, (196, 197), (52,), (3.0,), (52,), (3.0,))
('K.76 Musicalion', 'P1', 3, (225, 226), (59,), (3.0,), (59,), (3.0,))
('K.76 Musicalion', 'P1', 3, (235, 236), (62,), (3.0,), (62,), (3.0,))
('K.76 Musicalion', 'P1', 4, (24, 25), (38,), (2.0,), (38,), (2.0,))
('K.76 Musicalion', 'P1', 4, (32, 33), (59,), (2.0,), (59,), (2.0,))
('K.76 Musicalion', 'P1', 4, (35, 36), (60,), (2.0,), (60,), (2.0,))

46.    ((4,), (0.5,)):
('K.76 Musicalion', 'P1', 1, (20, 21), (6,), (2.5,), (6,), (2.5,))
('K.76 Musicalion', 'P1', 1, (24, 25), (7,), (2.5,), (7,), (2.5,))
('K.76 Musicalion', 'P1', 1, (28, 29), (8,), (1.5,), (8,), (1.5,))
('K.76 Musicalion', 'P1', 1, (30, 31), (8,), (2.5,), (8,), (2.5,))
('K.76 Musicalion', 'P1', 1, (53, 54), (12,), (2.5,), (12,), (2.5,))
('K.76 Musicalion', 'P1', 1, (106, 107), (22,), (2.5,), (22,), (2.5,))
('K.76 Musicalion', 'P1', 1, (108, 109), (22,), (3.5,), (22,), (3.5,))
('K.76 Musicalion', 'P1', 1, (167, 168), (35,), (2.5,), (35,), (2.5,))
('K.76 Musicalion', 'P1', 1, (172, 173), (36,), (2.5,), (36,), (2.5,))
('K.76 Musicalion', 'P1', 1, (192, 193), (40,), (2.5,), (40,), (2.5,))
('K.76 Musicalion', 'P1', 1, (197, 198), (41,), (2.5,), (41,), (2.5,))
('K.76 Musicalion', 'P1', 1, (218, 219), (45,), (2.5,), (45,), (2.5,))
('K.76 Musicalion', 'P1', 1, (223, 224), (46,), (2.5,), (46,), (2.5,))
('K.76 Musicalion', 'P1', 1, (229, 230), (48,), (1.5,), (48,), (1.5,))
('K.76 Musicalion', 'P1', 1, (253, 254), (53,), (2.5,), (53,), (2.5,))
('K.76 Musicalion', 'P1', 1, (258, 259), (54,), (2.5,), (54,), (2.5,))
('K.76 Musicalion', 'P1', 1, (296, 297), (61,), (2.5,), (61,), (2.5,))
('K.76 Musicalion', 'P1', 3, (117, 118), (33,), (2.0,), (33,), (2.0,))

47.    ((4,), (1.0,)):
('K.76 Musicalion', 'P1', 1, (2, 3), (1,), (3.0,), (1,), (3.0,))
('K.76 Musicalion', 'P1', 1, (10, 11), (3,), (2.0,), (3,), (2.0,))
('K.76 Musicalion', 'P1', 1, (22, 23), (6,), (3.5,), (6,), (3.5,))
('K.76 Musicalion', 'P1', 1, (142, 143), (29,), (3.0,), (29,), (3.0,))
('K.76 Musicalion', 'P1', 1, (174, 175), (36,), (3.5,), (36,), (3.5,))
('K.76 Musicalion', 'P1', 1, (189, 190), (39,), (3.0,), (39,), (3.0,))
('K.76 Musicalion', 'P1', 3, (3, 4), (2,), (3.0,), (2,), (3.0,))
('K.76 Musicalion', 'P1', 3, (53, 54), (14,), (1.0,), (14,), (1.0,))
('K.76 Musicalion', 'P1', 3, (106, 107), (30,), (3.0,), (30,), (3.0,))
('K.76 Musicalion', 'P1', 3, (138, 139), (37,), (3.0,), (37,), (3.0,))
('K.76 Musicalion', 'P1', 4, (6, 7), (15,), (1.0,), (15,), (1.0,))
('K.76 Musicalion', 'P1', 4, (23, 24), (38,), (1.0,), (38,), (1.0,))
('K.76 Musicalion', 'P1', 4, (28, 29), (49,), (1.0,), (49,), (1.0,))
('K.76 Musicalion', 'P1', 4, (33, 34), (59,), (3.0,), (59,), (3.0,))

48.    ((6,), (0.5,)):
('K.76 Musicalion', 'P1', 1, (32, 33), (8,), (3.5,), (8,), (3.5,))
('K.76 Musicalion', 'P1', 1, (66, 67), (14,), (3.5,), (14,), (3.5,))
('K.76 Musicalion', 'P1', 1, (73, 74), (16,), (1.0,), (16,), (1.0,))
('K.76 Musicalion', 'P1', 1, (77, 78), (16,), (3.0,), (16,), (3.0,))
('K.76 Musicalion', 'P1', 1, (79, 80), (17,), (1.0,), (17,), (1.0,))
('K.76 Musicalion', 'P1', 1, (261, 262), (55,), (1.0,), (55,), (1.0,))
('K.76 Musicalion', 'P1', 1, (265, 266), (55,), (3.0,), (55,), (3.0,))
('K.76 Musicalion', 'P1', 1, (267, 268), (56,), (1.0,), (56,), (1.0,))
('K.76 Musicalion', 'P1', 3, (51, 52), (13,), (3.0,), (13,), (3.0,))
('K.76 Musicalion', 'P1', 3, (177, 178), (46,), (3.0,), (46,), (3.0,))

49.    ((-3,), (1.0,)):
('K.76 Musicalion', 'P1', 1, (9, 10), (3,), (1.0,), (3,), (1.0,))
('K.76 Musicalion', 'P1', 1, (157, 158), (33,), (1.0,), (33,), (1.0,))
('K.76 Musicalion', 'P1', 3, (30, 31), (8,), (1.0,), (8,), (1.0,))
('K.76 Musicalion', 'P1', 3, (194, 195), (52,), (1.0,), (52,), (1.0,))
('K.76 Musicalion', 'P1', 3, (223, 224), (58,), (3.0,), (58,), (3.0,))
('K.76 Musicalion', 'P1', 4, (4, 5), (9,), (2.0,), (9,), (2.0,))
('K.76 Musicalion', 'P1', 4, (7, 8), (15,), (2.0,), (15,), (2.0,))
('K.76 Musicalion', 'P1', 4, (11, 12), (20,), (3.0,), (20,), (3.0,))
('K.76 Musicalion', 'P1', 4, (17, 18), (23,), (3.0,), (23,), (3.0,))
('K.76 Musicalion', 'P1', 4, (29, 30), (49,), (2.0,), (49,), (2.0,))

50.    ((-2,), (1.0,)):
('K.76 Musicalion', 'P1', 1, (13, 14), (4,), (2.0,), (4,), (2.0,))
('K.76 Musicalion', 'P1', 2, (18, 19), (37,), (1.0,), (37,), (1.0,))
('K.76 Musicalion', 'P1', 3, (11, 12), (4,), (3.0,), (4,), (3.0,))
('K.76 Musicalion', 'P1', 3, (54, 55), (14,), (2.0,), (14,), (2.0,))
('K.76 Musicalion', 'P1', 3, (140, 141), (38,), (3.0,), (38,), (3.0,))
('K.76 Musicalion', 'P1', 3, (227, 228), (60,), (3.0,), (60,), (3.0,))

51.    ((-4,), (0.5,)):
('K.76 Musicalion', 'P1', 1, (49, 50), (11,), (3.0,), (11,), (3.0,))
('K.76 Musicalion', 'P1', 1, (277, 278), (58,), (1.0,), (58,), (1.0,))
('K.76 Musicalion', 'P1', 3, (9, 10), (3,), (3.5,), (3,), (3.5,))
('K.76 Musicalion', 'P1', 3, (112, 113), (31,), (3.5,), (31,), (3.5,))
('K.76 Musicalion', 'P1', 3, (180, 181), (47,), (3.5,), (47,), (3.5,))

52.    ((-7,), (0.5,)):
('K.76 Musicalion', 'P1', 1, (115, 116), (24,), (3.5,), (24,), (3.5,))
('K.76 Musicalion', 'P1', 3, (52, 53), (13,), (3.5,), (13,), (3.5,))
('K.76 Musicalion', 'P1', 3, (120, 121), (33,), (3.5,), (33,), (3.5,))
('K.76 Musicalion', 'P1', 3, (193, 194), (51,), (3.5,), (51,), (3.5,))

53.    ((2,), (1.5,)):
('K.76 Musicalion', 'P1', 1, (85, 86), (18,), (1.0,), (18,), (1.0,))
('K.76 Musicalion', 'P1', 1, (273, 274), (57,), (1.0,), (57,), (1.0,))
('K.76 Musicalion', 'P1', 3, (178, 179), (46,), (3.5,), (46,), (3.5,))

54.    ((8,), (1.0,)):
('K.76 Musicalion', 'P1', 1, (158, 159), (33,), (2.0,), (33,), (2.0,))
('K.76 Musicalion', 'P1', 3, (36, 37), (10,), (2.0,), (10,), (2.0,))
('K.76 Musicalion', 'P1', 3, (187, 188), (50,), (2.0,), (50,), (2.0,))

55.    ((3,), (2.0,)):
('K.76 Musicalion', 'P1', 1, (244, 245), (51,), (1.0,), (51,), (1.0,))
('K.76 Musicalion', 'P1', 4, (21, 22), (32,), (1.0,), (32,), (1.0,))
('K.76 Musicalion', 'P1', 4, (26, 27), (47,), (1.0,), (47,), (1.0,))

56.    ((-3,), (1.5,)):
('K.76 Musicalion', 'P1', 1, (89, 90), (19,), (1.0,), (19,), (1.0,))
('K.76 Musicalion', 'P1', 1, (295, 296), (61,), (1.0,), (61,), (1.0,))

57.    ((5,), (0.5,)):
('K.76 Musicalion', 'P1', 1, (88, 89), (18,), (3.5,), (18,), (3.5,))
('K.76 Musicalion', 'P1', 3, (75, 76), (19,), (3.5,), (19,), (3.5,))

58.    ((8,), (0.5,)):
('K.76 Musicalion', 'P1', 1, (304, 305), (63,), (1.0,), (63,), (1.0,))
('K.76 Musicalion', 'P1', 3, (68, 69), (18,), (3.0,), (18,), (3.0,))

59.    (((6, 2),), ((0.0, 1.0),)):
('K.76 Musicalion', 'P1', 3, (31, 32), (8,), (2.0,), (8,), (2.0,))
('K.76 Musicalion', 'P1', 3, (121, 122), (34,), (1.0,), (34,), (1.0,))

60.    ((-7,), (1.0,)):
('K.76 Musicalion', 'P1', 3, (37, 38), (10,), (3.0,), (10,), (3.0,))
('K.76 Musicalion', 'P1', 3, (89, 90), (24,), (3.0,), (24,), (3.0,))

61.    ((7,), (1.0,)):
('K.76 Musicalion', 'P1', 3, (38, 39), (11,), (1.0,), (11,), (1.0,))
('K.76 Musicalion', 'P1', 3, (113, 114), (32,), (1.0,), (32,), (1.0,))

