1.    nomes:
K.2 Musicalion

2.    quantidade:
1

3.    analise:
[('intDia', 'p1p2'), ('duracao', 'p1p2')] SemContInte Distancia: 0

1.    ((-8, 1, 1, 1, -4, 6, -3, 5, -3, 6, -6, 2, 2, -2, -2, 2, 6, -7, 6, -7, 6, -5, 6, -7, 6, 2, -6, 2, 2, -2, -2, 2, 6, -7, 6, -7, 6, -5, 6, -7, 6, 2, 1, -2, -2, 4, -5, 2, -3, 2, -4, 7, -2, -2, 4, -5, 2, -3, 2, -4), (1.0, 1.0, 1.0, 3.0, 0.5, 0.5, 0.5, 0.5, 0.5, 0.5, 3.0, 1.0, 1.0, 1.0, 2.0, 1.0, 0.5, 0.5, 0.5, 0.5, 0.5, 0.5, 0.5, 0.5, 0.5, 0.5, 1.0, 1.0, 1.0, 1.0, 2.0, 1.0, 0.5, 0.5, 0.5, 0.5, 0.5, 0.5, 0.5, 0.5, 0.5, 0.5, 1.0, 1.0, 1.0, 1.0, 0.5, 0.5, 0.5, 0.5, 0.5, 0.5, 1.0, 1.0, 1.0, 0.5, 0.5, 0.5, 0.5, 0.5)):
('K.2 Musicalion', 'P1', 1, (0, 60), (1,), (1.0,), (16,), (3.0,))
('K.2 Musicalion', 'P1', 1, (149, 209), (38,), (1.0,), (53,), (3.0,))

2.    ((5, -6, 2, -4, -3, -3, 3, 3, 4, 5, -6, 2, -4, -3, -3, 3, 3, 4, 5, -6, 2, -4, -3, -3, 3, 3, 4, 5, -6, 2, -4, -3, -3, 3, 3), (1.0, 1.0, 1.0, 0.5, 0.5, 0.5, 0.5, 0.5, 0.5, 1.0, 1.0, 1.0, 0.5, 0.5, 0.5, 0.5, 0.5, 0.5, 1.0, 1.0, 1.0, 0.5, 0.5, 0.5, 0.5, 0.5, 0.5, 1.0, 1.0, 1.0, 0.5, 0.5, 0.5, 0.5, 0.5)):
('K.2 Musicalion', 'P1', 1, (79, 114), (21,), (1.0,), (28,), (3.0,))
('K.2 Musicalion', 'P1', 1, (246, 281), (62,), (1.0,), (69,), (3.0,))

3.    ((6, -7, 6, -7, 6, -7, 4, 6, -7, 6, -7, 6, -7, 4, 6, -7, 6, -7, 6, -7, 4, 6, -7, 6, -7, 6, -7), (0.5, 0.5, 0.5, 0.5, 0.5, 0.5, 3.0, 0.5, 0.5, 0.5, 0.5, 0.5, 0.5, 3.0, 0.5, 0.5, 0.5, 0.5, 0.5, 0.5, 3.0, 0.5, 0.5, 0.5, 0.5, 0.5, 0.5)):
('K.2 Musicalion', 'P1', 3, (17, 44), (21,), (1.0,), (27,), (3.5,))
('K.2 Musicalion', 'P1', 3, (114, 141), (62,), (1.0,), (68,), (3.5,))

4.    ((-2, -2, 4, -5, 2, -3, 2, -4, 7, -2, -2, 4, -5, 2, -3, 2, -4), (1.0, 1.0, 1.0, 0.5, 0.5, 0.5, 0.5, 0.5, 0.5, 1.0, 1.0, 1.0, 0.5, 0.5, 0.5, 0.5, 0.5)):
('K.2 Musicalion', 'P1', 1, (61, 78), (17,), (1.0,), (20,), (3.0,))
('K.2 Musicalion', 'P1', 1, (210, 227), (54,), (1.0,), (57,), (3.0,))

5.    ((2, 2, -2, -3, 2, -5, 2, 3, 2, -4, -5, 8, 2, 2, -2, -3, 2), (1.0, 1.0, 1.0, 1.0, 1.0, 1.0, 1.0, 1.0, 1.0, 1.0, 1.0, 1.0, 1.0, 1.0, 1.0, 1.0, 1.0)):
('K.2 Musicalion', 'P1', 2, (0, 17), (5,), (1.0,), (10,), (2.0,))
('K.2 Musicalion', 'P1', 3, (90, 107), (42,), (1.0,), (47,), (2.0,))

6.    ((-2, -2, -2, -2, -2, 2, -3, 2, -3, 2, -3, 2, -2, -2, -2), (1.0, 1.0, 1.0, 1.0, 1.0, 1.0, 0.5, 0.5, 0.5, 0.5, 0.5, 0.5, 1.0, 1.0, 1.0)):
('K.2 Musicalion', 'P1', 1, (115, 130), (29,), (1.0,), (32,), (3.0,))
('K.2 Musicalion', 'P1', 1, (282, 297), (70,), (1.0,), (73,), (3.0,))

7.    ((2, -8, 2, 6, -7, 6, -7, 6, -7, 6, -7, 6, -7, 8, -5), (1.0, 1.0, 1.0, 0.5, 0.5, 0.5, 0.5, 0.5, 0.5, 0.5, 0.5, 0.5, 0.5, 0.5, 0.5)):
('K.2 Musicalion', 'P1', 3, (57, 72), (31,), (1.0,), (33,), (3.5,))
('K.2 Musicalion', 'P1', 3, (142, 157), (72,), (1.0,), (74,), (3.5,))

8.    ((4, 6, -7, 6, -7, 6, -7, 6, -7, 6, -7, 8, -5, 2), (3.0, 0.5, 0.5, 0.5, 0.5, 0.5, 0.5, 0.5, 0.5, 0.5, 0.5, 0.5, 0.5, 1.0)):
('K.2 Musicalion', 'P1', 2, (73, 87), (57,), (1.0,), (60,), (1.0,))
('K.2 Musicalion', 'P1', 3, (44, 58), (28,), (1.0,), (31,), (1.0,))

9.    ((3, -4, 4, -5, 4, -5, 4, 3, -4, 4, -5, 4, -5), (0.5, 0.5, 0.5, 0.5, 0.5, 0.5, 3.0, 0.5, 0.5, 0.5, 0.5, 0.5, 0.5)):
('K.2 Musicalion', 'P1', 2, (18, 31), (13,), (1.0,), (15,), (3.5,))
('K.2 Musicalion', 'P1', 2, (32, 45), (17,), (1.0,), (19,), (3.5,))
('K.2 Musicalion', 'P1', 2, (46, 59), (50,), (1.0,), (52,), (3.5,))
('K.2 Musicalion', 'P1', 2, (60, 73), (54,), (1.0,), (56,), (3.5,))

10.    ((-8, 1, 1, 8, -4, 6, -3, 5, -3), (1.0, 1.0, 1.0, 3.0, 0.5, 0.5, 0.5, 0.5, 0.5)):
('K.2 Musicalion', 'P1', 3, (1, 10), (2,), (1.0,), (4,), (3.0,))
('K.2 Musicalion', 'P1', 3, (80, 89), (39,), (1.0,), (41,), (3.0,))

11.    ((2, 6, -7, 6, -7, 6), (1.0, 0.5, 0.5, 0.5, 0.5, 0.5)):
('K.2 Musicalion', 'P1', 1, (15, 21), (6,), (3.0,), (7,), (3.0,))
('K.2 Musicalion', 'P1', 1, (31, 37), (10,), (3.0,), (11,), (3.0,))
('K.2 Musicalion', 'P1', 1, (164, 170), (43,), (3.0,), (44,), (3.0,))
('K.2 Musicalion', 'P1', 1, (180, 186), (47,), (3.0,), (48,), (3.0,))
('K.2 Musicalion', 'P1', 3, (59, 65), (31,), (3.0,), (32,), (3.0,))
('K.2 Musicalion', 'P1', 3, (144, 150), (72,), (3.0,), (73,), (3.0,))

12.    ((-4, 6, -3, 5, -3, 6), (0.5, 0.5, 0.5, 0.5, 0.5, 0.5)):
('K.2 Musicalion', 'P1', 1, (4, 10), (3,), (1.0,), (3,), (3.5,))
('K.2 Musicalion', 'P1', 1, (136, 142), (35,), (1.0,), (35,), (3.5,))
('K.2 Musicalion', 'P1', 1, (153, 159), (40,), (1.0,), (40,), (3.5,))
('K.2 Musicalion', 'P1', 3, (84, 90), (41,), (1.0,), (41,), (3.5,))

13.    ((-4, 6, -3, 5, -8, 4), (0.5, 0.5, 0.5, 0.5, 0.5, 0.5)):
('K.2 Musicalion', 'P1', 1, (142, 148), (36,), (1.0,), (36,), (3.5,))
('K.2 Musicalion', 'P1', 1, (312, 318), (77,), (1.0,), (77,), (3.5,))

14.    ((6, -7, 6, -7, 6), (0.5, 0.5, 0.5, 0.5, 0.5)):
('K.2 Musicalion', 'P1', 1, (16, 21), (7,), (1.0,), (7,), (3.0,))
('K.2 Musicalion', 'P1', 1, (32, 37), (11,), (1.0,), (11,), (3.0,))
('K.2 Musicalion', 'P1', 1, (165, 170), (44,), (1.0,), (44,), (3.0,))
('K.2 Musicalion', 'P1', 1, (181, 186), (48,), (1.0,), (48,), (3.0,))
('K.2 Musicalion', 'P1', 2, (74, 79), (58,), (1.0,), (58,), (3.0,))
('K.2 Musicalion', 'P1', 2, (90, 95), (70,), (1.0,), (70,), (3.0,))
('K.2 Musicalion', 'P1', 3, (17, 22), (21,), (1.0,), (21,), (3.0,))
('K.2 Musicalion', 'P1', 3, (24, 29), (23,), (1.0,), (23,), (3.0,))
('K.2 Musicalion', 'P1', 3, (31, 36), (25,), (1.0,), (25,), (3.0,))
('K.2 Musicalion', 'P1', 3, (38, 43), (27,), (1.0,), (27,), (3.0,))
('K.2 Musicalion', 'P1', 3, (45, 50), (29,), (1.0,), (29,), (3.0,))
('K.2 Musicalion', 'P1', 3, (60, 65), (32,), (1.0,), (32,), (3.0,))
('K.2 Musicalion', 'P1', 3, (114, 119), (62,), (1.0,), (62,), (3.0,))
('K.2 Musicalion', 'P1', 3, (121, 126), (64,), (1.0,), (64,), (3.0,))
('K.2 Musicalion', 'P1', 3, (128, 133), (66,), (1.0,), (66,), (3.0,))
('K.2 Musicalion', 'P1', 3, (135, 140), (68,), (1.0,), (68,), (3.0,))
('K.2 Musicalion', 'P1', 3, (145, 150), (73,), (1.0,), (73,), (3.0,))

15.    ((2, -8, 4, -4, -5), (1.0, 1.0, 1.0, 1.0, 1.0)):
('K.2 Musicalion', 'P1', 3, (11, 16), (11,), (1.0,), (12,), (2.0,))
('K.2 Musicalion', 'P1', 3, (108, 113), (48,), (1.0,), (49,), (2.0,))

16.    ((2, 2, -2), (1.0, 1.0, 1.0)):
('K.2 Musicalion', 'P1', 1, (11, 14), (5,), (1.0,), (5,), (3.0,))
('K.2 Musicalion', 'P1', 1, (27, 30), (9,), (1.0,), (9,), (3.0,))
('K.2 Musicalion', 'P1', 1, (160, 163), (42,), (1.0,), (42,), (3.0,))
('K.2 Musicalion', 'P1', 1, (176, 179), (46,), (1.0,), (46,), (3.0,))
('K.2 Musicalion', 'P1', 2, (0, 3), (5,), (1.0,), (5,), (3.0,))
('K.2 Musicalion', 'P1', 2, (12, 15), (9,), (1.0,), (9,), (3.0,))
('K.2 Musicalion', 'P1', 2, (86, 89), (60,), (1.0,), (60,), (3.0,))
('K.2 Musicalion', 'P1', 3, (90, 93), (42,), (1.0,), (42,), (3.0,))
('K.2 Musicalion', 'P1', 3, (102, 105), (46,), (1.0,), (46,), (3.0,))

17.    ((-8, 1, 1), (1.0, 1.0, 1.0)):
('K.2 Musicalion', 'P1', 1, (0, 3), (1,), (1.0,), (1,), (3.0,))
('K.2 Musicalion', 'P1', 1, (149, 152), (38,), (1.0,), (38,), (3.0,))
('K.2 Musicalion', 'P1', 3, (1, 4), (2,), (1.0,), (2,), (3.0,))
('K.2 Musicalion', 'P1', 3, (80, 83), (39,), (1.0,), (39,), (3.0,))

18.    ((-2, -2, -2), (1.0, 1.0, 1.0)):
('K.2 Musicalion', 'P1', 1, (131, 134), (33,), (2.0,), (34,), (1.0,))
('K.2 Musicalion', 'P1', 1, (297, 300), (74,), (1.0,), (74,), (3.0,))

19.    ((-4, 4), (0.5, 0.5)):
('K.2 Musicalion', 'P1', 1, (59, 61), (16,), (3.0,), (16,), (3.5,))
('K.2 Musicalion', 'P1', 2, (19, 21), (13,), (1.5,), (13,), (2.0,))
('K.2 Musicalion', 'P1', 2, (26, 28), (15,), (1.5,), (15,), (2.0,))
('K.2 Musicalion', 'P1', 2, (33, 35), (17,), (1.5,), (17,), (2.0,))
('K.2 Musicalion', 'P1', 2, (40, 42), (19,), (1.5,), (19,), (2.0,))
('K.2 Musicalion', 'P1', 2, (47, 49), (50,), (1.5,), (50,), (2.0,))
('K.2 Musicalion', 'P1', 2, (54, 56), (52,), (1.5,), (52,), (2.0,))
('K.2 Musicalion', 'P1', 2, (61, 63), (54,), (1.5,), (54,), (2.0,))
('K.2 Musicalion', 'P1', 2, (68, 70), (56,), (1.5,), (56,), (2.0,))

20.    ((1, 1), (3.0, 3.0)):
('K.2 Musicalion', 'P1', 3, (77, 79), (35,), (1.0,), (36,), (1.0,))
('K.2 Musicalion', 'P1', 3, (160, 162), (76,), (1.0,), (77,), (1.0,))

21.    ((-5,), (0.5,)):
('K.2 Musicalion', 'P1', 1, (21, 22), (7,), (3.5,), (7,), (3.5,))
('K.2 Musicalion', 'P1', 1, (37, 38), (11,), (3.5,), (11,), (3.5,))
('K.2 Musicalion', 'P1', 1, (46, 47), (14,), (1.0,), (14,), (1.0,))
('K.2 Musicalion', 'P1', 1, (55, 56), (16,), (1.0,), (16,), (1.0,))
('K.2 Musicalion', 'P1', 1, (64, 65), (18,), (1.0,), (18,), (1.0,))
('K.2 Musicalion', 'P1', 1, (73, 74), (20,), (1.0,), (20,), (1.0,))
('K.2 Musicalion', 'P1', 1, (170, 171), (44,), (3.5,), (44,), (3.5,))
('K.2 Musicalion', 'P1', 1, (186, 187), (48,), (3.5,), (48,), (3.5,))
('K.2 Musicalion', 'P1', 1, (195, 196), (51,), (1.0,), (51,), (1.0,))
('K.2 Musicalion', 'P1', 1, (204, 205), (53,), (1.0,), (53,), (1.0,))
('K.2 Musicalion', 'P1', 1, (213, 214), (55,), (1.0,), (55,), (1.0,))
('K.2 Musicalion', 'P1', 1, (222, 223), (57,), (1.0,), (57,), (1.0,))
('K.2 Musicalion', 'P1', 2, (21, 22), (13,), (2.5,), (13,), (2.5,))
('K.2 Musicalion', 'P1', 2, (23, 24), (13,), (3.5,), (13,), (3.5,))
('K.2 Musicalion', 'P1', 2, (28, 29), (15,), (2.5,), (15,), (2.5,))
('K.2 Musicalion', 'P1', 2, (30, 31), (15,), (3.5,), (15,), (3.5,))
('K.2 Musicalion', 'P1', 2, (35, 36), (17,), (2.5,), (17,), (2.5,))
('K.2 Musicalion', 'P1', 2, (37, 38), (17,), (3.5,), (17,), (3.5,))
('K.2 Musicalion', 'P1', 2, (42, 43), (19,), (2.5,), (19,), (2.5,))
('K.2 Musicalion', 'P1', 2, (44, 45), (19,), (3.5,), (19,), (3.5,))
('K.2 Musicalion', 'P1', 2, (49, 50), (50,), (2.5,), (50,), (2.5,))
('K.2 Musicalion', 'P1', 2, (51, 52), (50,), (3.5,), (50,), (3.5,))
('K.2 Musicalion', 'P1', 2, (56, 57), (52,), (2.5,), (52,), (2.5,))
('K.2 Musicalion', 'P1', 2, (58, 59), (52,), (3.5,), (52,), (3.5,))
('K.2 Musicalion', 'P1', 2, (63, 64), (54,), (2.5,), (54,), (2.5,))
('K.2 Musicalion', 'P1', 2, (65, 66), (54,), (3.5,), (54,), (3.5,))
('K.2 Musicalion', 'P1', 2, (70, 71), (56,), (2.5,), (56,), (2.5,))
('K.2 Musicalion', 'P1', 2, (72, 73), (56,), (3.5,), (56,), (3.5,))
('K.2 Musicalion', 'P1', 2, (85, 86), (59,), (3.5,), (59,), (3.5,))
('K.2 Musicalion', 'P1', 3, (56, 57), (30,), (3.5,), (30,), (3.5,))
('K.2 Musicalion', 'P1', 3, (71, 72), (33,), (3.5,), (33,), (3.5,))
('K.2 Musicalion', 'P1', 3, (73, 74), (34,), (1.5,), (34,), (1.5,))
('K.2 Musicalion', 'P1', 3, (156, 157), (74,), (3.5,), (74,), (3.5,))

22.    ((-4,), (0.5,)):
('K.2 Musicalion', 'P1', 1, (4, 5), (3,), (1.0,), (3,), (1.0,))
('K.2 Musicalion', 'P1', 1, (50, 51), (14,), (3.0,), (14,), (3.0,))
('K.2 Musicalion', 'P1', 1, (59, 60), (16,), (3.0,), (16,), (3.0,))
('K.2 Musicalion', 'P1', 1, (68, 69), (18,), (3.0,), (18,), (3.0,))
('K.2 Musicalion', 'P1', 1, (77, 78), (20,), (3.0,), (20,), (3.0,))
('K.2 Musicalion', 'P1', 1, (82, 83), (22,), (1.0,), (22,), (1.0,))
('K.2 Musicalion', 'P1', 1, (91, 92), (24,), (1.0,), (24,), (1.0,))
('K.2 Musicalion', 'P1', 1, (100, 101), (26,), (1.0,), (26,), (1.0,))
('K.2 Musicalion', 'P1', 1, (109, 110), (28,), (1.0,), (28,), (1.0,))
('K.2 Musicalion', 'P1', 1, (136, 137), (35,), (1.0,), (35,), (1.0,))
('K.2 Musicalion', 'P1', 1, (142, 143), (36,), (1.0,), (36,), (1.0,))
('K.2 Musicalion', 'P1', 1, (153, 154), (40,), (1.0,), (40,), (1.0,))
('K.2 Musicalion', 'P1', 1, (199, 200), (51,), (3.0,), (51,), (3.0,))
('K.2 Musicalion', 'P1', 1, (208, 209), (53,), (3.0,), (53,), (3.0,))
('K.2 Musicalion', 'P1', 1, (217, 218), (55,), (3.0,), (55,), (3.0,))
('K.2 Musicalion', 'P1', 1, (226, 227), (57,), (3.0,), (57,), (3.0,))
('K.2 Musicalion', 'P1', 1, (249, 250), (63,), (1.0,), (63,), (1.0,))
('K.2 Musicalion', 'P1', 1, (258, 259), (65,), (1.0,), (65,), (1.0,))
('K.2 Musicalion', 'P1', 1, (267, 268), (67,), (1.0,), (67,), (1.0,))
('K.2 Musicalion', 'P1', 1, (276, 277), (69,), (1.0,), (69,), (1.0,))
('K.2 Musicalion', 'P1', 1, (306, 307), (76,), (1.0,), (76,), (1.0,))
('K.2 Musicalion', 'P1', 1, (312, 313), (77,), (1.0,), (77,), (1.0,))
('K.2 Musicalion', 'P1', 2, (19, 20), (13,), (1.5,), (13,), (1.5,))
('K.2 Musicalion', 'P1', 2, (26, 27), (15,), (1.5,), (15,), (1.5,))
('K.2 Musicalion', 'P1', 2, (33, 34), (17,), (1.5,), (17,), (1.5,))
('K.2 Musicalion', 'P1', 2, (40, 41), (19,), (1.5,), (19,), (1.5,))
('K.2 Musicalion', 'P1', 2, (47, 48), (50,), (1.5,), (50,), (1.5,))
('K.2 Musicalion', 'P1', 2, (54, 55), (52,), (1.5,), (52,), (1.5,))
('K.2 Musicalion', 'P1', 2, (61, 62), (54,), (1.5,), (54,), (1.5,))
('K.2 Musicalion', 'P1', 2, (68, 69), (56,), (1.5,), (56,), (1.5,))
('K.2 Musicalion', 'P1', 3, (5, 6), (4,), (1.0,), (4,), (1.0,))
('K.2 Musicalion', 'P1', 3, (84, 85), (41,), (1.0,), (41,), (1.0,))

23.    ((2,), (1.0,)):
('K.2 Musicalion', 'P1', 1, (15, 16), (6,), (3.0,), (6,), (3.0,))
('K.2 Musicalion', 'P1', 1, (31, 32), (10,), (3.0,), (10,), (3.0,))
('K.2 Musicalion', 'P1', 1, (81, 82), (21,), (3.0,), (21,), (3.0,))
('K.2 Musicalion', 'P1', 1, (90, 91), (23,), (3.0,), (23,), (3.0,))
('K.2 Musicalion', 'P1', 1, (99, 100), (25,), (3.0,), (25,), (3.0,))
('K.2 Musicalion', 'P1', 1, (108, 109), (27,), (3.0,), (27,), (3.0,))
('K.2 Musicalion', 'P1', 1, (120, 121), (30,), (3.0,), (30,), (3.0,))
('K.2 Musicalion', 'P1', 1, (164, 165), (43,), (3.0,), (43,), (3.0,))
('K.2 Musicalion', 'P1', 1, (180, 181), (47,), (3.0,), (47,), (3.0,))
('K.2 Musicalion', 'P1', 1, (248, 249), (62,), (3.0,), (62,), (3.0,))
('K.2 Musicalion', 'P1', 1, (257, 258), (64,), (3.0,), (64,), (3.0,))
('K.2 Musicalion', 'P1', 1, (266, 267), (66,), (3.0,), (66,), (3.0,))
('K.2 Musicalion', 'P1', 1, (275, 276), (68,), (3.0,), (68,), (3.0,))
('K.2 Musicalion', 'P1', 1, (287, 288), (71,), (3.0,), (71,), (3.0,))
('K.2 Musicalion', 'P1', 2, (4, 5), (6,), (2.0,), (6,), (2.0,))
('K.2 Musicalion', 'P1', 2, (6, 7), (7,), (1.0,), (7,), (1.0,))
('K.2 Musicalion', 'P1', 2, (8, 9), (7,), (3.0,), (7,), (3.0,))
('K.2 Musicalion', 'P1', 2, (16, 17), (10,), (2.0,), (10,), (2.0,))
('K.2 Musicalion', 'P1', 3, (11, 12), (11,), (1.0,), (11,), (1.0,))
('K.2 Musicalion', 'P1', 3, (57, 58), (31,), (1.0,), (31,), (1.0,))
('K.2 Musicalion', 'P1', 3, (59, 60), (31,), (3.0,), (31,), (3.0,))
('K.2 Musicalion', 'P1', 3, (94, 95), (43,), (2.0,), (43,), (2.0,))
('K.2 Musicalion', 'P1', 3, (96, 97), (44,), (1.0,), (44,), (1.0,))
('K.2 Musicalion', 'P1', 3, (98, 99), (44,), (3.0,), (44,), (3.0,))
('K.2 Musicalion', 'P1', 3, (106, 107), (47,), (2.0,), (47,), (2.0,))
('K.2 Musicalion', 'P1', 3, (108, 109), (48,), (1.0,), (48,), (1.0,))
('K.2 Musicalion', 'P1', 3, (142, 143), (72,), (1.0,), (72,), (1.0,))
('K.2 Musicalion', 'P1', 3, (144, 145), (72,), (3.0,), (72,), (3.0,))
('K.2 Musicalion', 'P1', 3, (157, 158), (75,), (1.0,), (75,), (1.0,))

24.    ((3,), (0.5,)):
('K.2 Musicalion', 'P1', 1, (85, 86), (22,), (2.5,), (22,), (2.5,))
('K.2 Musicalion', 'P1', 1, (86, 87), (22,), (3.0,), (22,), (3.0,))
('K.2 Musicalion', 'P1', 1, (94, 95), (24,), (2.5,), (24,), (2.5,))
('K.2 Musicalion', 'P1', 1, (95, 96), (24,), (3.0,), (24,), (3.0,))
('K.2 Musicalion', 'P1', 1, (103, 104), (26,), (2.5,), (26,), (2.5,))
('K.2 Musicalion', 'P1', 1, (104, 105), (26,), (3.0,), (26,), (3.0,))
('K.2 Musicalion', 'P1', 1, (112, 113), (28,), (2.5,), (28,), (2.5,))
('K.2 Musicalion', 'P1', 1, (113, 114), (28,), (3.0,), (28,), (3.0,))
('K.2 Musicalion', 'P1', 1, (252, 253), (63,), (2.5,), (63,), (2.5,))
('K.2 Musicalion', 'P1', 1, (253, 254), (63,), (3.0,), (63,), (3.0,))
('K.2 Musicalion', 'P1', 1, (261, 262), (65,), (2.5,), (65,), (2.5,))
('K.2 Musicalion', 'P1', 1, (262, 263), (65,), (3.0,), (65,), (3.0,))
('K.2 Musicalion', 'P1', 1, (270, 271), (67,), (2.5,), (67,), (2.5,))
('K.2 Musicalion', 'P1', 1, (271, 272), (67,), (3.0,), (67,), (3.0,))
('K.2 Musicalion', 'P1', 1, (279, 280), (69,), (2.5,), (69,), (2.5,))
('K.2 Musicalion', 'P1', 1, (280, 281), (69,), (3.0,), (69,), (3.0,))
('K.2 Musicalion', 'P1', 1, (300, 301), (75,), (1.0,), (75,), (1.0,))
('K.2 Musicalion', 'P1', 1, (309, 310), (76,), (2.5,), (76,), (2.5,))
('K.2 Musicalion', 'P1', 1, (310, 311), (76,), (3.0,), (76,), (3.0,))
('K.2 Musicalion', 'P1', 2, (18, 19), (13,), (1.0,), (13,), (1.0,))
('K.2 Musicalion', 'P1', 2, (25, 26), (15,), (1.0,), (15,), (1.0,))
('K.2 Musicalion', 'P1', 2, (32, 33), (17,), (1.0,), (17,), (1.0,))
('K.2 Musicalion', 'P1', 2, (39, 40), (19,), (1.0,), (19,), (1.0,))
('K.2 Musicalion', 'P1', 2, (46, 47), (50,), (1.0,), (50,), (1.0,))
('K.2 Musicalion', 'P1', 2, (53, 54), (52,), (1.0,), (52,), (1.0,))
('K.2 Musicalion', 'P1', 2, (60, 61), (54,), (1.0,), (54,), (1.0,))
('K.2 Musicalion', 'P1', 2, (67, 68), (56,), (1.0,), (56,), (1.0,))

25.    ((4,), (0.5,)):
('K.2 Musicalion', 'P1', 1, (87, 88), (22,), (3.5,), (22,), (3.5,))
('K.2 Musicalion', 'P1', 1, (96, 97), (24,), (3.5,), (24,), (3.5,))
('K.2 Musicalion', 'P1', 1, (105, 106), (26,), (3.5,), (26,), (3.5,))
('K.2 Musicalion', 'P1', 1, (114, 115), (28,), (3.5,), (28,), (3.5,))
('K.2 Musicalion', 'P1', 1, (147, 148), (36,), (3.5,), (36,), (3.5,))
('K.2 Musicalion', 'P1', 1, (245, 246), (61,), (3.5,), (61,), (3.5,))
('K.2 Musicalion', 'P1', 1, (254, 255), (63,), (3.5,), (63,), (3.5,))
('K.2 Musicalion', 'P1', 1, (263, 264), (65,), (3.5,), (65,), (3.5,))
('K.2 Musicalion', 'P1', 1, (272, 273), (67,), (3.5,), (67,), (3.5,))
('K.2 Musicalion', 'P1', 1, (311, 312), (76,), (3.5,), (76,), (3.5,))
('K.2 Musicalion', 'P1', 1, (317, 318), (77,), (3.5,), (77,), (3.5,))
('K.2 Musicalion', 'P1', 2, (22, 23), (13,), (3.0,), (13,), (3.0,))
('K.2 Musicalion', 'P1', 2, (29, 30), (15,), (3.0,), (15,), (3.0,))
('K.2 Musicalion', 'P1', 2, (36, 37), (17,), (3.0,), (17,), (3.0,))
('K.2 Musicalion', 'P1', 2, (43, 44), (19,), (3.0,), (19,), (3.0,))
('K.2 Musicalion', 'P1', 2, (50, 51), (50,), (3.0,), (50,), (3.0,))
('K.2 Musicalion', 'P1', 2, (57, 58), (52,), (3.0,), (52,), (3.0,))
('K.2 Musicalion', 'P1', 2, (64, 65), (54,), (3.0,), (54,), (3.0,))
('K.2 Musicalion', 'P1', 2, (71, 72), (56,), (3.0,), (56,), (3.0,))

26.    ((4,), (1.0,)):
('K.2 Musicalion', 'P1', 1, (45, 46), (13,), (3.0,), (13,), (3.0,))
('K.2 Musicalion', 'P1', 1, (54, 55), (15,), (3.0,), (15,), (3.0,))
('K.2 Musicalion', 'P1', 1, (63, 64), (17,), (3.0,), (17,), (3.0,))
('K.2 Musicalion', 'P1', 1, (72, 73), (19,), (3.0,), (19,), (3.0,))
('K.2 Musicalion', 'P1', 1, (194, 195), (50,), (3.0,), (50,), (3.0,))
('K.2 Musicalion', 'P1', 1, (203, 204), (52,), (3.0,), (52,), (3.0,))
('K.2 Musicalion', 'P1', 1, (212, 213), (54,), (3.0,), (54,), (3.0,))
('K.2 Musicalion', 'P1', 1, (221, 222), (56,), (3.0,), (56,), (3.0,))
('K.2 Musicalion', 'P1', 3, (13, 14), (11,), (3.0,), (11,), (3.0,))
('K.2 Musicalion', 'P1', 3, (110, 111), (48,), (3.0,), (48,), (3.0,))
('K.2 Musicalion', 'P1', 3, (159, 160), (75,), (3.0,), (75,), (3.0,))

27.    ((1,), (3.0,)):
('K.2 Musicalion', 'P1', 1, (3, 4), (2,), (1.0,), (2,), (1.0,))
('K.2 Musicalion', 'P1', 1, (148, 149), (37,), (1.0,), (37,), (1.0,))
('K.2 Musicalion', 'P1', 1, (152, 153), (39,), (1.0,), (39,), (1.0,))
('K.2 Musicalion', 'P1', 2, (31, 32), (16,), (1.0,), (16,), (1.0,))
('K.2 Musicalion', 'P1', 3, (77, 78), (35,), (1.0,), (35,), (1.0,))
('K.2 Musicalion', 'P1', 3, (78, 79), (36,), (1.0,), (36,), (1.0,))
('K.2 Musicalion', 'P1', 3, (160, 161), (76,), (1.0,), (76,), (1.0,))
('K.2 Musicalion', 'P1', 3, (161, 162), (77,), (1.0,), (77,), (1.0,))

28.    ((-2,), (0.5,)):
('K.2 Musicalion', 'P1', 1, (236, 237), (60,), (2.0,), (60,), (2.0,))
('K.2 Musicalion', 'P1', 1, (237, 238), (60,), (2.5,), (60,), (2.5,))
('K.2 Musicalion', 'P1', 1, (238, 239), (60,), (3.0,), (60,), (3.0,))
('K.2 Musicalion', 'P1', 1, (301, 302), (75,), (1.5,), (75,), (1.5,))
('K.2 Musicalion', 'P1', 3, (75, 76), (34,), (2.5,), (34,), (2.5,))

29.    ((2,), (0.5,)):
('K.2 Musicalion', 'P1', 1, (234, 235), (60,), (1.0,), (60,), (1.0,))
('K.2 Musicalion', 'P1', 1, (235, 236), (60,), (1.5,), (60,), (1.5,))

