1.    nomes:
K.35 Musicalion

2.    quantidade:
1

3.    analise:
[('intDia', 'p1p2'), ('duracao', 'p1p2'), ('Ntempo', 'p1'), ('Ptempo', 'p1')] SemContInte Distancia: 0

1.    ((2, 2, -5, 5, 2, 2, 2, -2, 2, 2, -2, 3, -2, -2, -2, -3, -2, 2, -3, 2, 2, -3, -3, 8, -2, 2, -4, 3, -2, -2, 2, -3, -2, 2, -3, 2, 2, -3, -3, 8, -2, 2, -4, 3, -2, -2, 2), (0.5, 0.25, 0.25, 0.25, 0.25, 0.25, 0.25, 0.25, 0.25, 0.25, 0.25, 0.25, 0.25, 0.25, 0.25, 2.25, 0.25, 0.25, 0.25, 0.25, 0.25, 0.25, 0.25, 0.25, 0.25, 0.25, 0.25, 0.25, 0.25, 0.25, 0.25, 2.25, 0.25, 0.25, 0.25, 0.25, 0.25, 0.25, 0.25, 0.25, 0.25, 0.25, 0.25, 0.25, 0.25, 0.25, 0.25), (1,), (0.0,)):
('K.35 Musicalion', 'P1', 1, (4, 51), (1,), (1.0,), (4,), (4.75,))
('K.35 Musicalion', 'P1', 1, (181, 228), (21,), (1.0,), (24,), (4.75,))

2.    ((-2, 2, -3, 2, 2, 2, 2, -2, -4, 5, 2, -2, -5, 6, 2, -2, -6, 7, 2, -2, -7, 8, 2, -2, -2, -2, -2, -2), (0.5, 0.25, 0.25, 0.5, 0.25, 0.25, 0.25, 0.25, 0.25, 0.25, 0.25, 0.25, 0.25, 0.25, 0.25, 0.25, 0.25, 0.25, 0.25, 0.25, 0.25, 0.25, 0.5, 0.25, 0.25, 0.25, 0.25, 0.25), (3,), (0.0,)):
('K.35 Musicalion', 'P1', 1, (135, 163), (16,), (3.0,), (18,), (2.5,))
('K.35 Musicalion', 'P1', 1, (390, 418), (38,), (3.0,), (40,), (2.5,))

3.    ((8, -2, 2, -3, 2, 2, -3, -3, 1, 3, -7, 8, -2, 2, -3, 2, 2, -3, -3, 1, 3, 2), (0.25, 0.25, 0.25, 0.25, 0.25, 0.25, 0.25, 0.25, 2.0, 1.0, 1.0, 0.25, 0.25, 0.25, 0.25, 0.25, 0.25, 0.25, 0.25, 2.0, 1.0, 1.0), (1,), (0.0,)):
('K.35 Musicalion', 'P1', 3, (28, 50), (5,), (1.0,), (7,), (4.0,))
('K.35 Musicalion', 'P1', 3, (188, 210), (22,), (1.0,), (24,), (4.0,))

4.    ((-5, -2, 2, 5, -5, -2, 2, 6, -6, -2, 2, 5, -5, -2, 2, 6), (0.25, 0.25, 0.25, 0.25, 0.25, 0.25, 0.25, 0.25, 0.25, 0.25, 0.25, 0.25, 0.25, 0.25, 0.25, 0.25), (1,), (0.0,)):
('K.35 Musicalion', 'P1', 1, (240, 256), (26,), (1.0,), (26,), (4.75,))
('K.35 Musicalion', 'P1', 1, (274, 290), (29,), (1.0,), (29,), (4.75,))

5.    ((-2, 2, -3, 3, -4, 4, -5, 5, -6, 6, -5, 5), (0.25, 0.25, 0.25, 0.25, 0.25, 0.25, 0.25, 0.25, 0.25, 0.25, 0.25, 0.25), (3,), (0.25,)):
('K.35 Musicalion', 'P1', 3, (53, 65), (8,), (3.25,), (9,), (2.0,))
('K.35 Musicalion', 'P1', 3, (69, 81), (9,), (3.25,), (10,), (2.0,))

6.    ((-4, 2, 2, 2, 2, 2, -2, -2, 2, 2), (1.0, 1.0, 1.0, 1.0, 1.5, 0.5, 0.5, 0.5, 0.5, 0.5), (1,), (0.0,)):
('K.35 Musicalion', 'P1', 3, (169, 179), (17,), (1.0,), (18,), (4.5,))
('K.35 Musicalion', 'P1', 3, (298, 308), (39,), (1.0,), (40,), (4.5,))

7.    ((-2, 2, -3, 2, 2, -3, -3), (0.25, 0.25, 0.25, 0.25, 0.25, 0.25, 0.25), (3,), (0.25,)):
('K.35 Musicalion', 'P1', 1, (20, 27), (2,), (3.25,), (2,), (4.75,))
('K.35 Musicalion', 'P1', 1, (52, 59), (5,), (3.25,), (5,), (4.75,))
('K.35 Musicalion', 'P1', 1, (197, 204), (22,), (3.25,), (22,), (4.75,))
('K.35 Musicalion', 'P1', 3, (18, 25), (3,), (3.25,), (3,), (4.75,))
('K.35 Musicalion', 'P1', 3, (40, 47), (6,), (3.25,), (6,), (4.75,))
('K.35 Musicalion', 'P1', 3, (200, 207), (23,), (3.25,), (23,), (4.75,))

8.    ((-2, 2, -3, 2, 2, -3, -3), (0.25, 0.25, 0.25, 0.25, 0.25, 0.25, 0.25), (1,), (0.25,)):
('K.35 Musicalion', 'P1', 1, (36, 43), (4,), (1.25,), (4,), (2.75,))
('K.35 Musicalion', 'P1', 1, (68, 75), (7,), (1.25,), (7,), (2.75,))
('K.35 Musicalion', 'P1', 1, (213, 220), (24,), (1.25,), (24,), (2.75,))
('K.35 Musicalion', 'P1', 3, (29, 36), (5,), (1.25,), (5,), (2.75,))
('K.35 Musicalion', 'P1', 3, (189, 196), (22,), (1.25,), (22,), (2.75,))

9.    ((-2, -2, 4, -5, -2, 3, 4), (0.5, 0.25, 0.25, 0.5, 0.5, 0.25, 0.25), (3,), (0.0,)):
('K.35 Musicalion', 'P1', 1, (164, 171), (18,), (3.0,), (19,), (1.25,))
('K.35 Musicalion', 'P1', 1, (419, 426), (40,), (3.0,), (41,), (1.25,))

10.    ((-2, -2, -2, -2, -2, -2), (0.25, 0.25, 0.25, 0.25, 0.25, 0.25), (1,), (0.5,)):
('K.35 Musicalion', 'P1', 1, (84, 90), (8,), (1.5,), (8,), (2.75,))
('K.35 Musicalion', 'P1', 1, (158, 164), (18,), (1.5,), (18,), (2.75,))
('K.35 Musicalion', 'P1', 3, (219, 225), (27,), (1.5,), (27,), (2.75,))
('K.35 Musicalion', 'P1', 3, (240, 246), (30,), (1.5,), (30,), (2.75,))

11.    ((3, -2, -2), (0.25, 0.25, 0.25), (4,), (0.0,)):
('K.35 Musicalion', 'P1', 1, (15, 18), (1,), (4.0,), (1,), (4.5,))
('K.35 Musicalion', 'P1', 1, (47, 50), (4,), (4.0,), (4,), (4.5,))
('K.35 Musicalion', 'P1', 1, (79, 82), (7,), (4.0,), (7,), (4.5,))
('K.35 Musicalion', 'P1', 1, (192, 195), (21,), (4.0,), (21,), (4.5,))
('K.35 Musicalion', 'P1', 1, (224, 227), (24,), (4.0,), (24,), (4.5,))
('K.35 Musicalion', 'P1', 3, (247, 250), (30,), (4.0,), (30,), (4.5,))
('K.35 Musicalion', 'P1', 3, (257, 260), (31,), (4.0,), (31,), (4.5,))

12.    ((3, -2, -2), (0.25, 0.25, 0.25), (2,), (0.0,)):
('K.35 Musicalion', 'P1', 1, (31, 34), (3,), (2.0,), (3,), (2.5,))
('K.35 Musicalion', 'P1', 1, (63, 66), (6,), (2.0,), (6,), (2.5,))
('K.35 Musicalion', 'P1', 1, (208, 211), (23,), (2.0,), (23,), (2.5,))
('K.35 Musicalion', 'P1', 1, (232, 235), (25,), (2.0,), (25,), (2.5,))
('K.35 Musicalion', 'P1', 1, (323, 326), (33,), (2.0,), (33,), (2.5,))
('K.35 Musicalion', 'P1', 3, (252, 255), (31,), (2.0,), (31,), (2.5,))
('K.35 Musicalion', 'P1', 3, (262, 265), (32,), (2.0,), (32,), (2.5,))

13.    ((8, -2, 2), (0.25, 0.25, 0.25), (3,), (0.0,)):
('K.35 Musicalion', 'P1', 1, (43, 46), (4,), (3.0,), (4,), (3.5,))
('K.35 Musicalion', 'P1', 1, (75, 78), (7,), (3.0,), (7,), (3.5,))
('K.35 Musicalion', 'P1', 1, (220, 223), (24,), (3.0,), (24,), (3.5,))
('K.35 Musicalion', 'P1', 3, (52, 55), (8,), (3.0,), (8,), (3.5,))
('K.35 Musicalion', 'P1', 3, (116, 119), (12,), (3.0,), (12,), (3.5,))
('K.35 Musicalion', 'P1', 3, (132, 135), (13,), (3.0,), (13,), (3.5,))
('K.35 Musicalion', 'P1', 3, (148, 151), (14,), (3.0,), (14,), (3.5,))

14.    ((8, -2, 2), (0.25, 0.25, 0.25), (1,), (0.0,)):
('K.35 Musicalion', 'P1', 1, (27, 30), (3,), (1.0,), (3,), (1.5,))
('K.35 Musicalion', 'P1', 1, (59, 62), (6,), (1.0,), (6,), (1.5,))
('K.35 Musicalion', 'P1', 1, (204, 207), (23,), (1.0,), (23,), (1.5,))
('K.35 Musicalion', 'P1', 3, (124, 127), (13,), (1.0,), (13,), (1.5,))
('K.35 Musicalion', 'P1', 3, (140, 143), (14,), (1.0,), (14,), (1.5,))
('K.35 Musicalion', 'P1', 3, (156, 159), (15,), (1.0,), (15,), (1.5,))

15.    ((-2, 1, 2), (0.5, 1.0, 0.5), (1,), (0.0,)):
('K.35 Musicalion', 'P1', 1, (101, 104), (10,), (1.0,), (10,), (2.5,))
('K.35 Musicalion', 'P1', 1, (107, 110), (11,), (1.0,), (11,), (2.5,))

16.    ((2, 2, 2), (0.5, 0.5, 0.5), (3,), (0.0,)):
('K.35 Musicalion', 'P1', 3, (2, 5), (1,), (3.0,), (1,), (4.0,))
('K.35 Musicalion', 'P1', 3, (184, 187), (21,), (3.0,), (21,), (4.0,))

17.    ((2, -2, 2), (2.0, 1.0, 1.0), (1,), (0.0,)):
('K.35 Musicalion', 'P1', 3, (214, 217), (26,), (1.0,), (26,), (4.0,))
('K.35 Musicalion', 'P1', 3, (236, 239), (29,), (1.0,), (29,), (4.0,))

18.    ((-5, 5), (0.25, 0.25), (1,), (0.75,)):
('K.35 Musicalion', 'P1', 1, (6, 8), (1,), (1.75,), (1,), (2.0,))
('K.35 Musicalion', 'P1', 1, (183, 185), (21,), (1.75,), (21,), (2.0,))
('K.35 Musicalion', 'P1', 3, (63, 65), (9,), (1.75,), (9,), (2.0,))
('K.35 Musicalion', 'P1', 3, (79, 81), (10,), (1.75,), (10,), (2.0,))
('K.35 Musicalion', 'P1', 3, (95, 97), (11,), (1.75,), (11,), (2.0,))

19.    ((-6, 6), (0.25, 0.25), (1,), (0.25,)):
('K.35 Musicalion', 'P1', 1, (333, 335), (34,), (1.25,), (34,), (1.5,))
('K.35 Musicalion', 'P1', 3, (61, 63), (9,), (1.25,), (9,), (1.5,))
('K.35 Musicalion', 'P1', 3, (77, 79), (10,), (1.25,), (10,), (1.5,))
('K.35 Musicalion', 'P1', 3, (93, 95), (11,), (1.25,), (11,), (1.5,))

20.    ((2, -2), (0.5, 0.5), (2,), (0.5,)):
('K.35 Musicalion', 'P1', 1, (103, 105), (10,), (2.5,), (10,), (3.0,))
('K.35 Musicalion', 'P1', 3, (174, 176), (18,), (2.5,), (18,), (3.0,))
('K.35 Musicalion', 'P1', 3, (303, 305), (40,), (2.5,), (40,), (3.0,))

21.    ((-6, 6), (0.25, 0.25), (2,), (0.25,)):
('K.35 Musicalion', 'P1', 1, (337, 339), (34,), (2.25,), (34,), (2.5,))
('K.35 Musicalion', 'P1', 3, (81, 83), (10,), (2.25,), (10,), (2.5,))
('K.35 Musicalion', 'P1', 3, (97, 99), (11,), (2.25,), (11,), (2.5,))

22.    ((-2, -2), (0.5, 0.5), (4,), (0.0,)):
('K.35 Musicalion', 'P1', 1, (99, 101), (9,), (4.0,), (9,), (4.5,))
('K.35 Musicalion', 'P1', 1, (330, 332), (33,), (4.0,), (33,), (4.5,))

23.    ((6, -7), (0.25, 0.25), (2,), (0.5,)):
('K.35 Musicalion', 'P1', 1, (175, 177), (19,), (2.5,), (19,), (2.75,))
('K.35 Musicalion', 'P1', 1, (338, 340), (34,), (2.5,), (34,), (2.75,))

24.    ((2, -2), (0.5, 0.5), (4,), (0.5,)):
('K.35 Musicalion', 'P1', 1, (106, 108), (10,), (4.5,), (11,), (1.0,))
('K.35 Musicalion', 'P1', 3, (307, 309), (40,), (4.5,), (41,), (1.0,))

25.    ((-2, -2), (0.25, 0.25), (3,), (0.5,)):
('K.35 Musicalion', 'P1', 1, (328, 330), (33,), (3.5,), (33,), (3.75,))
('K.35 Musicalion', 'P1', 3, (230, 232), (28,), (3.5,), (28,), (3.75,))

26.    ((-6, 6), (0.25, 0.25), (4,), (0.25,)):
('K.35 Musicalion', 'P1', 3, (89, 91), (10,), (4.25,), (10,), (4.5,))
('K.35 Musicalion', 'P1', 3, (105, 107), (11,), (4.25,), (11,), (4.5,))

27.    ((2, 2), (1.0, 1.0), (1,), (0.0,)):
('K.35 Musicalion', 'P1', 3, (166, 168), (16,), (1.0,), (16,), (2.0,))
('K.35 Musicalion', 'P1', 3, (268, 270), (33,), (1.0,), (33,), (2.0,))

28.    ((2, 2), (1.5, 0.5), (3,), (0.0,)):
('K.35 Musicalion', 'P1', 3, (212, 214), (25,), (3.0,), (25,), (4.5,))
('K.35 Musicalion', 'P1', 3, (270, 272), (33,), (3.0,), (33,), (4.5,))

29.    ((2, -8), (0.5, 0.5), (1,), (0.5,)):
('K.35 Musicalion', 'P1', 3, (281, 283), (35,), (1.5,), (35,), (2.0,))
('K.35 Musicalion', 'P1', 3, (309, 311), (41,), (1.5,), (41,), (2.0,))

30.    ((-2,), (0.25,), (4,), (0.25,)):
('K.35 Musicalion', 'P1', 1, (1, 2), (0,), (4.25,), (0,), (4.25,))
('K.35 Musicalion', 'P1', 1, (124, 125), (15,), (4.25,), (15,), (4.25,))
('K.35 Musicalion', 'P1', 1, (154, 155), (17,), (4.25,), (17,), (4.25,))
('K.35 Musicalion', 'P1', 1, (253, 254), (26,), (4.25,), (26,), (4.25,))
('K.35 Musicalion', 'P1', 1, (262, 263), (27,), (4.25,), (27,), (4.25,))
('K.35 Musicalion', 'P1', 1, (287, 288), (29,), (4.25,), (29,), (4.25,))
('K.35 Musicalion', 'P1', 1, (363, 364), (36,), (4.25,), (36,), (4.25,))
('K.35 Musicalion', 'P1', 1, (379, 380), (37,), (4.25,), (37,), (4.25,))
('K.35 Musicalion', 'P1', 1, (409, 410), (39,), (4.25,), (39,), (4.25,))
('K.35 Musicalion', 'P1', 3, (121, 122), (12,), (4.25,), (12,), (4.25,))
('K.35 Musicalion', 'P1', 3, (137, 138), (13,), (4.25,), (13,), (4.25,))
('K.35 Musicalion', 'P1', 3, (153, 154), (14,), (4.25,), (14,), (4.25,))

31.    ((2,), (1.0,), (2,), (0.0,)):
('K.35 Musicalion', 'P1', 2, (2, 3), (15,), (2.0,), (15,), (2.0,))
('K.35 Musicalion', 'P1', 3, (167, 168), (16,), (2.0,), (16,), (2.0,))
('K.35 Musicalion', 'P1', 3, (170, 171), (17,), (2.0,), (17,), (2.0,))
('K.35 Musicalion', 'P1', 3, (227, 228), (28,), (2.0,), (28,), (2.0,))
('K.35 Musicalion', 'P1', 3, (269, 270), (33,), (2.0,), (33,), (2.0,))
('K.35 Musicalion', 'P1', 3, (289, 290), (36,), (2.0,), (36,), (2.0,))
('K.35 Musicalion', 'P1', 3, (292, 293), (37,), (2.0,), (37,), (2.0,))
('K.35 Musicalion', 'P1', 3, (295, 296), (38,), (2.0,), (38,), (2.0,))
('K.35 Musicalion', 'P1', 3, (299, 300), (39,), (2.0,), (39,), (2.0,))

32.    ((2,), (0.25,), (2,), (0.75,)):
('K.35 Musicalion', 'P1', 1, (10, 11), (1,), (2.75,), (1,), (2.75,))
('K.35 Musicalion', 'P1', 1, (34, 35), (3,), (2.75,), (3,), (2.75,))
('K.35 Musicalion', 'P1', 1, (66, 67), (6,), (2.75,), (6,), (2.75,))
('K.35 Musicalion', 'P1', 1, (187, 188), (21,), (2.75,), (21,), (2.75,))
('K.35 Musicalion', 'P1', 1, (211, 212), (23,), (2.75,), (23,), (2.75,))
('K.35 Musicalion', 'P1', 1, (235, 236), (25,), (2.75,), (25,), (2.75,))
('K.35 Musicalion', 'P1', 1, (326, 327), (33,), (2.75,), (33,), (2.75,))
('K.35 Musicalion', 'P1', 3, (163, 164), (15,), (2.75,), (15,), (2.75,))

33.    ((-2,), (0.5,), (3,), (0.0,)):
('K.35 Musicalion', 'P1', 1, (135, 136), (16,), (3.0,), (16,), (3.0,))
('K.35 Musicalion', 'P1', 1, (164, 165), (18,), (3.0,), (18,), (3.0,))
('K.35 Musicalion', 'P1', 1, (236, 237), (25,), (3.0,), (25,), (3.0,))
('K.35 Musicalion', 'P1', 1, (327, 328), (33,), (3.0,), (33,), (3.0,))
('K.35 Musicalion', 'P1', 1, (347, 348), (35,), (3.0,), (35,), (3.0,))
('K.35 Musicalion', 'P1', 1, (390, 391), (38,), (3.0,), (38,), (3.0,))
('K.35 Musicalion', 'P1', 1, (419, 420), (40,), (3.0,), (40,), (3.0,))
('K.35 Musicalion', 'P1', 3, (284, 285), (35,), (3.0,), (35,), (3.0,))

34.    ((-2,), (0.5,), (4,), (0.5,)):
('K.35 Musicalion', 'P1', 1, (100, 101), (9,), (4.5,), (9,), (4.5,))
('K.35 Musicalion', 'P1', 1, (168, 169), (18,), (4.5,), (18,), (4.5,))
('K.35 Musicalion', 'P1', 1, (331, 332), (33,), (4.5,), (33,), (4.5,))
('K.35 Musicalion', 'P1', 1, (341, 342), (34,), (4.5,), (34,), (4.5,))
('K.35 Musicalion', 'P1', 1, (423, 424), (40,), (4.5,), (40,), (4.5,))
('K.35 Musicalion', 'P1', 3, (279, 280), (34,), (4.5,), (34,), (4.5,))
('K.35 Musicalion', 'P1', 3, (297, 298), (38,), (4.5,), (38,), (4.5,))

35.    ((2,), (0.5,), (4,), (0.5,)):
('K.35 Musicalion', 'P1', 1, (92, 93), (8,), (4.5,), (8,), (4.5,))
('K.35 Musicalion', 'P1', 1, (349, 350), (35,), (4.5,), (35,), (4.5,))
('K.35 Musicalion', 'P1', 3, (5, 6), (1,), (4.5,), (1,), (4.5,))
('K.35 Musicalion', 'P1', 3, (178, 179), (18,), (4.5,), (18,), (4.5,))
('K.35 Musicalion', 'P1', 3, (213, 214), (25,), (4.5,), (25,), (4.5,))
('K.35 Musicalion', 'P1', 3, (271, 272), (33,), (4.5,), (33,), (4.5,))

36.    ((2,), (0.5,), (4,), (0.0,)):
('K.35 Musicalion', 'P1', 1, (138, 139), (16,), (4.0,), (16,), (4.0,))
('K.35 Musicalion', 'P1', 1, (393, 394), (38,), (4.0,), (38,), (4.0,))
('K.35 Musicalion', 'P1', 3, (4, 5), (1,), (4.0,), (1,), (4.0,))
('K.35 Musicalion', 'P1', 3, (177, 178), (18,), (4.0,), (18,), (4.0,))
('K.35 Musicalion', 'P1', 3, (186, 187), (21,), (4.0,), (21,), (4.0,))
('K.35 Musicalion', 'P1', 3, (306, 307), (40,), (4.0,), (40,), (4.0,))

37.    ((-3,), (0.25,), (1,), (0.75,)):
('K.35 Musicalion', 'P1', 1, (172, 173), (19,), (1.75,), (19,), (1.75,))
('K.35 Musicalion', 'P1', 3, (111, 112), (12,), (1.75,), (12,), (1.75,))
('K.35 Musicalion', 'P1', 3, (127, 128), (13,), (1.75,), (13,), (1.75,))
('K.35 Musicalion', 'P1', 3, (143, 144), (14,), (1.75,), (14,), (1.75,))
('K.35 Musicalion', 'P1', 3, (159, 160), (15,), (1.75,), (15,), (1.75,))

38.    ((-7,), (0.25,), (2,), (0.75,)):
('K.35 Musicalion', 'P1', 1, (176, 177), (19,), (2.75,), (19,), (2.75,))
('K.35 Musicalion', 'P1', 1, (339, 340), (34,), (2.75,), (34,), (2.75,))
('K.35 Musicalion', 'P1', 3, (115, 116), (12,), (2.75,), (12,), (2.75,))
('K.35 Musicalion', 'P1', 3, (131, 132), (13,), (2.75,), (13,), (2.75,))
('K.35 Musicalion', 'P1', 3, (147, 148), (14,), (2.75,), (14,), (2.75,))

39.    ((2,), (1.0,), (3,), (0.0,)):
('K.35 Musicalion', 'P1', 1, (90, 91), (8,), (3.0,), (8,), (3.0,))
('K.35 Musicalion', 'P1', 3, (164, 165), (15,), (3.0,), (15,), (3.0,))
('K.35 Musicalion', 'P1', 3, (171, 172), (17,), (3.0,), (17,), (3.0,))
('K.35 Musicalion', 'P1', 3, (300, 301), (39,), (3.0,), (39,), (3.0,))

40.    ((2,), (0.5,), (3,), (0.0,)):
('K.35 Musicalion', 'P1', 1, (97, 98), (9,), (3.0,), (9,), (3.0,))
('K.35 Musicalion', 'P1', 3, (2, 3), (1,), (3.0,), (1,), (3.0,))
('K.35 Musicalion', 'P1', 3, (184, 185), (21,), (3.0,), (21,), (3.0,))
('K.35 Musicalion', 'P1', 3, (276, 277), (34,), (3.0,), (34,), (3.0,))

41.    ((-2,), (0.5,), (3,), (0.5,)):
('K.35 Musicalion', 'P1', 1, (98, 99), (9,), (3.5,), (9,), (3.5,))
('K.35 Musicalion', 'P1', 3, (176, 177), (18,), (3.5,), (18,), (3.5,))
('K.35 Musicalion', 'P1', 3, (285, 286), (35,), (3.5,), (35,), (3.5,))
('K.35 Musicalion', 'P1', 3, (305, 306), (40,), (3.5,), (40,), (3.5,))

42.    ((1,), (2.0,), (1,), (0.0,)):
('K.35 Musicalion', 'P1', 1, (256, 257), (27,), (1.0,), (27,), (1.0,))
('K.35 Musicalion', 'P1', 3, (25, 26), (4,), (1.0,), (4,), (1.0,))
('K.35 Musicalion', 'P1', 3, (47, 48), (7,), (1.0,), (7,), (1.0,))
('K.35 Musicalion', 'P1', 3, (207, 208), (24,), (1.0,), (24,), (1.0,))

43.    ((-3,), (0.25,), (1,), (0.25,)):
('K.35 Musicalion', 'P1', 1, (351, 352), (36,), (1.25,), (36,), (1.25,))
('K.35 Musicalion', 'P1', 1, (367, 368), (37,), (1.25,), (37,), (1.25,))
('K.35 Musicalion', 'P1', 1, (383, 384), (38,), (1.25,), (38,), (1.25,))
('K.35 Musicalion', 'P1', 3, (109, 110), (12,), (1.25,), (12,), (1.25,))

44.    ((-3,), (0.25,), (2,), (0.75,)):
('K.35 Musicalion', 'P1', 1, (357, 358), (36,), (2.75,), (36,), (2.75,))
('K.35 Musicalion', 'P1', 1, (373, 374), (37,), (2.75,), (37,), (2.75,))
('K.35 Musicalion', 'P1', 1, (389, 390), (38,), (2.75,), (38,), (2.75,))
('K.35 Musicalion', 'P1', 3, (67, 68), (9,), (2.75,), (9,), (2.75,))

45.    ((2,), (0.5,), (1,), (0.5,)):
('K.35 Musicalion', 'P1', 1, (94, 95), (9,), (1.5,), (9,), (1.5,))
('K.35 Musicalion', 'P1', 3, (281, 282), (35,), (1.5,), (35,), (1.5,))
('K.35 Musicalion', 'P1', 3, (309, 310), (41,), (1.5,), (41,), (1.5,))

46.    ((2,), (0.5,), (2,), (0.5,)):
('K.35 Musicalion', 'P1', 1, (96, 97), (9,), (2.5,), (9,), (2.5,))
('K.35 Musicalion', 'P1', 1, (109, 110), (11,), (2.5,), (11,), (2.5,))
('K.35 Musicalion', 'P1', 3, (51, 52), (8,), (2.5,), (8,), (2.5,))

47.    ((1,), (2.0,), (3,), (0.0,)):
('K.35 Musicalion', 'P1', 1, (273, 274), (28,), (3.0,), (28,), (3.0,))
('K.35 Musicalion', 'P1', 3, (36, 37), (5,), (3.0,), (5,), (3.0,))
('K.35 Musicalion', 'P1', 3, (196, 197), (22,), (3.0,), (22,), (3.0,))

48.    ((-5,), (0.25,), (3,), (0.75,)):
('K.35 Musicalion', 'P1', 1, (294, 295), (30,), (3.75,), (30,), (3.75,))
('K.35 Musicalion', 'P1', 1, (304, 305), (31,), (3.75,), (31,), (3.75,))
('K.35 Musicalion', 'P1', 3, (87, 88), (10,), (3.75,), (10,), (3.75,))

49.    ((4,), (1.0,), (4,), (0.0,)):
('K.35 Musicalion', 'P1', 1, (295, 296), (30,), (4.0,), (30,), (4.0,))
('K.35 Musicalion', 'P1', 1, (305, 306), (31,), (4.0,), (31,), (4.0,))
('K.35 Musicalion', 'P1', 3, (267, 268), (32,), (4.0,), (32,), (4.0,))

50.    ((4,), (1.0,), (2,), (0.0,)):
('K.35 Musicalion', 'P1', 1, (300, 301), (31,), (2.0,), (31,), (2.0,))
('K.35 Musicalion', 'P1', 1, (310, 311), (32,), (2.0,), (32,), (2.0,))
('K.35 Musicalion', 'P1', 3, (180, 181), (19,), (2.0,), (19,), (2.0,))

51.    ((7,), (0.25,), (2,), (0.75,)):
('K.35 Musicalion', 'P1', 1, (134, 135), (16,), (2.75,), (16,), (2.75,))
('K.35 Musicalion', 'P1', 1, (418, 419), (40,), (2.75,), (40,), (2.75,))

52.    ((6,), (0.25,), (2,), (0.0,)):
('K.35 Musicalion', 'P1', 1, (173, 174), (19,), (2.0,), (19,), (2.0,))
('K.35 Musicalion', 'P1', 1, (336, 337), (34,), (2.0,), (34,), (2.0,))

53.    ((6,), (0.25,), (1,), (0.0,)):
('K.35 Musicalion', 'P1', 1, (228, 229), (25,), (1.0,), (25,), (1.0,))
('K.35 Musicalion', 'P1', 1, (332, 333), (34,), (1.0,), (34,), (1.0,))

54.    ((-3,), (0.5,), (4,), (0.0,)):
('K.35 Musicalion', 'P1', 1, (111, 112), (11,), (4.0,), (11,), (4.0,))
('K.35 Musicalion', 'P1', 3, (286, 287), (35,), (4.0,), (35,), (4.0,))

55.    ((5,), (0.25,), (4,), (0.0,)):
('K.35 Musicalion', 'P1', 1, (315, 316), (32,), (4.0,), (32,), (4.0,))
('K.35 Musicalion', 'P1', 3, (88, 89), (10,), (4.0,), (10,), (4.0,))

56.    ((-3,), (2.0,), (3,), (0.0,)):
('K.35 Musicalion', 'P1', 3, (14, 15), (2,), (3.0,), (2,), (3.0,))
('K.35 Musicalion', 'P1', 3, (168, 169), (16,), (3.0,), (16,), (3.0,))

57.    ((-8,), (0.5,), (3,), (0.0,)):
('K.35 Musicalion', 'P1', 3, (181, 182), (19,), (3.0,), (19,), (3.0,))
('K.35 Musicalion', 'P1', 3, (312, 313), (41,), (3.0,), (41,), (3.0,))

