1 .    ('nomes', 'K.341 Musicalion') 

2 .    ('quantidade', 1) 

3 .    ('analise', 'sequÍncias IntDiaDurPcompasso sem contidos e intercalados') 

1 .    (((8, -6, 6, -8, 8, -5, 5, -3, 3, -5, 5, -6, 6, -8, 8, -6, 6, -5, 2, -8), (0.5, 0.5, 0.5, 0.5, 0.5, 0.5, 0.5, 0.5, 0.5, 0.5, 0.5, 0.5, 0.5, 0.5, 0.5, 0.5, 0.5, 0.5, 1.0, 1.0), (1.0, 1.5, 2.0, 2.5, 3.0, 3.5, 1.0, 1.5, 2.0, 2.5, 3.0, 3.5, 1.0, 1.5, 2.0, 2.5, 3.0, 3.5, 1.0, 2.0)), [[('K.341 Musicalion', 'P1', 2, (138, 158), (37, 1.0), (40, 2.0)), ('K.341 Musicalion', 'P1', 2, (159, 179), (41, 1.0), (44, 2.0))], [('K.341 Musicalion', 'P1', 2, (265, 285), (71, 1.0), (74, 2.0)), ('K.341 Musicalion', 'P1', 2, (286, 306), (75, 1.0), (78, 2.0))]]) 

2 .    ((((8, 1), (8, 1), (8, 1), (8, 6), -2, -2, -2, -2), ((0.0, 3.0), (0.0, 3.0), (0.0, 3.0), (0.0, 0.5), 0.5, 0.5, 0.5, 0.5), (1.0, 1.0, 1.0, 1.0, 1.5, 2.0, 2.5, 3.0)), [[('K.341 Musicalion', 'P1', 1, (158, 166), (37, 1.0), (40, 3.0)), ('K.341 Musicalion', 'P1', 1, (167, 175), (41, 1.0), (44, 3.0))], [('K.341 Musicalion', 'P1', 1, (287, 295), (71, 1.0), (74, 3.0)), ('K.341 Musicalion', 'P1', 1, (296, 304), (75, 1.0), (78, 3.0))]]) 

3 .    (((1, 1, -2, -2, 2, -2), (1.0, 1.0, 1.0, 2.0, 0.0, 0.0), (2.0, 3.0, 1.0, 2.0, 1.0, 1.0)), [[('K.341 Musicalion', 'P1', 1, (107, 113), (25, 2.0), (26, 1.0)), ('K.341 Musicalion', 'P1', 1, (114, 120), (27, 2.0), (28, 1.0))], [('K.341 Musicalion', 'P1', 1, (133, 139), (31, 2.0), (32, 1.0)), ('K.341 Musicalion', 'P1', 1, (140, 146), (33, 2.0), (34, 1.0))], [('K.341 Musicalion', 'P1', 1, (262, 268), (65, 2.0), (66, 1.0)), ('K.341 Musicalion', 'P1', 1, (269, 275), (67, 2.0), (68, 1.0))]]) 

4 .    (((8, -2, -2, -2, 2, 2), (0.5, 0.5, 0.5, 0.5, 0.5, 0.5), (1.0, 1.5, 2.0, 2.5, 3.0, 3.5)), [[('K.341 Musicalion', 'P1', 2, (61, 67), (19, 1.0), (19, 3.5)), ('K.341 Musicalion', 'P1', 2, (68, 74), (21, 1.0), (21, 3.5))], [('K.341 Musicalion', 'P1', 2, (192, 198), (51, 1.0), (51, 3.5)), ('K.341 Musicalion', 'P1', 2, (199, 205), (53, 1.0), (53, 3.5))]]) 

