1.    nomes:
K.306 Musescore

2.    quantidade:
1

3.    analise:
[('intDia', 'p1p2'), ('duracao', 'p1p2'), ('Ptempo', 'p1p2')] SemContInte Distancia: 0

1.    ((1, 1, 1, 3, 1, 1, 2, 1, -3, 1, -2, 1, 3, 1, 2, 1, -3, 1, -2, 1, 1, 1, 2, 1, -3, 1, 2, 1, -4, 1, 2, 1, -4, 1, 2, 1, -4, 1, 2, 1, -3, 1, 2, 1, -4, 1, 2, 1, -4, 1, 2, 4, 2, 2, -2, 8, 1, 1, 2, 1, -3, 1, 2, 1, -4, 1, 2, 1, -4, 1, 2, 1, -4, 1, 2, 1, -3, 1, 2, 1, -4, 1, 2, 1, -4, 1, 2, 4, 2, -8, 4, 2, 2, 2, 2, 3, 2, -5, 2, -8, 4, 2, 2, 2, 2, 3, 2, -5, 2, -8), (1.0, 1.0, 1.0, 1.25, 0.25, 0.25, 0.25, 0.25, 0.25, 0.25, 0.25, 0.25, 0.25, 0.25, 0.25, 0.25, 0.25, 0.25, 0.25, 0.25, 0.25, 0.25, 0.25, 0.25, 0.25, 0.25, 0.25, 0.25, 0.25, 0.25, 0.25, 0.25, 0.25, 0.25, 0.25, 0.25, 0.25, 0.25, 0.25, 0.25, 0.25, 0.25, 0.25, 0.25, 0.25, 0.25, 0.25, 0.25, 0.25, 0.25, 0.25, 0.5, 0.5, 0.5, 0.5, 0.25, 0.25, 0.25, 0.25, 0.25, 0.25, 0.25, 0.25, 0.25, 0.25, 0.25, 0.25, 0.25, 0.25, 0.25, 0.25, 0.25, 0.25, 0.25, 0.25, 0.25, 0.25, 0.25, 0.25, 0.25, 0.25, 0.25, 0.25, 0.25, 0.25, 0.25, 0.25, 0.5, 0.5, 0.5, 0.5, 1.5, 0.5, 1.0, 1.0, 1.5, 0.5, 0.5, 0.5, 0.5, 0.5, 1.5, 0.5, 1.0, 1.0, 1.5, 0.5, 0.5, 0.5, 0.5), (0.0, 0.0, 0.0, 0.0, 0.25, 0.5, 0.75, 0.0, 0.25, 0.5, 0.75, 0.0, 0.25, 0.5, 0.75, 0.0, 0.25, 0.5, 0.75, 0.0, 0.25, 0.5, 0.75, 0.0, 0.25, 0.5, 0.75, 0.0, 0.25, 0.5, 0.75, 0.0, 0.25, 0.5, 0.75, 0.0, 0.25, 0.5, 0.75, 0.0, 0.25, 0.5, 0.75, 0.0, 0.25, 0.5, 0.75, 0.0, 0.25, 0.5, 0.75, 0.0, 0.5, 0.0, 0.5, 0.0, 0.25, 0.5, 0.75, 0.0, 0.25, 0.5, 0.75, 0.0, 0.25, 0.5, 0.75, 0.0, 0.25, 0.5, 0.75, 0.0, 0.25, 0.5, 0.75, 0.0, 0.25, 0.5, 0.75, 0.0, 0.25, 0.5, 0.75, 0.0, 0.25, 0.5, 0.75, 0.0, 0.5, 0.0, 0.5, 0.0, 0.5, 0.0, 0.0, 0.0, 0.5, 0.0, 0.5, 0.0, 0.5, 0.0, 0.5, 0.0, 0.0, 0.0, 0.5, 0.0, 0.5, 0.0)):
('K.306 Musescore', 'P1', 3, (183, 293), (37,), (1.0,), (58,), (2.0,))
('K.306 Musescore', 'P1', 3, (431, 541), (84,), (1.0,), (105,), (2.0,))

2.    ((2, 2, -3, 2, 6, -2, -6, 2, 2, 2, -4, 2, 6, -2, -6, 2, 2, 2, 3, -4, 3, -4, 3, -4, 3, -2, 5, 1, -2, 1, -2, 1, -2, 1, -2, 1, -2, 1, -2, 1, -2, 1, 9, 1, -2, 1, -2, 1, -2, 1, 3, -4, 3, -4, 3, -4, 3, -2, 5, 1, -2, 1, -2, 1, -2, 1, -2, 1, -2, 1, -2, 1, -2, 1, 9, 1, -2, 1, -2, 1, -2, 1, 3, -4, 3, -4, 3, -4, 3, -2), (0.25, 0.25, 0.5, 0.5, 0.5, 0.5, 0.5, 0.5, 0.5, 0.5, 0.5, 0.5, 0.5, 0.5, 0.5, 0.5, 0.5, 0.5, 0.25, 0.25, 0.25, 0.25, 0.25, 0.25, 0.25, 0.25, 0.25, 0.25, 0.25, 0.25, 0.25, 0.25, 0.25, 0.25, 0.25, 0.25, 0.25, 0.25, 0.25, 0.25, 0.25, 0.25, 0.25, 0.25, 0.25, 0.25, 0.25, 0.25, 0.25, 0.25, 0.25, 0.25, 0.25, 0.25, 0.25, 0.25, 0.25, 0.25, 0.25, 0.25, 0.25, 0.25, 0.25, 0.25, 0.25, 0.25, 0.25, 0.25, 0.25, 0.25, 0.25, 0.25, 0.25, 0.25, 0.25, 0.25, 0.25, 0.25, 0.25, 0.25, 0.25, 0.25, 0.25, 0.25, 0.25, 0.25, 0.25, 0.25, 0.25, 0.25), (0.5, 0.75, 0.0, 0.5, 0.0, 0.5, 0.0, 0.5, 0.0, 0.5, 0.0, 0.5, 0.0, 0.5, 0.0, 0.5, 0.0, 0.5, 0.0, 0.25, 0.5, 0.75, 0.0, 0.25, 0.5, 0.75, 0.0, 0.25, 0.5, 0.75, 0.0, 0.25, 0.5, 0.75, 0.0, 0.25, 0.5, 0.75, 0.0, 0.25, 0.5, 0.75, 0.0, 0.25, 0.5, 0.75, 0.0, 0.25, 0.5, 0.75, 0.0, 0.25, 0.5, 0.75, 0.0, 0.25, 0.5, 0.75, 0.0, 0.25, 0.5, 0.75, 0.0, 0.25, 0.5, 0.75, 0.0, 0.25, 0.5, 0.75, 0.0, 0.25, 0.5, 0.75, 0.0, 0.25, 0.5, 0.75, 0.0, 0.25, 0.5, 0.75, 0.0, 0.25, 0.5, 0.75, 0.0, 0.25, 0.5, 0.75)):
('K.306 Musescore', 'P1', 1, (268, 358), (45,), (2.5,), (58,), (2.75,))
('K.306 Musescore', 'P1', 1, (554, 644), (92,), (2.5,), (105,), (2.75,))

3.    ((-2, -2, -2, 2, 3, 1, -5, 2, -2, -2, 1, 2, 2, 4, 1, -5, 2, -2, -2, 1, 2, 2, 4, 2, -2, -2, 1, 2, 2, -2, -2, 1, 2, 2, -2, -2, 1, 2, 2, -2, -2, 1, 2), (0.0, 0.5, 0.25, 0.25, 0.25, 0.25, 0.25, 0.25, 0.0, 0.25, 0.25, 0.25, 0.25, 0.25, 0.25, 0.25, 0.25, 0.0, 0.25, 0.25, 0.25, 0.25, 0.25, 0.25, 0.0, 0.25, 0.25, 0.25, 0.25, 0.0, 0.25, 0.25, 0.25, 0.25, 0.0, 0.25, 0.25, 0.25, 0.25, 0.0, 0.25, 0.25, 0.0), (0.0, 0.0, 0.5, 0.75, 0.0, 0.25, 0.5, 0.75, 0.0, 0.0, 0.25, 0.5, 0.75, 0.0, 0.25, 0.5, 0.75, 0.0, 0.0, 0.25, 0.5, 0.75, 0.0, 0.25, 0.5, 0.5, 0.75, 0.0, 0.25, 0.5, 0.5, 0.75, 0.0, 0.25, 0.5, 0.5, 0.75, 0.0, 0.25, 0.5, 0.5, 0.75, 0.0)):
('K.306 Musescore', 'P1', 1, (179, 222), (31,), (2.0,), (36,), (1.0,))
('K.306 Musescore', 'P1', 1, (465, 508), (79,), (1.0,), (83,), (2.0,))

4.    ((1, 1, 2, -3, 4, -3, 4, -4, 1, 1, 2, -3, 4, -3, 4, -4, 2, 2, 2, -4, 2, 2, 2, -6, 2, 6, -2, -6, 2, 2, 2, -4, 2, 6, -2, -6, 2, 2, 2, 3, -2, -3, 2), (0.25, 0.25, 0.25, 0.25, 0.25, 0.25, 0.25, 0.25, 0.25, 0.25, 0.25, 0.25, 0.25, 0.25, 0.25, 0.5, 0.5, 0.5, 0.5, 0.5, 0.5, 0.5, 0.5, 0.5, 0.5, 0.5, 0.5, 0.5, 0.5, 0.5, 0.5, 0.5, 0.5, 0.5, 0.5, 0.5, 0.5, 0.5, 0.5, 0.25, 0.25, 0.25, 0.25), (0.25, 0.5, 0.75, 0.0, 0.25, 0.5, 0.75, 0.0, 0.25, 0.5, 0.75, 0.0, 0.25, 0.5, 0.75, 0.0, 0.5, 0.0, 0.5, 0.0, 0.5, 0.0, 0.5, 0.0, 0.5, 0.0, 0.5, 0.0, 0.5, 0.0, 0.5, 0.0, 0.5, 0.0, 0.5, 0.0, 0.5, 0.0, 0.5, 0.0, 0.25, 0.5, 0.75)):
('K.306 Musescore', 'P1', 1, (223, 266), (37,), (1.25,), (45,), (1.75,))
('K.306 Musescore', 'P1', 1, (509, 552), (84,), (1.25,), (92,), (1.75,))

5.    ((2, -3, 2, 8, 1, -2, 1, -2, 1, -2, 1, -2, 1, -2, 1, -2, 1, -2, 1, 1, 4, 1, -5, 1, 4, 1, -5, 1, 4, 1, -5, 1, 4, 1, -5), (0.5, 1.0, 1.0, 0.25, 0.25, 0.25, 0.25, 0.25, 0.25, 0.25, 0.25, 0.25, 0.25, 0.25, 0.25, 0.25, 0.25, 0.25, 0.25, 0.25, 0.25, 0.25, 0.25, 0.25, 0.25, 0.25, 0.25, 0.25, 0.25, 0.25, 0.25, 0.25, 0.25, 0.25, 0.25), (0.5, 0.0, 0.0, 0.0, 0.25, 0.5, 0.75, 0.0, 0.25, 0.5, 0.75, 0.0, 0.25, 0.5, 0.75, 0.0, 0.25, 0.5, 0.75, 0.0, 0.25, 0.5, 0.75, 0.0, 0.25, 0.5, 0.75, 0.0, 0.25, 0.5, 0.75, 0.0, 0.25, 0.5, 0.75)):
('K.306 Musescore', 'P1', 3, (47, 82), (10,), (2.5,), (15,), (2.75,))
('K.306 Musescore', 'P1', 3, (356, 391), (69,), (2.5,), (74,), (2.75,))

6.    ((8, -2, -2, 1, 4, 1, -5, 1, 4, 1, -5, 3, -2, -2, -4, 6, -2, -2, -4), (0.5, 1.0, 0.5, 0.25, 0.25, 0.25, 0.25, 0.25, 0.25, 0.25, 0.25, 0.5, 0.5, 0.5, 0.5, 0.5, 0.5, 0.5, 0.5), (0.0, 0.5, 0.5, 0.0, 0.25, 0.5, 0.75, 0.0, 0.25, 0.5, 0.75, 0.0, 0.5, 0.0, 0.5, 0.0, 0.5, 0.0, 0.5)):
('K.306 Musescore', 'P1', 3, (155, 174), (30,), (1.0,), (33,), (2.5,))
('K.306 Musescore', 'P1', 3, (403, 422), (77,), (2.0,), (81,), (1.5,))

7.    ((2, -2, 2, 2, 2, 2, -2, 4, -5, 4, -5, 5, -2, -2, -2, 2), (1.5, 0.5, 0.5, 0.5, 0.5, 0.5, 0.5, 0.5, 0.5, 0.5, 0.5, 0.5, 0.0, 0.5, 0.25, 0.25), (0.0, 0.5, 0.0, 0.5, 0.0, 0.5, 0.0, 0.5, 0.0, 0.5, 0.0, 0.5, 0.0, 0.0, 0.5, 0.75)):
('K.306 Musescore', 'P1', 1, (62, 78), (12,), (1.0,), (15,), (2.75,))
('K.306 Musescore', 'P1', 1, (421, 437), (71,), (1.0,), (74,), (2.75,))

8.    ((8, 1, -2, 1, -2, 1, -2, 1, -2, 1, -2, 1, -2, 1, -2, 1), (0.25, 0.25, 0.25, 0.25, 0.25, 0.25, 0.25, 0.25, 0.25, 0.25, 0.25, 0.25, 0.25, 0.25, 0.25, 0.25), (0.0, 0.25, 0.5, 0.75, 0.0, 0.25, 0.5, 0.75, 0.0, 0.25, 0.5, 0.75, 0.0, 0.25, 0.5, 0.75)):
('K.306 Musescore', 'P1', 3, (14, 30), (6,), (1.0,), (7,), (2.75,))
('K.306 Musescore', 'P1', 3, (30, 46), (8,), (1.0,), (9,), (2.75,))

9.    ((1, -2, 1, -2, 1, -2, 1, -2, 1, -2, 1, -2, 1, -2, 1), (0.25, 0.25, 0.25, 0.25, 0.25, 0.25, 0.25, 0.25, 0.25, 0.25, 0.25, 0.25, 0.25, 0.25, 0.25), (0.25, 0.5, 0.75, 0.0, 0.25, 0.5, 0.75, 0.0, 0.25, 0.5, 0.75, 0.0, 0.25, 0.5, 0.75)):
('K.306 Musescore', 'P1', 1, (295, 310), (51,), (1.25,), (52,), (2.75,))
('K.306 Musescore', 'P1', 1, (327, 342), (55,), (1.25,), (56,), (2.75,))
('K.306 Musescore', 'P1', 1, (581, 596), (98,), (1.25,), (99,), (2.75,))
('K.306 Musescore', 'P1', 1, (613, 628), (102,), (1.25,), (103,), (2.75,))
('K.306 Musescore', 'P1', 3, (15, 30), (6,), (1.25,), (7,), (2.75,))
('K.306 Musescore', 'P1', 3, (31, 46), (8,), (1.25,), (9,), (2.75,))
('K.306 Musescore', 'P1', 3, (51, 66), (12,), (1.25,), (13,), (2.75,))
('K.306 Musescore', 'P1', 3, (109, 124), (23,), (2.25,), (25,), (1.75,))
('K.306 Musescore', 'P1', 3, (360, 375), (71,), (1.25,), (72,), (2.75,))

10.    ((-3, 3, -2, -2, -2, 2, 1, 1, 1, -2, 1, 4, 1, 4), (0.5, 0.5, 0.0, 0.5, 0.25, 0.25, 0.25, 0.25, 0.25, 0.25, 0.25, 0.25, 0.25, 0.25), (0.0, 0.5, 0.0, 0.0, 0.5, 0.75, 0.0, 0.25, 0.5, 0.75, 0.0, 0.25, 0.5, 0.75)):
('K.306 Musescore', 'P1', 1, (163, 177), (29,), (1.0,), (30,), (2.75,))
('K.306 Musescore', 'P1', 1, (449, 463), (76,), (2.0,), (78,), (1.75,))

11.    ((-8, 3, -2, 6, 2, -8, 3, -2, 6, -3, -3, -2), (0.25, 0.25, 0.25, 0.5, 0.75, 0.25, 0.25, 0.25, 0.25, 0.25, 0.25, 0.25), (0.25, 0.5, 0.75, 0.0, 0.5, 0.25, 0.5, 0.75, 0.0, 0.25, 0.5, 0.75)):
('K.306 Musescore', 'P1', 1, (360, 372), (59,), (2.25,), (61,), (1.75,))
('K.306 Musescore', 'P1', 1, (645, 657), (106,), (2.25,), (108,), (1.75,))

12.    ((2, 1, 1, 1, -2, 1, 4, 1, -5, 1, 4, 1), (0.25, 0.25, 0.25, 0.25, 0.25, 0.25, 0.25, 0.25, 0.25, 0.25, 0.25, 0.25), (0.75, 0.0, 0.25, 0.5, 0.75, 0.0, 0.25, 0.5, 0.75, 0.0, 0.25, 0.5)):
('K.306 Musescore', 'P1', 1, (436, 448), (74,), (2.75,), (76,), (1.5,))
('K.306 Musescore', 'P1', 3, (333, 345), (66,), (1.75,), (67,), (2.5,))

13.    ((3, 1, -2, 1, -2, 1, -2, 1, -2, 1, -2), (0.25, 0.25, 0.25, 0.25, 0.25, 0.25, 0.25, 0.25, 0.25, 0.25, 0.25), (0.0, 0.25, 0.5, 0.75, 0.0, 0.25, 0.5, 0.75, 0.0, 0.25, 0.5)):
('K.306 Musescore', 'P1', 1, (122, 133), (21,), (2.0,), (22,), (2.5,))
('K.306 Musescore', 'P1', 1, (405, 416), (69,), (1.0,), (70,), (1.5,))

14.    ((-3, -2, -3, 4, -5, 2, -8, 9, -3, 2, -8), (0.25, 0.25, 0.5, 0.5, 0.5, 0.5, 0.5, 0.5, 0.5, 0.5, 0.5), (0.5, 0.75, 0.0, 0.5, 0.0, 0.5, 0.0, 0.5, 0.0, 0.5, 0.0)):
('K.306 Musescore', 'P1', 3, (302, 313), (60,), (1.5,), (62,), (2.0,))
('K.306 Musescore', 'P1', 3, (550, 561), (107,), (1.5,), (109,), (2.0,))

15.    ((-3, 2, 2, -3, 2, 2, -2, 2, -2), (0.5, 0.25, 1.25, 0.5, 0.25, 1.5, 0.5, 1.5, 0.5), (0.25, 0.75, 0.0, 0.25, 0.75, 0.0, 0.5, 0.0, 0.5)):
('K.306 Musescore', 'P1', 2, (0, 9), (37,), (2.25,), (40,), (2.5,))
('K.306 Musescore', 'P1', 2, (15, 24), (84,), (2.25,), (87,), (2.5,))

16.    ((-2, -2, 3, -2, -3, -2, -3), (0.5, 0.5, 0.5, 0.5, 0.5, 0.5, 0.5), (0.0, 0.5, 0.0, 0.5, 0.0, 0.5, 0.0)):
('K.306 Musescore', 'P1', 3, (85, 92), (17,), (2.0,), (19,), (1.0,))
('K.306 Musescore', 'P1', 3, (93, 100), (19,), (2.0,), (21,), (1.0,))

17.    ((6, -2, -2, -2, -2, -2), (1.5, 0.5, 0.5, 0.5, 0.5, 0.5), (0.0, 0.5, 0.0, 0.5, 0.0, 0.5)):
('K.306 Musescore', 'P1', 1, (35, 41), (6,), (1.0,), (7,), (2.5,))
('K.306 Musescore', 'P1', 1, (41, 47), (8,), (1.0,), (9,), (2.5,))

18.    (((3, 4, 1), (3, 4, 2), (3, 4, 1), (3, 4, -2), (3, 4, 1)), ((0.0, 0.0, 0.5), (0.0, 0.0, 0.5), (0.0, 0.0, 0.5), (0.0, 0.0, 0.5), (0.0, 0.0, 0.5)), (0.0, 0.5, 0.0, 0.5, 0.0)):
('K.306 Musescore', 'P1', 3, (176, 181), (34,), (2.0,), (35,), (2.0,))
('K.306 Musescore', 'P1', 3, (424, 429), (82,), (1.0,), (83,), (1.0,))

19.    ((1, 1, 2), (0.25, 0.25, 0.25), (0.25, 0.5, 0.75)):
('K.306 Musescore', 'P1', 1, (223, 226), (37,), (1.25,), (37,), (1.75,))
('K.306 Musescore', 'P1', 1, (231, 234), (38,), (1.25,), (38,), (1.75,))
('K.306 Musescore', 'P1', 1, (509, 512), (84,), (1.25,), (84,), (1.75,))
('K.306 Musescore', 'P1', 1, (517, 520), (85,), (1.25,), (85,), (1.75,))
('K.306 Musescore', 'P1', 3, (187, 190), (39,), (1.25,), (39,), (1.75,))
('K.306 Musescore', 'P1', 3, (203, 206), (41,), (1.25,), (41,), (1.75,))
('K.306 Musescore', 'P1', 3, (435, 438), (86,), (1.25,), (86,), (1.75,))
('K.306 Musescore', 'P1', 3, (451, 454), (88,), (1.25,), (88,), (1.75,))

20.    ((-3, -3, -2), (0.25, 0.25, 0.25), (0.25, 0.5, 0.75)):
('K.306 Musescore', 'P1', 1, (369, 372), (61,), (1.25,), (61,), (1.75,))
('K.306 Musescore', 'P1', 1, (654, 657), (108,), (1.25,), (108,), (1.75,))
('K.306 Musescore', 'P1', 3, (295, 298), (59,), (1.25,), (59,), (1.75,))
('K.306 Musescore', 'P1', 3, (301, 304), (60,), (1.25,), (60,), (1.75,))

21.    (((3, -2), (3, -2), (3, 2)), ((0.0, 0.5), (0.0, 0.5), (0.0, 0.5)), (0.5, 0.0, 0.5)):
('K.306 Musescore', 'P1', 3, (3, 6), (2,), (1.5,), (2,), (2.5,))
('K.306 Musescore', 'P1', 3, (7, 10), (3,), (1.5,), (3,), (2.5,))

22.    ((2, 2), (0.5, 0.5), (0.5, 0.0)):
('K.306 Musescore', 'P1', 1, (239, 241), (39,), (1.5,), (39,), (2.0,))
('K.306 Musescore', 'P1', 1, (243, 245), (40,), (1.5,), (40,), (2.0,))
('K.306 Musescore', 'P1', 1, (251, 253), (42,), (1.5,), (42,), (2.0,))
('K.306 Musescore', 'P1', 1, (259, 261), (44,), (1.5,), (44,), (2.0,))
('K.306 Musescore', 'P1', 1, (275, 277), (47,), (1.5,), (47,), (2.0,))
('K.306 Musescore', 'P1', 1, (283, 285), (49,), (1.5,), (49,), (2.0,))
('K.306 Musescore', 'P1', 1, (394, 396), (66,), (2.5,), (67,), (1.0,))
('K.306 Musescore', 'P1', 1, (525, 527), (86,), (1.5,), (86,), (2.0,))
('K.306 Musescore', 'P1', 1, (529, 531), (87,), (1.5,), (87,), (2.0,))
('K.306 Musescore', 'P1', 1, (537, 539), (89,), (1.5,), (89,), (2.0,))
('K.306 Musescore', 'P1', 1, (545, 547), (91,), (1.5,), (91,), (2.0,))
('K.306 Musescore', 'P1', 1, (561, 563), (94,), (1.5,), (94,), (2.0,))
('K.306 Musescore', 'P1', 1, (569, 571), (96,), (1.5,), (96,), (2.0,))
('K.306 Musescore', 'P1', 3, (235, 237), (45,), (1.5,), (45,), (2.0,))
('K.306 Musescore', 'P1', 3, (483, 485), (92,), (1.5,), (92,), (2.0,))

23.    ((4, -5), (0.5, 0.5), (0.5, 0.0)):
('K.306 Musescore', 'P1', 1, (69, 71), (14,), (1.5,), (14,), (2.0,))
('K.306 Musescore', 'P1', 1, (71, 73), (14,), (2.5,), (15,), (1.0,))
('K.306 Musescore', 'P1', 1, (144, 146), (25,), (2.5,), (26,), (1.0,))
('K.306 Musescore', 'P1', 1, (146, 148), (26,), (1.5,), (26,), (2.0,))
('K.306 Musescore', 'P1', 1, (396, 398), (67,), (1.5,), (67,), (2.0,))
('K.306 Musescore', 'P1', 1, (398, 400), (67,), (2.5,), (68,), (1.0,))
('K.306 Musescore', 'P1', 1, (428, 430), (73,), (1.5,), (73,), (2.0,))
('K.306 Musescore', 'P1', 1, (430, 432), (73,), (2.5,), (74,), (1.0,))
('K.306 Musescore', 'P1', 3, (305, 307), (60,), (2.5,), (61,), (1.0,))
('K.306 Musescore', 'P1', 3, (553, 555), (107,), (2.5,), (108,), (1.0,))

24.    ((6, -2), (0.5, 0.5), (0.0, 0.5)):
('K.306 Musescore', 'P1', 1, (248, 250), (41,), (2.0,), (41,), (2.5,))
('K.306 Musescore', 'P1', 1, (256, 258), (43,), (2.0,), (43,), (2.5,))
('K.306 Musescore', 'P1', 1, (272, 274), (46,), (2.0,), (46,), (2.5,))
('K.306 Musescore', 'P1', 1, (280, 282), (48,), (2.0,), (48,), (2.5,))
('K.306 Musescore', 'P1', 1, (534, 536), (88,), (2.0,), (88,), (2.5,))
('K.306 Musescore', 'P1', 1, (542, 544), (90,), (2.0,), (90,), (2.5,))
('K.306 Musescore', 'P1', 1, (558, 560), (93,), (2.0,), (93,), (2.5,))
('K.306 Musescore', 'P1', 1, (566, 568), (95,), (2.0,), (95,), (2.5,))
('K.306 Musescore', 'P1', 3, (170, 172), (33,), (1.0,), (33,), (1.5,))
('K.306 Musescore', 'P1', 3, (418, 420), (80,), (2.0,), (80,), (2.5,))

25.    ((2, 2), (0.5, 0.5), (0.0, 0.5)):
('K.306 Musescore', 'P1', 1, (64, 66), (13,), (1.0,), (13,), (1.5,))
('K.306 Musescore', 'P1', 1, (66, 68), (13,), (2.0,), (13,), (2.5,))
('K.306 Musescore', 'P1', 1, (139, 141), (24,), (2.0,), (24,), (2.5,))
('K.306 Musescore', 'P1', 1, (141, 143), (25,), (1.0,), (25,), (1.5,))
('K.306 Musescore', 'P1', 1, (423, 425), (72,), (1.0,), (72,), (1.5,))
('K.306 Musescore', 'P1', 1, (425, 427), (72,), (2.0,), (72,), (2.5,))
('K.306 Musescore', 'P1', 3, (102, 104), (22,), (1.0,), (22,), (1.5,))
('K.306 Musescore', 'P1', 3, (355, 357), (69,), (2.0,), (69,), (2.5,))

26.    ((2, 2), (1.5, 0.5), (0.0, 0.5)):
('K.306 Musescore', 'P1', 1, (137, 139), (23,), (2.0,), (24,), (1.5,))
('K.306 Musescore', 'P1', 1, (387, 389), (64,), (1.0,), (64,), (2.5,))
('K.306 Musescore', 'P1', 3, (46, 48), (10,), (1.0,), (10,), (2.5,))
('K.306 Musescore', 'P1', 3, (274, 276), (51,), (1.0,), (51,), (2.5,))
('K.306 Musescore', 'P1', 3, (284, 286), (55,), (1.0,), (55,), (2.5,))
('K.306 Musescore', 'P1', 3, (522, 524), (98,), (1.0,), (98,), (2.5,))
('K.306 Musescore', 'P1', 3, (532, 534), (102,), (1.0,), (102,), (2.5,))

27.    ((2, -2), (1.5, 0.5), (0.0, 0.5)):
('K.306 Musescore', 'P1', 1, (62, 64), (12,), (1.0,), (12,), (2.5,))
('K.306 Musescore', 'P1', 1, (421, 423), (71,), (1.0,), (71,), (2.5,))
('K.306 Musescore', 'P1', 2, (5, 7), (39,), (1.0,), (39,), (2.5,))
('K.306 Musescore', 'P1', 2, (7, 9), (40,), (1.0,), (40,), (2.5,))
('K.306 Musescore', 'P1', 2, (20, 22), (86,), (1.0,), (86,), (2.5,))
('K.306 Musescore', 'P1', 2, (22, 24), (87,), (1.0,), (87,), (2.5,))

28.    ((-2, -2), (0.5, 0.5), (0.5, 0.0)):
('K.306 Musescore', 'P1', 1, (36, 38), (6,), (2.5,), (7,), (1.0,))
('K.306 Musescore', 'P1', 1, (38, 40), (7,), (1.5,), (7,), (2.0,))
('K.306 Musescore', 'P1', 1, (42, 44), (8,), (2.5,), (9,), (1.0,))
('K.306 Musescore', 'P1', 1, (44, 46), (9,), (1.5,), (9,), (2.0,))
('K.306 Musescore', 'P1', 3, (167, 169), (32,), (1.5,), (32,), (2.0,))
('K.306 Musescore', 'P1', 3, (415, 417), (79,), (2.5,), (80,), (1.0,))

29.    ((-3, 2), (0.5, 0.5), (0.0, 0.5)):
('K.306 Musescore', 'P1', 1, (161, 163), (28,), (2.0,), (28,), (2.5,))
('K.306 Musescore', 'P1', 1, (270, 272), (46,), (1.0,), (46,), (1.5,))
('K.306 Musescore', 'P1', 1, (556, 558), (93,), (1.0,), (93,), (1.5,))
('K.306 Musescore', 'P1', 3, (310, 312), (62,), (1.0,), (62,), (1.5,))
('K.306 Musescore', 'P1', 3, (558, 560), (109,), (1.0,), (109,), (1.5,))

30.    ((-3, -2), (0.25, 0.25), (0.5, 0.75)):
('K.306 Musescore', 'P1', 1, (663, 665), (109,), (1.5,), (109,), (1.75,))
('K.306 Musescore', 'P1', 3, (544, 546), (106,), (1.5,), (106,), (1.75,))
('K.306 Musescore', 'P1', 3, (550, 552), (107,), (1.5,), (107,), (1.75,))

31.    ((8, -7), (0.5, 0.5), (0.0, 0.5)):
('K.306 Musescore', 'P1', 3, (104, 106), (22,), (2.0,), (22,), (2.5,))
('K.306 Musescore', 'P1', 3, (106, 108), (23,), (1.0,), (23,), (1.5,))

32.    ((2,), (0.25,), (0.75,)):
('K.306 Musescore', 'P1', 1, (10, 11), (2,), (2.75,), (2,), (2.75,))
('K.306 Musescore', 'P1', 1, (18, 19), (3,), (2.75,), (3,), (2.75,))
('K.306 Musescore', 'P1', 1, (77, 78), (15,), (2.75,), (15,), (2.75,))
('K.306 Musescore', 'P1', 1, (152, 153), (27,), (1.75,), (27,), (1.75,))
('K.306 Musescore', 'P1', 1, (168, 169), (29,), (2.75,), (29,), (2.75,))
('K.306 Musescore', 'P1', 1, (182, 183), (31,), (2.75,), (31,), (2.75,))
('K.306 Musescore', 'P1', 1, (186, 187), (32,), (1.75,), (32,), (1.75,))
('K.306 Musescore', 'P1', 1, (191, 192), (32,), (2.75,), (32,), (2.75,))
('K.306 Musescore', 'P1', 1, (195, 196), (33,), (1.75,), (33,), (1.75,))
('K.306 Musescore', 'P1', 1, (200, 201), (33,), (2.75,), (33,), (2.75,))
('K.306 Musescore', 'P1', 1, (225, 226), (37,), (1.75,), (37,), (1.75,))
('K.306 Musescore', 'P1', 1, (233, 234), (38,), (1.75,), (38,), (1.75,))
('K.306 Musescore', 'P1', 1, (265, 266), (45,), (1.75,), (45,), (1.75,))
('K.306 Musescore', 'P1', 1, (269, 270), (45,), (2.75,), (45,), (2.75,))
('K.306 Musescore', 'P1', 1, (404, 405), (68,), (2.75,), (68,), (2.75,))
('K.306 Musescore', 'P1', 1, (436, 437), (74,), (2.75,), (74,), (2.75,))
('K.306 Musescore', 'P1', 1, (454, 455), (77,), (1.75,), (77,), (1.75,))
('K.306 Musescore', 'P1', 1, (468, 469), (79,), (1.75,), (79,), (1.75,))
('K.306 Musescore', 'P1', 1, (472, 473), (79,), (2.75,), (79,), (2.75,))
('K.306 Musescore', 'P1', 1, (477, 478), (80,), (1.75,), (80,), (1.75,))
('K.306 Musescore', 'P1', 1, (481, 482), (80,), (2.75,), (80,), (2.75,))
('K.306 Musescore', 'P1', 1, (486, 487), (81,), (1.75,), (81,), (1.75,))
('K.306 Musescore', 'P1', 1, (511, 512), (84,), (1.75,), (84,), (1.75,))
('K.306 Musescore', 'P1', 1, (519, 520), (85,), (1.75,), (85,), (1.75,))
('K.306 Musescore', 'P1', 1, (551, 552), (92,), (1.75,), (92,), (1.75,))
('K.306 Musescore', 'P1', 1, (555, 556), (92,), (2.75,), (92,), (2.75,))
('K.306 Musescore', 'P1', 1, (660, 661), (108,), (2.75,), (108,), (2.75,))
('K.306 Musescore', 'P1', 2, (1, 2), (37,), (2.75,), (37,), (2.75,))
('K.306 Musescore', 'P1', 2, (4, 5), (38,), (2.75,), (38,), (2.75,))
('K.306 Musescore', 'P1', 2, (16, 17), (84,), (2.75,), (84,), (2.75,))
('K.306 Musescore', 'P1', 2, (19, 20), (85,), (2.75,), (85,), (2.75,))
('K.306 Musescore', 'P1', 3, (189, 190), (39,), (1.75,), (39,), (1.75,))
('K.306 Musescore', 'P1', 3, (197, 198), (40,), (1.75,), (40,), (1.75,))
('K.306 Musescore', 'P1', 3, (205, 206), (41,), (1.75,), (41,), (1.75,))
('K.306 Musescore', 'P1', 3, (209, 210), (41,), (2.75,), (41,), (2.75,))
('K.306 Musescore', 'P1', 3, (213, 214), (42,), (1.75,), (42,), (1.75,))
('K.306 Musescore', 'P1', 3, (217, 218), (42,), (2.75,), (42,), (2.75,))
('K.306 Musescore', 'P1', 3, (221, 222), (43,), (1.75,), (43,), (1.75,))
('K.306 Musescore', 'P1', 3, (225, 226), (43,), (2.75,), (43,), (2.75,))
('K.306 Musescore', 'P1', 3, (229, 230), (44,), (1.75,), (44,), (1.75,))
('K.306 Musescore', 'P1', 3, (233, 234), (44,), (2.75,), (44,), (2.75,))
('K.306 Musescore', 'P1', 3, (241, 242), (46,), (1.75,), (46,), (1.75,))
('K.306 Musescore', 'P1', 3, (245, 246), (46,), (2.75,), (46,), (2.75,))
('K.306 Musescore', 'P1', 3, (249, 250), (47,), (1.75,), (47,), (1.75,))
('K.306 Musescore', 'P1', 3, (253, 254), (47,), (2.75,), (47,), (2.75,))
('K.306 Musescore', 'P1', 3, (257, 258), (48,), (1.75,), (48,), (1.75,))
('K.306 Musescore', 'P1', 3, (261, 262), (48,), (2.75,), (48,), (2.75,))
('K.306 Musescore', 'P1', 3, (265, 266), (49,), (1.75,), (49,), (1.75,))
('K.306 Musescore', 'P1', 3, (269, 270), (49,), (2.75,), (49,), (2.75,))
('K.306 Musescore', 'P1', 3, (325, 326), (65,), (1.75,), (65,), (1.75,))
('K.306 Musescore', 'P1', 3, (333, 334), (66,), (1.75,), (66,), (1.75,))
('K.306 Musescore', 'P1', 3, (437, 438), (86,), (1.75,), (86,), (1.75,))
('K.306 Musescore', 'P1', 3, (445, 446), (87,), (1.75,), (87,), (1.75,))
('K.306 Musescore', 'P1', 3, (453, 454), (88,), (1.75,), (88,), (1.75,))
('K.306 Musescore', 'P1', 3, (457, 458), (88,), (2.75,), (88,), (2.75,))
('K.306 Musescore', 'P1', 3, (461, 462), (89,), (1.75,), (89,), (1.75,))
('K.306 Musescore', 'P1', 3, (465, 466), (89,), (2.75,), (89,), (2.75,))
('K.306 Musescore', 'P1', 3, (469, 470), (90,), (1.75,), (90,), (1.75,))
('K.306 Musescore', 'P1', 3, (473, 474), (90,), (2.75,), (90,), (2.75,))
('K.306 Musescore', 'P1', 3, (477, 478), (91,), (1.75,), (91,), (1.75,))
('K.306 Musescore', 'P1', 3, (481, 482), (91,), (2.75,), (91,), (2.75,))
('K.306 Musescore', 'P1', 3, (489, 490), (93,), (1.75,), (93,), (1.75,))
('K.306 Musescore', 'P1', 3, (493, 494), (93,), (2.75,), (93,), (2.75,))
('K.306 Musescore', 'P1', 3, (497, 498), (94,), (1.75,), (94,), (1.75,))
('K.306 Musescore', 'P1', 3, (501, 502), (94,), (2.75,), (94,), (2.75,))
('K.306 Musescore', 'P1', 3, (505, 506), (95,), (1.75,), (95,), (1.75,))
('K.306 Musescore', 'P1', 3, (509, 510), (95,), (2.75,), (95,), (2.75,))
('K.306 Musescore', 'P1', 3, (513, 514), (96,), (1.75,), (96,), (1.75,))
('K.306 Musescore', 'P1', 3, (517, 518), (96,), (2.75,), (96,), (2.75,))

33.    ((-2,), (0.5,), (0.5,)):
('K.306 Musescore', 'P1', 1, (36, 37), (6,), (2.5,), (6,), (2.5,))
('K.306 Musescore', 'P1', 1, (38, 39), (7,), (1.5,), (7,), (1.5,))
('K.306 Musescore', 'P1', 1, (40, 41), (7,), (2.5,), (7,), (2.5,))
('K.306 Musescore', 'P1', 1, (42, 43), (8,), (2.5,), (8,), (2.5,))
('K.306 Musescore', 'P1', 1, (44, 45), (9,), (1.5,), (9,), (1.5,))
('K.306 Musescore', 'P1', 1, (46, 47), (9,), (2.5,), (9,), (2.5,))
('K.306 Musescore', 'P1', 1, (63, 64), (12,), (2.5,), (12,), (2.5,))
('K.306 Musescore', 'P1', 1, (249, 250), (41,), (2.5,), (41,), (2.5,))
('K.306 Musescore', 'P1', 1, (257, 258), (43,), (2.5,), (43,), (2.5,))
('K.306 Musescore', 'P1', 1, (273, 274), (46,), (2.5,), (46,), (2.5,))
('K.306 Musescore', 'P1', 1, (281, 282), (48,), (2.5,), (48,), (2.5,))
('K.306 Musescore', 'P1', 1, (422, 423), (71,), (2.5,), (71,), (2.5,))
('K.306 Musescore', 'P1', 1, (535, 536), (88,), (2.5,), (88,), (2.5,))
('K.306 Musescore', 'P1', 1, (543, 544), (90,), (2.5,), (90,), (2.5,))
('K.306 Musescore', 'P1', 1, (559, 560), (93,), (2.5,), (93,), (2.5,))
('K.306 Musescore', 'P1', 1, (567, 568), (95,), (2.5,), (95,), (2.5,))
('K.306 Musescore', 'P1', 2, (6, 7), (39,), (2.5,), (39,), (2.5,))
('K.306 Musescore', 'P1', 2, (8, 9), (40,), (2.5,), (40,), (2.5,))
('K.306 Musescore', 'P1', 2, (21, 22), (86,), (2.5,), (86,), (2.5,))
('K.306 Musescore', 'P1', 2, (23, 24), (87,), (2.5,), (87,), (2.5,))
('K.306 Musescore', 'P1', 3, (86, 87), (17,), (2.5,), (17,), (2.5,))
('K.306 Musescore', 'P1', 3, (88, 89), (18,), (1.5,), (18,), (1.5,))
('K.306 Musescore', 'P1', 3, (90, 91), (18,), (2.5,), (18,), (2.5,))
('K.306 Musescore', 'P1', 3, (94, 95), (19,), (2.5,), (19,), (2.5,))
('K.306 Musescore', 'P1', 3, (96, 97), (20,), (1.5,), (20,), (1.5,))
('K.306 Musescore', 'P1', 3, (98, 99), (20,), (2.5,), (20,), (2.5,))
('K.306 Musescore', 'P1', 3, (142, 143), (28,), (1.5,), (28,), (1.5,))
('K.306 Musescore', 'P1', 3, (157, 158), (30,), (2.5,), (30,), (2.5,))
('K.306 Musescore', 'P1', 3, (167, 168), (32,), (1.5,), (32,), (1.5,))
('K.306 Musescore', 'P1', 3, (171, 172), (33,), (1.5,), (33,), (1.5,))
('K.306 Musescore', 'P1', 3, (237, 238), (45,), (2.5,), (45,), (2.5,))
('K.306 Musescore', 'P1', 3, (394, 395), (76,), (1.5,), (76,), (1.5,))
('K.306 Musescore', 'P1', 3, (405, 406), (78,), (1.5,), (78,), (1.5,))
('K.306 Musescore', 'P1', 3, (415, 416), (79,), (2.5,), (79,), (2.5,))
('K.306 Musescore', 'P1', 3, (419, 420), (80,), (2.5,), (80,), (2.5,))
('K.306 Musescore', 'P1', 3, (485, 486), (92,), (2.5,), (92,), (2.5,))

34.    ((2,), (0.5,), (0.5,)):
('K.306 Musescore', 'P1', 1, (241, 242), (39,), (2.5,), (39,), (2.5,))
('K.306 Musescore', 'P1', 1, (245, 246), (40,), (2.5,), (40,), (2.5,))
('K.306 Musescore', 'P1', 1, (247, 248), (41,), (1.5,), (41,), (1.5,))
('K.306 Musescore', 'P1', 1, (253, 254), (42,), (2.5,), (42,), (2.5,))
('K.306 Musescore', 'P1', 1, (255, 256), (43,), (1.5,), (43,), (1.5,))
('K.306 Musescore', 'P1', 1, (261, 262), (44,), (2.5,), (44,), (2.5,))
('K.306 Musescore', 'P1', 1, (277, 278), (47,), (2.5,), (47,), (2.5,))
('K.306 Musescore', 'P1', 1, (279, 280), (48,), (1.5,), (48,), (1.5,))
('K.306 Musescore', 'P1', 1, (285, 286), (49,), (2.5,), (49,), (2.5,))
('K.306 Musescore', 'P1', 1, (391, 392), (65,), (2.5,), (65,), (2.5,))
('K.306 Musescore', 'P1', 1, (527, 528), (86,), (2.5,), (86,), (2.5,))
('K.306 Musescore', 'P1', 1, (531, 532), (87,), (2.5,), (87,), (2.5,))
('K.306 Musescore', 'P1', 1, (533, 534), (88,), (1.5,), (88,), (1.5,))
('K.306 Musescore', 'P1', 1, (539, 540), (89,), (2.5,), (89,), (2.5,))
('K.306 Musescore', 'P1', 1, (541, 542), (90,), (1.5,), (90,), (1.5,))
('K.306 Musescore', 'P1', 1, (547, 548), (91,), (2.5,), (91,), (2.5,))
('K.306 Musescore', 'P1', 1, (563, 564), (94,), (2.5,), (94,), (2.5,))
('K.306 Musescore', 'P1', 1, (565, 566), (95,), (1.5,), (95,), (1.5,))
('K.306 Musescore', 'P1', 1, (571, 572), (96,), (2.5,), (96,), (2.5,))
('K.306 Musescore', 'P1', 3, (11, 12), (4,), (2.5,), (4,), (2.5,))
('K.306 Musescore', 'P1', 3, (271, 272), (50,), (1.5,), (50,), (1.5,))
('K.306 Musescore', 'P1', 3, (279, 280), (53,), (2.5,), (53,), (2.5,))
('K.306 Musescore', 'P1', 3, (281, 282), (54,), (1.5,), (54,), (1.5,))
('K.306 Musescore', 'P1', 3, (289, 290), (57,), (2.5,), (57,), (2.5,))
('K.306 Musescore', 'P1', 3, (291, 292), (58,), (1.5,), (58,), (1.5,))
('K.306 Musescore', 'P1', 3, (307, 308), (61,), (1.5,), (61,), (1.5,))
('K.306 Musescore', 'P1', 3, (519, 520), (97,), (1.5,), (97,), (1.5,))
('K.306 Musescore', 'P1', 3, (527, 528), (100,), (2.5,), (100,), (2.5,))
('K.306 Musescore', 'P1', 3, (529, 530), (101,), (1.5,), (101,), (1.5,))
('K.306 Musescore', 'P1', 3, (537, 538), (104,), (2.5,), (104,), (2.5,))
('K.306 Musescore', 'P1', 3, (539, 540), (105,), (1.5,), (105,), (1.5,))
('K.306 Musescore', 'P1', 3, (555, 556), (108,), (1.5,), (108,), (1.5,))

35.    ((-4,), (0.25,), (0.25,)):
('K.306 Musescore', 'P1', 1, (287, 288), (50,), (1.25,), (50,), (1.25,))
('K.306 Musescore', 'P1', 1, (291, 292), (50,), (2.25,), (50,), (2.25,))
('K.306 Musescore', 'P1', 1, (319, 320), (54,), (1.25,), (54,), (1.25,))
('K.306 Musescore', 'P1', 1, (323, 324), (54,), (2.25,), (54,), (2.25,))
('K.306 Musescore', 'P1', 1, (351, 352), (58,), (1.25,), (58,), (1.25,))
('K.306 Musescore', 'P1', 1, (355, 356), (58,), (2.25,), (58,), (2.25,))
('K.306 Musescore', 'P1', 1, (573, 574), (97,), (1.25,), (97,), (1.25,))
('K.306 Musescore', 'P1', 1, (577, 578), (97,), (2.25,), (97,), (2.25,))
('K.306 Musescore', 'P1', 1, (605, 606), (101,), (1.25,), (101,), (1.25,))
('K.306 Musescore', 'P1', 1, (609, 610), (101,), (2.25,), (101,), (2.25,))
('K.306 Musescore', 'P1', 1, (637, 638), (105,), (1.25,), (105,), (1.25,))
('K.306 Musescore', 'P1', 1, (641, 642), (105,), (2.25,), (105,), (2.25,))
('K.306 Musescore', 'P1', 3, (211, 212), (42,), (1.25,), (42,), (1.25,))
('K.306 Musescore', 'P1', 3, (215, 216), (42,), (2.25,), (42,), (2.25,))
('K.306 Musescore', 'P1', 3, (219, 220), (43,), (1.25,), (43,), (1.25,))
('K.306 Musescore', 'P1', 3, (227, 228), (44,), (1.25,), (44,), (1.25,))
('K.306 Musescore', 'P1', 3, (231, 232), (44,), (2.25,), (44,), (2.25,))
('K.306 Musescore', 'P1', 3, (247, 248), (47,), (1.25,), (47,), (1.25,))
('K.306 Musescore', 'P1', 3, (251, 252), (47,), (2.25,), (47,), (2.25,))
('K.306 Musescore', 'P1', 3, (255, 256), (48,), (1.25,), (48,), (1.25,))
('K.306 Musescore', 'P1', 3, (263, 264), (49,), (1.25,), (49,), (1.25,))
('K.306 Musescore', 'P1', 3, (267, 268), (49,), (2.25,), (49,), (2.25,))
('K.306 Musescore', 'P1', 3, (459, 460), (89,), (1.25,), (89,), (1.25,))
('K.306 Musescore', 'P1', 3, (463, 464), (89,), (2.25,), (89,), (2.25,))
('K.306 Musescore', 'P1', 3, (467, 468), (90,), (1.25,), (90,), (1.25,))
('K.306 Musescore', 'P1', 3, (475, 476), (91,), (1.25,), (91,), (1.25,))
('K.306 Musescore', 'P1', 3, (479, 480), (91,), (2.25,), (91,), (2.25,))
('K.306 Musescore', 'P1', 3, (495, 496), (94,), (1.25,), (94,), (1.25,))
('K.306 Musescore', 'P1', 3, (499, 500), (94,), (2.25,), (94,), (2.25,))
('K.306 Musescore', 'P1', 3, (503, 504), (95,), (1.25,), (95,), (1.25,))
('K.306 Musescore', 'P1', 3, (511, 512), (96,), (1.25,), (96,), (1.25,))
('K.306 Musescore', 'P1', 3, (515, 516), (96,), (2.25,), (96,), (2.25,))

36.    ((2,), (1.5,), (0.0,)):
('K.306 Musescore', 'P1', 1, (62, 63), (12,), (1.0,), (12,), (1.0,))
('K.306 Musescore', 'P1', 1, (137, 138), (23,), (2.0,), (23,), (2.0,))
('K.306 Musescore', 'P1', 1, (387, 388), (64,), (1.0,), (64,), (1.0,))
('K.306 Musescore', 'P1', 1, (421, 422), (71,), (1.0,), (71,), (1.0,))
('K.306 Musescore', 'P1', 2, (5, 6), (39,), (1.0,), (39,), (1.0,))
('K.306 Musescore', 'P1', 2, (7, 8), (40,), (1.0,), (40,), (1.0,))
('K.306 Musescore', 'P1', 2, (20, 21), (86,), (1.0,), (86,), (1.0,))
('K.306 Musescore', 'P1', 2, (22, 23), (87,), (1.0,), (87,), (1.0,))
('K.306 Musescore', 'P1', 3, (46, 47), (10,), (1.0,), (10,), (1.0,))
('K.306 Musescore', 'P1', 3, (274, 275), (51,), (1.0,), (51,), (1.0,))
('K.306 Musescore', 'P1', 3, (284, 285), (55,), (1.0,), (55,), (1.0,))
('K.306 Musescore', 'P1', 3, (522, 523), (98,), (1.0,), (98,), (1.0,))
('K.306 Musescore', 'P1', 3, (532, 533), (102,), (1.0,), (102,), (1.0,))

37.    ((-2,), (0.5,), (0.0,)):
('K.306 Musescore', 'P1', 1, (68, 69), (14,), (1.0,), (14,), (1.0,))
('K.306 Musescore', 'P1', 1, (75, 76), (15,), (2.0,), (15,), (2.0,))
('K.306 Musescore', 'P1', 1, (143, 144), (25,), (2.0,), (25,), (2.0,))
('K.306 Musescore', 'P1', 1, (150, 151), (27,), (1.0,), (27,), (1.0,))
('K.306 Musescore', 'P1', 1, (166, 167), (29,), (2.0,), (29,), (2.0,))
('K.306 Musescore', 'P1', 1, (180, 181), (31,), (2.0,), (31,), (2.0,))
('K.306 Musescore', 'P1', 1, (402, 403), (68,), (2.0,), (68,), (2.0,))
('K.306 Musescore', 'P1', 1, (427, 428), (73,), (1.0,), (73,), (1.0,))
('K.306 Musescore', 'P1', 1, (434, 435), (74,), (2.0,), (74,), (2.0,))
('K.306 Musescore', 'P1', 1, (452, 453), (77,), (1.0,), (77,), (1.0,))
('K.306 Musescore', 'P1', 1, (466, 467), (79,), (1.0,), (79,), (1.0,))
('K.306 Musescore', 'P1', 3, (172, 173), (33,), (2.0,), (33,), (2.0,))
('K.306 Musescore', 'P1', 3, (420, 421), (81,), (1.0,), (81,), (1.0,))

38.    ((-3,), (0.5,), (0.0,)):
('K.306 Musescore', 'P1', 1, (163, 164), (29,), (1.0,), (29,), (1.0,))
('K.306 Musescore', 'P1', 1, (177, 178), (31,), (1.0,), (31,), (1.0,))
('K.306 Musescore', 'P1', 1, (389, 390), (65,), (1.0,), (65,), (1.0,))
('K.306 Musescore', 'P1', 1, (392, 393), (66,), (1.0,), (66,), (1.0,))
('K.306 Musescore', 'P1', 1, (449, 450), (76,), (2.0,), (76,), (2.0,))
('K.306 Musescore', 'P1', 3, (89, 90), (18,), (2.0,), (18,), (2.0,))
('K.306 Musescore', 'P1', 3, (91, 92), (19,), (1.0,), (19,), (1.0,))
('K.306 Musescore', 'P1', 3, (97, 98), (20,), (2.0,), (20,), (2.0,))
('K.306 Musescore', 'P1', 3, (99, 100), (21,), (1.0,), (21,), (1.0,))
('K.306 Musescore', 'P1', 3, (298, 299), (59,), (2.0,), (59,), (2.0,))
('K.306 Musescore', 'P1', 3, (304, 305), (60,), (2.0,), (60,), (2.0,))
('K.306 Musescore', 'P1', 3, (546, 547), (106,), (2.0,), (106,), (2.0,))
('K.306 Musescore', 'P1', 3, (552, 553), (107,), (2.0,), (107,), (2.0,))

39.    ((2,), (1.0,), (0.0,)):
('K.306 Musescore', 'P1', 2, (12, 13), (65,), (2.0,), (65,), (2.0,))
('K.306 Musescore', 'P1', 3, (12, 13), (5,), (1.0,), (5,), (1.0,))
('K.306 Musescore', 'P1', 3, (49, 50), (11,), (2.0,), (11,), (2.0,))
('K.306 Musescore', 'P1', 3, (276, 277), (52,), (1.0,), (52,), (1.0,))
('K.306 Musescore', 'P1', 3, (277, 278), (52,), (2.0,), (52,), (2.0,))
('K.306 Musescore', 'P1', 3, (286, 287), (56,), (1.0,), (56,), (1.0,))
('K.306 Musescore', 'P1', 3, (287, 288), (56,), (2.0,), (56,), (2.0,))
('K.306 Musescore', 'P1', 3, (358, 359), (70,), (2.0,), (70,), (2.0,))
('K.306 Musescore', 'P1', 3, (524, 525), (99,), (1.0,), (99,), (1.0,))
('K.306 Musescore', 'P1', 3, (525, 526), (99,), (2.0,), (99,), (2.0,))
('K.306 Musescore', 'P1', 3, (534, 535), (103,), (1.0,), (103,), (1.0,))
('K.306 Musescore', 'P1', 3, (535, 536), (103,), (2.0,), (103,), (2.0,))

40.    ((5,), (0.25,), (0.0,)):
('K.306 Musescore', 'P1', 1, (19, 20), (4,), (1.0,), (4,), (1.0,))
('K.306 Musescore', 'P1', 1, (294, 295), (51,), (1.0,), (51,), (1.0,))
('K.306 Musescore', 'P1', 1, (326, 327), (55,), (1.0,), (55,), (1.0,))
('K.306 Musescore', 'P1', 1, (580, 581), (98,), (1.0,), (98,), (1.0,))
('K.306 Musescore', 'P1', 1, (612, 613), (102,), (1.0,), (102,), (1.0,))
('K.306 Musescore', 'P1', 3, (294, 295), (59,), (1.0,), (59,), (1.0,))
('K.306 Musescore', 'P1', 3, (300, 301), (60,), (1.0,), (60,), (1.0,))

41.    ((1,), (0.25,), (0.75,)):
('K.306 Musescore', 'P1', 1, (22, 23), (4,), (1.75,), (4,), (1.75,))
('K.306 Musescore', 'P1', 1, (26, 27), (4,), (2.75,), (4,), (2.75,))
('K.306 Musescore', 'P1', 1, (30, 31), (5,), (1.75,), (5,), (1.75,))
('K.306 Musescore', 'P1', 1, (383, 384), (62,), (2.75,), (62,), (2.75,))
('K.306 Musescore', 'P1', 1, (668, 669), (109,), (2.75,), (109,), (2.75,))
('K.306 Musescore', 'P1', 3, (317, 318), (64,), (1.75,), (64,), (1.75,))

42.    ((8,), (0.5,), (0.0,)):
('K.306 Musescore', 'P1', 1, (358, 359), (59,), (1.0,), (59,), (1.0,))
('K.306 Musescore', 'P1', 3, (104, 105), (22,), (2.0,), (22,), (2.0,))
('K.306 Musescore', 'P1', 3, (106, 107), (23,), (1.0,), (23,), (1.0,))
('K.306 Musescore', 'P1', 3, (140, 141), (27,), (2.0,), (27,), (2.0,))
('K.306 Musescore', 'P1', 3, (155, 156), (30,), (1.0,), (30,), (1.0,))
('K.306 Musescore', 'P1', 3, (403, 404), (77,), (2.0,), (77,), (2.0,))

43.    ((-5,), (0.5,), (0.0,)):
('K.306 Musescore', 'P1', 1, (463, 464), (78,), (2.0,), (78,), (2.0,))
('K.306 Musescore', 'P1', 3, (280, 281), (54,), (1.0,), (54,), (1.0,))
('K.306 Musescore', 'P1', 3, (290, 291), (58,), (1.0,), (58,), (1.0,))
('K.306 Musescore', 'P1', 3, (528, 529), (101,), (1.0,), (101,), (1.0,))
('K.306 Musescore', 'P1', 3, (538, 539), (105,), (1.0,), (105,), (1.0,))

44.    ((2,), (1.25,), (0.0,)):
('K.306 Musescore', 'P1', 1, (644, 645), (106,), (1.0,), (106,), (1.0,))
('K.306 Musescore', 'P1', 2, (2, 3), (38,), (1.0,), (38,), (1.0,))
('K.306 Musescore', 'P1', 2, (17, 18), (85,), (1.0,), (85,), (1.0,))

45.    ((3,), (0.25,), (0.0,)):
('K.306 Musescore', 'P1', 1, (372, 373), (61,), (2.0,), (61,), (2.0,))
('K.306 Musescore', 'P1', 1, (376, 377), (62,), (1.0,), (62,), (1.0,))

46.    ((2,), (2.0,), (0.0,)):
('K.306 Musescore', 'P1', 1, (385, 386), (63,), (1.0,), (63,), (1.0,))
('K.306 Musescore', 'P1', 2, (10, 11), (64,), (1.0,), (64,), (1.0,))

47.    ((-2,), (1.0,), (0.0,)):
('K.306 Musescore', 'P1', 2, (11, 12), (65,), (1.0,), (65,), (1.0,))
('K.306 Musescore', 'P1', 2, (13, 14), (66,), (1.0,), (66,), (1.0,))

48.    ((8,), (1.0,), (0.0,)):
('K.306 Musescore', 'P1', 3, (82, 83), (16,), (1.0,), (16,), (1.0,))
('K.306 Musescore', 'P1', 3, (84, 85), (17,), (1.0,), (17,), (1.0,))

49.    ((11,), (0.5,), (0.5,)):
('K.306 Musescore', 'P1', 3, (92, 93), (19,), (1.5,), (19,), (1.5,))
('K.306 Musescore', 'P1', 3, (293, 294), (58,), (2.5,), (58,), (2.5,))

50.    ((-5,), (0.5,), (0.5,)):
('K.306 Musescore', 'P1', 3, (547, 548), (106,), (2.5,), (106,), (2.5,))
('K.306 Musescore', 'P1', 3, (561, 562), (109,), (2.5,), (109,), (2.5,))

