1.    nomes:
K.269 KernScores

2.    quantidade:
1

3.    analise:
[('intDia', 'p1p2'), ('duracao', 'p1p2'), ('Ptempo', 'p1')] SemContInte Distancia: 0

1.    ((-2, -3, 2, -3, 4, -3, 3, -3, 1, 4, -3, 4, -3, 4, -3, -3, -4, 3, -2, 6, (3, -2), (3, -2), (3, -2), (3, -2), (3, -5), 3, 4, -7, 3, 4), (4.0, 1.0, 2.0, 1.0, 2.0, 1.0, 2.0, 1.0, 1.0, 1.0, 1.0, 2.0, 1.0, 2.0, 1.0, 1.0, 1.0, 1.0, 1.0, 1.0, (0.0, 1.0), (0.0, 1.0), (0.0, 1.0), (0.0, 1.0), (0.0, 1.0), 1.0, 1.0, 1.0, 1.0, 1.0), (0.0,)):
('K.269 KernScores', 'P1', 1, (110, 140), (22,), (4.0,), (28,), (5.0,))
('K.269 KernScores', 'P1', 1, (143, 173), (29,), (4.0,), (35,), (5.0,))

2.    ((8, 3, -11, 8, 3, -11, 8, 3, -11, 10, 3, -13, 11, 3, -14, 13, 3, -16, 15, 3, -18, 8, -5, 8, 2, -8, -5), (1.0, 1.0, 1.0, 1.0, 1.0, 1.0, 1.0, 1.0, 1.0, 1.0, 1.0, 1.0, 1.0, 1.0, 1.0, 1.0, 1.0, 1.0, 1.0, 1.0, 1.0, 3.0, 3.0, 3.0, 3.0, 3.0, 3.0), (0.0,)):
('K.269 KernScores', 'P2', 1, (69, 96), (22,), (4.0,), (28,), (4.0,))
('K.269 KernScores', 'P2', 1, (99, 126), (29,), (4.0,), (35,), (4.0,))

3.    ((-4, 2, -3, -5, 2, (3, 3, 8), -4, 2, -3, -5, 2, (3, 3, 8), -2, -2, 2, 2, -2, 5, -5, -2, 2, 2, -2), (1.0, 1.0, 1.0, 1.0, 1.0, (0.0, 0.0, 1.0), 1.0, 1.0, 1.0, 1.0, 1.0, (0.0, 0.0, 1.0), 1.0, 1.0, 1.0, 1.0, 1.0, 1.0, 1.0, 1.0, 1.0, 1.0, 1.0), (0.0,)):
('K.269 KernScores', 'P1', 1, (192, 215), (42,), (2.0,), (45,), (6.0,))
('K.269 KernScores', 'P1', 1, (216, 239), (48,), (2.0,), (51,), (6.0,))

4.    ((-2, -2, 2, -2, 7, -2, 2, -2, -2, -2, 2, -2, -2, -2, 2, -2, -2, -2, -2), (1.0, 1.0, 1.0, 1.0, 1.0, 1.0, 1.0, 0.0, 1.0, 1.0, 1.0, 0.0, 1.0, 1.0, 1.0, 0.0, 1.0, 1.0, 1.0), (0.0,)):
('K.269 KernScores', 'P1', 1, (262, 281), (57,), (3.0,), (59,), (6.0,))
('K.269 KernScores', 'P1', 1, (283, 302), (60,), (3.0,), (62,), (6.0,))

5.    ((-3, 2, -3, 4, -3, 3, -3, 4, -3, 4, -3, 2, -4, 2, -4, 1, 2, -4), (1.0, 2.0, 1.0, 2.0, 1.0, 2.0, 1.0, 2.0, 1.0, 2.0, 1.0, 2.0, 1.0, 2.0, 1.0, 1.0, 1.0, 1.0), (0.0,)):
('K.269 KernScores', 'P1', 1, (326, 344), (68,), (2.0,), (72,), (2.0,))
('K.269 KernScores', 'P1', 1, (356, 374), (75,), (2.0,), (79,), (2.0,))

6.    (((8, -2), (8, -2), (8, 2), (8, -4), (8, 2), (8, 2), (8, 8), (4, 3, 1), (5, 1), (4, 3, 1), (5, 1), (3, 6, 2), (3, 4, -2), (3, 6, 2)), ((0.0, 1.0), (0.0, 1.0), (0.0, 1.0), (0.0, 1.0), (0.0, 1.0), (0.0, 1.0), (0.0, 3.0), (0.0, 0.0, 3.0), (0.0, 3.0), (0.0, 0.0, 3.0), (0.0, 3.0), (0.0, 0.0, 3.0), (0.0, 0.0, 3.0), (0.0, 0.0, 3.0)), (0.0,)):
('K.269 KernScores', 'P2', 1, (135, 149), (41,), (1.0,), (45,), (4.0,))
('K.269 KernScores', 'P2', 1, (155, 169), (47,), (1.0,), (51,), (4.0,))

7.    ((6, -2, 3, -5, 2, 6, -7, 2, 4, 2, -4), (1.0, 1.0, 1.0, 1.0, 1.0, 1.0, 1.0, 1.0, 1.0, 1.0, 1.0), (0.0,)):
('K.269 KernScores', 'P1', 1, (86, 97), (18,), (4.0,), (20,), (2.0,))
('K.269 KernScores', 'P1', 1, (98, 109), (20,), (4.0,), (22,), (2.0,))

8.    ((-3, 4, -5, 2, -2, -2), (1.0, 2.0, 1.0, 1.0, 1.0, 1.0), (0.0,)):
('K.269 KernScores', 'P1', 1, (345, 351), (72,), (5.0,), (73,), (5.0,))
('K.269 KernScores', 'P1', 1, (376, 382), (79,), (5.0,), (80,), (5.0,))

9.    ((3, (3, -2), (3, -2), (3, -2), (3, -2), (3, 2)), (1.0, (0.0, 1.0), (0.0, 1.0), (0.0, 1.0), (0.0, 1.0), (0.0, 1.0)), (0.0,)):
('K.269 KernScores', 'P1', 1, (388, 394), (82,), (1.0,), (82,), (6.0,))
('K.269 KernScores', 'P1', 1, (400, 406), (84,), (1.0,), (84,), (6.0,))

10.    (((8, -2), (8, -2), (8, -2)), ((0.0, 1.0), (0.0, 1.0), (0.0, 1.0)), (0.0,)):
('K.269 KernScores', 'P2', 1, (150, 153), (46,), (2.0,), (46,), (4.0,))
('K.269 KernScores', 'P2', 1, (153, 156), (46,), (5.0,), (47,), (1.0,))
('K.269 KernScores', 'P2', 1, (170, 173), (52,), (2.0,), (52,), (4.0,))
('K.269 KernScores', 'P2', 1, (173, 176), (52,), (5.0,), (53,), (1.0,))
('K.269 KernScores', 'P2', 1, (176, 179), (53,), (2.0,), (53,), (4.0,))
('K.269 KernScores', 'P2', 2, (1, 4), (40,), (3.0,), (40,), (5.0,))

11.    ((-3, -3, -4), (1.0, 1.0, 1.0), (0.0,)):
('K.269 KernScores', 'P1', 1, (175, 178), (36,), (2.0,), (36,), (4.0,))
('K.269 KernScores', 'P1', 1, (384, 387), (81,), (3.0,), (81,), (5.0,))
('K.269 KernScores', 'P1', 1, (395, 398), (83,), (2.0,), (83,), (4.0,))

12.    ((3, 3, 4), (1.0, 1.0, 1.0), (0.0,)):
('K.269 KernScores', 'P1', 1, (67, 70), (15,), (2.0,), (15,), (4.0,))
('K.269 KernScores', 'P2', 1, (96, 99), (29,), (1.0,), (29,), (3.0,))
('K.269 KernScores', 'P2', 1, (251, 254), (74,), (1.0,), (74,), (3.0,))

13.    ((-4, -2, -2), (1.0, 2.0, 1.0), (0.0,)):
('K.269 KernScores', 'P1', 1, (10, 13), (3,), (2.0,), (3,), (5.0,))
('K.269 KernScores', 'P1', 1, (20, 23), (5,), (2.0,), (5,), (5.0,))

14.    ((2, 2, -5), (3.0, 3.0, 3.0), (0.0,)):
('K.269 KernScores', 'P2', 1, (9, 12), (3,), (4.0,), (4,), (4.0,))
('K.269 KernScores', 'P2', 1, (13, 16), (5,), (4.0,), (6,), (4.0,))

15.    ((2, 2), (1.0, 1.0), (0.0,)):
('K.269 KernScores', 'P1', 1, (206, 208), (44,), (4.0,), (44,), (5.0,))
('K.269 KernScores', 'P1', 1, (212, 214), (45,), (4.0,), (45,), (5.0,))
('K.269 KernScores', 'P1', 1, (230, 232), (50,), (4.0,), (50,), (5.0,))
('K.269 KernScores', 'P1', 1, (236, 238), (51,), (4.0,), (51,), (5.0,))
('K.269 KernScores', 'P1', 1, (302, 304), (63,), (1.0,), (63,), (2.0,))
('K.269 KernScores', 'P1', 1, (313, 315), (65,), (1.0,), (65,), (2.0,))
('K.269 KernScores', 'P2', 1, (0, 2), (1,), (1.0,), (1,), (2.0,))
('K.269 KernScores', 'P2', 1, (2, 4), (1,), (3.0,), (1,), (4.0,))
('K.269 KernScores', 'P2', 1, (199, 201), (63,), (1.0,), (63,), (2.0,))

16.    ((1, 2), (1.0, 0.0), (0.0,)):
('K.269 KernScores', 'P1', 1, (39, 41), (8,), (6.0,), (9,), (1.0,))
('K.269 KernScores', 'P1', 1, (140, 142), (28,), (6.0,), (29,), (1.0,))
('K.269 KernScores', 'P1', 1, (351, 353), (73,), (6.0,), (74,), (1.0,))

17.    ((2, 2), (0.0, 0.0), (0.0,)):
('K.269 KernScores', 'P1', 1, (32, 34), (7,), (4.0,), (7,), (4.0,))
('K.269 KernScores', 'P1', 1, (42, 44), (9,), (4.0,), (9,), (4.0,))

18.    ((2, -3), (2.0, 1.0), (0.0,)):
('K.269 KernScores', 'P1', 1, (58, 60), (13,), (3.0,), (13,), (5.0,))
('K.269 KernScores', 'P1', 1, (63, 65), (14,), (3.0,), (14,), (5.0,))

19.    (((3, 1), (3, 4, -9)), ((0.0, 3.0), (0.0, 0.0, 3.0)), (0.0,)):
('K.269 KernScores', 'P2', 1, (62, 64), (19,), (1.0,), (19,), (4.0,))
('K.269 KernScores', 'P2', 1, (66, 68), (21,), (1.0,), (21,), (4.0,))

20.    (((8, 2), (8, 4)), ((0.0, 3.0), (0.0, 3.0)), (0.0,)):
('K.269 KernScores', 'P2', 1, (283, 285), (82,), (1.0,), (82,), (4.0,))
('K.269 KernScores', 'P2', 1, (287, 289), (84,), (1.0,), (84,), (4.0,))

21.    ((3,), (1.0,), (0.0,)):
('K.269 KernScores', 'P1', 1, (14, 15), (4,), (1.0,), (4,), (1.0,))
('K.269 KernScores', 'P1', 1, (88, 89), (18,), (6.0,), (18,), (6.0,))
('K.269 KernScores', 'P1', 1, (100, 101), (20,), (6.0,), (20,), (6.0,))
('K.269 KernScores', 'P1', 1, (127, 128), (26,), (5.0,), (26,), (5.0,))
('K.269 KernScores', 'P1', 1, (160, 161), (33,), (5.0,), (33,), (5.0,))
('K.269 KernScores', 'P1', 1, (184, 185), (38,), (1.0,), (38,), (1.0,))
('K.269 KernScores', 'P1', 1, (255, 256), (56,), (3.0,), (56,), (3.0,))
('K.269 KernScores', 'P1', 1, (388, 389), (82,), (1.0,), (82,), (1.0,))
('K.269 KernScores', 'P1', 1, (400, 401), (84,), (1.0,), (84,), (1.0,))
('K.269 KernScores', 'P2', 1, (34, 35), (11,), (5.0,), (11,), (5.0,))
('K.269 KernScores', 'P2', 1, (37, 38), (12,), (2.0,), (12,), (2.0,))
('K.269 KernScores', 'P2', 1, (40, 41), (12,), (5.0,), (12,), (5.0,))
('K.269 KernScores', 'P2', 1, (43, 44), (13,), (2.0,), (13,), (2.0,))
('K.269 KernScores', 'P2', 1, (46, 47), (13,), (5.0,), (13,), (5.0,))
('K.269 KernScores', 'P2', 1, (49, 50), (14,), (2.0,), (14,), (2.0,))
('K.269 KernScores', 'P2', 1, (52, 53), (14,), (5.0,), (14,), (5.0,))
('K.269 KernScores', 'P2', 1, (70, 71), (22,), (5.0,), (22,), (5.0,))
('K.269 KernScores', 'P2', 1, (73, 74), (23,), (2.0,), (23,), (2.0,))
('K.269 KernScores', 'P2', 1, (76, 77), (23,), (5.0,), (23,), (5.0,))
('K.269 KernScores', 'P2', 1, (79, 80), (24,), (2.0,), (24,), (2.0,))
('K.269 KernScores', 'P2', 1, (82, 83), (24,), (5.0,), (24,), (5.0,))
('K.269 KernScores', 'P2', 1, (85, 86), (25,), (2.0,), (25,), (2.0,))
('K.269 KernScores', 'P2', 1, (88, 89), (25,), (5.0,), (25,), (5.0,))
('K.269 KernScores', 'P2', 1, (100, 101), (29,), (5.0,), (29,), (5.0,))
('K.269 KernScores', 'P2', 1, (103, 104), (30,), (2.0,), (30,), (2.0,))
('K.269 KernScores', 'P2', 1, (106, 107), (30,), (5.0,), (30,), (5.0,))
('K.269 KernScores', 'P2', 1, (109, 110), (31,), (2.0,), (31,), (2.0,))
('K.269 KernScores', 'P2', 1, (112, 113), (31,), (5.0,), (31,), (5.0,))
('K.269 KernScores', 'P2', 1, (115, 116), (32,), (2.0,), (32,), (2.0,))
('K.269 KernScores', 'P2', 1, (118, 119), (32,), (5.0,), (32,), (5.0,))
('K.269 KernScores', 'P2', 1, (203, 204), (63,), (5.0,), (63,), (5.0,))
('K.269 KernScores', 'P2', 1, (206, 207), (64,), (2.0,), (64,), (2.0,))
('K.269 KernScores', 'P2', 1, (209, 210), (64,), (5.0,), (64,), (5.0,))
('K.269 KernScores', 'P2', 1, (212, 213), (65,), (2.0,), (65,), (2.0,))
('K.269 KernScores', 'P2', 1, (215, 216), (65,), (5.0,), (65,), (5.0,))
('K.269 KernScores', 'P2', 1, (218, 219), (66,), (2.0,), (66,), (2.0,))
('K.269 KernScores', 'P2', 1, (221, 222), (66,), (5.0,), (66,), (5.0,))
('K.269 KernScores', 'P2', 1, (225, 226), (67,), (5.0,), (67,), (5.0,))
('K.269 KernScores', 'P2', 1, (228, 229), (68,), (2.0,), (68,), (2.0,))
('K.269 KernScores', 'P2', 1, (231, 232), (68,), (5.0,), (68,), (5.0,))
('K.269 KernScores', 'P2', 1, (234, 235), (69,), (2.0,), (69,), (2.0,))
('K.269 KernScores', 'P2', 1, (237, 238), (69,), (5.0,), (69,), (5.0,))
('K.269 KernScores', 'P2', 1, (240, 241), (70,), (2.0,), (70,), (2.0,))
('K.269 KernScores', 'P2', 1, (243, 244), (70,), (5.0,), (70,), (5.0,))
('K.269 KernScores', 'P2', 1, (255, 256), (74,), (5.0,), (74,), (5.0,))
('K.269 KernScores', 'P2', 1, (258, 259), (75,), (2.0,), (75,), (2.0,))
('K.269 KernScores', 'P2', 1, (261, 262), (75,), (5.0,), (75,), (5.0,))
('K.269 KernScores', 'P2', 1, (264, 265), (76,), (2.0,), (76,), (2.0,))
('K.269 KernScores', 'P2', 1, (267, 268), (76,), (5.0,), (76,), (5.0,))
('K.269 KernScores', 'P2', 1, (270, 271), (77,), (2.0,), (77,), (2.0,))
('K.269 KernScores', 'P2', 1, (273, 274), (77,), (5.0,), (77,), (5.0,))

22.    ((2,), (1.0,), (0.0,)):
('K.269 KernScores', 'P1', 1, (8, 9), (2,), (6.0,), (2,), (6.0,))
('K.269 KernScores', 'P1', 1, (13, 14), (3,), (6.0,), (3,), (6.0,))
('K.269 KernScores', 'P1', 1, (38, 39), (8,), (5.0,), (8,), (5.0,))
('K.269 KernScores', 'P1', 1, (61, 62), (14,), (1.0,), (14,), (1.0,))
('K.269 KernScores', 'P1', 1, (65, 66), (14,), (6.0,), (14,), (6.0,))
('K.269 KernScores', 'P1', 1, (71, 72), (15,), (6.0,), (15,), (6.0,))
('K.269 KernScores', 'P1', 1, (90, 91), (19,), (2.0,), (19,), (2.0,))
('K.269 KernScores', 'P1', 1, (93, 94), (19,), (5.0,), (19,), (5.0,))
('K.269 KernScores', 'P1', 1, (95, 96), (20,), (1.0,), (20,), (1.0,))
('K.269 KernScores', 'P1', 1, (102, 103), (21,), (2.0,), (21,), (2.0,))
('K.269 KernScores', 'P1', 1, (105, 106), (21,), (5.0,), (21,), (5.0,))
('K.269 KernScores', 'P1', 1, (107, 108), (22,), (1.0,), (22,), (1.0,))
('K.269 KernScores', 'P1', 1, (109, 110), (22,), (3.0,), (22,), (3.0,))
('K.269 KernScores', 'P1', 1, (173, 174), (35,), (6.0,), (35,), (6.0,))
('K.269 KernScores', 'P1', 1, (180, 181), (37,), (2.0,), (37,), (2.0,))
('K.269 KernScores', 'P1', 1, (186, 187), (38,), (3.0,), (38,), (3.0,))
('K.269 KernScores', 'P1', 1, (193, 194), (42,), (3.0,), (42,), (3.0,))
('K.269 KernScores', 'P1', 1, (196, 197), (42,), (6.0,), (42,), (6.0,))
('K.269 KernScores', 'P1', 1, (199, 200), (43,), (3.0,), (43,), (3.0,))
('K.269 KernScores', 'P1', 1, (202, 203), (43,), (6.0,), (43,), (6.0,))
('K.269 KernScores', 'P1', 1, (217, 218), (48,), (3.0,), (48,), (3.0,))
('K.269 KernScores', 'P1', 1, (220, 221), (48,), (6.0,), (48,), (6.0,))
('K.269 KernScores', 'P1', 1, (223, 224), (49,), (3.0,), (49,), (3.0,))
('K.269 KernScores', 'P1', 1, (226, 227), (49,), (6.0,), (49,), (6.0,))
('K.269 KernScores', 'P1', 1, (243, 244), (54,), (5.0,), (54,), (5.0,))
('K.269 KernScores', 'P1', 1, (247, 248), (55,), (3.0,), (55,), (3.0,))
('K.269 KernScores', 'P1', 1, (264, 265), (57,), (5.0,), (57,), (5.0,))
('K.269 KernScores', 'P1', 1, (268, 269), (58,), (3.0,), (58,), (3.0,))
('K.269 KernScores', 'P1', 1, (272, 273), (58,), (6.0,), (58,), (6.0,))
('K.269 KernScores', 'P1', 1, (276, 277), (59,), (3.0,), (59,), (3.0,))
('K.269 KernScores', 'P1', 1, (285, 286), (60,), (5.0,), (60,), (5.0,))
('K.269 KernScores', 'P1', 1, (289, 290), (61,), (3.0,), (61,), (3.0,))
('K.269 KernScores', 'P1', 1, (293, 294), (61,), (6.0,), (61,), (6.0,))
('K.269 KernScores', 'P1', 1, (297, 298), (62,), (3.0,), (62,), (3.0,))
('K.269 KernScores', 'P1', 1, (311, 312), (64,), (5.0,), (64,), (5.0,))
('K.269 KernScores', 'P1', 1, (322, 323), (66,), (5.0,), (66,), (5.0,))
('K.269 KernScores', 'P1', 1, (342, 343), (72,), (1.0,), (72,), (1.0,))
('K.269 KernScores', 'P1', 1, (348, 349), (73,), (3.0,), (73,), (3.0,))
('K.269 KernScores', 'P1', 1, (372, 373), (79,), (1.0,), (79,), (1.0,))
('K.269 KernScores', 'P1', 1, (375, 376), (79,), (4.0,), (79,), (4.0,))
('K.269 KernScores', 'P1', 1, (379, 380), (80,), (3.0,), (80,), (3.0,))
('K.269 KernScores', 'P2', 1, (4, 5), (1,), (5.0,), (1,), (5.0,))

23.    ((8,), (3.0,), (0.0,)):
('K.269 KernScores', 'P1', 1, (324, 325), (67,), (1.0,), (67,), (1.0,))
('K.269 KernScores', 'P2', 1, (16, 17), (7,), (1.0,), (7,), (1.0,))
('K.269 KernScores', 'P2', 1, (32, 33), (11,), (1.0,), (11,), (1.0,))
('K.269 KernScores', 'P2', 1, (54, 55), (15,), (1.0,), (15,), (1.0,))
('K.269 KernScores', 'P2', 1, (56, 57), (16,), (1.0,), (16,), (1.0,))
('K.269 KernScores', 'P2', 1, (90, 91), (26,), (1.0,), (26,), (1.0,))
('K.269 KernScores', 'P2', 1, (92, 93), (27,), (1.0,), (27,), (1.0,))
('K.269 KernScores', 'P2', 1, (120, 121), (33,), (1.0,), (33,), (1.0,))
('K.269 KernScores', 'P2', 1, (122, 123), (34,), (1.0,), (34,), (1.0,))
('K.269 KernScores', 'P2', 1, (126, 127), (36,), (1.0,), (36,), (1.0,))
('K.269 KernScores', 'P2', 1, (128, 129), (37,), (1.0,), (37,), (1.0,))
('K.269 KernScores', 'P2', 1, (223, 224), (67,), (1.0,), (67,), (1.0,))
('K.269 KernScores', 'P2', 1, (245, 246), (71,), (1.0,), (71,), (1.0,))
('K.269 KernScores', 'P2', 1, (247, 248), (72,), (1.0,), (72,), (1.0,))
('K.269 KernScores', 'P2', 1, (275, 276), (78,), (1.0,), (78,), (1.0,))
('K.269 KernScores', 'P2', 1, (277, 278), (79,), (1.0,), (79,), (1.0,))

24.    ((2,), (3.0,), (0.0,)):
('K.269 KernScores', 'P1', 1, (41, 42), (9,), (1.0,), (9,), (1.0,))
('K.269 KernScores', 'P2', 1, (9, 10), (3,), (4.0,), (3,), (4.0,))
('K.269 KernScores', 'P2', 1, (10, 11), (4,), (1.0,), (4,), (1.0,))
('K.269 KernScores', 'P2', 1, (13, 14), (5,), (4.0,), (5,), (4.0,))
('K.269 KernScores', 'P2', 1, (14, 15), (6,), (1.0,), (6,), (1.0,))
('K.269 KernScores', 'P2', 1, (93, 94), (27,), (4.0,), (27,), (4.0,))
('K.269 KernScores', 'P2', 1, (123, 124), (34,), (4.0,), (34,), (4.0,))
('K.269 KernScores', 'P2', 1, (129, 130), (37,), (4.0,), (37,), (4.0,))
('K.269 KernScores', 'P2', 1, (248, 249), (72,), (4.0,), (72,), (4.0,))

25.    ((-7,), (1.0,), (0.0,)):
('K.269 KernScores', 'P1', 1, (80, 81), (17,), (3.0,), (17,), (3.0,))
('K.269 KernScores', 'P1', 1, (92, 93), (19,), (4.0,), (19,), (4.0,))
('K.269 KernScores', 'P1', 1, (104, 105), (21,), (4.0,), (21,), (4.0,))
('K.269 KernScores', 'P1', 1, (137, 138), (28,), (3.0,), (28,), (3.0,))
('K.269 KernScores', 'P1', 1, (170, 171), (35,), (3.0,), (35,), (3.0,))
('K.269 KernScores', 'P2', 1, (5, 6), (1,), (6.0,), (1,), (6.0,))
('K.269 KernScores', 'P2', 1, (201, 202), (63,), (3.0,), (63,), (3.0,))
('K.269 KernScores', 'P2', 1, (213, 214), (65,), (3.0,), (65,), (3.0,))

26.    ((-4,), (1.0,), (0.0,)):
('K.269 KernScores', 'P1', 1, (27, 28), (6,), (4.0,), (6,), (4.0,))
('K.269 KernScores', 'P1', 1, (282, 283), (60,), (2.0,), (60,), (2.0,))
('K.269 KernScores', 'P1', 1, (383, 384), (81,), (2.0,), (81,), (2.0,))
('K.269 KernScores', 'P1', 1, (387, 388), (81,), (6.0,), (81,), (6.0,))

27.    ((3,), (3.0,), (0.0,)):
('K.269 KernScores', 'P1', 1, (31, 32), (7,), (1.0,), (7,), (1.0,))
('K.269 KernScores', 'P1', 1, (142, 143), (29,), (1.0,), (29,), (1.0,))
('K.269 KernScores', 'P2', 1, (12, 13), (5,), (1.0,), (5,), (1.0,))
('K.269 KernScores', 'P2', 1, (281, 282), (81,), (1.0,), (81,), (1.0,))

28.    ((-2,), (0.0,), (0.0,)):
('K.269 KernScores', 'P1', 1, (0, 1), (1,), (1.0,), (1,), (1.0,))
('K.269 KernScores', 'P1', 1, (2, 3), (1,), (4.0,), (1,), (4.0,))
('K.269 KernScores', 'P1', 1, (30, 31), (7,), (1.0,), (7,), (1.0,))

29.    ((-2,), (1.0,), (0.0,)):
('K.269 KernScores', 'P1', 1, (4, 5), (2,), (2.0,), (2,), (2.0,))
('K.269 KernScores', 'P1', 1, (46, 47), (10,), (3.0,), (10,), (3.0,))
('K.269 KernScores', 'P1', 1, (355, 356), (75,), (1.0,), (75,), (1.0,))

30.    ((2,), (2.0,), (0.0,)):
('K.269 KernScores', 'P1', 1, (179, 180), (36,), (6.0,), (36,), (6.0,))
('K.269 KernScores', 'P1', 1, (181, 182), (37,), (3.0,), (37,), (3.0,))
('K.269 KernScores', 'P1', 1, (344, 345), (72,), (3.0,), (72,), (3.0,))

31.    ((10,), (1.0,), (0.0,)):
('K.269 KernScores', 'P1', 1, (260, 261), (57,), (1.0,), (57,), (1.0,))
('K.269 KernScores', 'P2', 1, (78, 79), (24,), (1.0,), (24,), (1.0,))
('K.269 KernScores', 'P2', 1, (108, 109), (31,), (1.0,), (31,), (1.0,))

32.    ((-2,), (2.0,), (0.0,)):
('K.269 KernScores', 'P1', 1, (11, 12), (3,), (3.0,), (3,), (3.0,))
('K.269 KernScores', 'P1', 1, (21, 22), (5,), (3.0,), (5,), (3.0,))
('K.269 KernScores', 'P2', 2, (0, 1), (40,), (1.0,), (40,), (1.0,))

33.    ((1,), (3.0,), (0.0,)):
('K.269 KernScores', 'P1', 1, (1, 2), (1,), (1.0,), (1,), (1.0,))
('K.269 KernScores', 'P1', 1, (354, 355), (74,), (4.0,), (74,), (4.0,))

34.    ((5,), (4.0,), (0.0,)):
('K.269 KernScores', 'P1', 1, (3, 4), (1,), (4.0,), (1,), (4.0,))
('K.269 KernScores', 'P1', 1, (44, 45), (9,), (4.0,), (9,), (4.0,))

35.    ((-2,), (4.0,), (0.0,)):
('K.269 KernScores', 'P1', 1, (52, 53), (11,), (4.0,), (11,), (4.0,))
('K.269 KernScores', 'P1', 1, (325, 326), (67,), (4.0,), (67,), (4.0,))

36.    ((-5,), (1.0,), (0.0,)):
('K.269 KernScores', 'P1', 1, (97, 98), (20,), (3.0,), (20,), (3.0,))
('K.269 KernScores', 'P1', 1, (261, 262), (57,), (2.0,), (57,), (2.0,))

37.    ((1,), (1.0,), (0.0,)):
('K.269 KernScores', 'P1', 1, (178, 179), (36,), (5.0,), (36,), (5.0,))
('K.269 KernScores', 'P1', 1, (251, 252), (55,), (6.0,), (55,), (6.0,))

38.    ((4,), (3.0,), (0.0,)):
('K.269 KernScores', 'P2', 1, (7, 8), (2,), (4.0,), (2,), (4.0,))
('K.269 KernScores', 'P2', 1, (280, 281), (80,), (4.0,), (80,), (4.0,))

39.    ((-6,), (3.0,), (0.0,)):
('K.269 KernScores', 'P2', 1, (8, 9), (3,), (1.0,), (3,), (1.0,))
('K.269 KernScores', 'P2', 1, (285, 286), (83,), (1.0,), (83,), (1.0,))

40.    ((-7,), (3.0,), (0.0,)):
('K.269 KernScores', 'P2', 1, (278, 279), (79,), (4.0,), (79,), (4.0,))
('K.269 KernScores', 'P2', 1, (282, 283), (81,), (4.0,), (81,), (4.0,))

