1 .    ('nomes', 'K.502 KernScores') 

2 .    ('quantidade', 1) 

3 .    ('analise', 'recorręncias IntDiaDurPcompasso sem contidos e intercalados') 

1 .    ((((2, 1), (2, 8), -8, (2, 1), (2, 8), -8, (2, 1), (2, 2), 2, 2, -2, -2, -2, 7, 2, -4, 2, -4, 2, 3, -2, -3, 2, -3), ((0.0, 1.0), (0.0, 1.0), 1.0, (0.0, 1.0), (0.0, 1.0), 1.0, (0.0, 1.0), (0.0, 1.0), 0.33, 0.33, 0.33, 1.0, 1.0, 0.75, 0.25, 0.75, 0.25, 0.75, 0.25, 0.75, 0.25, 0.75, 0.25, 0.75), (2.0, 3.0, 1.0, 2.0, 3.0, 1.0, 2.0, 3.0, 1.0, 1.33, 1.67, 2.0, 3.0, 1.0, 1.75, 2.0, 2.75, 3.0, 3.75, 1.0, 1.75, 2.0, 2.75, 3.0)), [('K.502 KernScores', 'P1', 1, (218, 242), (64, 2.0), (69, 3.0)), ('K.502 KernScores', 'P1', 1, (485, 509), (123, 2.0), (128, 3.0))]) 

2 .    (((-2, 3, -2, -4, 2, -4, 2, -4, 2, -4, 2, -4, 2, 3, -5, 3, 2, 3, -2, 3, -2), (0.25, 2.75, 0.25, 0.75, 0.25, 0.75, 0.25, 0.75, 0.25, 0.75, 0.25, 0.75, 0.25, 0.75, 0.25, 0.75, 0.25, 0.75, 0.25, 0.75, 0.25), (1.75, 2.0, 1.75, 2.0, 2.75, 3.0, 3.75, 1.0, 1.75, 2.0, 2.75, 3.0, 3.75, 1.0, 1.75, 2.0, 2.75, 3.0, 3.75, 1.0, 1.75)), [('K.502 KernScores', 'P1', 1, (179, 200), (55, 1.75), (59, 1.75)), ('K.502 KernScores', 'P1', 1, (444, 465), (114, 1.75), (118, 1.75))]) 

3 .    (((-2, 2, 2, -4, 2, -4, 2, -4, 2, 6, -2, 2, 2, -5, 2, -4, 2, -3, 2), (1.5, 0.25, 0.25, 0.75, 0.25, 0.75, 0.25, 0.75, 0.25, 1.0, 1.5, 0.25, 0.25, 0.75, 0.25, 0.75, 0.25, 0.75, 0.25), (2.0, 3.5, 3.75, 1.0, 1.75, 2.0, 2.75, 3.0, 3.75, 1.0, 2.0, 3.5, 3.75, 1.0, 1.75, 2.0, 2.75, 3.0, 3.75)), [('K.502 KernScores', 'P1', 1, (272, 291), (83, 2.0), (86, 3.75)), ('K.502 KernScores', 'P1', 1, (292, 311), (87, 2.0), (90, 3.75))]) 

4 .    (((-2, -2, -2, 1, -2, -2, -2, 7, -2, -2, -2, 1, -2, -2, -2), (0.33, 0.33, 0.33, 2.0, 0.33, 0.33, 0.33, 2.0, 0.33, 0.33, 0.33, 2.0, 0.33, 0.33, 0.33), (2.0, 2.33, 2.67, 3.0, 2.0, 2.33, 2.67, 3.0, 2.0, 2.33, 2.67, 3.0, 2.0, 2.33, 2.67)), [('K.502 KernScores', 'P1', 1, (36, 51), (12, 2.0), (15, 2.67)), ('K.502 KernScores', 'P1', 1, (74, 89), (22, 2.0), (25, 2.67))]) 

5 .    (((3, -2, 1, 2, -3, (2, 1), (2, 3), -3, (2, 1), (2, 2), 2, 2, -2, -2), (0.75, 0.25, 1.0, 1.75, 0.25, (0.0, 1.0), (0.0, 1.75), 0.25, (0.0, 1.0), (0.0, 1.0), 0.33, 0.33, 0.33, 1.0), (1.0, 1.75, 2.0, 3.0, 1.75, 2.0, 3.0, 1.75, 2.0, 3.0, 1.0, 1.33, 1.67, 2.0)), [('K.502 KernScores', 'P1', 1, (202, 216), (60, 1.0), (63, 2.0)), ('K.502 KernScores', 'P1', 1, (469, 483), (119, 1.0), (122, 2.0))]) 

6 .    (((2, 2, 4, -2, 2, -6, 2, 2, 4, -2, 2, -7, 2, 2), (1.0, 1.0, 1.0, 1.0, 1.0, 1.0, 1.0, 1.0, 1.0, 1.0, 1.0, 1.0, 1.0, 1.0), (1.0, 2.0, 3.0, 1.0, 2.0, 3.0, 1.0, 2.0, 3.0, 1.0, 2.0, 3.0, 1.0, 2.0)), [('K.502 KernScores', 'P2', 2, (9, 23), (23, 1.0), (27, 2.0)), ('K.502 KernScores', 'P2', 2, (24, 38), (45, 1.0), (49, 2.0))]) 

7 .    (((1, 1, 1, -2, 2, -2, 4, 3, -6, 3, -2, 1, -2), (1.0, 1.0, 7.0, 2.0, 10.0, 2.0, 7.0, 0.75, 0.25, 0.75, 0.25, 1.0, 2.0), (1.0, 2.0, 3.0, 1.0, 3.0, 1.0, 3.0, 1.0, 1.75, 2.0, 2.75, 3.0, 1.0)), [('K.502 KernScores', 'P1', 2, (23, 36), (60, 1.0), (71, 1.0)), ('K.502 KernScores', 'P1', 2, (63, 76), (119, 1.0), (130, 1.0))]) 

8 .    (((-8, 4, -5, (8, 2), (8, 2), (8, -3), (8, 2), (8, 2), (8, -3), (8, 2), (8, 9), -2, -2), (1.0, 1.0, 1.0, (0.0, 1.0), (0.0, 1.0), (0.0, 1.0), (0.0, 1.0), (0.0, 1.0), (0.0, 1.0), (0.0, 1.0), (0.0, 1.0), 0.33, 0.33), (2.0, 3.0, 1.0, 2.0, 3.0, 1.0, 2.0, 3.0, 1.0, 2.0, 3.0, 1.0, 1.33)), [('K.502 KernScores', 'P2', 1, (116, 129), (59, 2.0), (63, 1.33)), ('K.502 KernScores', 'P2', 1, (130, 143), (63, 2.0), (67, 1.33))]) 

9 .    ((((8, 8), (8, -9), (8, 8), (8, -9), (8, 8), (8, -9), (8, 8), (8, -9), (8, 8), (8, -9), (8, 8), (8, -9), (8, 8)), ((0.0, 1.0), (0.0, 1.0), (0.0, 1.0), (0.0, 1.0), (0.0, 1.0), (0.0, 1.0), (0.0, 1.0), (0.0, 1.0), (0.0, 1.0), (0.0, 1.0), (0.0, 1.0), (0.0, 1.0), (0.0, 1.0)), (1.0, 2.0, 3.0, 1.0, 2.0, 3.0, 1.0, 2.0, 3.0, 1.0, 2.0, 3.0, 1.0)), [('K.502 KernScores', 'P2', 1, (214, 227), (97, 1.0), (100, 1.0)), ('K.502 KernScores', 'P2', 1, (241, 254), (104, 1.0), (107, 1.0))]) 

10 .    (((-8, -5, (8, 4), (8, 2), (8, 2), (8, -3), (8, 2), (8, 2), (8, -3), (8, 2), (8, 9), -2, -2), (1.0, 1.0, (0.0, 1.0), (0.0, 1.0), (0.0, 1.0), (0.0, 1.0), (0.0, 1.0), (0.0, 1.0), (0.0, 1.0), (0.0, 1.0), (0.0, 1.0), 0.33, 0.33), (1.0, 2.0, 3.0, 1.0, 2.0, 3.0, 1.0, 2.0, 3.0, 1.0, 2.0, 3.0, 3.33)), [('K.502 KernScores', 'P2', 1, (280, 293), (118, 1.0), (122, 3.33)), ('K.502 KernScores', 'P2', 1, (294, 307), (122, 1.0), (126, 3.33))]) 

11 .    (((-2, 2, 2, -2, -2, 2, 2, -2, -2, 2, 2, -2), (0.62, 0.12, 0.12, 0.12, 0.62, 0.12, 0.12, 0.12, 0.62, 0.12, 0.12, 0.12), (1.0, 1.62, 1.75, 1.88, 2.0, 2.62, 2.75, 2.88, 1.0, 1.62, 1.75, 1.88)), [('K.502 KernScores', 'P1', 1, (385, 397), (104, 1.0), (105, 1.88)), ('K.502 KernScores', 'P1', 1, (401, 413), (106, 1.0), (107, 1.88))]) 

12 .    ((((8, -3), (8, -3), (8, -3), (8, -3), (8, -3), (8, 10), (8, -3), (8, -3), (8, -3), (8, -3), (8, -3)), ((0.0, 1.0), (0.0, 1.0), (0.0, 1.0), (0.0, 1.0), (0.0, 1.0), (0.0, 1.0), (0.0, 1.0), (0.0, 1.0), (0.0, 1.0), (0.0, 1.0), (0.0, 1.0)), (2.0, 3.0, 1.0, 2.0, 3.0, 1.0, 2.0, 3.0, 1.0, 2.0, 3.0)), [('K.502 KernScores', 'P2', 1, (1, 12), (8, 2.0), (11, 3.0)), ('K.502 KernScores', 'P2', 1, (18, 29), (16, 2.0), (19, 3.0))]) 

13 .    (((-2, -2, 3, -2, -2, -2, 3, -2, -2, -2), (0.12, 0.12, 0.25, 0.5, 0.12, 0.12, 0.25, 0.5, 0.12, 0.12), (2.0, 2.12, 2.25, 2.5, 1.0, 1.12, 1.25, 1.5, 2.0, 2.12)), [('K.502 KernScores', 'P1', 1, (339, 349), (97, 2.0), (98, 2.12)), ('K.502 KernScores', 'P1', 1, (355, 365), (99, 2.0), (100, 2.12))]) 

14 .    ((((5, 2), (4, -2), (5, 4), -5, -3, 4, -5, 2, -8, 4), ((0.0, 3.0), (0.0, 3.0), (0.0, 3.0), 3.0, 1.0, 1.0, 1.0, 1.0, 1.0, 1.0), (1.0, 1.0, 1.0, 1.0, 1.0, 2.0, 3.0, 1.0, 2.0, 3.0)), [('K.502 KernScores', 'P2', 1, (39, 49), (24, 1.0), (29, 3.0)), ('K.502 KernScores', 'P2', 1, (90, 100), (46, 1.0), (51, 3.0))]) 

15 .    (((1, 1, 1, 1, 1, -3, -3, -2, -3), (1.0, 1.0, 1.0, 1.0, 1.0, 1.0, 1.0, 1.0, 1.0), (2.0, 3.0, 1.0, 2.0, 3.0, 1.0, 2.0, 3.0, 1.0)), [('K.502 KernScores', 'P2', 1, (50, 59), (31, 2.0), (34, 1.0)), ('K.502 KernScores', 'P2', 1, (60, 69), (35, 2.0), (38, 1.0))]) 

16 .    ((((6, -3), (6, 2), (6, 2), (6, -3), (6, 2), (6, 2), (6, -3), (6, 2)), ((0.0, 1.0), (0.0, 1.0), (0.0, 1.0), (0.0, 1.0), (0.0, 1.0), (0.0, 1.0), (0.0, 1.0), (0.0, 1.0)), (1.0, 2.0, 3.0, 1.0, 2.0, 3.0, 1.0, 2.0)), [('K.502 KernScores', 'P1', 1, (124, 132), (39, 1.0), (41, 2.0)), ('K.502 KernScores', 'P1', 1, (133, 141), (42, 1.0), (44, 2.0))]) 

17 .    ((((8, 2), (8, 2), (8, -3), (8, 2), (8, 2), (8, -3), (8, 2), (8, 2)), ((0.0, 1.0), (0.0, 1.0), (0.0, 1.0), (0.0, 1.0), (0.0, 1.0), (0.0, 1.0), (0.0, 1.0), (0.0, 1.0)), (1.0, 2.0, 3.0, 1.0, 2.0, 3.0, 1.0, 2.0)), [('K.502 KernScores', 'P2', 1, (71, 79), (39, 1.0), (41, 2.0)), ('K.502 KernScores', 'P2', 1, (80, 88), (42, 1.0), (44, 2.0))]) 

18 .    (((-2, -2, -2, 7, -2, -2, -2), (0.33, 0.33, 0.33, 2.0, 0.33, 0.33, 0.33), (2.0, 2.33, 2.67, 3.0, 2.0, 2.33, 2.67)), [('K.502 KernScores', 'P1', 1, (143, 150), (45, 2.0), (46, 2.67)), ('K.502 KernScores', 'P1', 1, (151, 158), (47, 2.0), (48, 2.67))]) 

19 .    ((((3, 3, 1), (3, 3, 2), (4, -2), (3, 1), (3, -2), (4, 4), -4), ((0.0, 0.0, 1.0), (0.0, 0.0, 1.0), (0.0, 3.0), (0.0, 1.0), (0.0, 1.0), (0.0, 1.0), 3.0), (2.0, 3.0, 1.0, 1.0, 2.0, 3.0, 1.0)), [('K.502 KernScores', 'P2', 1, (183, 190), (84, 2.0), (87, 1.0)), ('K.502 KernScores', 'P2', 1, (191, 198), (88, 2.0), (91, 1.0))]) 

20 .    (((1, 1, 1, -2, 2, 2), (1.0, 1.0, 1.0, 1.5, 0.25, 0.25), (2.0, 3.0, 1.0, 2.0, 3.5, 3.75)), [('K.502 KernScores', 'P1', 1, (53, 59), (16, 2.0), (17, 3.75)), ('K.502 KernScores', 'P1', 1, (60, 66), (18, 2.0), (19, 3.75)), ('K.502 KernScores', 'P1', 1, (67, 73), (20, 2.0), (21, 3.75))]) 

21 .    (((1, 1, 1, -2, -2, 2), (1.0, 1.0, 1.0, 1.5, 0.25, 0.25), (2.0, 3.0, 1.0, 2.0, 3.5, 3.75)), [('K.502 KernScores', 'P1', 1, (22, 28), (8, 2.0), (9, 3.75)), ('K.502 KernScores', 'P1', 1, (29, 35), (10, 2.0), (11, 3.75))]) 

22 .    (((-3, 3, 8, -3, -4, 2), (1.0, 1.0, 2.0, 1.0, 1.0, 1.0), (1.0, 2.0, 3.0, 2.0, 3.0, 1.0)), [('K.502 KernScores', 'P1', 1, (109, 115), (31, 1.0), (33, 1.0)), ('K.502 KernScores', 'P1', 1, (116, 122), (35, 1.0), (37, 1.0))]) 

23 .    (((1, -3, -2, 3, -2, -2), (0.25, 1.75, 0.25, 0.75, 0.25, 1.0), (1.75, 2.0, 3.75, 1.0, 1.75, 2.0)), [('K.502 KernScores', 'P1', 1, (243, 249), (70, 1.75), (71, 2.0)), ('K.502 KernScores', 'P1', 1, (423, 429), (109, 1.75), (110, 2.0))]) 

24 .    ((((8, 2), (8, 2), (8, 2), (8, 2), (8, 2), (8, 2)), ((0.0, 1.0), (0.0, 1.0), (0.0, 1.0), (0.0, 1.0), (0.0, 1.0), (0.0, 1.0)), (3.0, 1.0, 2.0, 3.0, 1.0, 2.0)), [('K.502 KernScores', 'P2', 1, (231, 237), (101, 3.0), (103, 2.0)), ('K.502 KernScores', 'P2', 1, (255, 261), (108, 3.0), (109, 2.0))]) 

25 .    (((2, -4, 2, -4, 2), (0.25, 0.75, 0.25, 0.75, 0.25), (1.75, 2.0, 2.75, 3.0, 3.75)), [('K.502 KernScores', 'P1', 1, (266, 271), (82, 1.75), (82, 3.75)), ('K.502 KernScores', 'P1', 1, (316, 321), (92, 1.75), (92, 3.75)), ('K.502 KernScores', 'P1', 1, (438, 443), (113, 1.75), (113, 3.75))]) 

26 .    (((3, -2, 3, -2, 3), (0.75, 0.25, 0.75, 0.25, 0.75), (1.0, 1.75, 2.0, 2.75, 3.0)), [('K.502 KernScores', 'P1', 1, (367, 372), (101, 1.0), (101, 3.0)), ('K.502 KernScores', 'P1', 1, (373, 378), (102, 1.0), (102, 3.0)), ('K.502 KernScores', 'P1', 1, (417, 422), (108, 1.0), (108, 3.0))]) 

27 .    (((-2, -2, 3, -2, -2), (1.0, 1.0, 1.0, 1.0, 1.0), (2.0, 3.0, 1.0, 2.0, 3.0)), [('K.502 KernScores', 'P2', 1, (166, 171), (77, 2.0), (78, 3.0)), ('K.502 KernScores', 'P2', 1, (172, 177), (79, 2.0), (80, 3.0))]) 

28 .    (((7, -2, -7, (6, -2), (6, -2)), (1.0, 1.0, 1.0, (0.0, 1.0), (0.0, 1.0)), (1.0, 2.0, 3.0, 1.0, 2.0)), [('K.502 KernScores', 'P1', 1, (100, 105), (28, 1.0), (29, 2.0)), ('K.502 KernScores', 'P1', 1, (167, 172), (50, 1.0), (51, 2.0))]) 

29 .    (((-2, -2, -2, -2, -2), (0.75, 0.25, 0.75, 0.25, 0.75), (1.0, 1.75, 2.0, 2.75, 3.0)), [('K.502 KernScores', 'P1', 1, (379, 384), (103, 1.0), (103, 3.0)), ('K.502 KernScores', 'P1', 2, (50, 55), (81, 1.0), (81, 3.0))]) 

30 .    (((-6, 2, 1, -2, 2), (1.0, 1.0, 1.0, 1.5, 0.25), (2.0, 3.0, 1.0, 2.0, 3.5)), [('K.502 KernScores', 'P1', 2, (37, 42), (73, 2.0), (74, 3.5)), ('K.502 KernScores', 'P1', 2, (44, 49), (75, 2.0), (76, 3.5))]) 

31 .    (((8, -2, -2, -2, -2), (1.0, 1.0, 1.0, 1.0, 1.0), (1.0, 2.0, 3.0, 1.0, 2.0)), [('K.502 KernScores', 'P2', 1, (154, 159), (73, 1.0), (74, 2.0)), ('K.502 KernScores', 'P2', 1, (160, 165), (75, 1.0), (76, 2.0))]) 

32 .    (((8, -9, 8, -9, 8), (1.0, 1.0, 1.0, 1.0, 1.0), (1.0, 2.0, 3.0, 1.0, 2.0)), [('K.502 KernScores', 'P2', 1, (202, 207), (94, 1.0), (95, 2.0)), ('K.502 KernScores', 'P2', 1, (208, 213), (95, 1.0), (96, 2.0))]) 

33 .    (((4, -2, -3, 2, -2), (4.0, 1.0, 1.0, 4.0, 1.0), (3.0, 1.0, 2.0, 3.0, 1.0)), [('K.502 KernScores', 'P2', 2, (65, 70), (83, 3.0), (87, 1.0)), ('K.502 KernScores', 'P2', 2, (71, 76), (87, 3.0), (91, 1.0))]) 

34 .    (((2, -3, 2, 1), (5.0, 1.0, 1.0, 1.0), (1.0, 3.0, 1.0, 2.0)), [('K.502 KernScores', 'P1', 2, (1, 5), (32, 1.0), (34, 2.0)), ('K.502 KernScores', 'P1', 2, (6, 10), (36, 1.0), (38, 2.0))]) 

35 .    (((2, -4, 2), (0.25, 0.75, 0.25), (2.75, 3.0, 3.75)), [('K.502 KernScores', 'P1', 1, (432, 435), (111, 2.75), (111, 3.75)), ('K.502 KernScores', 'P1', 2, (12, 15), (52, 2.75), (52, 3.75)), ('K.502 KernScores', 'P1', 2, (16, 19), (54, 2.75), (54, 3.75))]) 

36 .    (((-2, 2, 2), (1.5, 0.25, 0.25), (2.0, 3.5, 3.75)), [('K.502 KernScores', 'P1', 1, (312, 315), (91, 2.0), (91, 3.75)), ('K.502 KernScores', 'P1', 1, (322, 325), (93, 2.0), (93, 3.75))]) 

37 .    (((2, -2, 2), (2.0, 1.0, 2.0), (2.0, 1.0, 2.0)), [('K.502 KernScores', 'P2', 2, (53, 56), (77, 2.0), (78, 2.0)), ('K.502 KernScores', 'P2', 2, (57, 60), (79, 2.0), (80, 2.0))]) 

38 .    (((2, 2, 2), (0.33, 0.33, 0.33), (2.0, 2.33, 2.67)), [('K.502 KernScores', 'P1', 1, (96, 99), (27, 2.0), (27, 2.67)), ('K.502 KernScores', 'P1', 1, (161, 164), (49, 2.0), (49, 2.67))]) 

39 .    (((4, -2, -2), (1.0, 0.0, 1.5), (1.0, 2.0, 2.0)), [('K.502 KernScores', 'P1', 1, (253, 256), (78, 1.0), (78, 2.0)), ('K.502 KernScores', 'P1', 1, (257, 260), (79, 1.0), (79, 2.0))]) 

40 .    (((1, 1, -2), (1.0, 1.0, 1.0), (3.0, 1.0, 2.0)), [('K.502 KernScores', 'P2', 1, (101, 104), (52, 3.0), (53, 2.0)), ('K.502 KernScores', 'P2', 1, (106, 109), (54, 3.0), (55, 2.0))]) 

41 .    (((1, 1, -2), (1.0, 1.0, 1.0), (2.0, 3.0, 1.0)), [('K.502 KernScores', 'P2', 1, (265, 268), (111, 2.0), (112, 1.0)), ('K.502 KernScores', 'P2', 1, (270, 273), (113, 2.0), (114, 1.0))]) 

42 .    (((2, 2), (1.0, 1.0), (1.0, 2.0)), [('K.502 KernScores', 'P2', 2, (0, 2), (13, 1.0), (13, 2.0)), ('K.502 KernScores', 'P2', 2, (6, 8), (15, 1.0), (15, 2.0)), ('K.502 KernScores', 'P2', 2, (39, 41), (56, 1.0), (56, 2.0)), ('K.502 KernScores', 'P2', 2, (42, 44), (57, 1.0), (57, 2.0)), ('K.502 KernScores', 'P2', 2, (48, 50), (70, 1.0), (70, 2.0))]) 

43 .    ((((8, -3), (8, -3)), ((0.0, 1.0), (0.0, 1.0)), (2.0, 3.0)), [('K.502 KernScores', 'P2', 1, (30, 32), (20, 2.0), (20, 3.0)), ('K.502 KernScores', 'P2', 1, (33, 35), (21, 2.0), (21, 3.0))]) 

44 .    (((-2, 2), (1.0, 1.0), (1.0, 2.0)), [('K.502 KernScores', 'P2', 1, (277, 279), (117, 1.0), (117, 2.0)), ('K.502 KernScores', 'P2', 2, (3, 5), (14, 1.0), (14, 2.0))]) 

45 .    (((-8, 4), (1.0, 1.0), (2.0, 3.0)), [('K.502 KernScores', 'P2', 1, (144, 146), (67, 2.0), (67, 3.0)), ('K.502 KernScores', 'P2', 1, (151, 153), (71, 2.0), (71, 3.0))]) 

46 .    ((((3, 3, 2), (4, -2)), ((0.0, 0.0, 1.0), (0.0, 3.0)), (3.0, 1.0)), [('K.502 KernScores', 'P2', 1, (13, 15), (12, 3.0), (13, 1.0)), ('K.502 KernScores', 'P2', 1, (180, 182), (82, 3.0), (83, 1.0))]) 

47 .    (((-2, -3), (1.0, 1.0), (1.0, 2.0)), [('K.502 KernScores', 'P2', 2, (45, 47), (69, 1.0), (69, 2.0)), ('K.502 KernScores', 'P2', 2, (78, 80), (93, 1.0), (93, 2.0))]) 

48 .    (((1, -2), (1.0, 2.0), (3.0, 1.0)), [('K.502 KernScores', 'P1', 2, (20, 22), (58, 3.0), (59, 1.0)), ('K.502 KernScores', 'P1', 2, (60, 62), (109, 3.0), (110, 1.0))]) 

49 .    (((2, 2), (1.0, 1.0), (3.0, 1.0)), [('K.502 KernScores', 'P2', 2, (87, 89), (115, 3.0), (115, 1.0)), ('K.502 KernScores', 'P2', 2, (90, 92), (116, 3.0), (116, 1.0)), ('K.502 KernScores', 'P2', 2, (96, 98), (129, 3.0), (129, 1.0))]) 

50 .    (((-8, -5), (1.0, 1.0), (1.0, 2.0)), [('K.502 KernScores', 'P2', 1, (308, 310), (126, 1.0), (126, 2.0)), ('K.502 KernScores', 'P2', 1, (315, 317), (130, 1.0), (130, 2.0))]) 

51 .    ((((3, 1), (3, -3)), ((0.0, 1.0), (0.0, 1.0)), (3.0, 1.0)), [('K.502 KernScores', 'P1', 1, (2, 4), (1, 3.0), (2, 1.0)), ('K.502 KernScores', 'P1', 1, (5, 7), (2, 3.0), (3, 1.0))]) 

52 .    ((((3, -5), (8, 4)), ((0.0, 1.0), (0.0, 1.0)), (1.0, 2.0)), [('K.502 KernScores', 'P1', 1, (9, 11), (4, 1.0), (4, 2.0)), ('K.502 KernScores', 'P1', 1, (15, 17), (6, 1.0), (6, 2.0))]) 

53 .    (((-2, -2), (2.0, 2.0), (1.0, 3.0)), [('K.502 KernScores', 'P2', 2, (81, 83), (94, 1.0), (94, 3.0)), ('K.502 KernScores', 'P2', 2, (84, 86), (95, 1.0), (96, 3.0))]) 

54 .    (((-2,), (1.0,), (2.0,)), [('K.502 KernScores', 'P1', 1, (514, 515), (130, 2.0), (130, 2.0)), ('K.502 KernScores', 'P2', 1, (113, 114), (58, 2.0), (58, 2.0))]) 

55 .    (((-2,), (0.25,), (1.75,)), [('K.502 KernScores', 'P1', 1, (175, 176), (53, 1.75), (53, 1.75)), ('K.502 KernScores', 'P1', 1, (436, 437), (112, 1.75), (112, 1.75))]) 

56 .    (((2,), (1.0,), (2.0,)), [('K.502 KernScores', 'P2', 1, (36, 37), (22, 2.0), (22, 2.0)), ('K.502 KernScores', 'P2', 1, (311, 312), (127, 2.0), (127, 2.0))]) 

57 .    (((3,), (0.75,), (1.0,)), [('K.502 KernScores', 'P1', 1, (512, 513), (130, 1.0), (130, 1.0)), ('K.502 KernScores', 'P1', 2, (56, 57), (109, 1.0), (109, 1.0))]) 

58 .    (((1,), (1.0,), (1.0,)), [('K.502 KernScores', 'P1', 1, (251, 252), (77, 1.0), (77, 1.0)), ('K.502 KernScores', 'P2', 1, (178, 179), (82, 1.0), (82, 1.0))]) 

59 .    (((2,), (0.25,), (1.75,)), [('K.502 KernScores', 'P1', 1, (173, 174), (52, 1.75), (52, 1.75)), ('K.502 KernScores', 'P1', 1, (177, 178), (54, 1.75), (54, 1.75))]) 

60 .    (((-5,), (3.0,), (3.0,)), [('K.502 KernScores', 'P2', 1, (274, 275), (115, 3.0), (115, 3.0)), ('K.502 KernScores', 'P2', 1, (313, 314), (129, 3.0), (129, 3.0))]) 

