1.    nomes:
K.372 KernScores

2.    quantidade:
1

3.    analise:
[('intDia', 'p1p2'), ('duracao', 'p1p2'), ('Ptempo', 'p1')] SemContInte Distancia: 0

1.    ((-4, 1, 1, 1, -3, -3, 5, 4, -4, 1, -3, -3, 5, 4, -4, 1, -3), (1.0, 1.0, 1.0, 1.0, 1.0, 1.0, 1.0, 1.0, 1.0, 1.0, 1.0, 1.0, 1.0, 1.0, 1.0, 1.0, 1.0), (0.0,)):
('K.372 KernScores', 'P1', 1, (1, 18), (1,), (2.0,), (3,), (6.0,))
('K.372 KernScores', 'P2', 1, (1, 18), (4,), (2.0,), (6,), (6.0,))

2.    ((-2, -2, 2, -3, (6, -2), (6, -2), (6, -2), (6, -2), (6, 7), -3, (6, -2), (6, -2), (6, -2), (6, -2), (6, 7)), (1.0, 1.0, 1.0, 1.0, (0.0, 1.0), (0.0, 1.0), (0.0, 1.0), (0.0, 1.0), (0.0, 1.0), 7.0, (0.0, 1.0), (0.0, 1.0), (0.0, 1.0), (0.0, 1.0), (0.0, 1.0)), (0.0,)):
('K.372 KernScores', 'P1', 1, (95, 110), (25,), (4.0,), (28,), (6.0,))
('K.372 KernScores', 'P1', 1, (211, 226), (57,), (4.0,), (60,), (6.0,))

3.    (((6, -2), (6, -2), (6, -2), (6, -2), (6, 2), (6, 4), (6, -2), (6, -2), (6, -2), (6, -2), (6, 2), (6, -8), 2), ((0.0, 1.0), (0.0, 1.0), (0.0, 1.0), (0.0, 1.0), (0.0, 1.0), (0.0, 7.0), (0.0, 1.0), (0.0, 1.0), (0.0, 1.0), (0.0, 1.0), (0.0, 1.0), (0.0, 3.0), 3.0), (0.0,)):
('K.372 KernScores', 'P2', 1, (89, 102), (27,), (2.0,), (30,), (4.0,))
('K.372 KernScores', 'P2', 1, (181, 194), (59,), (2.0,), (62,), (4.0,))

4.    ((5, 4, -2, -2, -2, -2, 3, 4, -2, -2, -2, 2), (1.0, 1.0, 1.0, 1.0, 1.0, 1.0, 1.0, 1.0, 1.0, 1.0, 1.0, 1.0), (0.0,)):
('K.372 KernScores', 'P2', 1, (47, 59), (15,), (1.0,), (16,), (6.0,))
('K.372 KernScores', 'P2', 1, (62, 74), (19,), (1.0,), (20,), (6.0,))

5.    ((-3, -3, -4, -3, 4, -3, -3, 1, -2, -2, 2), (1.0, 1.0, 1.0, 1.0, 1.0, 1.0, 1.0, 2.0, 0.0, 1.0, 1.0), (0.0,)):
('K.372 KernScores', 'P1', 1, (227, 238), (62,), (2.0,), (63,), (6.0,))
('K.372 KernScores', 'P1', 1, (239, 250), (64,), (2.0,), (65,), (6.0,))

6.    ((-2, -2, -2, -2, 2, 4, -2, -2, -2, -2, 2), (1.0, 1.0, 1.0, 1.0, 1.0, 1.0, 1.0, 1.0, 1.0, 1.0, 1.0), (0.0,)):
('K.372 KernScores', 'P1', 1, (26, 37), (7,), (4.0,), (9,), (2.0,))
('K.372 KernScores', 'P2', 1, (24, 35), (9,), (4.0,), (11,), (2.0,))

7.    ((2, -2, -2, -2, -2, 2, 4, -2, -2), (1.0, 1.0, 1.0, 1.0, 1.0, 1.0, 1.0, 1.0, 1.0), (0.0,)):
('K.372 KernScores', 'P1', 1, (25, 34), (7,), (3.0,), (8,), (5.0,))
('K.372 KernScores', 'P1', 1, (37, 46), (9,), (3.0,), (10,), (5.0,))

8.    ((-2, -2, 2, -2, 2, 2, -2, -2), (1.0, 1.0, 1.0, 1.0, 1.0, 1.0, 1.0, 1.0), (0.0,)):
('K.372 KernScores', 'P1', 1, (56, 64), (13,), (4.0,), (14,), (5.0,))
('K.372 KernScores', 'P2', 1, (38, 46), (13,), (4.0,), (14,), (5.0,))

9.    ((1, 2, 2, 2, -4, 1, 2, 2), (2.0, 1.0, 2.0, 1.0, 6.0, 2.0, 1.0, 2.0), (0.0,)):
('K.372 KernScores', 'P2', 2, (36, 44), (47,), (1.0,), (49,), (4.0,))
('K.372 KernScores', 'P2', 2, (46, 54), (51,), (1.0,), (53,), (4.0,))

10.    ((2, 2, -3, 2, 2, 2), (2.0, 1.0, 2.0, 1.0, 2.0, 1.0), (0.0,)):
('K.372 KernScores', 'P2', 2, (11, 17), (15,), (4.0,), (16,), (6.0,))
('K.372 KernScores', 'P2', 2, (21, 27), (19,), (4.0,), (20,), (6.0,))

11.    ((8, -2, -2, -2, -2), (1.0, 1.0, 1.0, 1.0, 1.0), (0.0,)):
('K.372 KernScores', 'P1', 1, (74, 79), (21,), (2.0,), (21,), (6.0,))
('K.372 KernScores', 'P1', 1, (81, 86), (23,), (2.0,), (23,), (6.0,))

12.    (((6, -2), (6, -2), (6, -2), (6, 2), (6, -2)), ((0.0, 1.0), (0.0, 1.0), (0.0, 1.0), (0.0, 1.0), (0.0, 1.0)), (0.0,)):
('K.372 KernScores', 'P1', 1, (188, 193), (48,), (2.0,), (48,), (6.0,))
('K.372 KernScores', 'P1', 1, (200, 205), (52,), (2.0,), (52,), (6.0,))

13.    (((6, -2), (6, -2), (6, -2), (6, -2)), ((0.0, 1.0), (0.0, 1.0), (0.0, 1.0), (0.0, 1.0)), (0.0,)):
('K.372 KernScores', 'P1', 1, (99, 103), (26,), (2.0,), (26,), (5.0,))
('K.372 KernScores', 'P1', 1, (105, 109), (28,), (2.0,), (28,), (5.0,))
('K.372 KernScores', 'P1', 1, (182, 186), (46,), (2.0,), (46,), (5.0,))
('K.372 KernScores', 'P1', 1, (215, 219), (58,), (2.0,), (58,), (5.0,))
('K.372 KernScores', 'P1', 1, (221, 225), (60,), (2.0,), (60,), (5.0,))
('K.372 KernScores', 'P2', 1, (89, 93), (27,), (2.0,), (27,), (5.0,))
('K.372 KernScores', 'P2', 1, (181, 185), (59,), (2.0,), (59,), (5.0,))

14.    ((-2, -2, 2, 2), (1.0, 1.0, 1.0, 1.0), (0.0,)):
('K.372 KernScores', 'P1', 1, (34, 38), (8,), (6.0,), (9,), (3.0,))
('K.372 KernScores', 'P1', 1, (52, 56), (12,), (6.0,), (13,), (3.0,))
('K.372 KernScores', 'P1', 2, (39, 43), (43,), (1.0,), (43,), (4.0,))

15.    (((6, 4), (6, -2), (6, -2), (6, -2)), ((0.0, 7.0), (0.0, 1.0), (0.0, 1.0), (0.0, 1.0)), (0.0,)):
('K.372 KernScores', 'P1', 1, (187, 191), (47,), (1.0,), (48,), (4.0,))
('K.372 KernScores', 'P2', 1, (94, 98), (28,), (1.0,), (29,), (4.0,))
('K.372 KernScores', 'P2', 1, (186, 190), (60,), (1.0,), (61,), (4.0,))

16.    ((-2, 6, -7, -2), (1.0, 1.0, 1.0, 1.0), (0.0,)):
('K.372 KernScores', 'P2', 1, (161, 165), (54,), (3.0,), (54,), (6.0,))
('K.372 KernScores', 'P2', 1, (170, 174), (55,), (6.0,), (56,), (3.0,))

17.    ((-2, -2, 2), (1.0, 1.0, 1.0), (0.0,)):
('K.372 KernScores', 'P1', 1, (28, 31), (7,), (6.0,), (8,), (2.0,))
('K.372 KernScores', 'P1', 1, (34, 37), (8,), (6.0,), (9,), (2.0,))
('K.372 KernScores', 'P1', 1, (40, 43), (9,), (6.0,), (10,), (2.0,))
('K.372 KernScores', 'P1', 1, (52, 55), (12,), (6.0,), (13,), (2.0,))
('K.372 KernScores', 'P1', 1, (56, 59), (13,), (4.0,), (13,), (6.0,))
('K.372 KernScores', 'P1', 1, (62, 65), (14,), (4.0,), (14,), (6.0,))
('K.372 KernScores', 'P1', 1, (68, 71), (17,), (4.0,), (17,), (6.0,))
('K.372 KernScores', 'P1', 1, (95, 98), (25,), (4.0,), (25,), (6.0,))
('K.372 KernScores', 'P1', 1, (119, 122), (31,), (4.0,), (31,), (6.0,))
('K.372 KernScores', 'P1', 1, (211, 214), (57,), (4.0,), (57,), (6.0,))
('K.372 KernScores', 'P1', 2, (39, 42), (43,), (1.0,), (43,), (3.0,))
('K.372 KernScores', 'P2', 1, (26, 29), (9,), (6.0,), (10,), (2.0,))
('K.372 KernScores', 'P2', 1, (32, 35), (10,), (6.0,), (11,), (2.0,))
('K.372 KernScores', 'P2', 1, (38, 41), (13,), (4.0,), (13,), (6.0,))
('K.372 KernScores', 'P2', 1, (56, 59), (16,), (4.0,), (16,), (6.0,))
('K.372 KernScores', 'P2', 1, (71, 74), (20,), (4.0,), (20,), (6.0,))
('K.372 KernScores', 'P2', 1, (128, 131), (45,), (4.0,), (45,), (6.0,))
('K.372 KernScores', 'P2', 1, (135, 138), (47,), (4.0,), (47,), (6.0,))
('K.372 KernScores', 'P2', 1, (142, 145), (49,), (4.0,), (49,), (6.0,))
('K.372 KernScores', 'P2', 1, (149, 152), (51,), (4.0,), (51,), (6.0,))

18.    ((2, 2, 2), (1.0, 2.0, 1.0), (0.0,)):
('K.372 KernScores', 'P1', 2, (26, 29), (37,), (3.0,), (37,), (6.0,))
('K.372 KernScores', 'P1', 2, (31, 34), (38,), (3.0,), (38,), (6.0,))
('K.372 KernScores', 'P2', 2, (14, 17), (16,), (3.0,), (16,), (6.0,))
('K.372 KernScores', 'P2', 2, (20, 23), (19,), (3.0,), (19,), (6.0,))
('K.372 KernScores', 'P2', 2, (24, 27), (20,), (3.0,), (20,), (6.0,))
('K.372 KernScores', 'P2', 2, (37, 40), (47,), (3.0,), (47,), (6.0,))
('K.372 KernScores', 'P2', 2, (42, 45), (49,), (3.0,), (49,), (6.0,))
('K.372 KernScores', 'P2', 2, (47, 50), (51,), (3.0,), (51,), (6.0,))

19.    ((2, 2), (2.0, 1.0), (0.0,)):
('K.372 KernScores', 'P1', 2, (9, 11), (17,), (4.0,), (17,), (6.0,))
('K.372 KernScores', 'P1', 2, (27, 29), (37,), (4.0,), (37,), (6.0,))
('K.372 KernScores', 'P1', 2, (32, 34), (38,), (4.0,), (38,), (6.0,))
('K.372 KernScores', 'P2', 1, (176, 178), (57,), (1.0,), (57,), (3.0,))
('K.372 KernScores', 'P2', 2, (11, 13), (15,), (4.0,), (15,), (6.0,))
('K.372 KernScores', 'P2', 2, (15, 17), (16,), (4.0,), (16,), (6.0,))
('K.372 KernScores', 'P2', 2, (21, 23), (19,), (4.0,), (19,), (6.0,))
('K.372 KernScores', 'P2', 2, (25, 27), (20,), (4.0,), (20,), (6.0,))
('K.372 KernScores', 'P2', 2, (33, 35), (45,), (4.0,), (45,), (6.0,))
('K.372 KernScores', 'P2', 2, (38, 40), (47,), (4.0,), (47,), (6.0,))
('K.372 KernScores', 'P2', 2, (43, 45), (49,), (4.0,), (49,), (6.0,))
('K.372 KernScores', 'P2', 2, (48, 50), (51,), (4.0,), (51,), (6.0,))

20.    ((-4, 2), (1.0, 1.0), (0.0,)):
('K.372 KernScores', 'P1', 1, (126, 128), (32,), (5.0,), (32,), (6.0,))
('K.372 KernScores', 'P1', 1, (138, 140), (34,), (5.0,), (34,), (6.0,))
('K.372 KernScores', 'P1', 2, (30, 32), (38,), (2.0,), (38,), (3.0,))
('K.372 KernScores', 'P1', 2, (35, 37), (39,), (2.0,), (39,), (3.0,))

21.    ((2, 2), (2.0, 2.0), (0.0,)):
('K.372 KernScores', 'P1', 2, (8, 10), (17,), (2.0,), (17,), (4.0,))
('K.372 KernScores', 'P1', 2, (17, 19), (21,), (2.0,), (21,), (4.0,))
('K.372 KernScores', 'P1', 2, (20, 22), (23,), (2.0,), (23,), (4.0,))

22.    ((2, 2), (1.0, 2.0), (0.0,)):
('K.372 KernScores', 'P1', 2, (36, 38), (39,), (3.0,), (39,), (4.0,))
('K.372 KernScores', 'P2', 2, (29, 31), (22,), (3.0,), (22,), (4.0,))
('K.372 KernScores', 'P2', 2, (52, 54), (53,), (3.0,), (53,), (4.0,))

23.    (((3, 2), (3, 2)), ((0.0, 1.0), (0.0, 1.0)), (0.0,)):
('K.372 KernScores', 'P1', 1, (86, 88), (24,), (1.0,), (24,), (2.0,))
('K.372 KernScores', 'P1', 1, (111, 113), (30,), (2.0,), (30,), (3.0,))

24.    ((-4, 2), (2.0, 1.0), (0.0,)):
('K.372 KernScores', 'P1', 1, (24, 26), (7,), (1.0,), (7,), (3.0,))
('K.372 KernScores', 'P1', 2, (25, 27), (37,), (1.0,), (37,), (3.0,))

25.    ((-2, (3, -2)), (1.0, (0.0, 1.0)), (0.0,)):
('K.372 KernScores', 'P1', 1, (78, 80), (21,), (6.0,), (22,), (1.0,))
('K.372 KernScores', 'P1', 2, (13, 15), (18,), (3.0,), (18,), (4.0,))

26.    ((2, -4), (1.0, 1.0), (0.0,)):
('K.372 KernScores', 'P1', 2, (5, 7), (12,), (2.0,), (12,), (3.0,))
('K.372 KernScores', 'P1', 2, (10, 12), (17,), (6.0,), (18,), (1.0,))

27.    ((1, 1), (3.0, 3.0), (0.0,)):
('K.372 KernScores', 'P2', 2, (1, 3), (9,), (4.0,), (10,), (1.0,))
('K.372 KernScores', 'P2', 2, (7, 9), (13,), (4.0,), (14,), (1.0,))

28.    ((2,), (1.0,), (0.0,)):
('K.372 KernScores', 'P1', 1, (25, 26), (7,), (3.0,), (7,), (3.0,))
('K.372 KernScores', 'P1', 1, (30, 31), (8,), (2.0,), (8,), (2.0,))
('K.372 KernScores', 'P1', 1, (36, 37), (9,), (2.0,), (9,), (2.0,))
('K.372 KernScores', 'P1', 1, (37, 38), (9,), (3.0,), (9,), (3.0,))
('K.372 KernScores', 'P1', 1, (42, 43), (10,), (2.0,), (10,), (2.0,))
('K.372 KernScores', 'P1', 1, (50, 51), (12,), (4.0,), (12,), (4.0,))
('K.372 KernScores', 'P1', 1, (54, 55), (13,), (2.0,), (13,), (2.0,))
('K.372 KernScores', 'P1', 1, (55, 56), (13,), (3.0,), (13,), (3.0,))
('K.372 KernScores', 'P1', 1, (58, 59), (13,), (6.0,), (13,), (6.0,))
('K.372 KernScores', 'P1', 1, (60, 61), (14,), (2.0,), (14,), (2.0,))
('K.372 KernScores', 'P1', 1, (61, 62), (14,), (3.0,), (14,), (3.0,))
('K.372 KernScores', 'P1', 1, (64, 65), (14,), (6.0,), (14,), (6.0,))
('K.372 KernScores', 'P1', 1, (70, 71), (17,), (6.0,), (17,), (6.0,))
('K.372 KernScores', 'P1', 1, (97, 98), (25,), (6.0,), (25,), (6.0,))
('K.372 KernScores', 'P1', 1, (121, 122), (31,), (6.0,), (31,), (6.0,))
('K.372 KernScores', 'P1', 1, (127, 128), (32,), (6.0,), (32,), (6.0,))
('K.372 KernScores', 'P1', 1, (133, 134), (33,), (6.0,), (33,), (6.0,))
('K.372 KernScores', 'P1', 1, (139, 140), (34,), (6.0,), (34,), (6.0,))
('K.372 KernScores', 'P1', 1, (145, 146), (35,), (6.0,), (35,), (6.0,))
('K.372 KernScores', 'P1', 1, (148, 149), (37,), (6.0,), (37,), (6.0,))
('K.372 KernScores', 'P1', 1, (151, 152), (38,), (6.0,), (38,), (6.0,))
('K.372 KernScores', 'P1', 1, (206, 207), (56,), (5.0,), (56,), (5.0,))
('K.372 KernScores', 'P1', 1, (207, 208), (56,), (6.0,), (56,), (6.0,))
('K.372 KernScores', 'P1', 1, (213, 214), (57,), (6.0,), (57,), (6.0,))
('K.372 KernScores', 'P1', 1, (237, 238), (63,), (6.0,), (63,), (6.0,))
('K.372 KernScores', 'P1', 1, (249, 250), (65,), (6.0,), (65,), (6.0,))
('K.372 KernScores', 'P1', 2, (1, 2), (11,), (2.0,), (11,), (2.0,))
('K.372 KernScores', 'P1', 2, (5, 6), (12,), (2.0,), (12,), (2.0,))
('K.372 KernScores', 'P1', 2, (10, 11), (17,), (6.0,), (17,), (6.0,))
('K.372 KernScores', 'P1', 2, (26, 27), (37,), (3.0,), (37,), (3.0,))
('K.372 KernScores', 'P1', 2, (28, 29), (37,), (6.0,), (37,), (6.0,))
('K.372 KernScores', 'P1', 2, (31, 32), (38,), (3.0,), (38,), (3.0,))
('K.372 KernScores', 'P1', 2, (33, 34), (38,), (6.0,), (38,), (6.0,))
('K.372 KernScores', 'P1', 2, (36, 37), (39,), (3.0,), (39,), (3.0,))
('K.372 KernScores', 'P1', 2, (41, 42), (43,), (3.0,), (43,), (3.0,))
('K.372 KernScores', 'P1', 2, (42, 43), (43,), (4.0,), (43,), (4.0,))
('K.372 KernScores', 'P1', 2, (43, 44), (43,), (5.0,), (43,), (5.0,))
('K.372 KernScores', 'P2', 1, (28, 29), (10,), (2.0,), (10,), (2.0,))
('K.372 KernScores', 'P2', 1, (34, 35), (11,), (2.0,), (11,), (2.0,))
('K.372 KernScores', 'P2', 1, (40, 41), (13,), (6.0,), (13,), (6.0,))
('K.372 KernScores', 'P2', 1, (42, 43), (14,), (2.0,), (14,), (2.0,))
('K.372 KernScores', 'P2', 1, (43, 44), (14,), (3.0,), (14,), (3.0,))
('K.372 KernScores', 'P2', 1, (58, 59), (16,), (6.0,), (16,), (6.0,))
('K.372 KernScores', 'P2', 1, (73, 74), (20,), (6.0,), (20,), (6.0,))
('K.372 KernScores', 'P2', 1, (130, 131), (45,), (6.0,), (45,), (6.0,))
('K.372 KernScores', 'P2', 1, (137, 138), (47,), (6.0,), (47,), (6.0,))
('K.372 KernScores', 'P2', 1, (144, 145), (49,), (6.0,), (49,), (6.0,))
('K.372 KernScores', 'P2', 1, (151, 152), (51,), (6.0,), (51,), (6.0,))
('K.372 KernScores', 'P2', 1, (177, 178), (57,), (3.0,), (57,), (3.0,))
('K.372 KernScores', 'P2', 2, (12, 13), (15,), (6.0,), (15,), (6.0,))
('K.372 KernScores', 'P2', 2, (14, 15), (16,), (3.0,), (16,), (3.0,))
('K.372 KernScores', 'P2', 2, (16, 17), (16,), (6.0,), (16,), (6.0,))
('K.372 KernScores', 'P2', 2, (20, 21), (19,), (3.0,), (19,), (3.0,))
('K.372 KernScores', 'P2', 2, (22, 23), (19,), (6.0,), (19,), (6.0,))
('K.372 KernScores', 'P2', 2, (24, 25), (20,), (3.0,), (20,), (3.0,))
('K.372 KernScores', 'P2', 2, (26, 27), (20,), (6.0,), (20,), (6.0,))
('K.372 KernScores', 'P2', 2, (29, 30), (22,), (3.0,), (22,), (3.0,))
('K.372 KernScores', 'P2', 2, (34, 35), (45,), (6.0,), (45,), (6.0,))
('K.372 KernScores', 'P2', 2, (37, 38), (47,), (3.0,), (47,), (3.0,))
('K.372 KernScores', 'P2', 2, (39, 40), (47,), (6.0,), (47,), (6.0,))
('K.372 KernScores', 'P2', 2, (42, 43), (49,), (3.0,), (49,), (3.0,))
('K.372 KernScores', 'P2', 2, (44, 45), (49,), (6.0,), (49,), (6.0,))
('K.372 KernScores', 'P2', 2, (47, 48), (51,), (3.0,), (51,), (3.0,))
('K.372 KernScores', 'P2', 2, (49, 50), (51,), (6.0,), (51,), (6.0,))
('K.372 KernScores', 'P2', 2, (52, 53), (53,), (3.0,), (53,), (3.0,))

29.    ((-2,), (1.0,), (0.0,)):
('K.372 KernScores', 'P1', 1, (48, 49), (11,), (5.0,), (11,), (5.0,))
('K.372 KernScores', 'P1', 1, (51, 52), (12,), (5.0,), (12,), (5.0,))
('K.372 KernScores', 'P1', 1, (67, 68), (17,), (3.0,), (17,), (3.0,))
('K.372 KernScores', 'P1', 1, (154, 155), (39,), (6.0,), (39,), (6.0,))
('K.372 KernScores', 'P1', 1, (180, 181), (44,), (6.0,), (44,), (6.0,))
('K.372 KernScores', 'P1', 1, (210, 211), (57,), (3.0,), (57,), (3.0,))
('K.372 KernScores', 'P1', 2, (13, 14), (18,), (3.0,), (18,), (3.0,))
('K.372 KernScores', 'P2', 1, (46, 47), (14,), (6.0,), (14,), (6.0,))
('K.372 KernScores', 'P2', 1, (55, 56), (16,), (3.0,), (16,), (3.0,))
('K.372 KernScores', 'P2', 1, (70, 71), (20,), (3.0,), (20,), (3.0,))
('K.372 KernScores', 'P2', 1, (127, 128), (45,), (3.0,), (45,), (3.0,))
('K.372 KernScores', 'P2', 1, (134, 135), (47,), (3.0,), (47,), (3.0,))
('K.372 KernScores', 'P2', 1, (141, 142), (49,), (3.0,), (49,), (3.0,))
('K.372 KernScores', 'P2', 1, (148, 149), (51,), (3.0,), (51,), (3.0,))
('K.372 KernScores', 'P2', 1, (161, 162), (54,), (3.0,), (54,), (3.0,))
('K.372 KernScores', 'P2', 1, (164, 165), (54,), (6.0,), (54,), (6.0,))
('K.372 KernScores', 'P2', 1, (167, 168), (55,), (3.0,), (55,), (3.0,))
('K.372 KernScores', 'P2', 1, (170, 171), (55,), (6.0,), (55,), (6.0,))
('K.372 KernScores', 'P2', 1, (173, 174), (56,), (3.0,), (56,), (3.0,))
('K.372 KernScores', 'P2', 1, (175, 176), (56,), (6.0,), (56,), (6.0,))

30.    ((-4,), (1.0,), (0.0,)):
('K.372 KernScores', 'P1', 1, (1, 2), (1,), (2.0,), (1,), (2.0,))
('K.372 KernScores', 'P1', 1, (9, 10), (2,), (4.0,), (2,), (4.0,))
('K.372 KernScores', 'P1', 1, (15, 16), (3,), (4.0,), (3,), (4.0,))
('K.372 KernScores', 'P1', 1, (123, 124), (32,), (2.0,), (32,), (2.0,))
('K.372 KernScores', 'P1', 1, (126, 127), (32,), (5.0,), (32,), (5.0,))
('K.372 KernScores', 'P1', 1, (135, 136), (34,), (2.0,), (34,), (2.0,))
('K.372 KernScores', 'P1', 1, (138, 139), (34,), (5.0,), (34,), (5.0,))
('K.372 KernScores', 'P1', 1, (229, 230), (62,), (4.0,), (62,), (4.0,))
('K.372 KernScores', 'P1', 1, (241, 242), (64,), (4.0,), (64,), (4.0,))
('K.372 KernScores', 'P1', 2, (6, 7), (12,), (3.0,), (12,), (3.0,))
('K.372 KernScores', 'P1', 2, (11, 12), (18,), (1.0,), (18,), (1.0,))
('K.372 KernScores', 'P1', 2, (30, 31), (38,), (2.0,), (38,), (2.0,))
('K.372 KernScores', 'P1', 2, (35, 36), (39,), (2.0,), (39,), (2.0,))
('K.372 KernScores', 'P2', 1, (1, 2), (4,), (2.0,), (4,), (2.0,))
('K.372 KernScores', 'P2', 1, (9, 10), (5,), (4.0,), (5,), (4.0,))
('K.372 KernScores', 'P2', 1, (15, 16), (6,), (4.0,), (6,), (4.0,))
('K.372 KernScores', 'P2', 1, (20, 21), (7,), (3.0,), (7,), (3.0,))

31.    ((5,), (1.0,), (0.0,)):
('K.372 KernScores', 'P1', 1, (7, 8), (2,), (2.0,), (2,), (2.0,))
('K.372 KernScores', 'P1', 1, (13, 14), (3,), (2.0,), (3,), (2.0,))
('K.372 KernScores', 'P1', 2, (2, 3), (11,), (3.0,), (11,), (3.0,))
('K.372 KernScores', 'P2', 1, (7, 8), (5,), (2.0,), (5,), (2.0,))
('K.372 KernScores', 'P2', 1, (13, 14), (6,), (2.0,), (6,), (2.0,))
('K.372 KernScores', 'P2', 1, (47, 48), (15,), (1.0,), (15,), (1.0,))
('K.372 KernScores', 'P2', 1, (62, 63), (19,), (1.0,), (19,), (1.0,))
('K.372 KernScores', 'P2', 1, (76, 77), (22,), (1.0,), (22,), (1.0,))
('K.372 KernScores', 'P2', 1, (125, 126), (45,), (1.0,), (45,), (1.0,))
('K.372 KernScores', 'P2', 1, (132, 133), (47,), (1.0,), (47,), (1.0,))
('K.372 KernScores', 'P2', 1, (139, 140), (49,), (1.0,), (49,), (1.0,))
('K.372 KernScores', 'P2', 1, (146, 147), (51,), (1.0,), (51,), (1.0,))
('K.372 KernScores', 'P2', 1, (153, 154), (53,), (1.0,), (53,), (1.0,))

32.    ((1,), (1.0,), (0.0,)):
('K.372 KernScores', 'P1', 1, (2, 3), (1,), (3.0,), (1,), (3.0,))
('K.372 KernScores', 'P1', 1, (3, 4), (1,), (4.0,), (1,), (4.0,))
('K.372 KernScores', 'P1', 1, (4, 5), (1,), (5.0,), (1,), (5.0,))
('K.372 KernScores', 'P1', 1, (10, 11), (2,), (5.0,), (2,), (5.0,))
('K.372 KernScores', 'P1', 1, (16, 17), (3,), (5.0,), (3,), (5.0,))
('K.372 KernScores', 'P1', 2, (29, 30), (38,), (1.0,), (38,), (1.0,))
('K.372 KernScores', 'P1', 2, (34, 35), (39,), (1.0,), (39,), (1.0,))
('K.372 KernScores', 'P2', 1, (2, 3), (4,), (3.0,), (4,), (3.0,))
('K.372 KernScores', 'P2', 1, (3, 4), (4,), (4.0,), (4,), (4.0,))
('K.372 KernScores', 'P2', 1, (4, 5), (4,), (5.0,), (4,), (5.0,))
('K.372 KernScores', 'P2', 1, (10, 11), (5,), (5.0,), (5,), (5.0,))
('K.372 KernScores', 'P2', 1, (16, 17), (6,), (5.0,), (6,), (5.0,))

33.    ((2,), (3.0,), (0.0,)):
('K.372 KernScores', 'P1', 1, (172, 173), (43,), (1.0,), (43,), (1.0,))
('K.372 KernScores', 'P2', 1, (60, 61), (18,), (1.0,), (18,), (1.0,))
('K.372 KernScores', 'P2', 1, (101, 102), (30,), (4.0,), (30,), (4.0,))
('K.372 KernScores', 'P2', 1, (102, 103), (31,), (1.0,), (31,), (1.0,))
('K.372 KernScores', 'P2', 1, (105, 106), (33,), (1.0,), (33,), (1.0,))
('K.372 KernScores', 'P2', 1, (108, 109), (35,), (1.0,), (35,), (1.0,))
('K.372 KernScores', 'P2', 1, (193, 194), (62,), (4.0,), (62,), (4.0,))
('K.372 KernScores', 'P2', 1, (195, 196), (63,), (4.0,), (63,), (4.0,))
('K.372 KernScores', 'P2', 1, (197, 198), (64,), (4.0,), (64,), (4.0,))
('K.372 KernScores', 'P2', 1, (198, 199), (65,), (1.0,), (65,), (1.0,))
('K.372 KernScores', 'P2', 2, (10, 11), (15,), (1.0,), (15,), (1.0,))
('K.372 KernScores', 'P2', 2, (32, 33), (45,), (1.0,), (45,), (1.0,))

34.    ((-3,), (1.0,), (0.0,)):
('K.372 KernScores', 'P1', 1, (98, 99), (26,), (1.0,), (26,), (1.0,))
('K.372 KernScores', 'P1', 1, (129, 130), (33,), (2.0,), (33,), (2.0,))
('K.372 KernScores', 'P1', 1, (141, 142), (35,), (2.0,), (35,), (2.0,))
('K.372 KernScores', 'P1', 1, (147, 148), (37,), (5.0,), (37,), (5.0,))
('K.372 KernScores', 'P1', 1, (150, 151), (38,), (5.0,), (38,), (5.0,))
('K.372 KernScores', 'P1', 1, (153, 154), (39,), (5.0,), (39,), (5.0,))
('K.372 KernScores', 'P1', 1, (214, 215), (58,), (1.0,), (58,), (1.0,))
('K.372 KernScores', 'P1', 1, (230, 231), (62,), (5.0,), (62,), (5.0,))
('K.372 KernScores', 'P1', 1, (242, 243), (64,), (5.0,), (64,), (5.0,))
('K.372 KernScores', 'P2', 1, (18, 19), (7,), (1.0,), (7,), (1.0,))

35.    ((1,), (2.0,), (0.0,)):
('K.372 KernScores', 'P1', 1, (130, 131), (33,), (3.0,), (33,), (3.0,))
('K.372 KernScores', 'P1', 1, (142, 143), (35,), (3.0,), (35,), (3.0,))
('K.372 KernScores', 'P1', 1, (234, 235), (63,), (3.0,), (63,), (3.0,))
('K.372 KernScores', 'P1', 1, (246, 247), (65,), (3.0,), (65,), (3.0,))
('K.372 KernScores', 'P2', 2, (19, 20), (19,), (1.0,), (19,), (1.0,))
('K.372 KernScores', 'P2', 2, (28, 29), (22,), (1.0,), (22,), (1.0,))
('K.372 KernScores', 'P2', 2, (36, 37), (47,), (1.0,), (47,), (1.0,))
('K.372 KernScores', 'P2', 2, (41, 42), (49,), (1.0,), (49,), (1.0,))
('K.372 KernScores', 'P2', 2, (46, 47), (51,), (1.0,), (51,), (1.0,))
('K.372 KernScores', 'P2', 2, (51, 52), (53,), (1.0,), (53,), (1.0,))

36.    ((1,), (3.0,), (0.0,)):
('K.372 KernScores', 'P2', 1, (75, 76), (21,), (4.0,), (21,), (4.0,))
('K.372 KernScores', 'P2', 1, (196, 197), (64,), (1.0,), (64,), (1.0,))
('K.372 KernScores', 'P2', 2, (1, 2), (9,), (4.0,), (9,), (4.0,))
('K.372 KernScores', 'P2', 2, (2, 3), (10,), (1.0,), (10,), (1.0,))
('K.372 KernScores', 'P2', 2, (3, 4), (10,), (4.0,), (10,), (4.0,))
('K.372 KernScores', 'P2', 2, (7, 8), (13,), (4.0,), (13,), (4.0,))
('K.372 KernScores', 'P2', 2, (8, 9), (14,), (1.0,), (14,), (1.0,))

37.    (((3, -2),), ((0.0, 1.0),), (0.0,)):
('K.372 KernScores', 'P1', 1, (90, 91), (24,), (5.0,), (24,), (5.0,))
('K.372 KernScores', 'P1', 1, (114, 115), (30,), (5.0,), (30,), (5.0,))
('K.372 KernScores', 'P1', 1, (158, 159), (40,), (5.0,), (40,), (5.0,))
('K.372 KernScores', 'P1', 1, (160, 161), (41,), (1.0,), (41,), (1.0,))
('K.372 KernScores', 'P1', 1, (166, 167), (42,), (1.0,), (42,), (1.0,))
('K.372 KernScores', 'P1', 2, (15, 16), (18,), (5.0,), (18,), (5.0,))

38.    ((4,), (1.0,), (0.0,)):
('K.372 KernScores', 'P1', 1, (19, 20), (4,), (6.0,), (4,), (6.0,))
('K.372 KernScores', 'P1', 1, (21, 22), (5,), (6.0,), (5,), (6.0,))
('K.372 KernScores', 'P1', 1, (23, 24), (6,), (6.0,), (6,), (6.0,))
('K.372 KernScores', 'P1', 1, (231, 232), (62,), (6.0,), (62,), (6.0,))
('K.372 KernScores', 'P1', 1, (243, 244), (64,), (6.0,), (64,), (6.0,))
('K.372 KernScores', 'P2', 1, (179, 180), (57,), (6.0,), (57,), (6.0,))

39.    ((6,), (1.0,), (0.0,)):
('K.372 KernScores', 'P1', 1, (128, 129), (33,), (1.0,), (33,), (1.0,))
('K.372 KernScores', 'P1', 1, (140, 141), (35,), (1.0,), (35,), (1.0,))
('K.372 KernScores', 'P2', 1, (162, 163), (54,), (4.0,), (54,), (4.0,))
('K.372 KernScores', 'P2', 1, (165, 166), (55,), (1.0,), (55,), (1.0,))
('K.372 KernScores', 'P2', 1, (171, 172), (56,), (1.0,), (56,), (1.0,))

40.    ((3,), (1.0,), (0.0,)):
('K.372 KernScores', 'P1', 2, (12, 13), (18,), (2.0,), (18,), (2.0,))
('K.372 KernScores', 'P2', 1, (19, 20), (7,), (2.0,), (7,), (2.0,))
('K.372 KernScores', 'P2', 1, (53, 54), (16,), (1.0,), (16,), (1.0,))
('K.372 KernScores', 'P2', 1, (68, 69), (20,), (1.0,), (20,), (1.0,))

41.    (((6, 2),), ((0.0, 1.0),), (0.0,)):
('K.372 KernScores', 'P1', 1, (191, 192), (48,), (5.0,), (48,), (5.0,))
('K.372 KernScores', 'P2', 1, (93, 94), (27,), (6.0,), (27,), (6.0,))
('K.372 KernScores', 'P2', 1, (185, 186), (59,), (6.0,), (59,), (6.0,))

42.    ((-2,), (2.0,), (0.0,)):
('K.372 KernScores', 'P1', 1, (71, 72), (18,), (1.0,), (18,), (1.0,))
('K.372 KernScores', 'P1', 1, (173, 174), (43,), (4.0,), (43,), (4.0,))

43.    ((1,), (12.0,), (0.0,)):
('K.372 KernScores', 'P1', 2, (23, 24), (27,), (1.0,), (27,), (1.0,))
('K.372 KernScores', 'P1', 2, (45, 46), (59,), (1.0,), (59,), (1.0,))

44.    ((-7,), (6.0,), (0.0,)):
('K.372 KernScores', 'P2', 1, (59, 60), (17,), (1.0,), (17,), (1.0,))
('K.372 KernScores', 'P2', 1, (145, 146), (50,), (1.0,), (50,), (1.0,))

45.    (((8, 4),), ((0.0, 3.0),), (0.0,)):
('K.372 KernScores', 'P2', 1, (83, 84), (23,), (4.0,), (23,), (4.0,))
('K.372 KernScores', 'P2', 1, (122, 123), (43,), (4.0,), (43,), (4.0,))

46.    (((8, 2),), ((0.0, 3.0),), (0.0,)):
('K.372 KernScores', 'P2', 1, (85, 86), (24,), (4.0,), (24,), (4.0,))
('K.372 KernScores', 'P2', 1, (86, 87), (25,), (1.0,), (25,), (1.0,))

47.    (((4, 3, 1),), ((0.0, 0.0, 3.0),), (0.0,)):
('K.372 KernScores', 'P2', 1, (36, 37), (12,), (1.0,), (12,), (1.0,))
('K.372 KernScores', 'P2', 2, (6, 7), (13,), (1.0,), (13,), (1.0,))

