1 .    ('nomes', 'K.303 KernScores') 

2 .    ('quantidade', 1) 

3 .    ('analise', 'recorręncias IntDiaDurPcompasso sem contidos e intercalados') 

1 .    (((-2, 2, -5, (6, 5), -2, 2, -2, 2, -5, (6, 5), -2, 2, 3, -7, (6, 1), (6, -2), (6, -2), (6, 2), (6, -2), (6, -2), (6, 2), (6, -3), 9, -2, 2, -5, (6, 5), -2, 2, -2, 2, -5, (6, 5), -2, 2, 3, -7, (6, 1), (6, -2), (6, -2), (6, 2), (6, -2), (6, -2)), (1.5, 0.25, 0.25, (0.0, 1.0), 2.0, 1.0, 1.5, 0.25, 0.25, (0.0, 1.0), 2.0, 1.0, 1.0, 1.0, (0.0, 1.0), (0.0, 1.0), (0.0, 1.0), (0.0, 1.0), (0.0, 1.0), (0.0, 1.0), (0.0, 1.0), (0.0, 2.0), 1.0, 1.5, 0.25, 0.25, (0.0, 1.0), 2.0, 1.0, 1.5, 0.25, 0.25, (0.0, 1.0), 2.0, 1.0, 1.0, 1.0, (0.0, 1.0), (0.0, 1.0), (0.0, 1.0), (0.0, 1.0), (0.0, 1.0), (0.0, 1.0)), (1.0, 2.5, 2.75, 3.0, 1.0, 3.0, 1.0, 2.5, 2.75, 3.0, 1.0, 3.0, 1.0, 2.0, 3.0, 1.0, 2.0, 3.0, 1.0, 2.0, 3.0, 1.0, 3.0, 1.0, 2.5, 2.75, 3.0, 1.0, 3.0, 1.0, 2.5, 2.75, 3.0, 1.0, 3.0, 1.0, 2.0, 3.0, 1.0, 2.0, 3.0, 1.0, 2.0)), [('K.303 KernScores', 'P1', 1, (110, 153), (38, 1.0), (52, 2.0)), ('K.303 KernScores', 'P1', 1, (297, 340), (97, 1.0), (111, 2.0))]) 

2 .    (((-3, 4, -2, -3, -2, 4, -3, 4, -2, -3, -2, 4, 2, -4, 2, -3, 2, -8, 4), (1.0, 1.0, 1.0, 1.0, 1.0, 1.0, 1.0, 1.0, 1.0, 1.0, 1.0, 1.0, 2.0, 1.0, 2.0, 1.0, 1.0, 1.0, 1.0), (1.0, 2.0, 3.0, 1.0, 2.0, 3.0, 1.0, 2.0, 3.0, 1.0, 2.0, 3.0, 1.0, 3.0, 1.0, 3.0, 1.0, 2.0, 3.0)), [('K.303 KernScores', 'P2', 1, (122, 141), (46, 1.0), (52, 3.0)), ('K.303 KernScores', 'P2', 1, (269, 288), (97, 1.0), (103, 3.0)), ('K.303 KernScores', 'P2', 1, (290, 309), (105, 1.0), (111, 3.0))]) 

3 .    (((-2, 2, 2, -2, -2, 2, 2, -2, -2, 2, 2, -2, -2, 2, 2), (1.5, 0.25, 0.25, 4.0, 1.5, 0.25, 0.25, 16.0, 1.5, 0.25, 0.25, 4.0, 1.5, 0.25, 0.25), (1.0, 2.5, 2.75, 3.0, 1.0, 2.5, 2.75, 3.0, 1.0, 2.5, 2.75, 3.0, 1.0, 2.5, 2.75)), [('K.303 KernScores', 'P1', 2, (12, 27), (39, 1.0), (49, 2.75)), ('K.303 KernScores', 'P1', 2, (44, 59), (98, 1.0), (108, 2.75))]) 

4 .    (((-2, -2, -2, -2, 1, -2, 2, 2, 1, 2, -6, -2), (2.0, 1.0, 0.33, 0.33, 0.33, 2.0, 0.33, 0.33, 0.33, 2.0, 1.0, 1.0), (1.0, 3.0, 1.0, 1.33, 1.67, 2.0, 1.0, 1.33, 1.67, 2.0, 1.0, 2.0)), [('K.303 KernScores', 'P1', 1, (154, 166), (53, 1.0), (56, 2.0)), ('K.303 KernScores', 'P1', 1, (167, 179), (57, 1.0), (60, 2.0))]) 

5 .    (((-2, 2, 2, 2, -2, 2, 2, 2, -2, 2, 2), (1.5, 0.25, 0.25, 1.0, 1.5, 0.25, 0.25, 1.0, 1.5, 0.25, 0.25), (1.0, 2.5, 2.75, 3.0, 1.0, 2.5, 2.75, 3.0, 1.0, 2.5, 2.75)), [('K.303 KernScores', 'P2', 1, (198, 209), (74, 1.0), (76, 2.75)), ('K.303 KernScores', 'P2', 1, (210, 221), (77, 1.0), (79, 2.75))]) 

6 .    (((2, -2, 2, -2, -3, (7, 2), (5, 2), (3, 2), -2, 2, -2), (1.0, 1.5, 0.25, 0.25, 1.0, (0.0, 1.0), (0.0, 1.0), (0.0, 1.0), 1.5, 0.25, 0.25), (1.0, 2.0, 3.5, 3.75, 1.0, 2.0, 3.0, 1.0, 2.0, 3.5, 3.75)), [('K.303 KernScores', 'P1', 1, (64, 75), (21, 1.0), (23, 3.75)), ('K.303 KernScores', 'P1', 1, (91, 102), (32, 1.0), (34, 3.75))]) 

7 .    (((-2, 2, 2, -2, -2, 2, 2, 1, -2, 2), (1.5, 0.25, 0.25, 1.0, 1.5, 0.25, 0.25, 1.0, 1.0, 1.0), (1.0, 2.5, 2.75, 3.0, 1.0, 2.5, 2.75, 3.0, 1.0, 2.0)), [('K.303 KernScores', 'P1', 1, (35, 45), (11, 1.0), (13, 2.0)), ('K.303 KernScores', 'P1', 1, (50, 60), (16, 1.0), (18, 2.0))]) 

8 .    (((2, 2, -3, -3, 2, 2, 2, 2, 2, -8), (1.0, 1.0, 1.0, 1.0, 1.0, 1.0, 1.0, 1.0, 1.0, 1.0), (2.0, 3.0, 1.0, 2.0, 3.0, 1.0, 2.0, 3.0, 1.0, 2.0)), [('K.303 KernScores', 'P2', 1, (142, 152), (53, 2.0), (56, 2.0)), ('K.303 KernScores', 'P2', 1, (154, 164), (57, 2.0), (60, 2.0))]) 

9 .    ((((8, 7), -2, -2, -2, -8, 5, -2, -2, -2), ((0.0, 1.0), 1.0, 1.0, 1.0, 1.0, 1.0, 1.0, 1.0, 1.0), (1.0, 2.0, 3.0, 1.0, 2.0, 3.0, 1.0, 2.0, 3.0)), [('K.303 KernScores', 'P2', 1, (48, 57), (20, 1.0), (22, 3.0)), ('K.303 KernScores', 'P2', 1, (255, 264), (92, 1.0), (94, 3.0))]) 

10 .    (((-2, 2, 2, -2, -2, 2, 2, -2), (1.5, 0.25, 0.25, 1.0, 1.5, 0.25, 0.25, 1.0), (1.0, 2.5, 2.75, 3.0, 1.0, 2.5, 2.75, 3.0)), [('K.303 KernScores', 'P1', 1, (0, 8), (1, 1.0), (2, 3.0)), ('K.303 KernScores', 'P2', 1, (7, 15), (4, 1.0), (5, 3.0))]) 

11 .    (((-2, 2, 2, -4, -2, 2, 2, -2), (1.5, 0.25, 0.25, 1.0, 1.5, 0.25, 0.25, 1.0), (1.0, 2.5, 2.75, 3.0, 1.0, 2.5, 2.75, 3.0)), [('K.303 KernScores', 'P1', 1, (203, 211), (68, 1.0), (69, 3.0)), ('K.303 KernScores', 'P2', 1, (186, 194), (71, 1.0), (72, 3.0))]) 

12 .    (((3, 3, 4, 3, 3, 4, -13, (6, -2)), (0.33, 0.33, 0.33, 0.33, 0.33, 0.33, 2.0, (0.0, 1.0)), (1.0, 1.33, 1.67, 2.0, 2.33, 2.67, 3.0, 2.0)), [('K.303 KernScores', 'P1', 1, (341, 349), (112, 1.0), (113, 2.0)), ('K.303 KernScores', 'P1', 1, (350, 358), (114, 1.0), (115, 2.0))]) 

13 .    (((-2, 2, 2, -4, -2, 2, 2), (1.5, 0.25, 0.25, 1.0, 1.5, 0.25, 0.25), (1.0, 2.5, 2.75, 3.0, 1.0, 2.5, 2.75)), [('K.303 KernScores', 'P1', 1, (195, 202), (66, 1.0), (67, 2.75)), ('K.303 KernScores', 'P2', 1, (62, 69), (25, 1.0), (26, 2.75))]) 

14 .    (((-2, 2, -5, (6, -2), -2, 2, 2), (1.5, 0.25, 0.25, (0.0, 1.0), 1.5, 0.25, 0.25), (1.0, 2.5, 2.75, 3.0, 1.0, 2.5, 2.75)), [('K.303 KernScores', 'P1', 1, (241, 248), (81, 1.0), (82, 2.75)), ('K.303 KernScores', 'P1', 1, (249, 256), (83, 1.0), (84, 2.75))]) 

15 .    ((((7, 2), (5, 2), (3, 2), -2, 2, -2), ((0.0, 1.0), (0.0, 1.0), (0.0, 1.0), 1.5, 0.25, 0.25), (2.0, 3.0, 1.0, 2.0, 3.5, 3.75)), [('K.303 KernScores', 'P1', 1, (103, 109), (35, 2.0), (36, 3.75)), ('K.303 KernScores', 'P1', 1, (283, 289), (92, 2.0), (93, 3.75))]) 

16 .    (((2, 2, 2, -4, (3, -2), (3, 2)), (1.0, 0.33, 0.33, 0.33, (0.0, 1.0), (0.0, 1.0)), (3.0, 1.0, 1.33, 1.67, 2.0, 3.0)), [('K.303 KernScores', 'P1', 1, (263, 269), (86, 3.0), (87, 3.0)), ('K.303 KernScores', 'P1', 1, (270, 276), (88, 3.0), (89, 3.0))]) 

17 .    (((3, 3, 4, 5, -5, -2), (0.33, 0.33, 0.33, 1.0, 2.0, 1.0), (1.0, 1.33, 1.67, 2.0, 3.0, 2.0)), [('K.303 KernScores', 'P1', 1, (180, 186), (61, 1.0), (62, 2.0)), ('K.303 KernScores', 'P1', 1, (187, 193), (63, 1.0), (64, 2.0))]) 

18 .    (((-3, 4, -2, -3, -2), (1.0, 1.0, 1.0, 1.0, 1.0), (1.0, 2.0, 3.0, 1.0, 2.0)), [('K.303 KernScores', 'P2', 1, (102, 107), (38, 1.0), (39, 2.0)), ('K.303 KernScores', 'P2', 1, (108, 113), (40, 1.0), (41, 2.0))]) 

19 .    (((3, -2, -2, 3, -2), (1.0, 1.0, 1.0, 1.0, 1.0), (1.0, 2.0, 3.0, 1.0, 2.0)), [('K.303 KernScores', 'P1', 1, (13, 18), (4, 1.0), (5, 2.0)), ('K.303 KernScores', 'P1', 1, (217, 222), (72, 1.0), (73, 2.0))]) 

20 .    (((-2, -2, -2, -2, 2), (0.5, 0.5, 0.5, 0.5, 0.5), (1.5, 2.0, 2.5, 3.0, 3.5)), [('K.303 KernScores', 'P2', 1, (16, 21), (6, 1.5), (6, 3.5)), ('K.303 KernScores', 'P2', 1, (22, 27), (7, 1.5), (7, 3.5))]) 

21 .    ((((8, 7), -2, -2, -2, 4), ((0.0, 1.0), 1.0, 1.0, 1.0, 1.0), (1.0, 2.0, 3.0, 1.0, 2.0)), [('K.303 KernScores', 'P2', 1, (88, 93), (33, 1.0), (34, 2.0)), ('K.303 KernScores', 'P2', 1, (94, 99), (35, 1.0), (36, 2.0))]) 

22 .    (((3, 2, -4, 5, 2), (1.0, 1.0, 1.0, 1.0, 1.0), (1.0, 2.0, 3.0, 1.0, 2.0)), [('K.303 KernScores', 'P2', 1, (170, 175), (66, 1.0), (67, 2.0)), ('K.303 KernScores', 'P2', 1, (176, 181), (68, 1.0), (69, 2.0))]) 

23 .    (((2, -2, -2, -2, -3), (2.0, 1.0, 2.0, 1.0, 2.0), (1.0, 3.0, 1.0, 3.0, 1.0)), [('K.303 KernScores', 'P2', 2, (0, 5), (12, 1.0), (14, 1.0)), ('K.303 KernScores', 'P2', 2, (8, 13), (17, 1.0), (19, 1.0))]) 

24 .    (((2, -5, 6, 2), (1.0, 1.0, 1.0, 1.0), (1.0, 2.0, 3.0, 1.0)), [('K.303 KernScores', 'P1', 1, (227, 231), (76, 1.0), (77, 1.0)), ('K.303 KernScores', 'P1', 1, (233, 237), (78, 1.0), (79, 1.0))]) 

25 .    (((-2, -7, 2, 8), (1.0, 1.0, 1.0, 1.0), (2.0, 3.0, 1.0, 2.0)), [('K.303 KernScores', 'P2', 1, (234, 238), (84, 2.0), (85, 2.0)), ('K.303 KernScores', 'P2', 1, (239, 243), (86, 2.0), (87, 2.0)), ('K.303 KernScores', 'P2', 1, (244, 248), (88, 2.0), (89, 2.0))]) 

26 .    (((-2, 2, 2), (1.5, 0.25, 0.25), (1.0, 2.5, 2.75)), [('K.303 KernScores', 'P2', 1, (70, 73), (27, 1.0), (27, 2.75)), ('K.303 KernScores', 'P2', 1, (74, 77), (28, 1.0), (28, 2.75)), ('K.303 KernScores', 'P2', 1, (78, 81), (29, 1.0), (29, 2.75)), ('K.303 KernScores', 'P2', 1, (182, 185), (70, 1.0), (70, 2.75))]) 

27 .    (((-2, -2, -2), (0.5, 0.5, 0.5), (2.0, 2.5, 3.0)), [('K.303 KernScores', 'P1', 1, (9, 12), (3, 2.0), (3, 3.0)), ('K.303 KernScores', 'P1', 1, (26, 29), (8, 2.0), (8, 3.0))]) 

28 .    (((-2, -2, 3), (1.0, 1.0, 1.0), (2.0, 3.0, 1.0)), [('K.303 KernScores', 'P1', 1, (212, 215), (70, 2.0), (71, 1.0)), ('K.303 KernScores', 'P2', 1, (33, 36), (11, 2.0), (12, 1.0))]) 

29 .    ((((7, 1), (6, -2), (7, 1)), ((0.0, 1.0), (0.0, 2.0), (0.0, 1.0)), (2.0, 3.0, 2.0)), [('K.303 KernScores', 'P1', 1, (78, 81), (26, 2.0), (27, 2.0)), ('K.303 KernScores', 'P1', 1, (82, 85), (28, 2.0), (29, 2.0))]) 

30 .    (((-2, 2, -2), (2.0, 1.0, 2.0), (1.0, 3.0, 1.0)), [('K.303 KernScores', 'P1', 2, (28, 31), (70, 1.0), (71, 1.0)), ('K.303 KernScores', 'P1', 2, (32, 35), (72, 1.0), (73, 1.0))]) 

31 .    (((2, 2), (1.0, 1.0), (2.0, 3.0)), [('K.303 KernScores', 'P1', 1, (20, 22), (6, 2.0), (6, 3.0)), ('K.303 KernScores', 'P1', 1, (23, 25), (7, 2.0), (7, 3.0)), ('K.303 KernScores', 'P1', 1, (277, 279), (90, 2.0), (90, 3.0)), ('K.303 KernScores', 'P1', 1, (280, 282), (91, 2.0), (91, 3.0)), ('K.303 KernScores', 'P2', 1, (231, 233), (83, 2.0), (83, 3.0))]) 

32 .    (((-2, -2), (1.0, 1.0), (1.0, 2.0)), [('K.303 KernScores', 'P1', 1, (86, 88), (30, 1.0), (30, 2.0)), ('K.303 KernScores', 'P1', 1, (238, 240), (80, 1.0), (80, 2.0))]) 

33 .    (((3, 2), (1.0, 1.0), (1.0, 2.0)), [('K.303 KernScores', 'P2', 1, (41, 43), (16, 1.0), (16, 2.0)), ('K.303 KernScores', 'P2', 1, (44, 46), (17, 1.0), (17, 2.0))]) 

34 .    (((2, -3), (2.0, 1.0), (1.0, 3.0)), [('K.303 KernScores', 'P2', 1, (116, 118), (43, 1.0), (43, 3.0)), ('K.303 KernScores', 'P2', 2, (26, 28), (90, 1.0), (90, 3.0))]) 

35 .    (((8, 2), (1.0, 1.0), (1.0, 2.0)), [('K.303 KernScores', 'P2', 1, (224, 226), (81, 1.0), (81, 2.0)), ('K.303 KernScores', 'P2', 1, (227, 229), (82, 1.0), (82, 2.0))]) 

36 .    ((((8, -4), (8, 4)), ((0.0, 3.0), (0.0, 3.0)), (1.0, 1.0)), [('K.303 KernScores', 'P2', 1, (165, 167), (61, 1.0), (62, 1.0)), ('K.303 KernScores', 'P2', 1, (311, 313), (114, 1.0), (115, 1.0))]) 

37 .    (((2, 2), (1.0, 2.0), (1.0, 2.0)), [('K.303 KernScores', 'P2', 2, (18, 20), (85, 1.0), (85, 2.0)), ('K.303 KernScores', 'P2', 2, (21, 23), (87, 1.0), (87, 2.0))]) 

38 .    (((-2,), (1.0,), (3.0,)), [('K.303 KernScores', 'P1', 1, (291, 292), (94, 3.0), (94, 3.0)), ('K.303 KernScores', 'P2', 1, (37, 38), (12, 3.0), (12, 3.0)), ('K.303 KernScores', 'P2', 1, (84, 85), (31, 3.0), (31, 3.0))]) 

39 .    (((2,), (1.0,), (3.0,)), [('K.303 KernScores', 'P1', 1, (48, 49), (14, 3.0), (14, 3.0)), ('K.303 KernScores', 'P1', 1, (62, 63), (19, 3.0), (19, 3.0)), ('K.303 KernScores', 'P1', 1, (225, 226), (74, 3.0), (74, 3.0)), ('K.303 KernScores', 'P2', 1, (59, 60), (23, 3.0), (23, 3.0))]) 

40 .    (((2,), (2.0,), (1.0,)), [('K.303 KernScores', 'P1', 1, (33, 34), (10, 1.0), (10, 1.0)), ('K.303 KernScores', 'P1', 1, (89, 90), (31, 1.0), (31, 1.0)), ('K.303 KernScores', 'P2', 1, (114, 115), (42, 1.0), (42, 1.0)), ('K.303 KernScores', 'P2', 2, (6, 7), (16, 1.0), (16, 1.0))]) 

41 .    (((-8,), (1.0,), (2.0,)), [('K.303 KernScores', 'P2', 1, (28, 29), (8, 2.0), (8, 2.0)), ('K.303 KernScores', 'P2', 1, (86, 87), (32, 2.0), (32, 2.0)), ('K.303 KernScores', 'P2', 1, (119, 120), (44, 2.0), (44, 2.0))]) 

42 .    (((-2,), (0.5,), (2.5,)), [('K.303 KernScores', 'P1', 1, (31, 32), (9, 2.5), (9, 2.5)), ('K.303 KernScores', 'P1', 2, (3, 4), (15, 2.5), (15, 2.5))]) 

43 .    (((8,), (1.0,), (1.0,)), [('K.303 KernScores', 'P2', 1, (0, 1), (1, 1.0), (1, 1.0)), ('K.303 KernScores', 'P2', 1, (2, 3), (2, 1.0), (2, 1.0)), ('K.303 KernScores', 'P2', 1, (4, 5), (3, 1.0), (3, 1.0))]) 

44 .    (((-8,), (1.0,), (1.0,)), [('K.303 KernScores', 'P2', 1, (30, 31), (9, 1.0), (9, 1.0)), ('K.303 KernScores', 'P2', 1, (39, 40), (15, 1.0), (15, 1.0)), ('K.303 KernScores', 'P2', 1, (100, 101), (37, 1.0), (37, 1.0)), ('K.303 KernScores', 'P2', 1, (267, 268), (96, 1.0), (96, 1.0))]) 

45 .    (((1,), (3.0,), (1.0,)), [('K.303 KernScores', 'P2', 2, (14, 15), (66, 1.0), (66, 1.0)), ('K.303 KernScores', 'P2', 2, (16, 17), (68, 1.0), (68, 1.0))]) 

46 .    (((-5,), (1.0,), (2.0,)), [('K.303 KernScores', 'P1', 2, (38, 39), (75, 2.0), (75, 2.0)), ('K.303 KernScores', 'P2', 1, (250, 251), (90, 2.0), (90, 2.0))]) 

47 .    (((-2,), (2.0,), (3.0,)), [('K.303 KernScores', 'P1', 2, (1, 2), (14, 3.0), (14, 3.0)), ('K.303 KernScores', 'P1', 2, (5, 6), (18, 3.0), (18, 3.0)), ('K.303 KernScores', 'P1', 2, (7, 8), (19, 3.0), (19, 3.0))]) 

48 .    (((-6,), (1.0,), (2.0,)), [('K.303 KernScores', 'P1', 2, (40, 41), (79, 2.0), (79, 2.0)), ('K.303 KernScores', 'P2', 1, (253, 254), (91, 2.0), (91, 2.0))]) 

