1.    nomes:
K.7 Musicalion

2.    quantidade:
1

3.    analise:
[('intDia', 'p1p2'), ('duracao', 'p1p2')] SemContInte Distancia: 0

1.    (((6, -3), (6, -3), (6, -3), (6, -3), (6, 9), (6, -3), (6, -3), (6, -3), (6, -3), (6, 9), (6, -3), (6, -3), (6, -3), (6, -3), (6, 7), 2, 2, 2, 2, -2, -2, 2, -2, -2, 2, -2, -2, 2, -2, -2, 2, 5, -3, -3, 5, -3, 4, -3, -4, 4, 4, -3, 4, -4, -3, -3, 5, -3, 4, -3, -4, 4, 4, -3, 4, -4, -3, -3, 5, -3, 4, -3, -4, 4, 4, -3, 4, -2, -2, -2, -2, -2, -2, 2, 2, -2, -2, -2, -2, 6, -3, -3, 5, -3, 4, -3, -4, 4, 4, -3, 4, -4, -3, -3, 5, -3, 4, -3, -4, 4, 4, -3, 4, -4, -3, -3, 5, -3, 4, -3, -4, 4, 4, -3), ((0.0, 1.0), (0.0, 1.0), (0.0, 1.0), (0.0, 1.0), (0.0, 2.0), (0.0, 1.0), (0.0, 1.0), (0.0, 1.0), (0.0, 1.0), (0.0, 2.0), (0.0, 1.0), (0.0, 1.0), (0.0, 1.0), (0.0, 1.0), (0.0, 1.0), 0.5, 0.5, 0.5, 0.5, 0.33, 0.33, 0.33, 0.33, 0.33, 0.33, 0.33, 0.33, 0.33, 0.33, 0.33, 0.33, 0.5, 0.5, 0.5, 0.5, 0.5, 0.5, 0.5, 0.5, 0.5, 0.5, 0.5, 0.5, 0.5, 0.5, 0.5, 0.5, 0.5, 0.5, 0.5, 0.5, 0.5, 0.5, 0.5, 0.5, 0.5, 0.5, 0.5, 0.5, 0.5, 0.5, 0.5, 0.5, 0.5, 0.5, 0.5, 0.5, 0.5, 0.5, 0.5, 0.5, 0.5, 0.5, 0.33, 0.33, 0.33, 0.5, 0.5, 0.5, 1.0, 0.5, 0.5, 0.5, 0.5, 0.5, 0.5, 0.5, 0.5, 0.5, 0.5, 0.5, 0.5, 0.5, 0.5, 0.5, 0.5, 0.5, 0.5, 0.5, 0.5, 0.5, 0.5, 0.5, 0.5, 0.5, 0.5, 0.5, 0.5, 0.5, 0.5, 0.5, 0.5, 0.5, 0.5)):
('K.7 Musicalion', 'P1', 1, (168, 282), (47,), (2.0,), (68,), (3.0,))
('K.7 Musicalion', 'P1', 1, (492, 606), (129,), (2.0,), (150,), (3.0,))

2.    ((2, -8, 4, -5, (8, 2), (8, 6), -2, -2, -5, (8, 2), (8, 6), -2, -2, -5, (8, 2), (8, 6), -2, -2, 4, 2, -8, -5, 8, 8, -15, 8, 8, -15, 8, 8, -15, 8, 8, -15, 8, 8, -15, 8, 8, -8, 2, 2, 2, 2, -8, -5, 8, 8, -15, 8, 8, -15, 8, 8, -15, 8, 8, -15, 8, 8, -15, 8, 8, -15), (1.0, 1.0, 1.0, 3.0, (0.0, 2.0), (0.0, 1.0), 1.5, 0.5, 1.0, (0.0, 2.0), (0.0, 1.0), 1.5, 0.5, 1.0, (0.0, 2.0), (0.0, 1.0), 1.5, 0.5, 1.0, 1.0, 1.0, 1.0, 1.0, 1.0, 1.0, 1.0, 1.0, 1.0, 1.0, 1.0, 1.0, 1.0, 1.0, 1.0, 1.0, 1.0, 1.0, 1.0, 1.0, 1.0, 1.0, 1.0, 1.0, 1.0, 1.0, 1.0, 1.0, 1.0, 1.0, 1.0, 1.0, 1.0, 1.0, 1.0, 1.0, 1.0, 1.0, 1.0, 1.0, 1.0, 1.0, 1.0, 1.0, 1.0)):
('K.7 Musicalion', 'P1', 3, (48, 112), (46,), (1.0,), (68,), (3.0,))
('K.7 Musicalion', 'P1', 3, (169, 233), (128,), (1.0,), (150,), (3.0,))

3.    ((-2, -2, 2, -2, 2, -2, 2, 2, 2, 2, -2, -2, -2, -2, 2, -2, 2, -2, 2, 2, 2, -2, -2, -2, 2), (0.5, 0.5, 0.5, 1.0, 1.0, 1.0, 1.0, 0.5, 0.5, 0.5, 0.5, 1.0, 1.0, 1.0, 1.0, 0.5, 0.5, 1.0, 1.0, 0.5, 0.5, 1.0, 1.0, 1.5, 0.25)):
('K.7 Musicalion', 'P1', 1, (85, 110), (24,), (2.5,), (30,), (3.5,))
('K.7 Musicalion', 'P1', 2, (78, 103), (24,), (2.5,), (30,), (3.5,))

4.    ((3, -3, 1, -2, -2, 2, 1, 3, -3, 1, -2, -2, 2, 1, 3, -3, 1, -2, -2, 2), (1.0, 1.0, 1.0, 1.0, 0.5, 0.5, 1.0, 1.0, 1.0, 1.0, 1.0, 0.5, 0.5, 1.0, 1.0, 1.0, 1.0, 1.0, 0.5, 0.5)):
('K.7 Musicalion', 'P1', 1, (24, 44), (9,), (1.0,), (14,), (2.5,))
('K.7 Musicalion', 'P1', 1, (366, 386), (95,), (1.0,), (100,), (2.5,))

5.    ((2, 2, 2, 3, -2, -2, -2, -2, -2, 2, 2, 2, 3, -2, -2, -2, -2, -2), (1.0, 1.0, 1.0, 0.5, 0.5, 0.5, 0.5, 0.5, 0.5, 1.0, 1.0, 1.0, 0.5, 0.5, 0.5, 0.5, 0.5, 0.5)):
('K.7 Musicalion', 'P1', 1, (66, 84), (20,), (1.0,), (23,), (3.5,))
('K.7 Musicalion', 'P1', 2, (153, 171), (101,), (1.0,), (104,), (3.5,))

6.    ((-2, -2, -4, 7, -2, 2, -2, -6, 5, -2, -3), (2.0, 1.0, 1.0, 1.0, 1.0, 2.0, 1.0, 1.0, 1.0, 1.0, 1.0)):
('K.7 Musicalion', 'P1', 3, (17, 28), (33,), (1.0,), (37,), (1.0,))
('K.7 Musicalion', 'P1', 3, (156, 167), (123,), (1.0,), (127,), (1.0,))

7.    ((-2, -2, -4, 7, -2, -2, -2, -4, 7, -2), (2.0, 1.0, 1.0, 1.0, 1.0, 2.0, 1.0, 1.0, 1.0, 1.0)):
('K.7 Musicalion', 'P1', 2, (111, 121), (76,), (1.0,), (79,), (3.0,))
('K.7 Musicalion', 'P1', 3, (1, 11), (3,), (1.0,), (6,), (3.0,))

8.    ((-8, 7, -2, -8, 7, -2, -2, -2, -4, 14), (1.0, 1.0, 1.0, 1.0, 1.0, 1.0, 2.0, 1.0, 1.0, 1.0)):
('K.7 Musicalion', 'P1', 3, (125, 135), (81,), (1.0,), (84,), (2.0,))
('K.7 Musicalion', 'P1', 3, (136, 146), (88,), (1.0,), (91,), (2.0,))

9.    ((8, -4, -2, -2, -2, -2, -4, 3), (1.0, 1.0, 1.0, 0.0, 2.0, 1.0, 1.0, 1.0)):
('K.7 Musicalion', 'P1', 1, (0, 8), (1,), (1.0,), (3,), (2.0,))
('K.7 Musicalion', 'P1', 1, (309, 317), (74,), (1.0,), (76,), (2.0,))

10.    (((3, 2), -4, 3, (5, 2), (3, -2), (3, 2), -4, 3), ((0.0, 1.0), 1.0, 1.0, (0.0, 1.0), (0.0, 2.0), (0.0, 1.0), 1.0, 1.0)):
('K.7 Musicalion', 'P1', 1, (319, 327), (77,), (3.0,), (80,), (2.0,))
('K.7 Musicalion', 'P1', 1, (337, 345), (84,), (3.0,), (87,), (2.0,))

11.    ((2, -2, -2, -2, -2, -2), (0.5, 0.5, 0.5, 0.5, 0.5, 0.5)):
('K.7 Musicalion', 'P1', 1, (387, 393), (101,), (1.0,), (101,), (3.5,))
('K.7 Musicalion', 'P1', 1, (394, 400), (103,), (1.0,), (103,), (3.5,))
('K.7 Musicalion', 'P1', 1, (401, 407), (105,), (1.0,), (105,), (3.5,))
('K.7 Musicalion', 'P1', 2, (57, 63), (20,), (1.0,), (20,), (3.5,))
('K.7 Musicalion', 'P1', 2, (66, 72), (22,), (1.0,), (22,), (3.5,))
('K.7 Musicalion', 'P1', 2, (180, 186), (107,), (1.0,), (107,), (3.5,))
('K.7 Musicalion', 'P1', 2, (192, 198), (109,), (1.0,), (109,), (3.5,))
('K.7 Musicalion', 'P1', 2, (204, 210), (111,), (1.0,), (111,), (3.5,))

12.    ((-7, (4, 3, 3), (3, 2), -4, 3), (0.0, (0.0, 0.0, 2.0), (0.0, 1.0), 1.0, 1.0)):
('K.7 Musicalion', 'P1', 1, (120, 125), (34,), (1.0,), (35,), (2.0,))
('K.7 Musicalion', 'P1', 1, (354, 359), (91,), (1.0,), (92,), (2.0,))

13.    ((-3, 3, 2, 2, -4), (0.5, 0.5, 0.5, 0.5, 3.0)):
('K.7 Musicalion', 'P1', 2, (134, 139), (95,), (2.0,), (96,), (1.0,))
('K.7 Musicalion', 'P1', 2, (141, 146), (97,), (2.0,), (98,), (1.0,))

14.    ((2, 2, 2, 2, 2), (1.0, 1.0, 1.0, 1.0, 1.0)):
('K.7 Musicalion', 'P1', 2, (222, 227), (114,), (1.0,), (115,), (2.0,))
('K.7 Musicalion', 'P1', 3, (117, 122), (70,), (3.0,), (72,), (1.0,))

15.    ((2, 2, 2, 2), (0.5, 0.5, 0.5, 0.5)):
('K.7 Musicalion', 'P1', 1, (152, 156), (45,), (1.0,), (45,), (2.5,))
('K.7 Musicalion', 'P1', 1, (183, 187), (53,), (1.0,), (53,), (2.5,))
('K.7 Musicalion', 'P1', 1, (507, 511), (135,), (1.0,), (135,), (2.5,))
('K.7 Musicalion', 'P1', 2, (186, 190), (108,), (1.0,), (108,), (2.5,))
('K.7 Musicalion', 'P1', 2, (198, 202), (110,), (1.0,), (110,), (2.5,))
('K.7 Musicalion', 'P1', 2, (210, 214), (112,), (1.0,), (112,), (2.5,))
('K.7 Musicalion', 'P1', 2, (228, 232), (116,), (1.0,), (116,), (2.5,))

16.    ((2, 2, 2), (1.0, 1.0, 1.0)):
('K.7 Musicalion', 'P1', 1, (66, 69), (20,), (1.0,), (20,), (3.0,))
('K.7 Musicalion', 'P1', 1, (75, 78), (22,), (1.0,), (22,), (3.0,))
('K.7 Musicalion', 'P1', 1, (410, 413), (107,), (1.0,), (107,), (3.0,))
('K.7 Musicalion', 'P1', 1, (416, 419), (109,), (1.0,), (109,), (3.0,))
('K.7 Musicalion', 'P1', 1, (422, 425), (111,), (1.0,), (111,), (3.0,))
('K.7 Musicalion', 'P1', 2, (153, 156), (101,), (1.0,), (101,), (3.0,))
('K.7 Musicalion', 'P1', 2, (162, 165), (103,), (1.0,), (103,), (3.0,))
('K.7 Musicalion', 'P1', 2, (171, 174), (105,), (1.0,), (105,), (3.0,))
('K.7 Musicalion', 'P1', 2, (222, 225), (114,), (1.0,), (114,), (3.0,))
('K.7 Musicalion', 'P1', 3, (88, 91), (61,), (1.0,), (61,), (3.0,))
('K.7 Musicalion', 'P1', 3, (112, 115), (69,), (1.0,), (69,), (3.0,))
('K.7 Musicalion', 'P1', 3, (117, 120), (70,), (3.0,), (71,), (2.0,))
('K.7 Musicalion', 'P1', 3, (209, 212), (143,), (1.0,), (143,), (3.0,))

17.    ((-2, -2, -4), (2.0, 1.0, 1.0)):
('K.7 Musicalion', 'P1', 1, (4, 7), (2,), (1.0,), (3,), (1.0,))
('K.7 Musicalion', 'P1', 1, (313, 316), (75,), (1.0,), (76,), (1.0,))
('K.7 Musicalion', 'P1', 2, (111, 114), (76,), (1.0,), (77,), (1.0,))
('K.7 Musicalion', 'P1', 2, (116, 119), (78,), (1.0,), (79,), (1.0,))
('K.7 Musicalion', 'P1', 2, (123, 126), (85,), (1.0,), (86,), (1.0,))
('K.7 Musicalion', 'P1', 3, (1, 4), (3,), (1.0,), (4,), (1.0,))
('K.7 Musicalion', 'P1', 3, (6, 9), (5,), (1.0,), (6,), (1.0,))
('K.7 Musicalion', 'P1', 3, (17, 20), (33,), (1.0,), (34,), (1.0,))
('K.7 Musicalion', 'P1', 3, (131, 134), (83,), (1.0,), (84,), (1.0,))
('K.7 Musicalion', 'P1', 3, (142, 145), (90,), (1.0,), (91,), (1.0,))
('K.7 Musicalion', 'P1', 3, (156, 159), (123,), (1.0,), (124,), (1.0,))

18.    ((4, -4, -3), (0.5, 0.5, 0.5)):
('K.7 Musicalion', 'P1', 1, (210, 213), (56,), (3.5,), (57,), (1.5,))
('K.7 Musicalion', 'P1', 1, (222, 225), (58,), (3.5,), (59,), (1.5,))
('K.7 Musicalion', 'P1', 1, (258, 261), (64,), (3.5,), (65,), (1.5,))
('K.7 Musicalion', 'P1', 1, (270, 273), (66,), (3.5,), (67,), (1.5,))
('K.7 Musicalion', 'P1', 1, (534, 537), (138,), (3.5,), (139,), (1.5,))
('K.7 Musicalion', 'P1', 1, (546, 549), (140,), (3.5,), (141,), (1.5,))
('K.7 Musicalion', 'P1', 1, (582, 585), (146,), (3.5,), (147,), (1.5,))
('K.7 Musicalion', 'P1', 1, (594, 597), (148,), (3.5,), (149,), (1.5,))
('K.7 Musicalion', 'P1', 2, (139, 142), (97,), (1.0,), (97,), (2.0,))

19.    ((3, -3), (1.0, 1.0)):
('K.7 Musicalion', 'P1', 1, (24, 26), (9,), (1.0,), (9,), (2.0,))
('K.7 Musicalion', 'P1', 1, (31, 33), (11,), (1.0,), (11,), (2.0,))
('K.7 Musicalion', 'P1', 1, (38, 40), (13,), (1.0,), (13,), (2.0,))
('K.7 Musicalion', 'P1', 1, (366, 368), (95,), (1.0,), (95,), (2.0,))
('K.7 Musicalion', 'P1', 1, (373, 375), (97,), (1.0,), (97,), (2.0,))
('K.7 Musicalion', 'P1', 1, (380, 382), (99,), (1.0,), (99,), (2.0,))
('K.7 Musicalion', 'P1', 2, (39, 41), (16,), (1.0,), (16,), (2.0,))
('K.7 Musicalion', 'P1', 2, (48, 50), (18,), (1.0,), (18,), (2.0,))

20.    ((-3, -3), (0.5, 0.5)):
('K.7 Musicalion', 'P1', 1, (200, 202), (55,), (1.5,), (55,), (2.0,))
('K.7 Musicalion', 'P1', 1, (248, 250), (63,), (1.5,), (63,), (2.0,))
('K.7 Musicalion', 'P1', 1, (524, 526), (137,), (1.5,), (137,), (2.0,))
('K.7 Musicalion', 'P1', 1, (572, 574), (145,), (1.5,), (145,), (2.0,))
('K.7 Musicalion', 'P1', 2, (4, 6), (9,), (1.5,), (9,), (2.0,))
('K.7 Musicalion', 'P1', 2, (14, 16), (11,), (1.5,), (11,), (2.0,))
('K.7 Musicalion', 'P1', 2, (24, 26), (13,), (1.5,), (13,), (2.0,))
('K.7 Musicalion', 'P1', 2, (133, 135), (95,), (1.5,), (95,), (2.0,))

21.    ((8, -4), (1.0, 1.0)):
('K.7 Musicalion', 'P1', 1, (0, 2), (1,), (1.0,), (1,), (2.0,))
('K.7 Musicalion', 'P1', 1, (309, 311), (74,), (1.0,), (74,), (2.0,))
('K.7 Musicalion', 'P1', 2, (0, 2), (2,), (1.0,), (2,), (2.0,))
('K.7 Musicalion', 'P1', 2, (108, 110), (75,), (1.0,), (75,), (2.0,))

22.    ((2, -2), (2.0, 1.0)):
('K.7 Musicalion', 'P1', 1, (19, 21), (7,), (2.0,), (8,), (1.0,))
('K.7 Musicalion', 'P1', 3, (22, 24), (35,), (1.0,), (35,), (3.0,))
('K.7 Musicalion', 'P1', 3, (161, 163), (125,), (1.0,), (125,), (3.0,))

23.    ((8, -8), (1.0, 1.0)):
('K.7 Musicalion', 'P1', 1, (486, 488), (127,), (2.0,), (127,), (3.0,))
('K.7 Musicalion', 'P1', 3, (86, 88), (60,), (2.0,), (60,), (3.0,))
('K.7 Musicalion', 'P1', 3, (207, 209), (142,), (2.0,), (142,), (3.0,))

24.    ((1, 2), (0.5, 0.0)):
('K.7 Musicalion', 'P1', 1, (306, 308), (72,), (3.5,), (73,), (1.0,))
('K.7 Musicalion', 'P1', 1, (467, 469), (120,), (3.5,), (121,), (1.0,))

25.    ((-4, -3), (1.0, 38.0)):
('K.7 Musicalion', 'P1', 2, (104, 106), (32,), (1.0,), (32,), (2.0,))
('K.7 Musicalion', 'P1', 2, (235, 237), (122,), (1.0,), (122,), (2.0,))

26.    ((-2,), (0.5,)):
('K.7 Musicalion', 'P1', 1, (28, 29), (10,), (2.0,), (10,), (2.0,))
('K.7 Musicalion', 'P1', 1, (35, 36), (12,), (2.0,), (12,), (2.0,))
('K.7 Musicalion', 'P1', 1, (42, 43), (14,), (2.0,), (14,), (2.0,))
('K.7 Musicalion', 'P1', 1, (49, 50), (16,), (1.5,), (16,), (1.5,))
('K.7 Musicalion', 'P1', 1, (51, 52), (16,), (2.5,), (16,), (2.5,))
('K.7 Musicalion', 'P1', 1, (58, 59), (18,), (1.5,), (18,), (1.5,))
('K.7 Musicalion', 'P1', 1, (60, 61), (18,), (2.5,), (18,), (2.5,))
('K.7 Musicalion', 'P1', 1, (70, 71), (21,), (1.5,), (21,), (1.5,))
('K.7 Musicalion', 'P1', 1, (71, 72), (21,), (2.0,), (21,), (2.0,))
('K.7 Musicalion', 'P1', 1, (72, 73), (21,), (2.5,), (21,), (2.5,))
('K.7 Musicalion', 'P1', 1, (73, 74), (21,), (3.0,), (21,), (3.0,))
('K.7 Musicalion', 'P1', 1, (74, 75), (21,), (3.5,), (21,), (3.5,))
('K.7 Musicalion', 'P1', 1, (79, 80), (23,), (1.5,), (23,), (1.5,))
('K.7 Musicalion', 'P1', 1, (80, 81), (23,), (2.0,), (23,), (2.0,))
('K.7 Musicalion', 'P1', 1, (81, 82), (23,), (2.5,), (23,), (2.5,))
('K.7 Musicalion', 'P1', 1, (82, 83), (23,), (3.0,), (23,), (3.0,))
('K.7 Musicalion', 'P1', 1, (83, 84), (23,), (3.5,), (23,), (3.5,))
('K.7 Musicalion', 'P1', 1, (85, 86), (24,), (2.5,), (24,), (2.5,))
('K.7 Musicalion', 'P1', 1, (86, 87), (24,), (3.0,), (24,), (3.0,))
('K.7 Musicalion', 'P1', 1, (95, 96), (26,), (3.5,), (26,), (3.5,))
('K.7 Musicalion', 'P1', 1, (100, 101), (28,), (2.0,), (28,), (2.0,))
('K.7 Musicalion', 'P1', 1, (130, 131), (37,), (2.0,), (37,), (2.0,))
('K.7 Musicalion', 'P1', 1, (235, 236), (61,), (1.0,), (61,), (1.0,))
('K.7 Musicalion', 'P1', 1, (236, 237), (61,), (1.5,), (61,), (1.5,))
('K.7 Musicalion', 'P1', 1, (237, 238), (61,), (2.0,), (61,), (2.0,))
('K.7 Musicalion', 'P1', 1, (238, 239), (61,), (2.5,), (61,), (2.5,))
('K.7 Musicalion', 'P1', 1, (239, 240), (61,), (3.0,), (61,), (3.0,))
('K.7 Musicalion', 'P1', 1, (240, 241), (61,), (3.5,), (61,), (3.5,))
('K.7 Musicalion', 'P1', 1, (244, 245), (62,), (2.0,), (62,), (2.0,))
('K.7 Musicalion', 'P1', 1, (245, 246), (62,), (2.5,), (62,), (2.5,))
('K.7 Musicalion', 'P1', 1, (246, 247), (62,), (3.0,), (62,), (3.0,))
('K.7 Musicalion', 'P1', 1, (283, 284), (69,), (1.0,), (69,), (1.0,))
('K.7 Musicalion', 'P1', 1, (284, 285), (69,), (1.5,), (69,), (1.5,))
('K.7 Musicalion', 'P1', 1, (285, 286), (69,), (2.0,), (69,), (2.0,))
('K.7 Musicalion', 'P1', 1, (286, 287), (69,), (2.5,), (69,), (2.5,))
('K.7 Musicalion', 'P1', 1, (287, 288), (69,), (3.0,), (69,), (3.0,))
('K.7 Musicalion', 'P1', 1, (288, 289), (69,), (3.5,), (69,), (3.5,))
('K.7 Musicalion', 'P1', 1, (289, 290), (70,), (1.0,), (70,), (1.0,))
('K.7 Musicalion', 'P1', 1, (290, 291), (70,), (1.5,), (70,), (1.5,))
('K.7 Musicalion', 'P1', 1, (291, 292), (70,), (2.0,), (70,), (2.0,))
('K.7 Musicalion', 'P1', 1, (292, 293), (70,), (2.5,), (70,), (2.5,))
('K.7 Musicalion', 'P1', 1, (293, 294), (70,), (3.0,), (70,), (3.0,))
('K.7 Musicalion', 'P1', 1, (294, 295), (70,), (3.5,), (70,), (3.5,))
('K.7 Musicalion', 'P1', 1, (295, 296), (71,), (1.0,), (71,), (1.0,))
('K.7 Musicalion', 'P1', 1, (296, 297), (71,), (1.5,), (71,), (1.5,))
('K.7 Musicalion', 'P1', 1, (297, 298), (71,), (2.0,), (71,), (2.0,))
('K.7 Musicalion', 'P1', 1, (303, 304), (72,), (2.0,), (72,), (2.0,))
('K.7 Musicalion', 'P1', 1, (304, 305), (72,), (2.5,), (72,), (2.5,))
('K.7 Musicalion', 'P1', 1, (305, 306), (72,), (3.0,), (72,), (3.0,))
('K.7 Musicalion', 'P1', 1, (370, 371), (96,), (2.0,), (96,), (2.0,))
('K.7 Musicalion', 'P1', 1, (377, 378), (98,), (2.0,), (98,), (2.0,))
('K.7 Musicalion', 'P1', 1, (384, 385), (100,), (2.0,), (100,), (2.0,))
('K.7 Musicalion', 'P1', 1, (388, 389), (101,), (1.5,), (101,), (1.5,))
('K.7 Musicalion', 'P1', 1, (389, 390), (101,), (2.0,), (101,), (2.0,))
('K.7 Musicalion', 'P1', 1, (390, 391), (101,), (2.5,), (101,), (2.5,))
('K.7 Musicalion', 'P1', 1, (391, 392), (101,), (3.0,), (101,), (3.0,))
('K.7 Musicalion', 'P1', 1, (392, 393), (101,), (3.5,), (101,), (3.5,))
('K.7 Musicalion', 'P1', 1, (395, 396), (103,), (1.5,), (103,), (1.5,))
('K.7 Musicalion', 'P1', 1, (396, 397), (103,), (2.0,), (103,), (2.0,))
('K.7 Musicalion', 'P1', 1, (397, 398), (103,), (2.5,), (103,), (2.5,))
('K.7 Musicalion', 'P1', 1, (398, 399), (103,), (3.0,), (103,), (3.0,))
('K.7 Musicalion', 'P1', 1, (399, 400), (103,), (3.5,), (103,), (3.5,))
('K.7 Musicalion', 'P1', 1, (402, 403), (105,), (1.5,), (105,), (1.5,))
('K.7 Musicalion', 'P1', 1, (403, 404), (105,), (2.0,), (105,), (2.0,))
('K.7 Musicalion', 'P1', 1, (404, 405), (105,), (2.5,), (105,), (2.5,))
('K.7 Musicalion', 'P1', 1, (405, 406), (105,), (3.0,), (105,), (3.0,))
('K.7 Musicalion', 'P1', 1, (406, 407), (105,), (3.5,), (105,), (3.5,))
('K.7 Musicalion', 'P1', 1, (437, 438), (115,), (1.0,), (115,), (1.0,))
('K.7 Musicalion', 'P1', 1, (438, 439), (115,), (1.5,), (115,), (1.5,))
('K.7 Musicalion', 'P1', 1, (439, 440), (115,), (2.0,), (115,), (2.0,))
('K.7 Musicalion', 'P1', 1, (440, 441), (115,), (2.5,), (115,), (2.5,))
('K.7 Musicalion', 'P1', 1, (441, 442), (115,), (3.0,), (115,), (3.0,))
('K.7 Musicalion', 'P1', 1, (442, 443), (115,), (3.5,), (115,), (3.5,))
('K.7 Musicalion', 'P1', 1, (445, 446), (117,), (1.5,), (117,), (1.5,))
('K.7 Musicalion', 'P1', 1, (446, 447), (117,), (2.0,), (117,), (2.0,))
('K.7 Musicalion', 'P1', 1, (447, 448), (117,), (2.5,), (117,), (2.5,))
('K.7 Musicalion', 'P1', 1, (448, 449), (117,), (3.0,), (117,), (3.0,))
('K.7 Musicalion', 'P1', 1, (451, 452), (118,), (1.5,), (118,), (1.5,))
('K.7 Musicalion', 'P1', 1, (452, 453), (118,), (2.0,), (118,), (2.0,))
('K.7 Musicalion', 'P1', 1, (453, 454), (118,), (2.5,), (118,), (2.5,))
('K.7 Musicalion', 'P1', 1, (454, 455), (118,), (3.0,), (118,), (3.0,))
('K.7 Musicalion', 'P1', 1, (457, 458), (119,), (1.5,), (119,), (1.5,))
('K.7 Musicalion', 'P1', 1, (458, 459), (119,), (2.0,), (119,), (2.0,))
('K.7 Musicalion', 'P1', 1, (459, 460), (119,), (2.5,), (119,), (2.5,))
('K.7 Musicalion', 'P1', 1, (460, 461), (119,), (3.0,), (119,), (3.0,))
('K.7 Musicalion', 'P1', 1, (463, 464), (120,), (1.5,), (120,), (1.5,))
('K.7 Musicalion', 'P1', 1, (464, 465), (120,), (2.0,), (120,), (2.0,))
('K.7 Musicalion', 'P1', 1, (465, 466), (120,), (2.5,), (120,), (2.5,))
('K.7 Musicalion', 'P1', 1, (466, 467), (120,), (3.0,), (120,), (3.0,))
('K.7 Musicalion', 'P1', 1, (484, 485), (127,), (1.0,), (127,), (1.0,))
('K.7 Musicalion', 'P1', 1, (485, 486), (127,), (1.5,), (127,), (1.5,))
('K.7 Musicalion', 'P1', 1, (559, 560), (143,), (1.0,), (143,), (1.0,))
('K.7 Musicalion', 'P1', 1, (560, 561), (143,), (1.5,), (143,), (1.5,))
('K.7 Musicalion', 'P1', 1, (561, 562), (143,), (2.0,), (143,), (2.0,))
('K.7 Musicalion', 'P1', 1, (562, 563), (143,), (2.5,), (143,), (2.5,))
('K.7 Musicalion', 'P1', 1, (563, 564), (143,), (3.0,), (143,), (3.0,))
('K.7 Musicalion', 'P1', 1, (564, 565), (143,), (3.5,), (143,), (3.5,))
('K.7 Musicalion', 'P1', 1, (568, 569), (144,), (2.0,), (144,), (2.0,))
('K.7 Musicalion', 'P1', 1, (569, 570), (144,), (2.5,), (144,), (2.5,))
('K.7 Musicalion', 'P1', 1, (570, 571), (144,), (3.0,), (144,), (3.0,))
('K.7 Musicalion', 'P1', 1, (608, 609), (152,), (1.0,), (152,), (1.0,))
('K.7 Musicalion', 'P1', 1, (609, 610), (152,), (1.5,), (152,), (1.5,))
('K.7 Musicalion', 'P1', 1, (610, 611), (152,), (2.0,), (152,), (2.0,))
('K.7 Musicalion', 'P1', 1, (611, 612), (152,), (2.5,), (152,), (2.5,))
('K.7 Musicalion', 'P1', 1, (615, 616), (153,), (1.5,), (153,), (1.5,))
('K.7 Musicalion', 'P1', 1, (616, 617), (153,), (2.0,), (153,), (2.0,))
('K.7 Musicalion', 'P1', 1, (617, 618), (153,), (2.5,), (153,), (2.5,))
('K.7 Musicalion', 'P1', 1, (618, 619), (153,), (3.0,), (153,), (3.0,))
('K.7 Musicalion', 'P1', 2, (8, 9), (9,), (3.5,), (9,), (3.5,))
('K.7 Musicalion', 'P1', 2, (10, 11), (10,), (2.0,), (10,), (2.0,))
('K.7 Musicalion', 'P1', 2, (18, 19), (11,), (3.5,), (11,), (3.5,))
('K.7 Musicalion', 'P1', 2, (20, 21), (12,), (2.0,), (12,), (2.0,))
('K.7 Musicalion', 'P1', 2, (28, 29), (13,), (3.5,), (13,), (3.5,))
('K.7 Musicalion', 'P1', 2, (30, 31), (14,), (2.0,), (14,), (2.0,))
('K.7 Musicalion', 'P1', 2, (34, 35), (15,), (1.5,), (15,), (1.5,))
('K.7 Musicalion', 'P1', 2, (36, 37), (15,), (2.5,), (15,), (2.5,))
('K.7 Musicalion', 'P1', 2, (37, 38), (15,), (3.0,), (15,), (3.0,))
('K.7 Musicalion', 'P1', 2, (43, 44), (17,), (1.5,), (17,), (1.5,))
('K.7 Musicalion', 'P1', 2, (45, 46), (17,), (2.5,), (17,), (2.5,))
('K.7 Musicalion', 'P1', 2, (46, 47), (17,), (3.0,), (17,), (3.0,))
('K.7 Musicalion', 'P1', 2, (52, 53), (19,), (1.5,), (19,), (1.5,))
('K.7 Musicalion', 'P1', 2, (54, 55), (19,), (2.5,), (19,), (2.5,))
('K.7 Musicalion', 'P1', 2, (55, 56), (19,), (3.0,), (19,), (3.0,))
('K.7 Musicalion', 'P1', 2, (58, 59), (20,), (1.5,), (20,), (1.5,))
('K.7 Musicalion', 'P1', 2, (59, 60), (20,), (2.0,), (20,), (2.0,))
('K.7 Musicalion', 'P1', 2, (60, 61), (20,), (2.5,), (20,), (2.5,))
('K.7 Musicalion', 'P1', 2, (61, 62), (20,), (3.0,), (20,), (3.0,))
('K.7 Musicalion', 'P1', 2, (62, 63), (20,), (3.5,), (20,), (3.5,))
('K.7 Musicalion', 'P1', 2, (67, 68), (22,), (1.5,), (22,), (1.5,))
('K.7 Musicalion', 'P1', 2, (68, 69), (22,), (2.0,), (22,), (2.0,))
('K.7 Musicalion', 'P1', 2, (69, 70), (22,), (2.5,), (22,), (2.5,))
('K.7 Musicalion', 'P1', 2, (70, 71), (22,), (3.0,), (22,), (3.0,))
('K.7 Musicalion', 'P1', 2, (71, 72), (22,), (3.5,), (22,), (3.5,))
('K.7 Musicalion', 'P1', 2, (76, 77), (24,), (1.5,), (24,), (1.5,))
('K.7 Musicalion', 'P1', 2, (77, 78), (24,), (2.0,), (24,), (2.0,))
('K.7 Musicalion', 'P1', 2, (78, 79), (24,), (2.5,), (24,), (2.5,))
('K.7 Musicalion', 'P1', 2, (79, 80), (24,), (3.0,), (24,), (3.0,))
('K.7 Musicalion', 'P1', 2, (88, 89), (26,), (3.5,), (26,), (3.5,))
('K.7 Musicalion', 'P1', 2, (93, 94), (28,), (2.0,), (28,), (2.0,))
('K.7 Musicalion', 'P1', 2, (146, 147), (99,), (1.0,), (99,), (1.0,))
('K.7 Musicalion', 'P1', 2, (147, 148), (99,), (1.5,), (99,), (1.5,))
('K.7 Musicalion', 'P1', 2, (148, 149), (99,), (2.0,), (99,), (2.0,))
('K.7 Musicalion', 'P1', 2, (149, 150), (99,), (2.5,), (99,), (2.5,))
('K.7 Musicalion', 'P1', 2, (151, 152), (99,), (3.5,), (99,), (3.5,))
('K.7 Musicalion', 'P1', 2, (157, 158), (102,), (1.5,), (102,), (1.5,))
('K.7 Musicalion', 'P1', 2, (158, 159), (102,), (2.0,), (102,), (2.0,))
('K.7 Musicalion', 'P1', 2, (159, 160), (102,), (2.5,), (102,), (2.5,))
('K.7 Musicalion', 'P1', 2, (160, 161), (102,), (3.0,), (102,), (3.0,))
('K.7 Musicalion', 'P1', 2, (161, 162), (102,), (3.5,), (102,), (3.5,))
('K.7 Musicalion', 'P1', 2, (166, 167), (104,), (1.5,), (104,), (1.5,))
('K.7 Musicalion', 'P1', 2, (167, 168), (104,), (2.0,), (104,), (2.0,))
('K.7 Musicalion', 'P1', 2, (168, 169), (104,), (2.5,), (104,), (2.5,))
('K.7 Musicalion', 'P1', 2, (169, 170), (104,), (3.0,), (104,), (3.0,))
('K.7 Musicalion', 'P1', 2, (170, 171), (104,), (3.5,), (104,), (3.5,))
('K.7 Musicalion', 'P1', 2, (181, 182), (107,), (1.5,), (107,), (1.5,))
('K.7 Musicalion', 'P1', 2, (182, 183), (107,), (2.0,), (107,), (2.0,))
('K.7 Musicalion', 'P1', 2, (183, 184), (107,), (2.5,), (107,), (2.5,))
('K.7 Musicalion', 'P1', 2, (184, 185), (107,), (3.0,), (107,), (3.0,))
('K.7 Musicalion', 'P1', 2, (185, 186), (107,), (3.5,), (107,), (3.5,))
('K.7 Musicalion', 'P1', 2, (193, 194), (109,), (1.5,), (109,), (1.5,))
('K.7 Musicalion', 'P1', 2, (194, 195), (109,), (2.0,), (109,), (2.0,))
('K.7 Musicalion', 'P1', 2, (195, 196), (109,), (2.5,), (109,), (2.5,))
('K.7 Musicalion', 'P1', 2, (196, 197), (109,), (3.0,), (109,), (3.0,))
('K.7 Musicalion', 'P1', 2, (197, 198), (109,), (3.5,), (109,), (3.5,))
('K.7 Musicalion', 'P1', 2, (205, 206), (111,), (1.5,), (111,), (1.5,))
('K.7 Musicalion', 'P1', 2, (206, 207), (111,), (2.0,), (111,), (2.0,))
('K.7 Musicalion', 'P1', 2, (207, 208), (111,), (2.5,), (111,), (2.5,))
('K.7 Musicalion', 'P1', 2, (208, 209), (111,), (3.0,), (111,), (3.0,))
('K.7 Musicalion', 'P1', 2, (209, 210), (111,), (3.5,), (111,), (3.5,))
('K.7 Musicalion', 'P1', 2, (217, 218), (113,), (1.5,), (113,), (1.5,))
('K.7 Musicalion', 'P1', 2, (218, 219), (113,), (2.0,), (113,), (2.0,))
('K.7 Musicalion', 'P1', 2, (219, 220), (113,), (2.5,), (113,), (2.5,))
('K.7 Musicalion', 'P1', 2, (220, 221), (113,), (3.0,), (113,), (3.0,))
('K.7 Musicalion', 'P1', 2, (221, 222), (113,), (3.5,), (113,), (3.5,))
('K.7 Musicalion', 'P1', 2, (240, 241), (151,), (1.5,), (151,), (1.5,))
('K.7 Musicalion', 'P1', 2, (241, 242), (151,), (2.0,), (151,), (2.0,))
('K.7 Musicalion', 'P1', 2, (242, 243), (151,), (2.5,), (151,), (2.5,))
('K.7 Musicalion', 'P1', 2, (243, 244), (151,), (3.0,), (151,), (3.0,))
('K.7 Musicalion', 'P1', 3, (36, 37), (41,), (2.5,), (41,), (2.5,))
('K.7 Musicalion', 'P1', 3, (41, 42), (43,), (2.5,), (43,), (2.5,))
('K.7 Musicalion', 'P1', 3, (46, 47), (45,), (2.5,), (45,), (2.5,))
('K.7 Musicalion', 'P1', 3, (55, 56), (49,), (2.5,), (49,), (2.5,))
('K.7 Musicalion', 'P1', 3, (60, 61), (51,), (2.5,), (51,), (2.5,))
('K.7 Musicalion', 'P1', 3, (65, 66), (53,), (2.5,), (53,), (2.5,))
('K.7 Musicalion', 'P1', 3, (176, 177), (131,), (2.5,), (131,), (2.5,))
('K.7 Musicalion', 'P1', 3, (181, 182), (133,), (2.5,), (133,), (2.5,))
('K.7 Musicalion', 'P1', 3, (186, 187), (135,), (2.5,), (135,), (2.5,))

27.    ((-2,), (1.0,)):
('K.7 Musicalion', 'P1', 1, (2, 3), (1,), (3.0,), (1,), (3.0,))
('K.7 Musicalion', 'P1', 1, (20, 21), (8,), (1.0,), (8,), (1.0,))
('K.7 Musicalion', 'P1', 1, (27, 28), (10,), (1.0,), (10,), (1.0,))
('K.7 Musicalion', 'P1', 1, (34, 35), (12,), (1.0,), (12,), (1.0,))
('K.7 Musicalion', 'P1', 1, (41, 42), (14,), (1.0,), (14,), (1.0,))
('K.7 Musicalion', 'P1', 1, (45, 46), (15,), (1.0,), (15,), (1.0,))
('K.7 Musicalion', 'P1', 1, (46, 47), (15,), (2.0,), (15,), (2.0,))
('K.7 Musicalion', 'P1', 1, (47, 48), (15,), (3.0,), (15,), (3.0,))
('K.7 Musicalion', 'P1', 1, (54, 55), (17,), (1.0,), (17,), (1.0,))
('K.7 Musicalion', 'P1', 1, (55, 56), (17,), (2.0,), (17,), (2.0,))
('K.7 Musicalion', 'P1', 1, (56, 57), (17,), (3.0,), (17,), (3.0,))
('K.7 Musicalion', 'P1', 1, (63, 64), (19,), (1.0,), (19,), (1.0,))
('K.7 Musicalion', 'P1', 1, (64, 65), (19,), (2.0,), (19,), (2.0,))
('K.7 Musicalion', 'P1', 1, (65, 66), (19,), (3.0,), (19,), (3.0,))
('K.7 Musicalion', 'P1', 1, (88, 89), (25,), (1.0,), (25,), (1.0,))
('K.7 Musicalion', 'P1', 1, (90, 91), (25,), (3.0,), (25,), (3.0,))
('K.7 Musicalion', 'P1', 1, (96, 97), (27,), (1.0,), (27,), (1.0,))
('K.7 Musicalion', 'P1', 1, (97, 98), (27,), (2.0,), (27,), (2.0,))
('K.7 Musicalion', 'P1', 1, (98, 99), (27,), (3.0,), (27,), (3.0,))
('K.7 Musicalion', 'P1', 1, (102, 103), (28,), (3.0,), (28,), (3.0,))
('K.7 Musicalion', 'P1', 1, (106, 107), (29,), (3.0,), (29,), (3.0,))
('K.7 Musicalion', 'P1', 1, (107, 108), (30,), (1.0,), (30,), (1.0,))
('K.7 Musicalion', 'P1', 1, (111, 112), (31,), (1.0,), (31,), (1.0,))
('K.7 Musicalion', 'P1', 1, (311, 312), (74,), (3.0,), (74,), (3.0,))
('K.7 Musicalion', 'P1', 1, (369, 370), (96,), (1.0,), (96,), (1.0,))
('K.7 Musicalion', 'P1', 1, (376, 377), (98,), (1.0,), (98,), (1.0,))
('K.7 Musicalion', 'P1', 1, (383, 384), (100,), (1.0,), (100,), (1.0,))
('K.7 Musicalion', 'P1', 1, (408, 409), (106,), (2.0,), (106,), (2.0,))
('K.7 Musicalion', 'P1', 1, (409, 410), (106,), (3.0,), (106,), (3.0,))
('K.7 Musicalion', 'P1', 1, (414, 415), (108,), (2.0,), (108,), (2.0,))
('K.7 Musicalion', 'P1', 1, (415, 416), (108,), (3.0,), (108,), (3.0,))
('K.7 Musicalion', 'P1', 1, (420, 421), (110,), (2.0,), (110,), (2.0,))
('K.7 Musicalion', 'P1', 1, (421, 422), (110,), (3.0,), (110,), (3.0,))
('K.7 Musicalion', 'P1', 1, (426, 427), (112,), (2.0,), (112,), (2.0,))
('K.7 Musicalion', 'P1', 1, (427, 428), (112,), (3.0,), (112,), (3.0,))
('K.7 Musicalion', 'P1', 1, (429, 430), (113,), (2.0,), (113,), (2.0,))
('K.7 Musicalion', 'P1', 2, (81, 82), (25,), (1.0,), (25,), (1.0,))
('K.7 Musicalion', 'P1', 2, (83, 84), (25,), (3.0,), (25,), (3.0,))
('K.7 Musicalion', 'P1', 2, (89, 90), (27,), (1.0,), (27,), (1.0,))
('K.7 Musicalion', 'P1', 2, (90, 91), (27,), (2.0,), (27,), (2.0,))
('K.7 Musicalion', 'P1', 2, (91, 92), (27,), (3.0,), (27,), (3.0,))
('K.7 Musicalion', 'P1', 2, (95, 96), (28,), (3.0,), (28,), (3.0,))
('K.7 Musicalion', 'P1', 2, (99, 100), (29,), (3.0,), (29,), (3.0,))
('K.7 Musicalion', 'P1', 2, (100, 101), (30,), (1.0,), (30,), (1.0,))
('K.7 Musicalion', 'P1', 2, (115, 116), (77,), (3.0,), (77,), (3.0,))
('K.7 Musicalion', 'P1', 2, (120, 121), (79,), (3.0,), (79,), (3.0,))
('K.7 Musicalion', 'P1', 2, (127, 128), (86,), (3.0,), (86,), (3.0,))
('K.7 Musicalion', 'P1', 2, (227, 228), (115,), (3.0,), (115,), (3.0,))
('K.7 Musicalion', 'P1', 2, (238, 239), (150,), (3.0,), (150,), (3.0,))
('K.7 Musicalion', 'P1', 3, (5, 6), (4,), (3.0,), (4,), (3.0,))
('K.7 Musicalion', 'P1', 3, (10, 11), (6,), (3.0,), (6,), (3.0,))
('K.7 Musicalion', 'P1', 3, (16, 17), (32,), (3.0,), (32,), (3.0,))
('K.7 Musicalion', 'P1', 3, (21, 22), (34,), (3.0,), (34,), (3.0,))
('K.7 Musicalion', 'P1', 3, (23, 24), (35,), (3.0,), (35,), (3.0,))
('K.7 Musicalion', 'P1', 3, (26, 27), (36,), (3.0,), (36,), (3.0,))
('K.7 Musicalion', 'P1', 3, (127, 128), (81,), (3.0,), (81,), (3.0,))
('K.7 Musicalion', 'P1', 3, (130, 131), (82,), (3.0,), (82,), (3.0,))
('K.7 Musicalion', 'P1', 3, (138, 139), (88,), (3.0,), (88,), (3.0,))
('K.7 Musicalion', 'P1', 3, (141, 142), (89,), (3.0,), (89,), (3.0,))
('K.7 Musicalion', 'P1', 3, (160, 161), (124,), (3.0,), (124,), (3.0,))
('K.7 Musicalion', 'P1', 3, (162, 163), (125,), (3.0,), (125,), (3.0,))
('K.7 Musicalion', 'P1', 3, (165, 166), (126,), (3.0,), (126,), (3.0,))

28.    ((8,), (1.0,)):
('K.7 Musicalion', 'P1', 1, (0, 1), (1,), (1.0,), (1,), (1.0,))
('K.7 Musicalion', 'P1', 1, (23, 24), (8,), (3.0,), (8,), (3.0,))
('K.7 Musicalion', 'P1', 1, (309, 310), (74,), (1.0,), (74,), (1.0,))
('K.7 Musicalion', 'P1', 1, (386, 387), (100,), (3.0,), (100,), (3.0,))
('K.7 Musicalion', 'P1', 1, (486, 487), (127,), (2.0,), (127,), (2.0,))
('K.7 Musicalion', 'P1', 2, (0, 1), (2,), (1.0,), (2,), (1.0,))
('K.7 Musicalion', 'P1', 2, (108, 109), (75,), (1.0,), (75,), (1.0,))
('K.7 Musicalion', 'P1', 3, (70, 71), (55,), (1.0,), (55,), (1.0,))
('K.7 Musicalion', 'P1', 3, (71, 72), (55,), (2.0,), (55,), (2.0,))
('K.7 Musicalion', 'P1', 3, (73, 74), (56,), (1.0,), (56,), (1.0,))
('K.7 Musicalion', 'P1', 3, (74, 75), (56,), (2.0,), (56,), (2.0,))
('K.7 Musicalion', 'P1', 3, (76, 77), (57,), (1.0,), (57,), (1.0,))
('K.7 Musicalion', 'P1', 3, (77, 78), (57,), (2.0,), (57,), (2.0,))
('K.7 Musicalion', 'P1', 3, (79, 80), (58,), (1.0,), (58,), (1.0,))
('K.7 Musicalion', 'P1', 3, (80, 81), (58,), (2.0,), (58,), (2.0,))
('K.7 Musicalion', 'P1', 3, (82, 83), (59,), (1.0,), (59,), (1.0,))
('K.7 Musicalion', 'P1', 3, (83, 84), (59,), (2.0,), (59,), (2.0,))
('K.7 Musicalion', 'P1', 3, (85, 86), (60,), (1.0,), (60,), (1.0,))
('K.7 Musicalion', 'P1', 3, (86, 87), (60,), (2.0,), (60,), (2.0,))
('K.7 Musicalion', 'P1', 3, (94, 95), (63,), (1.0,), (63,), (1.0,))
('K.7 Musicalion', 'P1', 3, (95, 96), (63,), (2.0,), (63,), (2.0,))
('K.7 Musicalion', 'P1', 3, (97, 98), (64,), (1.0,), (64,), (1.0,))
('K.7 Musicalion', 'P1', 3, (98, 99), (64,), (2.0,), (64,), (2.0,))
('K.7 Musicalion', 'P1', 3, (100, 101), (65,), (1.0,), (65,), (1.0,))
('K.7 Musicalion', 'P1', 3, (101, 102), (65,), (2.0,), (65,), (2.0,))
('K.7 Musicalion', 'P1', 3, (103, 104), (66,), (1.0,), (66,), (1.0,))
('K.7 Musicalion', 'P1', 3, (104, 105), (66,), (2.0,), (66,), (2.0,))
('K.7 Musicalion', 'P1', 3, (106, 107), (67,), (1.0,), (67,), (1.0,))
('K.7 Musicalion', 'P1', 3, (107, 108), (67,), (2.0,), (67,), (2.0,))
('K.7 Musicalion', 'P1', 3, (109, 110), (68,), (1.0,), (68,), (1.0,))
('K.7 Musicalion', 'P1', 3, (110, 111), (68,), (2.0,), (68,), (2.0,))
('K.7 Musicalion', 'P1', 3, (191, 192), (137,), (1.0,), (137,), (1.0,))
('K.7 Musicalion', 'P1', 3, (192, 193), (137,), (2.0,), (137,), (2.0,))
('K.7 Musicalion', 'P1', 3, (194, 195), (138,), (1.0,), (138,), (1.0,))
('K.7 Musicalion', 'P1', 3, (195, 196), (138,), (2.0,), (138,), (2.0,))
('K.7 Musicalion', 'P1', 3, (197, 198), (139,), (1.0,), (139,), (1.0,))
('K.7 Musicalion', 'P1', 3, (198, 199), (139,), (2.0,), (139,), (2.0,))
('K.7 Musicalion', 'P1', 3, (200, 201), (140,), (1.0,), (140,), (1.0,))
('K.7 Musicalion', 'P1', 3, (201, 202), (140,), (2.0,), (140,), (2.0,))
('K.7 Musicalion', 'P1', 3, (203, 204), (141,), (1.0,), (141,), (1.0,))
('K.7 Musicalion', 'P1', 3, (204, 205), (141,), (2.0,), (141,), (2.0,))
('K.7 Musicalion', 'P1', 3, (206, 207), (142,), (1.0,), (142,), (1.0,))
('K.7 Musicalion', 'P1', 3, (207, 208), (142,), (2.0,), (142,), (2.0,))
('K.7 Musicalion', 'P1', 3, (215, 216), (145,), (1.0,), (145,), (1.0,))
('K.7 Musicalion', 'P1', 3, (216, 217), (145,), (2.0,), (145,), (2.0,))
('K.7 Musicalion', 'P1', 3, (218, 219), (146,), (1.0,), (146,), (1.0,))
('K.7 Musicalion', 'P1', 3, (219, 220), (146,), (2.0,), (146,), (2.0,))
('K.7 Musicalion', 'P1', 3, (221, 222), (147,), (1.0,), (147,), (1.0,))
('K.7 Musicalion', 'P1', 3, (222, 223), (147,), (2.0,), (147,), (2.0,))
('K.7 Musicalion', 'P1', 3, (224, 225), (148,), (1.0,), (148,), (1.0,))
('K.7 Musicalion', 'P1', 3, (225, 226), (148,), (2.0,), (148,), (2.0,))
('K.7 Musicalion', 'P1', 3, (227, 228), (149,), (1.0,), (149,), (1.0,))
('K.7 Musicalion', 'P1', 3, (228, 229), (149,), (2.0,), (149,), (2.0,))
('K.7 Musicalion', 'P1', 3, (230, 231), (150,), (1.0,), (150,), (1.0,))
('K.7 Musicalion', 'P1', 3, (231, 232), (150,), (2.0,), (150,), (2.0,))

29.    ((-3,), (0.5,)):
('K.7 Musicalion', 'P1', 1, (22, 23), (8,), (2.5,), (8,), (2.5,))
('K.7 Musicalion', 'P1', 1, (53, 54), (16,), (3.5,), (16,), (3.5,))
('K.7 Musicalion', 'P1', 1, (62, 63), (18,), (3.5,), (18,), (3.5,))
('K.7 Musicalion', 'P1', 1, (203, 204), (55,), (3.0,), (55,), (3.0,))
('K.7 Musicalion', 'P1', 1, (205, 206), (56,), (1.0,), (56,), (1.0,))
('K.7 Musicalion', 'P1', 1, (209, 210), (56,), (3.0,), (56,), (3.0,))
('K.7 Musicalion', 'P1', 1, (213, 214), (57,), (2.0,), (57,), (2.0,))
('K.7 Musicalion', 'P1', 1, (215, 216), (57,), (3.0,), (57,), (3.0,))
('K.7 Musicalion', 'P1', 1, (217, 218), (58,), (1.0,), (58,), (1.0,))
('K.7 Musicalion', 'P1', 1, (221, 222), (58,), (3.0,), (58,), (3.0,))
('K.7 Musicalion', 'P1', 1, (225, 226), (59,), (2.0,), (59,), (2.0,))
('K.7 Musicalion', 'P1', 1, (227, 228), (59,), (3.0,), (59,), (3.0,))
('K.7 Musicalion', 'P1', 1, (229, 230), (60,), (1.0,), (60,), (1.0,))
('K.7 Musicalion', 'P1', 1, (233, 234), (60,), (3.0,), (60,), (3.0,))
('K.7 Musicalion', 'P1', 1, (251, 252), (63,), (3.0,), (63,), (3.0,))
('K.7 Musicalion', 'P1', 1, (253, 254), (64,), (1.0,), (64,), (1.0,))
('K.7 Musicalion', 'P1', 1, (257, 258), (64,), (3.0,), (64,), (3.0,))
('K.7 Musicalion', 'P1', 1, (261, 262), (65,), (2.0,), (65,), (2.0,))
('K.7 Musicalion', 'P1', 1, (263, 264), (65,), (3.0,), (65,), (3.0,))
('K.7 Musicalion', 'P1', 1, (265, 266), (66,), (1.0,), (66,), (1.0,))
('K.7 Musicalion', 'P1', 1, (269, 270), (66,), (3.0,), (66,), (3.0,))
('K.7 Musicalion', 'P1', 1, (273, 274), (67,), (2.0,), (67,), (2.0,))
('K.7 Musicalion', 'P1', 1, (275, 276), (67,), (3.0,), (67,), (3.0,))
('K.7 Musicalion', 'P1', 1, (277, 278), (68,), (1.0,), (68,), (1.0,))
('K.7 Musicalion', 'P1', 1, (281, 282), (68,), (3.0,), (68,), (3.0,))
('K.7 Musicalion', 'P1', 1, (527, 528), (137,), (3.0,), (137,), (3.0,))
('K.7 Musicalion', 'P1', 1, (529, 530), (138,), (1.0,), (138,), (1.0,))
('K.7 Musicalion', 'P1', 1, (533, 534), (138,), (3.0,), (138,), (3.0,))
('K.7 Musicalion', 'P1', 1, (537, 538), (139,), (2.0,), (139,), (2.0,))
('K.7 Musicalion', 'P1', 1, (539, 540), (139,), (3.0,), (139,), (3.0,))
('K.7 Musicalion', 'P1', 1, (541, 542), (140,), (1.0,), (140,), (1.0,))
('K.7 Musicalion', 'P1', 1, (545, 546), (140,), (3.0,), (140,), (3.0,))
('K.7 Musicalion', 'P1', 1, (549, 550), (141,), (2.0,), (141,), (2.0,))
('K.7 Musicalion', 'P1', 1, (551, 552), (141,), (3.0,), (141,), (3.0,))
('K.7 Musicalion', 'P1', 1, (553, 554), (142,), (1.0,), (142,), (1.0,))
('K.7 Musicalion', 'P1', 1, (557, 558), (142,), (3.0,), (142,), (3.0,))
('K.7 Musicalion', 'P1', 1, (575, 576), (145,), (3.0,), (145,), (3.0,))
('K.7 Musicalion', 'P1', 1, (577, 578), (146,), (1.0,), (146,), (1.0,))
('K.7 Musicalion', 'P1', 1, (581, 582), (146,), (3.0,), (146,), (3.0,))
('K.7 Musicalion', 'P1', 1, (585, 586), (147,), (2.0,), (147,), (2.0,))
('K.7 Musicalion', 'P1', 1, (587, 588), (147,), (3.0,), (147,), (3.0,))
('K.7 Musicalion', 'P1', 1, (589, 590), (148,), (1.0,), (148,), (1.0,))
('K.7 Musicalion', 'P1', 1, (593, 594), (148,), (3.0,), (148,), (3.0,))
('K.7 Musicalion', 'P1', 1, (597, 598), (149,), (2.0,), (149,), (2.0,))
('K.7 Musicalion', 'P1', 1, (599, 600), (149,), (3.0,), (149,), (3.0,))
('K.7 Musicalion', 'P1', 1, (601, 602), (150,), (1.0,), (150,), (1.0,))
('K.7 Musicalion', 'P1', 1, (605, 606), (150,), (3.0,), (150,), (3.0,))
('K.7 Musicalion', 'P1', 2, (178, 179), (106,), (3.0,), (106,), (3.0,))
('K.7 Musicalion', 'P1', 2, (190, 191), (108,), (3.0,), (108,), (3.0,))
('K.7 Musicalion', 'P1', 2, (202, 203), (110,), (3.0,), (110,), (3.0,))
('K.7 Musicalion', 'P1', 2, (214, 215), (112,), (3.0,), (112,), (3.0,))

30.    ((3,), (1.0,)):
('K.7 Musicalion', 'P1', 1, (7, 8), (3,), (2.0,), (3,), (2.0,))
('K.7 Musicalion', 'P1', 1, (13, 14), (5,), (2.0,), (5,), (2.0,))
('K.7 Musicalion', 'P1', 1, (24, 25), (9,), (1.0,), (9,), (1.0,))
('K.7 Musicalion', 'P1', 1, (31, 32), (11,), (1.0,), (11,), (1.0,))
('K.7 Musicalion', 'P1', 1, (38, 39), (13,), (1.0,), (13,), (1.0,))
('K.7 Musicalion', 'P1', 1, (118, 119), (33,), (2.0,), (33,), (2.0,))
('K.7 Musicalion', 'P1', 1, (124, 125), (35,), (2.0,), (35,), (2.0,))
('K.7 Musicalion', 'P1', 1, (316, 317), (76,), (2.0,), (76,), (2.0,))
('K.7 Musicalion', 'P1', 1, (321, 322), (78,), (2.0,), (78,), (2.0,))
('K.7 Musicalion', 'P1', 1, (326, 327), (80,), (2.0,), (80,), (2.0,))
('K.7 Musicalion', 'P1', 1, (339, 340), (85,), (2.0,), (85,), (2.0,))
('K.7 Musicalion', 'P1', 1, (344, 345), (87,), (2.0,), (87,), (2.0,))
('K.7 Musicalion', 'P1', 1, (352, 353), (90,), (2.0,), (90,), (2.0,))
('K.7 Musicalion', 'P1', 1, (358, 359), (92,), (2.0,), (92,), (2.0,))
('K.7 Musicalion', 'P1', 1, (366, 367), (95,), (1.0,), (95,), (1.0,))
('K.7 Musicalion', 'P1', 1, (373, 374), (97,), (1.0,), (97,), (1.0,))
('K.7 Musicalion', 'P1', 1, (380, 381), (99,), (1.0,), (99,), (1.0,))
('K.7 Musicalion', 'P1', 1, (474, 475), (123,), (2.0,), (123,), (2.0,))
('K.7 Musicalion', 'P1', 1, (479, 480), (125,), (2.0,), (125,), (2.0,))
('K.7 Musicalion', 'P1', 2, (39, 40), (16,), (1.0,), (16,), (1.0,))
('K.7 Musicalion', 'P1', 2, (48, 49), (18,), (1.0,), (18,), (1.0,))
('K.7 Musicalion', 'P1', 2, (63, 64), (21,), (1.0,), (21,), (1.0,))
('K.7 Musicalion', 'P1', 2, (72, 73), (23,), (1.0,), (23,), (1.0,))
('K.7 Musicalion', 'P1', 3, (116, 117), (70,), (2.0,), (70,), (2.0,))

31.    ((2,), (1.0,)):
('K.7 Musicalion', 'P1', 1, (89, 90), (25,), (2.0,), (25,), (2.0,))
('K.7 Musicalion', 'P1', 1, (91, 92), (26,), (1.0,), (26,), (1.0,))
('K.7 Musicalion', 'P1', 1, (99, 100), (28,), (1.0,), (28,), (1.0,))
('K.7 Musicalion', 'P1', 1, (103, 104), (29,), (1.0,), (29,), (1.0,))
('K.7 Musicalion', 'P1', 1, (428, 429), (113,), (1.0,), (113,), (1.0,))
('K.7 Musicalion', 'P1', 1, (430, 431), (113,), (3.0,), (113,), (3.0,))
('K.7 Musicalion', 'P1', 2, (9, 10), (10,), (1.0,), (10,), (1.0,))
('K.7 Musicalion', 'P1', 2, (19, 20), (12,), (1.0,), (12,), (1.0,))
('K.7 Musicalion', 'P1', 2, (29, 30), (14,), (1.0,), (14,), (1.0,))
('K.7 Musicalion', 'P1', 2, (82, 83), (25,), (2.0,), (25,), (2.0,))
('K.7 Musicalion', 'P1', 2, (84, 85), (26,), (1.0,), (26,), (1.0,))
('K.7 Musicalion', 'P1', 2, (92, 93), (28,), (1.0,), (28,), (1.0,))
('K.7 Musicalion', 'P1', 2, (96, 97), (29,), (1.0,), (29,), (1.0,))
('K.7 Musicalion', 'P1', 2, (234, 235), (121,), (3.0,), (121,), (3.0,))
('K.7 Musicalion', 'P1', 3, (12, 13), (7,), (2.0,), (7,), (2.0,))
('K.7 Musicalion', 'P1', 3, (29, 30), (37,), (3.0,), (37,), (3.0,))
('K.7 Musicalion', 'P1', 3, (48, 49), (46,), (1.0,), (46,), (1.0,))
('K.7 Musicalion', 'P1', 3, (67, 68), (54,), (1.0,), (54,), (1.0,))
('K.7 Musicalion', 'P1', 3, (91, 92), (62,), (1.0,), (62,), (1.0,))
('K.7 Musicalion', 'P1', 3, (115, 116), (70,), (1.0,), (70,), (1.0,))
('K.7 Musicalion', 'P1', 3, (148, 149), (93,), (2.0,), (93,), (2.0,))
('K.7 Musicalion', 'P1', 3, (188, 189), (136,), (1.0,), (136,), (1.0,))
('K.7 Musicalion', 'P1', 3, (212, 213), (144,), (1.0,), (144,), (1.0,))

32.    ((-4,), (1.0,)):
('K.7 Musicalion', 'P1', 1, (1, 2), (1,), (2.0,), (1,), (2.0,))
('K.7 Musicalion', 'P1', 1, (12, 13), (5,), (1.0,), (5,), (1.0,))
('K.7 Musicalion', 'P1', 1, (117, 118), (33,), (1.0,), (33,), (1.0,))
('K.7 Musicalion', 'P1', 1, (123, 124), (35,), (1.0,), (35,), (1.0,))
('K.7 Musicalion', 'P1', 1, (310, 311), (74,), (2.0,), (74,), (2.0,))
('K.7 Musicalion', 'P1', 1, (320, 321), (78,), (1.0,), (78,), (1.0,))
('K.7 Musicalion', 'P1', 1, (325, 326), (80,), (1.0,), (80,), (1.0,))
('K.7 Musicalion', 'P1', 1, (333, 334), (83,), (1.0,), (83,), (1.0,))
('K.7 Musicalion', 'P1', 1, (338, 339), (85,), (1.0,), (85,), (1.0,))
('K.7 Musicalion', 'P1', 1, (343, 344), (87,), (1.0,), (87,), (1.0,))
('K.7 Musicalion', 'P1', 1, (351, 352), (90,), (1.0,), (90,), (1.0,))
('K.7 Musicalion', 'P1', 1, (357, 358), (92,), (1.0,), (92,), (1.0,))
('K.7 Musicalion', 'P1', 1, (473, 474), (123,), (1.0,), (123,), (1.0,))
('K.7 Musicalion', 'P1', 1, (478, 479), (125,), (1.0,), (125,), (1.0,))
('K.7 Musicalion', 'P1', 2, (1, 2), (2,), (2.0,), (2,), (2.0,))
('K.7 Musicalion', 'P1', 2, (12, 13), (10,), (3.0,), (10,), (3.0,))
('K.7 Musicalion', 'P1', 2, (22, 23), (12,), (3.0,), (12,), (3.0,))
('K.7 Musicalion', 'P1', 2, (104, 105), (32,), (1.0,), (32,), (1.0,))
('K.7 Musicalion', 'P1', 2, (109, 110), (75,), (2.0,), (75,), (2.0,))
('K.7 Musicalion', 'P1', 2, (235, 236), (122,), (1.0,), (122,), (1.0,))
('K.7 Musicalion', 'P1', 3, (167, 168), (127,), (2.0,), (127,), (2.0,))

33.    ((5,), (0.5,)):
('K.7 Musicalion', 'P1', 1, (199, 200), (55,), (1.0,), (55,), (1.0,))
('K.7 Musicalion', 'P1', 1, (202, 203), (55,), (2.5,), (55,), (2.5,))
('K.7 Musicalion', 'P1', 1, (214, 215), (57,), (2.5,), (57,), (2.5,))
('K.7 Musicalion', 'P1', 1, (226, 227), (59,), (2.5,), (59,), (2.5,))
('K.7 Musicalion', 'P1', 1, (250, 251), (63,), (2.5,), (63,), (2.5,))
('K.7 Musicalion', 'P1', 1, (262, 263), (65,), (2.5,), (65,), (2.5,))
('K.7 Musicalion', 'P1', 1, (274, 275), (67,), (2.5,), (67,), (2.5,))
('K.7 Musicalion', 'P1', 1, (523, 524), (137,), (1.0,), (137,), (1.0,))
('K.7 Musicalion', 'P1', 1, (526, 527), (137,), (2.5,), (137,), (2.5,))
('K.7 Musicalion', 'P1', 1, (538, 539), (139,), (2.5,), (139,), (2.5,))
('K.7 Musicalion', 'P1', 1, (550, 551), (141,), (2.5,), (141,), (2.5,))
('K.7 Musicalion', 'P1', 1, (574, 575), (145,), (2.5,), (145,), (2.5,))
('K.7 Musicalion', 'P1', 1, (586, 587), (147,), (2.5,), (147,), (2.5,))
('K.7 Musicalion', 'P1', 1, (598, 599), (149,), (2.5,), (149,), (2.5,))
('K.7 Musicalion', 'P1', 2, (150, 151), (99,), (3.0,), (99,), (3.0,))

34.    ((-3,), (1.0,)):
('K.7 Musicalion', 'P1', 1, (25, 26), (9,), (2.0,), (9,), (2.0,))
('K.7 Musicalion', 'P1', 1, (32, 33), (11,), (2.0,), (11,), (2.0,))
('K.7 Musicalion', 'P1', 1, (39, 40), (13,), (2.0,), (13,), (2.0,))
('K.7 Musicalion', 'P1', 1, (367, 368), (95,), (2.0,), (95,), (2.0,))
('K.7 Musicalion', 'P1', 1, (374, 375), (97,), (2.0,), (97,), (2.0,))
('K.7 Musicalion', 'P1', 1, (381, 382), (99,), (2.0,), (99,), (2.0,))
('K.7 Musicalion', 'P1', 1, (413, 414), (108,), (1.0,), (108,), (1.0,))
('K.7 Musicalion', 'P1', 1, (419, 420), (110,), (1.0,), (110,), (1.0,))
('K.7 Musicalion', 'P1', 1, (425, 426), (112,), (1.0,), (112,), (1.0,))
('K.7 Musicalion', 'P1', 2, (40, 41), (16,), (2.0,), (16,), (2.0,))
('K.7 Musicalion', 'P1', 2, (49, 50), (18,), (2.0,), (18,), (2.0,))
('K.7 Musicalion', 'P1', 2, (110, 111), (75,), (3.0,), (75,), (3.0,))
('K.7 Musicalion', 'P1', 3, (27, 28), (37,), (1.0,), (37,), (1.0,))
('K.7 Musicalion', 'P1', 3, (28, 29), (37,), (2.0,), (37,), (2.0,))
('K.7 Musicalion', 'P1', 3, (166, 167), (127,), (1.0,), (127,), (1.0,))

35.    ((2,), (0.5,)):
('K.7 Musicalion', 'P1', 1, (133, 134), (38,), (1.0,), (38,), (1.0,))
('K.7 Musicalion', 'P1', 1, (434, 435), (114,), (2.5,), (114,), (2.5,))
('K.7 Musicalion', 'P1', 1, (449, 450), (117,), (3.5,), (117,), (3.5,))
('K.7 Musicalion', 'P1', 1, (455, 456), (118,), (3.5,), (118,), (3.5,))
('K.7 Musicalion', 'P1', 1, (461, 462), (119,), (3.5,), (119,), (3.5,))
('K.7 Musicalion', 'P1', 1, (488, 489), (128,), (1.0,), (128,), (1.0,))
('K.7 Musicalion', 'P1', 2, (38, 39), (15,), (3.5,), (15,), (3.5,))
('K.7 Musicalion', 'P1', 2, (47, 48), (17,), (3.5,), (17,), (3.5,))
('K.7 Musicalion', 'P1', 2, (56, 57), (19,), (3.5,), (19,), (3.5,))
('K.7 Musicalion', 'P1', 2, (179, 180), (106,), (3.5,), (106,), (3.5,))
('K.7 Musicalion', 'P1', 2, (191, 192), (108,), (3.5,), (108,), (3.5,))
('K.7 Musicalion', 'P1', 2, (203, 204), (110,), (3.5,), (110,), (3.5,))
('K.7 Musicalion', 'P1', 2, (232, 233), (116,), (3.0,), (116,), (3.0,))

36.    ((-2,), (1.5,)):
('K.7 Musicalion', 'P1', 1, (108, 109), (30,), (2.0,), (30,), (2.0,))
('K.7 Musicalion', 'P1', 1, (135, 136), (38,), (2.0,), (38,), (2.0,))
('K.7 Musicalion', 'P1', 1, (490, 491), (128,), (2.0,), (128,), (2.0,))
('K.7 Musicalion', 'P1', 2, (101, 102), (30,), (2.0,), (30,), (2.0,))
('K.7 Musicalion', 'P1', 3, (35, 36), (41,), (1.0,), (41,), (1.0,))
('K.7 Musicalion', 'P1', 3, (40, 41), (43,), (1.0,), (43,), (1.0,))
('K.7 Musicalion', 'P1', 3, (45, 46), (45,), (1.0,), (45,), (1.0,))
('K.7 Musicalion', 'P1', 3, (54, 55), (49,), (1.0,), (49,), (1.0,))
('K.7 Musicalion', 'P1', 3, (59, 60), (51,), (1.0,), (51,), (1.0,))
('K.7 Musicalion', 'P1', 3, (64, 65), (53,), (1.0,), (53,), (1.0,))
('K.7 Musicalion', 'P1', 3, (175, 176), (131,), (1.0,), (131,), (1.0,))
('K.7 Musicalion', 'P1', 3, (180, 181), (133,), (1.0,), (133,), (1.0,))
('K.7 Musicalion', 'P1', 3, (185, 186), (135,), (1.0,), (135,), (1.0,))

37.    ((7,), (1.0,)):
('K.7 Musicalion', 'P1', 2, (114, 115), (77,), (2.0,), (77,), (2.0,))
('K.7 Musicalion', 'P1', 2, (119, 120), (79,), (2.0,), (79,), (2.0,))
('K.7 Musicalion', 'P1', 2, (126, 127), (86,), (2.0,), (86,), (2.0,))
('K.7 Musicalion', 'P1', 3, (4, 5), (4,), (2.0,), (4,), (2.0,))
('K.7 Musicalion', 'P1', 3, (9, 10), (6,), (2.0,), (6,), (2.0,))
('K.7 Musicalion', 'P1', 3, (20, 21), (34,), (2.0,), (34,), (2.0,))
('K.7 Musicalion', 'P1', 3, (126, 127), (81,), (2.0,), (81,), (2.0,))
('K.7 Musicalion', 'P1', 3, (129, 130), (82,), (2.0,), (82,), (2.0,))
('K.7 Musicalion', 'P1', 3, (137, 138), (88,), (2.0,), (88,), (2.0,))
('K.7 Musicalion', 'P1', 3, (140, 141), (89,), (2.0,), (89,), (2.0,))
('K.7 Musicalion', 'P1', 3, (159, 160), (124,), (2.0,), (124,), (2.0,))
('K.7 Musicalion', 'P1', 4, (1, 2), (122,), (2.0,), (122,), (2.0,))

38.    ((1,), (1.0,)):
('K.7 Musicalion', 'P1', 1, (26, 27), (9,), (3.0,), (9,), (3.0,))
('K.7 Musicalion', 'P1', 1, (33, 34), (11,), (3.0,), (11,), (3.0,))
('K.7 Musicalion', 'P1', 1, (40, 41), (13,), (3.0,), (13,), (3.0,))
('K.7 Musicalion', 'P1', 1, (334, 335), (83,), (2.0,), (83,), (2.0,))
('K.7 Musicalion', 'P1', 1, (365, 366), (94,), (3.0,), (94,), (3.0,))
('K.7 Musicalion', 'P1', 1, (368, 369), (95,), (3.0,), (95,), (3.0,))
('K.7 Musicalion', 'P1', 1, (375, 376), (97,), (3.0,), (97,), (3.0,))
('K.7 Musicalion', 'P1', 1, (382, 383), (99,), (3.0,), (99,), (3.0,))
('K.7 Musicalion', 'P1', 1, (407, 408), (106,), (1.0,), (106,), (1.0,))
('K.7 Musicalion', 'P1', 2, (32, 33), (14,), (3.0,), (14,), (3.0,))

39.    ((4,), (1.0,)):
('K.7 Musicalion', 'P1', 1, (112, 113), (31,), (2.0,), (31,), (2.0,))
('K.7 Musicalion', 'P1', 2, (41, 42), (16,), (3.0,), (16,), (3.0,))
('K.7 Musicalion', 'P1', 2, (50, 51), (18,), (3.0,), (18,), (3.0,))
('K.7 Musicalion', 'P1', 3, (31, 32), (38,), (3.0,), (38,), (3.0,))
('K.7 Musicalion', 'P1', 3, (47, 48), (45,), (3.0,), (45,), (3.0,))
('K.7 Musicalion', 'P1', 3, (50, 51), (46,), (3.0,), (46,), (3.0,))
('K.7 Musicalion', 'P1', 3, (66, 67), (53,), (3.0,), (53,), (3.0,))
('K.7 Musicalion', 'P1', 3, (171, 172), (128,), (3.0,), (128,), (3.0,))
('K.7 Musicalion', 'P1', 3, (187, 188), (135,), (3.0,), (135,), (3.0,))

40.    ((6,), (0.5,)):
('K.7 Musicalion', 'P1', 1, (131, 132), (37,), (2.5,), (37,), (2.5,))
('K.7 Musicalion', 'P1', 1, (436, 437), (114,), (3.5,), (114,), (3.5,))
('K.7 Musicalion', 'P1', 1, (606, 607), (150,), (3.5,), (150,), (3.5,))

41.    ((-6,), (1.0,)):
('K.7 Musicalion', 'P1', 1, (132, 133), (37,), (3.0,), (37,), (3.0,))
('K.7 Musicalion', 'P1', 3, (24, 25), (36,), (1.0,), (36,), (1.0,))
('K.7 Musicalion', 'P1', 3, (163, 164), (126,), (1.0,), (126,), (1.0,))

42.    ((-6,), (0.0,)):
('K.7 Musicalion', 'P1', 1, (126, 127), (36,), (1.0,), (36,), (1.0,))
('K.7 Musicalion', 'P1', 1, (481, 482), (126,), (1.0,), (126,), (1.0,))

43.    (((5, -3),), ((0.0, 1.0),)):
('K.7 Musicalion', 'P1', 1, (327, 328), (80,), (3.0,), (80,), (3.0,))
('K.7 Musicalion', 'P1', 1, (359, 360), (92,), (3.0,), (92,), (3.0,))

44.    (((4, 3, 1),), ((0.0, 0.0, 2.0),)):
('K.7 Musicalion', 'P1', 1, (328, 329), (81,), (1.0,), (81,), (1.0,))
('K.7 Musicalion', 'P1', 1, (347, 348), (88,), (1.0,), (88,), (1.0,))

45.    (((3, 2),), ((0.0, 1.0),)):
('K.7 Musicalion', 'P1', 1, (362, 363), (94,), (1.0,), (94,), (1.0,))
('K.7 Musicalion', 'P1', 1, (470, 471), (121,), (3.0,), (121,), (3.0,))

46.    ((-5,), (1.0,)):
('K.7 Musicalion', 'P1', 3, (147, 148), (93,), (1.0,), (93,), (1.0,))
('K.7 Musicalion', 'P1', 3, (149, 150), (93,), (3.0,), (93,), (3.0,))

47.    (((5, 3, 1),), ((0.0, 0.0, 3.0),)):
('K.7 Musicalion', 'P1', 3, (151, 152), (117,), (1.0,), (117,), (1.0,))
('K.7 Musicalion', 'P1', 3, (153, 154), (119,), (1.0,), (119,), (1.0,))

