1.    nomes:
K.431 Musescore

2.    quantidade:
1

3.    analise:
[('intDia', 'p1p2'), ('duracao', 'p1p2'), ('Ntempo', 'p1'), ('Ptempo', 'p1')] SemContInte Distancia: 0

1.    ((-4, -3, -3, 3, 6, -5, 4, 3), (0.33, 0.33, 0.33, 0.33, 0.33, 0.33, 0.33, 0.33), (1,), (0.0,)):
('K.431 Musescore', 'P1', 1, (0, 8), (1,), (1.0,), (1,), (3.33,))
('K.431 Musescore', 'P1', 1, (9, 17), (2,), (1.0,), (2,), (3.33,))

2.    ((-3, 2, -4, -3, -3, -4, -3, -3), (0.33, 0.33, 0.33, 0.33, 0.33, 0.33, 0.33, 0.33), (3,), (0.33,)):
('K.431 Musescore', 'P1', 1, (25, 33), (3,), (3.33,), (4,), (2.67,))
('K.431 Musescore', 'P1', 1, (120, 128), (15,), (3.33,), (16,), (2.67,))

3.    ((3, 3, -2, -3), (0.33, 0.33, 0.33, 0.33), (3,), (0.0,)):
('K.431 Musescore', 'P1', 1, (40, 44), (5,), (3.0,), (6,), (1.0,))
('K.431 Musescore', 'P1', 1, (70, 74), (9,), (3.0,), (10,), (1.0,))

4.    ((-3, -4, 6, 3), (0.33, 0.33, 0.33, 0.33), (1,), (0.33,)):
('K.431 Musescore', 'P1', 1, (96, 100), (13,), (1.33,), (13,), (2.33,))
('K.431 Musescore', 'P1', 1, (105, 109), (14,), (1.33,), (14,), (2.33,))

5.    ((-4, -3), (0.33, 0.33), (2,), (0.0,)):
('K.431 Musescore', 'P1', 1, (30, 32), (4,), (2.0,), (4,), (2.33,))
('K.431 Musescore', 'P1', 1, (125, 127), (16,), (2.0,), (16,), (2.33,))
('K.431 Musescore', 'P1', 2, (15, 17), (8,), (2.0,), (8,), (2.33,))

6.    ((2, -3), (0.33, 0.33), (3,), (0.67,)):
('K.431 Musescore', 'P1', 1, (103, 105), (13,), (3.67,), (14,), (1.0,))
('K.431 Musescore', 'P1', 1, (112, 114), (14,), (3.67,), (15,), (1.0,))

7.    ((-3,), (0.33,), (1,), (0.33,)):
('K.431 Musescore', 'P1', 1, (19, 20), (3,), (1.33,), (3,), (1.33,))
('K.431 Musescore', 'P1', 1, (53, 54), (7,), (1.33,), (7,), (1.33,))

8.    ((-6,), (0.33,), (2,), (0.67,)):
('K.431 Musescore', 'P1', 1, (23, 24), (3,), (2.67,), (3,), (2.67,))
('K.431 Musescore', 'P1', 1, (87, 88), (11,), (2.67,), (11,), (2.67,))

9.    ((6,), (0.33,), (3,), (0.0,)):
('K.431 Musescore', 'P1', 1, (24, 25), (3,), (3.0,), (3,), (3.0,))
('K.431 Musescore', 'P1', 1, (101, 102), (13,), (3.0,), (13,), (3.0,))

10.    ((-3,), (0.33,), (1,), (0.0,)):
('K.431 Musescore', 'P1', 1, (34, 35), (5,), (1.0,), (5,), (1.0,))
('K.431 Musescore', 'P1', 1, (82, 83), (11,), (1.0,), (11,), (1.0,))

11.    ((-3,), (0.33,), (1,), (0.67,)):
('K.431 Musescore', 'P1', 1, (36, 37), (5,), (1.67,), (5,), (1.67,))
('K.431 Musescore', 'P1', 1, (75, 76), (10,), (1.67,), (10,), (1.67,))

12.    ((2,), (0.33,), (2,), (0.67,)):
('K.431 Musescore', 'P1', 1, (39, 40), (5,), (2.67,), (5,), (2.67,))
('K.431 Musescore', 'P1', 1, (118, 119), (15,), (2.67,), (15,), (2.67,))

13.    ((-3,), (0.33,), (3,), (0.67,)):
('K.431 Musescore', 'P1', 1, (51, 52), (6,), (3.67,), (6,), (3.67,))
('K.431 Musescore', 'P1', 1, (81, 82), (10,), (3.67,), (10,), (3.67,))

14.    ((-7,), (0.33,), (2,), (0.67,)):
('K.431 Musescore', 'P1', 1, (57, 58), (7,), (2.67,), (7,), (2.67,))
('K.431 Musescore', 'P1', 1, (100, 101), (13,), (2.67,), (13,), (2.67,))

15.    ((-3,), (0.33,), (2,), (0.0,)):
('K.431 Musescore', 'P1', 1, (76, 77), (10,), (2.0,), (10,), (2.0,))
('K.431 Musescore', 'P1', 1, (85, 86), (11,), (2.0,), (11,), (2.0,))

16.    ((-3,), (0.33,), (3,), (0.0,)):
('K.431 Musescore', 'P1', 1, (79, 80), (10,), (3.0,), (10,), (3.0,))
('K.431 Musescore', 'P1', 1, (110, 111), (14,), (3.0,), (14,), (3.0,))

17.    ((-2,), (1.0,), (1,), (0.0,)):
('K.431 Musescore', 'P1', 1, (91, 92), (12,), (1.0,), (12,), (1.0,))
('K.431 Musescore', 'P1', 2, (18, 19), (9,), (1.0,), (9,), (1.0,))

18.    ((2,), (2.0,), (1,), (0.0,)):
('K.431 Musescore', 'P1', 2, (2, 3), (2,), (1.0,), (2,), (1.0,))
('K.431 Musescore', 'P1', 2, (10, 11), (6,), (1.0,), (6,), (1.0,))

