1.    nomes:
K.360 KernScores

2.    quantidade:
1

3.    analise:
[('intDia', 'p1p2'), ('duracao', 'p1p2'), ('Ntempo', 'p1p2'), ('Ptempo', 'p1p2')] SemContInte Distancia: 0

1.    ((3, -3, 1, 3, -3, 1, -2, -2, -2, -2, -2, -2, 2, 8, -3, 1, 3, -3, 1, -2, -2, -2, -2, -2, -2, -2, 2, 2, 2, 2), (0.5, 0.25, 0.25, 0.5, 0.25, 0.25, 0.5, 0.25, 0.25, 0.25, 0.25, 0.25, 0.25, 0.5, 0.25, 0.25, 0.5, 0.25, 0.25, 0.5, 0.25, 0.25, 0.25, 0.25, 0.25, 0.25, 1.5, 0.5, 1.0, 1.0), (1, 1, 1, 2, 2, 2, 1, 1, 1, 2, 2, 2, 2, 1, 1, 1, 2, 2, 2, 1, 1, 1, 2, 2, 2, 2, 1, 2, 1, 2), (0.0, 0.5, 0.75, 0.0, 0.5, 0.75, 0.0, 0.5, 0.75, 0.0, 0.25, 0.5, 0.75, 0.0, 0.5, 0.75, 0.0, 0.5, 0.75, 0.0, 0.5, 0.75, 0.0, 0.25, 0.5, 0.75, 0.0, 0.5, 0.0, 0.0)):
('K.360 KernScores', 'P2', 1, (33, 63), (13,), (1.0,), (18,), (2.0,))
('K.360 KernScores', 'P2', 1, (63, 93), (19,), (1.0,), (24,), (2.0,))

2.    ((-3, 1, 3, -3, 1, -2, -2, -2, -2, -2, -2, 2, 8, -3, 1, 3, -3, 1, -2, -2, -2, -2, -2, -2), (0.25, 0.25, 0.5, 0.25, 0.25, 0.5, 0.25, 0.25, 0.25, 0.25, 0.25, 0.25, 0.5, 0.25, 0.25, 0.5, 0.25, 0.25, 0.5, 0.25, 0.25, 0.25, 0.25, 0.25), (1, 1, 2, 2, 2, 1, 1, 1, 2, 2, 2, 2, 1, 1, 1, 2, 2, 2, 1, 1, 1, 2, 2, 2), (0.5, 0.75, 0.0, 0.5, 0.75, 0.0, 0.5, 0.75, 0.0, 0.25, 0.5, 0.75, 0.0, 0.5, 0.75, 0.0, 0.5, 0.75, 0.0, 0.5, 0.75, 0.0, 0.25, 0.5)):
('K.360 KernScores', 'P1', 1, (37, 61), (9,), (1.5,), (12,), (2.5,))
('K.360 KernScores', 'P2', 1, (34, 58), (13,), (1.5,), (16,), (2.5,))
('K.360 KernScores', 'P2', 1, (64, 88), (19,), (1.5,), (22,), (2.5,))

3.    ((-4, 1, 1, 1, 1, 2, -3, 1, 2, 4, -4, 1, 1, 1, 1, 2, -3, 1, 2), (0.25, 0.25, 0.5, 0.25, 0.25, 0.5, 0.25, 0.25, 0.5, 1.0, 0.25, 0.25, 0.5, 0.25, 0.25, 0.5, 0.25, 0.25, 0.5), (2, 2, 1, 1, 1, 2, 2, 2, 1, 1, 2, 2, 1, 1, 1, 2, 2, 2, 1), (0.5, 0.75, 0.0, 0.5, 0.75, 0.0, 0.5, 0.75, 0.0, 0.5, 0.5, 0.75, 0.0, 0.5, 0.75, 0.0, 0.5, 0.75, 0.0)):
('K.360 KernScores', 'P1', 1, (144, 163), (29,), (2.5,), (33,), (1.0,))
('K.360 KernScores', 'P1', 1, (382, 401), (81,), (2.5,), (85,), (1.0,))

4.    ((14, 2, -8, 4, 2, -8, 3, 2, -8, 4, 2, -8, 10, 2, -5, 2, -8, 4), (0.5, 0.25, 0.25, 0.5, 0.25, 0.25, 0.5, 0.25, 0.25, 0.5, 0.25, 0.25, 1.5, 0.5, 0.5, 0.5, 0.5, 0.5), (1, 1, 1, 2, 2, 2, 1, 1, 1, 2, 2, 2, 1, 2, 1, 1, 2, 2), (0.0, 0.5, 0.75, 0.0, 0.5, 0.75, 0.0, 0.5, 0.75, 0.0, 0.5, 0.75, 0.0, 0.5, 0.0, 0.5, 0.0, 0.5)):
('K.360 KernScores', 'P2', 1, (255, 273), (97,), (1.0,), (100,), (2.5,))
('K.360 KernScores', 'P2', 1, (273, 291), (101,), (1.0,), (104,), (2.5,))

5.    ((-2, 2, 8, -3, 1, 3, -3, 1, -2, -2, -2, -2, -2, -2, 2, 3), (0.25, 0.25, 0.5, 0.25, 0.25, 0.5, 0.25, 0.25, 0.5, 0.25, 0.25, 0.25, 0.25, 0.25, 0.25, 0.5), (2, 2, 1, 1, 1, 2, 2, 2, 1, 1, 1, 2, 2, 2, 2, 1), (0.5, 0.75, 0.0, 0.5, 0.75, 0.0, 0.5, 0.75, 0.0, 0.5, 0.75, 0.0, 0.25, 0.5, 0.75, 0.0)):
('K.360 KernScores', 'P1', 1, (47, 63), (10,), (2.5,), (13,), (1.0,))
('K.360 KernScores', 'P1', 1, (335, 351), (72,), (2.5,), (75,), (1.0,))

6.    ((-2, 1, -2, -2, -2, 2, 2, -2, -2, -2, -2, 2, 9, 1, -4, -2), (1.0, 2.0, 0.5, 0.25, 0.25, 0.5, 0.25, 0.25, 0.25, 0.25, 0.25, 0.25, 1.5, 0.25, 0.25, 1.0), (1, 2, 2, 2, 2, 1, 1, 1, 2, 2, 2, 2, 1, 2, 2, 1), (0.0, 0.0, 0.0, 0.5, 0.75, 0.0, 0.5, 0.75, 0.0, 0.25, 0.5, 0.75, 0.0, 0.5, 0.75, 0.0)):
('K.360 KernScores', 'P1', 2, (0, 16), (34,), (1.0,), (38,), (1.0,))
('K.360 KernScores', 'P1', 2, (47, 63), (86,), (1.0,), (90,), (1.0,))

7.    ((2, 2, 1, 1, 1, 1, 2, 2, -2, -2, -2, -2, 2, -2, 2), (1.0, 0.5, 1.5, 0.5, 0.25, 0.25, 0.5, 0.25, 0.25, 0.25, 0.25, 0.25, 0.25, 2.0, 1.0), (2, 1, 1, 1, 1, 1, 2, 2, 2, 1, 1, 1, 1, 2, 2), (0.0, 0.0, 0.5, 0.0, 0.5, 0.75, 0.0, 0.5, 0.75, 0.0, 0.25, 0.5, 0.75, 0.0, 0.0)):
('K.360 KernScores', 'P1', 1, (177, 192), (36,), (2.0,), (40,), (2.0,))
('K.360 KernScores', 'P1', 1, (416, 431), (88,), (2.0,), (92,), (2.0,))

8.    ((9, 2, -8, 10, 2, -8, 2, 2, -8, -2, 2, 2, 1, -2), (0.5, 0.25, 0.25, 0.5, 0.25, 0.25, 0.5, 0.25, 0.25, 1.25, 0.25, 0.25, 0.25, 0.75), (1, 1, 1, 2, 2, 2, 1, 1, 1, 2, 1, 1, 1, 2), (0.0, 0.5, 0.75, 0.0, 0.5, 0.75, 0.0, 0.5, 0.75, 0.0, 0.25, 0.5, 0.75, 0.0)):
('K.360 KernScores', 'P1', 1, (216, 230), (45,), (1.0,), (47,), (2.0,))
('K.360 KernScores', 'P1', 1, (231, 245), (48,), (1.0,), (50,), (2.0,))

9.    ((5, (6, -2), (6, -2), (6, 7), -2, -2, -2, -4, 3, -2, -3, -2, (3, -2)), (1.0, (0.0, 1.0), (0.0, 1.0), (0.0, 1.0), 0.25, 0.25, 0.25, 1.25, 0.25, 0.25, 0.25, 0.25, (0.0, 0.5)), (1, 2, 1, 2, 1, 1, 1, 1, 1, 1, 1, 1, 2), (0.0, 0.0, 0.0, 0.0, 0.0, 0.25, 0.5, 0.75, 0.0, 0.25, 0.5, 0.75, 0.0)):
('K.360 KernScores', 'P1', 1, (452, 465), (97,), (1.0,), (100,), (2.0,))
('K.360 KernScores', 'P1', 1, (466, 479), (101,), (1.0,), (104,), (2.0,))

10.    ((1, 1, 1, 1, 1, 2, 2, -2, -2, -2, -2, 2), (0.25, 0.25, 0.5, 0.25, 0.25, 0.5, 0.25, 0.25, 0.25, 0.25, 0.25, 0.25), (2, 2, 1, 1, 1, 2, 2, 2, 1, 1, 1, 1), (0.5, 0.75, 0.0, 0.5, 0.75, 0.0, 0.5, 0.75, 0.0, 0.25, 0.5, 0.75)):
('K.360 KernScores', 'P1', 1, (164, 176), (33,), (2.5,), (35,), (1.75,))
('K.360 KernScores', 'P1', 1, (402, 414), (85,), (2.5,), (87,), (1.75,))

11.    (((6, 2), (6, -2), (6, 1), (6, 2), (6, -2), (6, -3), -2, 4, 2, -6, 2, 2), ((0.0, 1.0), (0.0, 1.0), (0.0, 2.0), (0.0, 1.0), (0.0, 1.0), (0.0, 1.0), 1.0, 1.0, 1.0, 1.0, 1.0, 1.0), (1, 2, 1, 1, 2, 1, 2, 1, 2, 1, 2, 1), (0.0, 0.0, 0.0, 0.0, 0.0, 0.0, 0.0, 0.0, 0.0, 0.0, 0.0, 0.0)):
('K.360 KernScores', 'P2', 1, (104, 116), (30,), (1.0,), (36,), (1.0,))
('K.360 KernScores', 'P2', 1, (226, 238), (82,), (1.0,), (88,), (1.0,))

12.    ((2, -3, 1, 6, -6, 1, 2, -3, 1, 6, -4), (0.5, 0.25, 0.25, 0.5, 0.25, 0.25, 0.5, 0.25, 0.25, 0.5, 0.25), (1, 1, 1, 2, 2, 2, 1, 1, 1, 2, 2), (0.0, 0.5, 0.75, 0.0, 0.5, 0.75, 0.0, 0.5, 0.75, 0.0, 0.5)):
('K.360 KernScores', 'P1', 1, (198, 209), (42,), (1.0,), (43,), (2.5,))
('K.360 KernScores', 'P1', 1, (434, 445), (94,), (1.0,), (95,), (2.5,))

13.    ((3, -3, 1, 3, -3, 1, -2, -2, 2), (0.5, 0.25, 0.25, 0.5, 0.25, 0.25, 0.5, 0.25, 0.25), (1, 1, 1, 2, 2, 2, 1, 1, 1), (0.0, 0.5, 0.75, 0.0, 0.5, 0.75, 0.0, 0.5, 0.75)):
('K.360 KernScores', 'P1', 1, (88, 97), (19,), (1.0,), (20,), (1.75,))
('K.360 KernScores', 'P1', 1, (111, 120), (23,), (1.0,), (24,), (1.75,))

14.    ((-2, -2, -2, 5, -3, -3, 6, -3, -4), (0.5, 0.25, 0.25, 0.5, 0.25, 0.25, 0.5, 0.25, 0.25), (2, 2, 2, 1, 1, 1, 2, 2, 2), (0.0, 0.5, 0.75, 0.0, 0.5, 0.75, 0.0, 0.5, 0.75)):
('K.360 KernScores', 'P1', 1, (3, 12), (2,), (2.0,), (3,), (2.75,))
('K.360 KernScores', 'P2', 1, (4, 13), (6,), (2.0,), (7,), (2.75,))

15.    ((-2, 4, 2, -6, 2, 2, -5), (1.0, 1.0, 1.0, 1.0, 1.0, 1.0, 1.0), (2, 1, 2, 1, 2, 1, 2), (0.0, 0.0, 0.0, 0.0, 0.0, 0.0, 0.0)):
('K.360 KernScores', 'P2', 1, (118, 125), (37,), (2.0,), (40,), (2.0,))
('K.360 KernScores', 'P2', 1, (240, 247), (89,), (2.0,), (92,), (2.0,))

16.    ((8, -8, 1, 1, -8, 1), (0.5, 0.25, 0.25, 0.5, 0.25, 0.25), (1, 1, 1, 2, 2, 2), (0.0, 0.5, 0.75, 0.0, 0.5, 0.75)):
('K.360 KernScores', 'P1', 1, (137, 143), (27,), (1.0,), (27,), (2.75,))
('K.360 KernScores', 'P1', 1, (373, 379), (79,), (1.0,), (79,), (2.75,))

17.    ((2, 2, 2, 2, 3, 2), (0.5, 0.5, 0.5, 0.5, 0.5, 0.5), (2, 2, 1, 1, 2, 2), (0.0, 0.5, 0.0, 0.5, 0.0, 0.5)):
('K.360 KernScores', 'P2', 1, (20, 26), (9,), (2.0,), (10,), (2.5,))
('K.360 KernScores', 'P2', 1, (27, 33), (11,), (2.0,), (12,), (2.5,))

18.    ((-4, 4, -4, 4, -4, 4), (1.5, 0.5, 1.5, 0.5, 1.5, 0.5), (1, 2, 1, 2, 1, 2), (0.0, 0.5, 0.0, 0.5, 0.0, 0.5)):
('K.360 KernScores', 'P2', 1, (139, 145), (51,), (1.0,), (53,), (2.5,))
('K.360 KernScores', 'P2', 1, (291, 297), (105,), (1.0,), (107,), (2.5,))

19.    ((-2, -2, -2, -2, 2), (0.25, 0.25, 0.25, 0.25, 0.25), (1, 2, 2, 2, 2), (0.75, 0.0, 0.25, 0.5, 0.75)):
('K.360 KernScores', 'P1', 1, (44, 49), (10,), (1.75,), (10,), (2.75,))
('K.360 KernScores', 'P1', 1, (57, 62), (12,), (1.75,), (12,), (2.75,))
('K.360 KernScores', 'P1', 1, (132, 137), (26,), (1.75,), (26,), (2.75,))
('K.360 KernScores', 'P1', 1, (345, 350), (74,), (1.75,), (74,), (2.75,))
('K.360 KernScores', 'P1', 2, (7, 12), (36,), (1.75,), (36,), (2.75,))
('K.360 KernScores', 'P1', 2, (54, 59), (88,), (1.75,), (88,), (2.75,))
('K.360 KernScores', 'P1', 2, (70, 75), (92,), (1.75,), (92,), (2.75,))
('K.360 KernScores', 'P2', 1, (41, 46), (14,), (1.75,), (14,), (2.75,))
('K.360 KernScores', 'P2', 1, (71, 76), (20,), (1.75,), (20,), (2.75,))
('K.360 KernScores', 'P2', 1, (182, 187), (66,), (1.75,), (66,), (2.75,))

20.    ((-8, 1, 1, -8, 1), (0.25, 0.25, 0.5, 0.25, 0.25), (1, 1, 2, 2, 2), (0.5, 0.75, 0.0, 0.5, 0.75)):
('K.360 KernScores', 'P1', 1, (138, 143), (27,), (1.5,), (27,), (2.75,))
('K.360 KernScores', 'P1', 1, (374, 379), (79,), (1.5,), (79,), (2.75,))
('K.360 KernScores', 'P2', 1, (98, 103), (28,), (1.5,), (28,), (2.75,))

21.    ((-6, 1, 6, -6, 1), (0.25, 0.25, 0.5, 0.25, 0.25), (1, 1, 2, 2, 2), (0.5, 0.75, 0.0, 0.5, 0.75)):
('K.360 KernScores', 'P1', 1, (193, 198), (41,), (1.5,), (41,), (2.75,))
('K.360 KernScores', 'P1', 1, (314, 319), (69,), (1.5,), (69,), (2.75,))

22.    ((2, -3, -2, -2, 2), (0.25, 0.25, 0.25, 0.5, 0.5), (1, 1, 1, 2, 2), (0.25, 0.5, 0.75, 0.0, 0.5)):
('K.360 KernScores', 'P1', 1, (211, 216), (44,), (1.25,), (44,), (2.5,))
('K.360 KernScores', 'P1', 1, (447, 452), (96,), (1.25,), (96,), (2.5,))

23.    ((-2, -2, -2, -2, -2), (0.25, 0.25, 0.5, 0.25, 0.25), (1, 1, 2, 2, 2), (0.5, 0.75, 0.0, 0.5, 0.75)):
('K.360 KernScores', 'P1', 1, (13, 18), (4,), (1.5,), (4,), (2.75,))
('K.360 KernScores', 'P2', 1, (14, 19), (8,), (1.5,), (8,), (2.75,))

24.    ((-2, -2, -2, -2), (0.25, 0.25, 0.25, 0.25), (1, 2, 2, 2), (0.75, 0.0, 0.25, 0.5)):
('K.360 KernScores', 'P1', 1, (368, 372), (78,), (1.75,), (78,), (2.5,))
('K.360 KernScores', 'P1', 2, (22, 26), (40,), (1.75,), (40,), (2.5,))
('K.360 KernScores', 'P2', 1, (54, 58), (16,), (1.75,), (16,), (2.5,))
('K.360 KernScores', 'P2', 1, (84, 88), (22,), (1.75,), (22,), (2.5,))
('K.360 KernScores', 'P2', 1, (169, 173), (64,), (1.75,), (64,), (2.5,))
('K.360 KernScores', 'P2', 1, (212, 216), (76,), (1.75,), (76,), (2.5,))

25.    ((-2, -2, -2, -2), (0.25, 0.25, 0.5, 0.25), (2, 2, 1, 1), (0.5, 0.75, 0.0, 0.5)):
('K.360 KernScores', 'P1', 1, (16, 20), (4,), (2.5,), (5,), (1.5,))
('K.360 KernScores', 'P1', 1, (287, 291), (61,), (2.5,), (62,), (1.5,))

26.    ((-3, 3, -3, 3), (0.5, 0.5, 0.5, 0.5), (1, 2, 2, 1), (0.5, 0.0, 0.5, 0.0)):
('K.360 KernScores', 'P1', 1, (63, 67), (13,), (1.5,), (14,), (1.0,))
('K.360 KernScores', 'P1', 1, (70, 74), (15,), (1.5,), (16,), (1.0,))

27.    ((2, 3, -3, -2), (0.5, 0.5, 0.25, 0.75), (2, 1, 1, 1), (0.5, 0.0, 0.5, 0.75)):
('K.360 KernScores', 'P1', 1, (246, 250), (51,), (2.5,), (52,), (1.75,))
('K.360 KernScores', 'P1', 1, (250, 254), (52,), (2.5,), (53,), (1.75,))

28.    ((4, -2, -2, -2), (1.0, 0.25, 0.25, 0.25), (1, 2, 2, 2), (0.0, 0.0, 0.25, 0.5)):
('K.360 KernScores', 'P1', 2, (79, 83), (99,), (1.0,), (99,), (2.5,))
('K.360 KernScores', 'P1', 2, (84, 88), (103,), (1.0,), (103,), (2.5,))

29.    ((-2, -2, -2), (0.5, 0.25, 0.25), (2, 2, 2), (0.0, 0.5, 0.75)):
('K.360 KernScores', 'P1', 1, (3, 6), (2,), (2.0,), (2,), (2.75,))
('K.360 KernScores', 'P1', 1, (15, 18), (4,), (2.0,), (4,), (2.75,))
('K.360 KernScores', 'P1', 2, (2, 5), (35,), (2.0,), (35,), (2.75,))
('K.360 KernScores', 'P1', 2, (17, 20), (39,), (2.0,), (39,), (2.75,))
('K.360 KernScores', 'P1', 2, (49, 52), (87,), (2.0,), (87,), (2.75,))
('K.360 KernScores', 'P1', 2, (65, 68), (91,), (2.0,), (91,), (2.75,))
('K.360 KernScores', 'P2', 1, (4, 7), (6,), (2.0,), (6,), (2.75,))
('K.360 KernScores', 'P2', 1, (16, 19), (8,), (2.0,), (8,), (2.75,))

30.    ((2, -8), (0.25, 0.25), (1, 1), (0.5, 0.75)):
('K.360 KernScores', 'P1', 1, (217, 219), (45,), (1.5,), (45,), (1.75,))
('K.360 KernScores', 'P1', 1, (223, 225), (46,), (1.5,), (46,), (1.75,))
('K.360 KernScores', 'P1', 1, (232, 234), (48,), (1.5,), (48,), (1.75,))
('K.360 KernScores', 'P1', 1, (238, 240), (49,), (1.5,), (49,), (1.75,))
('K.360 KernScores', 'P2', 1, (256, 258), (97,), (1.5,), (97,), (1.75,))
('K.360 KernScores', 'P2', 1, (262, 264), (98,), (1.5,), (98,), (1.75,))
('K.360 KernScores', 'P2', 1, (274, 276), (101,), (1.5,), (101,), (1.75,))
('K.360 KernScores', 'P2', 1, (280, 282), (102,), (1.5,), (102,), (1.75,))

31.    ((2, 2), (0.5, 0.25), (1, 1), (0.0, 0.5)):
('K.360 KernScores', 'P1', 1, (222, 224), (46,), (1.0,), (46,), (1.5,))
('K.360 KernScores', 'P1', 1, (237, 239), (49,), (1.0,), (49,), (1.5,))
('K.360 KernScores', 'P1', 2, (5, 7), (36,), (1.0,), (36,), (1.5,))
('K.360 KernScores', 'P1', 2, (20, 22), (40,), (1.0,), (40,), (1.5,))
('K.360 KernScores', 'P1', 2, (52, 54), (88,), (1.0,), (88,), (1.5,))
('K.360 KernScores', 'P1', 2, (68, 70), (92,), (1.0,), (92,), (1.5,))

32.    ((5, -3), (0.5, 0.25), (1, 1), (0.0, 0.5)):
('K.360 KernScores', 'P1', 1, (6, 8), (3,), (1.0,), (3,), (1.5,))
('K.360 KernScores', 'P1', 1, (99, 101), (21,), (1.0,), (21,), (1.5,))
('K.360 KernScores', 'P1', 1, (484, 486), (106,), (1.0,), (106,), (1.5,))
('K.360 KernScores', 'P1', 1, (491, 493), (107,), (1.0,), (107,), (1.5,))
('K.360 KernScores', 'P1', 2, (89, 91), (105,), (1.0,), (105,), (1.5,))
('K.360 KernScores', 'P2', 1, (7, 9), (7,), (1.0,), (7,), (1.5,))

33.    ((2, -8), (0.25, 0.25), (2, 2), (0.5, 0.75)):
('K.360 KernScores', 'P1', 1, (220, 222), (45,), (2.5,), (45,), (2.75,))
('K.360 KernScores', 'P1', 1, (235, 237), (48,), (2.5,), (48,), (2.75,))
('K.360 KernScores', 'P2', 1, (259, 261), (97,), (2.5,), (97,), (2.75,))
('K.360 KernScores', 'P2', 1, (265, 267), (98,), (2.5,), (98,), (2.75,))
('K.360 KernScores', 'P2', 1, (277, 279), (101,), (2.5,), (101,), (2.75,))
('K.360 KernScores', 'P2', 1, (283, 285), (102,), (2.5,), (102,), (2.75,))

34.    ((2, -5), (1.0, 1.0), (1, 2), (0.0, 0.0)):
('K.360 KernScores', 'P1', 1, (295, 297), (64,), (1.0,), (64,), (2.0,))
('K.360 KernScores', 'P2', 1, (95, 97), (26,), (1.0,), (26,), (2.0,))
('K.360 KernScores', 'P2', 1, (123, 125), (40,), (1.0,), (40,), (2.0,))
('K.360 KernScores', 'P2', 1, (237, 239), (88,), (1.0,), (88,), (2.0,))
('K.360 KernScores', 'P2', 1, (245, 247), (92,), (1.0,), (92,), (2.0,))
('K.360 KernScores', 'P2', 1, (253, 255), (96,), (1.0,), (96,), (2.0,))

35.    ((6, -6), (0.5, 0.25), (2, 2), (0.0, 0.5)):
('K.360 KernScores', 'P1', 1, (195, 197), (41,), (2.0,), (41,), (2.5,))
('K.360 KernScores', 'P1', 1, (201, 203), (42,), (2.0,), (42,), (2.5,))
('K.360 KernScores', 'P1', 1, (316, 318), (69,), (2.0,), (69,), (2.5,))
('K.360 KernScores', 'P1', 1, (437, 439), (94,), (2.0,), (94,), (2.5,))
('K.360 KernScores', 'P1', 2, (76, 78), (93,), (2.0,), (93,), (2.5,))

36.    ((-6, 2), (1.0, 1.0), (1, 2), (0.0, 0.0)):
('K.360 KernScores', 'P1', 1, (299, 301), (66,), (1.0,), (66,), (2.0,))
('K.360 KernScores', 'P2', 1, (113, 115), (35,), (1.0,), (35,), (2.0,))
('K.360 KernScores', 'P2', 1, (121, 123), (39,), (1.0,), (39,), (2.0,))
('K.360 KernScores', 'P2', 1, (235, 237), (87,), (1.0,), (87,), (2.0,))
('K.360 KernScores', 'P2', 1, (243, 245), (91,), (1.0,), (91,), (2.0,))

37.    ((-3, 2), (0.25, 0.25), (2, 2), (0.5, 0.75)):
('K.360 KernScores', 'P1', 1, (482, 484), (105,), (2.5,), (105,), (2.75,))
('K.360 KernScores', 'P1', 1, (489, 491), (106,), (2.5,), (106,), (2.75,))
('K.360 KernScores', 'P1', 2, (32, 34), (51,), (2.5,), (51,), (2.75,))
('K.360 KernScores', 'P1', 2, (37, 39), (52,), (2.5,), (52,), (2.75,))

38.    ((2, 2), (0.5, 0.5), (2, 2), (0.0, 0.5)):
('K.360 KernScores', 'P1', 1, (34, 36), (8,), (2.0,), (8,), (2.5,))
('K.360 KernScores', 'P2', 1, (20, 22), (9,), (2.0,), (9,), (2.5,))
('K.360 KernScores', 'P2', 1, (27, 29), (11,), (2.0,), (11,), (2.5,))

39.    ((1, -2), (1.0, 1.0), (2, 1), (0.0, 0.0)):
('K.360 KernScores', 'P1', 1, (414, 416), (87,), (2.0,), (88,), (1.0,))
('K.360 KernScores', 'P2', 1, (150, 152), (57,), (2.0,), (58,), (1.0,))
('K.360 KernScores', 'P2', 1, (154, 156), (59,), (2.0,), (60,), (1.0,))

40.    ((1, 1), (1.0, 1.0), (2, 1), (0.0, 0.0)):
('K.360 KernScores', 'P1', 1, (32, 34), (7,), (2.0,), (8,), (1.0,))
('K.360 KernScores', 'P1', 2, (63, 65), (90,), (2.0,), (91,), (1.0,))

41.    ((2, 3), (1.0, 0.5), (2, 1), (0.0, 0.0)):
('K.360 KernScores', 'P1', 1, (191, 193), (40,), (2.0,), (41,), (1.0,))
('K.360 KernScores', 'P2', 1, (62, 64), (18,), (2.0,), (19,), (1.0,))

42.    ((-2, 2), (0.5, 1.5), (2, 1), (0.5, 0.0)):
('K.360 KernScores', 'P1', 2, (92, 94), (105,), (2.5,), (106,), (1.0,))
('K.360 KernScores', 'P1', 2, (94, 96), (106,), (2.5,), (107,), (1.0,))

43.    (((6, -13), 4), ((0.0, 3.0), 2.0), (2, 1), (0.0, 0.0)):
('K.360 KernScores', 'P2', 1, (134, 136), (45,), (2.0,), (47,), (1.0,))
('K.360 KernScores', 'P2', 1, (137, 139), (48,), (2.0,), (50,), (1.0,))

44.    ((1, 2), (1.5, 0.25), (1, 2), (0.0, 0.5)):
('K.360 KernScores', 'P2', 2, (0, 2), (46,), (1.0,), (46,), (2.5,))
('K.360 KernScores', 'P2', 2, (3, 5), (49,), (1.0,), (49,), (2.5,))

45.    ((2, 1), (2.0, 2.0), (1, 1), (0.0, 0.0)):
('K.360 KernScores', 'P2', 2, (6, 8), (56,), (1.0,), (57,), (1.0,))
('K.360 KernScores', 'P2', 2, (8, 10), (58,), (1.0,), (59,), (1.0,))

46.    ((-3,), (0.25,), (2,), (0.5,)):
('K.360 KernScores', 'P1', 1, (10, 11), (3,), (2.5,), (3,), (2.5,))
('K.360 KernScores', 'P1', 1, (40, 41), (9,), (2.5,), (9,), (2.5,))
('K.360 KernScores', 'P1', 1, (53, 54), (11,), (2.5,), (11,), (2.5,))
('K.360 KernScores', 'P1', 1, (80, 81), (17,), (2.5,), (17,), (2.5,))
('K.360 KernScores', 'P1', 1, (92, 93), (19,), (2.5,), (19,), (2.5,))
('K.360 KernScores', 'P1', 1, (103, 104), (21,), (2.5,), (21,), (2.5,))
('K.360 KernScores', 'P1', 1, (115, 116), (23,), (2.5,), (23,), (2.5,))
('K.360 KernScores', 'P1', 1, (128, 129), (25,), (2.5,), (25,), (2.5,))
('K.360 KernScores', 'P1', 1, (150, 151), (30,), (2.5,), (30,), (2.5,))
('K.360 KernScores', 'P1', 1, (160, 161), (32,), (2.5,), (32,), (2.5,))
('K.360 KernScores', 'P1', 1, (257, 258), (55,), (2.5,), (55,), (2.5,))
('K.360 KernScores', 'P1', 1, (263, 264), (56,), (2.5,), (56,), (2.5,))
('K.360 KernScores', 'P1', 1, (267, 268), (57,), (2.5,), (57,), (2.5,))
('K.360 KernScores', 'P1', 1, (273, 274), (58,), (2.5,), (58,), (2.5,))
('K.360 KernScores', 'P1', 1, (277, 278), (59,), (2.5,), (59,), (2.5,))
('K.360 KernScores', 'P1', 1, (283, 284), (60,), (2.5,), (60,), (2.5,))
('K.360 KernScores', 'P1', 1, (341, 342), (73,), (2.5,), (73,), (2.5,))
('K.360 KernScores', 'P1', 1, (354, 355), (75,), (2.5,), (75,), (2.5,))
('K.360 KernScores', 'P1', 1, (363, 364), (77,), (2.5,), (77,), (2.5,))
('K.360 KernScores', 'P1', 1, (388, 389), (82,), (2.5,), (82,), (2.5,))
('K.360 KernScores', 'P1', 1, (398, 399), (84,), (2.5,), (84,), (2.5,))
('K.360 KernScores', 'P1', 1, (482, 483), (105,), (2.5,), (105,), (2.5,))
('K.360 KernScores', 'P1', 1, (489, 490), (106,), (2.5,), (106,), (2.5,))
('K.360 KernScores', 'P1', 1, (496, 497), (107,), (2.5,), (107,), (2.5,))
('K.360 KernScores', 'P1', 2, (32, 33), (51,), (2.5,), (51,), (2.5,))
('K.360 KernScores', 'P1', 2, (37, 38), (52,), (2.5,), (52,), (2.5,))
('K.360 KernScores', 'P1', 2, (42, 43), (53,), (2.5,), (53,), (2.5,))
('K.360 KernScores', 'P2', 1, (11, 12), (7,), (2.5,), (7,), (2.5,))
('K.360 KernScores', 'P2', 1, (37, 38), (13,), (2.5,), (13,), (2.5,))
('K.360 KernScores', 'P2', 1, (50, 51), (15,), (2.5,), (15,), (2.5,))
('K.360 KernScores', 'P2', 1, (67, 68), (19,), (2.5,), (19,), (2.5,))
('K.360 KernScores', 'P2', 1, (80, 81), (21,), (2.5,), (21,), (2.5,))
('K.360 KernScores', 'P2', 1, (165, 166), (63,), (2.5,), (63,), (2.5,))
('K.360 KernScores', 'P2', 1, (178, 179), (65,), (2.5,), (65,), (2.5,))
('K.360 KernScores', 'P2', 1, (208, 209), (75,), (2.5,), (75,), (2.5,))

47.    ((-3,), (0.25,), (1,), (0.5,)):
('K.360 KernScores', 'P1', 1, (37, 38), (9,), (1.5,), (9,), (1.5,))
('K.360 KernScores', 'P1', 1, (50, 51), (11,), (1.5,), (11,), (1.5,))
('K.360 KernScores', 'P1', 1, (77, 78), (17,), (1.5,), (17,), (1.5,))
('K.360 KernScores', 'P1', 1, (83, 84), (18,), (1.5,), (18,), (1.5,))
('K.360 KernScores', 'P1', 1, (89, 90), (19,), (1.5,), (19,), (1.5,))
('K.360 KernScores', 'P1', 1, (112, 113), (23,), (1.5,), (23,), (1.5,))
('K.360 KernScores', 'P1', 1, (125, 126), (25,), (1.5,), (25,), (1.5,))
('K.360 KernScores', 'P1', 1, (199, 200), (42,), (1.5,), (42,), (1.5,))
('K.360 KernScores', 'P1', 1, (205, 206), (43,), (1.5,), (43,), (1.5,))
('K.360 KernScores', 'P1', 1, (212, 213), (44,), (1.5,), (44,), (1.5,))
('K.360 KernScores', 'P1', 1, (248, 249), (52,), (1.5,), (52,), (1.5,))
('K.360 KernScores', 'P1', 1, (252, 253), (53,), (1.5,), (53,), (1.5,))
('K.360 KernScores', 'P1', 1, (260, 261), (56,), (1.5,), (56,), (1.5,))
('K.360 KernScores', 'P1', 1, (270, 271), (58,), (1.5,), (58,), (1.5,))
('K.360 KernScores', 'P1', 1, (280, 281), (60,), (1.5,), (60,), (1.5,))
('K.360 KernScores', 'P1', 1, (338, 339), (73,), (1.5,), (73,), (1.5,))
('K.360 KernScores', 'P1', 1, (351, 352), (75,), (1.5,), (75,), (1.5,))
('K.360 KernScores', 'P1', 1, (360, 361), (77,), (1.5,), (77,), (1.5,))
('K.360 KernScores', 'P1', 1, (435, 436), (94,), (1.5,), (94,), (1.5,))
('K.360 KernScores', 'P1', 1, (441, 442), (95,), (1.5,), (95,), (1.5,))
('K.360 KernScores', 'P1', 1, (448, 449), (96,), (1.5,), (96,), (1.5,))
('K.360 KernScores', 'P1', 1, (462, 463), (100,), (1.5,), (100,), (1.5,))
('K.360 KernScores', 'P1', 1, (476, 477), (104,), (1.5,), (104,), (1.5,))
('K.360 KernScores', 'P1', 2, (28, 29), (51,), (1.5,), (51,), (1.5,))
('K.360 KernScores', 'P2', 1, (34, 35), (13,), (1.5,), (13,), (1.5,))
('K.360 KernScores', 'P2', 1, (47, 48), (15,), (1.5,), (15,), (1.5,))
('K.360 KernScores', 'P2', 1, (64, 65), (19,), (1.5,), (19,), (1.5,))
('K.360 KernScores', 'P2', 1, (77, 78), (21,), (1.5,), (21,), (1.5,))
('K.360 KernScores', 'P2', 1, (162, 163), (63,), (1.5,), (63,), (1.5,))
('K.360 KernScores', 'P2', 1, (175, 176), (65,), (1.5,), (65,), (1.5,))
('K.360 KernScores', 'P2', 1, (205, 206), (75,), (1.5,), (75,), (1.5,))

48.    ((2,), (0.5,), (1,), (0.0,)):
('K.360 KernScores', 'P1', 1, (152, 153), (31,), (1.0,), (31,), (1.0,))
('K.360 KernScores', 'P1', 1, (162, 163), (33,), (1.0,), (33,), (1.0,))
('K.360 KernScores', 'P1', 1, (178, 179), (37,), (1.0,), (37,), (1.0,))
('K.360 KernScores', 'P1', 1, (198, 199), (42,), (1.0,), (42,), (1.0,))
('K.360 KernScores', 'P1', 1, (204, 205), (43,), (1.0,), (43,), (1.0,))
('K.360 KernScores', 'P1', 1, (222, 223), (46,), (1.0,), (46,), (1.0,))
('K.360 KernScores', 'P1', 1, (237, 238), (49,), (1.0,), (49,), (1.0,))
('K.360 KernScores', 'P1', 1, (285, 286), (61,), (1.0,), (61,), (1.0,))
('K.360 KernScores', 'P1', 1, (390, 391), (83,), (1.0,), (83,), (1.0,))
('K.360 KernScores', 'P1', 1, (400, 401), (85,), (1.0,), (85,), (1.0,))
('K.360 KernScores', 'P1', 1, (417, 418), (89,), (1.0,), (89,), (1.0,))
('K.360 KernScores', 'P1', 1, (434, 435), (94,), (1.0,), (94,), (1.0,))
('K.360 KernScores', 'P1', 1, (440, 441), (95,), (1.0,), (95,), (1.0,))
('K.360 KernScores', 'P1', 2, (5, 6), (36,), (1.0,), (36,), (1.0,))
('K.360 KernScores', 'P1', 2, (20, 21), (40,), (1.0,), (40,), (1.0,))
('K.360 KernScores', 'P1', 2, (52, 53), (88,), (1.0,), (88,), (1.0,))
('K.360 KernScores', 'P1', 2, (68, 69), (92,), (1.0,), (92,), (1.0,))
('K.360 KernScores', 'P2', 1, (22, 23), (10,), (1.0,), (10,), (1.0,))
('K.360 KernScores', 'P2', 1, (29, 30), (12,), (1.0,), (12,), (1.0,))
('K.360 KernScores', 'P2', 1, (200, 201), (74,), (1.0,), (74,), (1.0,))

49.    ((2,), (0.25,), (1,), (0.5,)):
('K.360 KernScores', 'P1', 1, (217, 218), (45,), (1.5,), (45,), (1.5,))
('K.360 KernScores', 'P1', 1, (223, 224), (46,), (1.5,), (46,), (1.5,))
('K.360 KernScores', 'P1', 1, (227, 228), (47,), (1.5,), (47,), (1.5,))
('K.360 KernScores', 'P1', 1, (232, 233), (48,), (1.5,), (48,), (1.5,))
('K.360 KernScores', 'P1', 1, (238, 239), (49,), (1.5,), (49,), (1.5,))
('K.360 KernScores', 'P1', 1, (242, 243), (50,), (1.5,), (50,), (1.5,))
('K.360 KernScores', 'P1', 2, (6, 7), (36,), (1.5,), (36,), (1.5,))
('K.360 KernScores', 'P1', 2, (21, 22), (40,), (1.5,), (40,), (1.5,))
('K.360 KernScores', 'P1', 2, (53, 54), (88,), (1.5,), (88,), (1.5,))
('K.360 KernScores', 'P1', 2, (69, 70), (92,), (1.5,), (92,), (1.5,))
('K.360 KernScores', 'P2', 1, (256, 257), (97,), (1.5,), (97,), (1.5,))
('K.360 KernScores', 'P2', 1, (262, 263), (98,), (1.5,), (98,), (1.5,))
('K.360 KernScores', 'P2', 1, (274, 275), (101,), (1.5,), (101,), (1.5,))
('K.360 KernScores', 'P2', 1, (280, 281), (102,), (1.5,), (102,), (1.5,))

50.    ((2,), (0.25,), (2,), (0.5,)):
('K.360 KernScores', 'P1', 1, (22, 23), (5,), (2.5,), (5,), (2.5,))
('K.360 KernScores', 'P1', 1, (109, 110), (22,), (2.5,), (22,), (2.5,))
('K.360 KernScores', 'P1', 1, (170, 171), (34,), (2.5,), (34,), (2.5,))
('K.360 KernScores', 'P1', 1, (184, 185), (38,), (2.5,), (38,), (2.5,))
('K.360 KernScores', 'P1', 1, (220, 221), (45,), (2.5,), (45,), (2.5,))
('K.360 KernScores', 'P1', 1, (235, 236), (48,), (2.5,), (48,), (2.5,))
('K.360 KernScores', 'P1', 1, (408, 409), (86,), (2.5,), (86,), (2.5,))
('K.360 KernScores', 'P1', 1, (423, 424), (90,), (2.5,), (90,), (2.5,))
('K.360 KernScores', 'P2', 1, (259, 260), (97,), (2.5,), (97,), (2.5,))
('K.360 KernScores', 'P2', 1, (265, 266), (98,), (2.5,), (98,), (2.5,))
('K.360 KernScores', 'P2', 1, (277, 278), (101,), (2.5,), (101,), (2.5,))
('K.360 KernScores', 'P2', 1, (283, 284), (102,), (2.5,), (102,), (2.5,))
('K.360 KernScores', 'P2', 2, (1, 2), (46,), (2.5,), (46,), (2.5,))
('K.360 KernScores', 'P2', 2, (4, 5), (49,), (2.5,), (49,), (2.5,))

51.    ((2,), (0.5,), (2,), (0.5,)):
('K.360 KernScores', 'P1', 1, (68, 69), (14,), (2.5,), (14,), (2.5,))
('K.360 KernScores', 'P1', 1, (98, 99), (20,), (2.5,), (20,), (2.5,))
('K.360 KernScores', 'P1', 1, (215, 216), (44,), (2.5,), (44,), (2.5,))
('K.360 KernScores', 'P1', 1, (451, 452), (96,), (2.5,), (96,), (2.5,))
('K.360 KernScores', 'P2', 1, (25, 26), (10,), (2.5,), (10,), (2.5,))
('K.360 KernScores', 'P2', 1, (60, 61), (17,), (2.5,), (17,), (2.5,))
('K.360 KernScores', 'P2', 1, (90, 91), (23,), (2.5,), (23,), (2.5,))
('K.360 KernScores', 'P2', 1, (94, 95), (25,), (2.5,), (25,), (2.5,))
('K.360 KernScores', 'P2', 1, (218, 219), (77,), (2.5,), (77,), (2.5,))
('K.360 KernScores', 'P2', 1, (268, 269), (99,), (2.5,), (99,), (2.5,))
('K.360 KernScores', 'P2', 1, (286, 287), (103,), (2.5,), (103,), (2.5,))

52.    ((2,), (1.0,), (2,), (0.0,)):
('K.360 KernScores', 'P1', 1, (177, 178), (36,), (2.0,), (36,), (2.0,))
('K.360 KernScores', 'P1', 1, (292, 293), (62,), (2.0,), (62,), (2.0,))
('K.360 KernScores', 'P1', 1, (416, 417), (88,), (2.0,), (88,), (2.0,))
('K.360 KernScores', 'P1', 1, (430, 431), (92,), (2.0,), (92,), (2.0,))
('K.360 KernScores', 'P2', 1, (92, 93), (24,), (2.0,), (24,), (2.0,))
('K.360 KernScores', 'P2', 1, (112, 113), (34,), (2.0,), (34,), (2.0,))
('K.360 KernScores', 'P2', 1, (120, 121), (38,), (2.0,), (38,), (2.0,))
('K.360 KernScores', 'P2', 1, (160, 161), (62,), (2.0,), (62,), (2.0,))
('K.360 KernScores', 'P2', 1, (220, 221), (78,), (2.0,), (78,), (2.0,))
('K.360 KernScores', 'P2', 1, (234, 235), (86,), (2.0,), (86,), (2.0,))
('K.360 KernScores', 'P2', 1, (242, 243), (90,), (2.0,), (90,), (2.0,))

53.    ((6,), (0.5,), (2,), (0.0,)):
('K.360 KernScores', 'P1', 1, (9, 10), (3,), (2.0,), (3,), (2.0,))
('K.360 KernScores', 'P1', 1, (195, 196), (41,), (2.0,), (41,), (2.0,))
('K.360 KernScores', 'P1', 1, (201, 202), (42,), (2.0,), (42,), (2.0,))
('K.360 KernScores', 'P1', 1, (207, 208), (43,), (2.0,), (43,), (2.0,))
('K.360 KernScores', 'P1', 1, (316, 317), (69,), (2.0,), (69,), (2.0,))
('K.360 KernScores', 'P1', 1, (437, 438), (94,), (2.0,), (94,), (2.0,))
('K.360 KernScores', 'P1', 1, (443, 444), (95,), (2.0,), (95,), (2.0,))
('K.360 KernScores', 'P1', 2, (76, 77), (93,), (2.0,), (93,), (2.0,))
('K.360 KernScores', 'P2', 1, (10, 11), (7,), (2.0,), (7,), (2.0,))

54.    (((6, -2),), ((0.0, 1.0),), (2,), (0.0,)):
('K.360 KernScores', 'P1', 1, (453, 454), (97,), (2.0,), (97,), (2.0,))
('K.360 KernScores', 'P1', 1, (467, 468), (101,), (2.0,), (101,), (2.0,))
('K.360 KernScores', 'P2', 1, (105, 106), (30,), (2.0,), (30,), (2.0,))
('K.360 KernScores', 'P2', 1, (108, 109), (32,), (2.0,), (32,), (2.0,))
('K.360 KernScores', 'P2', 1, (126, 127), (41,), (2.0,), (41,), (2.0,))
('K.360 KernScores', 'P2', 1, (128, 129), (42,), (2.0,), (42,), (2.0,))
('K.360 KernScores', 'P2', 1, (192, 193), (69,), (2.0,), (69,), (2.0,))
('K.360 KernScores', 'P2', 1, (227, 228), (82,), (2.0,), (82,), (2.0,))
('K.360 KernScores', 'P2', 1, (230, 231), (84,), (2.0,), (84,), (2.0,))

55.    ((-2,), (1.0,), (1,), (0.0,)):
('K.360 KernScores', 'P1', 1, (415, 416), (88,), (1.0,), (88,), (1.0,))
('K.360 KernScores', 'P1', 2, (0, 1), (34,), (1.0,), (34,), (1.0,))
('K.360 KernScores', 'P1', 2, (15, 16), (38,), (1.0,), (38,), (1.0,))
('K.360 KernScores', 'P1', 2, (47, 48), (86,), (1.0,), (86,), (1.0,))
('K.360 KernScores', 'P1', 2, (62, 63), (90,), (1.0,), (90,), (1.0,))
('K.360 KernScores', 'P2', 1, (147, 148), (56,), (1.0,), (56,), (1.0,))
('K.360 KernScores', 'P2', 1, (151, 152), (58,), (1.0,), (58,), (1.0,))
('K.360 KernScores', 'P2', 1, (155, 156), (60,), (1.0,), (60,), (1.0,))

56.    ((-2,), (1.0,), (2,), (0.0,)):
('K.360 KernScores', 'P1', 1, (28, 29), (6,), (2.0,), (6,), (2.0,))
('K.360 KernScores', 'P2', 1, (110, 111), (33,), (2.0,), (33,), (2.0,))
('K.360 KernScores', 'P2', 1, (118, 119), (37,), (2.0,), (37,), (2.0,))
('K.360 KernScores', 'P2', 1, (148, 149), (56,), (2.0,), (56,), (2.0,))
('K.360 KernScores', 'P2', 1, (152, 153), (58,), (2.0,), (58,), (2.0,))
('K.360 KernScores', 'P2', 1, (232, 233), (85,), (2.0,), (85,), (2.0,))
('K.360 KernScores', 'P2', 1, (240, 241), (89,), (2.0,), (89,), (2.0,))
('K.360 KernScores', 'P2', 1, (248, 249), (93,), (2.0,), (93,), (2.0,))

57.    ((4,), (1.0,), (1,), (0.0,)):
('K.360 KernScores', 'P1', 2, (79, 80), (99,), (1.0,), (99,), (1.0,))
('K.360 KernScores', 'P1', 2, (84, 85), (103,), (1.0,), (103,), (1.0,))
('K.360 KernScores', 'P2', 1, (111, 112), (34,), (1.0,), (34,), (1.0,))
('K.360 KernScores', 'P2', 1, (119, 120), (38,), (1.0,), (38,), (1.0,))
('K.360 KernScores', 'P2', 1, (149, 150), (57,), (1.0,), (57,), (1.0,))
('K.360 KernScores', 'P2', 1, (153, 154), (59,), (1.0,), (59,), (1.0,))
('K.360 KernScores', 'P2', 1, (233, 234), (86,), (1.0,), (86,), (1.0,))
('K.360 KernScores', 'P2', 1, (241, 242), (90,), (1.0,), (90,), (1.0,))

58.    ((2,), (1.5,), (1,), (0.0,)):
('K.360 KernScores', 'P1', 2, (93, 94), (106,), (1.0,), (106,), (1.0,))
('K.360 KernScores', 'P1', 2, (95, 96), (107,), (1.0,), (107,), (1.0,))
('K.360 KernScores', 'P2', 1, (59, 60), (17,), (1.0,), (17,), (1.0,))
('K.360 KernScores', 'P2', 1, (89, 90), (23,), (1.0,), (23,), (1.0,))
('K.360 KernScores', 'P2', 1, (217, 218), (77,), (1.0,), (77,), (1.0,))
('K.360 KernScores', 'P2', 2, (11, 12), (73,), (1.0,), (73,), (1.0,))

59.    ((1,), (1.0,), (1,), (0.0,)):
('K.360 KernScores', 'P1', 1, (31, 32), (7,), (1.0,), (7,), (1.0,))
('K.360 KernScores', 'P1', 1, (33, 34), (8,), (1.0,), (8,), (1.0,))
('K.360 KernScores', 'P1', 1, (297, 298), (65,), (1.0,), (65,), (1.0,))
('K.360 KernScores', 'P1', 2, (64, 65), (91,), (1.0,), (91,), (1.0,))
('K.360 KernScores', 'P2', 1, (187, 188), (67,), (1.0,), (67,), (1.0,))

60.    ((1,), (1.0,), (2,), (0.0,)):
('K.360 KernScores', 'P1', 1, (32, 33), (7,), (2.0,), (7,), (2.0,))
('K.360 KernScores', 'P1', 1, (414, 415), (87,), (2.0,), (87,), (2.0,))
('K.360 KernScores', 'P1', 2, (63, 64), (90,), (2.0,), (90,), (2.0,))
('K.360 KernScores', 'P2', 1, (150, 151), (57,), (2.0,), (57,), (2.0,))
('K.360 KernScores', 'P2', 1, (154, 155), (59,), (2.0,), (59,), (2.0,))

61.    ((3,), (0.5,), (1,), (0.0,)):
('K.360 KernScores', 'P1', 1, (62, 63), (13,), (1.0,), (13,), (1.0,))
('K.360 KernScores', 'P1', 1, (66, 67), (14,), (1.0,), (14,), (1.0,))
('K.360 KernScores', 'P1', 1, (73, 74), (16,), (1.0,), (16,), (1.0,))
('K.360 KernScores', 'P2', 1, (261, 262), (98,), (1.0,), (98,), (1.0,))
('K.360 KernScores', 'P2', 1, (279, 280), (102,), (1.0,), (102,), (1.0,))

62.    ((1,), (0.25,), (2,), (0.5,)):
('K.360 KernScores', 'P1', 1, (164, 165), (33,), (2.5,), (33,), (2.5,))
('K.360 KernScores', 'P1', 1, (402, 403), (85,), (2.5,), (85,), (2.5,))
('K.360 KernScores', 'P1', 2, (13, 14), (37,), (2.5,), (37,), (2.5,))
('K.360 KernScores', 'P1', 2, (60, 61), (89,), (2.5,), (89,), (2.5,))

63.    ((-4,), (0.25,), (2,), (0.75,)):
('K.360 KernScores', 'P1', 1, (11, 12), (3,), (2.75,), (3,), (2.75,))
('K.360 KernScores', 'P1', 2, (14, 15), (37,), (2.75,), (37,), (2.75,))
('K.360 KernScores', 'P1', 2, (61, 62), (89,), (2.75,), (89,), (2.75,))
('K.360 KernScores', 'P2', 1, (12, 13), (7,), (2.75,), (7,), (2.75,))

64.    ((5,), (1.0,), (1,), (0.0,)):
('K.360 KernScores', 'P1', 1, (452, 453), (97,), (1.0,), (97,), (1.0,))
('K.360 KernScores', 'P1', 1, (466, 467), (101,), (1.0,), (101,), (1.0,))
('K.360 KernScores', 'P1', 2, (75, 76), (93,), (1.0,), (93,), (1.0,))
('K.360 KernScores', 'P2', 1, (239, 240), (89,), (1.0,), (89,), (1.0,))

65.    ((3,), (0.5,), (2,), (0.0,)):
('K.360 KernScores', 'P1', 1, (64, 65), (13,), (2.0,), (13,), (2.0,))
('K.360 KernScores', 'P1', 1, (71, 72), (15,), (2.0,), (15,), (2.0,))
('K.360 KernScores', 'P2', 1, (24, 25), (10,), (2.0,), (10,), (2.0,))
('K.360 KernScores', 'P2', 1, (31, 32), (12,), (2.0,), (12,), (2.0,))

66.    (((6, 1),), ((0.0, 2.0),), (1,), (0.0,)):
('K.360 KernScores', 'P1', 1, (255, 256), (54,), (1.0,), (54,), (1.0,))
('K.360 KernScores', 'P2', 1, (106, 107), (31,), (1.0,), (31,), (1.0,))
('K.360 KernScores', 'P2', 1, (228, 229), (83,), (1.0,), (83,), (1.0,))

67.    ((6,), (0.5,), (1,), (0.0,)):
('K.360 KernScores', 'P1', 1, (313, 314), (69,), (1.0,), (69,), (1.0,))
('K.360 KernScores', 'P1', 1, (319, 320), (70,), (1.0,), (70,), (1.0,))
('K.360 KernScores', 'P2', 1, (13, 14), (8,), (1.0,), (8,), (1.0,))

68.    ((3,), (1.0,), (1,), (0.0,)):
('K.360 KernScores', 'P1', 2, (34, 35), (52,), (1.0,), (52,), (1.0,))
('K.360 KernScores', 'P1', 2, (39, 40), (53,), (1.0,), (53,), (1.0,))
('K.360 KernScores', 'P2', 1, (133, 134), (45,), (1.0,), (45,), (1.0,))

69.    (((6, 2),), ((0.0, 1.0),), (2,), (0.0,)):
('K.360 KernScores', 'P2', 1, (130, 131), (43,), (2.0,), (43,), (2.0,))
('K.360 KernScores', 'P2', 1, (158, 159), (61,), (2.0,), (61,), (2.0,))
('K.360 KernScores', 'P2', 1, (252, 253), (95,), (2.0,), (95,), (2.0,))

70.    ((1,), (2.0,), (1,), (0.0,)):
('K.360 KernScores', 'P2', 1, (145, 146), (54,), (1.0,), (54,), (1.0,))
('K.360 KernScores', 'P2', 2, (7, 8), (57,), (1.0,), (57,), (1.0,))
('K.360 KernScores', 'P2', 2, (9, 10), (59,), (1.0,), (59,), (1.0,))

71.    ((2,), (0.0,), (1,), (0.0,)):
('K.360 KernScores', 'P1', 1, (29, 30), (7,), (1.0,), (7,), (1.0,))
('K.360 KernScores', 'P1', 1, (30, 31), (7,), (1.0,), (7,), (1.0,))

72.    ((1,), (0.5,), (1,), (0.0,)):
('K.360 KernScores', 'P1', 1, (379, 380), (80,), (1.0,), (80,), (1.0,))
('K.360 KernScores', 'P1', 1, (431, 432), (93,), (1.0,), (93,), (1.0,))

73.    ((10,), (0.5,), (1,), (0.0,)):
('K.360 KernScores', 'P1', 1, (325, 326), (71,), (1.0,), (71,), (1.0,))
('K.360 KernScores', 'P1', 2, (27, 28), (51,), (1.0,), (51,), (1.0,))

74.    ((-3,), (1.0,), (2,), (0.0,)):
('K.360 KernScores', 'P1', 1, (1, 2), (1,), (2.0,), (1,), (2.0,))
('K.360 KernScores', 'P2', 1, (2, 3), (5,), (2.0,), (5,), (2.0,))

75.    ((-3,), (1.0,), (1,), (0.0,)):
('K.360 KernScores', 'P1', 1, (2, 3), (2,), (1.0,), (2,), (1.0,))
('K.360 KernScores', 'P2', 1, (1, 2), (5,), (1.0,), (5,), (1.0,))

76.    ((-5,), (1.0,), (2,), (0.0,)):
('K.360 KernScores', 'P1', 1, (294, 295), (63,), (2.0,), (63,), (2.0,))
('K.360 KernScores', 'P2', 1, (132, 133), (44,), (2.0,), (44,), (2.0,))

77.    ((-5,), (1.0,), (1,), (0.0,)):
('K.360 KernScores', 'P2', 1, (3, 4), (6,), (1.0,), (6,), (1.0,))
('K.360 KernScores', 'P2', 1, (249, 250), (94,), (1.0,), (94,), (1.0,))

78.    (((8, 3),), ((0.0, 1.0),), (1,), (0.0,)):
('K.360 KernScores', 'P2', 1, (125, 126), (41,), (1.0,), (41,), (1.0,))
('K.360 KernScores', 'P2', 1, (129, 130), (43,), (1.0,), (43,), (1.0,))

79.    ((10,), (1.0,), (1,), (0.0,)):
('K.360 KernScores', 'P2', 1, (136, 137), (48,), (1.0,), (48,), (1.0,))
('K.360 KernScores', 'P2', 1, (247, 248), (93,), (1.0,), (93,), (1.0,))

80.    (((5, 1),), ((0.0, 1.0),), (1,), (0.0,)):
('K.360 KernScores', 'P2', 1, (159, 160), (62,), (1.0,), (62,), (1.0,))
('K.360 KernScores', 'P2', 1, (195, 196), (71,), (1.0,), (71,), (1.0,))

81.    (((8, 4),), ((0.0, 1.0),), (2,), (0.0,)):
('K.360 KernScores', 'P2', 1, (194, 195), (70,), (2.0,), (70,), (2.0,))
('K.360 KernScores', 'P2', 1, (250, 251), (94,), (2.0,), (94,), (2.0,))

