1 .    ('nomes', 'K.318 Musescore') 

2 .    ('quantidade', 1) 

3 .    ('analise', 'recorręncias IntDiaDurPcompasso sem contidos e intercalados') 

1 .    (((-2, -2, -2, -2, 2, 8, -2, -2, -2, -2, -2, -2, 2, 2, -2, -2, 2, -2, 2, 1, -2, 2, 4, 1, 2, -2, -2, 1, 2, -2, -2, 1, -5, (6, 8), -2, 1, -2, -2, -2, -2, 2, 1, -2, 2, 1, 2, 4, -4, 2, 2, -5, 2, 2, -4, 2, 2, 2, 4), (1.0, 1.0, 1.0, 1.0, 1.0, 1.0, 1.0, 1.0, 1.0, 1.0, 1.0, 1.0, 1.0, 1.0, 1.0, 1.0, 1.0, 1.0, 1.0, 1.0, 1.0, 1.0, 1.0, 3.0, 3.0, 3.0, 3.0, 3.0, 3.0, 3.0, 3.0, 3.0, 3.0, (0.0, 1.0), 1.0, 1.0, 1.0, 1.0, 1.0, 1.0, 1.0, 1.0, 1.0, 1.0, 1.0, 2.0, 2.0, 1.0, 1.0, 1.0, 1.0, 1.0, 1.0, 1.0, 1.0, 1.0, 1.0, 1.0), (2.0, 3.0, 4.0, 5.0, 6.0, 1.0, 2.0, 3.0, 4.0, 5.0, 6.0, 1.0, 2.0, 3.0, 4.0, 5.0, 6.0, 1.0, 2.0, 3.0, 4.0, 5.0, 6.0, 1.0, 4.0, 1.0, 4.0, 1.0, 4.0, 1.0, 4.0, 1.0, 4.0, 1.0, 2.0, 3.0, 4.0, 5.0, 6.0, 1.0, 2.0, 3.0, 4.0, 5.0, 6.0, 1.0, 3.0, 5.0, 6.0, 1.0, 2.0, 3.0, 4.0, 5.0, 6.0, 1.0, 2.0, 3.0)), [('K.318 Musescore', 'P1', 1, (529, 587), (112, 2.0), (125, 3.0)), ('K.318 Musescore', 'P1', 1, (837, 895), (165, 2.0), (178, 3.0))]) 

2 .    (((-2, -2, 2, 2, 2, 2, 2, 2, -2, -2, -2, -2, -2, -2, 2, 2, 2, 2, 2, 2, -2, -2, -2, -2, -2, -2, 2, 3, -2, -2, -2, -2, -2, -2, -2, -2, -2, -2, 2, 2, 2, 2, 2, 2, -2, -2, -2, -2, -2, -2, 2, 2, 2, 2, 2, 2), (1.0, 1.0, 1.0, 0.5, 0.5, 0.5, 0.5, 0.5, 0.5, 0.5, 0.5, 0.5, 0.5, 0.5, 0.5, 0.5, 0.5, 0.5, 0.5, 0.5, 0.5, 0.5, 0.5, 0.5, 0.5, 0.5, 0.5, 0.5, 0.5, 0.5, 0.5, 0.5, 0.5, 0.5, 0.5, 0.5, 0.5, 0.5, 0.5, 0.5, 0.5, 0.5, 0.5, 0.5, 0.5, 0.5, 0.5, 0.5, 0.5, 0.5, 0.5, 0.5, 0.5, 0.5, 0.5, 0.5), (4.0, 5.0, 6.0, 1.0, 1.5, 2.0, 2.5, 3.0, 3.5, 4.0, 4.5, 5.0, 5.5, 6.0, 6.5, 1.0, 1.5, 2.0, 2.5, 3.0, 3.5, 4.0, 4.5, 5.0, 5.5, 6.0, 6.5, 1.0, 1.5, 2.0, 2.5, 3.0, 3.5, 4.0, 4.5, 5.0, 5.5, 6.0, 6.5, 1.0, 1.5, 2.0, 2.5, 3.0, 3.5, 4.0, 4.5, 5.0, 5.5, 6.0, 6.5, 1.0, 1.5, 2.0, 2.5, 3.0)), [('K.318 Musescore', 'P1', 1, (620, 676), (132, 4.0), (137, 3.0)), ('K.318 Musescore', 'P1', 1, (929, 985), (185, 4.0), (190, 3.0))]) 

3 .    (((8, -2, 1, -2, 1, -2, 1, -2, 1, -2, 2, -2, 2, 2, 2, 2, -2, -2, -2, 1, -2, 2, -2, 2, 2, 2, 2, -2, -2, -2), (0.5, 1.25, 0.25, 0.25, 0.25, 0.25, 0.25, 0.25, 0.25, 0.5, 0.5, 0.5, 0.25, 0.25, 0.5, 0.25, 0.25, 0.5, 0.25, 0.25, 0.5, 0.5, 0.5, 0.25, 0.25, 0.5, 0.25, 0.25, 0.5, 0.25), (1.5, 2.0, 1.25, 1.5, 1.75, 2.0, 2.25, 2.5, 2.75, 1.0, 1.5, 2.0, 2.5, 2.75, 1.0, 1.5, 1.75, 2.0, 2.5, 2.75, 1.0, 1.5, 2.0, 2.5, 2.75, 1.0, 1.5, 1.75, 2.0, 2.5)), [('K.318 Musescore', 'P1', 1, (31, 61), (7, 1.5), (12, 2.5)), ('K.318 Musescore', 'P1', 1, (141, 171), (27, 1.5), (32, 2.5))]) 

4 .    (((-2, 2, 1, -2, 2, -2, -2, 2, 1, -2, 2, 1, -2, 2, 1, -2, 2, -2, (2, -2), 2, 1, -2, 2, 1, -2, 2, 1, -2, 2), (1.0, 1.0, 1.0, 1.0, 1.0, 1.0, 1.0, 1.0, 1.0, 1.0, 1.0, 1.0, 1.0, 1.0, 1.0, 1.0, 1.0, 1.0, (0.0, 1.0), 1.0, 1.0, 1.0, 1.0, 1.0, 1.0, 1.0, 1.0, 1.0, 1.0), (1.0, 2.0, 3.0, 4.0, 5.0, 6.0, 1.0, 2.0, 3.0, 4.0, 5.0, 6.0, 1.0, 2.0, 3.0, 4.0, 5.0, 6.0, 1.0, 2.0, 3.0, 4.0, 5.0, 6.0, 1.0, 2.0, 3.0, 4.0, 5.0)), [('K.318 Musescore', 'P1', 2, (65, 94), (116, 1.0), (120, 5.0)), ('K.318 Musescore', 'P1', 2, (95, 124), (169, 1.0), (173, 5.0))]) 

5 .    (((-5, 1, -2, 6, -5, 1, -2, 2, 2, 2, 2, -2, -2, -2, 4, -5, 1, -2, 2, 2, 2, 2, -2, -2, -2), (1.0, 1.0, 2.0, 2.0, 1.0, 1.0, 1.0, 1.0, 1.0, 1.0, 1.0, 1.0, 1.0, 1.0, 2.0, 1.0, 1.0, 1.0, 1.0, 1.0, 1.0, 1.0, 1.0, 1.0, 1.0), (5.0, 6.0, 1.0, 3.0, 5.0, 6.0, 1.0, 2.0, 3.0, 4.0, 5.0, 6.0, 1.0, 2.0, 3.0, 5.0, 6.0, 1.0, 2.0, 3.0, 4.0, 5.0, 6.0, 1.0, 2.0)), [('K.318 Musescore', 'P1', 1, (395, 420), (84, 5.0), (89, 2.0)), ('K.318 Musescore', 'P1', 1, (421, 446), (89, 5.0), (94, 2.0))]) 

6 .    (((3, -2, -2, 3, -2, -2, 3, -2, -2, 3, -2, -2, 3, -2, -2, 3, -2, -2, 3, -2, -2, 3, -2, -2), (1.0, 1.0, 1.0, 1.0, 1.0, 1.0, 1.0, 1.0, 1.0, 1.0, 1.0, 1.0, 1.0, 1.0, 1.0, 1.0, 1.0, 1.0, 1.0, 1.0, 1.0, 1.0, 1.0, 1.0), (1.0, 2.0, 3.0, 4.0, 5.0, 6.0, 1.0, 2.0, 3.0, 4.0, 5.0, 6.0, 1.0, 2.0, 3.0, 4.0, 5.0, 6.0, 1.0, 2.0, 3.0, 4.0, 5.0, 6.0)), [('K.318 Musescore', 'P1', 1, (727, 751), (145, 1.0), (148, 6.0)), ('K.318 Musescore', 'P1', 1, (763, 787), (151, 1.0), (154, 6.0))]) 

7 .    (((-2, 2, 4, -2, -2, -2, -2, -2, -2, -2, 2, 8, -2, -2, -2, -2, -2, -2, 2, 2, -2, -2, 2), (1.0, 1.0, 1.0, 1.0, 1.0, 1.0, 1.0, 1.0, 1.0, 1.0, 1.0, 1.0, 1.0, 1.0, 1.0, 1.0, 1.0, 1.0, 1.0, 1.0, 1.0, 1.0, 1.0), (2.0, 3.0, 4.0, 5.0, 6.0, 1.0, 2.0, 3.0, 4.0, 5.0, 6.0, 1.0, 2.0, 3.0, 4.0, 5.0, 6.0, 1.0, 2.0, 3.0, 4.0, 5.0, 6.0)), [('K.318 Musescore', 'P1', 1, (588, 611), (127, 2.0), (130, 6.0)), ('K.318 Musescore', 'P1', 1, (897, 920), (180, 2.0), (183, 6.0))]) 

8 .    (((2, 2, -2, -2, -2, -2, -2, 5, -2, 2, -2, 2, 2, 2, 2, -2, -2, -2, -2), (0.25, 0.25, 0.25, 0.25, 0.25, 0.25, 0.25, 0.25, 1.5, 0.5, 1.5, 0.5, 0.25, 0.25, 0.25, 0.25, 0.25, 0.25, 0.25), (1.0, 1.25, 1.5, 1.75, 2.0, 2.25, 2.5, 2.75, 1.0, 2.5, 1.0, 2.5, 1.0, 1.25, 1.5, 1.75, 2.0, 2.25, 2.5)), [('K.318 Musescore', 'P1', 1, (172, 191), (33, 1.0), (36, 2.5)), ('K.318 Musescore', 'P1', 1, (343, 362), (71, 1.0), (74, 2.5))]) 

9 .    (((-2, -2, -2, -2, -3, 4, -5, 2, 7, -2, -2, -2, -2, -3, 4, -5, 2, -8), (0.5, 0.5, 0.25, 0.25, 0.5, 0.5, 0.5, 0.5, 0.5, 0.5, 0.5, 0.25, 0.25, 0.5, 0.5, 0.5, 0.5, 0.5), (1.5, 2.0, 2.5, 2.75, 1.0, 1.5, 2.0, 2.5, 1.0, 1.5, 2.0, 2.5, 2.75, 1.0, 1.5, 2.0, 2.5, 1.0)), [('K.318 Musescore', 'P1', 3, (116, 134), (29, 1.5), (33, 1.0)), ('K.318 Musescore', 'P1', 3, (250, 268), (67, 1.5), (71, 1.0))]) 

10 .    (((-2, -2, -2, 2, 2, 2, 2, 2, 2, 2, 2, 2, 2, -2, -2, -2, 2), (0.5, 0.5, 0.5, 0.5, 0.5, 0.5, 0.5, 0.5, 0.5, 0.25, 0.25, 0.5, 0.5, 0.5, 0.5, 0.5, 0.5), (5.0, 5.5, 6.0, 6.5, 1.0, 1.5, 2.0, 2.5, 3.0, 3.5, 3.75, 4.0, 4.5, 5.0, 5.5, 6.0, 6.5)), [('K.318 Musescore', 'P1', 1, (679, 696), (137, 5.0), (138, 6.5)), ('K.318 Musescore', 'P1', 1, (989, 1006), (190, 5.0), (191, 6.5))]) 

11 .    (((2, 2, 2, -7, (8, 8), -4, 2, 2, -5, 2, 3, 2, -7, (8, 1), (8, 4), 3, 2), (2.0, 1.0, 2.0, 1.0, (0.0, 4.0), 1.0, 1.0, 1.0, 1.0, 1.0, 1.0, 1.0, 1.0, (0.0, 3.0), (0.0, 3.0), 3.0, 3.0), (1.0, 3.0, 4.0, 6.0, 1.0, 5.0, 6.0, 1.0, 2.0, 3.0, 4.0, 5.0, 6.0, 1.0, 4.0, 1.0, 4.0)), [('K.318 Musescore', 'P1', 3, (486, 503), (161, 1.0), (165, 4.0)), ('K.318 Musescore', 'P1', 3, (525, 542), (177, 1.0), (181, 4.0))]) 

12 .    (((-7, 2, 2, 2, -2, -2, -2, -2, 2, 2, 2, 2, -2, -2, -2, -2, 2), (0.5, 0.25, 0.25, 0.25, 0.25, 0.25, 0.25, 0.25, 0.25, 0.25, 0.25, 0.25, 0.25, 0.25, 0.25, 0.25, 0.25), (2.5, 1.0, 1.25, 1.5, 1.75, 2.0, 2.25, 2.5, 2.75, 1.0, 1.25, 1.5, 1.75, 2.0, 2.25, 2.5, 2.75)), [('K.318 Musescore', 'P1', 2, (6, 23), (33, 2.5), (35, 2.75)), ('K.318 Musescore', 'P1', 2, (47, 64), (71, 2.5), (73, 2.75))]) 

13 .    ((((8, 1), (8, 4), 2, 2, 2, -7, (8, 8), -4, 2, 2, -5, 2, 3, 2, -7), ((0.0, 3.0), (0.0, 3.0), 2.0, 1.0, 2.0, 1.0, (0.0, 4.0), 1.0, 1.0, 1.0, 1.0, 1.0, 1.0, 1.0, 1.0), (1.0, 4.0, 1.0, 3.0, 4.0, 6.0, 1.0, 5.0, 6.0, 1.0, 2.0, 3.0, 4.0, 5.0, 6.0)), [('K.318 Musescore', 'P1', 3, (344, 359), (105, 1.0), (108, 6.0)), ('K.318 Musescore', 'P1', 3, (392, 407), (123, 1.0), (126, 6.0))]) 

14 .    (((-2, -2, -2, -2, -2, -2, -2, 1, -2, -2, -2, -2, -2, -2, -2), (0.25, 0.25, 0.25, 0.25, 0.25, 0.25, 0.25, 0.25, 0.25, 0.25, 0.25, 0.25, 0.25, 0.25, 0.25), (1.25, 1.5, 1.75, 2.0, 2.25, 2.5, 2.75, 1.0, 1.25, 1.5, 1.75, 2.0, 2.25, 2.5, 2.75)), [('K.318 Musescore', 'P1', 3, (54, 69), (17, 1.25), (18, 2.75)), ('K.318 Musescore', 'P1', 3, (70, 85), (19, 1.25), (20, 2.75))]) 

15 .    (((2, -2, -2, 2, 2, -2, -2, 2, 2, -2, -2, 2, 2, -8), (0.5, 0.5, 0.5, 0.5, 0.5, 0.5, 0.5, 0.5, 0.5, 0.5, 0.5, 0.5, 0.5, 0.5), (1.5, 2.0, 2.5, 1.0, 1.5, 2.0, 2.5, 1.0, 1.5, 2.0, 2.5, 1.0, 1.5, 2.0)), [('K.318 Musescore', 'P1', 3, (141, 155), (35, 1.5), (38, 2.0)), ('K.318 Musescore', 'P1', 3, (271, 285), (72, 1.5), (75, 2.0))]) 

16 .    (((-4, 2, 2, -5, 2, 2, -4, 2, 2, 2, 4, -4, -2), (1.0, 1.0, 1.0, 1.0, 1.0, 1.0, 1.0, 1.0, 1.0, 1.0, 1.0, 10.0, 1.0), (5.0, 6.0, 1.0, 2.0, 3.0, 4.0, 5.0, 6.0, 1.0, 2.0, 3.0, 4.0, 2.0)), [('K.318 Musescore', 'P1', 1, (506, 519), (105, 5.0), (109, 2.0)), ('K.318 Musescore', 'P1', 1, (819, 832), (160, 5.0), (164, 2.0))]) 

17 .    (((-2, -2, 2, 2, -2, -2, 2, 2, -2, -2, 2, 2), (2.0, 1.0, 2.0, 1.0, 2.0, 1.0, 2.0, 1.0, 2.0, 1.0, 2.0, 1.0), (4.0, 6.0, 1.0, 3.0, 4.0, 6.0, 1.0, 3.0, 4.0, 6.0, 1.0, 3.0)), [('K.318 Musescore', 'P1', 3, (422, 434), (133, 4.0), (136, 3.0)), ('K.318 Musescore', 'P1', 3, (560, 572), (188, 4.0), (191, 3.0))]) 

18 .    (((2, -2, -2, -2, -2, -2, -2, -2, 2, 1, 2, 2), (0.5, 0.12, 0.12, 0.12, 0.12, 0.12, 0.12, 0.12, 0.12, 0.5, 0.5, 0.5), (1.5, 2.0, 2.12, 2.25, 2.38, 2.5, 2.62, 2.75, 2.88, 1.0, 1.5, 2.0)), [('K.318 Musescore', 'P1', 1, (262, 274), (57, 1.5), (58, 2.0)), ('K.318 Musescore', 'P1', 1, (275, 287), (59, 1.5), (60, 2.0))]) 

19 .    (((-2, -2, -2, -2, -2, -2, -2, -2, -2, -2, 2), (0.25, 0.25, 0.5, 0.25, 0.25, 0.5, 0.25, 0.25, 0.5, 0.25, 0.25), (1.5, 1.75, 2.0, 2.5, 2.75, 1.0, 1.5, 1.75, 2.0, 2.5, 2.75)), [('K.318 Musescore', 'P1', 1, (1, 12), (1, 1.5), (2, 2.75)), ('K.318 Musescore', 'P1', 3, (1, 12), (3, 1.5), (4, 2.75))]) 

20 .    (((2, 2, 2, 2, 2, 2, 2, 2, 2, 2, -2), (1.0, 1.0, 1.0, 1.0, 1.0, 1.0, 1.0, 1.0, 1.0, 1.0, 1.0), (2.0, 3.0, 4.0, 5.0, 6.0, 1.0, 2.0, 3.0, 4.0, 5.0, 6.0)), [('K.318 Musescore', 'P1', 1, (372, 383), (77, 2.0), (78, 6.0)), ('K.318 Musescore', 'P1', 3, (287, 298), (79, 2.0), (80, 6.0))]) 

21 .    (((2, -2, 2, 2, 2, -2, 2, 2, -2, -2, -2), (1.0, 1.0, 1.0, 1.0, 1.0, 1.0, 1.0, 1.0, 1.0, 1.0, 1.0), (4.0, 5.0, 6.0, 1.0, 2.0, 3.0, 4.0, 5.0, 6.0, 1.0, 2.0)), [('K.318 Musescore', 'P1', 1, (447, 458), (95, 4.0), (97, 2.0)), ('K.318 Musescore', 'P1', 1, (459, 470), (97, 4.0), (99, 2.0))]) 

22 .    (((-2, -2, 4, -2, -2, -2, -2, -2, -2, 2, 2), (1.0, 1.0, 1.0, 1.0, 1.0, 1.0, 1.0, 1.0, 1.0, 1.0, 1.0), (4.0, 5.0, 6.0, 1.0, 2.0, 3.0, 4.0, 5.0, 6.0, 1.0, 2.0)), [('K.318 Musescore', 'P1', 1, (471, 482), (99, 4.0), (101, 2.0)), ('K.318 Musescore', 'P1', 1, (483, 494), (101, 4.0), (103, 2.0))]) 

23 .    (((8, 2, -2, -2, -2, -2, -2, -2, -2, 2, -3), (0.5, 0.5, 0.12, 0.12, 0.12, 0.12, 0.12, 0.12, 0.12, 0.12, 0.5), (1.0, 1.5, 2.0, 2.12, 2.25, 2.38, 2.5, 2.62, 2.75, 2.88, 1.0)), [('K.318 Musescore', 'P1', 3, (209, 220), (58, 1.0), (59, 1.0)), ('K.318 Musescore', 'P1', 3, (223, 234), (60, 1.0), (61, 1.0))]) 

24 .    ((((8, 2), (7, 1), (7, 4), (3, 1), (3, -5), (7, 1), (7, 4), (3, 1), (3, -5), (7, 1), (7, 4)), ((0.0, 3.0), (0.0, 3.0), (0.0, 3.0), (0.0, 3.0), (0.0, 3.0), (0.0, 3.0), (0.0, 3.0), (0.0, 3.0), (0.0, 3.0), (0.0, 3.0), (0.0, 3.0)), (4.0, 1.0, 4.0, 1.0, 4.0, 1.0, 4.0, 1.0, 4.0, 1.0, 4.0)), [('K.318 Musescore', 'P1', 3, (377, 388), (115, 4.0), (120, 4.0)), ('K.318 Musescore', 'P1', 3, (508, 519), (168, 4.0), (173, 4.0))]) 

25 .    (((-2, -2, 3, -2, -2, 3, -2, -2, -3, 2), (1.0, 1.0, 1.0, 1.0, 1.0, 1.0, 1.0, 1.0, 1.0, 1.0), (2.0, 3.0, 4.0, 5.0, 6.0, 1.0, 2.0, 3.0, 4.0, 5.0)), [('K.318 Musescore', 'P1', 1, (752, 762), (149, 2.0), (150, 5.0)), ('K.318 Musescore', 'P1', 1, (794, 804), (156, 2.0), (157, 5.0))]) 

26 .    ((((3, 1), (3, -2), (3, 2), (3, -2), (3, -3), (3, 2), (3, 2), (3, -2), (3, -3)), ((0.0, 3.0), (0.0, 3.0), (0.0, 3.0), (0.0, 3.0), (0.0, 3.0), (0.0, 3.0), (0.0, 3.0), (0.0, 3.0), (0.0, 3.0)), (1.0, 4.0, 1.0, 4.0, 1.0, 4.0, 1.0, 4.0, 1.0)), [('K.318 Musescore', 'P1', 3, (302, 311), (83, 1.0), (88, 1.0)), ('K.318 Musescore', 'P1', 3, (312, 321), (89, 1.0), (93, 1.0))]) 

27 .    (((-2, 1, -2, 1, -2, 1, -2, 1), (1.25, 0.25, 0.25, 0.25, 0.25, 0.25, 0.25, 0.25), (2.0, 1.25, 1.5, 1.75, 2.0, 2.25, 2.5, 2.75)), [('K.318 Musescore', 'P1', 1, (22, 30), (5, 2.0), (6, 2.75)), ('K.318 Musescore', 'P1', 1, (132, 140), (25, 2.0), (26, 2.75))]) 

28 .    (((-5, 5, 2, -2, -2, -2, -2, -2), (0.25, 0.25, 0.25, 0.25, 0.25, 0.25, 0.25, 0.25), (1.0, 1.25, 1.5, 1.75, 2.0, 2.25, 2.5, 2.75)), [('K.318 Musescore', 'P1', 1, (123, 131), (24, 1.0), (24, 2.75)), ('K.318 Musescore', 'P1', 1, (200, 208), (38, 1.0), (38, 2.75))]) 

29 .    (((2, 2, 2, -2, -2, -2, -2), (0.25, 0.25, 0.25, 0.25, 0.25, 0.25, 0.25), (1.0, 1.25, 1.5, 1.75, 2.0, 2.25, 2.5)), [('K.318 Musescore', 'P1', 1, (107, 114), (22, 1.0), (22, 2.5)), ('K.318 Musescore', 'P1', 1, (115, 122), (23, 1.0), (23, 2.5))]) 

30 .    ((((4, 3, 1), (4, 3, -2), (5, 2, 1), (5, 2, 2), (4, 3, 1), (4, 3, -2), (5, 2, 1)), ((0.0, 0.0, 0.5), (0.0, 0.0, 0.5), (0.0, 0.0, 0.5), (0.0, 0.0, 0.5), (0.0, 0.0, 0.5), (0.0, 0.0, 0.5), (0.0, 0.0, 0.5)), (2.0, 2.5, 1.0, 1.5, 2.0, 2.5, 1.0)), [('K.318 Musescore', 'P1', 3, (42, 49), (13, 2.0), (15, 1.0)), ('K.318 Musescore', 'P1', 3, (167, 174), (42, 2.0), (44, 1.0))]) 

31 .    ((((5, 3, 1), (5, 3, 1), (5, 3, 1), (5, 3, -2), (6, 1), (5, 1), (4, 3, 1)), ((0.0, 0.0, 3.0), (0.0, 0.0, 3.0), (0.0, 0.0, 3.0), (0.0, 0.0, 3.0), (0.0, 3.0), (0.0, 3.0), (0.0, 0.0, 3.0)), (1.0, 4.0, 1.0, 4.0, 1.0, 4.0, 1.0)), [('K.318 Musescore', 'P1', 3, (458, 465), (147, 1.0), (150, 1.0)), ('K.318 Musescore', 'P1', 3, (466, 473), (151, 1.0), (154, 1.0))]) 

32 .    (((-2, 2, 2, -2, -2, 2), (1.0, 2.0, 1.0, 2.0, 1.0, 2.0), (6.0, 1.0, 3.0, 4.0, 6.0, 1.0)), [('K.318 Musescore', 'P1', 3, (435, 441), (136, 6.0), (138, 1.0)), ('K.318 Musescore', 'P1', 3, (553, 559), (186, 6.0), (188, 1.0))]) 

33 .    (((-2, -2, -2, -2, -3, 4), (0.5, 0.5, 0.25, 0.25, 0.5, 0.5), (1.5, 2.0, 2.5, 2.75, 1.0, 1.5)), [('K.318 Musescore', 'P1', 3, (24, 30), (9, 1.5), (10, 1.5)), ('K.318 Musescore', 'P1', 3, (32, 38), (11, 1.5), (12, 1.5))]) 

34 .    (((1, 2, 1, 1, 2, 1), (0.25, 0.25, 0.5, 0.25, 0.25, 0.5), (2.75, 1.0, 1.25, 1.75, 2.0, 2.25)), [('K.318 Musescore', 'P1', 1, (310, 316), (63, 2.75), (64, 2.25)), ('K.318 Musescore', 'P1', 1, (322, 328), (65, 2.75), (66, 2.25))]) 

35 .    (((2, 2, 3, -2, -2, -2), (1.0, 1.0, 0.5, 0.5, 0.5, 0.25), (1.0, 2.0, 1.0, 1.5, 2.0, 2.5)), [('K.318 Musescore', 'P1', 1, (329, 335), (67, 1.0), (68, 2.5)), ('K.318 Musescore', 'P1', 1, (336, 342), (69, 1.0), (70, 2.5))]) 

36 .    (((-4, 2, 2, -5, 2), (1.0, 1.0, 1.0, 1.0, 1.0), (5.0, 6.0, 1.0, 2.0, 3.0)), [('K.318 Musescore', 'P1', 1, (495, 500), (103, 5.0), (104, 3.0)), ('K.318 Musescore', 'P1', 3, (360, 365), (109, 5.0), (110, 3.0))]) 

37 .    (((-2, -2, -2, -2, -2), (1.0, 1.0, 1.0, 1.0, 1.0), (2.0, 3.0, 4.0, 5.0, 6.0)), [('K.318 Musescore', 'P1', 1, (698, 703), (140, 2.0), (140, 6.0)), ('K.318 Musescore', 'P1', 1, (921, 926), (184, 2.0), (184, 6.0))]) 

38 .    (((-2, -2, -2, -2, 2), (1.0, 1.0, 1.0, 1.0, 1.0), (2.0, 3.0, 4.0, 5.0, 6.0)), [('K.318 Musescore', 'P1', 1, (704, 709), (141, 2.0), (141, 6.0)), ('K.318 Musescore', 'P1', 1, (710, 715), (142, 2.0), (142, 6.0)), ('K.318 Musescore', 'P1', 1, (716, 721), (143, 2.0), (143, 6.0))]) 

39 .    (((-2, 2, -2, 4, -2), (0.25, 0.25, 0.75, 0.25, 0.25), (1.0, 1.25, 1.5, 2.25, 2.5)), [('K.318 Musescore', 'P1', 1, (62, 67), (13, 1.0), (13, 2.5)), ('K.318 Musescore', 'P1', 1, (68, 73), (14, 1.0), (14, 2.5))]) 

40 .    (((2, 2, 2, 2, 2), (1.0, 0.5, 0.5, 1.0, 0.5), (1.5, 2.5, 1.0, 1.5, 2.5)), [('K.318 Musescore', 'P1', 1, (88, 93), (17, 1.5), (18, 2.5)), ('K.318 Musescore', 'P1', 1, (94, 99), (19, 1.5), (20, 2.5))]) 

41 .    ((((8, 2), (7, 1), (6, 1), (6, 1), (6, 2)), ((0.0, 0.5), (0.0, 0.5), (0.0, 0.5), (0.0, 0.5), (0.0, 0.5)), (2.5, 1.0, 1.5, 2.0, 2.5)), [('K.318 Musescore', 'P1', 3, (13, 18), (5, 2.5), (6, 2.5)), ('K.318 Musescore', 'P1', 3, (102, 107), (25, 2.5), (26, 2.5))]) 

42 .    (((-2, -2, -2, -2), (0.25, 0.25, 0.25, 0.25), (1.75, 2.0, 2.25, 2.5)), [('K.318 Musescore', 'P1', 1, (82, 86), (16, 1.75), (16, 2.5)), ('K.318 Musescore', 'P1', 1, (195, 199), (37, 1.75), (37, 2.5))]) 

43 .    (((2, 2, 2, 2), (0.5, 0.5, 0.5, 0.5), (2.5, 1.0, 1.5, 2.0)), [('K.318 Musescore', 'P1', 1, (14, 18), (3, 2.5), (4, 2.0)), ('K.318 Musescore', 'P1', 2, (37, 41), (53, 2.5), (54, 2.0))]) 

44 .    (((-3, 2, -3, 2), (0.25, 0.25, 0.25, 0.25), (1.5, 1.75, 2.0, 2.25)), [('K.318 Musescore', 'P1', 1, (101, 105), (21, 1.5), (21, 2.25)), ('K.318 Musescore', 'P1', 1, (305, 309), (63, 1.5), (63, 2.25))]) 

45 .    (((-2, -2, 2), (0.25, 0.25, 0.25), (2.25, 2.5, 2.75)), [('K.318 Musescore', 'P1', 1, (258, 261), (56, 2.25), (56, 2.75)), ('K.318 Musescore', 'P1', 1, (300, 303), (62, 2.25), (62, 2.75))]) 

46 .    (((-5, 1, -2), (1.0, 1.0, 2.0), (5.0, 6.0, 1.0)), [('K.318 Musescore', 'P1', 1, (387, 390), (81, 5.0), (82, 1.0)), ('K.318 Musescore', 'P1', 1, (391, 394), (82, 5.0), (83, 1.0))]) 

47 .    (((4, -2, -2), (1.0, 1.0, 1.0), (4.0, 5.0, 6.0)), [('K.318 Musescore', 'P1', 1, (525, 528), (111, 4.0), (111, 6.0)), ('K.318 Musescore', 'P1', 1, (833, 836), (164, 4.0), (164, 6.0))]) 

48 .    (((1, 4, -3), (3.0, 12.0, 1.0), (1.0, 4.0, 4.0)), [('K.318 Musescore', 'P1', 4, (18, 21), (106, 1.0), (108, 4.0)), ('K.318 Musescore', 'P1', 4, (24, 27), (124, 1.0), (126, 4.0)), ('K.318 Musescore', 'P1', 4, (29, 32), (161, 1.0), (163, 4.0)), ('K.318 Musescore', 'P1', 4, (33, 36), (177, 1.0), (179, 4.0))]) 

49 .    (((2, -3, -7), (0.5, 0.5, 0.5), (2.5, 1.0, 1.5)), [('K.318 Musescore', 'P1', 3, (86, 89), (21, 2.5), (22, 1.5)), ('K.318 Musescore', 'P1', 3, (90, 93), (22, 2.5), (23, 1.5))]) 

50 .    ((((8, 1), (8, 1), (8, 1)), ((0.0, 1.0), (0.0, 1.0), (0.0, 1.0)), (1.0, 2.0, 1.0)), [('K.318 Musescore', 'P1', 3, (187, 190), (49, 1.0), (50, 1.0)), ('K.318 Musescore', 'P1', 3, (201, 204), (55, 1.0), (56, 1.0))]) 

51 .    ((((6, 2), 3, -2), ((0.0, 3.0), 3.0, 3.0), (4.0, 1.0, 4.0)), [('K.318 Musescore', 'P1', 3, (331, 334), (99, 4.0), (100, 4.0)), ('K.318 Musescore', 'P1', 3, (335, 338), (101, 4.0), (102, 4.0))]) 

52 .    (((1, 1, 1), (1.0, 3.0, 1.0), (1.0, 2.0, 1.0)), [('K.318 Musescore', 'P1', 4, (2, 5), (29, 1.0), (31, 1.0)), ('K.318 Musescore', 'P1', 4, (12, 15), (67, 1.0), (69, 1.0))]) 

53 .    (((-2, -2), (1.0, 1.0), (2.0, 3.0)), [('K.318 Musescore', 'P1', 1, (722, 724), (144, 2.0), (144, 3.0)), ('K.318 Musescore', 'P1', 1, (788, 790), (155, 2.0), (155, 3.0)), ('K.318 Musescore', 'P1', 1, (812, 814), (159, 2.0), (159, 3.0))]) 

54 .    (((2, 2), (0.5, 0.5), (1.0, 1.5)), [('K.318 Musescore', 'P1', 1, (249, 251), (53, 1.0), (53, 1.5)), ('K.318 Musescore', 'P1', 3, (95, 97), (24, 1.0), (24, 1.5))]) 

55 .    (((2, 2), (1.0, 1.0), (1.0, 2.0)), [('K.318 Musescore', 'P1', 1, (503, 505), (105, 1.0), (105, 2.0)), ('K.318 Musescore', 'P1', 4, (6, 8), (64, 1.0), (64, 2.0))]) 

56 .    (((2, 2), (2.0, 1.0), (1.0, 3.0)), [('K.318 Musescore', 'P1', 3, (340, 342), (104, 1.0), (104, 3.0)), ('K.318 Musescore', 'P1', 3, (550, 552), (186, 1.0), (186, 3.0))]) 

57 .    (((2, 2), (0.5, 0.5), (2.0, 2.5)), [('K.318 Musescore', 'P1', 3, (238, 240), (62, 2.0), (62, 2.5)), ('K.318 Musescore', 'P1', 2, (24, 26), (46, 2.0), (46, 2.5)), ('K.318 Musescore', 'P1', 2, (27, 29), (47, 2.0), (47, 2.5))]) 

58 .    (((-2, -2), (0.5, 0.5), (2.0, 2.5)), [('K.318 Musescore', 'P1', 3, (138, 140), (34, 2.0), (34, 2.5)), ('K.318 Musescore', 'P1', 2, (30, 32), (50, 2.0), (50, 2.5))]) 

59 .    ((((5, 3, 1), (5, 3, 1)), ((0.0, 0.0, 3.0), (0.0, 0.0, 3.0)), (1.0, 4.0)), [('K.318 Musescore', 'P1', 3, (454, 456), (145, 1.0), (145, 4.0)), ('K.318 Musescore', 'P1', 3, (480, 482), (158, 1.0), (158, 4.0))]) 

60 .    ((((6, 1), (6, 1)), ((0.0, 0.5), (0.0, 0.5)), (1.5, 2.0)), [('K.318 Musescore', 'P1', 3, (21, 23), (8, 1.5), (8, 2.0)), ('K.318 Musescore', 'P1', 3, (108, 110), (27, 1.5), (27, 2.0))]) 

61 .    (((3, 2), (3.0, 3.0), (1.0, 4.0)), [('K.318 Musescore', 'P1', 3, (370, 372), (112, 1.0), (112, 4.0)), ('K.318 Musescore', 'P1', 3, (409, 411), (128, 1.0), (128, 4.0))]) 

62 .    ((((4, 3, 1), (4, 3, 1)), ((0.0, 0.0, 1.0), (0.0, 0.0, 1.0)), (1.0, 2.0)), [('K.318 Musescore', 'P1', 3, (177, 179), (45, 1.0), (45, 2.0)), ('K.318 Musescore', 'P1', 3, (195, 197), (52, 1.0), (52, 2.0))]) 

63 .    ((((8, 2), (6, 1)), ((0.0, 3.0), (0.0, 3.0)), (4.0, 1.0)), [('K.318 Musescore', 'P1', 3, (417, 419), (131, 4.0), (132, 1.0)), ('K.318 Musescore', 'P1', 3, (504, 506), (166, 4.0), (167, 1.0)), ('K.318 Musescore', 'P1', 3, (543, 545), (182, 4.0), (183, 1.0))]) 

64 .    ((((3, 1), (4, 1)), ((0.0, 3.0), (0.0, 3.0)), (4.0, 1.0)), [('K.318 Musescore', 'P1', 3, (447, 449), (141, 4.0), (142, 1.0)), ('K.318 Musescore', 'P1', 3, (451, 453), (143, 4.0), (144, 1.0))]) 

65 .    (((-3, 2), (0.25, 1.5), (1.75, 2.0)), [('K.318 Musescore', 'P1', 1, (217, 219), (42, 1.75), (42, 2.0)), ('K.318 Musescore', 'P1', 1, (220, 222), (43, 1.75), (43, 2.0))]) 

66 .    ((((3, 1), (3, 1)), ((0.0, 0.5), (0.0, 0.5)), (1.5, 2.0)), [('K.318 Musescore', 'P1', 3, (158, 160), (40, 1.5), (40, 2.0)), ('K.318 Musescore', 'P1', 3, (162, 164), (41, 1.5), (41, 2.0))]) 

67 .    ((((5, 3, 1), (4, 3, 1)), ((0.0, 0.0, 3.0), (0.0, 0.0, 3.0)), (4.0, 1.0)), [('K.318 Musescore', 'P1', 3, (323, 325), (95, 4.0), (96, 1.0)), ('K.318 Musescore', 'P1', 3, (327, 329), (97, 4.0), (98, 1.0))]) 

68 .    (((-2,), (1.0,), (6.0,)), [('K.318 Musescore', 'P1', 1, (616, 617), (131, 6.0), (131, 6.0)), ('K.318 Musescore', 'P1', 1, (792, 793), (155, 6.0), (155, 6.0))]) 

69 .    (((-2,), (1.0,), (2.0,)), [('K.318 Musescore', 'P1', 1, (384, 385), (81, 2.0), (81, 2.0)), ('K.318 Musescore', 'P1', 1, (523, 524), (111, 2.0), (111, 2.0)), ('K.318 Musescore', 'P1', 1, (618, 619), (132, 2.0), (132, 2.0)), ('K.318 Musescore', 'P1', 1, (806, 807), (158, 2.0), (158, 2.0)), ('K.318 Musescore', 'P1', 1, (927, 928), (185, 2.0), (185, 2.0))]) 

70 .    (((2,), (1.0,), (2.0,)), [('K.318 Musescore', 'P1', 1, (612, 613), (131, 2.0), (131, 2.0)), ('K.318 Musescore', 'P1', 2, (0, 1), (7, 2.0), (7, 2.0)), ('K.318 Musescore', 'P1', 4, (9, 10), (65, 2.0), (65, 2.0))]) 

71 .    (((2,), (0.5,), (1.5,)), [('K.318 Musescore', 'P1', 1, (231, 232), (47, 1.5), (47, 1.5)), ('K.318 Musescore', 'P1', 1, (288, 289), (61, 1.5), (61, 1.5)), ('K.318 Musescore', 'P1', 3, (241, 242), (63, 1.5), (63, 1.5))]) 

72 .    (((2,), (0.5,), (2.5,)), [('K.318 Musescore', 'P1', 1, (236, 237), (48, 2.5), (48, 2.5)), ('K.318 Musescore', 'P1', 3, (39, 40), (12, 2.5), (12, 2.5)), ('K.318 Musescore', 'P1', 3, (135, 136), (33, 2.5), (33, 2.5)), ('K.318 Musescore', 'P1', 3, (269, 270), (71, 2.5), (71, 2.5)), ('K.318 Musescore', 'P1', 2, (2, 3), (25, 2.5), (25, 2.5)), ('K.318 Musescore', 'P1', 2, (4, 5), (27, 2.5), (27, 2.5))]) 

73 .    (((-2,), (0.25,), (1.75,)), [('K.318 Musescore', 'P1', 1, (234, 235), (48, 1.75), (48, 1.75)), ('K.318 Musescore', 'P1', 1, (366, 367), (75, 1.75), (75, 1.75))]) 

74 .    (((2,), (0.5,), (2.0,)), [('K.318 Musescore', 'P1', 2, (34, 35), (51, 2.0), (51, 2.0)), ('K.318 Musescore', 'P1', 2, (45, 46), (55, 2.0), (55, 2.0))]) 

75 .    (((2,), (0.25,), (1.25,)), [('K.318 Musescore', 'P1', 1, (254, 255), (56, 1.25), (56, 1.25)), ('K.318 Musescore', 'P1', 1, (364, 365), (75, 1.25), (75, 1.25))]) 

76 .    (((-2,), (0.5,), (1.5,)), [('K.318 Musescore', 'P1', 1, (238, 239), (49, 1.5), (49, 1.5)), ('K.318 Musescore', 'P1', 3, (206, 207), (57, 1.5), (57, 1.5))]) 

77 .    (((-7,), (1.0,), (6.0,)), [('K.318 Musescore', 'P1', 3, (367, 368), (110, 6.0), (110, 6.0)), ('K.318 Musescore', 'P1', 3, (413, 414), (129, 6.0), (129, 6.0))]) 

78 .    ((((6, 1),), ((0.0, 3.0),), (1.0,)), [('K.318 Musescore', 'P1', 3, (374, 375), (114, 1.0), (114, 1.0)), ('K.318 Musescore', 'P1', 3, (476, 477), (156, 1.0), (156, 1.0))]) 

79 .    (((2,), (1.0,), (1.5,)), [('K.318 Musescore', 'P1', 3, (244, 245), (64, 1.5), (64, 1.5)), ('K.318 Musescore', 'P1', 3, (246, 247), (65, 1.5), (65, 1.5)), ('K.318 Musescore', 'P1', 3, (248, 249), (66, 1.5), (66, 1.5))]) 

80 .    (((-3,), (1.0,), (4.0,)), [('K.318 Musescore', 'P1', 1, (808, 809), (158, 4.0), (158, 4.0)), ('K.318 Musescore', 'P1', 4, (22, 23), (110, 4.0), (110, 4.0))]) 

81 .    ((((3, -2),), ((0.0, 0.5),), (2.5,)), [('K.318 Musescore', 'P1', 1, (227, 228), (45, 2.5), (45, 2.5)), ('K.318 Musescore', 'P1', 1, (240, 241), (49, 2.5), (49, 2.5))]) 

82 .    (((1,), (0.5,), (1.5,)), [('K.318 Musescore', 'P1', 1, (209, 210), (40, 1.5), (40, 1.5)), ('K.318 Musescore', 'P1', 3, (100, 101), (25, 1.5), (25, 1.5))]) 

83 .    ((((3, -2),), ((0.0, 0.5),), (1.5,)), [('K.318 Musescore', 'P1', 1, (225, 226), (45, 1.5), (45, 1.5)), ('K.318 Musescore', 'P1', 1, (246, 247), (52, 1.5), (52, 1.5))]) 

84 .    (((-3,), (2.0,), (1.0,)), [('K.318 Musescore', 'P1', 1, (244, 245), (51, 1.0), (51, 1.0)), ('K.318 Musescore', 'P1', 3, (420, 421), (133, 1.0), (133, 1.0))]) 

85 .    ((((8, 1),), ((0.0, 0.5),), (1.0,)), [('K.318 Musescore', 'P1', 3, (111, 112), (28, 1.0), (28, 1.0)), ('K.318 Musescore', 'P1', 3, (191, 192), (51, 1.0), (51, 1.0))]) 

86 .    ((((6, -2),), ((0.0, 0.5),), (2.5,)), [('K.318 Musescore', 'P1', 3, (180, 181), (46, 2.5), (46, 2.5)), ('K.318 Musescore', 'P1', 3, (182, 183), (47, 2.5), (47, 2.5))]) 

