1.    nomes:
K.534 KernScores

2.    quantidade:
1

3.    analise:
[('intDia', 'p1p2')] SemContInte Distancia: 0

1.    ((-2, 2, 2, 2, -5, -2, 2, 2, 2, -6, 1, -2, 2, 2, 2, 2, -3, -5, (8, 4), (5, 2, 2), (4, 3, 1)),):
('K.534 KernScores', 'P2', 1, (139, 160), (26,), (2.0,), (28,), (3.0,))
('K.534 KernScores', 'P2', 1, (172, 193), (31,), (2.0,), (33,), (3.0,))

2.    ((2, 1, 1, 1, (6, 5), -2, -2, -2, -2, -2, -2, 2, 2, 2, 1, -2, 2, 2, 2, 1),):
('K.534 KernScores', 'P1', 1, (77, 97), (12,), (4.5,), (15,), (4.0,))
('K.534 KernScores', 'P1', 1, (190, 210), (28,), (4.5,), (31,), (4.0,))

3.    ((-2, 2, 2, 2, -5, -2, 2, 2, 2, -6, -2, 2, 2, 2, 2, -3, -5, (8, 4), (5, 2, 2), (4, 3, 1)),):
('K.534 KernScores', 'P2', 1, (49, 69), (10,), (2.0,), (12,), (3.0,))
('K.534 KernScores', 'P2', 1, (82, 102), (15,), (2.0,), (17,), (3.0,))

4.    ((2, 2, 2, 2, 2, 2, 2, -2, -2, 2, 2, -3, -3, 2, -5, 8, -2, -2),):
('K.534 KernScores', 'P2', 1, (0, 18), (1,), (1.0,), (3,), (4.0,))
('K.534 KernScores', 'P2', 1, (22, 40), (5,), (1.0,), (7,), (4.0,))

5.    ((2, 2, 2, 2, 2, 2, -2, -2, 2, 2, -2, -2, -2, -2, -2, 2, 2),):
('K.534 KernScores', 'P1', 1, (2, 19), (2,), (2.25,), (3,), (3.75,))
('K.534 KernScores', 'P1', 1, (28, 45), (6,), (2.25,), (7,), (3.75,))

6.    ((-2, 1, -2, 2, 8, -3, -3, -2, -2, -2, 2, -2, 2, -2),):
('K.534 KernScores', 'P1', 1, (106, 120), (17,), (2.5,), (18,), (4.88,))
('K.534 KernScores', 'P1', 1, (221, 235), (33,), (3.0,), (34,), (4.88,))

7.    ((2, 2, 2, 2, 2, 2, 2, -2, -2, 2, 2),):
('K.534 KernScores', 'P1', 1, (1, 12), (2,), (1.0,), (2,), (4.88,))
('K.534 KernScores', 'P2', 1, (0, 11), (1,), (1.0,), (1,), (4.88,))
('K.534 KernScores', 'P2', 1, (22, 33), (5,), (1.0,), (5,), (4.88,))

8.    (((4, 2, 4), 7, -2, -2, -2, 3, -2, -2, 2),):
('K.534 KernScores', 'P2', 1, (69, 78), (12,), (4.0,), (13,), (4.5,))
('K.534 KernScores', 'P2', 1, (160, 169), (28,), (4.0,), (29,), (4.5,))

9.    ((-2, -2, -2, 3, -2, -2),):
('K.534 KernScores', 'P1', 1, (153, 159), (24,), (1.5,), (24,), (4.5,))
('K.534 KernScores', 'P2', 1, (71, 77), (13,), (1.5,), (13,), (4.0,))
('K.534 KernScores', 'P2', 1, (162, 168), (29,), (1.5,), (29,), (4.0,))

10.    ((-2, 2, 2, -2, -2, -2),):
('K.534 KernScores', 'P1', 1, (9, 15), (2,), (4.0,), (3,), (2.0,))
('K.534 KernScores', 'P1', 1, (35, 41), (6,), (4.0,), (7,), (2.0,))
('K.534 KernScores', 'P2', 2, (1, 7), (8,), (1.0,), (9,), (2.5,))

11.    ((1, -2, 2, 2, 2),):
('K.534 KernScores', 'P1', 1, (63, 68), (10,), (2.0,), (10,), (3.88,))
('K.534 KernScores', 'P1', 1, (68, 73), (10,), (4.0,), (11,), (1.88,))
('K.534 KernScores', 'P1', 1, (91, 96), (15,), (2.0,), (15,), (3.88,))
('K.534 KernScores', 'P1', 1, (96, 101), (15,), (4.0,), (16,), (1.88,))
('K.534 KernScores', 'P1', 1, (171, 176), (26,), (2.0,), (26,), (3.88,))
('K.534 KernScores', 'P1', 1, (176, 181), (26,), (4.0,), (27,), (1.88,))
('K.534 KernScores', 'P1', 1, (204, 209), (31,), (2.0,), (31,), (3.88,))
('K.534 KernScores', 'P1', 1, (210, 215), (32,), (1.0,), (32,), (1.88,))
('K.534 KernScores', 'P2', 1, (149, 154), (27,), (2.0,), (27,), (2.88,))
('K.534 KernScores', 'P2', 1, (182, 187), (32,), (2.0,), (32,), (2.88,))

12.    ((-2, -2, 2, 2, 2),):
('K.534 KernScores', 'P1', 1, (58, 63), (9,), (4.5,), (10,), (1.88,))
('K.534 KernScores', 'P1', 1, (86, 91), (14,), (4.5,), (15,), (1.88,))
('K.534 KernScores', 'P1', 1, (166, 171), (25,), (4.5,), (26,), (1.88,))
('K.534 KernScores', 'P1', 1, (199, 204), (30,), (4.5,), (31,), (1.88,))
('K.534 KernScores', 'P2', 1, (38, 43), (7,), (2.0,), (8,), (4.0,))

13.    (((4, 2, 2), (3, 4, -3), (5, 2, 2), -8, -5),):
('K.534 KernScores', 'P2', 1, (102, 107), (17,), (4.0,), (18,), (4.0,))
('K.534 KernScores', 'P2', 1, (193, 198), (33,), (4.0,), (34,), (4.0,))

14.    ((3, -2, -2, -2, -2),):
('K.534 KernScores', 'P2', 2, (9, 14), (13,), (1.0,), (14,), (2.5,))
('K.534 KernScores', 'P2', 2, (18, 23), (29,), (1.0,), (30,), (2.5,))

15.    ((2, 2, 2, 2),):
('K.534 KernScores', 'P1', 1, (1, 5), (2,), (1.0,), (2,), (2.5,))
('K.534 KernScores', 'P1', 1, (28, 32), (6,), (2.25,), (6,), (2.62,))
('K.534 KernScores', 'P1', 1, (121, 125), (20,), (1.0,), (20,), (2.5,))
('K.534 KernScores', 'P1', 1, (143, 147), (23,), (2.25,), (23,), (2.62,))
('K.534 KernScores', 'P1', 2, (0, 4), (4,), (1.0,), (4,), (2.5,))
('K.534 KernScores', 'P2', 1, (0, 4), (1,), (1.0,), (1,), (2.5,))
('K.534 KernScores', 'P2', 1, (22, 26), (5,), (1.0,), (5,), (2.5,))
('K.534 KernScores', 'P2', 1, (60, 64), (11,), (2.62,), (11,), (2.94,))
('K.534 KernScores', 'P2', 1, (93, 97), (16,), (2.62,), (16,), (2.94,))
('K.534 KernScores', 'P2', 1, (117, 121), (22,), (2.0,), (22,), (2.5,))
('K.534 KernScores', 'P2', 1, (151, 155), (27,), (2.62,), (27,), (2.94,))
('K.534 KernScores', 'P2', 1, (184, 188), (32,), (2.62,), (32,), (2.94,))

16.    ((1, -2, 2, 2),):
('K.534 KernScores', 'P1', 1, (63, 67), (10,), (2.0,), (10,), (3.75,))
('K.534 KernScores', 'P1', 1, (68, 72), (10,), (4.0,), (11,), (1.75,))
('K.534 KernScores', 'P1', 1, (91, 95), (15,), (2.0,), (15,), (3.75,))
('K.534 KernScores', 'P1', 1, (96, 100), (15,), (4.0,), (16,), (1.75,))
('K.534 KernScores', 'P1', 1, (171, 175), (26,), (2.0,), (26,), (3.75,))
('K.534 KernScores', 'P1', 1, (176, 180), (26,), (4.0,), (27,), (1.75,))
('K.534 KernScores', 'P1', 1, (204, 208), (31,), (2.0,), (31,), (3.75,))
('K.534 KernScores', 'P1', 1, (210, 214), (32,), (1.0,), (32,), (1.75,))
('K.534 KernScores', 'P2', 1, (149, 153), (27,), (2.0,), (27,), (2.75,))
('K.534 KernScores', 'P2', 1, (182, 186), (32,), (2.0,), (32,), (2.75,))
('K.534 KernScores', 'P2', 2, (0, 4), (7,), (1.0,), (8,), (4.0,))

17.    ((-2, -2, -2, -2),):
('K.534 KernScores', 'P1', 1, (12, 16), (3,), (1.0,), (3,), (2.5,))
('K.534 KernScores', 'P1', 1, (38, 42), (7,), (1.0,), (7,), (2.5,))
('K.534 KernScores', 'P1', 1, (56, 60), (9,), (3.5,), (10,), (1.0,))
('K.534 KernScores', 'P1', 1, (82, 86), (14,), (2.0,), (14,), (4.0,))
('K.534 KernScores', 'P1', 1, (195, 199), (30,), (2.0,), (30,), (4.0,))
('K.534 KernScores', 'P1', 2, (5, 9), (14,), (1.0,), (14,), (2.5,))
('K.534 KernScores', 'P1', 2, (11, 15), (30,), (1.0,), (30,), (2.5,))
('K.534 KernScores', 'P2', 2, (10, 14), (14,), (1.0,), (14,), (2.5,))
('K.534 KernScores', 'P2', 2, (19, 23), (30,), (1.0,), (30,), (2.5,))

18.    ((3, -2, -2, -2),):
('K.534 KernScores', 'P1', 1, (152, 156), (24,), (1.0,), (24,), (2.75,))
('K.534 KernScores', 'P1', 1, (156, 160), (24,), (3.0,), (24,), (4.75,))
('K.534 KernScores', 'P2', 2, (9, 13), (13,), (1.0,), (14,), (2.0,))
('K.534 KernScores', 'P2', 2, (18, 22), (29,), (1.0,), (30,), (2.0,))

19.    ((-2, -2, 1, -2),):
('K.534 KernScores', 'P1', 1, (105, 109), (17,), (2.0,), (17,), (4.0,))
('K.534 KernScores', 'P1', 1, (185, 189), (28,), (1.0,), (28,), (3.0,))
('K.534 KernScores', 'P2', 1, (16, 20), (3,), (2.0,), (4,), (2.0,))

20.    ((-3, -2, -2, -2),):
('K.534 KernScores', 'P1', 1, (112, 116), (18,), (2.0,), (18,), (3.5,))
('K.534 KernScores', 'P1', 1, (227, 231), (34,), (2.0,), (34,), (3.5,))
('K.534 KernScores', 'P2', 1, (43, 47), (9,), (1.0,), (9,), (2.5,))

21.    ((-2, -2, -2, -4),):
('K.534 KernScores', 'P2', 1, (44, 48), (9,), (1.5,), (9,), (3.0,))
('K.534 KernScores', 'P2', 2, (11, 15), (14,), (1.5,), (14,), (3.0,))

22.    ((-2, -2, -2),):
('K.534 KernScores', 'P1', 1, (12, 15), (3,), (1.0,), (3,), (2.0,))
('K.534 KernScores', 'P1', 1, (38, 41), (7,), (1.0,), (7,), (2.0,))
('K.534 KernScores', 'P1', 1, (51, 54), (8,), (3.5,), (8,), (4.5,))
('K.534 KernScores', 'P1', 1, (56, 59), (9,), (3.5,), (9,), (4.5,))
('K.534 KernScores', 'P1', 1, (82, 85), (14,), (2.0,), (14,), (3.5,))
('K.534 KernScores', 'P1', 1, (85, 88), (14,), (4.0,), (15,), (1.0,))
('K.534 KernScores', 'P1', 1, (113, 116), (18,), (2.5,), (18,), (3.5,))
('K.534 KernScores', 'P1', 1, (153, 156), (24,), (1.5,), (24,), (2.75,))
('K.534 KernScores', 'P1', 1, (157, 160), (24,), (3.5,), (24,), (4.75,))
('K.534 KernScores', 'P1', 1, (165, 168), (25,), (4.0,), (26,), (1.0,))
('K.534 KernScores', 'P1', 1, (195, 198), (30,), (2.0,), (30,), (3.5,))
('K.534 KernScores', 'P1', 1, (198, 201), (30,), (4.0,), (31,), (1.0,))
('K.534 KernScores', 'P1', 1, (228, 231), (34,), (2.5,), (34,), (3.5,))
('K.534 KernScores', 'P1', 2, (5, 8), (14,), (1.0,), (14,), (2.0,))
('K.534 KernScores', 'P1', 2, (11, 14), (30,), (1.0,), (30,), (2.0,))
('K.534 KernScores', 'P2', 1, (44, 47), (9,), (1.5,), (9,), (2.5,))
('K.534 KernScores', 'P2', 1, (71, 74), (13,), (1.5,), (13,), (2.5,))
('K.534 KernScores', 'P2', 1, (162, 165), (29,), (1.5,), (29,), (2.5,))
('K.534 KernScores', 'P2', 2, (4, 7), (9,), (1.0,), (9,), (2.5,))
('K.534 KernScores', 'P2', 2, (10, 13), (14,), (1.0,), (14,), (2.0,))
('K.534 KernScores', 'P2', 2, (19, 22), (30,), (1.0,), (30,), (2.0,))

23.    ((-2, -2, 2),):
('K.534 KernScores', 'P1', 1, (15, 18), (3,), (2.5,), (3,), (3.5,))
('K.534 KernScores', 'P1', 1, (58, 61), (9,), (4.5,), (10,), (1.62,))
('K.534 KernScores', 'P1', 1, (86, 89), (14,), (4.5,), (15,), (1.62,))
('K.534 KernScores', 'P1', 1, (114, 117), (18,), (3.0,), (18,), (3.75,))
('K.534 KernScores', 'P1', 1, (166, 169), (25,), (4.5,), (26,), (1.62,))
('K.534 KernScores', 'P1', 1, (188, 191), (28,), (3.0,), (28,), (4.5,))
('K.534 KernScores', 'P1', 1, (199, 202), (30,), (4.5,), (31,), (1.62,))
('K.534 KernScores', 'P1', 1, (229, 232), (34,), (3.0,), (34,), (3.75,))
('K.534 KernScores', 'P2', 1, (38, 41), (7,), (2.0,), (8,), (2.0,))
('K.534 KernScores', 'P2', 2, (5, 8), (9,), (2.0,), (9,), (3.0,))

24.    ((3, -2, -2),):
('K.534 KernScores', 'P1', 1, (152, 155), (24,), (1.0,), (24,), (2.5,))
('K.534 KernScores', 'P1', 1, (156, 159), (24,), (3.0,), (24,), (4.5,))
('K.534 KernScores', 'P2', 1, (74, 77), (13,), (3.0,), (13,), (4.0,))
('K.534 KernScores', 'P2', 1, (165, 168), (29,), (3.0,), (29,), (4.0,))
('K.534 KernScores', 'P2', 2, (9, 12), (13,), (1.0,), (14,), (1.5,))
('K.534 KernScores', 'P2', 2, (18, 21), (29,), (1.0,), (30,), (1.5,))

25.    ((1, 1, 1),):
('K.534 KernScores', 'P1', 1, (78, 81), (13,), (1.0,), (13,), (3.0,))
('K.534 KernScores', 'P2', 1, (107, 110), (19,), (1.0,), (20,), (2.0,))
('K.534 KernScores', 'P2', 1, (110, 113), (20,), (3.0,), (21,), (1.0,))
('K.534 KernScores', 'P2', 1, (113, 116), (21,), (2.0,), (21,), (4.0,))

26.    ((-2, -2, -4),):
('K.534 KernScores', 'P1', 1, (25, 28), (5,), (1.75,), (5,), (2.0,))
('K.534 KernScores', 'P2', 1, (45, 48), (9,), (2.0,), (9,), (3.0,))
('K.534 KernScores', 'P2', 2, (12, 15), (14,), (2.0,), (14,), (3.0,))

27.    ((-2, -7, (8, 5)),):
('K.534 KernScores', 'P2', 1, (79, 82), (14,), (3.0,), (15,), (1.0,))
('K.534 KernScores', 'P2', 1, (169, 172), (30,), (1.0,), (31,), (1.0,))

28.    ((2, 2),):
('K.534 KernScores', 'P1', 1, (1, 3), (2,), (1.0,), (2,), (2.25,))
('K.534 KernScores', 'P1', 1, (3, 5), (2,), (2.38,), (2,), (2.5,))
('K.534 KernScores', 'P1', 1, (5, 7), (2,), (2.62,), (2,), (2.75,))
('K.534 KernScores', 'P1', 1, (10, 12), (2,), (4.75,), (2,), (4.88,))
('K.534 KernScores', 'P1', 1, (17, 19), (3,), (3.5,), (3,), (3.75,))
('K.534 KernScores', 'P1', 1, (21, 23), (4,), (3.5,), (4,), (4.0,))
('K.534 KernScores', 'P1', 1, (28, 30), (6,), (2.25,), (6,), (2.38,))
('K.534 KernScores', 'P1', 1, (30, 32), (6,), (2.5,), (6,), (2.62,))
('K.534 KernScores', 'P1', 1, (32, 34), (6,), (2.75,), (6,), (2.88,))
('K.534 KernScores', 'P1', 1, (36, 38), (6,), (4.75,), (6,), (4.88,))
('K.534 KernScores', 'P1', 1, (43, 45), (7,), (3.5,), (7,), (3.75,))
('K.534 KernScores', 'P1', 1, (60, 62), (10,), (1.62,), (10,), (1.75,))
('K.534 KernScores', 'P1', 1, (65, 67), (10,), (3.62,), (10,), (3.75,))
('K.534 KernScores', 'P1', 1, (70, 72), (11,), (1.62,), (11,), (1.75,))
('K.534 KernScores', 'P1', 1, (88, 90), (15,), (1.62,), (15,), (1.75,))
('K.534 KernScores', 'P1', 1, (93, 95), (15,), (3.62,), (15,), (3.75,))
('K.534 KernScores', 'P1', 1, (98, 100), (16,), (1.62,), (16,), (1.75,))
('K.534 KernScores', 'P1', 1, (121, 123), (20,), (1.0,), (20,), (2.25,))
('K.534 KernScores', 'P1', 1, (123, 125), (20,), (2.38,), (20,), (2.5,))
('K.534 KernScores', 'P1', 1, (125, 127), (20,), (2.62,), (20,), (2.75,))
('K.534 KernScores', 'P1', 1, (143, 145), (23,), (2.25,), (23,), (2.38,))
('K.534 KernScores', 'P1', 1, (145, 147), (23,), (2.5,), (23,), (2.62,))
('K.534 KernScores', 'P1', 1, (147, 149), (23,), (2.75,), (23,), (2.88,))
('K.534 KernScores', 'P1', 1, (168, 170), (26,), (1.62,), (26,), (1.75,))
('K.534 KernScores', 'P1', 1, (173, 175), (26,), (3.62,), (26,), (3.75,))
('K.534 KernScores', 'P1', 1, (178, 180), (27,), (1.62,), (27,), (1.75,))
('K.534 KernScores', 'P1', 1, (201, 203), (31,), (1.62,), (31,), (1.75,))
('K.534 KernScores', 'P1', 1, (206, 208), (31,), (3.62,), (31,), (3.75,))
('K.534 KernScores', 'P1', 1, (212, 214), (32,), (1.62,), (32,), (1.75,))
('K.534 KernScores', 'P1', 2, (0, 2), (4,), (1.0,), (4,), (1.5,))
('K.534 KernScores', 'P1', 2, (2, 4), (4,), (2.0,), (4,), (2.5,))
('K.534 KernScores', 'P2', 1, (0, 2), (1,), (1.0,), (1,), (2.25,))
('K.534 KernScores', 'P2', 1, (2, 4), (1,), (2.38,), (1,), (2.5,))
('K.534 KernScores', 'P2', 1, (4, 6), (1,), (2.62,), (1,), (2.75,))
('K.534 KernScores', 'P2', 1, (9, 11), (1,), (4.75,), (1,), (4.88,))
('K.534 KernScores', 'P2', 1, (22, 24), (5,), (1.0,), (5,), (2.25,))
('K.534 KernScores', 'P2', 1, (24, 26), (5,), (2.38,), (5,), (2.5,))
('K.534 KernScores', 'P2', 1, (26, 28), (5,), (2.62,), (5,), (2.75,))
('K.534 KernScores', 'P2', 1, (31, 33), (5,), (4.75,), (5,), (4.88,))
('K.534 KernScores', 'P2', 1, (40, 42), (8,), (2.0,), (8,), (3.0,))
('K.534 KernScores', 'P2', 1, (50, 52), (10,), (2.62,), (10,), (2.75,))
('K.534 KernScores', 'P2', 1, (55, 57), (10,), (4.62,), (10,), (4.75,))
('K.534 KernScores', 'P2', 1, (60, 62), (11,), (2.62,), (11,), (2.75,))
('K.534 KernScores', 'P2', 1, (62, 64), (11,), (2.88,), (11,), (2.94,))
('K.534 KernScores', 'P2', 1, (83, 85), (15,), (2.62,), (15,), (2.75,))
('K.534 KernScores', 'P2', 1, (88, 90), (15,), (4.62,), (15,), (4.75,))
('K.534 KernScores', 'P2', 1, (93, 95), (16,), (2.62,), (16,), (2.75,))
('K.534 KernScores', 'P2', 1, (95, 97), (16,), (2.88,), (16,), (2.94,))
('K.534 KernScores', 'P2', 1, (117, 119), (22,), (2.0,), (22,), (2.25,))
('K.534 KernScores', 'P2', 1, (119, 121), (22,), (2.38,), (22,), (2.5,))
('K.534 KernScores', 'P2', 1, (121, 123), (22,), (2.62,), (22,), (2.75,))
('K.534 KernScores', 'P2', 1, (140, 142), (26,), (2.62,), (26,), (2.75,))
('K.534 KernScores', 'P2', 1, (145, 147), (26,), (4.62,), (26,), (4.75,))
('K.534 KernScores', 'P2', 1, (151, 153), (27,), (2.62,), (27,), (2.75,))
('K.534 KernScores', 'P2', 1, (153, 155), (27,), (2.88,), (27,), (2.94,))
('K.534 KernScores', 'P2', 1, (173, 175), (31,), (2.62,), (31,), (2.75,))
('K.534 KernScores', 'P2', 1, (178, 180), (31,), (4.62,), (31,), (4.75,))
('K.534 KernScores', 'P2', 1, (184, 186), (32,), (2.62,), (32,), (2.75,))
('K.534 KernScores', 'P2', 1, (186, 188), (32,), (2.88,), (32,), (2.94,))
('K.534 KernScores', 'P2', 2, (2, 4), (8,), (3.0,), (8,), (4.0,))

29.    (((6, 5), -2),):
('K.534 KernScores', 'P1', 1, (24, 26), (5,), (1.0,), (5,), (1.75,))
('K.534 KernScores', 'P1', 1, (81, 83), (13,), (4.0,), (14,), (2.0,))
('K.534 KernScores', 'P1', 1, (194, 196), (29,), (4.0,), (30,), (2.0,))
('K.534 KernScores', 'P2', 1, (135, 137), (24,), (4.0,), (25,), (2.0,))

30.    ((-3, -2),):
('K.534 KernScores', 'P1', 1, (161, 163), (25,), (1.5,), (25,), (2.5,))
('K.534 KernScores', 'P1', 1, (164, 166), (25,), (3.75,), (25,), (4.0,))
('K.534 KernScores', 'P2', 1, (20, 22), (4,), (3.0,), (4,), (4.0,))

31.    ((2, 3),):
('K.534 KernScores', 'P1', 1, (141, 143), (22,), (1.5,), (22,), (2.0,))
('K.534 KernScores', 'P1', 1, (151, 153), (23,), (4.5,), (24,), (1.0,))

32.    ((-2, 1),):
('K.534 KernScores', 'P1', 1, (103, 105), (17,), (1.0,), (17,), (1.5,))
('K.534 KernScores', 'P2', 1, (127, 129), (22,), (4.88,), (23,), (1.0,))

33.    ((-2,),):
('K.534 KernScores', 'P1', 1, (59, 60), (10,), (1.0,), (10,), (1.0,))
('K.534 KernScores', 'P1', 1, (64, 65), (10,), (3.0,), (10,), (3.0,))
('K.534 KernScores', 'P1', 1, (69, 70), (11,), (1.0,), (11,), (1.0,))
('K.534 KernScores', 'P1', 1, (75, 76), (12,), (1.0,), (12,), (1.0,))
('K.534 KernScores', 'P1', 1, (92, 93), (15,), (3.0,), (15,), (3.0,))
('K.534 KernScores', 'P1', 1, (97, 98), (16,), (1.0,), (16,), (1.0,))
('K.534 KernScores', 'P1', 1, (103, 104), (17,), (1.0,), (17,), (1.0,))
('K.534 KernScores', 'P1', 1, (108, 109), (17,), (4.0,), (17,), (4.0,))
('K.534 KernScores', 'P1', 1, (117, 118), (18,), (4.0,), (18,), (4.0,))
('K.534 KernScores', 'P1', 1, (119, 120), (18,), (4.88,), (18,), (4.88,))
('K.534 KernScores', 'P1', 1, (162, 163), (25,), (2.5,), (25,), (2.5,))
('K.534 KernScores', 'P1', 1, (172, 173), (26,), (3.0,), (26,), (3.0,))
('K.534 KernScores', 'P1', 1, (177, 178), (27,), (1.0,), (27,), (1.0,))
('K.534 KernScores', 'P1', 1, (181, 182), (27,), (2.0,), (27,), (2.0,))
('K.534 KernScores', 'P1', 1, (183, 184), (27,), (4.0,), (27,), (4.0,))
('K.534 KernScores', 'P1', 1, (205, 206), (31,), (3.0,), (31,), (3.0,))
('K.534 KernScores', 'P1', 1, (211, 212), (32,), (1.5,), (32,), (1.5,))
('K.534 KernScores', 'P1', 1, (217, 218), (33,), (1.0,), (33,), (1.0,))
('K.534 KernScores', 'P1', 1, (219, 220), (33,), (2.0,), (33,), (2.0,))
('K.534 KernScores', 'P1', 1, (221, 222), (33,), (3.0,), (33,), (3.0,))
('K.534 KernScores', 'P1', 1, (223, 224), (33,), (4.0,), (33,), (4.0,))
('K.534 KernScores', 'P1', 1, (232, 233), (34,), (4.0,), (34,), (4.0,))
('K.534 KernScores', 'P1', 1, (234, 235), (34,), (4.88,), (34,), (4.88,))
('K.534 KernScores', 'P1', 2, (8, 9), (14,), (2.5,), (14,), (2.5,))
('K.534 KernScores', 'P1', 2, (14, 15), (30,), (2.5,), (30,), (2.5,))
('K.534 KernScores', 'P2', 1, (19, 20), (4,), (2.0,), (4,), (2.0,))
('K.534 KernScores', 'P2', 1, (21, 22), (4,), (4.0,), (4,), (4.0,))
('K.534 KernScores', 'P2', 1, (49, 50), (10,), (2.0,), (10,), (2.0,))
('K.534 KernScores', 'P2', 1, (54, 55), (10,), (4.0,), (10,), (4.0,))
('K.534 KernScores', 'P2', 1, (59, 60), (11,), (2.0,), (11,), (2.0,))
('K.534 KernScores', 'P2', 1, (79, 80), (14,), (3.0,), (14,), (3.0,))
('K.534 KernScores', 'P2', 1, (82, 83), (15,), (2.0,), (15,), (2.0,))
('K.534 KernScores', 'P2', 1, (87, 88), (15,), (4.0,), (15,), (4.0,))
('K.534 KernScores', 'P2', 1, (92, 93), (16,), (2.0,), (16,), (2.0,))
('K.534 KernScores', 'P2', 1, (127, 128), (22,), (4.88,), (22,), (4.88,))
('K.534 KernScores', 'P2', 1, (136, 137), (25,), (2.0,), (25,), (2.0,))
('K.534 KernScores', 'P2', 1, (139, 140), (26,), (2.0,), (26,), (2.0,))
('K.534 KernScores', 'P2', 1, (144, 145), (26,), (4.0,), (26,), (4.0,))
('K.534 KernScores', 'P2', 1, (150, 151), (27,), (2.5,), (27,), (2.5,))
('K.534 KernScores', 'P2', 1, (169, 170), (30,), (1.0,), (30,), (1.0,))
('K.534 KernScores', 'P2', 1, (172, 173), (31,), (2.0,), (31,), (2.0,))
('K.534 KernScores', 'P2', 1, (177, 178), (31,), (4.0,), (31,), (4.0,))
('K.534 KernScores', 'P2', 1, (183, 184), (32,), (2.5,), (32,), (2.5,))
('K.534 KernScores', 'P2', 2, (1, 2), (8,), (1.0,), (8,), (1.0,))
('K.534 KernScores', 'P2', 2, (13, 14), (14,), (2.5,), (14,), (2.5,))
('K.534 KernScores', 'P2', 2, (22, 23), (30,), (2.5,), (30,), (2.5,))

34.    ((-3,),):
('K.534 KernScores', 'P1', 1, (47, 48), (7,), (4.75,), (7,), (4.75,))
('K.534 KernScores', 'P1', 1, (50, 51), (8,), (3.0,), (8,), (3.0,))
('K.534 KernScores', 'P1', 1, (55, 56), (9,), (3.0,), (9,), (3.0,))
('K.534 KernScores', 'P1', 1, (73, 74), (11,), (2.0,), (11,), (2.0,))
('K.534 KernScores', 'P1', 1, (101, 102), (16,), (2.0,), (16,), (2.0,))
('K.534 KernScores', 'P1', 1, (111, 112), (18,), (1.5,), (18,), (1.5,))
('K.534 KernScores', 'P1', 1, (112, 113), (18,), (2.0,), (18,), (2.0,))
('K.534 KernScores', 'P1', 1, (140, 141), (22,), (1.0,), (22,), (1.0,))
('K.534 KernScores', 'P1', 1, (161, 162), (25,), (1.5,), (25,), (1.5,))
('K.534 KernScores', 'P1', 1, (164, 165), (25,), (3.75,), (25,), (3.75,))
('K.534 KernScores', 'P1', 1, (215, 216), (32,), (2.0,), (32,), (2.0,))
('K.534 KernScores', 'P1', 1, (226, 227), (34,), (1.5,), (34,), (1.5,))
('K.534 KernScores', 'P1', 1, (227, 228), (34,), (2.0,), (34,), (2.0,))
('K.534 KernScores', 'P2', 1, (11, 12), (2,), (1.0,), (2,), (1.0,))
('K.534 KernScores', 'P2', 1, (12, 13), (2,), (2.0,), (2,), (2.0,))
('K.534 KernScores', 'P2', 1, (20, 21), (4,), (3.0,), (4,), (3.0,))
('K.534 KernScores', 'P2', 1, (33, 34), (6,), (1.0,), (6,), (1.0,))
('K.534 KernScores', 'P2', 1, (34, 35), (6,), (2.0,), (6,), (2.0,))
('K.534 KernScores', 'P2', 1, (43, 44), (9,), (1.0,), (9,), (1.0,))
('K.534 KernScores', 'P2', 1, (64, 65), (11,), (3.0,), (11,), (3.0,))
('K.534 KernScores', 'P2', 1, (97, 98), (16,), (3.0,), (16,), (3.0,))
('K.534 KernScores', 'P2', 1, (155, 156), (27,), (3.0,), (27,), (3.0,))
('K.534 KernScores', 'P2', 1, (188, 189), (32,), (3.0,), (32,), (3.0,))
('K.534 KernScores', 'P2', 2, (16, 17), (25,), (2.0,), (25,), (2.0,))

35.    (((6, -2),),):
('K.534 KernScores', 'P1', 1, (129, 130), (20,), (3.5,), (20,), (3.5,))
('K.534 KernScores', 'P1', 1, (130, 131), (20,), (4.0,), (20,), (4.0,))
('K.534 KernScores', 'P1', 1, (131, 132), (20,), (4.5,), (20,), (4.5,))
('K.534 KernScores', 'P1', 1, (132, 133), (21,), (1.0,), (21,), (1.0,))
('K.534 KernScores', 'P1', 1, (133, 134), (21,), (1.5,), (21,), (1.5,))
('K.534 KernScores', 'P1', 1, (134, 135), (21,), (2.0,), (21,), (2.0,))
('K.534 KernScores', 'P1', 1, (135, 136), (21,), (2.5,), (21,), (2.5,))
('K.534 KernScores', 'P1', 1, (136, 137), (21,), (3.0,), (21,), (3.0,))
('K.534 KernScores', 'P1', 1, (137, 138), (21,), (3.5,), (21,), (3.5,))
('K.534 KernScores', 'P1', 1, (138, 139), (21,), (4.0,), (21,), (4.0,))
('K.534 KernScores', 'P2', 1, (131, 132), (23,), (4.0,), (23,), (4.0,))
('K.534 KernScores', 'P2', 1, (133, 134), (24,), (2.0,), (24,), (2.0,))

36.    ((8,),):
('K.534 KernScores', 'P1', 1, (48, 49), (8,), (1.0,), (8,), (1.0,))
('K.534 KernScores', 'P1', 1, (110, 111), (18,), (1.0,), (18,), (1.0,))
('K.534 KernScores', 'P1', 1, (160, 161), (25,), (1.0,), (25,), (1.0,))
('K.534 KernScores', 'P1', 1, (225, 226), (34,), (1.0,), (34,), (1.0,))
('K.534 KernScores', 'P2', 1, (15, 16), (3,), (1.0,), (3,), (1.0,))
('K.534 KernScores', 'P2', 1, (37, 38), (7,), (1.0,), (7,), (1.0,))
('K.534 KernScores', 'P2', 1, (116, 117), (22,), (1.0,), (22,), (1.0,))

37.    ((-7,),):
('K.534 KernScores', 'P1', 1, (128, 129), (20,), (3.0,), (20,), (3.0,))
('K.534 KernScores', 'P2', 1, (80, 81), (14,), (4.0,), (14,), (4.0,))
('K.534 KernScores', 'P2', 1, (137, 138), (25,), (4.0,), (25,), (4.0,))
('K.534 KernScores', 'P2', 1, (170, 171), (30,), (4.0,), (30,), (4.0,))

38.    ((5,),):
('K.534 KernScores', 'P1', 1, (20, 21), (3,), (4.5,), (3,), (4.5,))
('K.534 KernScores', 'P1', 1, (54, 55), (9,), (1.0,), (9,), (1.0,))
('K.534 KernScores', 'P1', 2, (4, 5), (4,), (3.0,), (4,), (3.0,))

