1 .    ('nomes', 'K.158 Musescore') 

2 .    ('quantidade', 1) 

3 .    ('analise', 'sequÍncias IntDiaDurPcompasso sem contidos e intercalados') 

1 .    (((3, -2, 3, -2), (0.25, 0.25, 0.25, 0.25), (2.0, 2.25, 2.5, 2.75)), [[('K.158 Musescore', 'P1', 1, (63, 67), (19, 2.0), (19, 2.75)), ('K.158 Musescore', 'P1', 1, (68, 72), (20, 2.0), (20, 2.75)), ('K.158 Musescore', 'P1', 1, (73, 77), (21, 2.0), (21, 2.75)), ('K.158 Musescore', 'P1', 1, (78, 82), (22, 2.0), (22, 2.75))], [('K.158 Musescore', 'P1', 1, (93, 97), (27, 2.0), (27, 2.75)), ('K.158 Musescore', 'P1', 1, (98, 102), (28, 2.0), (28, 2.75)), ('K.158 Musescore', 'P1', 1, (103, 107), (29, 2.0), (29, 2.75)), ('K.158 Musescore', 'P1', 1, (108, 112), (30, 2.0), (30, 2.75))]]) 

2 .    (((3, -2, 3, -2), (0.25, 0.25, 0.25, 0.25), (1.0, 1.25, 1.5, 1.75)), [[('K.158 Musescore', 'P1', 1, (219, 223), (71, 1.0), (71, 1.75)), ('K.158 Musescore', 'P1', 1, (224, 228), (72, 1.0), (72, 1.75)), ('K.158 Musescore', 'P1', 1, (229, 233), (73, 1.0), (73, 1.75)), ('K.158 Musescore', 'P1', 1, (234, 238), (74, 1.0), (74, 1.75))], [('K.158 Musescore', 'P1', 1, (244, 248), (77, 1.0), (77, 1.75)), ('K.158 Musescore', 'P1', 1, (249, 253), (78, 1.0), (78, 1.75)), ('K.158 Musescore', 'P1', 1, (254, 258), (79, 1.0), (79, 1.75)), ('K.158 Musescore', 'P1', 1, (259, 263), (80, 1.0), (80, 1.75))]]) 

3 .    (((2, 2, 2), (0.5, 0.25, 0.25), (2.0, 2.5, 2.75)), [[('K.158 Musescore', 'P1', 1, (16, 19), (7, 2.0), (7, 2.75)), ('K.158 Musescore', 'P1', 1, (20, 23), (8, 2.0), (8, 2.75)), ('K.158 Musescore', 'P1', 1, (24, 27), (9, 2.0), (9, 2.75)), ('K.158 Musescore', 'P1', 1, (28, 31), (10, 2.0), (10, 2.75))], [('K.158 Musescore', 'P1', 1, (38, 41), (13, 2.0), (13, 2.75)), ('K.158 Musescore', 'P1', 1, (42, 45), (14, 2.0), (14, 2.75)), ('K.158 Musescore', 'P1', 1, (46, 49), (15, 2.0), (15, 2.75))], [('K.158 Musescore', 'P1', 1, (205, 208), (67, 2.0), (67, 2.75)), ('K.158 Musescore', 'P1', 1, (209, 212), (68, 2.0), (68, 2.75))], [('K.158 Musescore', 'P1', 3, (149, 152), (63, 2.0), (63, 2.75)), ('K.158 Musescore', 'P1', 3, (153, 156), (64, 2.0), (64, 2.75))]]) 

4 .    (((2, 2, -2), (0.25, 0.25, 2.0), (2.5, 2.75, 3.0)), [[('K.158 Musescore', 'P1', 1, (202, 205), (66, 2.5), (66, 3.0)), ('K.158 Musescore', 'P1', 1, (206, 209), (67, 2.5), (67, 3.0))], [('K.158 Musescore', 'P1', 3, (146, 149), (62, 2.5), (62, 3.0)), ('K.158 Musescore', 'P1', 3, (150, 153), (63, 2.5), (63, 3.0))]]) 

5 .    (((-3, -5), (1.0, 1.0), (1.0, 2.0)), [[('K.158 Musescore', 'P1', 3, (174, 176), (71, 1.0), (71, 2.0)), ('K.158 Musescore', 'P1', 3, (177, 179), (72, 1.0), (72, 2.0)), ('K.158 Musescore', 'P1', 3, (180, 182), (73, 1.0), (73, 2.0))], [('K.158 Musescore', 'P1', 3, (189, 191), (76, 1.0), (76, 2.0)), ('K.158 Musescore', 'P1', 3, (192, 194), (77, 1.0), (77, 2.0)), ('K.158 Musescore', 'P1', 3, (195, 197), (78, 1.0), (78, 2.0)), ('K.158 Musescore', 'P1', 3, (198, 200), (79, 1.0), (79, 2.0))]]) 

6 .    (((6, -3), (1.0, 1.0), (3.0, 1.0)), [[('K.158 Musescore', 'P1', 3, (173, 175), (71, 3.0), (71, 1.0)), ('K.158 Musescore', 'P1', 3, (176, 178), (72, 3.0), (72, 1.0)), ('K.158 Musescore', 'P1', 3, (179, 181), (73, 3.0), (73, 1.0))]]) 

7 .    (((6, -4), (1.0, 1.0), (1.0, 2.0)), [[('K.158 Musescore', 'P1', 3, (43, 45), (20, 1.0), (20, 2.0)), ('K.158 Musescore', 'P1', 3, (46, 48), (21, 1.0), (21, 2.0))], [('K.158 Musescore', 'P1', 3, (66, 68), (28, 1.0), (28, 2.0)), ('K.158 Musescore', 'P1', 3, (69, 71), (29, 1.0), (29, 2.0))]]) 

