1 .    ('nomes', 'K.502 KernScores') 

2 .    ('quantidade', 1) 

3 .    ('analise', 'recorręncias IntDiaDur sem contidos e intercalados') 

1 .    ((((2, 1), (2, 8), -8, (2, 1), (2, 8), -8, (2, 1), (2, 2), 2, 2, -2, -2, -2, 7, 2, -4, 2, -4, 2, 3, -2, -3, 2, -3), ((0.0, 1.0), (0.0, 1.0), 1.0, (0.0, 1.0), (0.0, 1.0), 1.0, (0.0, 1.0), (0.0, 1.0), 0.33, 0.33, 0.33, 1.0, 1.0, 0.75, 0.25, 0.75, 0.25, 0.75, 0.25, 0.75, 0.25, 0.75, 0.25, 0.75)), [('K.502 KernScores', 'P1', 1, (218, 242), (64, 2.0), (69, 3.0)), ('K.502 KernScores', 'P1', 1, (485, 509), (123, 2.0), (128, 3.0))]) 

2 .    (((-2, 3, -2, -4, 2, -4, 2, -4, 2, -4, 2, -4, 2, 3, -5, 3, 2, 3, -2, 3, -2), (0.25, 2.75, 0.25, 0.75, 0.25, 0.75, 0.25, 0.75, 0.25, 0.75, 0.25, 0.75, 0.25, 0.75, 0.25, 0.75, 0.25, 0.75, 0.25, 0.75, 0.25)), [('K.502 KernScores', 'P1', 1, (179, 200), (55, 1.75), (59, 1.75)), ('K.502 KernScores', 'P1', 1, (444, 465), (114, 1.75), (118, 1.75))]) 

3 .    ((((8, 8), (8, -9), (8, 8), (8, -9), (8, 8), (8, -9), (8, 8), (8, -9), (8, 8), (8, -9), (8, 8), (8, -9), (8, 8), (8, -8), (8, 2), (8, 2), (8, 2), (8, 2), (8, 2), (8, 2)), ((0.0, 1.0), (0.0, 1.0), (0.0, 1.0), (0.0, 1.0), (0.0, 1.0), (0.0, 1.0), (0.0, 1.0), (0.0, 1.0), (0.0, 1.0), (0.0, 1.0), (0.0, 1.0), (0.0, 1.0), (0.0, 1.0), (0.0, 1.0), (0.0, 1.0), (0.0, 1.0), (0.0, 1.0), (0.0, 1.0), (0.0, 1.0), (0.0, 1.0))), [('K.502 KernScores', 'P2', 1, (216, 236), (97, 3.0), (102, 1.0)), ('K.502 KernScores', 'P2', 1, (241, 261), (104, 1.0), (109, 2.0))]) 

4 .    (((-2, 2, 2, -4, 2, -4, 2, -4, 2, 6, -2, 2, 2, -5, 2, -4, 2, -3, 2), (1.5, 0.25, 0.25, 0.75, 0.25, 0.75, 0.25, 0.75, 0.25, 1.0, 1.5, 0.25, 0.25, 0.75, 0.25, 0.75, 0.25, 0.75, 0.25)), [('K.502 KernScores', 'P1', 1, (272, 291), (83, 2.0), (86, 3.75)), ('K.502 KernScores', 'P1', 1, (292, 311), (87, 2.0), (90, 3.75))]) 

5 .    (((-2, -2, -2, 1, -2, -2, -2, 7, -2, -2, -2, 1, -2, -2, -2), (0.33, 0.33, 0.33, 2.0, 0.33, 0.33, 0.33, 2.0, 0.33, 0.33, 0.33, 2.0, 0.33, 0.33, 0.33)), [('K.502 KernScores', 'P1', 1, (36, 51), (12, 2.0), (15, 2.67)), ('K.502 KernScores', 'P1', 1, (74, 89), (22, 2.0), (25, 2.67))]) 

6 .    (((3, -2, 1, 2, -3, (2, 1), (2, 3), -3, (2, 1), (2, 2), 2, 2, -2, -2), (0.75, 0.25, 1.0, 1.75, 0.25, (0.0, 1.0), (0.0, 1.75), 0.25, (0.0, 1.0), (0.0, 1.0), 0.33, 0.33, 0.33, 1.0)), [('K.502 KernScores', 'P1', 1, (202, 216), (60, 1.0), (63, 2.0)), ('K.502 KernScores', 'P1', 1, (469, 483), (119, 1.0), (122, 2.0))]) 

7 .    (((2, 2, 4, -2, 2, -6, 2, 2, 4, -2, 2, -7, 2, 2), (1.0, 1.0, 1.0, 1.0, 1.0, 1.0, 1.0, 1.0, 1.0, 1.0, 1.0, 1.0, 1.0, 1.0)), [('K.502 KernScores', 'P2', 2, (9, 23), (23, 1.0), (27, 2.0)), ('K.502 KernScores', 'P2', 2, (24, 38), (45, 1.0), (49, 2.0))]) 

8 .    (((1, 1, 1, -2, 2, -2, 4, 3, -6, 3, -2, 1, -2), (1.0, 1.0, 7.0, 2.0, 10.0, 2.0, 7.0, 0.75, 0.25, 0.75, 0.25, 1.0, 2.0)), [('K.502 KernScores', 'P1', 2, (23, 36), (60, 1.0), (71, 1.0)), ('K.502 KernScores', 'P1', 2, (63, 76), (119, 1.0), (130, 1.0))]) 

9 .    (((-8, 4, -5, (8, 2), (8, 2), (8, -3), (8, 2), (8, 2), (8, -3), (8, 2), (8, 9), -2, -2), (1.0, 1.0, 1.0, (0.0, 1.0), (0.0, 1.0), (0.0, 1.0), (0.0, 1.0), (0.0, 1.0), (0.0, 1.0), (0.0, 1.0), (0.0, 1.0), 0.33, 0.33)), [('K.502 KernScores', 'P2', 1, (116, 129), (59, 2.0), (63, 1.33)), ('K.502 KernScores', 'P2', 1, (130, 143), (63, 2.0), (67, 1.33))]) 

10 .    (((-8, -5, (8, 4), (8, 2), (8, 2), (8, -3), (8, 2), (8, 2), (8, -3), (8, 2), (8, 9), -2, -2), (1.0, 1.0, (0.0, 1.0), (0.0, 1.0), (0.0, 1.0), (0.0, 1.0), (0.0, 1.0), (0.0, 1.0), (0.0, 1.0), (0.0, 1.0), (0.0, 1.0), 0.33, 0.33)), [('K.502 KernScores', 'P2', 1, (280, 293), (118, 1.0), (122, 3.33)), ('K.502 KernScores', 'P2', 1, (294, 307), (122, 1.0), (126, 3.33))]) 

11 .    (((-2, 2, 2, -2, -2, 2, 2, -2, -2, 2, 2, -2), (0.62, 0.12, 0.12, 0.12, 0.62, 0.12, 0.12, 0.12, 0.62, 0.12, 0.12, 0.12)), [('K.502 KernScores', 'P1', 1, (385, 397), (104, 1.0), (105, 1.88)), ('K.502 KernScores', 'P1', 1, (401, 413), (106, 1.0), (107, 1.88))]) 

12 .    (((-2, -2, 3, -2, -2, -2, 3, -2, -2, -2, 3), (0.12, 0.12, 0.25, 0.5, 0.12, 0.12, 0.25, 0.5, 0.12, 0.12, 0.25)), [('K.502 KernScores', 'P1', 1, (339, 350), (97, 2.0), (98, 2.25)), ('K.502 KernScores', 'P1', 1, (351, 362), (99, 1.0), (100, 1.25))]) 

13 .    ((((8, -3), (8, -3), (8, -3), (8, -3), (8, -3), (8, 10), (8, -3), (8, -3), (8, -3), (8, -3), (8, -3)), ((0.0, 1.0), (0.0, 1.0), (0.0, 1.0), (0.0, 1.0), (0.0, 1.0), (0.0, 1.0), (0.0, 1.0), (0.0, 1.0), (0.0, 1.0), (0.0, 1.0), (0.0, 1.0))), [('K.502 KernScores', 'P2', 1, (1, 12), (8, 2.0), (11, 3.0)), ('K.502 KernScores', 'P2', 1, (18, 29), (16, 2.0), (19, 3.0))]) 

14 .    (((-8, 4, 15, 1, 1, -2, -7, 8, 1, 1, -2), (1.0, 1.0, 2.0, 1.0, 1.0, 1.0, 1.0, 2.0, 1.0, 1.0, 1.0)), [('K.502 KernScores', 'P2', 1, (98, 109), (51, 2.0), (55, 2.0)), ('K.502 KernScores', 'P2', 1, (262, 273), (110, 1.0), (114, 1.0))]) 

15 .    (((2, 2, -7, 2, 2, 3, -2, -3, -5, 2, 2), (1.0, 1.0, 1.0, 1.0, 1.0, 34.0, 1.0, 1.0, 1.0, 1.0, 1.0)), [('K.502 KernScores', 'P2', 2, (39, 50), (56, 1.0), (70, 2.0)), ('K.502 KernScores', 'P2', 2, (87, 98), (115, 3.0), (129, 1.0))]) 

16 .    (((1, 1, 1, 1, 1, -3, -3, -2, -3), (1.0, 1.0, 1.0, 1.0, 1.0, 1.0, 1.0, 1.0, 1.0)), [('K.502 KernScores', 'P2', 1, (50, 59), (31, 2.0), (34, 1.0)), ('K.502 KernScores', 'P2', 1, (60, 69), (35, 2.0), (38, 1.0))]) 

17 .    ((((6, -3), (6, 2), (6, 2), (6, -3), (6, 2), (6, 2), (6, -3), (6, 2)), ((0.0, 1.0), (0.0, 1.0), (0.0, 1.0), (0.0, 1.0), (0.0, 1.0), (0.0, 1.0), (0.0, 1.0), (0.0, 1.0))), [('K.502 KernScores', 'P1', 1, (124, 132), (39, 1.0), (41, 2.0)), ('K.502 KernScores', 'P1', 1, (133, 141), (42, 1.0), (44, 2.0))]) 

18 .    ((((8, 2), (8, 2), (8, -3), (8, 2), (8, 2), (8, -3), (8, 2), (8, 2)), ((0.0, 1.0), (0.0, 1.0), (0.0, 1.0), (0.0, 1.0), (0.0, 1.0), (0.0, 1.0), (0.0, 1.0), (0.0, 1.0))), [('K.502 KernScores', 'P2', 1, (71, 79), (39, 1.0), (41, 2.0)), ('K.502 KernScores', 'P2', 1, (80, 88), (42, 1.0), (44, 2.0))]) 

19 .    (((-2, -2, -2, 7, -2, -2, -2), (0.33, 0.33, 0.33, 2.0, 0.33, 0.33, 0.33)), [('K.502 KernScores', 'P1', 1, (143, 150), (45, 2.0), (46, 2.67)), ('K.502 KernScores', 'P1', 1, (151, 158), (47, 2.0), (48, 2.67))]) 

20 .    ((((5, 2), (4, -2), (5, 4), -5, -3, 4, -5), ((0.0, 3.0), (0.0, 3.0), (0.0, 3.0), 3.0, 1.0, 1.0, 1.0)), [('K.502 KernScores', 'P2', 1, (39, 46), (24, 1.0), (28, 3.0)), ('K.502 KernScores', 'P2', 1, (90, 97), (46, 1.0), (50, 3.0))]) 

21 .    ((((3, 3, 1), (3, 3, 2), (4, -2), (3, 1), (3, -2), (4, 4), -4), ((0.0, 0.0, 1.0), (0.0, 0.0, 1.0), (0.0, 3.0), (0.0, 1.0), (0.0, 1.0), (0.0, 1.0), 3.0)), [('K.502 KernScores', 'P2', 1, (183, 190), (84, 2.0), (87, 1.0)), ('K.502 KernScores', 'P2', 1, (191, 198), (88, 2.0), (91, 1.0))]) 

22 .    (((1, 1, 1, -2, 2, 2), (1.0, 1.0, 1.0, 1.5, 0.25, 0.25)), [('K.502 KernScores', 'P1', 1, (53, 59), (16, 2.0), (17, 3.75)), ('K.502 KernScores', 'P1', 1, (60, 66), (18, 2.0), (19, 3.75)), ('K.502 KernScores', 'P1', 1, (67, 73), (20, 2.0), (21, 3.75))]) 

23 .    (((1, 1, 1, -2, -2, 2), (1.0, 1.0, 1.0, 1.5, 0.25, 0.25)), [('K.502 KernScores', 'P1', 1, (22, 28), (8, 2.0), (9, 3.75)), ('K.502 KernScores', 'P1', 1, (29, 35), (10, 2.0), (11, 3.75))]) 

24 .    (((-3, 3, 8, -3, -4, 2), (1.0, 1.0, 2.0, 1.0, 1.0, 1.0)), [('K.502 KernScores', 'P1', 1, (109, 115), (31, 1.0), (33, 1.0)), ('K.502 KernScores', 'P1', 1, (116, 122), (35, 1.0), (37, 1.0))]) 

25 .    (((1, -3, -2, 3, -2, -2), (0.25, 1.75, 0.25, 0.75, 0.25, 1.0)), [('K.502 KernScores', 'P1', 1, (243, 249), (70, 1.75), (71, 2.0)), ('K.502 KernScores', 'P1', 1, (423, 429), (109, 1.75), (110, 2.0))]) 

26 .    (((2, -4, 2, -4, 2), (0.25, 0.75, 0.25, 0.75, 0.25)), [('K.502 KernScores', 'P1', 1, (266, 271), (82, 1.75), (82, 3.75)), ('K.502 KernScores', 'P1', 1, (314, 319), (91, 3.75), (92, 2.75)), ('K.502 KernScores', 'P1', 1, (438, 443), (113, 1.75), (113, 3.75))]) 

27 .    (((3, -2, 3, -2, 3), (0.75, 0.25, 0.75, 0.25, 0.75)), [('K.502 KernScores', 'P1', 1, (367, 372), (101, 1.0), (101, 3.0)), ('K.502 KernScores', 'P1', 1, (373, 378), (102, 1.0), (102, 3.0)), ('K.502 KernScores', 'P1', 1, (417, 422), (108, 1.0), (108, 3.0))]) 

28 .    (((8, -9, 8, -9, 8), (1.0, 1.0, 1.0, 1.0, 1.0)), [('K.502 KernScores', 'P2', 1, (202, 207), (94, 1.0), (95, 2.0)), ('K.502 KernScores', 'P2', 1, (208, 213), (95, 1.0), (96, 2.0))]) 

29 .    (((-2, -2, 3, -2, -2), (1.0, 1.0, 1.0, 1.0, 1.0)), [('K.502 KernScores', 'P2', 1, (166, 171), (77, 2.0), (78, 3.0)), ('K.502 KernScores', 'P2', 1, (172, 177), (79, 2.0), (80, 3.0))]) 

30 .    (((2, 2, 2, 2, 2), (0.33, 0.33, 0.33, 0.33, 0.33)), [('K.502 KernScores', 'P1', 1, (94, 99), (27, 1.33), (27, 2.67)), ('K.502 KernScores', 'P1', 1, (161, 166), (49, 2.0), (49, 3.33))]) 

31 .    (((7, -2, -7, (6, -2), (6, -2)), (1.0, 1.0, 1.0, (0.0, 1.0), (0.0, 1.0))), [('K.502 KernScores', 'P1', 1, (100, 105), (28, 1.0), (29, 2.0)), ('K.502 KernScores', 'P1', 1, (167, 172), (50, 1.0), (51, 2.0))]) 

32 .    (((-2, -2, -2, -2, -2), (0.75, 0.25, 0.75, 0.25, 0.75)), [('K.502 KernScores', 'P1', 1, (379, 384), (103, 1.0), (103, 3.0)), ('K.502 KernScores', 'P1', 2, (50, 55), (81, 1.0), (81, 3.0))]) 

33 .    (((-6, 2, 1, -2, 2), (1.0, 1.0, 1.0, 1.5, 0.25)), [('K.502 KernScores', 'P1', 2, (37, 42), (73, 2.0), (74, 3.5)), ('K.502 KernScores', 'P1', 2, (44, 49), (75, 2.0), (76, 3.5))]) 

34 .    (((2, -2, -5, 2, -8), (1.0, 3.0, 3.0, 1.0, 1.0)), [('K.502 KernScores', 'P2', 1, (147, 152), (68, 3.0), (71, 2.0)), ('K.502 KernScores', 'P2', 1, (311, 316), (127, 2.0), (130, 1.0))]) 

35 .    (((8, -2, -2, -2, -2), (1.0, 1.0, 1.0, 1.0, 1.0)), [('K.502 KernScores', 'P2', 1, (154, 159), (73, 1.0), (74, 2.0)), ('K.502 KernScores', 'P2', 1, (160, 165), (75, 1.0), (76, 2.0))]) 

36 .    (((4, -2, -3, 2, -2), (4.0, 1.0, 1.0, 4.0, 1.0)), [('K.502 KernScores', 'P2', 2, (65, 70), (83, 3.0), (87, 1.0)), ('K.502 KernScores', 'P2', 2, (71, 76), (87, 3.0), (91, 1.0))]) 

37 .    (((2, -3, 2, 1), (5.0, 1.0, 1.0, 1.0)), [('K.502 KernScores', 'P1', 2, (1, 5), (32, 1.0), (34, 2.0)), ('K.502 KernScores', 'P1', 2, (6, 10), (36, 1.0), (38, 2.0))]) 

38 .    (((-7, -2, -2, 2), (3.0, 1.0, 1.0, 1.0)), [('K.502 KernScores', 'P2', 1, (111, 115), (57, 1.0), (58, 3.0)), ('K.502 KernScores', 'P2', 1, (275, 279), (116, 3.0), (117, 2.0))]) 

39 .    (((2, -4, 2), (0.25, 0.75, 0.25)), [('K.502 KernScores', 'P1', 1, (432, 435), (111, 2.75), (111, 3.75)), ('K.502 KernScores', 'P1', 2, (12, 15), (52, 2.75), (52, 3.75)), ('K.502 KernScores', 'P1', 2, (16, 19), (54, 2.75), (54, 3.75))]) 

40 .    ((((3, -5), (8, 4), (3, -5)), ((0.0, 1.0), (0.0, 1.0), (0.0, 1.0))), [('K.502 KernScores', 'P1', 1, (9, 12), (4, 1.0), (4, 3.0)), ('K.502 KernScores', 'P1', 1, (13, 16), (5, 2.0), (6, 1.0))]) 

41 .    (((2, -2, 2), (2.0, 1.0, 2.0)), [('K.502 KernScores', 'P2', 2, (53, 56), (77, 2.0), (78, 2.0)), ('K.502 KernScores', 'P2', 2, (57, 60), (79, 2.0), (80, 2.0))]) 

42 .    (((4, -2, -2), (1.0, 0.0, 1.5)), [('K.502 KernScores', 'P1', 1, (253, 256), (78, 1.0), (78, 2.0)), ('K.502 KernScores', 'P1', 1, (257, 260), (79, 1.0), (79, 2.0))]) 

43 .    (((3, -2), (0.75, 0.25)), [('K.502 KernScores', 'P1', 1, (510, 512), (129, 3.0), (129, 3.75)), ('K.502 KernScores', 'P1', 2, (58, 60), (109, 2.0), (109, 2.75))]) 

44 .    ((((8, -3), (8, -3)), ((0.0, 1.0), (0.0, 1.0))), [('K.502 KernScores', 'P2', 1, (30, 32), (20, 2.0), (20, 3.0)), ('K.502 KernScores', 'P2', 1, (33, 35), (21, 2.0), (21, 3.0))]) 

45 .    (((2, 2), (1.0, 1.0)), [('K.502 KernScores', 'P2', 2, (0, 2), (13, 1.0), (13, 2.0)), ('K.502 KernScores', 'P2', 2, (6, 8), (15, 1.0), (15, 2.0))]) 

46 .    (((-2, -2), (0.12, 0.12)), [('K.502 KernScores', 'P1', 1, (363, 365), (100, 2.0), (100, 2.12)), ('K.502 KernScores', 'P1', 1, (414, 416), (107, 2.62), (107, 2.75))]) 

47 .    (((-8, 4), (1.0, 1.0)), [('K.502 KernScores', 'P2', 1, (47, 49), (29, 2.0), (29, 3.0)), ('K.502 KernScores', 'P2', 1, (144, 146), (67, 2.0), (67, 3.0))]) 

48 .    (((6, -2), (1.0, 1.5)), [('K.502 KernScores', 'P1', 1, (261, 263), (80, 1.0), (80, 2.0)), ('K.502 KernScores', 'P1', 1, (321, 323), (93, 1.0), (93, 2.0))]) 

49 .    ((((3, 3, 2), (4, -2)), ((0.0, 0.0, 1.0), (0.0, 3.0))), [('K.502 KernScores', 'P2', 1, (13, 15), (12, 3.0), (13, 1.0)), ('K.502 KernScores', 'P2', 1, (180, 182), (82, 3.0), (83, 1.0))]) 

50 .    (((-2, -2), (2.0, 2.0)), [('K.502 KernScores', 'P2', 2, (81, 83), (94, 1.0), (94, 3.0)), ('K.502 KernScores', 'P2', 2, (84, 86), (95, 1.0), (96, 3.0))]) 

51 .    ((((3, 1), (3, -3)), ((0.0, 1.0), (0.0, 1.0))), [('K.502 KernScores', 'P1', 1, (2, 4), (1, 3.0), (2, 1.0)), ('K.502 KernScores', 'P1', 1, (5, 7), (2, 3.0), (3, 1.0))]) 

52 .    (((2,), (0.25,)), [('K.502 KernScores', 'P1', 1, (173, 174), (52, 1.75), (52, 1.75)), ('K.502 KernScores', 'P1', 1, (177, 178), (54, 1.75), (54, 1.75)), ('K.502 KernScores', 'P1', 1, (324, 325), (93, 3.75), (93, 3.75))]) 

53 .    (((-2,), (1.0,)), [('K.502 KernScores', 'P1', 1, (514, 515), (130, 2.0), (130, 2.0)), ('K.502 KernScores', 'P2', 1, (37, 38), (22, 3.0), (22, 3.0)), ('K.502 KernScores', 'P2', 2, (3, 4), (14, 1.0), (14, 1.0)), ('K.502 KernScores', 'P2', 2, (63, 64), (83, 1.0), (83, 1.0)), ('K.502 KernScores', 'P2', 2, (78, 79), (93, 1.0), (93, 1.0))]) 

54 .    (((1,), (1.0,)), [('K.502 KernScores', 'P1', 1, (107, 108), (30, 2.0), (30, 2.0)), ('K.502 KernScores', 'P1', 1, (251, 252), (77, 1.0), (77, 1.0)), ('K.502 KernScores', 'P1', 2, (20, 21), (58, 3.0), (58, 3.0)), ('K.502 KernScores', 'P2', 1, (178, 179), (82, 1.0), (82, 1.0))]) 

55 .    (((-2,), (0.33,)), [('K.502 KernScores', 'P1', 1, (90, 91), (26, 2.0), (26, 2.0)), ('K.502 KernScores', 'P1', 1, (92, 93), (26, 2.67), (26, 2.67)), ('K.502 KernScores', 'P1', 1, (159, 160), (49, 1.33), (49, 1.33))]) 

56 .    (((-2,), (0.25,)), [('K.502 KernScores', 'P1', 1, (175, 176), (53, 1.75), (53, 1.75)), ('K.502 KernScores', 'P1', 1, (436, 437), (112, 1.75), (112, 1.75)), ('K.502 KernScores', 'P1', 1, (466, 467), (118, 2.75), (118, 2.75))]) 

57 .    ((((8, 8),), ((0.0, 1.0),)), [('K.502 KernScores', 'P2', 1, (214, 215), (97, 1.0), (97, 1.0)), ('K.502 KernScores', 'P2', 1, (239, 240), (104, 2.0), (104, 2.0))]) 

58 .    (((6,), (0.75,)), [('K.502 KernScores', 'P1', 1, (331, 332), (95, 2.0), (95, 2.0)), ('K.502 KernScores', 'P1', 1, (333, 334), (96, 1.0), (96, 1.0))]) 

