1 .    ('nomes', 'K.205 KernScores') 

2 .    ('quantidade', 1) 

3 .    ('analise', 'sequęncias IntDiaDurPcompasso sem contidos e intercalados') 

1 .    (((2, 2, -2, -2, -2, -2, 2, 2, -2, -2, -2), (1.0, 1.0, 1.0, 1.0, 1.0, 1.0, 1.0, 1.0, 1.0, 1.0, 1.0), (7.0, 8.0, 9.0, 10.0, 11.0, 12.0, 1.0, 2.0, 3.0, 4.0, 5.0)), [[('K.205 KernScores', 'P1', 1, (233, 244), (40, 7.0), (41, 5.0)), ('K.205 KernScores', 'P1', 1, (245, 256), (41, 7.0), (42, 5.0))], [('K.205 KernScores', 'P2', 1, (130, 141), (43, 7.0), (44, 5.0)), ('K.205 KernScores', 'P2', 1, (142, 153), (44, 7.0), (45, 5.0))]]) 

2 .    (((3, 3, 3, 1, -2), (0.25, 0.25, 0.25, 0.25, 0.5), (2.0, 2.25, 2.5, 2.75, 1.0)), [[('K.205 KernScores', 'P1', 1, (696, 701), (95, 2.0), (96, 1.0)), ('K.205 KernScores', 'P1', 1, (702, 707), (96, 2.0), (97, 1.0)), ('K.205 KernScores', 'P1', 1, (708, 713), (97, 2.0), (98, 1.0))], [('K.205 KernScores', 'P1', 1, (736, 741), (101, 2.0), (102, 1.0)), ('K.205 KernScores', 'P1', 1, (742, 747), (102, 2.0), (103, 1.0))], [('K.205 KernScores', 'P1', 1, (764, 769), (105, 2.0), (106, 1.0)), ('K.205 KernScores', 'P1', 1, (770, 775), (106, 2.0), (107, 1.0))], [('K.205 KernScores', 'P1', 1, (792, 797), (109, 2.0), (110, 1.0)), ('K.205 KernScores', 'P1', 1, (798, 803), (110, 2.0), (111, 1.0))]]) 

3 .    (((2, -3, -2, 3, 2, -3, -2), (3.0, 3.0, 3.0, 3.0, 3.0, 3.0, 3.0), (4.0, 7.0, 10.0, 1.0, 4.0, 7.0, 10.0)), [[('K.205 KernScores', 'P2', 1, (169, 176), (48, 4.0), (49, 10.0)), ('K.205 KernScores', 'P2', 1, (177, 184), (50, 4.0), (51, 10.0))], [('K.205 KernScores', 'P2', 1, (461, 468), (120, 4.0), (121, 10.0)), ('K.205 KernScores', 'P2', 1, (469, 476), (122, 4.0), (123, 10.0))]]) 

4 .    (((2, -3, 2, 5, 2, -3, 2), (2.0, 1.0, 1.0, 2.0, 2.0, 1.0, 1.0), (3.0, 5.0, 6.0, 7.0, 9.0, 11.0, 12.0)), [[('K.205 KernScores', 'P1', 1, (926, 933), (125, 3.0), (125, 12.0)), ('K.205 KernScores', 'P1', 1, (934, 941), (126, 3.0), (126, 12.0))], [('K.205 KernScores', 'P1', 1, (951, 958), (128, 3.0), (128, 12.0)), ('K.205 KernScores', 'P1', 1, (959, 966), (129, 3.0), (129, 12.0))]]) 

5 .    (((2, -3, -2), (3.0, 3.0, 3.0), (4.0, 7.0, 10.0)), [[('K.205 KernScores', 'P2', 1, (341, 344), (87, 4.0), (87, 10.0)), ('K.205 KernScores', 'P2', 1, (345, 348), (88, 4.0), (88, 10.0))]]) 

6 .    (((3, 3, 3, 1, -2), (0.25, 0.25, 0.25, 0.25, 0.5), (1.0, 1.25, 1.5, 1.75, 2.0)), [[('K.205 KernScores', 'P1', 1, (104, 109), (20, 1.0), (21, 2.0)), ('K.205 KernScores', 'P1', 1, (110, 115), (21, 1.0), (22, 2.0))], [('K.205 KernScores', 'P2', 1, (33, 38), (12, 1.0), (13, 2.0)), ('K.205 KernScores', 'P2', 1, (39, 44), (13, 1.0), (14, 2.0))], [('K.205 KernScores', 'P2', 1, (65, 70), (22, 1.0), (23, 2.0)), ('K.205 KernScores', 'P2', 1, (71, 76), (23, 1.0), (24, 2.0))]]) 

7 .    (((-2, -2, -2, 6), (0.5, 0.25, 0.25, 0.5), (1.0, 1.5, 1.75, 2.0)), [[('K.205 KernScores', 'P1', 1, (0, 4), (1, 1.0), (2, 2.0)), ('K.205 KernScores', 'P1', 1, (5, 9), (2, 1.0), (3, 2.0))], [('K.205 KernScores', 'P2', 1, (1, 5), (5, 1.0), (6, 2.0)), ('K.205 KernScores', 'P2', 1, (6, 10), (6, 1.0), (7, 2.0))]]) 

8 .    ((((3, -2), (3, -2), (3, 2, -2)), ((0.0, 3.0), (0.0, 3.0), (0.0, 0.0, 3.0)), (4.0, 7.0, 10.0)), [[('K.205 KernScores', 'P2', 1, (481, 484), (125, 4.0), (125, 10.0)), ('K.205 KernScores', 'P2', 1, (485, 488), (126, 4.0), (126, 10.0))], [('K.205 KernScores', 'P2', 1, (495, 498), (128, 4.0), (128, 10.0)), ('K.205 KernScores', 'P2', 1, (499, 502), (129, 4.0), (129, 10.0))]]) 

