1.    nomes:
K.323 Musescore

2.    quantidade:
1

3.    analise:
[('intDia', 'p1p2'), ('duracao', 'p1p2')] SemContInte Distancia: 0

1.    ((3, -3, -2, 3, -3, -2, 3, -3, -2, 3, -3, -2, 3, -3, -2, 6, 3, -3, -2, 3, -3, -2, 3, -3, -2, 3, -3, -2, 3, -3, -2), (1.0, 1.0, 1.0, 1.0, 1.0, 1.0, 1.0, 1.0, 1.0, 1.0, 1.0, 1.0, 1.0, 1.0, 1.0, 3.0, 1.0, 1.0, 1.0, 1.0, 1.0, 1.0, 1.0, 1.0, 1.0, 1.0, 1.0, 1.0, 1.0, 1.0, 1.0)):
('K.323 Musescore', 'P1', 2, (23, 54), (6,), (4.0,), (11,), (6.0,))
('K.323 Musescore', 'P1', 2, (57, 88), (13,), (4.0,), (18,), (6.0,))

2.    ((2, -3, -3, 2, 3, 2, -3, -3, 2, 3, 2, -3, 6, 2, -4, -3, 2, 3, -6, 2, 6, -2, -2, -2, -2, 2), (1.0, 1.0, 1.0, 2.0, 1.0, 1.0, 1.0, 1.0, 2.0, 1.0, 1.0, 1.0, 1.0, 1.0, 1.0, 1.0, 1.0, 1.0, 1.0, 1.0, 1.0, 1.0, 1.0, 1.0, 1.0, 1.0)):
('K.323 Musescore', 'P1', 1, (76, 102), (21,), (3.0,), (25,), (6.0,))
('K.323 Musescore', 'P1', 1, (104, 130), (26,), (3.0,), (30,), (6.0,))

3.    ((-3, -3, 2, 3, 2, -3, -3, 2, 3, 2, -3, -3, 2, 5, -3, 2, -4, -3, 2, 3, -3, -2, -2, -2), (1.0, 1.0, 2.0, 1.0, 1.0, 1.0, 1.0, 2.0, 1.0, 1.0, 1.0, 1.0, 1.0, 1.0, 1.0, 1.0, 1.0, 1.0, 1.0, 1.0, 1.0, 2.0, 1.0, 1.0)):
('K.323 Musescore', 'P1', 1, (195, 219), (45,), (4.0,), (49,), (6.0,))
('K.323 Musescore', 'P1', 1, (222, 246), (50,), (4.0,), (54,), (6.0,))

4.    ((-2, 2, -2, 2, -2, -3, 2, 2, -5, 6, -2, 2, -2, 2, -2, -3, 2, 2, -5), (3.0, 3.0, 3.0, 3.0, 3.0, 3.0, 3.0, 3.0, 3.0, 3.0, 3.0, 3.0, 3.0, 3.0, 3.0, 3.0, 3.0, 3.0, 3.0)):
('K.323 Musescore', 'P1', 2, (93, 112), (21,), (4.0,), (30,), (4.0,))
('K.323 Musescore', 'P1', 2, (161, 180), (45,), (4.0,), (54,), (4.0,))

5.    (((3, 1), (3, 1), (3, 1), (3, 2), (3, 4), -3, -3, 1, (3, 1), (3, 1), (3, 1), (3, 2), (3, 4), -3), ((0.0, 3.0), (0.0, 3.0), (0.0, 3.0), (0.0, 3.0), (0.0, 3.0), 1.0, 1.0, 1.0, (0.0, 3.0), (0.0, 3.0), (0.0, 3.0), (0.0, 3.0), (0.0, 3.0), 1.0)):
('K.323 Musescore', 'P1', 1, (27, 41), (6,), (4.0,), (12,), (1.0,))
('K.323 Musescore', 'P1', 1, (49, 63), (13,), (4.0,), (19,), (1.0,))

6.    ((8, 3, -3, -2, 3, -3, -2, 3, -3, -2), (3.0, 1.0, 1.0, 1.0, 1.0, 1.0, 1.0, 1.0, 1.0, 1.0)):
('K.323 Musescore', 'P1', 2, (116, 126), (33,), (1.0,), (34,), (6.0,))
('K.323 Musescore', 'P1', 2, (126, 136), (35,), (1.0,), (36,), (6.0,))

7.    ((-5, -2, -2, 2, 6, -7, -2, -2, 2), (1.0, 1.0, 1.0, 1.0, 2.0, 1.0, 1.0, 1.0, 1.0)):
('K.323 Musescore', 'P1', 1, (7, 16), (2,), (3.0,), (3,), (6.0,))
('K.323 Musescore', 'P1', 1, (17, 26), (4,), (3.0,), (5,), (6.0,))

8.    ((3, -4, -3, -3, 3, 3, 4, -3, -3), (1.0, 1.0, 1.0, 1.0, 1.0, 1.0, 1.0, 1.0, 1.0)):
('K.323 Musescore', 'P1', 1, (157, 166), (37,), (6.0,), (39,), (2.0,))
('K.323 Musescore', 'P1', 1, (169, 178), (39,), (6.0,), (41,), (2.0,))

9.    ((5, -2, -2, -2, 2, 3, -2, -2, -2), (1.0, 1.0, 2.0, 1.0, 1.0, 1.0, 1.0, 2.0, 1.0)):
('K.323 Musescore', 'P1', 1, (246, 255), (55,), (1.0,), (56,), (5.0,))
('K.323 Musescore', 'P1', 1, (267, 276), (59,), (1.0,), (60,), (5.0,))

10.    ((-4, -3, -3, 3, 3, 2, -3), (1.0, 1.0, 1.0, 1.0, 1.0, 1.0, 1.0)):
('K.323 Musescore', 'P1', 1, (130, 137), (31,), (1.0,), (32,), (1.0,))
('K.323 Musescore', 'P1', 1, (256, 263), (57,), (1.0,), (58,), (1.0,))

11.    ((-2, -2, 1, -2, -2), (1.0, 1.0, 1.0, 1.0, 1.0)):
('K.323 Musescore', 'P1', 1, (68, 73), (20,), (1.0,), (20,), (5.0,))
('K.323 Musescore', 'P1', 1, (182, 187), (42,), (1.0,), (42,), (5.0,))

12.    ((-3, 6, -4), (1.0, 1.0, 1.0)):
('K.323 Musescore', 'P1', 1, (0, 3), (1,), (1.0,), (1,), (3.0,))
('K.323 Musescore', 'P1', 1, (3, 6), (1,), (4.0,), (1,), (6.0,))

13.    ((-3, -4, -3), (1.0, 1.0, 1.0)):
('K.323 Musescore', 'P1', 1, (152, 155), (37,), (1.0,), (37,), (3.0,))
('K.323 Musescore', 'P1', 1, (277, 280), (61,), (1.0,), (61,), (3.0,))

14.    ((1, 2, 2), (3.0, 3.0, 3.0)):
('K.323 Musescore', 'P1', 2, (90, 93), (20,), (1.0,), (21,), (1.0,))
('K.323 Musescore', 'P1', 2, (192, 195), (61,), (1.0,), (62,), (1.0,))

15.    ((3, -3), (1.0, 1.0)):
('K.323 Musescore', 'P1', 1, (214, 216), (49,), (1.0,), (49,), (2.0,))
('K.323 Musescore', 'P1', 1, (241, 243), (54,), (1.0,), (54,), (2.0,))
('K.323 Musescore', 'P1', 2, (23, 25), (6,), (4.0,), (6,), (5.0,))
('K.323 Musescore', 'P1', 2, (29, 31), (7,), (4.0,), (7,), (5.0,))
('K.323 Musescore', 'P1', 2, (35, 37), (8,), (4.0,), (8,), (5.0,))
('K.323 Musescore', 'P1', 2, (39, 41), (9,), (4.0,), (9,), (5.0,))
('K.323 Musescore', 'P1', 2, (45, 47), (10,), (4.0,), (10,), (5.0,))
('K.323 Musescore', 'P1', 2, (51, 53), (11,), (4.0,), (11,), (5.0,))
('K.323 Musescore', 'P1', 2, (57, 59), (13,), (4.0,), (13,), (5.0,))
('K.323 Musescore', 'P1', 2, (63, 65), (14,), (4.0,), (14,), (5.0,))
('K.323 Musescore', 'P1', 2, (69, 71), (15,), (4.0,), (15,), (5.0,))
('K.323 Musescore', 'P1', 2, (73, 75), (16,), (4.0,), (16,), (5.0,))
('K.323 Musescore', 'P1', 2, (79, 81), (17,), (4.0,), (17,), (5.0,))
('K.323 Musescore', 'P1', 2, (85, 87), (18,), (4.0,), (18,), (5.0,))
('K.323 Musescore', 'P1', 2, (117, 119), (33,), (4.0,), (33,), (5.0,))
('K.323 Musescore', 'P1', 2, (123, 125), (34,), (4.0,), (34,), (5.0,))
('K.323 Musescore', 'P1', 2, (127, 129), (35,), (4.0,), (35,), (5.0,))
('K.323 Musescore', 'P1', 2, (133, 135), (36,), (4.0,), (36,), (5.0,))
('K.323 Musescore', 'P1', 2, (148, 150), (43,), (1.0,), (43,), (2.0,))
('K.323 Musescore', 'P1', 2, (154, 156), (44,), (1.0,), (44,), (2.0,))

16.    ((-3, -2), (1.0, 1.0)):
('K.323 Musescore', 'P1', 1, (138, 140), (32,), (3.0,), (32,), (4.0,))
('K.323 Musescore', 'P1', 2, (27, 29), (7,), (2.0,), (7,), (3.0,))
('K.323 Musescore', 'P1', 2, (33, 35), (8,), (2.0,), (8,), (3.0,))
('K.323 Musescore', 'P1', 2, (43, 45), (10,), (2.0,), (10,), (3.0,))
('K.323 Musescore', 'P1', 2, (49, 51), (11,), (2.0,), (11,), (3.0,))
('K.323 Musescore', 'P1', 2, (61, 63), (14,), (2.0,), (14,), (3.0,))
('K.323 Musescore', 'P1', 2, (67, 69), (15,), (2.0,), (15,), (3.0,))
('K.323 Musescore', 'P1', 2, (77, 79), (17,), (2.0,), (17,), (3.0,))
('K.323 Musescore', 'P1', 2, (83, 85), (18,), (2.0,), (18,), (3.0,))
('K.323 Musescore', 'P1', 2, (121, 123), (34,), (2.0,), (34,), (3.0,))
('K.323 Musescore', 'P1', 2, (131, 133), (36,), (2.0,), (36,), (3.0,))
('K.323 Musescore', 'P1', 2, (152, 154), (43,), (5.0,), (43,), (6.0,))
('K.323 Musescore', 'P1', 2, (158, 160), (44,), (5.0,), (44,), (6.0,))

17.    ((-2, 3), (1.0, 1.0)):
('K.323 Musescore', 'P1', 1, (218, 220), (49,), (6.0,), (50,), (1.0,))
('K.323 Musescore', 'P1', 2, (25, 27), (6,), (6.0,), (7,), (1.0,))
('K.323 Musescore', 'P1', 2, (31, 33), (7,), (6.0,), (8,), (1.0,))
('K.323 Musescore', 'P1', 2, (41, 43), (9,), (6.0,), (10,), (1.0,))
('K.323 Musescore', 'P1', 2, (47, 49), (10,), (6.0,), (11,), (1.0,))
('K.323 Musescore', 'P1', 2, (59, 61), (13,), (6.0,), (14,), (1.0,))
('K.323 Musescore', 'P1', 2, (65, 67), (14,), (6.0,), (15,), (1.0,))
('K.323 Musescore', 'P1', 2, (75, 77), (16,), (6.0,), (17,), (1.0,))
('K.323 Musescore', 'P1', 2, (81, 83), (17,), (6.0,), (18,), (1.0,))
('K.323 Musescore', 'P1', 2, (119, 121), (33,), (6.0,), (34,), (1.0,))
('K.323 Musescore', 'P1', 2, (129, 131), (35,), (6.0,), (36,), (1.0,))
('K.323 Musescore', 'P1', 2, (150, 152), (43,), (3.0,), (43,), (4.0,))
('K.323 Musescore', 'P1', 2, (156, 158), (44,), (3.0,), (44,), (4.0,))

18.    ((2, 2), (1.0, 1.0)):
('K.323 Musescore', 'P1', 1, (103, 105), (26,), (2.0,), (26,), (3.0,))
('K.323 Musescore', 'P1', 2, (2, 4), (2,), (1.0,), (2,), (2.0,))
('K.323 Musescore', 'P1', 2, (7, 9), (3,), (1.0,), (3,), (2.0,))
('K.323 Musescore', 'P1', 2, (12, 14), (4,), (1.0,), (4,), (2.0,))
('K.323 Musescore', 'P1', 2, (17, 19), (5,), (1.0,), (5,), (2.0,))

19.    ((3, 1), (1.0, 1.0)):
('K.323 Musescore', 'P1', 1, (66, 68), (19,), (5.0,), (19,), (6.0,))
('K.323 Musescore', 'P1', 1, (147, 149), (35,), (2.0,), (35,), (3.0,))

20.    ((-2, 4), (3.0, 3.0)):
('K.323 Musescore', 'P1', 1, (190, 192), (44,), (1.0,), (44,), (4.0,))
('K.323 Musescore', 'P1', 2, (54, 56), (12,), (1.0,), (12,), (4.0,))

21.    ((-2,), (1.0,)):
('K.323 Musescore', 'P1', 1, (8, 9), (2,), (4.0,), (2,), (4.0,))
('K.323 Musescore', 'P1', 1, (9, 10), (2,), (5.0,), (2,), (5.0,))
('K.323 Musescore', 'P1', 1, (13, 14), (3,), (4.0,), (3,), (4.0,))
('K.323 Musescore', 'P1', 1, (14, 15), (3,), (5.0,), (3,), (5.0,))
('K.323 Musescore', 'P1', 1, (18, 19), (4,), (4.0,), (4,), (4.0,))
('K.323 Musescore', 'P1', 1, (19, 20), (4,), (5.0,), (4,), (5.0,))
('K.323 Musescore', 'P1', 1, (23, 24), (5,), (4.0,), (5,), (4.0,))
('K.323 Musescore', 'P1', 1, (24, 25), (5,), (5.0,), (5,), (5.0,))
('K.323 Musescore', 'P1', 1, (45, 46), (12,), (6.0,), (12,), (6.0,))
('K.323 Musescore', 'P1', 1, (46, 47), (13,), (1.0,), (13,), (1.0,))
('K.323 Musescore', 'P1', 1, (47, 48), (13,), (2.0,), (13,), (2.0,))
('K.323 Musescore', 'P1', 1, (68, 69), (20,), (1.0,), (20,), (1.0,))
('K.323 Musescore', 'P1', 1, (69, 70), (20,), (2.0,), (20,), (2.0,))
('K.323 Musescore', 'P1', 1, (71, 72), (20,), (4.0,), (20,), (4.0,))
('K.323 Musescore', 'P1', 1, (72, 73), (20,), (5.0,), (20,), (5.0,))
('K.323 Musescore', 'P1', 1, (73, 74), (20,), (6.0,), (20,), (6.0,))
('K.323 Musescore', 'P1', 1, (97, 98), (25,), (2.0,), (25,), (2.0,))
('K.323 Musescore', 'P1', 1, (98, 99), (25,), (3.0,), (25,), (3.0,))
('K.323 Musescore', 'P1', 1, (99, 100), (25,), (4.0,), (25,), (4.0,))
('K.323 Musescore', 'P1', 1, (100, 101), (25,), (5.0,), (25,), (5.0,))
('K.323 Musescore', 'P1', 1, (125, 126), (30,), (2.0,), (30,), (2.0,))
('K.323 Musescore', 'P1', 1, (126, 127), (30,), (3.0,), (30,), (3.0,))
('K.323 Musescore', 'P1', 1, (127, 128), (30,), (4.0,), (30,), (4.0,))
('K.323 Musescore', 'P1', 1, (128, 129), (30,), (5.0,), (30,), (5.0,))
('K.323 Musescore', 'P1', 1, (140, 141), (32,), (5.0,), (32,), (5.0,))
('K.323 Musescore', 'P1', 1, (182, 183), (42,), (1.0,), (42,), (1.0,))
('K.323 Musescore', 'P1', 1, (183, 184), (42,), (2.0,), (42,), (2.0,))
('K.323 Musescore', 'P1', 1, (185, 186), (42,), (4.0,), (42,), (4.0,))
('K.323 Musescore', 'P1', 1, (186, 187), (42,), (5.0,), (42,), (5.0,))
('K.323 Musescore', 'P1', 1, (217, 218), (49,), (5.0,), (49,), (5.0,))
('K.323 Musescore', 'P1', 1, (244, 245), (54,), (5.0,), (54,), (5.0,))
('K.323 Musescore', 'P1', 1, (245, 246), (54,), (6.0,), (54,), (6.0,))
('K.323 Musescore', 'P1', 1, (247, 248), (55,), (2.0,), (55,), (2.0,))
('K.323 Musescore', 'P1', 1, (249, 250), (55,), (5.0,), (55,), (5.0,))
('K.323 Musescore', 'P1', 1, (252, 253), (56,), (2.0,), (56,), (2.0,))
('K.323 Musescore', 'P1', 1, (254, 255), (56,), (5.0,), (56,), (5.0,))
('K.323 Musescore', 'P1', 1, (265, 266), (58,), (5.0,), (58,), (5.0,))
('K.323 Musescore', 'P1', 1, (268, 269), (59,), (2.0,), (59,), (2.0,))
('K.323 Musescore', 'P1', 1, (270, 271), (59,), (5.0,), (59,), (5.0,))
('K.323 Musescore', 'P1', 1, (273, 274), (60,), (2.0,), (60,), (2.0,))
('K.323 Musescore', 'P1', 1, (275, 276), (60,), (5.0,), (60,), (5.0,))
('K.323 Musescore', 'P1', 1, (286, 287), (62,), (5.0,), (62,), (5.0,))
('K.323 Musescore', 'P1', 2, (37, 38), (8,), (6.0,), (8,), (6.0,))
('K.323 Musescore', 'P1', 2, (53, 54), (11,), (6.0,), (11,), (6.0,))
('K.323 Musescore', 'P1', 2, (71, 72), (15,), (6.0,), (15,), (6.0,))
('K.323 Musescore', 'P1', 2, (87, 88), (18,), (6.0,), (18,), (6.0,))
('K.323 Musescore', 'P1', 2, (125, 126), (34,), (6.0,), (34,), (6.0,))
('K.323 Musescore', 'P1', 2, (135, 136), (36,), (6.0,), (36,), (6.0,))

22.    ((2,), (1.0,)):
('K.323 Musescore', 'P1', 1, (10, 11), (2,), (6.0,), (2,), (6.0,))
('K.323 Musescore', 'P1', 1, (15, 16), (3,), (6.0,), (3,), (6.0,))
('K.323 Musescore', 'P1', 1, (20, 21), (4,), (6.0,), (4,), (6.0,))
('K.323 Musescore', 'P1', 1, (25, 26), (5,), (6.0,), (5,), (6.0,))
('K.323 Musescore', 'P1', 1, (76, 77), (21,), (3.0,), (21,), (3.0,))
('K.323 Musescore', 'P1', 1, (81, 82), (22,), (3.0,), (22,), (3.0,))
('K.323 Musescore', 'P1', 1, (86, 87), (23,), (3.0,), (23,), (3.0,))
('K.323 Musescore', 'P1', 1, (89, 90), (23,), (6.0,), (23,), (6.0,))
('K.323 Musescore', 'P1', 1, (92, 93), (24,), (3.0,), (24,), (3.0,))
('K.323 Musescore', 'P1', 1, (95, 96), (24,), (6.0,), (24,), (6.0,))
('K.323 Musescore', 'P1', 1, (101, 102), (25,), (6.0,), (25,), (6.0,))
('K.323 Musescore', 'P1', 1, (109, 110), (27,), (3.0,), (27,), (3.0,))
('K.323 Musescore', 'P1', 1, (114, 115), (28,), (3.0,), (28,), (3.0,))
('K.323 Musescore', 'P1', 1, (117, 118), (28,), (6.0,), (28,), (6.0,))
('K.323 Musescore', 'P1', 1, (120, 121), (29,), (3.0,), (29,), (3.0,))
('K.323 Musescore', 'P1', 1, (123, 124), (29,), (6.0,), (29,), (6.0,))
('K.323 Musescore', 'P1', 1, (129, 130), (30,), (6.0,), (30,), (6.0,))
('K.323 Musescore', 'P1', 1, (135, 136), (31,), (6.0,), (31,), (6.0,))
('K.323 Musescore', 'P1', 1, (141, 142), (32,), (6.0,), (32,), (6.0,))
('K.323 Musescore', 'P1', 1, (187, 188), (42,), (6.0,), (42,), (6.0,))
('K.323 Musescore', 'P1', 1, (199, 200), (46,), (3.0,), (46,), (3.0,))
('K.323 Musescore', 'P1', 1, (204, 205), (47,), (3.0,), (47,), (3.0,))
('K.323 Musescore', 'P1', 1, (207, 208), (47,), (6.0,), (47,), (6.0,))
('K.323 Musescore', 'P1', 1, (210, 211), (48,), (3.0,), (48,), (3.0,))
('K.323 Musescore', 'P1', 1, (213, 214), (48,), (6.0,), (48,), (6.0,))
('K.323 Musescore', 'P1', 1, (226, 227), (51,), (3.0,), (51,), (3.0,))
('K.323 Musescore', 'P1', 1, (231, 232), (52,), (3.0,), (52,), (3.0,))
('K.323 Musescore', 'P1', 1, (234, 235), (52,), (6.0,), (52,), (6.0,))
('K.323 Musescore', 'P1', 1, (237, 238), (53,), (3.0,), (53,), (3.0,))
('K.323 Musescore', 'P1', 1, (240, 241), (53,), (6.0,), (53,), (6.0,))
('K.323 Musescore', 'P1', 1, (250, 251), (55,), (6.0,), (55,), (6.0,))
('K.323 Musescore', 'P1', 1, (261, 262), (57,), (6.0,), (57,), (6.0,))
('K.323 Musescore', 'P1', 1, (266, 267), (58,), (6.0,), (58,), (6.0,))
('K.323 Musescore', 'P1', 1, (271, 272), (59,), (6.0,), (59,), (6.0,))
('K.323 Musescore', 'P1', 1, (282, 283), (61,), (6.0,), (61,), (6.0,))
('K.323 Musescore', 'P1', 1, (287, 288), (62,), (6.0,), (62,), (6.0,))
('K.323 Musescore', 'P1', 2, (4, 5), (2,), (3.0,), (2,), (3.0,))
('K.323 Musescore', 'P1', 2, (9, 10), (3,), (3.0,), (3,), (3.0,))
('K.323 Musescore', 'P1', 2, (14, 15), (4,), (3.0,), (4,), (3.0,))
('K.323 Musescore', 'P1', 2, (19, 20), (5,), (3.0,), (5,), (3.0,))

23.    ((-2,), (3.0,)):
('K.323 Musescore', 'P1', 1, (188, 189), (43,), (1.0,), (43,), (1.0,))
('K.323 Musescore', 'P1', 1, (189, 190), (43,), (4.0,), (43,), (4.0,))
('K.323 Musescore', 'P1', 2, (93, 94), (21,), (4.0,), (21,), (4.0,))
('K.323 Musescore', 'P1', 2, (95, 96), (22,), (4.0,), (22,), (4.0,))
('K.323 Musescore', 'P1', 2, (97, 98), (23,), (4.0,), (23,), (4.0,))
('K.323 Musescore', 'P1', 2, (103, 104), (26,), (4.0,), (26,), (4.0,))
('K.323 Musescore', 'P1', 2, (105, 106), (27,), (4.0,), (27,), (4.0,))
('K.323 Musescore', 'P1', 2, (107, 108), (28,), (4.0,), (28,), (4.0,))
('K.323 Musescore', 'P1', 2, (137, 138), (37,), (4.0,), (37,), (4.0,))
('K.323 Musescore', 'P1', 2, (139, 140), (38,), (4.0,), (38,), (4.0,))
('K.323 Musescore', 'P1', 2, (141, 142), (39,), (4.0,), (39,), (4.0,))
('K.323 Musescore', 'P1', 2, (143, 144), (40,), (4.0,), (40,), (4.0,))
('K.323 Musescore', 'P1', 2, (145, 146), (41,), (4.0,), (41,), (4.0,))
('K.323 Musescore', 'P1', 2, (147, 148), (42,), (4.0,), (42,), (4.0,))
('K.323 Musescore', 'P1', 2, (161, 162), (45,), (4.0,), (45,), (4.0,))
('K.323 Musescore', 'P1', 2, (163, 164), (46,), (4.0,), (46,), (4.0,))
('K.323 Musescore', 'P1', 2, (165, 166), (47,), (4.0,), (47,), (4.0,))
('K.323 Musescore', 'P1', 2, (171, 172), (50,), (4.0,), (50,), (4.0,))
('K.323 Musescore', 'P1', 2, (173, 174), (51,), (4.0,), (51,), (4.0,))
('K.323 Musescore', 'P1', 2, (175, 176), (52,), (4.0,), (52,), (4.0,))

24.    ((1,), (3.0,)):
('K.323 Musescore', 'P1', 1, (26, 27), (6,), (1.0,), (6,), (1.0,))
('K.323 Musescore', 'P1', 2, (0, 1), (1,), (1.0,), (1,), (1.0,))
('K.323 Musescore', 'P1', 2, (1, 2), (1,), (4.0,), (1,), (4.0,))
('K.323 Musescore', 'P1', 2, (22, 23), (6,), (1.0,), (6,), (1.0,))
('K.323 Musescore', 'P1', 2, (88, 89), (19,), (1.0,), (19,), (1.0,))
('K.323 Musescore', 'P1', 2, (90, 91), (20,), (1.0,), (20,), (1.0,))
('K.323 Musescore', 'P1', 2, (136, 137), (37,), (1.0,), (37,), (1.0,))
('K.323 Musescore', 'P1', 2, (138, 139), (38,), (1.0,), (38,), (1.0,))
('K.323 Musescore', 'P1', 2, (140, 141), (39,), (1.0,), (39,), (1.0,))
('K.323 Musescore', 'P1', 2, (142, 143), (40,), (1.0,), (40,), (1.0,))
('K.323 Musescore', 'P1', 2, (146, 147), (42,), (1.0,), (42,), (1.0,))
('K.323 Musescore', 'P1', 2, (192, 193), (61,), (1.0,), (61,), (1.0,))

25.    ((2,), (2.0,)):
('K.323 Musescore', 'P1', 1, (79, 80), (21,), (6.0,), (21,), (6.0,))
('K.323 Musescore', 'P1', 1, (84, 85), (22,), (6.0,), (22,), (6.0,))
('K.323 Musescore', 'P1', 1, (107, 108), (26,), (6.0,), (26,), (6.0,))
('K.323 Musescore', 'P1', 1, (112, 113), (27,), (6.0,), (27,), (6.0,))
('K.323 Musescore', 'P1', 1, (197, 198), (45,), (6.0,), (45,), (6.0,))
('K.323 Musescore', 'P1', 1, (202, 203), (46,), (6.0,), (46,), (6.0,))
('K.323 Musescore', 'P1', 1, (224, 225), (50,), (6.0,), (50,), (6.0,))
('K.323 Musescore', 'P1', 1, (229, 230), (51,), (6.0,), (51,), (6.0,))
('K.323 Musescore', 'P1', 2, (5, 6), (2,), (4.0,), (2,), (4.0,))
('K.323 Musescore', 'P1', 2, (10, 11), (3,), (4.0,), (3,), (4.0,))
('K.323 Musescore', 'P1', 2, (15, 16), (4,), (4.0,), (4,), (4.0,))
('K.323 Musescore', 'P1', 2, (20, 21), (5,), (4.0,), (5,), (4.0,))

26.    ((-5,), (1.0,)):
('K.323 Musescore', 'P1', 1, (7, 8), (2,), (3.0,), (2,), (3.0,))
('K.323 Musescore', 'P1', 1, (17, 18), (4,), (3.0,), (4,), (3.0,))
('K.323 Musescore', 'P1', 1, (42, 43), (12,), (3.0,), (12,), (3.0,))
('K.323 Musescore', 'P1', 2, (6, 7), (2,), (6.0,), (2,), (6.0,))
('K.323 Musescore', 'P1', 2, (11, 12), (3,), (6.0,), (3,), (6.0,))
('K.323 Musescore', 'P1', 2, (16, 17), (4,), (6.0,), (4,), (6.0,))
('K.323 Musescore', 'P1', 2, (21, 22), (5,), (6.0,), (5,), (6.0,))

27.    ((6,), (1.0,)):
('K.323 Musescore', 'P1', 1, (41, 42), (12,), (2.0,), (12,), (2.0,))
('K.323 Musescore', 'P1', 1, (65, 66), (19,), (4.0,), (19,), (4.0,))

28.    ((7,), (1.0,)):
('K.323 Musescore', 'P1', 1, (44, 45), (12,), (5.0,), (12,), (5.0,))
('K.323 Musescore', 'P1', 1, (255, 256), (56,), (6.0,), (56,), (6.0,))

29.    ((-6,), (3.0,)):
('K.323 Musescore', 'P1', 1, (142, 143), (33,), (1.0,), (33,), (1.0,))
('K.323 Musescore', 'P1', 2, (112, 113), (31,), (1.0,), (31,), (1.0,))

30.    ((8,), (3.0,)):
('K.323 Musescore', 'P1', 2, (56, 57), (13,), (1.0,), (13,), (1.0,))
('K.323 Musescore', 'P1', 2, (144, 145), (41,), (1.0,), (41,), (1.0,))

31.    ((-5,), (3.0,)):
('K.323 Musescore', 'P1', 2, (183, 184), (56,), (4.0,), (56,), (4.0,))
('K.323 Musescore', 'P1', 2, (195, 196), (62,), (4.0,), (62,), (4.0,))

