1 .    ('nomes', 'K.365 Musicalion') 

2 .    ('quantidade', 1) 

3 .    ('analise', 'sequÍncias IntDiaDurPcompasso sem contidos e intercalados') 

1 .    (((-5, 5, -5, 5, 2, -2, -2, -2, 2, 2, -2, -2), (0.5, 0.5, 0.5, 0.5, 0.5, 2.0, 1.5, 0.5, 0.5, 0.5, 0.5, 0.5), (1.5, 2.0, 2.5, 3.0, 3.5, 1.0, 3.0, 1.5, 2.0, 2.5, 3.0, 3.5)), [[('K.365 Musicalion', 'P1', 1, (90, 102), (20, 1.5), (22, 3.5)), ('K.365 Musicalion', 'P1', 1, (103, 115), (23, 1.5), (25, 3.5))], [('K.365 Musicalion', 'P1', 1, (285, 297), (64, 1.5), (66, 3.5)), ('K.365 Musicalion', 'P1', 1, (298, 310), (67, 1.5), (69, 3.5))]]) 

2 .    (((-2, -2, -2, -2, 2, -3, 4, -3, 2, -2, -2, 2), (0.5, 1.5, 1.0, 1.0, 0.5, 0.5, 0.5, 1.0, 1.0, 2.0, 0.5, 0.5), (1.5, 2.0, 3.5, 1.5, 2.5, 3.0, 3.5, 1.0, 2.0, 3.0, 2.0, 2.5)), [[('K.365 Musicalion', 'P1', 1, (158, 170), (34, 1.5), (37, 2.5)), ('K.365 Musicalion', 'P1', 1, (171, 183), (38, 1.5), (41, 2.5))], [('K.365 Musicalion', 'P1', 1, (377, 389), (82, 1.5), (85, 2.5)), ('K.365 Musicalion', 'P1', 1, (390, 402), (86, 1.5), (89, 2.5))]]) 

3 .    (((-2, 2, 5, -3, -3, 2, 3), (2.0, 1.0, 0.5, 0.5, 0.5, 0.5, 0.5), (1.0, 3.0, 1.0, 1.5, 2.0, 2.5, 3.0)), [[('K.365 Musicalion', 'P1', 3, (126, 133), (42, 1.0), (43, 3.0)), ('K.365 Musicalion', 'P1', 3, (134, 141), (44, 1.0), (45, 3.0))], [('K.365 Musicalion', 'P1', 3, (151, 158), (50, 1.0), (51, 3.0)), ('K.365 Musicalion', 'P1', 3, (159, 166), (52, 1.0), (53, 3.0))], [('K.365 Musicalion', 'P1', 3, (252, 259), (90, 1.0), (91, 3.0)), ('K.365 Musicalion', 'P1', 3, (260, 267), (92, 1.0), (93, 3.0))], [('K.365 Musicalion', 'P1', 3, (277, 284), (98, 1.0), (99, 3.0)), ('K.365 Musicalion', 'P1', 3, (285, 292), (100, 1.0), (101, 3.0))]]) 

4 .    (((-3, -3, 2, 3, 1, 2, -2), (0.5, 0.5, 0.5, 0.5, 0.5, 0.0, 2.0), (1.5, 2.0, 2.5, 3.0, 3.5, 1.0, 1.0)), [[('K.365 Musicalion', 'P1', 1, (184, 191), (42, 1.5), (43, 1.0)), ('K.365 Musicalion', 'P1', 1, (192, 199), (44, 1.5), (45, 1.0))], [('K.365 Musicalion', 'P1', 1, (403, 410), (90, 1.5), (91, 1.0)), ('K.365 Musicalion', 'P1', 1, (411, 418), (92, 1.5), (93, 1.0))], [('K.365 Musicalion', 'P1', 1, (437, 444), (98, 1.5), (99, 1.0)), ('K.365 Musicalion', 'P1', 1, (445, 452), (100, 1.5), (101, 1.0))]]) 

5 .    (((2, 2, -8, 4), (1.0, 1.0, 1.0, 1.0), (3.0, 1.0, 2.0, 3.0)), [[('K.365 Musicalion', 'P1', 3, (171, 175), (55, 3.0), (56, 3.0)), ('K.365 Musicalion', 'P1', 3, (176, 180), (57, 3.0), (58, 3.0)), ('K.365 Musicalion', 'P1', 3, (181, 185), (59, 3.0), (60, 3.0))], [('K.365 Musicalion', 'P1', 3, (297, 301), (103, 3.0), (104, 3.0)), ('K.365 Musicalion', 'P1', 3, (302, 306), (105, 3.0), (106, 3.0))]]) 

6 .    (((-5, 5, -5, 5, 2), (0.5, 0.5, 0.5, 0.5, 0.5), (1.5, 2.0, 2.5, 3.0, 3.5)), [[('K.365 Musicalion', 'P1', 1, (419, 424), (94, 1.5), (94, 3.5)), ('K.365 Musicalion', 'P1', 1, (425, 430), (95, 1.5), (95, 3.5))], [('K.365 Musicalion', 'P1', 1, (453, 458), (102, 1.5), (102, 3.5)), ('K.365 Musicalion', 'P1', 1, (459, 464), (103, 1.5), (103, 3.5))]]) 

