1.    nomes:
K.6 Musicalion

2.    quantidade:
1

3.    analise:
[('intDia', 'p1p2')] SemContInte Distancia: 0

1.    ((-2, -2, 4, 2, 2, 3, -2, -2, 1, -2, -2, 1, 2, 1, 2, 2, 2, -2, -2, -2, -2, -2, 1, 2, 1, 2, 2, 1, -2, -2),):
('K.6 Musicalion', 'P1', 1, (74, 104), (17,), (1.0,), (22,), (3.5,))
('K.6 Musicalion', 'P1', 1, (298, 328), (60,), (1.0,), (65,), (3.5,))

2.    ((-2, -2, -2, -2, -2, 2, -2, -2, 9, -2, -2, -2, -2, -2, -2, -2, -2, 2, -2, -2),):
('K.6 Musicalion', 'P1', 1, (157, 177), (32,), (1.0,), (34,), (1.33,))
('K.6 Musicalion', 'P1', 1, (374, 394), (71,), (1.0,), (73,), (1.33,))

3.    ((-2, -2, -2, -2, -2, -2, -2, -2, 2, -2, -2, -2, -2, -2, -2, -2, -2, 2),):
('K.6 Musicalion', 'P1', 1, (166, 184), (33,), (1.0,), (34,), (3.67,))
('K.6 Musicalion', 'P1', 3, (91, 109), (35,), (1.0,), (36,), (3.67,))

4.    ((4, (3, 3, 1), (3, 3, 1), (3, 3, -2), (3, 4, 1), (3, 4, 1), (3, 4, 1), (3, 4, 1), (3, 4, 1), (3, 4, -2), (3, 5, 1), (3, 5, 1), (3, 4, 1), (3, 4, 1), (3, 4, 1), (3, 4, -2), (5, 3, 1), (5, 3, 1)),):
('K.6 Musicalion', 'P1', 3, (39, 57), (17,), (2.0,), (23,), (2.0,))
('K.6 Musicalion', 'P1', 3, (197, 215), (60,), (2.0,), (66,), (2.0,))

5.    ((-2, -2, -2, -2, -2, -2, -2, -2, 9, -2, -2, -2, -2, -2, -2, -2, -2),):
('K.6 Musicalion', 'P1', 1, (195, 212), (42,), (1.0,), (43,), (3.33,))
('K.6 Musicalion', 'P1', 1, (231, 248), (50,), (1.0,), (51,), (3.33,))

6.    ((-2, -2, -2, -2, -2, 2, -2, -2, -2, -2, -2, -2, -2, -2, 2),):
('K.6 Musicalion', 'P1', 1, (105, 120), (23,), (1.0,), (24,), (2.67,))
('K.6 Musicalion', 'P1', 3, (234, 249), (73,), (2.0,), (74,), (3.67,))

7.    ((3, 3, 4, 3, 3, 4, 3, 3, -3, 1),):
('K.6 Musicalion', 'P1', 3, (0, 10), (1,), (1.0,), (4,), (1.0,))
('K.6 Musicalion', 'P1', 3, (110, 120), (38,), (1.0,), (41,), (1.0,))
('K.6 Musicalion', 'P1', 3, (138, 148), (46,), (1.0,), (49,), (1.0,))

8.    ((3, 3, 4, 5, -3, -3, 8, -8, 1, 1),):
('K.6 Musicalion', 'P1', 1, (184, 194), (38,), (1.0,), (41,), (1.0,))
('K.6 Musicalion', 'P1', 1, (220, 230), (46,), (1.0,), (49,), (1.0,))

9.    ((-2, -2, 2, -2, -2, -2, -2, -2, 4, -8),):
('K.6 Musicalion', 'P1', 3, (127, 137), (44,), (1.0,), (45,), (1.0,))
('K.6 Musicalion', 'P1', 3, (155, 165), (52,), (1.0,), (53,), (1.0,))

10.    ((2, 2, 2, 2, 2, 2),):
('K.6 Musicalion', 'P1', 1, (332, 338), (66,), (2.0,), (66,), (3.67,))
('K.6 Musicalion', 'P1', 1, (341, 347), (67,), (2.0,), (67,), (3.67,))
('K.6 Musicalion', 'P1', 1, (350, 356), (68,), (2.0,), (68,), (3.67,))
('K.6 Musicalion', 'P1', 3, (166, 172), (54,), (1.0,), (54,), (2.67,))
('K.6 Musicalion', 'P1', 3, (173, 179), (55,), (1.0,), (55,), (2.67,))
('K.6 Musicalion', 'P1', 3, (180, 186), (56,), (1.0,), (56,), (2.67,))

11.    ((3, -2, -2, -2, -2, -2),):
('K.6 Musicalion', 'P1', 1, (10, 16), (4,), (3.0,), (5,), (2.33,))
('K.6 Musicalion', 'P1', 1, (36, 42), (11,), (1.67,), (12,), (1.33,))

12.    ((2, 2, 2, -3, 3),):
('K.6 Musicalion', 'P1', 1, (353, 358), (68,), (3.0,), (69,), (1.33,))
('K.6 Musicalion', 'P1', 2, (9, 14), (14,), (3.0,), (15,), (2.0,))

13.    (((3, 1), (3, 1), (3, 1), (3, 1), (3, 1)),):
('K.6 Musicalion', 'P1', 3, (121, 126), (42,), (1.0,), (43,), (2.0,))
('K.6 Musicalion', 'P1', 3, (149, 154), (50,), (1.0,), (51,), (2.0,))

14.    ((1, 1, -8, 1, 1),):
('K.6 Musicalion', 'P1', 3, (85, 90), (33,), (1.0,), (34,), (2.0,))
('K.6 Musicalion', 'P1', 4, (0, 5), (6,), (1.0,), (7,), (2.0,))

15.    ((-8, 3, 3, 4),):
('K.6 Musicalion', 'P1', 1, (219, 223), (45,), (3.0,), (46,), (3.0,))
('K.6 Musicalion', 'P1', 3, (137, 141), (45,), (2.0,), (46,), (3.0,))

16.    ((2, 2, 2),):
('K.6 Musicalion', 'P1', 1, (64, 67), (15,), (3.67,), (16,), (1.33,))
('K.6 Musicalion', 'P1', 1, (88, 91), (20,), (1.0,), (20,), (1.67,))
('K.6 Musicalion', 'P1', 1, (213, 216), (44,), (1.0,), (44,), (3.0,))
('K.6 Musicalion', 'P1', 1, (283, 286), (58,), (2.0,), (58,), (2.67,))
('K.6 Musicalion', 'P1', 1, (312, 315), (63,), (1.0,), (63,), (1.67,))
('K.6 Musicalion', 'P1', 1, (332, 335), (66,), (2.0,), (66,), (2.67,))
('K.6 Musicalion', 'P1', 1, (335, 338), (66,), (3.0,), (66,), (3.67,))
('K.6 Musicalion', 'P1', 1, (341, 344), (67,), (2.0,), (67,), (2.67,))
('K.6 Musicalion', 'P1', 1, (344, 347), (67,), (3.0,), (67,), (3.67,))
('K.6 Musicalion', 'P1', 1, (350, 353), (68,), (2.0,), (68,), (2.67,))
('K.6 Musicalion', 'P1', 1, (353, 356), (68,), (3.0,), (68,), (3.67,))
('K.6 Musicalion', 'P1', 1, (370, 373), (70,), (2.67,), (70,), (3.33,))
('K.6 Musicalion', 'P1', 2, (1, 4), (13,), (2.0,), (13,), (2.67,))
('K.6 Musicalion', 'P1', 2, (5, 8), (14,), (1.0,), (14,), (1.67,))
('K.6 Musicalion', 'P1', 2, (9, 12), (14,), (3.0,), (14,), (3.67,))
('K.6 Musicalion', 'P1', 3, (166, 169), (54,), (1.0,), (54,), (1.67,))
('K.6 Musicalion', 'P1', 3, (169, 172), (54,), (2.0,), (54,), (2.67,))
('K.6 Musicalion', 'P1', 3, (173, 176), (55,), (1.0,), (55,), (1.67,))
('K.6 Musicalion', 'P1', 3, (176, 179), (55,), (2.0,), (55,), (2.67,))
('K.6 Musicalion', 'P1', 3, (180, 183), (56,), (1.0,), (56,), (1.67,))
('K.6 Musicalion', 'P1', 3, (183, 186), (56,), (2.0,), (56,), (2.67,))

17.    ((3, 3, 4),):
('K.6 Musicalion', 'P1', 1, (0, 3), (1,), (1.0,), (1,), (3.0,))
('K.6 Musicalion', 'P1', 1, (184, 187), (38,), (1.0,), (38,), (3.0,))
('K.6 Musicalion', 'P1', 3, (0, 3), (1,), (1.0,), (1,), (3.0,))
('K.6 Musicalion', 'P1', 3, (3, 6), (2,), (1.0,), (2,), (3.0,))
('K.6 Musicalion', 'P1', 3, (110, 113), (38,), (1.0,), (38,), (3.0,))
('K.6 Musicalion', 'P1', 3, (113, 116), (39,), (1.0,), (39,), (3.0,))
('K.6 Musicalion', 'P1', 3, (141, 144), (47,), (1.0,), (47,), (3.0,))

18.    ((-2, -2, 1),):
('K.6 Musicalion', 'P1', 1, (80, 83), (18,), (2.0,), (18,), (3.75,))
('K.6 Musicalion', 'P1', 1, (83, 86), (19,), (1.0,), (19,), (1.67,))
('K.6 Musicalion', 'P1', 1, (252, 255), (53,), (1.0,), (53,), (2.75,))
('K.6 Musicalion', 'P1', 1, (304, 307), (61,), (2.0,), (61,), (3.75,))
('K.6 Musicalion', 'P1', 1, (307, 310), (62,), (1.0,), (62,), (1.67,))
('K.6 Musicalion', 'P1', 3, (61, 64), (25,), (1.0,), (25,), (3.0,))

19.    ((-8, 1, 1),):
('K.6 Musicalion', 'P1', 1, (191, 194), (40,), (2.0,), (41,), (1.0,))
('K.6 Musicalion', 'P1', 1, (227, 230), (48,), (2.0,), (49,), (1.0,))
('K.6 Musicalion', 'P1', 3, (87, 90), (33,), (3.0,), (34,), (2.0,))
('K.6 Musicalion', 'P1', 4, (2, 5), (6,), (3.0,), (7,), (2.0,))
('K.6 Musicalion', 'P1', 4, (8, 11), (35,), (1.0,), (35,), (3.0,))

20.    ((-3, 1, 1),):
('K.6 Musicalion', 'P1', 1, (5, 8), (2,), (3.0,), (3,), (2.0,))
('K.6 Musicalion', 'P1', 3, (10, 13), (4,), (3.0,), (5,), (2.0,))
('K.6 Musicalion', 'P1', 3, (118, 121), (40,), (3.0,), (41,), (3.0,))

21.    ((11, 1, -8),):
('K.6 Musicalion', 'P1', 3, (230, 233), (71,), (3.0,), (72,), (2.0,))
('K.6 Musicalion', 'P1', 4, (11, 14), (36,), (1.0,), (73,), (2.0,))

22.    ((1, 2),):
('K.6 Musicalion', 'P1', 1, (33, 35), (10,), (2.0,), (11,), (1.0,))
('K.6 Musicalion', 'P1', 1, (43, 45), (12,), (2.0,), (13,), (1.0,))
('K.6 Musicalion', 'P1', 1, (85, 87), (19,), (1.67,), (19,), (2.0,))
('K.6 Musicalion', 'P1', 1, (87, 89), (19,), (3.0,), (20,), (1.0,))
('K.6 Musicalion', 'P1', 1, (96, 98), (21,), (1.67,), (21,), (2.0,))
('K.6 Musicalion', 'P1', 1, (98, 100), (21,), (3.0,), (22,), (1.0,))
('K.6 Musicalion', 'P1', 1, (288, 290), (58,), (3.67,), (59,), (1.0,))
('K.6 Musicalion', 'P1', 1, (309, 311), (62,), (1.67,), (62,), (2.0,))
('K.6 Musicalion', 'P1', 1, (311, 313), (62,), (3.0,), (63,), (1.0,))
('K.6 Musicalion', 'P1', 1, (320, 322), (64,), (1.67,), (64,), (2.0,))
('K.6 Musicalion', 'P1', 1, (322, 324), (64,), (3.0,), (65,), (1.0,))
('K.6 Musicalion', 'P1', 2, (16, 18), (16,), (2.0,), (16,), (3.0,))

23.    ((1, 1),):
('K.6 Musicalion', 'P1', 1, (6, 8), (3,), (1.0,), (3,), (2.0,))
('K.6 Musicalion', 'P1', 1, (8, 10), (3,), (3.0,), (4,), (1.0,))
('K.6 Musicalion', 'P1', 1, (32, 34), (10,), (1.67,), (10,), (2.0,))
('K.6 Musicalion', 'P1', 1, (42, 44), (12,), (1.67,), (12,), (2.0,))
('K.6 Musicalion', 'P1', 3, (11, 13), (5,), (1.0,), (5,), (2.0,))
('K.6 Musicalion', 'P1', 3, (85, 87), (33,), (1.0,), (33,), (2.0,))
('K.6 Musicalion', 'P1', 3, (119, 121), (41,), (1.0,), (41,), (3.0,))
('K.6 Musicalion', 'P1', 4, (0, 2), (6,), (1.0,), (6,), (2.0,))

24.    ((1, -8),):
('K.6 Musicalion', 'P1', 1, (133, 135), (28,), (1.67,), (28,), (2.0,))
('K.6 Musicalion', 'P1', 1, (137, 139), (29,), (1.67,), (29,), (2.0,))
('K.6 Musicalion', 'P1', 1, (218, 220), (45,), (2.75,), (45,), (3.0,))
('K.6 Musicalion', 'P1', 3, (231, 233), (72,), (1.0,), (72,), (2.0,))
('K.6 Musicalion', 'P1', 4, (12, 14), (73,), (1.0,), (73,), (2.0,))

25.    ((3, 3),):
('K.6 Musicalion', 'P1', 1, (123, 125), (26,), (1.0,), (26,), (1.33,))
('K.6 Musicalion', 'P1', 3, (6, 8), (3,), (1.0,), (3,), (2.0,))
('K.6 Musicalion', 'P1', 3, (116, 118), (40,), (1.0,), (40,), (2.0,))
('K.6 Musicalion', 'P1', 3, (144, 146), (48,), (1.0,), (48,), (2.0,))

26.    ((4, -8),):
('K.6 Musicalion', 'P1', 3, (135, 137), (44,), (3.67,), (45,), (1.0,))
('K.6 Musicalion', 'P1', 3, (163, 165), (52,), (3.67,), (53,), (1.0,))
('K.6 Musicalion', 'P1', 4, (7, 9), (25,), (2.0,), (35,), (1.0,))

27.    (((5, 1), (5, 1)),):
('K.6 Musicalion', 'P1', 3, (27, 29), (9,), (1.0,), (9,), (2.0,))
('K.6 Musicalion', 'P1', 3, (64, 66), (26,), (1.0,), (26,), (2.0,))

28.    (((3, 5, 2), (3, 4, 2)),):
('K.6 Musicalion', 'P1', 3, (77, 79), (30,), (2.0,), (30,), (3.0,))
('K.6 Musicalion', 'P1', 3, (80, 82), (31,), (2.0,), (31,), (3.0,))

29.    ((1,),):
('K.6 Musicalion', 'P1', 1, (6, 7), (3,), (1.0,), (3,), (1.0,))
('K.6 Musicalion', 'P1', 1, (7, 8), (3,), (2.0,), (3,), (2.0,))
('K.6 Musicalion', 'P1', 1, (8, 9), (3,), (3.0,), (3,), (3.0,))
('K.6 Musicalion', 'P1', 1, (9, 10), (4,), (1.0,), (4,), (1.0,))
('K.6 Musicalion', 'P1', 1, (32, 33), (10,), (1.67,), (10,), (1.67,))
('K.6 Musicalion', 'P1', 1, (33, 34), (10,), (2.0,), (10,), (2.0,))
('K.6 Musicalion', 'P1', 1, (42, 43), (12,), (1.67,), (12,), (1.67,))
('K.6 Musicalion', 'P1', 1, (43, 44), (12,), (2.0,), (12,), (2.0,))
('K.6 Musicalion', 'P1', 1, (82, 83), (18,), (3.75,), (18,), (3.75,))
('K.6 Musicalion', 'P1', 1, (85, 86), (19,), (1.67,), (19,), (1.67,))
('K.6 Musicalion', 'P1', 1, (87, 88), (19,), (3.0,), (19,), (3.0,))
('K.6 Musicalion', 'P1', 1, (96, 97), (21,), (1.67,), (21,), (1.67,))
('K.6 Musicalion', 'P1', 1, (98, 99), (21,), (3.0,), (21,), (3.0,))
('K.6 Musicalion', 'P1', 1, (101, 102), (22,), (1.67,), (22,), (1.67,))
('K.6 Musicalion', 'P1', 1, (125, 126), (26,), (1.67,), (26,), (1.67,))
('K.6 Musicalion', 'P1', 1, (129, 130), (27,), (1.67,), (27,), (1.67,))
('K.6 Musicalion', 'P1', 1, (133, 134), (28,), (1.67,), (28,), (1.67,))
('K.6 Musicalion', 'P1', 1, (137, 138), (29,), (1.67,), (29,), (1.67,))
('K.6 Musicalion', 'P1', 1, (192, 193), (40,), (3.0,), (40,), (3.0,))
('K.6 Musicalion', 'P1', 1, (193, 194), (41,), (1.0,), (41,), (1.0,))
('K.6 Musicalion', 'P1', 1, (218, 219), (45,), (2.75,), (45,), (2.75,))
('K.6 Musicalion', 'P1', 1, (228, 229), (48,), (3.0,), (48,), (3.0,))
('K.6 Musicalion', 'P1', 1, (229, 230), (49,), (1.0,), (49,), (1.0,))
('K.6 Musicalion', 'P1', 1, (254, 255), (53,), (2.75,), (53,), (2.75,))
('K.6 Musicalion', 'P1', 1, (256, 257), (54,), (1.0,), (54,), (1.0,))
('K.6 Musicalion', 'P1', 1, (261, 262), (55,), (1.0,), (55,), (1.0,))
('K.6 Musicalion', 'P1', 1, (266, 267), (56,), (1.0,), (56,), (1.0,))
('K.6 Musicalion', 'P1', 1, (288, 289), (58,), (3.67,), (58,), (3.67,))
('K.6 Musicalion', 'P1', 1, (306, 307), (61,), (3.75,), (61,), (3.75,))
('K.6 Musicalion', 'P1', 1, (309, 310), (62,), (1.67,), (62,), (1.67,))
('K.6 Musicalion', 'P1', 1, (311, 312), (62,), (3.0,), (62,), (3.0,))
('K.6 Musicalion', 'P1', 1, (320, 321), (64,), (1.67,), (64,), (1.67,))
('K.6 Musicalion', 'P1', 1, (322, 323), (64,), (3.0,), (64,), (3.0,))
('K.6 Musicalion', 'P1', 1, (325, 326), (65,), (1.67,), (65,), (1.67,))
('K.6 Musicalion', 'P1', 2, (16, 17), (16,), (2.0,), (16,), (2.0,))
('K.6 Musicalion', 'P1', 3, (9, 10), (4,), (1.0,), (4,), (1.0,))
('K.6 Musicalion', 'P1', 3, (11, 12), (5,), (1.0,), (5,), (1.0,))
('K.6 Musicalion', 'P1', 3, (12, 13), (5,), (2.0,), (5,), (2.0,))
('K.6 Musicalion', 'P1', 3, (63, 64), (25,), (3.0,), (25,), (3.0,))
('K.6 Musicalion', 'P1', 3, (85, 86), (33,), (1.0,), (33,), (1.0,))
('K.6 Musicalion', 'P1', 3, (86, 87), (33,), (2.0,), (33,), (2.0,))
('K.6 Musicalion', 'P1', 3, (88, 89), (34,), (1.0,), (34,), (1.0,))
('K.6 Musicalion', 'P1', 3, (89, 90), (34,), (2.0,), (34,), (2.0,))
('K.6 Musicalion', 'P1', 3, (109, 110), (37,), (1.0,), (37,), (1.0,))
('K.6 Musicalion', 'P1', 3, (119, 120), (41,), (1.0,), (41,), (1.0,))
('K.6 Musicalion', 'P1', 3, (120, 121), (41,), (3.0,), (41,), (3.0,))
('K.6 Musicalion', 'P1', 3, (147, 148), (49,), (1.0,), (49,), (1.0,))
('K.6 Musicalion', 'P1', 3, (231, 232), (72,), (1.0,), (72,), (1.0,))
('K.6 Musicalion', 'P1', 4, (0, 1), (6,), (1.0,), (6,), (1.0,))
('K.6 Musicalion', 'P1', 4, (1, 2), (6,), (2.0,), (6,), (2.0,))
('K.6 Musicalion', 'P1', 4, (3, 4), (7,), (1.0,), (7,), (1.0,))
('K.6 Musicalion', 'P1', 4, (4, 5), (7,), (2.0,), (7,), (2.0,))
('K.6 Musicalion', 'P1', 4, (9, 10), (35,), (2.0,), (35,), (2.0,))
('K.6 Musicalion', 'P1', 4, (10, 11), (35,), (3.0,), (35,), (3.0,))
('K.6 Musicalion', 'P1', 4, (12, 13), (73,), (1.0,), (73,), (1.0,))
('K.6 Musicalion', 'P1', 4, (14, 15), (73,), (3.0,), (73,), (3.0,))

30.    ((3,),):
('K.6 Musicalion', 'P1', 1, (0, 1), (1,), (1.0,), (1,), (1.0,))
('K.6 Musicalion', 'P1', 1, (1, 2), (1,), (2.0,), (1,), (2.0,))
('K.6 Musicalion', 'P1', 1, (10, 11), (4,), (3.0,), (4,), (3.0,))
('K.6 Musicalion', 'P1', 1, (28, 29), (9,), (1.67,), (9,), (1.67,))
('K.6 Musicalion', 'P1', 1, (36, 37), (11,), (1.67,), (11,), (1.67,))
('K.6 Musicalion', 'P1', 1, (79, 80), (18,), (1.67,), (18,), (1.67,))
('K.6 Musicalion', 'P1', 1, (123, 124), (26,), (1.0,), (26,), (1.0,))
('K.6 Musicalion', 'P1', 1, (124, 125), (26,), (1.33,), (26,), (1.33,))
('K.6 Musicalion', 'P1', 1, (128, 129), (27,), (1.33,), (27,), (1.33,))
('K.6 Musicalion', 'P1', 1, (140, 141), (30,), (1.33,), (30,), (1.33,))
('K.6 Musicalion', 'P1', 1, (141, 142), (30,), (1.67,), (30,), (1.67,))
('K.6 Musicalion', 'P1', 1, (184, 185), (38,), (1.0,), (38,), (1.0,))
('K.6 Musicalion', 'P1', 1, (185, 186), (38,), (2.0,), (38,), (2.0,))
('K.6 Musicalion', 'P1', 1, (212, 213), (43,), (3.67,), (43,), (3.67,))
('K.6 Musicalion', 'P1', 1, (220, 221), (46,), (1.0,), (46,), (1.0,))
('K.6 Musicalion', 'P1', 1, (221, 222), (46,), (2.0,), (46,), (2.0,))
('K.6 Musicalion', 'P1', 1, (260, 261), (54,), (3.67,), (54,), (3.67,))
('K.6 Musicalion', 'P1', 1, (265, 266), (55,), (3.67,), (55,), (3.67,))
('K.6 Musicalion', 'P1', 1, (303, 304), (61,), (1.67,), (61,), (1.67,))
('K.6 Musicalion', 'P1', 1, (357, 358), (69,), (1.33,), (69,), (1.33,))
('K.6 Musicalion', 'P1', 1, (360, 361), (69,), (2.33,), (69,), (2.33,))
('K.6 Musicalion', 'P1', 1, (363, 364), (69,), (3.33,), (69,), (3.33,))
('K.6 Musicalion', 'P1', 2, (13, 14), (15,), (2.0,), (15,), (2.0,))
('K.6 Musicalion', 'P1', 3, (0, 1), (1,), (1.0,), (1,), (1.0,))
('K.6 Musicalion', 'P1', 3, (1, 2), (1,), (2.0,), (1,), (2.0,))
('K.6 Musicalion', 'P1', 3, (3, 4), (2,), (1.0,), (2,), (1.0,))
('K.6 Musicalion', 'P1', 3, (4, 5), (2,), (2.0,), (2,), (2.0,))
('K.6 Musicalion', 'P1', 3, (6, 7), (3,), (1.0,), (3,), (1.0,))
('K.6 Musicalion', 'P1', 3, (7, 8), (3,), (2.0,), (3,), (2.0,))
('K.6 Musicalion', 'P1', 3, (110, 111), (38,), (1.0,), (38,), (1.0,))
('K.6 Musicalion', 'P1', 3, (111, 112), (38,), (2.0,), (38,), (2.0,))
('K.6 Musicalion', 'P1', 3, (113, 114), (39,), (1.0,), (39,), (1.0,))
('K.6 Musicalion', 'P1', 3, (114, 115), (39,), (2.0,), (39,), (2.0,))
('K.6 Musicalion', 'P1', 3, (116, 117), (40,), (1.0,), (40,), (1.0,))
('K.6 Musicalion', 'P1', 3, (117, 118), (40,), (2.0,), (40,), (2.0,))
('K.6 Musicalion', 'P1', 3, (138, 139), (46,), (1.0,), (46,), (1.0,))
('K.6 Musicalion', 'P1', 3, (139, 140), (46,), (2.0,), (46,), (2.0,))
('K.6 Musicalion', 'P1', 3, (141, 142), (47,), (1.0,), (47,), (1.0,))
('K.6 Musicalion', 'P1', 3, (142, 143), (47,), (2.0,), (47,), (2.0,))
('K.6 Musicalion', 'P1', 3, (144, 145), (48,), (1.0,), (48,), (1.0,))
('K.6 Musicalion', 'P1', 3, (145, 146), (48,), (2.0,), (48,), (2.0,))

31.    ((2,),):
('K.6 Musicalion', 'P1', 1, (19, 20), (5,), (3.67,), (5,), (3.67,))
('K.6 Musicalion', 'P1', 1, (67, 68), (16,), (1.67,), (16,), (1.67,))
('K.6 Musicalion', 'P1', 1, (86, 87), (19,), (2.0,), (19,), (2.0,))
('K.6 Musicalion', 'P1', 1, (97, 98), (21,), (2.0,), (21,), (2.0,))
('K.6 Musicalion', 'P1', 1, (110, 111), (23,), (2.67,), (23,), (2.67,))
('K.6 Musicalion', 'P1', 1, (119, 120), (24,), (2.67,), (24,), (2.67,))
('K.6 Musicalion', 'P1', 1, (162, 163), (32,), (2.67,), (32,), (2.67,))
('K.6 Musicalion', 'P1', 1, (174, 175), (33,), (3.67,), (33,), (3.67,))
('K.6 Musicalion', 'P1', 1, (183, 184), (34,), (3.67,), (34,), (3.67,))
('K.6 Musicalion', 'P1', 1, (297, 298), (59,), (3.67,), (59,), (3.67,))
('K.6 Musicalion', 'P1', 1, (310, 311), (62,), (2.0,), (62,), (2.0,))
('K.6 Musicalion', 'P1', 1, (321, 322), (64,), (2.0,), (64,), (2.0,))
('K.6 Musicalion', 'P1', 1, (373, 374), (70,), (3.67,), (70,), (3.67,))
('K.6 Musicalion', 'P1', 1, (379, 380), (71,), (2.67,), (71,), (2.67,))
('K.6 Musicalion', 'P1', 1, (391, 392), (72,), (3.67,), (72,), (3.67,))
('K.6 Musicalion', 'P1', 2, (17, 18), (16,), (3.0,), (16,), (3.0,))
('K.6 Musicalion', 'P1', 3, (16, 17), (6,), (3.67,), (6,), (3.67,))
('K.6 Musicalion', 'P1', 3, (99, 100), (35,), (3.67,), (35,), (3.67,))
('K.6 Musicalion', 'P1', 3, (108, 109), (36,), (3.67,), (36,), (3.67,))
('K.6 Musicalion', 'P1', 3, (129, 130), (44,), (1.67,), (44,), (1.67,))
('K.6 Musicalion', 'P1', 3, (157, 158), (52,), (1.67,), (52,), (1.67,))
('K.6 Musicalion', 'P1', 3, (228, 229), (71,), (1.0,), (71,), (1.0,))
('K.6 Musicalion', 'P1', 3, (239, 240), (73,), (3.67,), (73,), (3.67,))
('K.6 Musicalion', 'P1', 3, (248, 249), (74,), (3.67,), (74,), (3.67,))

32.    ((-3,),):
('K.6 Musicalion', 'P1', 1, (4, 5), (2,), (2.0,), (2,), (2.0,))
('K.6 Musicalion', 'P1', 1, (5, 6), (2,), (3.0,), (2,), (3.0,))
('K.6 Musicalion', 'P1', 1, (188, 189), (39,), (2.0,), (39,), (2.0,))
('K.6 Musicalion', 'P1', 1, (189, 190), (39,), (3.0,), (39,), (3.0,))
('K.6 Musicalion', 'P1', 1, (224, 225), (47,), (2.0,), (47,), (2.0,))
('K.6 Musicalion', 'P1', 1, (225, 226), (47,), (3.0,), (47,), (3.0,))
('K.6 Musicalion', 'P1', 1, (356, 357), (69,), (1.0,), (69,), (1.0,))
('K.6 Musicalion', 'P1', 1, (359, 360), (69,), (2.0,), (69,), (2.0,))
('K.6 Musicalion', 'P1', 1, (362, 363), (69,), (3.0,), (69,), (3.0,))
('K.6 Musicalion', 'P1', 1, (367, 368), (70,), (1.67,), (70,), (1.67,))
('K.6 Musicalion', 'P1', 2, (0, 1), (13,), (1.0,), (13,), (1.0,))
('K.6 Musicalion', 'P1', 2, (4, 5), (13,), (3.0,), (13,), (3.0,))
('K.6 Musicalion', 'P1', 2, (8, 9), (14,), (2.0,), (14,), (2.0,))
('K.6 Musicalion', 'P1', 2, (12, 13), (15,), (1.0,), (15,), (1.0,))
('K.6 Musicalion', 'P1', 3, (8, 9), (3,), (3.0,), (3,), (3.0,))
('K.6 Musicalion', 'P1', 3, (10, 11), (4,), (3.0,), (4,), (3.0,))
('K.6 Musicalion', 'P1', 3, (118, 119), (40,), (3.0,), (40,), (3.0,))
('K.6 Musicalion', 'P1', 3, (146, 147), (48,), (3.0,), (48,), (3.0,))

33.    ((5,),):
('K.6 Musicalion', 'P1', 1, (3, 4), (2,), (1.0,), (2,), (1.0,))
('K.6 Musicalion', 'P1', 1, (122, 123), (24,), (3.67,), (24,), (3.67,))
('K.6 Musicalion', 'P1', 1, (132, 133), (28,), (1.33,), (28,), (1.33,))
('K.6 Musicalion', 'P1', 1, (136, 137), (29,), (1.33,), (29,), (1.33,))
('K.6 Musicalion', 'P1', 1, (187, 188), (39,), (1.0,), (39,), (1.0,))
('K.6 Musicalion', 'P1', 1, (223, 224), (47,), (1.0,), (47,), (1.0,))
('K.6 Musicalion', 'P1', 1, (230, 231), (49,), (3.0,), (49,), (3.0,))
('K.6 Musicalion', 'P1', 1, (270, 271), (56,), (3.67,), (56,), (3.67,))
('K.6 Musicalion', 'P1', 3, (233, 234), (72,), (3.0,), (72,), (3.0,))

34.    ((9,),):
('K.6 Musicalion', 'P1', 1, (165, 166), (32,), (3.67,), (32,), (3.67,))
('K.6 Musicalion', 'P1', 1, (203, 204), (42,), (3.67,), (42,), (3.67,))
('K.6 Musicalion', 'P1', 1, (239, 240), (50,), (3.67,), (50,), (3.67,))
('K.6 Musicalion', 'P1', 1, (382, 383), (71,), (3.67,), (71,), (3.67,))
('K.6 Musicalion', 'P1', 4, (5, 6), (7,), (3.0,), (7,), (3.0,))

35.    ((8,),):
('K.6 Musicalion', 'P1', 1, (190, 191), (40,), (1.0,), (40,), (1.0,))
('K.6 Musicalion', 'P1', 1, (226, 227), (48,), (1.0,), (48,), (1.0,))
('K.6 Musicalion', 'P1', 3, (26, 27), (8,), (1.0,), (8,), (1.0,))
('K.6 Musicalion', 'P1', 3, (90, 91), (34,), (3.0,), (34,), (3.0,))

36.    (((3, 2),),):
('K.6 Musicalion', 'P1', 1, (251, 252), (52,), (3.0,), (52,), (3.0,))
('K.6 Musicalion', 'P1', 3, (187, 188), (57,), (1.0,), (57,), (1.0,))
('K.6 Musicalion', 'P1', 3, (188, 189), (57,), (2.0,), (57,), (2.0,))
('K.6 Musicalion', 'P1', 3, (189, 190), (57,), (3.0,), (57,), (3.0,))

37.    (((4, 3, 1),),):
('K.6 Musicalion', 'P1', 3, (35, 36), (11,), (3.0,), (11,), (3.0,))
('K.6 Musicalion', 'P1', 3, (83, 84), (32,), (2.0,), (32,), (2.0,))
('K.6 Musicalion', 'P1', 3, (215, 216), (66,), (3.0,), (66,), (3.0,))
('K.6 Musicalion', 'P1', 3, (223, 224), (69,), (2.0,), (69,), (2.0,))

38.    ((-6,),):
('K.6 Musicalion', 'P1', 1, (126, 127), (26,), (2.0,), (26,), (2.0,))
('K.6 Musicalion', 'P1', 1, (130, 131), (27,), (2.0,), (27,), (2.0,))
('K.6 Musicalion', 'P1', 3, (186, 187), (56,), (3.0,), (56,), (3.0,))

39.    ((-2,),):
('K.6 Musicalion', 'P1', 1, (358, 359), (69,), (1.67,), (69,), (1.67,))
('K.6 Musicalion', 'P1', 1, (361, 362), (69,), (2.67,), (69,), (2.67,))
('K.6 Musicalion', 'P1', 3, (25, 26), (7,), (3.67,), (7,), (3.67,))

40.    (((5, 1),),):
('K.6 Musicalion', 'P1', 3, (29, 30), (9,), (3.0,), (9,), (3.0,))
('K.6 Musicalion', 'P1', 3, (59, 60), (24,), (2.0,), (24,), (2.0,))

41.    (((5, 4, 1),),):
('K.6 Musicalion', 'P1', 3, (36, 37), (12,), (1.0,), (12,), (1.0,))
('K.6 Musicalion', 'P1', 3, (37, 38), (12,), (2.0,), (12,), (2.0,))

42.    (((5, 4, 2),),):
('K.6 Musicalion', 'P1', 3, (38, 39), (12,), (3.0,), (12,), (3.0,))
('K.6 Musicalion', 'P1', 3, (76, 77), (30,), (1.0,), (30,), (1.0,))

43.    (((3, 4),),):
('K.6 Musicalion', 'P1', 3, (191, 192), (58,), (2.0,), (58,), (2.0,))
('K.6 Musicalion', 'P1', 3, (195, 196), (59,), (3.0,), (59,), (3.0,))

44.    (((3, -3),),):
('K.6 Musicalion', 'P1', 3, (192, 193), (58,), (3.0,), (58,), (3.0,))
('K.6 Musicalion', 'P1', 3, (194, 195), (59,), (2.0,), (59,), (2.0,))

