1.    nomes:
K.107 Musicalion

2.    quantidade:
1

3.    analise:
[('intDia', 'p1p2')] SemContInte Distancia: 0

1.    (((3, 1), (3, 2), (3, -2), (3, 2), (3, 2), (3, 2), (3, -2), (3, -2), (3, -2), (3, 1), (3, 2), (3, -2), (3, 2), (3, 2), (3, 2), (3, -2), (3, -2), (3, -2), (3, 1), (3, 2), (3, 2), 2, 2, -3, -2, (3, 2), (3, 2), (3, 2), (3, -2), (3, -2), (3, -2), (3, -2), (3, 2), -2, (3, 1), (3, 2), (3, -2), (3, 2), (3, 2), (3, 2), (3, -2), (3, -2), (3, -2), (3, 1), (3, 2), (3, -2), (3, 2), (3, 2), (3, 2), (3, -2), (3, -2), (3, -2), (3, 1), (3, 2), (3, 2), 2, 2, -3, -2, (3, 2), (3, 2), (3, 2), (3, -2), (3, -2), (3, -2), (3, -2)),):
('K.107 Musicalion', 'P1', 1, (259, 325), (45,), (1.0,), (59,), (3.0,))
('K.107 Musicalion', 'P1', 1, (636, 702), (116,), (1.0,), (130,), (3.0,))

2.    ((2, -8, -5, 19, 2, -2, -2, -2, -2, -19, 22, 2, -2, -2, -2, -2, -19, 22, 2, -2, -2, -2, -2, -19, 4, 11, 2, -8, 4, 2, 2, 2, 2, -8, 4, 2, 2, 2, 2, -8, -5, 2, 2, 2, 2, -8, 4),):
('K.107 Musicalion', 'P1', 3, (144, 191), (51,), (1.0,), (65,), (3.0,))
('K.107 Musicalion', 'P1', 3, (346, 393), (122,), (1.0,), (136,), (3.0,))

3.    ((-4, 2, 2, 2, 2, -2, 2, -2, -2, -2, -2, 2, 2, 2, -2, 2, 2, 2, -2, -2, 2, -2, -2, -2, -2, 2, 2, 2, -2, 2, 2, 2, -2, -2, 2, 2, 2, -3, -2),):
('K.107 Musicalion', 'P1', 1, (192, 231), (33,), (1.5,), (39,), (2.5,))
('K.107 Musicalion', 'P1', 1, (447, 486), (85,), (1.5,), (91,), (1.0,))

4.    ((-3, -3, -2, -2, 2, 2, 2, 2, 2, 2, 2, 2, -3, -3, -3, -2, -2, 2, 2, 2, 2, 2, 2, 2, 2),):
('K.107 Musicalion', 'P1', 1, (39, 64), (9,), (1.5,), (12,), (2.75,))
('K.107 Musicalion', 'P1', 1, (65, 90), (13,), (1.5,), (16,), (2.75,))

5.    ((-2, -2, -2, -2, 6, -7, -3, -2, -2, -2, -2, 6, -7, -3, -2, -2, -2, -2, 2),):
('K.107 Musicalion', 'P1', 1, (333, 352), (61,), (1.5,), (65,), (3.5,))
('K.107 Musicalion', 'P1', 1, (705, 724), (132,), (1.5,), (136,), (3.5,))

6.    ((1, -2, 1, 2, 1, 2, 1, 2, 1, 2, -2, -2, -2, -2, 2, -2, 1, 2, 1),):
('K.107 Musicalion', 'P1', 1, (388, 407), (73,), (1.5,), (76,), (2.5,))
('K.107 Musicalion', 'P1', 1, (408, 427), (77,), (1.5,), (80,), (2.5,))

7.    ((-3, -6, 4, -2, 3, -2, -2, 2, 2, 2, -3, 4, -3, -3, -3, -2, -3),):
('K.107 Musicalion', 'P1', 1, (0, 17), (1,), (1.0,), (3,), (3.0,))
('K.107 Musicalion', 'P1', 1, (19, 36), (5,), (1.0,), (7,), (3.0,))

8.    ((-2, -2, 2, 2, 2, -3, -2, -2, 2, 2, 2, 2, 2, -6, 1, -2),):
('K.107 Musicalion', 'P1', 1, (242, 258), (41,), (2.5,), (44,), (1.0,))
('K.107 Musicalion', 'P1', 1, (430, 446), (81,), (2.5,), (84,), (1.0,))

9.    (((3, 1), (3, 1), (3, -2), (4, 2, 1), (4, 2, 1), (4, 2, 2), (3, 1), (3, 1), (3, -2), (4, 2, 1), (4, 2, 1), (4, 2, 2), (3, 1), (3, 1)),):
('K.107 Musicalion', 'P1', 3, (87, 101), (33,), (1.0,), (37,), (2.0,))
('K.107 Musicalion', 'P1', 3, (297, 311), (107,), (1.0,), (111,), (2.0,))

10.    (((3, 1), (3, 1), -2, (3, 1), (3, 1), (3, 2), (3, 1), (3, 1), -2, (3, 1), (3, 1)),):
('K.107 Musicalion', 'P1', 3, (21, 32), (9,), (1.0,), (12,), (2.0,))
('K.107 Musicalion', 'P1', 3, (33, 44), (13,), (1.0,), (16,), (2.0,))

11.    (((3, 2), (3, 2), (3, -5), (3, 4, 1), (3, 4, 1), (3, 4, -2), (4, 3, 1), (4, 3, 1)),):
('K.107 Musicalion', 'P1', 3, (212, 220), (74,), (1.0,), (76,), (2.0,))
('K.107 Musicalion', 'P1', 3, (224, 232), (78,), (1.0,), (80,), (2.0,))

12.    (((3, 2), (3, 2), (3, 1), (3, -2), (3, -5), 3, 2),):
('K.107 Musicalion', 'P1', 3, (0, 7), (1,), (1.0,), (3,), (3.0,))
('K.107 Musicalion', 'P1', 3, (12, 19), (5,), (1.0,), (7,), (3.0,))

13.    ((2, 2, -2, -2, 2, -2),):
('K.107 Musicalion', 'P1', 1, (208, 214), (35,), (3.25,), (36,), (3.0,))
('K.107 Musicalion', 'P1', 1, (463, 469), (87,), (3.25,), (88,), (3.0,))
('K.107 Musicalion', 'P1', 1, (598, 604), (109,), (3.25,), (110,), (3.0,))
('K.107 Musicalion', 'P1', 2, (22, 28), (129,), (1.0,), (131,), (2.0,))

14.    ((2, 2, -3, 2, 2, -2),):
('K.107 Musicalion', 'P1', 2, (0, 6), (50,), (1.0,), (58,), (3.5,))
('K.107 Musicalion', 'P1', 2, (19, 25), (121,), (1.0,), (129,), (3.5,))

15.    ((-4, -3, -3, -4, -3, -3),):
('K.107 Musicalion', 'P1', 3, (80, 86), (31,), (1.0,), (31,), (3.5,))
('K.107 Musicalion', 'P1', 3, (290, 296), (105,), (1.0,), (105,), (3.5,))

16.    ((2, -2, -2, -2, -2),):
('K.107 Musicalion', 'P1', 1, (198, 203), (34,), (2.5,), (35,), (1.75,))
('K.107 Musicalion', 'P1', 1, (212, 217), (36,), (2.5,), (37,), (1.75,))
('K.107 Musicalion', 'P1', 1, (397, 402), (74,), (3.0,), (75,), (3.0,))
('K.107 Musicalion', 'P1', 1, (417, 422), (78,), (3.0,), (79,), (3.0,))
('K.107 Musicalion', 'P1', 1, (453, 458), (86,), (2.5,), (87,), (1.75,))
('K.107 Musicalion', 'P1', 1, (467, 472), (88,), (2.5,), (89,), (1.75,))
('K.107 Musicalion', 'P1', 1, (524, 529), (97,), (3.75,), (98,), (1.75,))
('K.107 Musicalion', 'P1', 1, (541, 546), (99,), (3.75,), (100,), (1.75,))
('K.107 Musicalion', 'P1', 1, (558, 563), (101,), (3.75,), (102,), (1.75,))
('K.107 Musicalion', 'P1', 1, (588, 593), (108,), (2.5,), (109,), (1.75,))
('K.107 Musicalion', 'P1', 1, (602, 607), (110,), (2.5,), (111,), (1.75,))
('K.107 Musicalion', 'P1', 3, (122, 127), (45,), (1.0,), (45,), (3.0,))
('K.107 Musicalion', 'P1', 3, (129, 134), (47,), (1.0,), (47,), (3.0,))
('K.107 Musicalion', 'P1', 3, (136, 141), (49,), (1.0,), (49,), (3.0,))
('K.107 Musicalion', 'P1', 3, (148, 153), (53,), (1.0,), (53,), (3.0,))
('K.107 Musicalion', 'P1', 3, (155, 160), (55,), (1.0,), (55,), (3.0,))
('K.107 Musicalion', 'P1', 3, (162, 167), (57,), (1.0,), (57,), (3.0,))
('K.107 Musicalion', 'P1', 3, (323, 328), (116,), (1.0,), (116,), (3.0,))
('K.107 Musicalion', 'P1', 3, (330, 335), (118,), (1.0,), (118,), (3.0,))
('K.107 Musicalion', 'P1', 3, (337, 342), (120,), (1.0,), (120,), (3.0,))
('K.107 Musicalion', 'P1', 3, (350, 355), (124,), (1.0,), (124,), (3.0,))
('K.107 Musicalion', 'P1', 3, (357, 362), (126,), (1.0,), (126,), (3.0,))
('K.107 Musicalion', 'P1', 3, (364, 369), (128,), (1.0,), (128,), (3.0,))

17.    ((-2, 2, -2, 2, -4),):
('K.107 Musicalion', 'P1', 1, (326, 331), (60,), (1.0,), (60,), (3.0,))
('K.107 Musicalion', 'P1', 2, (7, 12), (62,), (1.0,), (62,), (3.0,))
('K.107 Musicalion', 'P1', 2, (13, 18), (64,), (1.0,), (64,), (3.0,))
('K.107 Musicalion', 'P1', 2, (37, 42), (135,), (1.0,), (135,), (3.0,))

18.    ((-4, -3, -3, -4, -3),):
('K.107 Musicalion', 'P1', 1, (186, 191), (30,), (1.0,), (30,), (3.0,))
('K.107 Musicalion', 'P1', 1, (576, 581), (104,), (1.0,), (104,), (3.0,))
('K.107 Musicalion', 'P1', 3, (80, 85), (31,), (1.0,), (31,), (3.0,))
('K.107 Musicalion', 'P1', 3, (290, 295), (105,), (1.0,), (105,), (3.0,))

19.    ((2, 2, -3, 2, 2),):
('K.107 Musicalion', 'P1', 2, (0, 5), (50,), (1.0,), (58,), (3.0,))
('K.107 Musicalion', 'P1', 2, (19, 24), (121,), (1.0,), (129,), (3.0,))
('K.107 Musicalion', 'P1', 4, (2, 7), (25,), (3.0,), (29,), (1.0,))

20.    ((-3, 2, 2, 2, -2),):
('K.107 Musicalion', 'P1', 1, (353, 358), (67,), (1.5,), (67,), (3.5,))
('K.107 Musicalion', 'P1', 3, (193, 198), (68,), (1.5,), (68,), (3.5,))

21.    ((-2, 2, -2, 2, 3),):
('K.107 Musicalion', 'P1', 2, (25, 30), (131,), (1.0,), (131,), (3.0,))
('K.107 Musicalion', 'P1', 2, (31, 36), (133,), (1.0,), (133,), (3.0,))

22.    ((-8, 3, -2, -8, 15),):
('K.107 Musicalion', 'P1', 3, (117, 122), (43,), (1.0,), (44,), (2.0,))
('K.107 Musicalion', 'P1', 3, (239, 244), (83,), (1.0,), (84,), (2.0,))

23.    ((2, 2, 2, 2),):
('K.107 Musicalion', 'P1', 1, (43, 47), (9,), (3.5,), (10,), (1.75,))
('K.107 Musicalion', 'P1', 1, (47, 51), (10,), (2.0,), (10,), (2.75,))
('K.107 Musicalion', 'P1', 1, (56, 60), (11,), (3.5,), (12,), (1.75,))
('K.107 Musicalion', 'P1', 1, (60, 64), (12,), (2.0,), (12,), (2.75,))
('K.107 Musicalion', 'P1', 1, (69, 73), (13,), (3.5,), (14,), (1.75,))
('K.107 Musicalion', 'P1', 1, (73, 77), (14,), (2.0,), (14,), (2.75,))
('K.107 Musicalion', 'P1', 1, (82, 86), (15,), (3.5,), (16,), (1.75,))
('K.107 Musicalion', 'P1', 1, (86, 90), (16,), (2.0,), (16,), (2.75,))
('K.107 Musicalion', 'P1', 1, (193, 197), (33,), (2.0,), (33,), (3.5,))
('K.107 Musicalion', 'P1', 1, (250, 254), (42,), (3.5,), (43,), (2.0,))
('K.107 Musicalion', 'P1', 1, (367, 371), (70,), (1.25,), (70,), (2.0,))
('K.107 Musicalion', 'P1', 1, (382, 386), (72,), (1.75,), (72,), (2.5,))
('K.107 Musicalion', 'P1', 1, (438, 442), (82,), (3.5,), (83,), (2.0,))
('K.107 Musicalion', 'P1', 1, (448, 452), (85,), (2.0,), (85,), (3.5,))
('K.107 Musicalion', 'P1', 1, (504, 508), (95,), (1.0,), (95,), (2.5,))
('K.107 Musicalion', 'P1', 1, (515, 519), (96,), (3.25,), (97,), (1.0,))
('K.107 Musicalion', 'P1', 1, (532, 536), (98,), (2.75,), (98,), (3.5,))
('K.107 Musicalion', 'P1', 1, (549, 553), (100,), (2.75,), (100,), (3.5,))
('K.107 Musicalion', 'P1', 1, (566, 570), (102,), (2.75,), (102,), (3.5,))
('K.107 Musicalion', 'P1', 1, (583, 587), (107,), (2.0,), (107,), (3.5,))
('K.107 Musicalion', 'P1', 1, (620, 624), (112,), (3.5,), (113,), (2.0,))
('K.107 Musicalion', 'P1', 3, (173, 177), (60,), (1.0,), (61,), (1.0,))
('K.107 Musicalion', 'P1', 3, (179, 183), (62,), (1.0,), (63,), (1.0,))
('K.107 Musicalion', 'P1', 3, (185, 189), (64,), (1.0,), (65,), (1.0,))
('K.107 Musicalion', 'P1', 3, (375, 379), (131,), (1.0,), (132,), (1.0,))
('K.107 Musicalion', 'P1', 3, (381, 385), (133,), (1.0,), (134,), (1.0,))
('K.107 Musicalion', 'P1', 3, (387, 391), (135,), (1.0,), (136,), (1.0,))

24.    ((2, 2, -3, 2),):
('K.107 Musicalion', 'P1', 1, (506, 510), (95,), (2.0,), (95,), (3.5,))
('K.107 Musicalion', 'P1', 2, (0, 4), (50,), (1.0,), (58,), (1.0,))
('K.107 Musicalion', 'P1', 2, (19, 23), (121,), (1.0,), (129,), (1.0,))
('K.107 Musicalion', 'P1', 4, (2, 6), (25,), (3.0,), (27,), (3.0,))

25.    ((2, -4, -3, -3),):
('K.107 Musicalion', 'P1', 1, (167, 171), (27,), (3.75,), (28,), (2.0,))
('K.107 Musicalion', 'P1', 3, (6, 10), (3,), (3.0,), (4,), (2.0,))

26.    ((2, 2, -2),):
('K.107 Musicalion', 'P1', 1, (62, 65), (12,), (2.5,), (12,), (3.0,))
('K.107 Musicalion', 'P1', 1, (135, 138), (24,), (2.5,), (24,), (3.25,))
('K.107 Musicalion', 'P1', 1, (142, 145), (25,), (1.75,), (25,), (2.25,))
('K.107 Musicalion', 'P1', 1, (153, 156), (26,), (2.5,), (26,), (3.25,))
('K.107 Musicalion', 'P1', 1, (160, 163), (27,), (1.75,), (27,), (2.25,))
('K.107 Musicalion', 'P1', 1, (178, 181), (29,), (1.75,), (29,), (2.25,))
('K.107 Musicalion', 'P1', 1, (195, 198), (33,), (3.0,), (34,), (1.0,))
('K.107 Musicalion', 'P1', 1, (204, 207), (35,), (2.25,), (35,), (2.75,))
('K.107 Musicalion', 'P1', 1, (208, 211), (35,), (3.25,), (35,), (3.75,))
('K.107 Musicalion', 'P1', 1, (218, 221), (37,), (2.25,), (37,), (2.75,))
('K.107 Musicalion', 'P1', 1, (222, 225), (37,), (3.25,), (37,), (3.75,))
('K.107 Musicalion', 'P1', 1, (355, 358), (67,), (2.5,), (67,), (3.5,))
('K.107 Musicalion', 'P1', 1, (450, 453), (85,), (3.0,), (86,), (1.0,))
('K.107 Musicalion', 'P1', 1, (459, 462), (87,), (2.25,), (87,), (2.75,))
('K.107 Musicalion', 'P1', 1, (463, 466), (87,), (3.25,), (87,), (3.75,))
('K.107 Musicalion', 'P1', 1, (473, 476), (89,), (2.25,), (89,), (2.75,))
('K.107 Musicalion', 'P1', 1, (477, 480), (89,), (3.25,), (89,), (3.75,))
('K.107 Musicalion', 'P1', 1, (523, 526), (97,), (3.5,), (98,), (1.0,))
('K.107 Musicalion', 'P1', 1, (540, 543), (99,), (3.5,), (100,), (1.0,))
('K.107 Musicalion', 'P1', 1, (557, 560), (101,), (3.5,), (102,), (1.0,))
('K.107 Musicalion', 'P1', 1, (585, 588), (107,), (3.0,), (108,), (1.0,))
('K.107 Musicalion', 'P1', 1, (594, 597), (109,), (2.25,), (109,), (2.75,))
('K.107 Musicalion', 'P1', 1, (598, 601), (109,), (3.25,), (109,), (3.75,))
('K.107 Musicalion', 'P1', 1, (608, 611), (111,), (2.25,), (111,), (2.75,))
('K.107 Musicalion', 'P1', 1, (612, 615), (111,), (3.25,), (111,), (3.75,))
('K.107 Musicalion', 'P1', 2, (3, 6), (58,), (1.0,), (58,), (3.5,))
('K.107 Musicalion', 'P1', 2, (22, 25), (129,), (1.0,), (129,), (3.5,))
('K.107 Musicalion', 'P1', 3, (195, 198), (68,), (2.5,), (68,), (3.5,))

27.    ((-3, 2, 2),):
('K.107 Musicalion', 'P1', 1, (353, 356), (67,), (1.5,), (67,), (2.5,))
('K.107 Musicalion', 'P1', 1, (378, 381), (71,), (3.0,), (72,), (1.25,))
('K.107 Musicalion', 'P1', 2, (2, 5), (50,), (3.5,), (58,), (3.0,))
('K.107 Musicalion', 'P1', 2, (21, 24), (121,), (3.5,), (129,), (3.0,))
('K.107 Musicalion', 'P1', 3, (193, 196), (68,), (1.5,), (68,), (2.5,))
('K.107 Musicalion', 'P1', 4, (1, 4), (25,), (2.0,), (27,), (1.0,))
('K.107 Musicalion', 'P1', 4, (4, 7), (27,), (2.0,), (29,), (1.0,))

28.    ((3, -3, -2),):
('K.107 Musicalion', 'P1', 1, (428, 431), (81,), (1.5,), (81,), (2.5,))
('K.107 Musicalion', 'P1', 2, (29, 32), (131,), (3.0,), (133,), (1.0,))
('K.107 Musicalion', 'P1', 4, (10, 13), (78,), (1.0,), (97,), (2.0,))

29.    (((3, 4, 1), (3, 4, 1), (3, 4, -2)),):
('K.107 Musicalion', 'P1', 3, (108, 111), (40,), (1.0,), (40,), (3.0,))
('K.107 Musicalion', 'P1', 3, (268, 271), (93,), (1.0,), (93,), (3.0,))

30.    ((1, 2),):
('K.107 Musicalion', 'P1', 1, (36, 38), (7,), (3.5,), (8,), (1.0,))
('K.107 Musicalion', 'P1', 1, (101, 103), (18,), (3.5,), (19,), (1.0,))
('K.107 Musicalion', 'P1', 1, (113, 115), (20,), (3.5,), (21,), (1.0,))
('K.107 Musicalion', 'P1', 1, (119, 121), (21,), (3.5,), (22,), (1.0,))
('K.107 Musicalion', 'P1', 1, (121, 123), (22,), (1.5,), (22,), (2.0,))
('K.107 Musicalion', 'P1', 1, (123, 125), (22,), (2.5,), (22,), (3.0,))
('K.107 Musicalion', 'P1', 1, (125, 127), (22,), (3.5,), (23,), (1.0,))
('K.107 Musicalion', 'P1', 1, (127, 129), (23,), (1.5,), (23,), (2.0,))
('K.107 Musicalion', 'P1', 1, (129, 131), (23,), (2.5,), (23,), (3.0,))
('K.107 Musicalion', 'P1', 1, (390, 392), (73,), (2.5,), (73,), (3.0,))
('K.107 Musicalion', 'P1', 1, (392, 394), (73,), (3.5,), (74,), (1.0,))
('K.107 Musicalion', 'P1', 1, (394, 396), (74,), (1.5,), (74,), (2.0,))
('K.107 Musicalion', 'P1', 1, (404, 406), (76,), (1.5,), (76,), (2.0,))
('K.107 Musicalion', 'P1', 1, (410, 412), (77,), (2.5,), (77,), (3.0,))
('K.107 Musicalion', 'P1', 1, (412, 414), (77,), (3.5,), (78,), (1.0,))
('K.107 Musicalion', 'P1', 1, (414, 416), (78,), (1.5,), (78,), (2.0,))
('K.107 Musicalion', 'P1', 1, (424, 426), (80,), (1.5,), (80,), (2.0,))
('K.107 Musicalion', 'P1', 3, (199, 201), (69,), (2.0,), (69,), (3.0,))

31.    (((3, 2), (3, 2)),):
('K.107 Musicalion', 'P1', 1, (262, 264), (46,), (1.0,), (46,), (1.5,))
('K.107 Musicalion', 'P1', 1, (271, 273), (48,), (1.0,), (48,), (1.5,))
('K.107 Musicalion', 'P1', 1, (284, 286), (50,), (3.0,), (50,), (3.5,))
('K.107 Musicalion', 'P1', 1, (296, 298), (54,), (1.0,), (54,), (1.5,))
('K.107 Musicalion', 'P1', 1, (305, 307), (56,), (1.0,), (56,), (1.5,))
('K.107 Musicalion', 'P1', 1, (318, 320), (58,), (3.0,), (58,), (3.5,))
('K.107 Musicalion', 'P1', 1, (639, 641), (117,), (1.0,), (117,), (1.5,))
('K.107 Musicalion', 'P1', 1, (648, 650), (119,), (1.0,), (119,), (1.5,))
('K.107 Musicalion', 'P1', 1, (661, 663), (121,), (3.0,), (121,), (3.5,))
('K.107 Musicalion', 'P1', 1, (673, 675), (125,), (1.0,), (125,), (1.5,))
('K.107 Musicalion', 'P1', 1, (682, 684), (127,), (1.0,), (127,), (1.5,))
('K.107 Musicalion', 'P1', 1, (695, 697), (129,), (3.0,), (129,), (3.5,))
('K.107 Musicalion', 'P1', 3, (0, 2), (1,), (1.0,), (1,), (3.0,))
('K.107 Musicalion', 'P1', 3, (12, 14), (5,), (1.0,), (5,), (3.0,))
('K.107 Musicalion', 'P1', 3, (212, 214), (74,), (1.0,), (74,), (2.0,))
('K.107 Musicalion', 'P1', 3, (224, 226), (78,), (1.0,), (78,), (2.0,))
('K.107 Musicalion', 'P1', 3, (237, 239), (82,), (2.0,), (82,), (3.0,))

32.    (((3, 1), (3, 2)),):
('K.107 Musicalion', 'P1', 1, (259, 261), (45,), (1.0,), (45,), (2.0,))
('K.107 Musicalion', 'P1', 1, (268, 270), (47,), (1.0,), (47,), (2.0,))
('K.107 Musicalion', 'P1', 1, (277, 279), (49,), (1.0,), (49,), (2.0,))
('K.107 Musicalion', 'P1', 1, (302, 304), (55,), (1.0,), (55,), (2.0,))
('K.107 Musicalion', 'P1', 1, (311, 313), (57,), (1.0,), (57,), (2.0,))
('K.107 Musicalion', 'P1', 1, (636, 638), (116,), (1.0,), (116,), (2.0,))
('K.107 Musicalion', 'P1', 1, (645, 647), (118,), (1.0,), (118,), (2.0,))
('K.107 Musicalion', 'P1', 1, (654, 656), (120,), (1.0,), (120,), (2.0,))
('K.107 Musicalion', 'P1', 1, (679, 681), (126,), (1.0,), (126,), (2.0,))
('K.107 Musicalion', 'P1', 1, (688, 690), (128,), (1.0,), (128,), (2.0,))
('K.107 Musicalion', 'P1', 3, (25, 27), (10,), (2.0,), (10,), (3.0,))
('K.107 Musicalion', 'P1', 3, (37, 39), (14,), (2.0,), (14,), (3.0,))
('K.107 Musicalion', 'P1', 3, (202, 204), (70,), (2.0,), (70,), (3.0,))

33.    ((2, -4),):
('K.107 Musicalion', 'P1', 1, (149, 151), (25,), (3.75,), (26,), (1.0,))
('K.107 Musicalion', 'P1', 1, (167, 169), (27,), (3.75,), (28,), (1.0,))
('K.107 Musicalion', 'P1', 1, (185, 187), (29,), (3.75,), (30,), (1.0,))
('K.107 Musicalion', 'P1', 1, (329, 331), (60,), (2.5,), (60,), (3.0,))
('K.107 Musicalion', 'P1', 1, (513, 515), (96,), (2.5,), (96,), (3.0,))
('K.107 Musicalion', 'P1', 1, (575, 577), (103,), (3.75,), (104,), (1.0,))
('K.107 Musicalion', 'P1', 2, (10, 12), (62,), (2.5,), (62,), (3.0,))
('K.107 Musicalion', 'P1', 2, (16, 18), (64,), (2.5,), (64,), (3.0,))
('K.107 Musicalion', 'P1', 2, (40, 42), (135,), (2.5,), (135,), (3.0,))
('K.107 Musicalion', 'P1', 3, (6, 8), (3,), (3.0,), (4,), (1.0,))

34.    ((-2, (3, 1)),):
('K.107 Musicalion', 'P1', 1, (292, 294), (52,), (1.0,), (53,), (1.0,))
('K.107 Musicalion', 'P1', 1, (669, 671), (123,), (1.0,), (124,), (1.0,))
('K.107 Musicalion', 'P1', 3, (23, 25), (9,), (3.0,), (10,), (1.0,))
('K.107 Musicalion', 'P1', 3, (29, 31), (11,), (3.0,), (12,), (1.0,))
('K.107 Musicalion', 'P1', 3, (35, 37), (13,), (3.0,), (14,), (1.0,))
('K.107 Musicalion', 'P1', 3, (41, 43), (15,), (3.0,), (16,), (1.0,))

35.    ((3, -2),):
('K.107 Musicalion', 'P1', 1, (4, 6), (1,), (3.0,), (1,), (3.5,))
('K.107 Musicalion', 'P1', 1, (23, 25), (5,), (3.0,), (5,), (3.5,))
('K.107 Musicalion', 'P1', 3, (118, 120), (43,), (2.0,), (43,), (3.0,))
('K.107 Musicalion', 'P1', 3, (240, 242), (83,), (2.0,), (83,), (3.0,))

36.    ((-3, 4),):
('K.107 Musicalion', 'P1', 1, (10, 12), (2,), (3.0,), (2,), (3.5,))
('K.107 Musicalion', 'P1', 1, (29, 31), (6,), (3.0,), (6,), (3.5,))
('K.107 Musicalion', 'P1', 1, (627, 629), (114,), (1.0,), (114,), (1.5,))
('K.107 Musicalion', 'P1', 3, (319, 321), (114,), (2.0,), (114,), (3.0,))

37.    ((8, -3),):
('K.107 Musicalion', 'P1', 1, (38, 40), (8,), (1.0,), (9,), (1.5,))
('K.107 Musicalion', 'P1', 3, (66, 68), (24,), (1.0,), (24,), (2.0,))
('K.107 Musicalion', 'P1', 3, (70, 72), (26,), (1.0,), (26,), (2.0,))
('K.107 Musicalion', 'P1', 3, (74, 76), (28,), (1.0,), (28,), (2.0,))

38.    ((-2, 3),):
('K.107 Musicalion', 'P1', 1, (3, 5), (1,), (2.5,), (1,), (3.0,))
('K.107 Musicalion', 'P1', 1, (22, 24), (5,), (2.5,), (5,), (3.0,))
('K.107 Musicalion', 'P1', 1, (237, 239), (40,), (3.0,), (40,), (3.5,))
('K.107 Musicalion', 'P1', 4, (9, 11), (74,), (1.0,), (78,), (1.0,))

39.    ((-2, 4),):
('K.107 Musicalion', 'P1', 1, (357, 359), (67,), (3.5,), (68,), (1.0,))
('K.107 Musicalion', 'P1', 4, (12, 14), (97,), (2.0,), (98,), (1.0,))
('K.107 Musicalion', 'P1', 4, (15, 17), (99,), (2.0,), (100,), (1.0,))
('K.107 Musicalion', 'P1', 4, (18, 20), (101,), (2.0,), (102,), (1.0,))

40.    ((4, 2),):
('K.107 Musicalion', 'P1', 1, (171, 173), (28,), (2.5,), (28,), (3.0,))
('K.107 Musicalion', 'P1', 1, (239, 241), (41,), (1.0,), (41,), (1.5,))
('K.107 Musicalion', 'P1', 3, (345, 347), (121,), (3.0,), (122,), (1.0,))

41.    ((3, 2),):
('K.107 Musicalion', 'P1', 1, (233, 235), (40,), (1.0,), (40,), (1.5,))
('K.107 Musicalion', 'P1', 3, (17, 19), (7,), (2.0,), (7,), (3.0,))

42.    ((-8, 8),):
('K.107 Musicalion', 'P1', 3, (19, 21), (8,), (1.0,), (8,), (2.0,))
('K.107 Musicalion', 'P1', 3, (78, 80), (30,), (1.0,), (30,), (2.0,))

43.    (((5, 2), (3, 2)),):
('K.107 Musicalion', 'P1', 3, (55, 57), (20,), (2.0,), (20,), (3.0,))
('K.107 Musicalion', 'P1', 3, (236, 238), (82,), (1.0,), (82,), (2.0,))

44.    ((-2,),):
('K.107 Musicalion', 'P1', 1, (3, 4), (1,), (2.5,), (1,), (2.5,))
('K.107 Musicalion', 'P1', 1, (5, 6), (1,), (3.5,), (1,), (3.5,))
('K.107 Musicalion', 'P1', 1, (6, 7), (2,), (1.0,), (2,), (1.0,))
('K.107 Musicalion', 'P1', 1, (15, 16), (3,), (2.5,), (3,), (2.5,))
('K.107 Musicalion', 'P1', 1, (22, 23), (5,), (2.5,), (5,), (2.5,))
('K.107 Musicalion', 'P1', 1, (24, 25), (5,), (3.5,), (5,), (3.5,))
('K.107 Musicalion', 'P1', 1, (25, 26), (6,), (1.0,), (6,), (1.0,))
('K.107 Musicalion', 'P1', 1, (34, 35), (7,), (2.5,), (7,), (2.5,))
('K.107 Musicalion', 'P1', 1, (41, 42), (9,), (2.5,), (9,), (2.5,))
('K.107 Musicalion', 'P1', 1, (42, 43), (9,), (3.0,), (9,), (3.0,))
('K.107 Musicalion', 'P1', 1, (54, 55), (11,), (2.5,), (11,), (2.5,))
('K.107 Musicalion', 'P1', 1, (55, 56), (11,), (3.0,), (11,), (3.0,))
('K.107 Musicalion', 'P1', 1, (64, 65), (12,), (3.0,), (12,), (3.0,))
('K.107 Musicalion', 'P1', 1, (67, 68), (13,), (2.5,), (13,), (2.5,))
('K.107 Musicalion', 'P1', 1, (68, 69), (13,), (3.0,), (13,), (3.0,))
('K.107 Musicalion', 'P1', 1, (80, 81), (15,), (2.5,), (15,), (2.5,))
('K.107 Musicalion', 'P1', 1, (81, 82), (15,), (3.0,), (15,), (3.0,))
('K.107 Musicalion', 'P1', 1, (92, 93), (17,), (2.0,), (17,), (2.0,))
('K.107 Musicalion', 'P1', 1, (94, 95), (17,), (3.0,), (17,), (3.0,))
('K.107 Musicalion', 'P1', 1, (96, 97), (18,), (1.0,), (18,), (1.0,))
('K.107 Musicalion', 'P1', 1, (98, 99), (18,), (2.0,), (18,), (2.0,))
('K.107 Musicalion', 'P1', 1, (100, 101), (18,), (3.0,), (18,), (3.0,))
('K.107 Musicalion', 'P1', 1, (104, 105), (19,), (2.0,), (19,), (2.0,))
('K.107 Musicalion', 'P1', 1, (106, 107), (19,), (3.0,), (19,), (3.0,))
('K.107 Musicalion', 'P1', 1, (108, 109), (20,), (1.0,), (20,), (1.0,))
('K.107 Musicalion', 'P1', 1, (110, 111), (20,), (2.0,), (20,), (2.0,))
('K.107 Musicalion', 'P1', 1, (112, 113), (20,), (3.0,), (20,), (3.0,))
('K.107 Musicalion', 'P1', 1, (116, 117), (21,), (2.0,), (21,), (2.0,))
('K.107 Musicalion', 'P1', 1, (118, 119), (21,), (3.0,), (21,), (3.0,))
('K.107 Musicalion', 'P1', 1, (133, 134), (24,), (1.5,), (24,), (1.5,))
('K.107 Musicalion', 'P1', 1, (134, 135), (24,), (2.0,), (24,), (2.0,))
('K.107 Musicalion', 'P1', 1, (137, 138), (24,), (3.25,), (24,), (3.25,))
('K.107 Musicalion', 'P1', 1, (140, 141), (25,), (1.0,), (25,), (1.0,))
('K.107 Musicalion', 'P1', 1, (144, 145), (25,), (2.25,), (25,), (2.25,))
('K.107 Musicalion', 'P1', 1, (147, 148), (25,), (3.0,), (25,), (3.0,))
('K.107 Musicalion', 'P1', 1, (151, 152), (26,), (1.5,), (26,), (1.5,))
('K.107 Musicalion', 'P1', 1, (152, 153), (26,), (2.0,), (26,), (2.0,))
('K.107 Musicalion', 'P1', 1, (155, 156), (26,), (3.25,), (26,), (3.25,))
('K.107 Musicalion', 'P1', 1, (158, 159), (27,), (1.0,), (27,), (1.0,))
('K.107 Musicalion', 'P1', 1, (162, 163), (27,), (2.25,), (27,), (2.25,))
('K.107 Musicalion', 'P1', 1, (165, 166), (27,), (3.0,), (27,), (3.0,))
('K.107 Musicalion', 'P1', 1, (173, 174), (28,), (3.25,), (28,), (3.25,))
('K.107 Musicalion', 'P1', 1, (176, 177), (29,), (1.0,), (29,), (1.0,))
('K.107 Musicalion', 'P1', 1, (180, 181), (29,), (2.25,), (29,), (2.25,))
('K.107 Musicalion', 'P1', 1, (183, 184), (29,), (3.0,), (29,), (3.0,))
('K.107 Musicalion', 'P1', 1, (197, 198), (34,), (1.0,), (34,), (1.0,))
('K.107 Musicalion', 'P1', 1, (199, 200), (34,), (3.0,), (34,), (3.0,))
('K.107 Musicalion', 'P1', 1, (200, 201), (35,), (1.25,), (35,), (1.25,))
('K.107 Musicalion', 'P1', 1, (201, 202), (35,), (1.5,), (35,), (1.5,))
('K.107 Musicalion', 'P1', 1, (202, 203), (35,), (1.75,), (35,), (1.75,))
('K.107 Musicalion', 'P1', 1, (206, 207), (35,), (2.75,), (35,), (2.75,))
('K.107 Musicalion', 'P1', 1, (210, 211), (35,), (3.75,), (35,), (3.75,))
('K.107 Musicalion', 'P1', 1, (211, 212), (36,), (1.0,), (36,), (1.0,))
('K.107 Musicalion', 'P1', 1, (213, 214), (36,), (3.0,), (36,), (3.0,))
('K.107 Musicalion', 'P1', 1, (214, 215), (37,), (1.25,), (37,), (1.25,))
('K.107 Musicalion', 'P1', 1, (215, 216), (37,), (1.5,), (37,), (1.5,))
('K.107 Musicalion', 'P1', 1, (216, 217), (37,), (1.75,), (37,), (1.75,))
('K.107 Musicalion', 'P1', 1, (220, 221), (37,), (2.75,), (37,), (2.75,))
('K.107 Musicalion', 'P1', 1, (224, 225), (37,), (3.75,), (37,), (3.75,))
('K.107 Musicalion', 'P1', 1, (225, 226), (38,), (1.0,), (38,), (1.0,))
('K.107 Musicalion', 'P1', 1, (230, 231), (39,), (2.5,), (39,), (2.5,))
('K.107 Musicalion', 'P1', 1, (231, 232), (39,), (3.0,), (39,), (3.0,))
('K.107 Musicalion', 'P1', 1, (236, 237), (40,), (2.5,), (40,), (2.5,))
('K.107 Musicalion', 'P1', 1, (237, 238), (40,), (3.0,), (40,), (3.0,))
('K.107 Musicalion', 'P1', 1, (242, 243), (41,), (2.5,), (41,), (2.5,))
('K.107 Musicalion', 'P1', 1, (243, 244), (41,), (3.0,), (41,), (3.0,))
('K.107 Musicalion', 'P1', 1, (248, 249), (42,), (2.5,), (42,), (2.5,))
('K.107 Musicalion', 'P1', 1, (249, 250), (42,), (3.0,), (42,), (3.0,))
('K.107 Musicalion', 'P1', 1, (257, 258), (44,), (1.0,), (44,), (1.0,))
('K.107 Musicalion', 'P1', 1, (283, 284), (50,), (2.5,), (50,), (2.5,))
('K.107 Musicalion', 'P1', 1, (292, 293), (52,), (1.0,), (52,), (1.0,))
('K.107 Musicalion', 'P1', 1, (317, 318), (58,), (2.5,), (58,), (2.5,))
('K.107 Musicalion', 'P1', 1, (326, 327), (60,), (1.0,), (60,), (1.0,))
('K.107 Musicalion', 'P1', 1, (328, 329), (60,), (2.0,), (60,), (2.0,))
('K.107 Musicalion', 'P1', 1, (333, 334), (61,), (1.5,), (61,), (1.5,))
('K.107 Musicalion', 'P1', 1, (334, 335), (61,), (2.0,), (61,), (2.0,))
('K.107 Musicalion', 'P1', 1, (335, 336), (61,), (2.5,), (61,), (2.5,))
('K.107 Musicalion', 'P1', 1, (336, 337), (61,), (3.0,), (61,), (3.0,))
('K.107 Musicalion', 'P1', 1, (340, 341), (63,), (1.5,), (63,), (1.5,))
('K.107 Musicalion', 'P1', 1, (341, 342), (63,), (2.0,), (63,), (2.0,))
('K.107 Musicalion', 'P1', 1, (342, 343), (63,), (2.5,), (63,), (2.5,))
('K.107 Musicalion', 'P1', 1, (343, 344), (63,), (3.0,), (63,), (3.0,))
('K.107 Musicalion', 'P1', 1, (347, 348), (65,), (1.5,), (65,), (1.5,))
('K.107 Musicalion', 'P1', 1, (348, 349), (65,), (2.0,), (65,), (2.0,))
('K.107 Musicalion', 'P1', 1, (349, 350), (65,), (2.5,), (65,), (2.5,))
('K.107 Musicalion', 'P1', 1, (350, 351), (65,), (3.0,), (65,), (3.0,))
('K.107 Musicalion', 'P1', 1, (357, 358), (67,), (3.5,), (67,), (3.5,))
('K.107 Musicalion', 'P1', 1, (360, 361), (68,), (3.0,), (68,), (3.0,))
('K.107 Musicalion', 'P1', 1, (364, 365), (69,), (2.5,), (69,), (2.5,))
('K.107 Musicalion', 'P1', 1, (365, 366), (69,), (3.0,), (69,), (3.0,))
('K.107 Musicalion', 'P1', 1, (366, 367), (69,), (3.5,), (69,), (3.5,))
('K.107 Musicalion', 'P1', 1, (377, 378), (71,), (2.5,), (71,), (2.5,))
('K.107 Musicalion', 'P1', 1, (389, 390), (73,), (2.0,), (73,), (2.0,))
('K.107 Musicalion', 'P1', 1, (398, 399), (75,), (1.5,), (75,), (1.5,))
('K.107 Musicalion', 'P1', 1, (399, 400), (75,), (2.0,), (75,), (2.0,))
('K.107 Musicalion', 'P1', 1, (400, 401), (75,), (2.5,), (75,), (2.5,))
('K.107 Musicalion', 'P1', 1, (401, 402), (75,), (3.0,), (75,), (3.0,))
('K.107 Musicalion', 'P1', 1, (403, 404), (76,), (1.0,), (76,), (1.0,))
('K.107 Musicalion', 'P1', 1, (407, 408), (76,), (3.0,), (76,), (3.0,))
('K.107 Musicalion', 'P1', 1, (409, 410), (77,), (2.0,), (77,), (2.0,))
('K.107 Musicalion', 'P1', 1, (418, 419), (79,), (1.5,), (79,), (1.5,))
('K.107 Musicalion', 'P1', 1, (419, 420), (79,), (2.0,), (79,), (2.0,))
('K.107 Musicalion', 'P1', 1, (420, 421), (79,), (2.5,), (79,), (2.5,))
('K.107 Musicalion', 'P1', 1, (421, 422), (79,), (3.0,), (79,), (3.0,))
('K.107 Musicalion', 'P1', 1, (423, 424), (80,), (1.0,), (80,), (1.0,))
('K.107 Musicalion', 'P1', 1, (430, 431), (81,), (2.5,), (81,), (2.5,))
('K.107 Musicalion', 'P1', 1, (431, 432), (81,), (3.0,), (81,), (3.0,))
('K.107 Musicalion', 'P1', 1, (436, 437), (82,), (2.5,), (82,), (2.5,))
('K.107 Musicalion', 'P1', 1, (437, 438), (82,), (3.0,), (82,), (3.0,))
('K.107 Musicalion', 'P1', 1, (445, 446), (84,), (1.0,), (84,), (1.0,))
('K.107 Musicalion', 'P1', 1, (452, 453), (86,), (1.0,), (86,), (1.0,))
('K.107 Musicalion', 'P1', 1, (454, 455), (86,), (3.0,), (86,), (3.0,))
('K.107 Musicalion', 'P1', 1, (455, 456), (87,), (1.25,), (87,), (1.25,))
('K.107 Musicalion', 'P1', 1, (456, 457), (87,), (1.5,), (87,), (1.5,))
('K.107 Musicalion', 'P1', 1, (457, 458), (87,), (1.75,), (87,), (1.75,))
('K.107 Musicalion', 'P1', 1, (461, 462), (87,), (2.75,), (87,), (2.75,))
('K.107 Musicalion', 'P1', 1, (465, 466), (87,), (3.75,), (87,), (3.75,))
('K.107 Musicalion', 'P1', 1, (466, 467), (88,), (1.0,), (88,), (1.0,))
('K.107 Musicalion', 'P1', 1, (468, 469), (88,), (3.0,), (88,), (3.0,))
('K.107 Musicalion', 'P1', 1, (469, 470), (89,), (1.25,), (89,), (1.25,))
('K.107 Musicalion', 'P1', 1, (470, 471), (89,), (1.5,), (89,), (1.5,))
('K.107 Musicalion', 'P1', 1, (471, 472), (89,), (1.75,), (89,), (1.75,))
('K.107 Musicalion', 'P1', 1, (475, 476), (89,), (2.75,), (89,), (2.75,))
('K.107 Musicalion', 'P1', 1, (479, 480), (89,), (3.75,), (89,), (3.75,))
('K.107 Musicalion', 'P1', 1, (480, 481), (90,), (1.0,), (90,), (1.0,))
('K.107 Musicalion', 'P1', 1, (485, 486), (91,), (1.0,), (91,), (1.0,))
('K.107 Musicalion', 'P1', 1, (490, 491), (92,), (1.0,), (92,), (1.0,))
('K.107 Musicalion', 'P1', 1, (495, 496), (93,), (1.0,), (93,), (1.0,))
('K.107 Musicalion', 'P1', 1, (500, 501), (94,), (1.0,), (94,), (1.0,))
('K.107 Musicalion', 'P1', 1, (501, 502), (94,), (2.5,), (94,), (2.5,))
('K.107 Musicalion', 'P1', 1, (502, 503), (94,), (3.0,), (94,), (3.0,))
('K.107 Musicalion', 'P1', 1, (503, 504), (94,), (3.5,), (94,), (3.5,))
('K.107 Musicalion', 'P1', 1, (510, 511), (96,), (1.0,), (96,), (1.0,))
('K.107 Musicalion', 'P1', 1, (511, 512), (96,), (1.5,), (96,), (1.5,))
('K.107 Musicalion', 'P1', 1, (512, 513), (96,), (2.0,), (96,), (2.0,))
('K.107 Musicalion', 'P1', 1, (522, 523), (97,), (2.0,), (97,), (2.0,))
('K.107 Musicalion', 'P1', 1, (525, 526), (98,), (1.0,), (98,), (1.0,))
('K.107 Musicalion', 'P1', 1, (526, 527), (98,), (1.25,), (98,), (1.25,))
('K.107 Musicalion', 'P1', 1, (527, 528), (98,), (1.5,), (98,), (1.5,))
('K.107 Musicalion', 'P1', 1, (528, 529), (98,), (1.75,), (98,), (1.75,))
('K.107 Musicalion', 'P1', 1, (529, 530), (98,), (2.0,), (98,), (2.0,))
('K.107 Musicalion', 'P1', 1, (530, 531), (98,), (2.25,), (98,), (2.25,))
('K.107 Musicalion', 'P1', 1, (531, 532), (98,), (2.5,), (98,), (2.5,))
('K.107 Musicalion', 'P1', 1, (539, 540), (99,), (2.0,), (99,), (2.0,))
('K.107 Musicalion', 'P1', 1, (542, 543), (100,), (1.0,), (100,), (1.0,))
('K.107 Musicalion', 'P1', 1, (543, 544), (100,), (1.25,), (100,), (1.25,))
('K.107 Musicalion', 'P1', 1, (544, 545), (100,), (1.5,), (100,), (1.5,))
('K.107 Musicalion', 'P1', 1, (545, 546), (100,), (1.75,), (100,), (1.75,))
('K.107 Musicalion', 'P1', 1, (546, 547), (100,), (2.0,), (100,), (2.0,))
('K.107 Musicalion', 'P1', 1, (547, 548), (100,), (2.25,), (100,), (2.25,))
('K.107 Musicalion', 'P1', 1, (548, 549), (100,), (2.5,), (100,), (2.5,))
('K.107 Musicalion', 'P1', 1, (556, 557), (101,), (2.0,), (101,), (2.0,))
('K.107 Musicalion', 'P1', 1, (559, 560), (102,), (1.0,), (102,), (1.0,))
('K.107 Musicalion', 'P1', 1, (560, 561), (102,), (1.25,), (102,), (1.25,))
('K.107 Musicalion', 'P1', 1, (561, 562), (102,), (1.5,), (102,), (1.5,))
('K.107 Musicalion', 'P1', 1, (562, 563), (102,), (1.75,), (102,), (1.75,))
('K.107 Musicalion', 'P1', 1, (563, 564), (102,), (2.0,), (102,), (2.0,))
('K.107 Musicalion', 'P1', 1, (564, 565), (102,), (2.25,), (102,), (2.25,))
('K.107 Musicalion', 'P1', 1, (565, 566), (102,), (2.5,), (102,), (2.5,))
('K.107 Musicalion', 'P1', 1, (573, 574), (103,), (2.0,), (103,), (2.0,))
('K.107 Musicalion', 'P1', 1, (587, 588), (108,), (1.0,), (108,), (1.0,))
('K.107 Musicalion', 'P1', 1, (589, 590), (108,), (3.0,), (108,), (3.0,))
('K.107 Musicalion', 'P1', 1, (590, 591), (109,), (1.25,), (109,), (1.25,))
('K.107 Musicalion', 'P1', 1, (591, 592), (109,), (1.5,), (109,), (1.5,))
('K.107 Musicalion', 'P1', 1, (592, 593), (109,), (1.75,), (109,), (1.75,))
('K.107 Musicalion', 'P1', 1, (596, 597), (109,), (2.75,), (109,), (2.75,))
('K.107 Musicalion', 'P1', 1, (600, 601), (109,), (3.75,), (109,), (3.75,))
('K.107 Musicalion', 'P1', 1, (601, 602), (110,), (1.0,), (110,), (1.0,))
('K.107 Musicalion', 'P1', 1, (603, 604), (110,), (3.0,), (110,), (3.0,))
('K.107 Musicalion', 'P1', 1, (604, 605), (111,), (1.25,), (111,), (1.25,))
('K.107 Musicalion', 'P1', 1, (605, 606), (111,), (1.5,), (111,), (1.5,))
('K.107 Musicalion', 'P1', 1, (606, 607), (111,), (1.75,), (111,), (1.75,))
('K.107 Musicalion', 'P1', 1, (610, 611), (111,), (2.75,), (111,), (2.75,))
('K.107 Musicalion', 'P1', 1, (614, 615), (111,), (3.75,), (111,), (3.75,))
('K.107 Musicalion', 'P1', 1, (618, 619), (112,), (2.5,), (112,), (2.5,))
('K.107 Musicalion', 'P1', 1, (619, 620), (112,), (3.0,), (112,), (3.0,))
('K.107 Musicalion', 'P1', 1, (629, 630), (114,), (2.0,), (114,), (2.0,))
('K.107 Musicalion', 'P1', 1, (630, 631), (114,), (2.5,), (114,), (2.5,))
('K.107 Musicalion', 'P1', 1, (631, 632), (114,), (3.0,), (114,), (3.0,))
('K.107 Musicalion', 'P1', 1, (633, 634), (115,), (1.0,), (115,), (1.0,))
('K.107 Musicalion', 'P1', 1, (634, 635), (115,), (2.5,), (115,), (2.5,))
('K.107 Musicalion', 'P1', 1, (635, 636), (115,), (3.0,), (115,), (3.0,))
('K.107 Musicalion', 'P1', 1, (660, 661), (121,), (2.5,), (121,), (2.5,))
('K.107 Musicalion', 'P1', 1, (669, 670), (123,), (1.0,), (123,), (1.0,))
('K.107 Musicalion', 'P1', 1, (694, 695), (129,), (2.5,), (129,), (2.5,))
('K.107 Musicalion', 'P1', 1, (705, 706), (132,), (1.5,), (132,), (1.5,))
('K.107 Musicalion', 'P1', 1, (706, 707), (132,), (2.0,), (132,), (2.0,))
('K.107 Musicalion', 'P1', 1, (707, 708), (132,), (2.5,), (132,), (2.5,))
('K.107 Musicalion', 'P1', 1, (708, 709), (132,), (3.0,), (132,), (3.0,))
('K.107 Musicalion', 'P1', 1, (712, 713), (134,), (1.5,), (134,), (1.5,))
('K.107 Musicalion', 'P1', 1, (713, 714), (134,), (2.0,), (134,), (2.0,))
('K.107 Musicalion', 'P1', 1, (714, 715), (134,), (2.5,), (134,), (2.5,))
('K.107 Musicalion', 'P1', 1, (715, 716), (134,), (3.0,), (134,), (3.0,))
('K.107 Musicalion', 'P1', 1, (719, 720), (136,), (1.5,), (136,), (1.5,))
('K.107 Musicalion', 'P1', 1, (720, 721), (136,), (2.0,), (136,), (2.0,))
('K.107 Musicalion', 'P1', 1, (721, 722), (136,), (2.5,), (136,), (2.5,))
('K.107 Musicalion', 'P1', 1, (722, 723), (136,), (3.0,), (136,), (3.0,))
('K.107 Musicalion', 'P1', 2, (5, 6), (58,), (3.5,), (58,), (3.5,))
('K.107 Musicalion', 'P1', 2, (7, 8), (62,), (1.0,), (62,), (1.0,))
('K.107 Musicalion', 'P1', 2, (9, 10), (62,), (2.0,), (62,), (2.0,))
('K.107 Musicalion', 'P1', 2, (13, 14), (64,), (1.0,), (64,), (1.0,))
('K.107 Musicalion', 'P1', 2, (15, 16), (64,), (2.0,), (64,), (2.0,))
('K.107 Musicalion', 'P1', 2, (24, 25), (129,), (3.5,), (129,), (3.5,))
('K.107 Musicalion', 'P1', 2, (25, 26), (131,), (1.0,), (131,), (1.0,))
('K.107 Musicalion', 'P1', 2, (27, 28), (131,), (2.0,), (131,), (2.0,))
('K.107 Musicalion', 'P1', 2, (31, 32), (133,), (1.0,), (133,), (1.0,))
('K.107 Musicalion', 'P1', 2, (33, 34), (133,), (2.0,), (133,), (2.0,))
('K.107 Musicalion', 'P1', 2, (37, 38), (135,), (1.0,), (135,), (1.0,))
('K.107 Musicalion', 'P1', 2, (39, 40), (135,), (2.0,), (135,), (2.0,))
('K.107 Musicalion', 'P1', 3, (23, 24), (9,), (3.0,), (9,), (3.0,))
('K.107 Musicalion', 'P1', 3, (29, 30), (11,), (3.0,), (11,), (3.0,))
('K.107 Musicalion', 'P1', 3, (35, 36), (13,), (3.0,), (13,), (3.0,))
('K.107 Musicalion', 'P1', 3, (41, 42), (15,), (3.0,), (15,), (3.0,))
('K.107 Musicalion', 'P1', 3, (119, 120), (43,), (3.0,), (43,), (3.0,))
('K.107 Musicalion', 'P1', 3, (123, 124), (45,), (1.5,), (45,), (1.5,))
('K.107 Musicalion', 'P1', 3, (124, 125), (45,), (2.0,), (45,), (2.0,))
('K.107 Musicalion', 'P1', 3, (125, 126), (45,), (2.5,), (45,), (2.5,))
('K.107 Musicalion', 'P1', 3, (126, 127), (45,), (3.0,), (45,), (3.0,))
('K.107 Musicalion', 'P1', 3, (130, 131), (47,), (1.5,), (47,), (1.5,))
('K.107 Musicalion', 'P1', 3, (131, 132), (47,), (2.0,), (47,), (2.0,))
('K.107 Musicalion', 'P1', 3, (132, 133), (47,), (2.5,), (47,), (2.5,))
('K.107 Musicalion', 'P1', 3, (133, 134), (47,), (3.0,), (47,), (3.0,))
('K.107 Musicalion', 'P1', 3, (137, 138), (49,), (1.5,), (49,), (1.5,))
('K.107 Musicalion', 'P1', 3, (138, 139), (49,), (2.0,), (49,), (2.0,))
('K.107 Musicalion', 'P1', 3, (139, 140), (49,), (2.5,), (49,), (2.5,))
('K.107 Musicalion', 'P1', 3, (140, 141), (49,), (3.0,), (49,), (3.0,))
('K.107 Musicalion', 'P1', 3, (149, 150), (53,), (1.5,), (53,), (1.5,))
('K.107 Musicalion', 'P1', 3, (150, 151), (53,), (2.0,), (53,), (2.0,))
('K.107 Musicalion', 'P1', 3, (151, 152), (53,), (2.5,), (53,), (2.5,))
('K.107 Musicalion', 'P1', 3, (152, 153), (53,), (3.0,), (53,), (3.0,))
('K.107 Musicalion', 'P1', 3, (156, 157), (55,), (1.5,), (55,), (1.5,))
('K.107 Musicalion', 'P1', 3, (157, 158), (55,), (2.0,), (55,), (2.0,))
('K.107 Musicalion', 'P1', 3, (158, 159), (55,), (2.5,), (55,), (2.5,))
('K.107 Musicalion', 'P1', 3, (159, 160), (55,), (3.0,), (55,), (3.0,))
('K.107 Musicalion', 'P1', 3, (163, 164), (57,), (1.5,), (57,), (1.5,))
('K.107 Musicalion', 'P1', 3, (164, 165), (57,), (2.0,), (57,), (2.0,))
('K.107 Musicalion', 'P1', 3, (165, 166), (57,), (2.5,), (57,), (2.5,))
('K.107 Musicalion', 'P1', 3, (166, 167), (57,), (3.0,), (57,), (3.0,))
('K.107 Musicalion', 'P1', 3, (197, 198), (68,), (3.5,), (68,), (3.5,))
('K.107 Musicalion', 'P1', 3, (241, 242), (83,), (3.0,), (83,), (3.0,))
('K.107 Musicalion', 'P1', 3, (278, 279), (97,), (1.0,), (97,), (1.0,))
('K.107 Musicalion', 'P1', 3, (281, 282), (99,), (1.0,), (99,), (1.0,))
('K.107 Musicalion', 'P1', 3, (284, 285), (101,), (1.0,), (101,), (1.0,))
('K.107 Musicalion', 'P1', 3, (287, 288), (103,), (1.0,), (103,), (1.0,))
('K.107 Musicalion', 'P1', 3, (311, 312), (111,), (3.0,), (111,), (3.0,))
('K.107 Musicalion', 'P1', 3, (324, 325), (116,), (1.5,), (116,), (1.5,))
('K.107 Musicalion', 'P1', 3, (325, 326), (116,), (2.0,), (116,), (2.0,))
('K.107 Musicalion', 'P1', 3, (326, 327), (116,), (2.5,), (116,), (2.5,))
('K.107 Musicalion', 'P1', 3, (327, 328), (116,), (3.0,), (116,), (3.0,))
('K.107 Musicalion', 'P1', 3, (331, 332), (118,), (1.5,), (118,), (1.5,))
('K.107 Musicalion', 'P1', 3, (332, 333), (118,), (2.0,), (118,), (2.0,))
('K.107 Musicalion', 'P1', 3, (333, 334), (118,), (2.5,), (118,), (2.5,))
('K.107 Musicalion', 'P1', 3, (334, 335), (118,), (3.0,), (118,), (3.0,))
('K.107 Musicalion', 'P1', 3, (338, 339), (120,), (1.5,), (120,), (1.5,))
('K.107 Musicalion', 'P1', 3, (339, 340), (120,), (2.0,), (120,), (2.0,))
('K.107 Musicalion', 'P1', 3, (340, 341), (120,), (2.5,), (120,), (2.5,))
('K.107 Musicalion', 'P1', 3, (341, 342), (120,), (3.0,), (120,), (3.0,))
('K.107 Musicalion', 'P1', 3, (351, 352), (124,), (1.5,), (124,), (1.5,))
('K.107 Musicalion', 'P1', 3, (352, 353), (124,), (2.0,), (124,), (2.0,))
('K.107 Musicalion', 'P1', 3, (353, 354), (124,), (2.5,), (124,), (2.5,))
('K.107 Musicalion', 'P1', 3, (354, 355), (124,), (3.0,), (124,), (3.0,))
('K.107 Musicalion', 'P1', 3, (358, 359), (126,), (1.5,), (126,), (1.5,))
('K.107 Musicalion', 'P1', 3, (359, 360), (126,), (2.0,), (126,), (2.0,))
('K.107 Musicalion', 'P1', 3, (360, 361), (126,), (2.5,), (126,), (2.5,))
('K.107 Musicalion', 'P1', 3, (361, 362), (126,), (3.0,), (126,), (3.0,))
('K.107 Musicalion', 'P1', 3, (365, 366), (128,), (1.5,), (128,), (1.5,))
('K.107 Musicalion', 'P1', 3, (366, 367), (128,), (2.0,), (128,), (2.0,))
('K.107 Musicalion', 'P1', 3, (367, 368), (128,), (2.5,), (128,), (2.5,))
('K.107 Musicalion', 'P1', 3, (368, 369), (128,), (3.0,), (128,), (3.0,))
('K.107 Musicalion', 'P1', 4, (9, 10), (74,), (1.0,), (74,), (1.0,))
('K.107 Musicalion', 'P1', 4, (12, 13), (97,), (2.0,), (97,), (2.0,))
('K.107 Musicalion', 'P1', 4, (15, 16), (99,), (2.0,), (99,), (2.0,))
('K.107 Musicalion', 'P1', 4, (18, 19), (101,), (2.0,), (101,), (2.0,))
('K.107 Musicalion', 'P1', 4, (21, 22), (103,), (2.0,), (103,), (2.0,))

45.    ((2,),):
('K.107 Musicalion', 'P1', 1, (9, 10), (2,), (2.5,), (2,), (2.5,))
('K.107 Musicalion', 'P1', 1, (28, 29), (6,), (2.5,), (6,), (2.5,))
('K.107 Musicalion', 'P1', 1, (37, 38), (8,), (1.0,), (8,), (1.0,))
('K.107 Musicalion', 'P1', 1, (102, 103), (19,), (1.0,), (19,), (1.0,))
('K.107 Musicalion', 'P1', 1, (114, 115), (21,), (1.0,), (21,), (1.0,))
('K.107 Musicalion', 'P1', 1, (120, 121), (22,), (1.0,), (22,), (1.0,))
('K.107 Musicalion', 'P1', 1, (122, 123), (22,), (2.0,), (22,), (2.0,))
('K.107 Musicalion', 'P1', 1, (124, 125), (22,), (3.0,), (22,), (3.0,))
('K.107 Musicalion', 'P1', 1, (126, 127), (23,), (1.0,), (23,), (1.0,))
('K.107 Musicalion', 'P1', 1, (128, 129), (23,), (2.0,), (23,), (2.0,))
('K.107 Musicalion', 'P1', 1, (130, 131), (23,), (3.0,), (23,), (3.0,))
('K.107 Musicalion', 'P1', 1, (138, 139), (24,), (3.5,), (24,), (3.5,))
('K.107 Musicalion', 'P1', 1, (143, 144), (25,), (2.0,), (25,), (2.0,))
('K.107 Musicalion', 'P1', 1, (145, 146), (25,), (2.5,), (25,), (2.5,))
('K.107 Musicalion', 'P1', 1, (156, 157), (26,), (3.5,), (26,), (3.5,))
('K.107 Musicalion', 'P1', 1, (161, 162), (27,), (2.0,), (27,), (2.0,))
('K.107 Musicalion', 'P1', 1, (163, 164), (27,), (2.5,), (27,), (2.5,))
('K.107 Musicalion', 'P1', 1, (172, 173), (28,), (3.0,), (28,), (3.0,))
('K.107 Musicalion', 'P1', 1, (174, 175), (28,), (3.5,), (28,), (3.5,))
('K.107 Musicalion', 'P1', 1, (179, 180), (29,), (2.0,), (29,), (2.0,))
('K.107 Musicalion', 'P1', 1, (181, 182), (29,), (2.5,), (29,), (2.5,))
('K.107 Musicalion', 'P1', 1, (198, 199), (34,), (2.5,), (34,), (2.5,))
('K.107 Musicalion', 'P1', 1, (205, 206), (35,), (2.5,), (35,), (2.5,))
('K.107 Musicalion', 'P1', 1, (209, 210), (35,), (3.5,), (35,), (3.5,))
('K.107 Musicalion', 'P1', 1, (212, 213), (36,), (2.5,), (36,), (2.5,))
('K.107 Musicalion', 'P1', 1, (219, 220), (37,), (2.5,), (37,), (2.5,))
('K.107 Musicalion', 'P1', 1, (223, 224), (37,), (3.5,), (37,), (3.5,))
('K.107 Musicalion', 'P1', 1, (228, 229), (39,), (1.5,), (39,), (1.5,))
('K.107 Musicalion', 'P1', 1, (232, 233), (39,), (3.5,), (39,), (3.5,))
('K.107 Musicalion', 'P1', 1, (234, 235), (40,), (1.5,), (40,), (1.5,))
('K.107 Musicalion', 'P1', 1, (240, 241), (41,), (1.5,), (41,), (1.5,))
('K.107 Musicalion', 'P1', 1, (246, 247), (42,), (1.5,), (42,), (1.5,))
('K.107 Musicalion', 'P1', 1, (254, 255), (43,), (2.5,), (43,), (2.5,))
('K.107 Musicalion', 'P1', 1, (327, 328), (60,), (1.5,), (60,), (1.5,))
('K.107 Musicalion', 'P1', 1, (329, 330), (60,), (2.5,), (60,), (2.5,))
('K.107 Musicalion', 'P1', 1, (331, 332), (60,), (3.5,), (60,), (3.5,))
('K.107 Musicalion', 'P1', 1, (351, 352), (65,), (3.5,), (65,), (3.5,))
('K.107 Musicalion', 'P1', 1, (356, 357), (67,), (3.0,), (67,), (3.0,))
('K.107 Musicalion', 'P1', 1, (373, 374), (70,), (2.75,), (70,), (2.75,))
('K.107 Musicalion', 'P1', 1, (391, 392), (73,), (3.0,), (73,), (3.0,))
('K.107 Musicalion', 'P1', 1, (393, 394), (74,), (1.0,), (74,), (1.0,))
('K.107 Musicalion', 'P1', 1, (395, 396), (74,), (2.0,), (74,), (2.0,))
('K.107 Musicalion', 'P1', 1, (397, 398), (74,), (3.0,), (74,), (3.0,))
('K.107 Musicalion', 'P1', 1, (402, 403), (75,), (3.5,), (75,), (3.5,))
('K.107 Musicalion', 'P1', 1, (405, 406), (76,), (2.0,), (76,), (2.0,))
('K.107 Musicalion', 'P1', 1, (411, 412), (77,), (3.0,), (77,), (3.0,))
('K.107 Musicalion', 'P1', 1, (413, 414), (78,), (1.0,), (78,), (1.0,))
('K.107 Musicalion', 'P1', 1, (415, 416), (78,), (2.0,), (78,), (2.0,))
('K.107 Musicalion', 'P1', 1, (417, 418), (78,), (3.0,), (78,), (3.0,))
('K.107 Musicalion', 'P1', 1, (422, 423), (79,), (3.5,), (79,), (3.5,))
('K.107 Musicalion', 'P1', 1, (425, 426), (80,), (2.0,), (80,), (2.0,))
('K.107 Musicalion', 'P1', 1, (434, 435), (82,), (1.5,), (82,), (1.5,))
('K.107 Musicalion', 'P1', 1, (442, 443), (83,), (2.5,), (83,), (2.5,))
('K.107 Musicalion', 'P1', 1, (453, 454), (86,), (2.5,), (86,), (2.5,))
('K.107 Musicalion', 'P1', 1, (460, 461), (87,), (2.5,), (87,), (2.5,))
('K.107 Musicalion', 'P1', 1, (464, 465), (87,), (3.5,), (87,), (3.5,))
('K.107 Musicalion', 'P1', 1, (467, 468), (88,), (2.5,), (88,), (2.5,))
('K.107 Musicalion', 'P1', 1, (474, 475), (89,), (2.5,), (89,), (2.5,))
('K.107 Musicalion', 'P1', 1, (478, 479), (89,), (3.5,), (89,), (3.5,))
('K.107 Musicalion', 'P1', 1, (483, 484), (90,), (3.5,), (90,), (3.5,))
('K.107 Musicalion', 'P1', 1, (488, 489), (91,), (3.5,), (91,), (3.5,))
('K.107 Musicalion', 'P1', 1, (493, 494), (92,), (3.5,), (92,), (3.5,))
('K.107 Musicalion', 'P1', 1, (498, 499), (93,), (3.5,), (93,), (3.5,))
('K.107 Musicalion', 'P1', 1, (513, 514), (96,), (2.5,), (96,), (2.5,))
('K.107 Musicalion', 'P1', 1, (588, 589), (108,), (2.5,), (108,), (2.5,))
('K.107 Musicalion', 'P1', 1, (595, 596), (109,), (2.5,), (109,), (2.5,))
('K.107 Musicalion', 'P1', 1, (599, 600), (109,), (3.5,), (109,), (3.5,))
('K.107 Musicalion', 'P1', 1, (602, 603), (110,), (2.5,), (110,), (2.5,))
('K.107 Musicalion', 'P1', 1, (609, 610), (111,), (2.5,), (111,), (2.5,))
('K.107 Musicalion', 'P1', 1, (613, 614), (111,), (3.5,), (111,), (3.5,))
('K.107 Musicalion', 'P1', 1, (626, 627), (113,), (3.5,), (113,), (3.5,))
('K.107 Musicalion', 'P1', 1, (632, 633), (114,), (3.5,), (114,), (3.5,))
('K.107 Musicalion', 'P1', 1, (723, 724), (136,), (3.5,), (136,), (3.5,))
('K.107 Musicalion', 'P1', 2, (8, 9), (62,), (1.5,), (62,), (1.5,))
('K.107 Musicalion', 'P1', 2, (10, 11), (62,), (2.5,), (62,), (2.5,))
('K.107 Musicalion', 'P1', 2, (14, 15), (64,), (1.5,), (64,), (1.5,))
('K.107 Musicalion', 'P1', 2, (16, 17), (64,), (2.5,), (64,), (2.5,))
('K.107 Musicalion', 'P1', 2, (26, 27), (131,), (1.5,), (131,), (1.5,))
('K.107 Musicalion', 'P1', 2, (28, 29), (131,), (2.5,), (131,), (2.5,))
('K.107 Musicalion', 'P1', 2, (32, 33), (133,), (1.5,), (133,), (1.5,))
('K.107 Musicalion', 'P1', 2, (34, 35), (133,), (2.5,), (133,), (2.5,))
('K.107 Musicalion', 'P1', 2, (38, 39), (135,), (1.5,), (135,), (1.5,))
('K.107 Musicalion', 'P1', 2, (40, 41), (135,), (2.5,), (135,), (2.5,))
('K.107 Musicalion', 'P1', 3, (6, 7), (3,), (3.0,), (3,), (3.0,))
('K.107 Musicalion', 'P1', 3, (18, 19), (7,), (3.0,), (7,), (3.0,))
('K.107 Musicalion', 'P1', 3, (122, 123), (45,), (1.0,), (45,), (1.0,))
('K.107 Musicalion', 'P1', 3, (129, 130), (47,), (1.0,), (47,), (1.0,))
('K.107 Musicalion', 'P1', 3, (136, 137), (49,), (1.0,), (49,), (1.0,))
('K.107 Musicalion', 'P1', 3, (144, 145), (51,), (1.0,), (51,), (1.0,))
('K.107 Musicalion', 'P1', 3, (148, 149), (53,), (1.0,), (53,), (1.0,))
('K.107 Musicalion', 'P1', 3, (155, 156), (55,), (1.0,), (55,), (1.0,))
('K.107 Musicalion', 'P1', 3, (162, 163), (57,), (1.0,), (57,), (1.0,))
('K.107 Musicalion', 'P1', 3, (170, 171), (59,), (1.0,), (59,), (1.0,))
('K.107 Musicalion', 'P1', 3, (196, 197), (68,), (3.0,), (68,), (3.0,))
('K.107 Musicalion', 'P1', 3, (200, 201), (69,), (3.0,), (69,), (3.0,))
('K.107 Musicalion', 'P1', 3, (206, 207), (71,), (3.0,), (71,), (3.0,))
('K.107 Musicalion', 'P1', 3, (323, 324), (116,), (1.0,), (116,), (1.0,))
('K.107 Musicalion', 'P1', 3, (330, 331), (118,), (1.0,), (118,), (1.0,))
('K.107 Musicalion', 'P1', 3, (337, 338), (120,), (1.0,), (120,), (1.0,))
('K.107 Musicalion', 'P1', 3, (346, 347), (122,), (1.0,), (122,), (1.0,))
('K.107 Musicalion', 'P1', 3, (350, 351), (124,), (1.0,), (124,), (1.0,))
('K.107 Musicalion', 'P1', 3, (357, 358), (126,), (1.0,), (126,), (1.0,))
('K.107 Musicalion', 'P1', 3, (364, 365), (128,), (1.0,), (128,), (1.0,))
('K.107 Musicalion', 'P1', 3, (372, 373), (130,), (1.0,), (130,), (1.0,))
('K.107 Musicalion', 'P1', 4, (0, 1), (25,), (1.0,), (25,), (1.0,))

46.    ((-3,),):
('K.107 Musicalion', 'P1', 1, (0, 1), (1,), (1.0,), (1,), (1.0,))
('K.107 Musicalion', 'P1', 1, (10, 11), (2,), (3.0,), (2,), (3.0,))
('K.107 Musicalion', 'P1', 1, (12, 13), (3,), (1.0,), (3,), (1.0,))
('K.107 Musicalion', 'P1', 1, (13, 14), (3,), (1.5,), (3,), (1.5,))
('K.107 Musicalion', 'P1', 1, (14, 15), (3,), (2.0,), (3,), (2.0,))
('K.107 Musicalion', 'P1', 1, (19, 20), (5,), (1.0,), (5,), (1.0,))
('K.107 Musicalion', 'P1', 1, (29, 30), (6,), (3.0,), (6,), (3.0,))
('K.107 Musicalion', 'P1', 1, (31, 32), (7,), (1.0,), (7,), (1.0,))
('K.107 Musicalion', 'P1', 1, (32, 33), (7,), (1.5,), (7,), (1.5,))
('K.107 Musicalion', 'P1', 1, (33, 34), (7,), (2.0,), (7,), (2.0,))
('K.107 Musicalion', 'P1', 1, (35, 36), (7,), (3.0,), (7,), (3.0,))
('K.107 Musicalion', 'P1', 1, (39, 40), (9,), (1.5,), (9,), (1.5,))
('K.107 Musicalion', 'P1', 1, (40, 41), (9,), (2.0,), (9,), (2.0,))
('K.107 Musicalion', 'P1', 1, (51, 52), (10,), (3.0,), (10,), (3.0,))
('K.107 Musicalion', 'P1', 1, (52, 53), (11,), (1.5,), (11,), (1.5,))
('K.107 Musicalion', 'P1', 1, (53, 54), (11,), (2.0,), (11,), (2.0,))
('K.107 Musicalion', 'P1', 1, (65, 66), (13,), (1.5,), (13,), (1.5,))
('K.107 Musicalion', 'P1', 1, (66, 67), (13,), (2.0,), (13,), (2.0,))
('K.107 Musicalion', 'P1', 1, (77, 78), (14,), (3.0,), (14,), (3.0,))
('K.107 Musicalion', 'P1', 1, (78, 79), (15,), (1.5,), (15,), (1.5,))
('K.107 Musicalion', 'P1', 1, (79, 80), (15,), (2.0,), (15,), (2.0,))
('K.107 Musicalion', 'P1', 1, (169, 170), (28,), (1.5,), (28,), (1.5,))
('K.107 Musicalion', 'P1', 1, (170, 171), (28,), (2.0,), (28,), (2.0,))
('K.107 Musicalion', 'P1', 1, (187, 188), (30,), (1.5,), (30,), (1.5,))
('K.107 Musicalion', 'P1', 1, (188, 189), (30,), (2.0,), (30,), (2.0,))
('K.107 Musicalion', 'P1', 1, (190, 191), (30,), (3.0,), (30,), (3.0,))
('K.107 Musicalion', 'P1', 1, (229, 230), (39,), (2.0,), (39,), (2.0,))
('K.107 Musicalion', 'P1', 1, (247, 248), (42,), (2.0,), (42,), (2.0,))
('K.107 Musicalion', 'P1', 1, (282, 283), (50,), (2.0,), (50,), (2.0,))
('K.107 Musicalion', 'P1', 1, (316, 317), (58,), (2.0,), (58,), (2.0,))
('K.107 Musicalion', 'P1', 1, (332, 333), (61,), (1.0,), (61,), (1.0,))
('K.107 Musicalion', 'P1', 1, (339, 340), (63,), (1.0,), (63,), (1.0,))
('K.107 Musicalion', 'P1', 1, (346, 347), (65,), (1.0,), (65,), (1.0,))
('K.107 Musicalion', 'P1', 1, (363, 364), (69,), (2.0,), (69,), (2.0,))
('K.107 Musicalion', 'P1', 1, (374, 375), (70,), (3.0,), (70,), (3.0,))
('K.107 Musicalion', 'P1', 1, (375, 376), (71,), (1.5,), (71,), (1.5,))
('K.107 Musicalion', 'P1', 1, (376, 377), (71,), (2.0,), (71,), (2.0,))
('K.107 Musicalion', 'P1', 1, (429, 430), (81,), (2.0,), (81,), (2.0,))
('K.107 Musicalion', 'P1', 1, (435, 436), (82,), (2.0,), (82,), (2.0,))
('K.107 Musicalion', 'P1', 1, (484, 485), (90,), (3.75,), (90,), (3.75,))
('K.107 Musicalion', 'P1', 1, (489, 490), (91,), (3.75,), (91,), (3.75,))
('K.107 Musicalion', 'P1', 1, (494, 495), (92,), (3.75,), (92,), (3.75,))
('K.107 Musicalion', 'P1', 1, (499, 500), (93,), (3.75,), (93,), (3.75,))
('K.107 Musicalion', 'P1', 1, (577, 578), (104,), (1.5,), (104,), (1.5,))
('K.107 Musicalion', 'P1', 1, (578, 579), (104,), (2.0,), (104,), (2.0,))
('K.107 Musicalion', 'P1', 1, (580, 581), (104,), (3.0,), (104,), (3.0,))
('K.107 Musicalion', 'P1', 1, (617, 618), (112,), (2.0,), (112,), (2.0,))
('K.107 Musicalion', 'P1', 1, (627, 628), (114,), (1.0,), (114,), (1.0,))
('K.107 Musicalion', 'P1', 1, (659, 660), (121,), (2.0,), (121,), (2.0,))
('K.107 Musicalion', 'P1', 1, (693, 694), (129,), (2.0,), (129,), (2.0,))
('K.107 Musicalion', 'P1', 1, (711, 712), (134,), (1.0,), (134,), (1.0,))
('K.107 Musicalion', 'P1', 1, (718, 719), (136,), (1.0,), (136,), (1.0,))
('K.107 Musicalion', 'P1', 2, (30, 31), (131,), (3.5,), (131,), (3.5,))
('K.107 Musicalion', 'P1', 3, (8, 9), (4,), (1.5,), (4,), (1.5,))
('K.107 Musicalion', 'P1', 3, (9, 10), (4,), (2.0,), (4,), (2.0,))
('K.107 Musicalion', 'P1', 3, (52, 53), (19,), (2.0,), (19,), (2.0,))
('K.107 Musicalion', 'P1', 3, (67, 68), (24,), (2.0,), (24,), (2.0,))
('K.107 Musicalion', 'P1', 3, (71, 72), (26,), (2.0,), (26,), (2.0,))
('K.107 Musicalion', 'P1', 3, (75, 76), (28,), (2.0,), (28,), (2.0,))
('K.107 Musicalion', 'P1', 3, (81, 82), (31,), (1.5,), (31,), (1.5,))
('K.107 Musicalion', 'P1', 3, (82, 83), (31,), (2.0,), (31,), (2.0,))
('K.107 Musicalion', 'P1', 3, (84, 85), (31,), (3.0,), (31,), (3.0,))
('K.107 Musicalion', 'P1', 3, (85, 86), (31,), (3.5,), (31,), (3.5,))
('K.107 Musicalion', 'P1', 3, (291, 292), (105,), (1.5,), (105,), (1.5,))
('K.107 Musicalion', 'P1', 3, (292, 293), (105,), (2.0,), (105,), (2.0,))
('K.107 Musicalion', 'P1', 3, (294, 295), (105,), (3.0,), (105,), (3.0,))
('K.107 Musicalion', 'P1', 3, (295, 296), (105,), (3.5,), (105,), (3.5,))
('K.107 Musicalion', 'P1', 3, (319, 320), (114,), (2.0,), (114,), (2.0,))
('K.107 Musicalion', 'P1', 4, (7, 8), (29,), (2.0,), (29,), (2.0,))
('K.107 Musicalion', 'P1', 4, (11, 12), (97,), (1.0,), (97,), (1.0,))
('K.107 Musicalion', 'P1', 4, (14, 15), (99,), (1.0,), (99,), (1.0,))
('K.107 Musicalion', 'P1', 4, (17, 18), (101,), (1.0,), (101,), (1.0,))
('K.107 Musicalion', 'P1', 4, (20, 21), (103,), (1.0,), (103,), (1.0,))

47.    (((3, -2),),):
('K.107 Musicalion', 'P1', 1, (261, 262), (45,), (3.0,), (45,), (3.0,))
('K.107 Musicalion', 'P1', 1, (265, 266), (46,), (2.5,), (46,), (2.5,))
('K.107 Musicalion', 'P1', 1, (266, 267), (46,), (3.0,), (46,), (3.0,))
('K.107 Musicalion', 'P1', 1, (267, 268), (46,), (3.5,), (46,), (3.5,))
('K.107 Musicalion', 'P1', 1, (270, 271), (47,), (3.0,), (47,), (3.0,))
('K.107 Musicalion', 'P1', 1, (274, 275), (48,), (2.5,), (48,), (2.5,))
('K.107 Musicalion', 'P1', 1, (275, 276), (48,), (3.0,), (48,), (3.0,))
('K.107 Musicalion', 'P1', 1, (276, 277), (48,), (3.5,), (48,), (3.5,))
('K.107 Musicalion', 'P1', 1, (287, 288), (51,), (1.5,), (51,), (1.5,))
('K.107 Musicalion', 'P1', 1, (288, 289), (51,), (2.0,), (51,), (2.0,))
('K.107 Musicalion', 'P1', 1, (289, 290), (51,), (2.5,), (51,), (2.5,))
('K.107 Musicalion', 'P1', 1, (290, 291), (51,), (3.0,), (51,), (3.0,))
('K.107 Musicalion', 'P1', 1, (295, 296), (53,), (3.0,), (53,), (3.0,))
('K.107 Musicalion', 'P1', 1, (299, 300), (54,), (2.5,), (54,), (2.5,))
('K.107 Musicalion', 'P1', 1, (300, 301), (54,), (3.0,), (54,), (3.0,))
('K.107 Musicalion', 'P1', 1, (301, 302), (54,), (3.5,), (54,), (3.5,))
('K.107 Musicalion', 'P1', 1, (304, 305), (55,), (3.0,), (55,), (3.0,))
('K.107 Musicalion', 'P1', 1, (308, 309), (56,), (2.5,), (56,), (2.5,))
('K.107 Musicalion', 'P1', 1, (309, 310), (56,), (3.0,), (56,), (3.0,))
('K.107 Musicalion', 'P1', 1, (310, 311), (56,), (3.5,), (56,), (3.5,))
('K.107 Musicalion', 'P1', 1, (321, 322), (59,), (1.5,), (59,), (1.5,))
('K.107 Musicalion', 'P1', 1, (322, 323), (59,), (2.0,), (59,), (2.0,))
('K.107 Musicalion', 'P1', 1, (323, 324), (59,), (2.5,), (59,), (2.5,))
('K.107 Musicalion', 'P1', 1, (324, 325), (59,), (3.0,), (59,), (3.0,))
('K.107 Musicalion', 'P1', 1, (638, 639), (116,), (3.0,), (116,), (3.0,))
('K.107 Musicalion', 'P1', 1, (642, 643), (117,), (2.5,), (117,), (2.5,))
('K.107 Musicalion', 'P1', 1, (643, 644), (117,), (3.0,), (117,), (3.0,))
('K.107 Musicalion', 'P1', 1, (644, 645), (117,), (3.5,), (117,), (3.5,))
('K.107 Musicalion', 'P1', 1, (647, 648), (118,), (3.0,), (118,), (3.0,))
('K.107 Musicalion', 'P1', 1, (651, 652), (119,), (2.5,), (119,), (2.5,))
('K.107 Musicalion', 'P1', 1, (652, 653), (119,), (3.0,), (119,), (3.0,))
('K.107 Musicalion', 'P1', 1, (653, 654), (119,), (3.5,), (119,), (3.5,))
('K.107 Musicalion', 'P1', 1, (664, 665), (122,), (1.5,), (122,), (1.5,))
('K.107 Musicalion', 'P1', 1, (665, 666), (122,), (2.0,), (122,), (2.0,))
('K.107 Musicalion', 'P1', 1, (666, 667), (122,), (2.5,), (122,), (2.5,))
('K.107 Musicalion', 'P1', 1, (667, 668), (122,), (3.0,), (122,), (3.0,))
('K.107 Musicalion', 'P1', 1, (672, 673), (124,), (3.0,), (124,), (3.0,))
('K.107 Musicalion', 'P1', 1, (676, 677), (125,), (2.5,), (125,), (2.5,))
('K.107 Musicalion', 'P1', 1, (677, 678), (125,), (3.0,), (125,), (3.0,))
('K.107 Musicalion', 'P1', 1, (678, 679), (125,), (3.5,), (125,), (3.5,))
('K.107 Musicalion', 'P1', 1, (681, 682), (126,), (3.0,), (126,), (3.0,))
('K.107 Musicalion', 'P1', 1, (685, 686), (127,), (2.5,), (127,), (2.5,))
('K.107 Musicalion', 'P1', 1, (686, 687), (127,), (3.0,), (127,), (3.0,))
('K.107 Musicalion', 'P1', 1, (687, 688), (127,), (3.5,), (127,), (3.5,))
('K.107 Musicalion', 'P1', 1, (698, 699), (130,), (1.5,), (130,), (1.5,))
('K.107 Musicalion', 'P1', 1, (699, 700), (130,), (2.0,), (130,), (2.0,))
('K.107 Musicalion', 'P1', 1, (700, 701), (130,), (2.5,), (130,), (2.5,))
('K.107 Musicalion', 'P1', 1, (701, 702), (130,), (3.0,), (130,), (3.0,))
('K.107 Musicalion', 'P1', 3, (3, 4), (2,), (3.0,), (2,), (3.0,))
('K.107 Musicalion', 'P1', 3, (15, 16), (6,), (3.0,), (6,), (3.0,))
('K.107 Musicalion', 'P1', 3, (89, 90), (33,), (3.0,), (33,), (3.0,))
('K.107 Musicalion', 'P1', 3, (95, 96), (35,), (3.0,), (35,), (3.0,))
('K.107 Musicalion', 'P1', 3, (101, 102), (37,), (3.0,), (37,), (3.0,))
('K.107 Musicalion', 'P1', 3, (246, 247), (85,), (3.0,), (85,), (3.0,))
('K.107 Musicalion', 'P1', 3, (252, 253), (87,), (3.0,), (87,), (3.0,))
('K.107 Musicalion', 'P1', 3, (258, 259), (89,), (3.0,), (89,), (3.0,))
('K.107 Musicalion', 'P1', 3, (299, 300), (107,), (3.0,), (107,), (3.0,))
('K.107 Musicalion', 'P1', 3, (305, 306), (109,), (3.0,), (109,), (3.0,))

48.    ((1,),):
('K.107 Musicalion', 'P1', 1, (36, 37), (7,), (3.5,), (7,), (3.5,))
('K.107 Musicalion', 'P1', 1, (90, 91), (16,), (3.0,), (16,), (3.0,))
('K.107 Musicalion', 'P1', 1, (91, 92), (17,), (1.5,), (17,), (1.5,))
('K.107 Musicalion', 'P1', 1, (93, 94), (17,), (2.5,), (17,), (2.5,))
('K.107 Musicalion', 'P1', 1, (95, 96), (17,), (3.5,), (17,), (3.5,))
('K.107 Musicalion', 'P1', 1, (97, 98), (18,), (1.5,), (18,), (1.5,))
('K.107 Musicalion', 'P1', 1, (99, 100), (18,), (2.5,), (18,), (2.5,))
('K.107 Musicalion', 'P1', 1, (101, 102), (18,), (3.5,), (18,), (3.5,))
('K.107 Musicalion', 'P1', 1, (103, 104), (19,), (1.5,), (19,), (1.5,))
('K.107 Musicalion', 'P1', 1, (105, 106), (19,), (2.5,), (19,), (2.5,))
('K.107 Musicalion', 'P1', 1, (107, 108), (19,), (3.5,), (19,), (3.5,))
('K.107 Musicalion', 'P1', 1, (109, 110), (20,), (1.5,), (20,), (1.5,))
('K.107 Musicalion', 'P1', 1, (111, 112), (20,), (2.5,), (20,), (2.5,))
('K.107 Musicalion', 'P1', 1, (113, 114), (20,), (3.5,), (20,), (3.5,))
('K.107 Musicalion', 'P1', 1, (115, 116), (21,), (1.5,), (21,), (1.5,))
('K.107 Musicalion', 'P1', 1, (117, 118), (21,), (2.5,), (21,), (2.5,))
('K.107 Musicalion', 'P1', 1, (119, 120), (21,), (3.5,), (21,), (3.5,))
('K.107 Musicalion', 'P1', 1, (121, 122), (22,), (1.5,), (22,), (1.5,))
('K.107 Musicalion', 'P1', 1, (123, 124), (22,), (2.5,), (22,), (2.5,))
('K.107 Musicalion', 'P1', 1, (125, 126), (22,), (3.5,), (22,), (3.5,))
('K.107 Musicalion', 'P1', 1, (127, 128), (23,), (1.5,), (23,), (1.5,))
('K.107 Musicalion', 'P1', 1, (129, 130), (23,), (2.5,), (23,), (2.5,))
('K.107 Musicalion', 'P1', 1, (131, 132), (23,), (3.5,), (23,), (3.5,))
('K.107 Musicalion', 'P1', 1, (139, 140), (24,), (3.75,), (24,), (3.75,))
('K.107 Musicalion', 'P1', 1, (146, 147), (25,), (2.75,), (25,), (2.75,))
('K.107 Musicalion', 'P1', 1, (157, 158), (26,), (3.75,), (26,), (3.75,))
('K.107 Musicalion', 'P1', 1, (164, 165), (27,), (2.75,), (27,), (2.75,))
('K.107 Musicalion', 'P1', 1, (175, 176), (28,), (3.75,), (28,), (3.75,))
('K.107 Musicalion', 'P1', 1, (182, 183), (29,), (2.75,), (29,), (2.75,))
('K.107 Musicalion', 'P1', 1, (256, 257), (43,), (3.5,), (43,), (3.5,))
('K.107 Musicalion', 'P1', 1, (258, 259), (44,), (1.0,), (44,), (1.0,))
('K.107 Musicalion', 'P1', 1, (387, 388), (72,), (3.0,), (72,), (3.0,))
('K.107 Musicalion', 'P1', 1, (388, 389), (73,), (1.5,), (73,), (1.5,))
('K.107 Musicalion', 'P1', 1, (390, 391), (73,), (2.5,), (73,), (2.5,))
('K.107 Musicalion', 'P1', 1, (392, 393), (73,), (3.5,), (73,), (3.5,))
('K.107 Musicalion', 'P1', 1, (394, 395), (74,), (1.5,), (74,), (1.5,))
('K.107 Musicalion', 'P1', 1, (396, 397), (74,), (2.5,), (74,), (2.5,))
('K.107 Musicalion', 'P1', 1, (404, 405), (76,), (1.5,), (76,), (1.5,))
('K.107 Musicalion', 'P1', 1, (406, 407), (76,), (2.5,), (76,), (2.5,))
('K.107 Musicalion', 'P1', 1, (408, 409), (77,), (1.5,), (77,), (1.5,))
('K.107 Musicalion', 'P1', 1, (410, 411), (77,), (2.5,), (77,), (2.5,))
('K.107 Musicalion', 'P1', 1, (412, 413), (77,), (3.5,), (77,), (3.5,))
('K.107 Musicalion', 'P1', 1, (414, 415), (78,), (1.5,), (78,), (1.5,))
('K.107 Musicalion', 'P1', 1, (416, 417), (78,), (2.5,), (78,), (2.5,))
('K.107 Musicalion', 'P1', 1, (424, 425), (80,), (1.5,), (80,), (1.5,))
('K.107 Musicalion', 'P1', 1, (426, 427), (80,), (2.5,), (80,), (2.5,))
('K.107 Musicalion', 'P1', 1, (427, 428), (80,), (3.0,), (80,), (3.0,))
('K.107 Musicalion', 'P1', 1, (444, 445), (83,), (3.5,), (83,), (3.5,))
('K.107 Musicalion', 'P1', 1, (521, 522), (97,), (1.75,), (97,), (1.75,))
('K.107 Musicalion', 'P1', 1, (538, 539), (99,), (1.5,), (99,), (1.5,))
('K.107 Musicalion', 'P1', 1, (555, 556), (101,), (1.5,), (101,), (1.5,))
('K.107 Musicalion', 'P1', 1, (572, 573), (103,), (1.5,), (103,), (1.5,))
('K.107 Musicalion', 'P1', 2, (6, 7), (60,), (1.0,), (60,), (1.0,))
('K.107 Musicalion', 'P1', 3, (199, 200), (69,), (2.0,), (69,), (2.0,))

49.    (((3, 2),),):
('K.107 Musicalion', 'P1', 1, (264, 265), (46,), (2.0,), (46,), (2.0,))
('K.107 Musicalion', 'P1', 1, (273, 274), (48,), (2.0,), (48,), (2.0,))
('K.107 Musicalion', 'P1', 1, (279, 280), (49,), (3.0,), (49,), (3.0,))
('K.107 Musicalion', 'P1', 1, (286, 287), (51,), (1.0,), (51,), (1.0,))
('K.107 Musicalion', 'P1', 1, (291, 292), (51,), (3.5,), (51,), (3.5,))
('K.107 Musicalion', 'P1', 1, (294, 295), (53,), (2.0,), (53,), (2.0,))
('K.107 Musicalion', 'P1', 1, (298, 299), (54,), (2.0,), (54,), (2.0,))
('K.107 Musicalion', 'P1', 1, (307, 308), (56,), (2.0,), (56,), (2.0,))
('K.107 Musicalion', 'P1', 1, (313, 314), (57,), (3.0,), (57,), (3.0,))
('K.107 Musicalion', 'P1', 1, (320, 321), (59,), (1.0,), (59,), (1.0,))
('K.107 Musicalion', 'P1', 1, (641, 642), (117,), (2.0,), (117,), (2.0,))
('K.107 Musicalion', 'P1', 1, (650, 651), (119,), (2.0,), (119,), (2.0,))
('K.107 Musicalion', 'P1', 1, (656, 657), (120,), (3.0,), (120,), (3.0,))
('K.107 Musicalion', 'P1', 1, (663, 664), (122,), (1.0,), (122,), (1.0,))
('K.107 Musicalion', 'P1', 1, (668, 669), (122,), (3.5,), (122,), (3.5,))
('K.107 Musicalion', 'P1', 1, (671, 672), (124,), (2.0,), (124,), (2.0,))
('K.107 Musicalion', 'P1', 1, (675, 676), (125,), (2.0,), (125,), (2.0,))
('K.107 Musicalion', 'P1', 1, (684, 685), (127,), (2.0,), (127,), (2.0,))
('K.107 Musicalion', 'P1', 1, (690, 691), (128,), (3.0,), (128,), (3.0,))
('K.107 Musicalion', 'P1', 1, (697, 698), (130,), (1.0,), (130,), (1.0,))
('K.107 Musicalion', 'P1', 3, (50, 51), (18,), (3.0,), (18,), (3.0,))
('K.107 Musicalion', 'P1', 3, (56, 57), (20,), (3.0,), (20,), (3.0,))
('K.107 Musicalion', 'P1', 3, (59, 60), (21,), (3.0,), (21,), (3.0,))

50.    ((4,),):
('K.107 Musicalion', 'P1', 1, (2, 3), (1,), (2.0,), (1,), (2.0,))
('K.107 Musicalion', 'P1', 1, (11, 12), (2,), (3.5,), (2,), (3.5,))
('K.107 Musicalion', 'P1', 1, (21, 22), (5,), (2.0,), (5,), (2.0,))
('K.107 Musicalion', 'P1', 1, (30, 31), (6,), (3.5,), (6,), (3.5,))
('K.107 Musicalion', 'P1', 1, (171, 172), (28,), (2.5,), (28,), (2.5,))
('K.107 Musicalion', 'P1', 1, (239, 240), (41,), (1.0,), (41,), (1.0,))
('K.107 Musicalion', 'P1', 1, (358, 359), (68,), (1.0,), (68,), (1.0,))
('K.107 Musicalion', 'P1', 1, (628, 629), (114,), (1.5,), (114,), (1.5,))
('K.107 Musicalion', 'P1', 3, (142, 143), (50,), (1.0,), (50,), (1.0,))
('K.107 Musicalion', 'P1', 3, (168, 169), (58,), (1.0,), (58,), (1.0,))
('K.107 Musicalion', 'P1', 3, (172, 173), (59,), (3.0,), (59,), (3.0,))
('K.107 Musicalion', 'P1', 3, (178, 179), (61,), (3.0,), (61,), (3.0,))
('K.107 Musicalion', 'P1', 3, (190, 191), (65,), (3.0,), (65,), (3.0,))
('K.107 Musicalion', 'P1', 3, (320, 321), (114,), (3.0,), (114,), (3.0,))
('K.107 Musicalion', 'P1', 3, (344, 345), (121,), (2.0,), (121,), (2.0,))
('K.107 Musicalion', 'P1', 3, (345, 346), (121,), (3.0,), (121,), (3.0,))
('K.107 Musicalion', 'P1', 3, (370, 371), (129,), (1.0,), (129,), (1.0,))
('K.107 Musicalion', 'P1', 3, (374, 375), (130,), (3.0,), (130,), (3.0,))
('K.107 Musicalion', 'P1', 3, (380, 381), (132,), (3.0,), (132,), (3.0,))
('K.107 Musicalion', 'P1', 3, (392, 393), (136,), (3.0,), (136,), (3.0,))
('K.107 Musicalion', 'P1', 4, (13, 14), (98,), (1.0,), (98,), (1.0,))
('K.107 Musicalion', 'P1', 4, (16, 17), (100,), (1.0,), (100,), (1.0,))
('K.107 Musicalion', 'P1', 4, (19, 20), (102,), (1.0,), (102,), (1.0,))

51.    ((3,),):
('K.107 Musicalion', 'P1', 1, (4, 5), (1,), (3.0,), (1,), (3.0,))
('K.107 Musicalion', 'P1', 1, (23, 24), (5,), (3.0,), (5,), (3.0,))
('K.107 Musicalion', 'P1', 1, (233, 234), (40,), (1.0,), (40,), (1.0,))
('K.107 Musicalion', 'P1', 1, (238, 239), (40,), (3.5,), (40,), (3.5,))
('K.107 Musicalion', 'P1', 1, (428, 429), (81,), (1.5,), (81,), (1.5,))
('K.107 Musicalion', 'P1', 1, (704, 705), (132,), (1.0,), (132,), (1.0,))
('K.107 Musicalion', 'P1', 2, (29, 30), (131,), (3.0,), (131,), (3.0,))
('K.107 Musicalion', 'P1', 2, (35, 36), (133,), (3.0,), (133,), (3.0,))
('K.107 Musicalion', 'P1', 3, (5, 6), (3,), (2.0,), (3,), (2.0,))
('K.107 Musicalion', 'P1', 3, (17, 18), (7,), (2.0,), (7,), (2.0,))
('K.107 Musicalion', 'P1', 3, (58, 59), (21,), (2.0,), (21,), (2.0,))
('K.107 Musicalion', 'P1', 3, (68, 69), (24,), (3.0,), (24,), (3.0,))
('K.107 Musicalion', 'P1', 3, (72, 73), (26,), (3.0,), (26,), (3.0,))
('K.107 Musicalion', 'P1', 3, (76, 77), (28,), (3.0,), (28,), (3.0,))
('K.107 Musicalion', 'P1', 3, (118, 119), (43,), (2.0,), (43,), (2.0,))
('K.107 Musicalion', 'P1', 3, (240, 241), (83,), (2.0,), (83,), (2.0,))
('K.107 Musicalion', 'P1', 4, (10, 11), (78,), (1.0,), (78,), (1.0,))

52.    ((-5,),):
('K.107 Musicalion', 'P1', 1, (235, 236), (40,), (2.0,), (40,), (2.0,))
('K.107 Musicalion', 'P1', 1, (241, 242), (41,), (2.0,), (41,), (2.0,))
('K.107 Musicalion', 'P1', 1, (359, 360), (68,), (2.0,), (68,), (2.0,))
('K.107 Musicalion', 'P1', 2, (12, 13), (62,), (3.5,), (62,), (3.5,))
('K.107 Musicalion', 'P1', 3, (53, 54), (19,), (3.0,), (19,), (3.0,))
('K.107 Musicalion', 'P1', 3, (146, 147), (51,), (3.0,), (51,), (3.0,))
('K.107 Musicalion', 'P1', 3, (184, 185), (63,), (3.0,), (63,), (3.0,))
('K.107 Musicalion', 'P1', 3, (348, 349), (122,), (3.0,), (122,), (3.0,))
('K.107 Musicalion', 'P1', 3, (386, 387), (134,), (3.0,), (134,), (3.0,))

53.    (((5, 1),),):
('K.107 Musicalion', 'P1', 3, (54, 55), (20,), (1.0,), (20,), (1.0,))
('K.107 Musicalion', 'P1', 3, (114, 115), (42,), (1.0,), (42,), (1.0,))
('K.107 Musicalion', 'P1', 3, (115, 116), (42,), (2.0,), (42,), (2.0,))
('K.107 Musicalion', 'P1', 3, (315, 316), (113,), (1.0,), (113,), (1.0,))

54.    ((19,),):
('K.107 Musicalion', 'P1', 1, (352, 353), (66,), (1.0,), (66,), (1.0,))
('K.107 Musicalion', 'P1', 3, (147, 148), (52,), (1.0,), (52,), (1.0,))
('K.107 Musicalion', 'P1', 3, (349, 350), (123,), (1.0,), (123,), (1.0,))

55.    ((13,),):
('K.107 Musicalion', 'P1', 1, (191, 192), (30,), (3.5,), (30,), (3.5,))
('K.107 Musicalion', 'P1', 2, (18, 19), (64,), (3.5,), (64,), (3.5,))

56.    (((3, 3),),):
('K.107 Musicalion', 'P1', 3, (32, 33), (12,), (3.0,), (12,), (3.0,))
('K.107 Musicalion', 'P1', 3, (277, 278), (96,), (1.0,), (96,), (1.0,))

57.    (((3, 3, 2, 1),),):
('K.107 Musicalion', 'P1', 3, (45, 46), (17,), (1.0,), (17,), (1.0,))
('K.107 Musicalion', 'P1', 3, (46, 47), (17,), (2.0,), (17,), (2.0,))

58.    (((3, 2, 3, 1),),):
('K.107 Musicalion', 'P1', 3, (111, 112), (41,), (1.0,), (41,), (1.0,))
('K.107 Musicalion', 'P1', 3, (112, 113), (41,), (2.0,), (41,), (2.0,))

59.    ((15,),):
('K.107 Musicalion', 'P1', 3, (192, 193), (67,), (1.0,), (67,), (1.0,))
('K.107 Musicalion', 'P1', 3, (296, 297), (106,), (1.0,), (106,), (1.0,))

60.    (((5, 3, 1),),):
('K.107 Musicalion', 'P1', 3, (274, 275), (95,), (1.0,), (95,), (1.0,))
('K.107 Musicalion', 'P1', 3, (275, 276), (95,), (2.0,), (95,), (2.0,))

