1.    nomes:
K.346 Musescore

2.    quantidade:
1

3.    analise:
[('intDia', 'p1p2'), ('duracao', 'p1p2'), ('Ntempo', 'p1'), ('Ptempo', 'p1')] SemContInte Distancia: 0

1.    ((2, -6, -2, -2, -2, 4, 2, -2, 2, 2, 1, 2, -2, 2, 2, 2, -2, -2, -2, -2, 2, -4, 2, -2, 2, 2, 1, 2, -2, 2, 2, 2, 2, -2, 2, 2, 2, -4, -3, 2, 2, -3, 4, -3, -2, -2, -2, 2, 2, -4, 2, -2, 2, 2, 1, 2, -2, 2, 2, 2, 2, -2, 2, 2, 2, -4, -3, 2, 2, -3, 4, -3, -2, -2, -2, 2, 2, -2, -2, -2, 2, -4, 5, -3, 5, -3, 4, -2, -2, -2, -2, -2, 2, -4, 5, -3, 5, -3, 4, -2, -2, -2, -2, -2, 9, -4, 2, -3, -2, -2, -2), (0.5, 0.5, 0.5, 1.5, 0.5, 1.5, 0.5, 0.5, 0.5, 0.5, 1.0, 0.5, 0.5, 0.5, 0.5, 1.0, 0.5, 0.5, 0.5, 0.5, 0.5, 0.5, 0.5, 0.5, 0.5, 0.5, 1.0, 0.5, 0.5, 0.5, 0.5, 1.0, 0.5, 0.5, 0.5, 0.5, 0.5, 0.5, 0.5, 0.5, 0.5, 0.5, 0.5, 0.5, 0.5, 0.5, 0.5, 0.5, 0.5, 0.5, 0.5, 0.5, 0.5, 0.5, 1.0, 0.5, 0.5, 0.5, 0.5, 1.0, 0.5, 0.5, 0.5, 0.5, 0.5, 0.5, 0.5, 0.5, 0.5, 0.5, 0.5, 0.5, 0.5, 0.5, 0.5, 0.5, 0.5, 0.5, 0.5, 0.5, 0.5, 0.5, 0.5, 0.5, 0.5, 0.5, 0.5, 0.5, 0.5, 0.5, 0.5, 0.5, 0.5, 0.5, 0.5, 0.5, 0.5, 0.5, 0.5, 0.5, 0.5, 0.5, 0.5, 0.5, 0.5, 0.5, 0.5, 0.5, 0.5, 0.5, 0.5), (2,), (0.5,)):
('K.346 Musescore', 'P1', 1, (127, 238), (30,), (2.5,), (50,), (2.5,))
('K.346 Musescore', 'P1', 1, (345, 456), (75,), (2.5,), (95,), (2.5,))

2.    ((8, -2, -2, -2, -2, -2, 6, -7, -2, 2, 2, 2, 2, -8, 4, 8, -2, -2, -2, -2, -2, 6, -7, -2, 2, 2, 2, 2, -8, 4, 2, 2, 2, 2, -8, 4, 2, 2, 2, 2, -8, 4, 2, 2, 2, 2, -8, 4), (1.0, 1.0, 1.0, 1.0, 1.0, 1.0, 1.0, 1.0, 1.0, 1.0, 1.0, 1.0, 1.0, 1.0, 1.0, 1.0, 1.0, 1.0, 1.0, 1.0, 1.0, 1.0, 1.0, 1.0, 1.0, 1.0, 1.0, 1.0, 1.0, 1.0, 1.0, 1.0, 1.0, 1.0, 1.0, 1.0, 1.0, 1.0, 1.0, 1.0, 1.0, 1.0, 1.0, 1.0, 1.0, 1.0, 1.0, 1.0), (1,), (0.0,)):
('K.346 Musescore', 'P1', 3, (105, 153), (35,), (1.0,), (50,), (3.0,))
('K.346 Musescore', 'P1', 3, (239, 287), (80,), (1.0,), (95,), (3.0,))

3.    ((-2, -2, 2, -4, 6, -2, -2, 2, -4, 4, -2, -2, 2, -4, 6, -2, -2, 2), (0.5, 0.5, 0.5, 0.5, 1.0, 0.5, 0.5, 0.5, 0.5, 1.0, 0.5, 0.5, 0.5, 0.5, 1.0, 0.5, 0.5, 0.5), (2,), (0.0,)):
('K.346 Musescore', 'P1', 1, (258, 276), (57,), (2.0,), (60,), (3.0,))
('K.346 Musescore', 'P1', 1, (278, 296), (61,), (2.0,), (64,), (3.0,))

4.    ((2, 2, 2, -4, 5, -5, 3, -3, 4, -4, 5, -5, 3, -3, 4), (1.0, 1.0, 1.0, 0.5, 0.5, 0.5, 0.5, 0.5, 0.5, 0.5, 0.5, 0.5, 0.5, 0.5, 0.5), (1,), (0.0,)):
('K.346 Musescore', 'P1', 3, (47, 62), (21,), (1.0,), (23,), (3.5,))
('K.346 Musescore', 'P1', 3, (207, 222), (71,), (1.0,), (73,), (3.5,))

5.    ((-2, -2, -2, -2, -2, 2, 2, -3, 2, 2, -3, 2), (0.5, 0.5, 0.5, 0.5, 0.5, 0.5, 1.0, 1.0, 1.0, 1.0, 1.0, 1.0), (1,), (0.0,)):
('K.346 Musescore', 'P1', 1, (88, 100), (21,), (1.0,), (23,), (3.0,))
('K.346 Musescore', 'P1', 1, (324, 336), (71,), (1.0,), (73,), (3.0,))

6.    ((-2, -2, 2, -5, 5, -2, -2, 2, -3), (0.5, 0.5, 0.5, 0.5, 1.0, 0.5, 0.5, 0.5, 0.5), (2,), (0.0,)):
('K.346 Musescore', 'P1', 1, (59, 68), (15,), (2.0,), (16,), (3.5,))
('K.346 Musescore', 'P1', 1, (69, 78), (17,), (2.0,), (18,), (3.5,))

7.    ((-7, 7, -2, -6, 6, 2, -7, 7, -2), (1.0, 1.0, 1.0, 1.0, 1.0, 1.0, 1.0, 1.0, 1.0), (1,), (0.0,)):
('K.346 Musescore', 'P1', 3, (161, 170), (57,), (1.0,), (59,), (3.0,))
('K.346 Musescore', 'P1', 3, (179, 188), (63,), (1.0,), (65,), (3.0,))

8.    ((3, -2, 3, -2, 3, -2, 3, -2), (0.5, 0.5, 0.5, 0.5, 0.5, 0.5, 0.5, 0.5), (1,), (0.0,)):
('K.346 Musescore', 'P1', 1, (118, 126), (29,), (1.0,), (30,), (1.5,))
('K.346 Musescore', 'P1', 1, (336, 344), (74,), (1.0,), (75,), (1.5,))

9.    ((-3, 4, -2, -2, -2, -2, -2, -2), (3.0, 3.0, 0.5, 0.5, 0.5, 0.5, 0.5, 0.5), (1,), (0.0,)):
('K.346 Musescore', 'P1', 1, (0, 8), (1,), (1.0,), (3,), (3.5,))
('K.346 Musescore', 'P1', 3, (1, 9), (5,), (1.0,), (7,), (3.5,))

10.    ((-2, -2, -2, -2, -2, 2), (0.5, 0.5, 0.5, 0.5, 0.5, 0.5), (1,), (0.0,)):
('K.346 Musescore', 'P1', 1, (88, 94), (21,), (1.0,), (21,), (3.5,))
('K.346 Musescore', 'P1', 1, (324, 330), (71,), (1.0,), (71,), (3.5,))
('K.346 Musescore', 'P1', 3, (68, 74), (25,), (1.0,), (25,), (3.5,))

11.    ((-2, -5, 5, 2, -6, 6), (1.0, 1.0, 1.0, 1.0, 1.0, 1.0), (3,), (0.0,)):
('K.346 Musescore', 'P1', 3, (13, 19), (9,), (3.0,), (11,), (2.0,))
('K.346 Musescore', 'P1', 3, (19, 25), (11,), (3.0,), (13,), (2.0,))

12.    ((2, -8, 15, -2, -2, -2), (1.0, 1.0, 2.0, 1.0, 1.0, 1.0), (3,), (0.0,)):
('K.346 Musescore', 'P1', 3, (93, 99), (30,), (3.0,), (32,), (3.0,))
('K.346 Musescore', 'P1', 3, (227, 233), (75,), (3.0,), (77,), (3.0,))

13.    ((8, -2, -2, 2), (1.0, 0.5, 0.5, 0.5), (1,), (0.0,)):
('K.346 Musescore', 'P1', 1, (78, 82), (19,), (1.0,), (19,), (3.0,))
('K.346 Musescore', 'P1', 1, (83, 87), (20,), (1.0,), (20,), (3.0,))

14.    ((2, 2, 2, 2), (1.0, 1.0, 1.0, 1.0), (3,), (0.0,)):
('K.346 Musescore', 'P1', 1, (102, 106), (24,), (3.0,), (25,), (3.0,))
('K.346 Musescore', 'P1', 3, (46, 50), (20,), (3.0,), (21,), (3.0,))

15.    ((-3, 3, 2), (1.0, 1.0, 1.0), (1,), (0.0,)):
('K.346 Musescore', 'P1', 3, (41, 44), (19,), (1.0,), (19,), (3.0,))
('K.346 Musescore', 'P1', 3, (44, 47), (20,), (1.0,), (20,), (3.0,))

16.    ((-3, 4), (0.5, 0.5), (3,), (0.0,)):
('K.346 Musescore', 'P1', 1, (168, 170), (38,), (3.0,), (38,), (3.5,))
('K.346 Musescore', 'P1', 1, (196, 198), (43,), (3.0,), (43,), (3.5,))
('K.346 Musescore', 'P1', 1, (386, 388), (83,), (3.0,), (83,), (3.5,))
('K.346 Musescore', 'P1', 1, (414, 416), (88,), (3.0,), (88,), (3.5,))
('K.346 Musescore', 'P1', 3, (54, 56), (22,), (3.0,), (22,), (3.5,))
('K.346 Musescore', 'P1', 3, (60, 62), (23,), (3.0,), (23,), (3.5,))
('K.346 Musescore', 'P1', 3, (66, 68), (24,), (3.0,), (24,), (3.5,))
('K.346 Musescore', 'P1', 3, (78, 80), (26,), (3.0,), (26,), (3.5,))
('K.346 Musescore', 'P1', 3, (84, 86), (27,), (3.0,), (27,), (3.5,))
('K.346 Musescore', 'P1', 3, (199, 201), (69,), (3.0,), (69,), (3.5,))
('K.346 Musescore', 'P1', 3, (205, 207), (70,), (3.0,), (70,), (3.5,))
('K.346 Musescore', 'P1', 3, (214, 216), (72,), (3.0,), (72,), (3.5,))
('K.346 Musescore', 'P1', 3, (220, 222), (73,), (3.0,), (73,), (3.5,))

17.    ((2, -3), (1.0, 1.0), (1,), (0.0,)):
('K.346 Musescore', 'P1', 1, (94, 96), (22,), (1.0,), (22,), (2.0,))
('K.346 Musescore', 'P1', 1, (100, 102), (24,), (1.0,), (24,), (2.0,))
('K.346 Musescore', 'P1', 1, (106, 108), (26,), (1.0,), (26,), (2.0,))
('K.346 Musescore', 'P1', 1, (318, 320), (69,), (1.0,), (69,), (2.0,))
('K.346 Musescore', 'P1', 1, (330, 332), (72,), (1.0,), (72,), (2.0,))
('K.346 Musescore', 'P1', 3, (102, 104), (34,), (1.0,), (34,), (2.0,))

18.    ((-3, 2), (1.0, 1.0), (2,), (0.0,)):
('K.346 Musescore', 'P1', 1, (98, 100), (23,), (2.0,), (23,), (3.0,))
('K.346 Musescore', 'P1', 1, (110, 112), (27,), (2.0,), (27,), (3.0,))
('K.346 Musescore', 'P1', 1, (322, 324), (70,), (2.0,), (70,), (3.0,))
('K.346 Musescore', 'P1', 1, (334, 336), (73,), (2.0,), (73,), (3.0,))
('K.346 Musescore', 'P1', 3, (92, 94), (30,), (2.0,), (30,), (3.0,))

19.    ((2, -3), (1.0, 1.0), (3,), (0.0,)):
('K.346 Musescore', 'P1', 3, (87, 89), (28,), (3.0,), (29,), (1.0,))
('K.346 Musescore', 'P1', 3, (90, 92), (29,), (3.0,), (30,), (1.0,))

20.    ((-3, 3), (1.0, 1.0), (1,), (0.0,)):
('K.346 Musescore', 'P1', 3, (156, 158), (55,), (1.0,), (55,), (2.0,))
('K.346 Musescore', 'P1', 3, (192, 194), (68,), (1.0,), (68,), (2.0,))

21.    ((6,), (1.0,), (1,), (0.0,)):
('K.346 Musescore', 'P1', 1, (32, 33), (10,), (1.0,), (10,), (1.0,))
('K.346 Musescore', 'P1', 1, (37, 38), (11,), (1.0,), (11,), (1.0,))
('K.346 Musescore', 'P1', 1, (42, 43), (12,), (1.0,), (12,), (1.0,))
('K.346 Musescore', 'P1', 1, (47, 48), (13,), (1.0,), (13,), (1.0,))
('K.346 Musescore', 'P1', 1, (262, 263), (58,), (1.0,), (58,), (1.0,))
('K.346 Musescore', 'P1', 1, (272, 273), (60,), (1.0,), (60,), (1.0,))
('K.346 Musescore', 'P1', 1, (277, 278), (61,), (1.0,), (61,), (1.0,))
('K.346 Musescore', 'P1', 1, (282, 283), (62,), (1.0,), (62,), (1.0,))
('K.346 Musescore', 'P1', 1, (292, 293), (64,), (1.0,), (64,), (1.0,))
('K.346 Musescore', 'P1', 3, (111, 112), (37,), (1.0,), (37,), (1.0,))
('K.346 Musescore', 'P1', 3, (126, 127), (42,), (1.0,), (42,), (1.0,))
('K.346 Musescore', 'P1', 3, (245, 246), (82,), (1.0,), (82,), (1.0,))
('K.346 Musescore', 'P1', 3, (260, 261), (87,), (1.0,), (87,), (1.0,))

22.    ((5,), (0.5,), (1,), (0.5,)):
('K.346 Musescore', 'P1', 1, (211, 212), (46,), (1.5,), (46,), (1.5,))
('K.346 Musescore', 'P1', 1, (223, 224), (48,), (1.5,), (48,), (1.5,))
('K.346 Musescore', 'P1', 1, (429, 430), (91,), (1.5,), (91,), (1.5,))
('K.346 Musescore', 'P1', 1, (441, 442), (93,), (1.5,), (93,), (1.5,))
('K.346 Musescore', 'P1', 3, (51, 52), (22,), (1.5,), (22,), (1.5,))
('K.346 Musescore', 'P1', 3, (57, 58), (23,), (1.5,), (23,), (1.5,))
('K.346 Musescore', 'P1', 3, (63, 64), (24,), (1.5,), (24,), (1.5,))
('K.346 Musescore', 'P1', 3, (75, 76), (26,), (1.5,), (26,), (1.5,))
('K.346 Musescore', 'P1', 3, (81, 82), (27,), (1.5,), (27,), (1.5,))
('K.346 Musescore', 'P1', 3, (196, 197), (69,), (1.5,), (69,), (1.5,))
('K.346 Musescore', 'P1', 3, (202, 203), (70,), (1.5,), (70,), (1.5,))
('K.346 Musescore', 'P1', 3, (211, 212), (72,), (1.5,), (72,), (1.5,))
('K.346 Musescore', 'P1', 3, (217, 218), (73,), (1.5,), (73,), (1.5,))

23.    ((3,), (1.0,), (2,), (0.0,)):
('K.346 Musescore', 'P1', 1, (15, 16), (5,), (2.0,), (5,), (2.0,))
('K.346 Musescore', 'P1', 3, (27, 28), (14,), (2.0,), (14,), (2.0,))
('K.346 Musescore', 'P1', 3, (42, 43), (19,), (2.0,), (19,), (2.0,))
('K.346 Musescore', 'P1', 3, (45, 46), (20,), (2.0,), (20,), (2.0,))
('K.346 Musescore', 'P1', 3, (157, 158), (55,), (2.0,), (55,), (2.0,))
('K.346 Musescore', 'P1', 3, (193, 194), (68,), (2.0,), (68,), (2.0,))
('K.346 Musescore', 'P1', 3, (237, 238), (79,), (2.0,), (79,), (2.0,))

24.    ((8,), (1.0,), (1,), (0.0,)):
('K.346 Musescore', 'P1', 1, (27, 28), (9,), (1.0,), (9,), (1.0,))
('K.346 Musescore', 'P1', 1, (78, 79), (19,), (1.0,), (19,), (1.0,))
('K.346 Musescore', 'P1', 1, (83, 84), (20,), (1.0,), (20,), (1.0,))
('K.346 Musescore', 'P1', 3, (105, 106), (35,), (1.0,), (35,), (1.0,))
('K.346 Musescore', 'P1', 3, (120, 121), (40,), (1.0,), (40,), (1.0,))
('K.346 Musescore', 'P1', 3, (239, 240), (80,), (1.0,), (80,), (1.0,))
('K.346 Musescore', 'P1', 3, (254, 255), (85,), (1.0,), (85,), (1.0,))

25.    ((-6,), (1.0,), (1,), (0.0,)):
('K.346 Musescore', 'P1', 1, (25, 26), (8,), (1.0,), (8,), (1.0,))
('K.346 Musescore', 'P1', 3, (164, 165), (58,), (1.0,), (58,), (1.0,))
('K.346 Musescore', 'P1', 3, (170, 171), (60,), (1.0,), (60,), (1.0,))
('K.346 Musescore', 'P1', 3, (182, 183), (64,), (1.0,), (64,), (1.0,))

26.    ((3,), (1.0,), (1,), (0.0,)):
('K.346 Musescore', 'P1', 1, (14, 15), (5,), (1.0,), (5,), (1.0,))
('K.346 Musescore', 'P1', 1, (58, 59), (15,), (1.0,), (15,), (1.0,))

27.    ((1,), (3.0,), (1,), (0.0,)):
('K.346 Musescore', 'P1', 2, (0, 1), (26,), (1.0,), (26,), (1.0,))
('K.346 Musescore', 'P1', 2, (2, 3), (69,), (1.0,), (69,), (1.0,))

28.    ((-7,), (1.0,), (3,), (0.0,)):
('K.346 Musescore', 'P1', 3, (28, 29), (14,), (3.0,), (14,), (3.0,))
('K.346 Musescore', 'P1', 3, (238, 239), (79,), (3.0,), (79,), (3.0,))

29.    ((-5,), (1.0,), (3,), (0.0,)):
('K.346 Musescore', 'P1', 3, (104, 105), (34,), (3.0,), (34,), (3.0,))
('K.346 Musescore', 'P1', 3, (292, 293), (97,), (3.0,), (97,), (3.0,))

30.    ((-3,), (1.0,), (1,), (0.0,)):
('K.346 Musescore', 'P1', 3, (173, 174), (61,), (1.0,), (61,), (1.0,))
('K.346 Musescore', 'P1', 3, (222, 223), (74,), (1.0,), (74,), (1.0,))

