1.    nomes:
K.29 Musicalion

2.    quantidade:
1

3.    analise:
[('intDia', 'p1p2'), ('duracao', 'p1p2'), ('Ntempo', 'p1p2'), ('Ptempo', 'p1p2')] SemContInte Distancia: 0

1.    ((-2, -2, -2, 2, -2, -2, -2, 2, -2, -2, -2, 2, -2, -2, -2, -2, 2, -2, -2, -2, 2, -2, -2), (0.25, 0.25, 0.25, 0.25, 0.25, 0.25, 0.25, 0.25, 0.25, 0.25, 0.25, 0.25, 0.25, 0.25, 0.25, 0.25, 0.25, 0.25, 0.25, 0.25, 0.25, 0.25, 0.25), (2, 2, 3, 3, 3, 3, 4, 4, 4, 4, 1, 1, 1, 1, 2, 2, 2, 2, 3, 3, 3, 3, 4), (0.5, 0.75, 0.0, 0.25, 0.5, 0.75, 0.0, 0.25, 0.5, 0.75, 0.0, 0.25, 0.5, 0.75, 0.0, 0.25, 0.5, 0.75, 0.0, 0.25, 0.5, 0.75, 0.0)):
('K.29 Musicalion', 'P1', 1, (509, 532), (44,), (2.5,), (45,), (4.0,))
('K.29 Musicalion', 'P1', 2, (68, 91), (44,), (2.5,), (45,), (4.0,))

2.    ((-2, -2, -2, 2, -2, -2, -2, 2, -2, -2, -2, 2, -2, -2, -2, 2, 2, -2, -2), (0.25, 0.25, 0.25, 0.25, 0.25, 0.25, 0.25, 0.25, 0.25, 0.25, 0.25, 0.25, 0.25, 0.25, 0.25, 0.25, 0.25, 0.25, 0.25), (3, 4, 4, 4, 4, 1, 1, 1, 1, 2, 2, 2, 2, 3, 3, 3, 3, 4, 4), (0.75, 0.0, 0.25, 0.5, 0.75, 0.0, 0.25, 0.5, 0.75, 0.0, 0.25, 0.5, 0.75, 0.0, 0.25, 0.5, 0.75, 0.0, 0.25)):
('K.29 Musicalion', 'P1', 1, (856, 875), (84,), (3.75,), (85,), (4.25,))
('K.29 Musicalion', 'P1', 2, (179, 198), (84,), (3.75,), (85,), (4.25,))

3.    ((-2, -2, -2, 2, -2, -2, -2, 2, -2, -2, -2, 2, -2, -2, -2, 2, 2, 2), (0.25, 0.25, 0.25, 0.25, 0.25, 0.25, 0.25, 0.25, 0.25, 0.25, 0.25, 0.25, 0.25, 0.25, 0.25, 0.25, 0.25, 0.25), (3, 3, 3, 4, 4, 4, 4, 1, 1, 1, 1, 2, 2, 2, 2, 3, 3, 3), (0.25, 0.5, 0.75, 0.0, 0.25, 0.5, 0.75, 0.0, 0.25, 0.5, 0.75, 0.0, 0.25, 0.5, 0.75, 0.0, 0.25, 0.5)):
('K.29 Musicalion', 'P1', 1, (185, 203), (14,), (3.25,), (15,), (3.5,))
('K.29 Musicalion', 'P1', 3, (13, 31), (4,), (3.25,), (5,), (3.5,))

4.    (((3, -3), 3, 3, 2, (3, -3), 3, 3, 3, (3, -3), 3, 3, 2, (3, -3), 3, 3), ((0.0, 0.25), 0.25, 0.25, 0.25, (0.0, 0.25), 0.25, 0.25, 0.25, (0.0, 0.25), 0.25, 0.25, 0.25, (0.0, 0.25), 0.25, 0.25), (3, 3, 4, 4, 4, 4, 1, 1, 1, 1, 2, 2, 2, 2, 3), (0.5, 0.75, 0.0, 0.25, 0.5, 0.75, 0.0, 0.25, 0.5, 0.75, 0.0, 0.25, 0.5, 0.75, 0.0)):
('K.29 Musicalion', 'P1', 1, (424, 439), (35,), (3.5,), (36,), (3.0,))
('K.29 Musicalion', 'P1', 1, (440, 455), (36,), (3.5,), (37,), (3.0,))

5.    ((2, -2, -2, -2, 2, -2, -2, -2, 2, -2, -2, -2, 2, -2, -2), (0.25, 0.25, 0.25, 0.25, 0.25, 0.25, 0.25, 0.25, 0.25, 0.25, 0.25, 0.25, 0.25, 0.25, 0.25), (2, 2, 2, 2, 3, 3, 3, 3, 4, 4, 4, 4, 1, 1, 1), (0.0, 0.25, 0.5, 0.75, 0.0, 0.25, 0.5, 0.75, 0.0, 0.25, 0.5, 0.75, 0.0, 0.25, 0.5)):
('K.29 Musicalion', 'P1', 1, (180, 195), (14,), (2.0,), (14,), (1.5,))
('K.29 Musicalion', 'P1', 2, (16, 31), (14,), (2.0,), (14,), (1.5,))

6.    ((2, 2, 2, 2, 2, 2, 2, -3, -2, -2, -2), (0.25, 0.25, 0.25, 0.25, 0.25, 0.25, 0.25, 0.25, 0.25, 0.25, 0.25), (1, 1, 1, 2, 2, 2, 2, 3, 3, 3, 3), (0.25, 0.5, 0.75, 0.0, 0.25, 0.5, 0.75, 0.0, 0.25, 0.5, 0.75)):
('K.29 Musicalion', 'P1', 1, (1, 12), (0,), (1.25,), (1,), (3.75,))
('K.29 Musicalion', 'P1', 1, (49, 60), (5,), (1.25,), (6,), (3.75,))

7.    ((-2, -2, 2, -3, 3, 4, 3, -6, -2, -2, 2), (0.25, 0.25, 0.25, 0.25, 0.25, 0.25, 0.25, 0.25, 0.25, 0.25, 0.25), (3, 3, 4, 4, 4, 4, 1, 1, 1, 1, 2), (0.5, 0.75, 0.0, 0.25, 0.5, 0.75, 0.0, 0.25, 0.5, 0.75, 0.0)):
('K.29 Musicalion', 'P1', 1, (714, 725), (65,), (3.5,), (66,), (2.0,))
('K.29 Musicalion', 'P1', 1, (730, 741), (66,), (3.5,), (67,), (2.0,))

8.    ((2, 2, 2, 2, -3, -2, -2, -2, 2, -2, -2), (0.25, 0.25, 0.25, 0.25, 0.25, 0.25, 0.25, 0.25, 0.25, 0.25, 0.25), (2, 2, 2, 2, 3, 3, 3, 3, 4, 4, 4), (0.0, 0.25, 0.5, 0.75, 0.0, 0.25, 0.5, 0.75, 0.0, 0.25, 0.5)):
('K.29 Musicalion', 'P1', 1, (4, 15), (1,), (2.0,), (1,), (4.5,))
('K.29 Musicalion', 'P1', 2, (0, 11), (3,), (2.0,), (3,), (4.5,))

9.    ((-2, -2, -2, 2, -2, -2, -2, 2, -2, -2), (0.25, 0.25, 0.25, 0.25, 0.25, 0.25, 0.25, 0.25, 0.25, 0.25), (3, 3, 3, 4, 4, 4, 4, 1, 1, 1), (0.25, 0.5, 0.75, 0.0, 0.25, 0.5, 0.75, 0.0, 0.25, 0.5)):
('K.29 Musicalion', 'P1', 1, (9, 19), (1,), (3.25,), (1,), (1.5,))
('K.29 Musicalion', 'P1', 1, (185, 195), (14,), (3.25,), (14,), (1.5,))
('K.29 Musicalion', 'P1', 2, (21, 31), (14,), (3.25,), (14,), (1.5,))
('K.29 Musicalion', 'P1', 3, (13, 23), (4,), (3.25,), (4,), (1.5,))

10.    ((2, -2, -2, -2, 2, -2, -2, -2, 2), (0.25, 0.25, 0.25, 0.25, 0.25, 0.25, 0.25, 0.25, 0.25), (4, 4, 1, 1, 1, 1, 2, 2, 2), (0.5, 0.75, 0.0, 0.25, 0.5, 0.75, 0.0, 0.25, 0.5)):
('K.29 Musicalion', 'P1', 1, (859, 868), (84,), (4.5,), (84,), (2.5,))
('K.29 Musicalion', 'P1', 2, (182, 191), (84,), (4.5,), (84,), (2.5,))
('K.29 Musicalion', 'P1', 3, (184, 193), (46,), (4.5,), (46,), (2.5,))

11.    ((2, -2, -2, -2, 2, -2, -2, -2), (0.25, 0.25, 0.25, 0.25, 0.25, 0.25, 0.25, 0.25), (4, 4, 1, 1, 1, 1, 2, 2), (0.5, 0.75, 0.0, 0.25, 0.5, 0.75, 0.0, 0.25)):
('K.29 Musicalion', 'P1', 1, (859, 867), (84,), (4.5,), (84,), (2.25,))
('K.29 Musicalion', 'P1', 2, (182, 190), (84,), (4.5,), (84,), (2.25,))
('K.29 Musicalion', 'P1', 3, (184, 192), (46,), (4.5,), (46,), (2.25,))
('K.29 Musicalion', 'P1', 4, (6, 14), (46,), (4.5,), (46,), (2.25,))

12.    ((-3, 3, 4, 3, -6, -2, -2, 2), (0.25, 0.25, 0.25, 0.25, 0.25, 0.25, 0.25, 0.25), (4, 4, 4, 4, 1, 1, 1, 1), (0.0, 0.25, 0.5, 0.75, 0.0, 0.25, 0.5, 0.75)):
('K.29 Musicalion', 'P1', 1, (309, 317), (25,), (4.0,), (25,), (1.75,))
('K.29 Musicalion', 'P1', 1, (325, 333), (26,), (4.0,), (26,), (1.75,))

13.    (((3, -3), 3, 3, 2, (3, -3), 3, 3), ((0.0, 0.25), 0.25, 0.25, 0.25, (0.0, 0.25), 0.25, 0.25), (3, 4, 4, 4, 4, 1, 1), (0.75, 0.0, 0.25, 0.5, 0.75, 0.0, 0.25)):
('K.29 Musicalion', 'P1', 1, (793, 800), (76,), (3.75,), (76,), (1.25,))
('K.29 Musicalion', 'P1', 1, (801, 808), (77,), (3.75,), (77,), (1.25,))
('K.29 Musicalion', 'P1', 3, (332, 339), (75,), (3.75,), (75,), (1.25,))
('K.29 Musicalion', 'P1', 3, (348, 355), (78,), (3.75,), (78,), (1.25,))

14.    ((2, 2, 2, 2, 2, 2, -3), (0.25, 0.25, 0.25, 0.25, 0.25, 0.25, 0.25), (1, 1, 2, 2, 2, 2, 3), (0.5, 0.75, 0.0, 0.25, 0.5, 0.75, 0.0)):
('K.29 Musicalion', 'P1', 1, (2, 9), (0,), (1.5,), (1,), (3.0,))
('K.29 Musicalion', 'P1', 1, (50, 57), (5,), (1.5,), (6,), (3.0,))
('K.29 Musicalion', 'P1', 3, (172, 179), (43,), (1.5,), (43,), (3.0,))

15.    (((3, -3), 3, 3, 2, (3, -3), 3, 3), ((0.0, 0.25), 0.25, 0.25, 0.25, (0.0, 0.25), 0.25, 0.25), (1, 2, 2, 2, 2, 3, 3), (0.75, 0.0, 0.25, 0.5, 0.75, 0.0, 0.25)):
('K.29 Musicalion', 'P1', 1, (785, 792), (76,), (1.75,), (76,), (3.25,))
('K.29 Musicalion', 'P1', 1, (809, 816), (78,), (1.75,), (78,), (3.25,))
('K.29 Musicalion', 'P1', 3, (340, 347), (77,), (1.75,), (77,), (3.25,))

16.    (((3, -3), 3, 3, 2, (3, -3), 3, 3), ((0.0, 0.25), 0.25, 0.25, 0.25, (0.0, 0.25), 0.25, 0.25), (2, 2, 3, 3, 3, 3, 4), (0.5, 0.75, 0.0, 0.25, 0.5, 0.75, 0.0)):
('K.29 Musicalion', 'P1', 1, (404, 411), (34,), (2.5,), (34,), (4.0,))
('K.29 Musicalion', 'P1', 1, (627, 634), (56,), (2.5,), (56,), (4.0,))

17.    ((-2, 3, 4, -2, -2, -2, 1), (0.5, 1.0, 0.5, 0.25, 0.25, 1.0, 0.5), (2, 2, 3, 4, 4, 4, 1), (0.0, 0.5, 0.5, 0.0, 0.25, 0.5, 0.5)):
('K.29 Musicalion', 'P1', 1, (640, 647), (58,), (2.0,), (58,), (1.5,))
('K.29 Musicalion', 'P1', 1, (647, 654), (59,), (2.0,), (59,), (1.5,))

18.    ((-2, -2, -2, -2, -2, -2, -2), (0.25, 0.25, 0.25, 0.25, 0.25, 0.25, 0.25), (4, 1, 1, 1, 1, 2, 2), (0.75, 0.0, 0.25, 0.5, 0.75, 0.0, 0.25)):
('K.29 Musicalion', 'P1', 1, (565, 572), (50,), (4.75,), (50,), (2.25,))
('K.29 Musicalion', 'P1', 3, (218, 225), (51,), (4.75,), (51,), (2.25,))

19.    ((2, 2, 2, 2, 2, 2, -3), (0.25, 0.25, 0.25, 0.25, 0.25, 0.25, 0.25), (4, 4, 1, 1, 1, 1, 2), (0.5, 0.75, 0.0, 0.25, 0.5, 0.75, 0.0)):
('K.29 Musicalion', 'P1', 2, (60, 67), (44,), (4.5,), (44,), (2.0,))
('K.29 Musicalion', 'P1', 3, (236, 243), (52,), (4.5,), (52,), (2.0,))

20.    ((3, 3, 4, 3, 3, -3), (0.25, 0.25, 0.25, 0.25, 0.25, 0.25), (4, 4, 4, 1, 1, 1), (0.25, 0.5, 0.75, 0.0, 0.25, 0.5)):
('K.29 Musicalion', 'P1', 1, (61, 67), (6,), (4.25,), (6,), (1.5,))
('K.29 Musicalion', 'P1', 1, (77, 83), (7,), (4.25,), (7,), (1.5,))

21.    ((-2, -2, -2, -2, -2, -2), (0.25, 0.25, 0.25, 0.25, 0.25, 0.25), (2, 2, 2, 2, 3, 3), (0.0, 0.25, 0.5, 0.75, 0.0, 0.25)):
('K.29 Musicalion', 'P1', 1, (68, 74), (7,), (2.0,), (7,), (3.25,))
('K.29 Musicalion', 'P1', 1, (708, 714), (65,), (2.0,), (65,), (3.25,))

22.    ((-2, -2, -2, -2, -2, -2), (0.25, 0.25, 0.25, 0.25, 0.25, 0.25), (4, 4, 4, 4, 1, 1), (0.0, 0.25, 0.5, 0.75, 0.0, 0.25)):
('K.29 Musicalion', 'P1', 1, (100, 106), (9,), (4.0,), (9,), (1.25,))
('K.29 Musicalion', 'P1', 1, (562, 568), (49,), (4.0,), (50,), (1.25,))

23.    ((2, 2, -2, 1, -2, 1), (0.25, 0.25, 1.0, 0.5, 0.5, 1.0), (2, 2, 3, 4, 4, 1), (0.5, 0.75, 0.0, 0.0, 0.5, 0.0)):
('K.29 Musicalion', 'P1', 1, (369, 375), (29,), (2.5,), (29,), (1.0,))
('K.29 Musicalion', 'P1', 1, (384, 390), (31,), (2.5,), (31,), (1.0,))

24.    ((2, 2, -2, 1, -2, 2), (0.25, 0.25, 1.0, 0.5, 0.5, 1.0), (1, 2, 2, 3, 3, 4), (0.75, 0.0, 0.25, 0.25, 0.75, 0.25)):
('K.29 Musicalion', 'P1', 1, (746, 752), (70,), (1.75,), (70,), (4.25,))
('K.29 Musicalion', 'P1', 1, (761, 767), (72,), (1.75,), (72,), (4.25,))

25.    ((2, 2, 2, 2, -3), (0.25, 0.25, 0.25, 0.25, 0.25), (2, 2, 2, 2, 3), (0.0, 0.25, 0.5, 0.75, 0.0)):
('K.29 Musicalion', 'P1', 1, (4, 9), (1,), (2.0,), (1,), (3.0,))
('K.29 Musicalion', 'P1', 1, (52, 57), (6,), (2.0,), (6,), (3.0,))
('K.29 Musicalion', 'P1', 2, (0, 5), (3,), (2.0,), (3,), (3.0,))
('K.29 Musicalion', 'P1', 3, (174, 179), (43,), (2.0,), (43,), (3.0,))

26.    ((2, -2, -2, -2, 2), (0.25, 0.25, 0.25, 0.25, 0.25), (2, 2, 2, 2, 3), (0.0, 0.25, 0.5, 0.75, 0.0)):
('K.29 Musicalion', 'P1', 1, (180, 185), (14,), (2.0,), (14,), (3.0,))
('K.29 Musicalion', 'P1', 1, (196, 201), (15,), (2.0,), (15,), (3.0,))
('K.29 Musicalion', 'P1', 2, (16, 21), (14,), (2.0,), (14,), (3.0,))
('K.29 Musicalion', 'P1', 3, (24, 29), (5,), (2.0,), (5,), (3.0,))

27.    ((-3, 3, 2, 1, -3), (0.25, 0.25, 0.25, 0.25, 0.25), (3, 3, 3, 3, 4), (0.0, 0.25, 0.5, 0.75, 0.0)):
('K.29 Musicalion', 'P1', 1, (152, 157), (12,), (3.0,), (12,), (4.0,))
('K.29 Musicalion', 'P1', 1, (168, 173), (13,), (3.0,), (13,), (4.0,))

28.    ((3, 4, -7, 1, 3), (0.25, 0.25, 0.25, 0.25, 0.25), (3, 4, 4, 4, 4), (0.75, 0.0, 0.25, 0.5, 0.75)):
('K.29 Musicalion', 'P1', 1, (473, 478), (38,), (3.75,), (38,), (4.75,))
('K.29 Musicalion', 'P1', 1, (489, 494), (39,), (3.75,), (39,), (4.75,))

29.    ((6, -4, 4, -5, 6), (0.25, 0.25, 0.25, 0.25, 0.25), (1, 1, 1, 2, 2), (0.25, 0.5, 0.75, 0.0, 0.25)):
('K.29 Musicalion', 'P1', 1, (671, 676), (63,), (1.25,), (63,), (2.25,))
('K.29 Musicalion', 'P1', 1, (689, 694), (64,), (1.25,), (64,), (2.25,))

30.    ((3, 4, -7, 1, 3), (0.25, 0.25, 0.25, 0.25, 0.25), (2, 2, 2, 2, 3), (0.0, 0.25, 0.5, 0.75, 0.0)):
('K.29 Musicalion', 'P1', 1, (834, 839), (80,), (2.0,), (80,), (3.0,))
('K.29 Musicalion', 'P1', 3, (363, 368), (81,), (2.0,), (81,), (3.0,))

31.    ((-2, -2, -2, -2), (0.25, 0.25, 0.25, 0.25), (1, 1, 2, 2), (0.5, 0.75, 0.0, 0.25)):
('K.29 Musicalion', 'P1', 1, (118, 122), (10,), (1.5,), (10,), (2.25,))
('K.29 Musicalion', 'P1', 1, (521, 525), (45,), (1.5,), (45,), (2.25,))
('K.29 Musicalion', 'P1', 1, (568, 572), (50,), (1.5,), (50,), (2.25,))
('K.29 Musicalion', 'P1', 2, (80, 84), (45,), (1.5,), (45,), (2.25,))
('K.29 Musicalion', 'P1', 3, (221, 225), (51,), (1.5,), (51,), (2.25,))

32.    ((4, -6, 2, -4), (0.5, 0.5, 0.5, 0.5), (4, 1, 1, 2), (0.5, 0.0, 0.5, 0.0)):
('K.29 Musicalion', 'P1', 1, (33, 37), (3,), (4.5,), (4,), (2.0,))
('K.29 Musicalion', 'P1', 1, (40, 44), (4,), (4.5,), (5,), (2.0,))

33.    ((-3, 3, 3, 4), (0.25, 0.25, 0.25, 0.25), (3, 3, 3, 3), (0.0, 0.25, 0.5, 0.75)):
('K.29 Musicalion', 'P1', 1, (124, 128), (10,), (3.0,), (10,), (3.75,))
('K.29 Musicalion', 'P1', 1, (301, 305), (24,), (3.0,), (24,), (3.75,))

34.    ((-4, 4, -5, 6), (0.25, 0.25, 0.25, 0.25), (1, 2, 2, 2), (0.75, 0.0, 0.25, 0.5)):
('K.29 Musicalion', 'P1', 1, (248, 252), (21,), (1.75,), (21,), (2.5,))
('K.29 Musicalion', 'P1', 1, (264, 268), (22,), (1.75,), (22,), (2.5,))

35.    ((-4, 4, -5, 6), (0.25, 0.25, 0.25, 0.25), (1, 1, 1, 2), (0.25, 0.5, 0.75, 0.0)):
('K.29 Musicalion', 'P1', 1, (278, 282), (23,), (1.25,), (23,), (2.0,))
('K.29 Musicalion', 'P1', 1, (294, 298), (24,), (1.25,), (24,), (2.0,))

36.    ((2, 2, -2, -2), (0.25, 0.25, 0.5, 0.5), (2, 2, 3, 3), (0.5, 0.75, 0.0, 0.5)):
('K.29 Musicalion', 'P1', 1, (376, 380), (30,), (2.5,), (30,), (3.5,))
('K.29 Musicalion', 'P1', 1, (391, 395), (32,), (2.5,), (32,), (3.5,))

37.    ((2, 2, -2, -2), (0.25, 0.25, 0.5, 0.5), (1, 2, 2, 2), (0.75, 0.0, 0.25, 0.75)):
('K.29 Musicalion', 'P1', 1, (753, 757), (71,), (1.75,), (71,), (2.75,))
('K.29 Musicalion', 'P1', 1, (768, 772), (73,), (1.75,), (73,), (2.75,))

38.    ((-2, -2, -2, -2), (0.25, 0.25, 0.25, 0.25), (3, 3, 4, 4), (0.5, 0.75, 0.0, 0.25)):
('K.29 Musicalion', 'P1', 1, (86, 90), (8,), (3.5,), (8,), (4.25,))
('K.29 Musicalion', 'P1', 3, (213, 217), (50,), (3.5,), (50,), (4.25,))

39.    ((3, 3, -6, 1), (0.25, 0.25, 0.25, 0.25), (1, 2, 2, 2), (0.75, 0.0, 0.25, 0.5)):
('K.29 Musicalion', 'P1', 1, (481, 485), (39,), (1.75,), (39,), (2.5,))
('K.29 Musicalion', 'P1', 3, (137, 141), (40,), (1.75,), (40,), (2.5,))

40.    ((2, -2, -2, -2), (0.25, 0.25, 0.25, 0.25), (4, 1, 1, 1), (0.75, 0.0, 0.25, 0.5)):
('K.29 Musicalion', 'P1', 1, (876, 880), (85,), (4.75,), (85,), (1.5,))
('K.29 Musicalion', 'P1', 3, (396, 400), (85,), (4.75,), (85,), (1.5,))

41.    ((2, 2, 2, 2), (0.25, 0.25, 0.25, 0.25), (2, 2, 3, 3), (0.5, 0.75, 0.0, 0.25)):
('K.29 Musicalion', 'P1', 2, (92, 96), (52,), (2.5,), (52,), (3.25,))
('K.29 Musicalion', 'P1', 3, (192, 196), (46,), (2.5,), (46,), (3.25,))

42.    ((3, 3, -6, 1), (0.25, 0.25, 0.25, 0.25), (4, 4, 4, 4), (0.0, 0.25, 0.5, 0.75)):
('K.29 Musicalion', 'P1', 3, (356, 360), (80,), (4.0,), (80,), (4.75,))
('K.29 Musicalion', 'P1', 3, (370, 374), (81,), (4.0,), (81,), (4.75,))

43.    (((3, -3), 3, 3), ((0.0, 0.25), 0.25, 0.25), (2, 2, 3), (0.5, 0.75, 0.0)):
('K.29 Musicalion', 'P1', 1, (404, 407), (34,), (2.5,), (34,), (3.0,))
('K.29 Musicalion', 'P1', 1, (420, 423), (35,), (2.5,), (35,), (3.0,))
('K.29 Musicalion', 'P1', 1, (436, 439), (36,), (2.5,), (36,), (3.0,))
('K.29 Musicalion', 'P1', 1, (452, 455), (37,), (2.5,), (37,), (3.0,))
('K.29 Musicalion', 'P1', 1, (579, 582), (53,), (2.5,), (53,), (3.0,))
('K.29 Musicalion', 'P1', 1, (627, 630), (56,), (2.5,), (56,), (3.0,))
('K.29 Musicalion', 'P1', 3, (244, 247), (54,), (2.5,), (54,), (3.0,))

44.    ((2, 2, 2), (0.25, 0.25, 0.25), (1, 1, 1), (0.25, 0.5, 0.75)):
('K.29 Musicalion', 'P1', 1, (1, 4), (0,), (1.25,), (0,), (1.75,))
('K.29 Musicalion', 'P1', 1, (49, 52), (5,), (1.25,), (5,), (1.75,))
('K.29 Musicalion', 'P1', 1, (177, 180), (13,), (1.25,), (13,), (1.75,))
('K.29 Musicalion', 'P1', 2, (63, 66), (44,), (1.25,), (44,), (1.75,))
('K.29 Musicalion', 'P1', 3, (239, 242), (52,), (1.25,), (52,), (1.75,))

45.    (((3, -3), 3, 3), ((0.0, 0.25), 0.25, 0.25), (4, 4, 1), (0.5, 0.75, 0.0)):
('K.29 Musicalion', 'P1', 1, (428, 431), (35,), (4.5,), (35,), (1.0,))
('K.29 Musicalion', 'P1', 1, (444, 447), (36,), (4.5,), (36,), (1.0,))
('K.29 Musicalion', 'P1', 1, (587, 590), (53,), (4.5,), (53,), (1.0,))
('K.29 Musicalion', 'P1', 1, (619, 622), (56,), (4.5,), (56,), (1.0,))
('K.29 Musicalion', 'P1', 3, (133, 136), (34,), (4.5,), (34,), (1.0,))

46.    ((-2, -2, -2), (0.25, 0.25, 0.25), (3, 4, 4), (0.75, 0.0, 0.25)):
('K.29 Musicalion', 'P1', 1, (561, 564), (49,), (3.75,), (49,), (4.25,))
('K.29 Musicalion', 'P1', 1, (856, 859), (84,), (3.75,), (84,), (4.25,))
('K.29 Musicalion', 'P1', 2, (179, 182), (84,), (3.75,), (84,), (4.25,))
('K.29 Musicalion', 'P1', 3, (159, 162), (41,), (3.75,), (41,), (4.25,))

47.    (((3, -3), 3, 3), ((0.0, 0.25), 0.25, 0.25), (1, 1, 2), (0.5, 0.75, 0.0)):
('K.29 Musicalion', 'P1', 1, (412, 415), (34,), (1.5,), (34,), (2.0,))
('K.29 Musicalion', 'P1', 1, (591, 594), (53,), (1.5,), (53,), (2.0,))
('K.29 Musicalion', 'P1', 1, (623, 626), (56,), (1.5,), (56,), (2.0,))

48.    ((2, 2, -3), (0.25, 0.25, 0.25), (4, 4, 1), (0.5, 0.75, 0.0)):
('K.29 Musicalion', 'P1', 1, (174, 177), (13,), (4.5,), (13,), (1.0,))
('K.29 Musicalion', 'P1', 1, (499, 502), (42,), (4.5,), (42,), (1.0,))
('K.29 Musicalion', 'P1', 2, (56, 59), (43,), (4.5,), (43,), (1.0,))

49.    ((2, 2, 2), (0.25, 0.25, 0.25), (4, 4, 4), (0.25, 0.5, 0.75)):
('K.29 Musicalion', 'P1', 1, (173, 176), (13,), (4.25,), (13,), (4.75,))
('K.29 Musicalion', 'P1', 2, (173, 176), (83,), (4.25,), (83,), (4.75,))
('K.29 Musicalion', 'P1', 3, (235, 238), (51,), (4.25,), (52,), (4.75,))

50.    ((-2, -2, -2), (0.25, 0.25, 0.25), (3, 3, 4), (0.5, 0.75, 0.0)):
('K.29 Musicalion', 'P1', 1, (513, 516), (44,), (3.5,), (44,), (4.0,))
('K.29 Musicalion', 'P1', 2, (72, 75), (44,), (3.5,), (44,), (4.0,))
('K.29 Musicalion', 'P1', 3, (213, 216), (50,), (3.5,), (50,), (4.0,))

51.    ((-2, -2, 2), (0.25, 0.25, 0.25), (4, 1, 1), (0.75, 0.0, 0.25)):
('K.29 Musicalion', 'P1', 1, (518, 521), (45,), (4.75,), (45,), (1.25,))
('K.29 Musicalion', 'P1', 2, (77, 80), (45,), (4.75,), (45,), (1.25,))
('K.29 Musicalion', 'P1', 3, (305, 308), (68,), (4.75,), (68,), (1.25,))

52.    ((-2, -2, -2), (0.25, 0.25, 0.25), (4, 4, 4), (0.0, 0.25, 0.5)):
('K.29 Musicalion', 'P1', 1, (88, 91), (8,), (4.0,), (8,), (4.5,))
('K.29 Musicalion', 'P1', 1, (873, 876), (85,), (4.0,), (85,), (4.5,))

53.    ((-3, 3, 3), (0.25, 0.25, 0.25), (2, 2, 2), (0.0, 0.25, 0.5)):
('K.29 Musicalion', 'P1', 1, (148, 151), (12,), (2.0,), (12,), (2.5,))
('K.29 Musicalion', 'P1', 1, (317, 320), (25,), (2.0,), (25,), (2.5,))

54.    ((-3, 3, 4), (0.25, 0.25, 0.25), (2, 2, 3), (0.5, 0.75, 0.0)):
('K.29 Musicalion', 'P1', 1, (357, 360), (28,), (2.5,), (28,), (3.0,))
('K.29 Musicalion', 'P1', 1, (611, 614), (55,), (2.5,), (55,), (3.0,))

55.    ((3, -2, -2), (0.25, 0.25, 0.25), (2, 2, 3), (0.5, 0.75, 0.0)):
('K.29 Musicalion', 'P1', 1, (537, 540), (47,), (2.5,), (47,), (3.0,))
('K.29 Musicalion', 'P1', 1, (572, 575), (50,), (2.5,), (50,), (3.0,))

56.    ((-2, -2, -2), (0.5, 0.5, 0.5), (2, 2, 3), (0.25, 0.75, 0.25)):
('K.29 Musicalion', 'P1', 1, (776, 779), (74,), (2.25,), (74,), (3.25,))
('K.29 Musicalion', 'P1', 2, (164, 167), (74,), (2.25,), (74,), (3.25,))

57.    ((3, 3, 4), (0.25, 0.25, 0.25), (4, 4, 1), (0.5, 0.75, 0.0)):
('K.29 Musicalion', 'P1', 1, (460, 463), (37,), (4.5,), (37,), (1.0,))
('K.29 Musicalion', 'P1', 3, (208, 211), (48,), (4.5,), (48,), (1.0,))

58.    ((-8, 7, -2), (0.25, 0.25, 0.25), (2, 2, 3), (0.5, 0.75, 0.0)):
('K.29 Musicalion', 'P1', 1, (676, 679), (63,), (2.5,), (63,), (3.0,))
('K.29 Musicalion', 'P1', 3, (379, 382), (82,), (2.5,), (82,), (3.0,))

59.    ((-2, 2, -2), (0.12, 0.12, 0.75), (3, 3, 3), (0.0, 0.12, 0.25)):
('K.29 Musicalion', 'P1', 2, (107, 110), (60,), (3.0,), (60,), (3.25,))
('K.29 Musicalion', 'P1', 2, (119, 122), (61,), (3.0,), (61,), (3.25,))

60.    ((-2, -2, -2), (0.5, 0.5, 0.5), (3, 4, 4), (0.75, 0.25, 0.75)):
('K.29 Musicalion', 'P1', 2, (160, 163), (73,), (3.75,), (73,), (4.75,))
('K.29 Musicalion', 'P1', 2, (167, 170), (74,), (3.75,), (74,), (4.75,))

61.    (((4, 2, 1), (4, 2, 1), (4, 2, 1)), ((0.0, 0.0, 0.5), (0.0, 0.0, 0.5), (0.0, 0.0, 0.5)), (4, 1, 1), (0.5, 0.0, 0.5)):
('K.29 Musicalion', 'P1', 3, (57, 60), (17,), (4.5,), (17,), (1.5,))
('K.29 Musicalion', 'P1', 3, (119, 122), (32,), (4.5,), (32,), (1.5,))

62.    (((3, 2, 3, 1), (3, 2, 3, 1), (3, 2, 3, 1)), ((0.0, 0.0, 0.0, 0.5), (0.0, 0.0, 0.0, 0.5), (0.0, 0.0, 0.0, 0.5)), (2, 2, 3), (0.0, 0.5, 0.0)):
('K.29 Musicalion', 'P1', 3, (68, 71), (19,), (2.0,), (19,), (3.0,))
('K.29 Musicalion', 'P1', 3, (76, 79), (20,), (2.0,), (20,), (3.0,))

63.    ((1, 3, 4), (0.25, 0.25, 0.25), (2, 2, 3), (0.5, 0.75, 0.0)):
('K.29 Musicalion', 'P1', 3, (140, 143), (40,), (2.5,), (40,), (3.0,))
('K.29 Musicalion', 'P1', 3, (154, 157), (41,), (2.5,), (41,), (3.0,))

64.    ((2, 2, 2), (0.25, 0.25, 0.25), (3, 3, 4), (0.5, 0.75, 0.0)):
('K.29 Musicalion', 'P1', 3, (168, 171), (42,), (3.5,), (42,), (4.0,))
('K.29 Musicalion', 'P1', 3, (180, 183), (43,), (3.5,), (43,), (4.0,))

65.    ((3, -2, -2), (0.25, 0.25, 0.25), (4, 4, 1), (0.5, 0.75, 0.0)):
('K.29 Musicalion', 'P1', 3, (200, 203), (47,), (4.5,), (47,), (1.0,))
('K.29 Musicalion', 'P1', 3, (217, 220), (51,), (4.5,), (51,), (1.0,))

66.    ((-2, -2), (0.25, 0.25), (4, 4), (0.0, 0.25)):
('K.29 Musicalion', 'P1', 1, (88, 90), (8,), (4.0,), (8,), (4.25,))
('K.29 Musicalion', 'P1', 1, (643, 645), (58,), (4.0,), (58,), (4.25,))
('K.29 Musicalion', 'P1', 1, (650, 652), (59,), (4.0,), (59,), (4.25,))
('K.29 Musicalion', 'P1', 1, (845, 847), (82,), (4.0,), (82,), (4.25,))
('K.29 Musicalion', 'P1', 1, (873, 875), (85,), (4.0,), (85,), (4.25,))
('K.29 Musicalion', 'P1', 1, (889, 891), (86,), (4.0,), (86,), (4.25,))
('K.29 Musicalion', 'P1', 2, (196, 198), (85,), (4.0,), (85,), (4.25,))
('K.29 Musicalion', 'P1', 3, (321, 323), (69,), (4.0,), (69,), (4.25,))

67.    ((3, 3), (0.25, 0.25), (1, 2), (0.75, 0.0)):
('K.29 Musicalion', 'P1', 1, (413, 415), (34,), (1.75,), (34,), (2.0,))
('K.29 Musicalion', 'P1', 1, (417, 419), (35,), (1.75,), (35,), (2.0,))
('K.29 Musicalion', 'P1', 1, (433, 435), (36,), (1.75,), (36,), (2.0,))
('K.29 Musicalion', 'P1', 1, (449, 451), (37,), (1.75,), (37,), (2.0,))
('K.29 Musicalion', 'P1', 1, (558, 560), (48,), (1.75,), (48,), (2.0,))
('K.29 Musicalion', 'P1', 1, (592, 594), (53,), (1.75,), (53,), (2.0,))
('K.29 Musicalion', 'P1', 1, (624, 626), (56,), (1.75,), (56,), (2.0,))
('K.29 Musicalion', 'P1', 3, (130, 132), (33,), (1.75,), (33,), (2.0,))

68.    ((-2, -2), (0.25, 0.25), (2, 3), (0.75, 0.0)):
('K.29 Musicalion', 'P1', 1, (526, 528), (45,), (2.75,), (45,), (3.0,))
('K.29 Musicalion', 'P1', 1, (538, 540), (47,), (2.75,), (47,), (3.0,))
('K.29 Musicalion', 'P1', 1, (573, 575), (50,), (2.75,), (50,), (3.0,))
('K.29 Musicalion', 'P1', 1, (868, 870), (84,), (2.75,), (84,), (3.0,))
('K.29 Musicalion', 'P1', 2, (85, 87), (45,), (2.75,), (45,), (3.0,))
('K.29 Musicalion', 'P1', 2, (191, 193), (84,), (2.75,), (84,), (3.0,))
('K.29 Musicalion', 'P1', 3, (313, 315), (68,), (2.75,), (68,), (3.0,))

69.    ((-2, -2), (0.5, 0.5), (3, 3), (0.0, 0.5)):
('K.29 Musicalion', 'P1', 1, (378, 380), (30,), (3.0,), (30,), (3.5,))
('K.29 Musicalion', 'P1', 1, (393, 395), (32,), (3.0,), (32,), (3.5,))
('K.29 Musicalion', 'P1', 1, (399, 401), (33,), (3.0,), (33,), (3.5,))
('K.29 Musicalion', 'P1', 2, (53, 55), (33,), (3.0,), (33,), (3.5,))

70.    ((2, 2), (0.25, 0.25), (3, 3), (0.5, 0.75)):
('K.29 Musicalion', 'P1', 1, (871, 873), (84,), (3.5,), (85,), (3.75,))
('K.29 Musicalion', 'P1', 2, (194, 196), (84,), (3.5,), (85,), (3.75,))
('K.29 Musicalion', 'P1', 3, (168, 170), (42,), (3.5,), (42,), (3.75,))
('K.29 Musicalion', 'P1', 3, (180, 182), (43,), (3.5,), (43,), (3.75,))

71.    ((3, 4), (0.25, 0.25), (2, 3), (0.75, 0.0)):
('K.29 Musicalion', 'P1', 1, (358, 360), (28,), (2.75,), (28,), (3.0,))
('K.29 Musicalion', 'P1', 1, (612, 614), (55,), (2.75,), (55,), (3.0,))
('K.29 Musicalion', 'P1', 1, (727, 729), (66,), (2.75,), (66,), (3.0,))
('K.29 Musicalion', 'P1', 3, (141, 143), (40,), (2.75,), (40,), (3.0,))

72.    ((3, 3), (0.25, 0.25), (1, 1), (0.25, 0.5)):
('K.29 Musicalion', 'P1', 1, (93, 95), (8,), (1.25,), (8,), (1.5,))
('K.29 Musicalion', 'P1', 1, (145, 147), (11,), (1.25,), (11,), (1.5,))
('K.29 Musicalion', 'P1', 1, (161, 163), (12,), (1.25,), (12,), (1.5,))

73.    ((-3, 3), (0.25, 0.25), (2, 2), (0.0, 0.25)):
('K.29 Musicalion', 'P1', 1, (132, 134), (11,), (2.0,), (11,), (2.25,))
('K.29 Musicalion', 'P1', 1, (164, 166), (13,), (2.0,), (13,), (2.25,))
('K.29 Musicalion', 'P1', 1, (897, 899), (86,), (2.0,), (86,), (2.25,))

74.    ((3, 2), (0.25, 0.25), (1, 2), (0.75, 0.0)):
('K.29 Musicalion', 'P1', 1, (465, 467), (38,), (1.75,), (38,), (2.0,))
('K.29 Musicalion', 'P1', 1, (608, 610), (55,), (1.75,), (55,), (2.0,))
('K.29 Musicalion', 'P1', 1, (880, 882), (85,), (1.75,), (85,), (2.0,))

75.    ((2, -3), (0.25, 0.25), (1, 1), (0.0, 0.25)):
('K.29 Musicalion', 'P1', 1, (348, 350), (27,), (1.0,), (27,), (1.25,))
('K.29 Musicalion', 'P1', 1, (849, 851), (82,), (1.0,), (82,), (1.25,))
('K.29 Musicalion', 'P1', 2, (176, 178), (83,), (1.0,), (83,), (1.25,))

76.    ((2, -3), (0.25, 0.25), (3, 4), (0.75, 0.0)):
('K.29 Musicalion', 'P1', 1, (324, 326), (25,), (3.75,), (26,), (4.0,))
('K.29 Musicalion', 'P1', 2, (97, 99), (52,), (3.75,), (52,), (4.0,))
('K.29 Musicalion', 'P1', 3, (197, 199), (46,), (3.75,), (46,), (4.0,))

77.    ((3, -2), (0.25, 0.25), (1, 1), (0.5, 0.75)):
('K.29 Musicalion', 'P1', 1, (162, 164), (12,), (1.5,), (12,), (1.75,))
('K.29 Musicalion', 'P1', 1, (533, 535), (47,), (1.5,), (47,), (1.75,))
('K.29 Musicalion', 'P1', 3, (282, 284), (61,), (1.5,), (61,), (1.75,))

78.    ((1, 3), (0.25, 0.25), (4, 4), (0.5, 0.75)):
('K.29 Musicalion', 'P1', 1, (476, 478), (38,), (4.5,), (38,), (4.75,))
('K.29 Musicalion', 'P1', 1, (492, 494), (39,), (4.5,), (39,), (4.75,))
('K.29 Musicalion', 'P1', 3, (147, 149), (40,), (4.5,), (40,), (4.75,))

79.    ((-3, 3), (0.25, 0.25), (1, 1), (0.5, 0.75)):
('K.29 Musicalion', 'P1', 1, (599, 601), (54,), (1.5,), (54,), (1.75,))
('K.29 Musicalion', 'P1', 1, (607, 609), (55,), (1.5,), (55,), (1.75,))
('K.29 Musicalion', 'P1', 3, (308, 310), (68,), (1.5,), (68,), (1.75,))

80.    ((-5, 3), (0.25, 0.25), (4, 4), (0.0, 0.25)):
('K.29 Musicalion', 'P1', 1, (128, 130), (10,), (4.0,), (10,), (4.25,))
('K.29 Musicalion', 'P1', 1, (905, 907), (87,), (4.0,), (87,), (4.25,))

81.    ((3, 3), (0.25, 0.25), (3, 3), (0.25, 0.5)):
('K.29 Musicalion', 'P1', 1, (137, 139), (11,), (3.25,), (11,), (3.5,))
('K.29 Musicalion', 'P1', 1, (791, 793), (76,), (3.25,), (76,), (3.5,))

82.    ((-3, 3), (0.25, 0.25), (2, 2), (0.25, 0.5)):
('K.29 Musicalion', 'P1', 1, (282, 284), (23,), (2.25,), (23,), (2.5,))
('K.29 Musicalion', 'P1', 1, (725, 727), (66,), (2.25,), (66,), (2.5,))

83.    ((3, 4), (0.25, 0.25), (1, 2), (0.75, 0.0)):
('K.29 Musicalion', 'P1', 1, (351, 353), (27,), (1.75,), (27,), (2.0,))
('K.29 Musicalion', 'P1', 1, (600, 602), (54,), (1.75,), (54,), (2.0,))

84.    ((3, 3), (0.25, 0.25), (3, 4), (0.75, 0.0)):
('K.29 Musicalion', 'P1', 1, (457, 459), (37,), (3.75,), (37,), (4.0,))
('K.29 Musicalion', 'P1', 1, (616, 618), (55,), (3.75,), (55,), (4.0,))

85.    ((-3, 3), (0.25, 0.25), (4, 4), (0.5, 0.75)):
('K.29 Musicalion', 'P1', 1, (595, 597), (54,), (4.5,), (54,), (4.75,))
('K.29 Musicalion', 'P1', 1, (603, 605), (55,), (4.5,), (55,), (4.75,))

86.    ((-2, 2), (0.12, 0.12), (2, 2), (0.0, 0.12)):
('K.29 Musicalion', 'P1', 1, (655, 657), (60,), (2.0,), (60,), (2.12,))
('K.29 Musicalion', 'P1', 2, (116, 118), (61,), (2.0,), (61,), (2.12,))

87.    ((4, 3), (0.25, 0.25), (1, 2), (0.75, 0.0)):
('K.29 Musicalion', 'P1', 1, (95, 97), (8,), (1.75,), (8,), (2.0,))
('K.29 Musicalion', 'P1', 3, (151, 153), (41,), (1.75,), (41,), (2.0,))

88.    ((-3, 2), (0.25, 0.25), (4, 4), (0.0, 0.25)):
('K.29 Musicalion', 'P1', 1, (172, 174), (13,), (4.0,), (13,), (4.25,))
('K.29 Musicalion', 'P1', 3, (198, 200), (46,), (4.0,), (46,), (4.25,))

89.    ((-3, 3), (0.25, 0.25), (2, 3), (0.75, 0.0)):
('K.29 Musicalion', 'P1', 1, (252, 254), (21,), (2.75,), (21,), (3.0,))
('K.29 Musicalion', 'P1', 3, (316, 318), (69,), (2.75,), (69,), (3.0,))

90.    ((-5, 6), (0.25, 0.25), (2, 3), (0.75, 0.0)):
('K.29 Musicalion', 'P1', 1, (284, 286), (23,), (2.75,), (23,), (3.0,))
('K.29 Musicalion', 'P1', 3, (287, 289), (62,), (2.75,), (62,), (3.0,))

91.    ((1, 3), (0.25, 0.25), (2, 2), (0.5, 0.75)):
('K.29 Musicalion', 'P1', 1, (468, 470), (38,), (2.5,), (38,), (2.75,))
('K.29 Musicalion', 'P1', 3, (154, 156), (41,), (2.5,), (41,), (2.75,))

92.    ((3, 3), (0.25, 0.25), (4, 1), (0.75, 0.0)):
('K.29 Musicalion', 'P1', 1, (604, 606), (55,), (4.75,), (55,), (1.0,))
('K.29 Musicalion', 'P1', 3, (127, 129), (33,), (4.75,), (33,), (1.0,))

93.    ((-3, 3), (0.25, 0.25), (3, 3), (0.5, 0.75)):
('K.29 Musicalion', 'P1', 1, (615, 617), (55,), (3.5,), (55,), (3.75,))
('K.29 Musicalion', 'P1', 3, (300, 302), (68,), (3.5,), (68,), (3.75,))

94.    ((1, 3), (0.25, 0.25), (4, 1), (0.75, 0.0)):
('K.29 Musicalion', 'P1', 1, (829, 831), (79,), (4.75,), (79,), (1.0,))
('K.29 Musicalion', 'P1', 3, (373, 375), (81,), (4.75,), (81,), (1.0,))

95.    ((2, -3), (0.25, 0.25), (3, 3), (0.0, 0.25)):
('K.29 Musicalion', 'P1', 1, (885, 887), (85,), (3.0,), (85,), (3.25,))
('K.29 Musicalion', 'P1', 3, (393, 395), (83,), (3.0,), (83,), (3.25,))

96.    ((-5, 4), (1.0, 1.0), (4, 1), (0.0, 0.0)):
('K.29 Musicalion', 'P1', 2, (42, 44), (25,), (4.0,), (25,), (1.0,))
('K.29 Musicalion', 'P1', 2, (46, 48), (26,), (4.0,), (26,), (1.0,))

97.    ((-5, 4), (1.0, 1.0), (4, 1), (0.25, 0.25)):
('K.29 Musicalion', 'P1', 2, (125, 127), (66,), (4.25,), (66,), (1.25,))
('K.29 Musicalion', 'P1', 2, (129, 131), (67,), (4.25,), (67,), (1.25,))

98.    (((3, 1), (3, 1)), ((0.0, 0.5), (0.0, 0.5)), (3, 3), (0.0, 0.5)):
('K.29 Musicalion', 'P1', 2, (100, 102), (57,), (3.0,), (57,), (3.5,))
('K.29 Musicalion', 'P1', 3, (108, 110), (31,), (3.0,), (31,), (3.5,))

99.    (((3, 1), (3, 1)), ((0.0, 0.5), (0.0, 0.5)), (2, 3), (0.5, 0.0)):
('K.29 Musicalion', 'P1', 3, (45, 47), (16,), (2.5,), (16,), (3.0,))
('K.29 Musicalion', 'P1', 3, (107, 109), (31,), (2.5,), (31,), (3.0,))

100.    (((5, 1), (5, 1)), ((0.0, 0.5), (0.0, 0.5)), (4, 1), (0.5, 0.0)):
('K.29 Musicalion', 'P1', 3, (49, 51), (16,), (4.5,), (16,), (1.0,))
('K.29 Musicalion', 'P1', 3, (95, 97), (29,), (4.5,), (29,), (1.0,))

101.    (((5, 2, 1), (5, 2, 2)), ((0.0, 0.0, 0.5), (0.0, 0.0, 0.5)), (3, 3), (0.0, 0.5)):
('K.29 Musicalion', 'P1', 3, (54, 56), (17,), (3.0,), (17,), (3.5,))
('K.29 Musicalion', 'P1', 3, (271, 273), (60,), (3.0,), (60,), (3.5,))

102.    ((-7, 3), (0.5, 0.25), (1, 2), (0.5, 0.0)):
('K.29 Musicalion', 'P1', 3, (362, 364), (80,), (1.5,), (81,), (2.0,))
('K.29 Musicalion', 'P1', 3, (376, 378), (81,), (1.5,), (82,), (2.0,))

103.    ((-2,), (0.25,), (2,), (0.5,)):
('K.29 Musicalion', 'P1', 1, (22, 23), (2,), (2.5,), (2,), (2.5,))
('K.29 Musicalion', 'P1', 1, (70, 71), (7,), (2.5,), (7,), (2.5,))
('K.29 Musicalion', 'P1', 1, (122, 123), (10,), (2.5,), (10,), (2.5,))
('K.29 Musicalion', 'P1', 1, (182, 183), (14,), (2.5,), (14,), (2.5,))
('K.29 Musicalion', 'P1', 1, (198, 199), (15,), (2.5,), (15,), (2.5,))
('K.29 Musicalion', 'P1', 1, (335, 336), (26,), (2.5,), (26,), (2.5,))
('K.29 Musicalion', 'P1', 1, (354, 355), (27,), (2.5,), (27,), (2.5,))
('K.29 Musicalion', 'P1', 1, (509, 510), (44,), (2.5,), (44,), (2.5,))
('K.29 Musicalion', 'P1', 1, (636, 637), (57,), (2.5,), (57,), (2.5,))
('K.29 Musicalion', 'P1', 1, (710, 711), (65,), (2.5,), (65,), (2.5,))
('K.29 Musicalion', 'P1', 1, (742, 743), (67,), (2.5,), (67,), (2.5,))
('K.29 Musicalion', 'P1', 2, (18, 19), (14,), (2.5,), (14,), (2.5,))
('K.29 Musicalion', 'P1', 2, (68, 69), (44,), (2.5,), (44,), (2.5,))
('K.29 Musicalion', 'P1', 3, (10, 11), (4,), (2.5,), (4,), (2.5,))
('K.29 Musicalion', 'P1', 3, (26, 27), (5,), (2.5,), (5,), (2.5,))
('K.29 Musicalion', 'P1', 3, (39, 40), (15,), (2.5,), (15,), (2.5,))
('K.29 Musicalion', 'P1', 4, (27, 28), (68,), (2.5,), (68,), (2.5,))

104.    ((3,), (0.25,), (4,), (0.25,)):
('K.29 Musicalion', 'P1', 1, (61, 62), (6,), (4.25,), (6,), (4.25,))
('K.29 Musicalion', 'P1', 1, (77, 78), (7,), (4.25,), (7,), (4.25,))
('K.29 Musicalion', 'P1', 1, (129, 130), (10,), (4.25,), (10,), (4.25,))
('K.29 Musicalion', 'P1', 1, (141, 142), (11,), (4.25,), (11,), (4.25,))
('K.29 Musicalion', 'P1', 1, (157, 158), (12,), (4.25,), (12,), (4.25,))
('K.29 Musicalion', 'P1', 1, (310, 311), (25,), (4.25,), (25,), (4.25,))
('K.29 Musicalion', 'P1', 1, (326, 327), (26,), (4.25,), (26,), (4.25,))
('K.29 Musicalion', 'P1', 1, (685, 686), (64,), (4.25,), (64,), (4.25,))
('K.29 Musicalion', 'P1', 1, (906, 907), (87,), (4.25,), (87,), (4.25,))
('K.29 Musicalion', 'P1', 3, (303, 304), (68,), (4.25,), (68,), (4.25,))

105.    ((3,), (0.25,), (4,), (0.0,)):
('K.29 Musicalion', 'P1', 1, (344, 345), (27,), (4.0,), (27,), (4.0,))
('K.29 Musicalion', 'P1', 1, (410, 411), (34,), (4.0,), (34,), (4.0,))
('K.29 Musicalion', 'P1', 1, (426, 427), (35,), (4.0,), (35,), (4.0,))
('K.29 Musicalion', 'P1', 1, (442, 443), (36,), (4.0,), (36,), (4.0,))
('K.29 Musicalion', 'P1', 1, (458, 459), (37,), (4.0,), (37,), (4.0,))
('K.29 Musicalion', 'P1', 1, (585, 586), (53,), (4.0,), (53,), (4.0,))
('K.29 Musicalion', 'P1', 1, (617, 618), (55,), (4.0,), (55,), (4.0,))
('K.29 Musicalion', 'P1', 1, (633, 634), (56,), (4.0,), (56,), (4.0,))
('K.29 Musicalion', 'P1', 1, (826, 827), (79,), (4.0,), (79,), (4.0,))
('K.29 Musicalion', 'P1', 3, (206, 207), (48,), (4.0,), (48,), (4.0,))

106.    ((2,), (0.25,), (3,), (0.25,)):
('K.29 Musicalion', 'P1', 1, (201, 202), (15,), (3.25,), (15,), (3.25,))
('K.29 Musicalion', 'P1', 1, (407, 408), (34,), (3.25,), (34,), (3.25,))
('K.29 Musicalion', 'P1', 1, (512, 513), (44,), (3.25,), (44,), (3.25,))
('K.29 Musicalion', 'P1', 1, (630, 631), (56,), (3.25,), (56,), (3.25,))
('K.29 Musicalion', 'P1', 2, (71, 72), (44,), (3.25,), (44,), (3.25,))
('K.29 Musicalion', 'P1', 2, (95, 96), (52,), (3.25,), (52,), (3.25,))
('K.29 Musicalion', 'P1', 3, (29, 30), (5,), (3.25,), (5,), (3.25,))
('K.29 Musicalion', 'P1', 3, (195, 196), (46,), (3.25,), (46,), (3.25,))
('K.29 Musicalion', 'P1', 4, (23, 24), (67,), (3.25,), (67,), (3.25,))

107.    ((4,), (0.25,), (4,), (0.75,)):
('K.29 Musicalion', 'P1', 1, (63, 64), (6,), (4.75,), (6,), (4.75,))
('K.29 Musicalion', 'P1', 1, (79, 80), (7,), (4.75,), (7,), (4.75,))
('K.29 Musicalion', 'P1', 1, (143, 144), (11,), (4.75,), (11,), (4.75,))
('K.29 Musicalion', 'P1', 1, (687, 688), (64,), (4.75,), (64,), (4.75,))
('K.29 Musicalion', 'P1', 1, (703, 704), (65,), (4.75,), (65,), (4.75,))
('K.29 Musicalion', 'P1', 1, (719, 720), (66,), (4.75,), (66,), (4.75,))
('K.29 Musicalion', 'P1', 1, (735, 736), (67,), (4.75,), (67,), (4.75,))
('K.29 Musicalion', 'P1', 3, (163, 164), (41,), (4.75,), (41,), (4.75,))
('K.29 Musicalion', 'P1', 3, (408, 409), (87,), (4.75,), (87,), (4.75,))

108.    ((3,), (0.25,), (3,), (0.75,)):
('K.29 Musicalion', 'P1', 1, (409, 410), (34,), (3.75,), (34,), (3.75,))
('K.29 Musicalion', 'P1', 1, (425, 426), (35,), (3.75,), (35,), (3.75,))
('K.29 Musicalion', 'P1', 1, (441, 442), (36,), (3.75,), (36,), (3.75,))
('K.29 Musicalion', 'P1', 1, (457, 458), (37,), (3.75,), (37,), (3.75,))
('K.29 Musicalion', 'P1', 1, (584, 585), (53,), (3.75,), (53,), (3.75,))
('K.29 Musicalion', 'P1', 1, (632, 633), (56,), (3.75,), (56,), (3.75,))
('K.29 Musicalion', 'P1', 1, (888, 889), (86,), (3.75,), (86,), (3.75,))
('K.29 Musicalion', 'P1', 1, (904, 905), (87,), (3.75,), (87,), (3.75,))
('K.29 Musicalion', 'P1', 3, (144, 145), (40,), (3.75,), (40,), (3.75,))

109.    ((-2,), (0.5,), (4,), (0.0,)):
('K.29 Musicalion', 'P1', 1, (212, 213), (16,), (4.0,), (16,), (4.0,))
('K.29 Musicalion', 'P1', 1, (220, 221), (17,), (4.0,), (17,), (4.0,))
('K.29 Musicalion', 'P1', 1, (228, 229), (18,), (4.0,), (18,), (4.0,))
('K.29 Musicalion', 'P1', 1, (236, 237), (19,), (4.0,), (19,), (4.0,))
('K.29 Musicalion', 'P1', 1, (395, 396), (32,), (4.0,), (32,), (4.0,))
('K.29 Musicalion', 'P1', 1, (664, 665), (61,), (4.0,), (61,), (4.0,))
('K.29 Musicalion', 'P1', 2, (39, 40), (20,), (4.0,), (20,), (4.0,))
('K.29 Musicalion', 'P1', 3, (292, 293), (62,), (4.0,), (62,), (4.0,))

110.    ((3,), (0.25,), (4,), (0.5,)):
('K.29 Musicalion', 'P1', 1, (62, 63), (6,), (4.5,), (6,), (4.5,))
('K.29 Musicalion', 'P1', 1, (78, 79), (7,), (4.5,), (7,), (4.5,))
('K.29 Musicalion', 'P1', 1, (130, 131), (10,), (4.5,), (10,), (4.5,))
('K.29 Musicalion', 'P1', 1, (142, 143), (11,), (4.5,), (11,), (4.5,))
('K.29 Musicalion', 'P1', 1, (718, 719), (66,), (4.5,), (66,), (4.5,))
('K.29 Musicalion', 'P1', 1, (734, 735), (67,), (4.5,), (67,), (4.5,))
('K.29 Musicalion', 'P1', 3, (200, 201), (47,), (4.5,), (47,), (4.5,))
('K.29 Musicalion', 'P1', 3, (217, 218), (51,), (4.5,), (51,), (4.5,))

111.    ((3,), (0.25,), (1,), (0.25,)):
('K.29 Musicalion', 'P1', 1, (93, 94), (8,), (1.25,), (8,), (1.25,))
('K.29 Musicalion', 'P1', 1, (145, 146), (11,), (1.25,), (11,), (1.25,))
('K.29 Musicalion', 'P1', 1, (161, 162), (12,), (1.25,), (12,), (1.25,))
('K.29 Musicalion', 'P1', 1, (431, 432), (35,), (1.25,), (35,), (1.25,))
('K.29 Musicalion', 'P1', 1, (447, 448), (36,), (1.25,), (36,), (1.25,))
('K.29 Musicalion', 'P1', 1, (831, 832), (79,), (1.25,), (79,), (1.25,))
('K.29 Musicalion', 'P1', 3, (361, 362), (80,), (1.25,), (80,), (1.25,))
('K.29 Musicalion', 'P1', 3, (410, 411), (87,), (1.25,), (87,), (1.25,))

112.    ((3,), (0.25,), (3,), (0.5,)):
('K.29 Musicalion', 'P1', 1, (126, 127), (10,), (3.5,), (10,), (3.5,))
('K.29 Musicalion', 'P1', 1, (138, 139), (11,), (3.5,), (11,), (3.5,))
('K.29 Musicalion', 'P1', 1, (303, 304), (24,), (3.5,), (24,), (3.5,))
('K.29 Musicalion', 'P1', 1, (342, 343), (27,), (3.5,), (27,), (3.5,))
('K.29 Musicalion', 'P1', 1, (541, 542), (47,), (3.5,), (47,), (3.5,))
('K.29 Musicalion', 'P1', 1, (792, 793), (76,), (3.5,), (76,), (3.5,))
('K.29 Musicalion', 'P1', 3, (319, 320), (69,), (3.5,), (69,), (3.5,))

113.    ((-2,), (0.0,), (4,), (0.0,)):
('K.29 Musicalion', 'P1', 1, (211, 212), (16,), (4.0,), (16,), (4.0,))
('K.29 Musicalion', 'P1', 1, (219, 220), (17,), (4.0,), (17,), (4.0,))
('K.29 Musicalion', 'P1', 1, (227, 228), (18,), (4.0,), (18,), (4.0,))
('K.29 Musicalion', 'P1', 1, (235, 236), (19,), (4.0,), (19,), (4.0,))
('K.29 Musicalion', 'P1', 1, (663, 664), (61,), (4.0,), (61,), (4.0,))
('K.29 Musicalion', 'P1', 2, (41, 42), (24,), (4.0,), (24,), (4.0,))

114.    ((-3,), (0.25,), (2,), (0.0,)):
('K.29 Musicalion', 'P1', 1, (132, 133), (11,), (2.0,), (11,), (2.0,))
('K.29 Musicalion', 'P1', 1, (148, 149), (12,), (2.0,), (12,), (2.0,))
('K.29 Musicalion', 'P1', 1, (164, 165), (13,), (2.0,), (13,), (2.0,))
('K.29 Musicalion', 'P1', 1, (897, 898), (86,), (2.0,), (86,), (2.0,))
('K.29 Musicalion', 'P1', 2, (66, 67), (44,), (2.0,), (44,), (2.0,))
('K.29 Musicalion', 'P1', 3, (242, 243), (52,), (2.0,), (52,), (2.0,))

115.    ((2,), (0.25,), (2,), (0.5,)):
('K.29 Musicalion', 'P1', 1, (166, 167), (13,), (2.5,), (13,), (2.5,))
('K.29 Musicalion', 'P1', 1, (525, 526), (45,), (2.5,), (45,), (2.5,))
('K.29 Musicalion', 'P1', 1, (788, 789), (76,), (2.5,), (76,), (2.5,))
('K.29 Musicalion', 'P1', 1, (812, 813), (78,), (2.5,), (78,), (2.5,))
('K.29 Musicalion', 'P1', 2, (84, 85), (45,), (2.5,), (45,), (2.5,))
('K.29 Musicalion', 'P1', 3, (343, 344), (77,), (2.5,), (77,), (2.5,))

116.    ((-2,), (0.25,), (3,), (0.25,)):
('K.29 Musicalion', 'P1', 1, (270, 271), (22,), (3.25,), (22,), (3.25,))
('K.29 Musicalion', 'P1', 1, (528, 529), (45,), (3.25,), (45,), (3.25,))
('K.29 Musicalion', 'P1', 1, (870, 871), (84,), (3.25,), (84,), (3.25,))
('K.29 Musicalion', 'P1', 2, (87, 88), (45,), (3.25,), (45,), (3.25,))
('K.29 Musicalion', 'P1', 2, (193, 194), (84,), (3.25,), (84,), (3.25,))
('K.29 Musicalion', 'P1', 3, (157, 158), (41,), (3.25,), (41,), (3.25,))

117.    ((3,), (0.25,), (1,), (0.0,)):
('K.29 Musicalion', 'P1', 1, (275, 276), (22,), (1.0,), (22,), (1.0,))
('K.29 Musicalion', 'P1', 1, (277, 278), (23,), (1.0,), (23,), (1.0,))
('K.29 Musicalion', 'P1', 1, (547, 548), (48,), (1.0,), (48,), (1.0,))
('K.29 Musicalion', 'P1', 1, (720, 721), (66,), (1.0,), (66,), (1.0,))
('K.29 Musicalion', 'P1', 1, (736, 737), (67,), (1.0,), (67,), (1.0,))
('K.29 Musicalion', 'P1', 3, (149, 150), (40,), (1.0,), (40,), (1.0,))

118.    ((-2,), (1.0,), (3,), (0.0,)):
('K.29 Musicalion', 'P1', 1, (371, 372), (29,), (3.0,), (29,), (3.0,))
('K.29 Musicalion', 'P1', 1, (386, 387), (31,), (3.0,), (31,), (3.0,))
('K.29 Musicalion', 'P1', 1, (638, 639), (57,), (3.0,), (57,), (3.0,))
('K.29 Musicalion', 'P1', 1, (658, 659), (60,), (3.0,), (60,), (3.0,))
('K.29 Musicalion', 'P1', 2, (45, 46), (25,), (3.0,), (25,), (3.0,))

119.    ((-3,), (0.25,), (1,), (0.0,)):
('K.29 Musicalion', 'P1', 1, (160, 161), (12,), (1.0,), (12,), (1.0,))
('K.29 Musicalion', 'P1', 1, (176, 177), (13,), (1.0,), (13,), (1.0,))
('K.29 Musicalion', 'P1', 1, (501, 502), (42,), (1.0,), (42,), (1.0,))
('K.29 Musicalion', 'P1', 2, (58, 59), (43,), (1.0,), (43,), (1.0,))
('K.29 Musicalion', 'P1', 3, (164, 165), (41,), (1.0,), (41,), (1.0,))

120.    ((-2,), (0.5,), (3,), (0.5,)):
('K.29 Musicalion', 'P1', 1, (379, 380), (30,), (3.5,), (30,), (3.5,))
('K.29 Musicalion', 'P1', 1, (394, 395), (32,), (3.5,), (32,), (3.5,))
('K.29 Musicalion', 'P1', 1, (400, 401), (33,), (3.5,), (33,), (3.5,))
('K.29 Musicalion', 'P1', 2, (54, 55), (33,), (3.5,), (33,), (3.5,))
('K.29 Musicalion', 'P1', 3, (42, 43), (15,), (3.5,), (15,), (3.5,))

121.    ((2,), (0.25,), (4,), (0.25,)):
('K.29 Musicalion', 'P1', 1, (427, 428), (35,), (4.25,), (35,), (4.25,))
('K.29 Musicalion', 'P1', 1, (443, 444), (36,), (4.25,), (36,), (4.25,))
('K.29 Musicalion', 'P1', 1, (516, 517), (44,), (4.25,), (44,), (4.25,))
('K.29 Musicalion', 'P1', 2, (75, 76), (44,), (4.25,), (44,), (4.25,))
('K.29 Musicalion', 'P1', 3, (199, 200), (46,), (4.25,), (46,), (4.25,))

122.    ((4,), (0.25,), (2,), (0.25,)):
('K.29 Musicalion', 'P1', 1, (536, 537), (47,), (2.25,), (47,), (2.25,))
('K.29 Musicalion', 'P1', 1, (835, 836), (80,), (2.25,), (80,), (2.25,))
('K.29 Musicalion', 'P1', 2, (67, 68), (44,), (2.25,), (44,), (2.25,))
('K.29 Musicalion', 'P1', 3, (311, 312), (68,), (2.25,), (68,), (2.25,))
('K.29 Musicalion', 'P1', 3, (364, 365), (81,), (2.25,), (81,), (2.25,))

123.    ((2,), (0.25,), (1,), (0.0,)):
('K.29 Musicalion', 'P1', 1, (597, 598), (54,), (1.0,), (54,), (1.0,))
('K.29 Musicalion', 'P1', 1, (849, 850), (82,), (1.0,), (82,), (1.0,))
('K.29 Musicalion', 'P1', 2, (62, 63), (44,), (1.0,), (44,), (1.0,))
('K.29 Musicalion', 'P1', 2, (176, 177), (83,), (1.0,), (83,), (1.0,))
('K.29 Musicalion', 'P1', 3, (238, 239), (52,), (1.0,), (52,), (1.0,))

124.    ((4,), (0.25,), (3,), (0.25,)):
('K.29 Musicalion', 'P1', 1, (823, 824), (79,), (3.25,), (79,), (3.25,))
('K.29 Musicalion', 'P1', 1, (902, 903), (86,), (3.25,), (86,), (3.25,))
('K.29 Musicalion', 'P1', 3, (179, 180), (43,), (3.25,), (43,), (3.25,))
('K.29 Musicalion', 'P1', 3, (318, 319), (69,), (3.25,), (69,), (3.25,))
('K.29 Musicalion', 'P1', 3, (368, 369), (81,), (3.25,), (81,), (3.25,))

125.    ((-2,), (0.5,), (3,), (0.75,)):
('K.29 Musicalion', 'P1', 1, (750, 751), (70,), (3.75,), (70,), (3.75,))
('K.29 Musicalion', 'P1', 1, (765, 766), (72,), (3.75,), (72,), (3.75,))
('K.29 Musicalion', 'P1', 2, (160, 161), (73,), (3.75,), (73,), (3.75,))
('K.29 Musicalion', 'P1', 2, (167, 168), (74,), (3.75,), (74,), (3.75,))

126.    ((-2,), (0.5,), (4,), (0.5,)):
('K.29 Musicalion', 'P1', 1, (373, 374), (29,), (4.5,), (29,), (4.5,))
('K.29 Musicalion', 'P1', 1, (388, 389), (31,), (4.5,), (31,), (4.5,))
('K.29 Musicalion', 'P1', 2, (49, 50), (32,), (4.5,), (32,), (4.5,))
('K.29 Musicalion', 'P1', 3, (293, 294), (62,), (4.5,), (62,), (4.5,))

127.    ((-7,), (0.25,), (3,), (0.75,)):
('K.29 Musicalion', 'P1', 1, (139, 140), (11,), (3.75,), (11,), (3.75,))
('K.29 Musicalion', 'P1', 1, (256, 257), (21,), (3.75,), (21,), (3.75,))
('K.29 Musicalion', 'P1', 1, (825, 826), (79,), (3.75,), (79,), (3.75,))

128.    ((-3,), (0.25,), (4,), (0.75,)):
('K.29 Musicalion', 'P1', 1, (159, 160), (12,), (4.75,), (12,), (4.75,))
('K.29 Musicalion', 'P1', 1, (546, 547), (48,), (4.75,), (48,), (4.75,))
('K.29 Musicalion', 'P1', 1, (848, 849), (82,), (4.75,), (82,), (4.75,))

129.    ((2,), (0.5,), (2,), (0.0,)):
('K.29 Musicalion', 'P1', 1, (397, 398), (32,), (2.0,), (32,), (2.0,))
('K.29 Musicalion', 'P1', 1, (508, 509), (44,), (2.0,), (44,), (2.0,))
('K.29 Musicalion', 'P1', 1, (576, 577), (52,), (2.0,), (52,), (2.0,))

130.    ((1,), (0.25,), (1,), (0.25,)):
('K.29 Musicalion', 'P1', 1, (463, 464), (37,), (1.25,), (37,), (1.25,))
('K.29 Musicalion', 'P1', 1, (479, 480), (38,), (1.25,), (38,), (1.25,))
('K.29 Musicalion', 'P1', 1, (598, 599), (54,), (1.25,), (54,), (1.25,))

131.    ((-2,), (0.75,), (3,), (0.25,)):
('K.29 Musicalion', 'P1', 1, (679, 680), (63,), (3.25,), (63,), (3.25,))
('K.29 Musicalion', 'P1', 2, (109, 110), (60,), (3.25,), (60,), (3.25,))
('K.29 Musicalion', 'P1', 2, (121, 122), (61,), (3.25,), (61,), (3.25,))

132.    ((4,), (0.25,), (1,), (0.0,)):
('K.29 Musicalion', 'P1', 1, (261, 262), (21,), (1.0,), (21,), (1.0,))
('K.29 Musicalion', 'P1', 1, (494, 495), (39,), (1.0,), (39,), (1.0,))
('K.29 Musicalion', 'P1', 3, (360, 361), (80,), (1.0,), (80,), (1.0,))

133.    ((-5,), (0.25,), (1,), (0.25,)):
('K.29 Musicalion', 'P1', 1, (262, 263), (21,), (1.25,), (21,), (1.25,))
('K.29 Musicalion', 'P1', 1, (548, 549), (48,), (1.25,), (48,), (1.25,))
('K.29 Musicalion', 'P1', 3, (165, 166), (41,), (1.25,), (41,), (1.25,))

134.    ((8,), (0.25,), (3,), (0.5,)):
('K.29 Musicalion', 'P1', 1, (287, 288), (23,), (3.5,), (23,), (3.5,))
('K.29 Musicalion', 'P1', 1, (840, 841), (80,), (3.5,), (80,), (3.5,))
('K.29 Musicalion', 'P1', 3, (248, 249), (54,), (3.5,), (54,), (3.5,))

135.    ((-6,), (0.25,), (1,), (0.0,)):
('K.29 Musicalion', 'P1', 1, (313, 314), (25,), (1.0,), (25,), (1.0,))
('K.29 Musicalion', 'P1', 1, (329, 330), (26,), (1.0,), (26,), (1.0,))
('K.29 Musicalion', 'P1', 3, (409, 410), (87,), (1.0,), (87,), (1.0,))

136.    ((-6,), (0.25,), (3,), (0.5,)):
('K.29 Musicalion', 'P1', 1, (472, 473), (38,), (3.5,), (38,), (3.5,))
('K.29 Musicalion', 'P1', 1, (903, 904), (86,), (3.5,), (86,), (3.5,))
('K.29 Musicalion', 'P1', 3, (347, 348), (77,), (3.5,), (77,), (3.5,))

137.    ((4,), (0.5,), (4,), (0.5,)):
('K.29 Musicalion', 'P1', 1, (33, 34), (3,), (4.5,), (3,), (4.5,))
('K.29 Musicalion', 'P1', 1, (40, 41), (4,), (4.5,), (4,), (4.5,))
('K.29 Musicalion', 'P1', 4, (1, 2), (41,), (4.5,), (41,), (4.5,))

138.    ((1,), (2.0,), (3,), (0.75,)):
('K.29 Musicalion', 'P1', 1, (841, 842), (80,), (3.75,), (80,), (3.75,))
('K.29 Musicalion', 'P1', 1, (843, 844), (81,), (3.75,), (81,), (3.75,))
('K.29 Musicalion', 'P1', 4, (31, 32), (87,), (3.75,), (87,), (3.75,))

139.    ((1,), (2.0,), (2,), (0.0,)):
('K.29 Musicalion', 'P1', 2, (36, 37), (19,), (2.0,), (19,), (2.0,))
('K.29 Musicalion', 'P1', 2, (38, 39), (20,), (2.0,), (20,), (2.0,))
('K.29 Musicalion', 'P1', 2, (105, 106), (59,), (2.0,), (59,), (2.0,))

140.    ((1,), (0.5,), (4,), (0.0,)):
('K.29 Musicalion', 'P1', 1, (39, 40), (4,), (4.0,), (4,), (4.0,))
('K.29 Musicalion', 'P1', 1, (380, 381), (30,), (4.0,), (30,), (4.0,))

141.    ((5,), (0.25,), (1,), (0.75,)):
('K.29 Musicalion', 'P1', 1, (67, 68), (6,), (1.75,), (6,), (1.75,))
('K.29 Musicalion', 'P1', 1, (896, 897), (86,), (1.75,), (86,), (1.75,))

142.    ((-2,), (0.0,), (2,), (0.0,)):
('K.29 Musicalion', 'P1', 1, (239, 240), (20,), (2.0,), (20,), (2.0,))
('K.29 Musicalion', 'P1', 1, (654, 655), (60,), (2.0,), (60,), (2.0,))

143.    ((-8,), (0.25,), (1,), (0.5,)):
('K.29 Musicalion', 'P1', 1, (480, 481), (39,), (1.5,), (39,), (1.5,))
('K.29 Musicalion', 'P1', 1, (706, 707), (65,), (1.5,), (65,), (1.5,))

144.    ((5,), (0.25,), (3,), (0.25,)):
('K.29 Musicalion', 'P1', 1, (540, 541), (47,), (3.25,), (47,), (3.25,))
('K.29 Musicalion', 'P1', 1, (839, 840), (80,), (3.25,), (80,), (3.25,))

145.    ((4,), (0.25,), (1,), (0.5,)):
('K.29 Musicalion', 'P1', 1, (557, 558), (48,), (1.5,), (48,), (1.5,))
('K.29 Musicalion', 'P1', 1, (895, 896), (86,), (1.5,), (86,), (1.5,))

146.    ((2,), (0.5,), (1,), (0.25,)):
('K.29 Musicalion', 'P1', 1, (752, 753), (70,), (1.25,), (70,), (1.25,))
('K.29 Musicalion', 'P1', 1, (774, 775), (73,), (1.25,), (73,), (1.25,))

147.    ((2,), (0.5,), (3,), (0.25,)):
('K.29 Musicalion', 'P1', 1, (772, 773), (73,), (3.25,), (73,), (3.25,))
('K.29 Musicalion', 'P1', 1, (853, 854), (83,), (3.25,), (83,), (3.25,))

148.    ((-3,), (1.5,), (3,), (0.75,)):
('K.29 Musicalion', 'P1', 1, (773, 774), (73,), (3.75,), (73,), (3.75,))
('K.29 Musicalion', 'P1', 1, (779, 780), (74,), (3.75,), (74,), (3.75,))

149.    ((-2,), (1.0,), (4,), (0.0,)):
('K.29 Musicalion', 'P1', 1, (659, 660), (60,), (4.0,), (60,), (4.0,))
('K.29 Musicalion', 'P1', 2, (13, 14), (7,), (4.0,), (7,), (4.0,))

150.    ((-2,), (1.0,), (2,), (0.0,)):
('K.29 Musicalion', 'P1', 1, (661, 662), (61,), (2.0,), (61,), (2.0,))
('K.29 Musicalion', 'P1', 2, (52, 53), (32,), (2.0,), (32,), (2.0,))

151.    ((-3,), (0.25,), (3,), (0.5,)):
('K.29 Musicalion', 'P1', 1, (114, 115), (9,), (3.5,), (9,), (3.5,))
('K.29 Musicalion', 'P1', 3, (196, 197), (46,), (3.5,), (46,), (3.5,))

152.    ((4,), (0.25,), (2,), (0.5,)):
('K.29 Musicalion', 'P1', 1, (134, 135), (11,), (2.5,), (11,), (2.5,))
('K.29 Musicalion', 'P1', 3, (286, 287), (62,), (2.5,), (62,), (2.5,))

153.    ((1,), (0.5,), (3,), (0.5,)):
('K.29 Musicalion', 'P1', 1, (242, 243), (20,), (3.5,), (20,), (3.5,))
('K.29 Musicalion', 'P1', 3, (125, 126), (33,), (3.5,), (33,), (3.5,))

154.    ((-4,), (0.25,), (2,), (0.25,)):
('K.29 Musicalion', 'P1', 1, (353, 354), (27,), (2.25,), (27,), (2.25,))
('K.29 Musicalion', 'P1', 3, (285, 286), (62,), (2.25,), (62,), (2.25,))

155.    ((-8,), (0.25,), (4,), (0.25,)):
('K.29 Musicalion', 'P1', 1, (459, 460), (37,), (4.25,), (37,), (4.25,))
('K.29 Musicalion', 'P1', 3, (146, 147), (40,), (4.25,), (40,), (4.25,))

156.    ((4,), (0.25,), (1,), (0.25,)):
('K.29 Musicalion', 'P1', 1, (502, 503), (42,), (1.25,), (42,), (1.25,))
('K.29 Musicalion', 'P1', 3, (375, 376), (81,), (1.25,), (81,), (1.25,))

157.    ((7,), (1.5,), (4,), (0.5,)):
('K.29 Musicalion', 'P1', 1, (507, 508), (44,), (4.5,), (44,), (4.5,))
('K.29 Musicalion', 'P1', 3, (252, 253), (57,), (4.5,), (57,), (4.5,))

158.    ((2,), (0.5,), (4,), (0.25,)):
('K.29 Musicalion', 'P1', 1, (666, 667), (62,), (4.25,), (62,), (4.25,))
('K.29 Musicalion', 'P1', 3, (385, 386), (82,), (4.25,), (82,), (4.25,))

159.    ((-4,), (0.25,), (3,), (0.25,)):
('K.29 Musicalion', 'P1', 1, (729, 730), (66,), (3.25,), (66,), (3.25,))
('K.29 Musicalion', 'P1', 3, (289, 290), (62,), (3.25,), (62,), (3.25,))

160.    ((4,), (1.0,), (2,), (0.5,)):
('K.29 Musicalion', 'P1', 1, (37, 38), (4,), (2.5,), (4,), (2.5,))
('K.29 Musicalion', 'P1', 4, (4, 5), (42,), (2.5,), (42,), (2.5,))

161.    ((1,), (1.0,), (4,), (0.5,)):
('K.29 Musicalion', 'P1', 1, (229, 230), (18,), (4.5,), (18,), (4.5,))
('K.29 Musicalion', 'P1', 4, (19, 20), (48,), (4.5,), (48,), (4.5,))

162.    ((2,), (0.5,), (3,), (0.0,)):
('K.29 Musicalion', 'P1', 1, (504, 505), (43,), (3.0,), (43,), (3.0,))
('K.29 Musicalion', 'P1', 4, (15, 16), (46,), (3.0,), (46,), (3.0,))

163.    ((1,), (2.0,), (4,), (0.0,)):
('K.29 Musicalion', 'P1', 2, (34, 35), (17,), (4.0,), (17,), (4.0,))
('K.29 Musicalion', 'P1', 2, (37, 38), (19,), (4.0,), (19,), (4.0,))

164.    ((1,), (0.5,), (3,), (0.0,)):
('K.29 Musicalion', 'P1', 3, (41, 42), (15,), (3.0,), (15,), (3.0,))
('K.29 Musicalion', 'P1', 3, (124, 125), (33,), (3.0,), (33,), (3.0,))

165.    (((5, 1),), ((0.0, 0.5),), (4,), (0.0,)):
('K.29 Musicalion', 'P1', 3, (48, 49), (16,), (4.0,), (16,), (4.0,))
('K.29 Musicalion', 'P1', 3, (273, 274), (60,), (4.0,), (60,), (4.0,))

166.    (((5, 2, 1),), ((0.0, 0.0, 0.5),), (2,), (0.0,)):
('K.29 Musicalion', 'P1', 3, (52, 53), (17,), (2.0,), (17,), (2.0,))
('K.29 Musicalion', 'P1', 3, (277, 278), (61,), (2.0,), (61,), (2.0,))

167.    (((5, 1),), ((0.0, 0.5),), (3,), (0.5,)):
('K.29 Musicalion', 'P1', 3, (93, 94), (29,), (3.5,), (29,), (3.5,))
('K.29 Musicalion', 'P1', 3, (256, 257), (58,), (3.5,), (58,), (3.5,))

168.    (((3, 4, 1),), ((0.0, 0.0, 0.5),), (2,), (0.0,)):
('K.29 Musicalion', 'P1', 3, (106, 107), (30,), (2.0,), (30,), (2.0,))
('K.29 Musicalion', 'P1', 3, (269, 270), (60,), (2.0,), (60,), (2.0,))

169.    (((4, 2, 1),), ((0.0, 0.0, 0.5),), (2,), (0.0,)):
('K.29 Musicalion', 'P1', 3, (122, 123), (32,), (2.0,), (32,), (2.0,))
('K.29 Musicalion', 'P1', 3, (261, 262), (59,), (2.0,), (59,), (2.0,))

170.    ((4,), (0.25,), (3,), (0.5,)):
('K.29 Musicalion', 'P1', 3, (204, 205), (48,), (3.5,), (48,), (3.5,))
('K.29 Musicalion', 'P1', 3, (290, 291), (62,), (3.5,), (62,), (3.5,))

171.    ((-6,), (0.25,), (3,), (0.75,)):
('K.29 Musicalion', 'P1', 3, (205, 206), (48,), (3.75,), (48,), (3.75,))
('K.29 Musicalion', 'P1', 3, (320, 321), (69,), (3.75,), (69,), (3.75,))

172.    (((5, 1),), ((0.0, 0.5),), (3,), (0.0,)):
('K.29 Musicalion', 'P1', 3, (255, 256), (58,), (3.0,), (58,), (3.0,))
('K.29 Musicalion', 'P1', 3, (279, 280), (61,), (3.0,), (61,), (3.0,))

173.    (((5, 4, 1),), ((0.0, 0.0, 2.0),), (3,), (0.75,)):
('K.29 Musicalion', 'P1', 3, (327, 328), (73,), (3.75,), (73,), (3.75,))
('K.29 Musicalion', 'P1', 3, (329, 330), (74,), (3.75,), (74,), (3.75,))

174.    ((1,), (1.0,), (1,), (0.75,)):
('K.29 Musicalion', 'P1', 3, (330, 331), (75,), (1.75,), (75,), (1.75,))
('K.29 Musicalion', 'P1', 3, (406, 407), (86,), (1.75,), (86,), (1.75,))

175.    ((-5,), (1.0,), (3,), (0.5,)):
('K.29 Musicalion', 'P1', 3, (89, 90), (28,), (3.5,), (28,), (3.5,))
('K.29 Musicalion', 'P1', 4, (24, 25), (68,), (3.5,), (68,), (3.5,))

176.    ((1,), (1.0,), (1,), (0.5,)):
('K.29 Musicalion', 'P1', 4, (3, 4), (42,), (1.5,), (42,), (1.5,))
('K.29 Musicalion', 'P1', 4, (20, 21), (48,), (1.5,), (48,), (1.5,))

