1 .    ('nomes', 'K.22 Musicalion') 

2 .    ('quantidade', 1) 

3 .    ('analise', 'sequÍncias IntDiaDurPtempo sem contidos e intercalados') 

1 .    (((-2, -2, -2, -2, -2, -2, -8, 2, 3, 2), (0.25, 0.25, 0.25, 0.25, 0.25, 0.25, 0.5, 0.5, 0.5, 0.5), 0.25), [[('K.22 Musicalion', 'P1', 3, (221, 231), (52, 2.25), (53, 1.25)), ('K.22 Musicalion', 'P1', 3, (232, 242), (54, 2.25), (55, 1.25))], [('K.22 Musicalion', 'P1', 3, (251, 261), (58, 2.25), (59, 1.25)), ('K.22 Musicalion', 'P1', 3, (262, 272), (60, 2.25), (61, 1.25))]]) 

2 .    (((-2, -2, 2, -3, 2, -3, 7), (0.25, 0.25, 0.25, 0.25, 0.25, 0.25, 0.25), 0.0), [[('K.22 Musicalion', 'P1', 2, (1, 8), (22, 2.0), (22, 1.5)), ('K.22 Musicalion', 'P1', 2, (9, 16), (23, 2.0), (23, 1.5))], [('K.22 Musicalion', 'P1', 2, (25, 32), (26, 2.0), (26, 1.5)), ('K.22 Musicalion', 'P1', 2, (33, 40), (27, 2.0), (27, 1.5))]]) 

3 .    (((2, -3, 2), (0.25, 0.25, 0.25), 0.0), [[('K.22 Musicalion', 'P1', 2, (49, 52), (32, 2.0), (32, 2.5)), ('K.22 Musicalion', 'P1', 2, (53, 56), (32, 1.0), (32, 1.5)), ('K.22 Musicalion', 'P1', 2, (57, 60), (33, 2.0), (33, 2.5))], [('K.22 Musicalion', 'P1', 2, (102, 105), (74, 2.0), (74, 2.5)), ('K.22 Musicalion', 'P1', 2, (106, 109), (74, 1.0), (74, 1.5)), ('K.22 Musicalion', 'P1', 2, (110, 113), (75, 2.0), (75, 2.5))], [('K.22 Musicalion', 'P1', 2, (118, 121), (76, 2.0), (76, 2.5)), ('K.22 Musicalion', 'P1', 2, (122, 125), (76, 1.0), (76, 1.5))]]) 

4 .    (((-2, -2, -2), (0.25, 0.25, 0.25), 0.75), [[('K.22 Musicalion', 'P1', 1, (178, 181), (40, 2.75), (40, 1.25)), ('K.22 Musicalion', 'P1', 1, (182, 185), (41, 1.75), (41, 2.25))], [('K.22 Musicalion', 'P1', 1, (357, 360), (68, 2.75), (68, 1.25)), ('K.22 Musicalion', 'P1', 1, (361, 364), (69, 1.75), (69, 2.25))], [('K.22 Musicalion', 'P1', 1, (399, 402), (77, 1.75), (77, 2.25)), ('K.22 Musicalion', 'P1', 1, (403, 406), (77, 2.75), (77, 1.25))], [('K.22 Musicalion', 'P1', 3, (174, 177), (41, 1.75), (41, 2.25)), ('K.22 Musicalion', 'P1', 3, (178, 181), (41, 2.75), (41, 1.25))]]) 

5 .    (((-2, -2, -2), (0.25, 0.25, 0.25), 0.0), [[('K.22 Musicalion', 'P1', 1, (64, 67), (12, 1.0), (12, 1.5)), ('K.22 Musicalion', 'P1', 1, (68, 71), (13, 2.0), (13, 2.5))], [('K.22 Musicalion', 'P1', 3, (44, 47), (12, 1.0), (12, 1.5)), ('K.22 Musicalion', 'P1', 3, (48, 51), (13, 2.0), (13, 2.5))]]) 

6 .    (((-3, 2, -3), (0.25, 0.25, 0.25), 0.75), [[('K.22 Musicalion', 'P1', 2, (64, 67), (34, 1.75), (34, 2.25)), ('K.22 Musicalion', 'P1', 2, (68, 71), (34, 2.75), (34, 1.25))], [('K.22 Musicalion', 'P1', 2, (117, 120), (76, 1.75), (76, 2.25)), ('K.22 Musicalion', 'P1', 2, (121, 124), (76, 2.75), (76, 1.25))]]) 

7 .    (((6, -7, 6), (0.25, 0.25, 0.25), 0.75), [[('K.22 Musicalion', 'P1', 3, (91, 94), (19, 2.75), (19, 1.25)), ('K.22 Musicalion', 'P1', 3, (95, 98), (20, 1.75), (20, 2.25))], [('K.22 Musicalion', 'P1', 3, (280, 283), (63, 2.75), (63, 1.25)), ('K.22 Musicalion', 'P1', 3, (284, 287), (64, 1.75), (64, 2.25))], [('K.22 Musicalion', 'P1', 3, (296, 299), (65, 2.75), (65, 1.25)), ('K.22 Musicalion', 'P1', 3, (300, 303), (66, 1.75), (66, 2.25))], [('K.22 Musicalion', 'P1', 3, (312, 315), (67, 2.75), (67, 1.25)), ('K.22 Musicalion', 'P1', 3, (316, 319), (68, 1.75), (68, 2.25))]]) 

