1.    nomes:
K.114 KernScores

2.    quantidade:
1

3.    analise:
[('intDia', 'p1p2')] SemContInte Distancia: 0

1.    ((-4, 2, -4, 2, -4, 2, -2, 2, -2, 2, -2, 7, -4, 2, -4, 2, -4, 2, -2, 2, -2, 2, -2, 7, -4, 2, -4, 2, -4, 2, -2, 2, -2, 2, -2, 7, -4, 2, -4, 2, -4, 2),):
('K.114 KernScores', 'P1', 1, (228, 270), (46,), (1.0,), (52,), (3.5,))
('K.114 KernScores', 'P1', 1, (545, 587), (132,), (1.0,), (138,), (3.5,))

2.    ((6, -2, -2, -4, 6, -2, -2, -4, -3, (3, -2), (3, -2), (3, -4), 6, (3, -2), (3, -2), (3, -4), 8, (6, -2), (6, -2), (6, 3), 2, -3, 2, -4, 2, -3, 2, -3, 2, -4, 2, -3, 2, -3, 2, -3, 2, -2, 2, -3),):
('K.114 KernScores', 'P1', 1, (1, 41), (1,), (1.5,), (9,), (2.5,))
('K.114 KernScores', 'P1', 1, (42, 82), (10,), (1.5,), (18,), (3.0,))

3.    ((4, -2, -2, -2, -2, -2, -2, -2, -2, -2, -2, 1, 4, -2, -2, -2, -2, -2, -2, -2, -2, -2, -2, 1, 4, -2, -2, -2, -2, -2, -2, -2, -2, -2, -2, 11, 4, 2, -8),):
('K.114 KernScores', 'P2', 1, (210, 249), (70,), (1.5,), (77,), (2.0,))
('K.114 KernScores', 'P2', 1, (250, 289), (78,), (1.5,), (85,), (2.0,))

4.    ((2, 2, 2, 2, 2, -3, 4, -3, 4, -3, 4, -3, 4, -3, 4, -3, 4, -3, 4, -3, 4, -3, 4, -3, 4, -3, 4, -3, 4, -8, 3, 2, 2, -8),):
('K.114 KernScores', 'P2', 1, (527, 561), (159,), (1.5,), (165,), (2.0,))
('K.114 KernScores', 'P2', 1, (562, 596), (166,), (1.5,), (172,), (2.0,))

5.    ((-8, 5, -8, 4, 1, 5, -8, 4, 1, 5, -8, 4, 1, 5, -8, 4, 1, 5, -8, 4, 4, -5, 2, 2, 2, 2, 2, -8, 4),):
('K.114 KernScores', 'P2', 1, (0, 29), (1,), (1.0,), (8,), (3.0,))
('K.114 KernScores', 'P2', 1, (30, 59), (10,), (1.0,), (17,), (3.0,))

6.    (((3, 1), (3, 1), (3, 1), (2, 1), (2, 1), (2, -2), (3, 1), (3, 1), (3, 1), (2, 1), (2, 1), (2, -2), (3, 1), (3, 1), (3, 1), (2, 1), (2, 1), (2, -2), (3, 1), (3, 1), (3, 2), 1),):
('K.114 KernScores', 'P2', 1, (139, 161), (46,), (1.0,), (53,), (1.0,))
('K.114 KernScores', 'P2', 1, (437, 459), (132,), (1.0,), (139,), (1.0,))

7.    ((2, -2, 3, 2, -4, 2, -2, 5, 2, -6, 2, -2, 6, 2, -7, 2, -2, 7, 2),):
('K.114 KernScores', 'P1', 1, (83, 102), (19,), (1.5,), (22,), (3.0,))
('K.114 KernScores', 'P1', 1, (103, 122), (23,), (1.5,), (26,), (3.0,))

8.    ((-2, -2, -2, 2, -3, 2, 3, -2, -2, -2, -2, 6, 1),):
('K.114 KernScores', 'P1', 1, (350, 363), (76,), (1.0,), (78,), (1.0,))
('K.114 KernScores', 'P1', 1, (667, 680), (164,), (1.0,), (166,), (1.0,))

9.    ((2, -4, 4, -2, -2, -2, -2, -2, -2, -2, 2, -3, 2),):
('K.114 KernScores', 'P1', 1, (374, 387), (85,), (3.5,), (87,), (3.5,))
('K.114 KernScores', 'P1', 1, (708, 721), (174,), (3.5,), (176,), (3.5,))

10.    ((-2, -2, -2, -2, 2, 3, -2, -2, -2, -2, -2),):
('K.114 KernScores', 'P1', 1, (642, 653), (150,), (1.5,), (151,), (3.5,))
('K.114 KernScores', 'P1', 1, (654, 665), (152,), (1.5,), (153,), (3.5,))

11.    ((1, -3, (3, 1), (3, 1), (3, -2), (4, 1), (4, -2), -2, (6, 1), (6, -2), (7, -2)),):
('K.114 KernScores', 'P2', 1, (61, 72), (19,), (2.0,), (22,), (3.0,))
('K.114 KernScores', 'P2', 1, (73, 84), (23,), (2.0,), (26,), (3.0,))

12.    ((-2, -2, -2, -2, -2, -2, -2, -2, -2, -2),):
('K.114 KernScores', 'P1', 1, (648, 658), (151,), (1.5,), (152,), (3.0,))
('K.114 KernScores', 'P2', 1, (211, 221), (70,), (2.0,), (71,), (3.5,))
('K.114 KernScores', 'P2', 1, (223, 233), (72,), (2.0,), (73,), (3.5,))
('K.114 KernScores', 'P2', 1, (235, 245), (74,), (2.0,), (75,), (3.5,))
('K.114 KernScores', 'P2', 1, (251, 261), (78,), (2.0,), (79,), (3.5,))
('K.114 KernScores', 'P2', 1, (263, 273), (80,), (2.0,), (81,), (3.5,))
('K.114 KernScores', 'P2', 1, (275, 285), (82,), (2.0,), (83,), (3.5,))
('K.114 KernScores', 'P2', 1, (504, 514), (155,), (2.0,), (156,), (3.5,))
('K.114 KernScores', 'P2', 1, (516, 526), (157,), (2.0,), (158,), (3.5,))

13.    ((-2, -2, -2, 2, -2, -2, -2, -2, -2, -2),):
('K.114 KernScores', 'P1', 1, (124, 134), (27,), (2.0,), (28,), (3.5,))
('K.114 KernScores', 'P1', 1, (510, 520), (120,), (2.0,), (126,), (1.0,))

14.    ((-2, -2, -2, -2, -2, 6, -2, -2, -2, -2),):
('K.114 KernScores', 'P1', 1, (321, 331), (63,), (1.5,), (64,), (3.0,))
('K.114 KernScores', 'P1', 1, (333, 343), (65,), (1.5,), (66,), (3.0,))

15.    ((2, -2, 6, 2, -5, 2, -2, 5, 2, -8),):
('K.114 KernScores', 'P1', 1, (440, 450), (107,), (1.5,), (108,), (3.5,))
('K.114 KernScores', 'P1', 1, (450, 460), (109,), (1.5,), (110,), (3.5,))

16.    (((4, 3, 1), (4, 3, 1), (5, 1), (5, 1), (4, 1), (4, 1), (3, 1), (3, -2), (3, 1), (3, 1)),):
('K.114 KernScores', 'P2', 1, (303, 313), (91,), (2.0,), (95,), (3.0,))
('K.114 KernScores', 'P2', 1, (319, 329), (99,), (2.0,), (103,), (3.0,))

17.    ((-2, 2, 2, 2, 2, -2, -2, 2, -2),):
('K.114 KernScores', 'P1', 1, (136, 145), (29,), (2.0,), (30,), (3.75,))
('K.114 KernScores', 'P1', 1, (147, 156), (31,), (2.0,), (32,), (3.75,))

18.    ((-4, -3, -3, -2, 1, 2, -2, 4, 2),):
('K.114 KernScores', 'P1', 1, (477, 486), (114,), (1.0,), (115,), (3.0,))
('K.114 KernScores', 'P1', 1, (487, 496), (116,), (1.0,), (117,), (3.0,))

19.    (((3, 1), (5, 1), (3, 1), (4, 1), (4, 1), (4, 1), (3, 1), (5, 1)),):
('K.114 KernScores', 'P2', 1, (118, 126), (39,), (1.0,), (41,), (2.0,))
('K.114 KernScores', 'P2', 1, (130, 138), (43,), (1.0,), (45,), (2.0,))

20.    ((-2, 3, -2, -2, -6, 1),):
('K.114 KernScores', 'P1', 2, (3, 9), (1,), (3.5,), (3,), (2.0,))
('K.114 KernScores', 'P1', 2, (10, 16), (10,), (3.5,), (12,), (2.0,))

21.    ((2, 2, 2, 2, -2),):
('K.114 KernScores', 'P1', 1, (137, 142), (29,), (3.5,), (30,), (1.5,))
('K.114 KernScores', 'P1', 1, (148, 153), (31,), (3.5,), (32,), (1.5,))
('K.114 KernScores', 'P2', 1, (85, 90), (27,), (2.0,), (28,), (3.0,))

22.    ((8, -2, -2, -2, -2),):
('K.114 KernScores', 'P1', 1, (399, 404), (90,), (1.0,), (94,), (1.0,))
('K.114 KernScores', 'P1', 2, (16, 21), (13,), (2.0,), (102,), (1.0,))

23.    ((-4, -3, -3, -4, -3),):
('K.114 KernScores', 'P1', 1, (344, 349), (67,), (1.0,), (67,), (3.0,))
('K.114 KernScores', 'P2', 1, (203, 208), (68,), (1.0,), (68,), (3.0,))

24.    (((4, 3, 1), (4, 3, 1), (4, 3, -2), (3, 4, 1), (3, 4, 1)),):
('K.114 KernScores', 'P2', 1, (163, 168), (54,), (1.0,), (55,), (2.0,))
('K.114 KernScores', 'P2', 1, (169, 174), (56,), (1.0,), (57,), (2.0,))

25.    ((-2, -2, -2, -2),):
('K.114 KernScores', 'P1', 1, (122, 126), (26,), (3.5,), (27,), (2.5,))
('K.114 KernScores', 'P1', 1, (128, 132), (28,), (1.0,), (28,), (2.5,))
('K.114 KernScores', 'P1', 1, (321, 325), (63,), (1.5,), (63,), (3.0,))
('K.114 KernScores', 'P1', 1, (327, 331), (64,), (1.5,), (64,), (3.0,))
('K.114 KernScores', 'P1', 1, (333, 337), (65,), (1.5,), (65,), (3.0,))
('K.114 KernScores', 'P1', 1, (339, 343), (66,), (1.5,), (66,), (3.0,))
('K.114 KernScores', 'P1', 1, (357, 361), (77,), (1.5,), (77,), (3.0,))
('K.114 KernScores', 'P1', 1, (370, 374), (85,), (1.5,), (85,), (3.0,))
('K.114 KernScores', 'P1', 1, (377, 381), (86,), (2.0,), (86,), (3.5,))
('K.114 KernScores', 'P1', 1, (389, 393), (88,), (2.0,), (88,), (3.5,))
('K.114 KernScores', 'P1', 1, (400, 404), (91,), (1.0,), (94,), (1.0,))
('K.114 KernScores', 'P1', 1, (433, 437), (104,), (2.0,), (105,), (2.0,))
('K.114 KernScores', 'P1', 1, (514, 518), (121,), (1.0,), (124,), (1.0,))
('K.114 KernScores', 'P1', 1, (527, 531), (128,), (1.5,), (128,), (3.0,))
('K.114 KernScores', 'P1', 1, (533, 537), (129,), (1.5,), (129,), (3.0,))
('K.114 KernScores', 'P1', 1, (539, 543), (130,), (1.5,), (130,), (3.0,))
('K.114 KernScores', 'P1', 1, (642, 646), (150,), (1.5,), (150,), (3.0,))
('K.114 KernScores', 'P1', 1, (648, 652), (151,), (1.5,), (151,), (3.0,))
('K.114 KernScores', 'P1', 1, (652, 656), (151,), (3.5,), (152,), (2.0,))
('K.114 KernScores', 'P1', 1, (660, 664), (153,), (1.5,), (153,), (3.0,))
('K.114 KernScores', 'P1', 1, (674, 678), (165,), (1.5,), (165,), (3.0,))
('K.114 KernScores', 'P1', 1, (692, 696), (172,), (1.5,), (172,), (3.0,))
('K.114 KernScores', 'P1', 1, (699, 703), (173,), (2.0,), (173,), (3.5,))
('K.114 KernScores', 'P1', 1, (711, 715), (175,), (2.0,), (175,), (3.5,))
('K.114 KernScores', 'P1', 2, (17, 21), (99,), (1.0,), (102,), (1.0,))
('K.114 KernScores', 'P2', 1, (211, 215), (70,), (2.0,), (70,), (3.5,))
('K.114 KernScores', 'P2', 1, (215, 219), (71,), (1.0,), (71,), (2.5,))
('K.114 KernScores', 'P2', 1, (223, 227), (72,), (2.0,), (72,), (3.5,))
('K.114 KernScores', 'P2', 1, (227, 231), (73,), (1.0,), (73,), (2.5,))
('K.114 KernScores', 'P2', 1, (235, 239), (74,), (2.0,), (74,), (3.5,))
('K.114 KernScores', 'P2', 1, (239, 243), (75,), (1.0,), (75,), (2.5,))
('K.114 KernScores', 'P2', 1, (251, 255), (78,), (2.0,), (78,), (3.5,))
('K.114 KernScores', 'P2', 1, (255, 259), (79,), (1.0,), (79,), (2.5,))
('K.114 KernScores', 'P2', 1, (263, 267), (80,), (2.0,), (80,), (3.5,))
('K.114 KernScores', 'P2', 1, (267, 271), (81,), (1.0,), (81,), (2.5,))
('K.114 KernScores', 'P2', 1, (275, 279), (82,), (2.0,), (82,), (3.5,))
('K.114 KernScores', 'P2', 1, (279, 283), (83,), (1.0,), (83,), (2.5,))
('K.114 KernScores', 'P2', 1, (504, 508), (155,), (2.0,), (155,), (3.5,))
('K.114 KernScores', 'P2', 1, (508, 512), (156,), (1.0,), (156,), (2.5,))
('K.114 KernScores', 'P2', 1, (516, 520), (157,), (2.0,), (157,), (3.5,))
('K.114 KernScores', 'P2', 1, (520, 524), (158,), (1.0,), (158,), (2.5,))

26.    ((-2, -2, 3, -2),):
('K.114 KernScores', 'P1', 1, (207, 211), (42,), (2.5,), (43,), (1.0,))
('K.114 KernScores', 'P1', 1, (219, 223), (44,), (2.5,), (45,), (1.0,))
('K.114 KernScores', 'P1', 2, (2, 6), (1,), (2.0,), (2,), (2.0,))

27.    ((-3, -2, (6, 2), -8),):
('K.114 KernScores', 'P2', 1, (91, 95), (29,), (2.0,), (30,), (2.0,))
('K.114 KernScores', 'P2', 1, (97, 101), (31,), (2.0,), (32,), (2.0,))

28.    ((8, -6, 6, -2),):
('K.114 KernScores', 'P2', 1, (426, 430), (127,), (1.0,), (128,), (1.0,))
('K.114 KernScores', 'P2', 1, (431, 435), (129,), (1.0,), (130,), (1.0,))

29.    ((3, 2, 2),):
('K.114 KernScores', 'P1', 1, (163, 166), (35,), (1.5,), (35,), (2.5,))
('K.114 KernScores', 'P1', 1, (175, 178), (37,), (1.5,), (37,), (2.5,))
('K.114 KernScores', 'P1', 1, (187, 190), (39,), (1.5,), (39,), (2.5,))
('K.114 KernScores', 'P1', 1, (199, 202), (41,), (1.5,), (41,), (2.5,))
('K.114 KernScores', 'P1', 1, (211, 214), (43,), (1.5,), (43,), (2.5,))
('K.114 KernScores', 'P2', 1, (557, 560), (164,), (2.0,), (165,), (1.0,))
('K.114 KernScores', 'P2', 1, (592, 595), (171,), (2.0,), (172,), (1.0,))
('K.114 KernScores', 'P2', 1, (604, 607), (175,), (2.0,), (176,), (1.0,))

30.    ((-3, -3, -2),):
('K.114 KernScores', 'P1', 1, (276, 279), (54,), (2.0,), (54,), (3.0,))
('K.114 KernScores', 'P1', 1, (286, 289), (56,), (2.0,), (56,), (3.0,))
('K.114 KernScores', 'P1', 1, (314, 317), (61,), (3.0,), (62,), (2.0,))
('K.114 KernScores', 'P2', 1, (90, 93), (29,), (1.0,), (29,), (3.0,))

31.    ((3, 4, 3),):
('K.114 KernScores', 'P1', 1, (622, 625), (145,), (1.5,), (145,), (2.5,))
('K.114 KernScores', 'P1', 1, (634, 637), (148,), (1.5,), (148,), (2.5,))
('K.114 KernScores', 'P1', 1, (638, 641), (149,), (1.5,), (149,), (2.5,))

32.    ((4, 3, 3),):
('K.114 KernScores', 'P1', 1, (626, 629), (146,), (1.5,), (146,), (2.5,))
('K.114 KernScores', 'P1', 1, (630, 633), (147,), (1.5,), (147,), (2.5,))

33.    ((2, 1, -2),):
('K.114 KernScores', 'P1', 1, (134, 137), (29,), (1.0,), (29,), (2.0,))
('K.114 KernScores', 'P2', 1, (466, 469), (141,), (3.0,), (142,), (2.0,))

34.    (((3, -2), (3, -3), (5, 4)),):
('K.114 KernScores', 'P2', 1, (372, 375), (119,), (1.0,), (119,), (3.0,))
('K.114 KernScores', 'P2', 1, (375, 378), (120,), (1.0,), (120,), (3.0,))

35.    (((3, 2, 1), (3, 2, 1), (3, 2, -2)),):
('K.114 KernScores', 'P2', 1, (476, 479), (145,), (1.0,), (145,), (3.0,))
('K.114 KernScores', 'P2', 1, (482, 485), (147,), (1.0,), (147,), (3.0,))

36.    ((2, -3),):
('K.114 KernScores', 'P1', 1, (21, 23), (6,), (1.5,), (6,), (2.0,))
('K.114 KernScores', 'P1', 1, (25, 27), (6,), (3.5,), (7,), (1.0,))
('K.114 KernScores', 'P1', 1, (27, 29), (7,), (1.5,), (7,), (2.0,))
('K.114 KernScores', 'P1', 1, (31, 33), (7,), (3.5,), (8,), (1.0,))
('K.114 KernScores', 'P1', 1, (33, 35), (8,), (1.5,), (8,), (2.0,))
('K.114 KernScores', 'P1', 1, (35, 37), (8,), (2.5,), (8,), (3.0,))
('K.114 KernScores', 'P1', 1, (39, 41), (9,), (2.0,), (9,), (2.5,))
('K.114 KernScores', 'P1', 1, (62, 64), (15,), (1.5,), (15,), (2.0,))
('K.114 KernScores', 'P1', 1, (66, 68), (15,), (3.5,), (16,), (1.0,))
('K.114 KernScores', 'P1', 1, (68, 70), (16,), (1.5,), (16,), (2.0,))
('K.114 KernScores', 'P1', 1, (72, 74), (16,), (3.5,), (17,), (1.0,))
('K.114 KernScores', 'P1', 1, (74, 76), (17,), (1.5,), (17,), (2.0,))
('K.114 KernScores', 'P1', 1, (76, 78), (17,), (2.5,), (17,), (3.0,))
('K.114 KernScores', 'P1', 1, (80, 82), (18,), (2.5,), (18,), (3.0,))
('K.114 KernScores', 'P1', 1, (353, 355), (76,), (2.5,), (76,), (3.0,))
('K.114 KernScores', 'P1', 1, (366, 368), (84,), (2.5,), (84,), (3.0,))
('K.114 KernScores', 'P1', 1, (384, 386), (87,), (2.5,), (87,), (3.0,))
('K.114 KernScores', 'P1', 1, (396, 398), (89,), (2.5,), (89,), (3.0,))
('K.114 KernScores', 'P1', 1, (670, 672), (164,), (2.5,), (164,), (3.0,))
('K.114 KernScores', 'P1', 1, (688, 690), (171,), (2.5,), (171,), (3.0,))
('K.114 KernScores', 'P1', 1, (706, 708), (174,), (2.5,), (174,), (3.0,))
('K.114 KernScores', 'P1', 1, (718, 720), (176,), (2.5,), (176,), (3.0,))
('K.114 KernScores', 'P2', 1, (531, 533), (159,), (3.5,), (160,), (1.0,))
('K.114 KernScores', 'P2', 1, (566, 568), (166,), (3.5,), (167,), (1.0,))

37.    ((4, -3),):
('K.114 KernScores', 'P1', 1, (303, 305), (59,), (2.5,), (59,), (3.0,))
('K.114 KernScores', 'P2', 1, (533, 535), (160,), (1.5,), (160,), (2.0,))
('K.114 KernScores', 'P2', 1, (535, 537), (160,), (2.5,), (160,), (3.0,))
('K.114 KernScores', 'P2', 1, (537, 539), (160,), (3.5,), (161,), (1.0,))
('K.114 KernScores', 'P2', 1, (539, 541), (161,), (1.5,), (161,), (2.0,))
('K.114 KernScores', 'P2', 1, (541, 543), (161,), (2.5,), (161,), (3.0,))
('K.114 KernScores', 'P2', 1, (543, 545), (161,), (3.5,), (162,), (1.0,))
('K.114 KernScores', 'P2', 1, (545, 547), (162,), (1.5,), (162,), (2.0,))
('K.114 KernScores', 'P2', 1, (547, 549), (162,), (2.5,), (162,), (3.0,))
('K.114 KernScores', 'P2', 1, (549, 551), (162,), (3.5,), (163,), (1.0,))
('K.114 KernScores', 'P2', 1, (551, 553), (163,), (1.5,), (163,), (2.0,))
('K.114 KernScores', 'P2', 1, (553, 555), (163,), (2.5,), (163,), (3.0,))
('K.114 KernScores', 'P2', 1, (568, 570), (167,), (1.5,), (167,), (2.0,))
('K.114 KernScores', 'P2', 1, (570, 572), (167,), (2.5,), (167,), (3.0,))
('K.114 KernScores', 'P2', 1, (572, 574), (167,), (3.5,), (168,), (1.0,))
('K.114 KernScores', 'P2', 1, (574, 576), (168,), (1.5,), (168,), (2.0,))
('K.114 KernScores', 'P2', 1, (576, 578), (168,), (2.5,), (168,), (3.0,))
('K.114 KernScores', 'P2', 1, (578, 580), (168,), (3.5,), (169,), (1.0,))
('K.114 KernScores', 'P2', 1, (580, 582), (169,), (1.5,), (169,), (2.0,))
('K.114 KernScores', 'P2', 1, (582, 584), (169,), (2.5,), (169,), (3.0,))
('K.114 KernScores', 'P2', 1, (584, 586), (169,), (3.5,), (170,), (1.0,))
('K.114 KernScores', 'P2', 1, (586, 588), (170,), (1.5,), (170,), (2.0,))
('K.114 KernScores', 'P2', 1, (588, 590), (170,), (2.5,), (170,), (3.0,))

38.    ((-2, -2),):
('K.114 KernScores', 'P1', 1, (2, 4), (1,), (2.0,), (1,), (3.5,))
('K.114 KernScores', 'P1', 1, (6, 8), (2,), (2.0,), (2,), (3.5,))
('K.114 KernScores', 'P1', 1, (43, 45), (10,), (2.0,), (10,), (3.5,))
('K.114 KernScores', 'P1', 1, (47, 49), (11,), (2.0,), (11,), (3.5,))
('K.114 KernScores', 'P1', 1, (132, 134), (28,), (3.0,), (28,), (3.5,))
('K.114 KernScores', 'P1', 1, (141, 143), (30,), (1.5,), (30,), (2.0,))
('K.114 KernScores', 'P1', 1, (152, 154), (32,), (1.5,), (32,), (2.0,))
('K.114 KernScores', 'P1', 1, (518, 520), (125,), (1.0,), (126,), (1.0,))
('K.114 KernScores', 'P1', 1, (656, 658), (152,), (2.5,), (152,), (3.0,))
('K.114 KernScores', 'P1', 2, (5, 7), (2,), (2.0,), (2,), (3.5,))
('K.114 KernScores', 'P1', 2, (12, 14), (11,), (2.0,), (11,), (3.5,))
('K.114 KernScores', 'P2', 1, (219, 221), (71,), (3.0,), (71,), (3.5,))
('K.114 KernScores', 'P2', 1, (231, 233), (73,), (3.0,), (73,), (3.5,))
('K.114 KernScores', 'P2', 1, (243, 245), (75,), (3.0,), (75,), (3.5,))
('K.114 KernScores', 'P2', 1, (259, 261), (79,), (3.0,), (79,), (3.5,))
('K.114 KernScores', 'P2', 1, (271, 273), (81,), (3.0,), (81,), (3.5,))
('K.114 KernScores', 'P2', 1, (283, 285), (83,), (3.0,), (83,), (3.5,))
('K.114 KernScores', 'P2', 1, (512, 514), (156,), (3.0,), (156,), (3.5,))
('K.114 KernScores', 'P2', 1, (524, 526), (158,), (3.0,), (158,), (3.5,))

39.    ((-8, 4),):
('K.114 KernScores', 'P1', 1, (625, 627), (145,), (3.0,), (146,), (1.5,))
('K.114 KernScores', 'P2', 1, (2, 4), (1,), (3.0,), (1,), (3.5,))
('K.114 KernScores', 'P2', 1, (6, 8), (2,), (3.0,), (2,), (3.5,))
('K.114 KernScores', 'P2', 1, (10, 12), (3,), (3.0,), (3,), (3.5,))
('K.114 KernScores', 'P2', 1, (14, 16), (4,), (3.0,), (4,), (3.5,))
('K.114 KernScores', 'P2', 1, (18, 20), (5,), (3.0,), (5,), (3.5,))
('K.114 KernScores', 'P2', 1, (32, 34), (10,), (3.0,), (10,), (3.5,))
('K.114 KernScores', 'P2', 1, (36, 38), (11,), (3.0,), (11,), (3.5,))
('K.114 KernScores', 'P2', 1, (40, 42), (12,), (3.0,), (12,), (3.5,))
('K.114 KernScores', 'P2', 1, (44, 46), (13,), (3.0,), (13,), (3.5,))
('K.114 KernScores', 'P2', 1, (48, 50), (14,), (3.0,), (14,), (3.5,))
('K.114 KernScores', 'P2', 1, (294, 296), (87,), (2.0,), (87,), (3.0,))
('K.114 KernScores', 'P2', 1, (595, 597), (172,), (2.0,), (172,), (3.0,))
('K.114 KernScores', 'P2', 1, (601, 603), (174,), (2.0,), (174,), (3.0,))
('K.114 KernScores', 'P2', 1, (607, 609), (176,), (2.0,), (176,), (3.0,))

40.    ((-3, -3),):
('K.114 KernScores', 'P1', 1, (275, 277), (54,), (1.5,), (54,), (2.0,))
('K.114 KernScores', 'P1', 1, (285, 287), (56,), (1.5,), (56,), (2.0,))
('K.114 KernScores', 'P1', 1, (297, 299), (58,), (2.5,), (58,), (3.0,))
('K.114 KernScores', 'P1', 1, (304, 306), (59,), (3.0,), (60,), (1.5,))
('K.114 KernScores', 'P1', 1, (307, 309), (60,), (2.5,), (60,), (3.0,))
('K.114 KernScores', 'P1', 1, (314, 316), (61,), (3.0,), (62,), (1.5,))
('K.114 KernScores', 'P1', 1, (317, 319), (62,), (2.5,), (62,), (3.0,))
('K.114 KernScores', 'P1', 1, (345, 347), (67,), (1.5,), (67,), (2.0,))
('K.114 KernScores', 'P1', 1, (478, 480), (114,), (1.5,), (114,), (2.0,))
('K.114 KernScores', 'P1', 1, (488, 490), (116,), (1.5,), (116,), (2.0,))
('K.114 KernScores', 'P2', 1, (90, 92), (29,), (1.0,), (29,), (2.0,))
('K.114 KernScores', 'P2', 1, (204, 206), (68,), (1.5,), (68,), (2.0,))
('K.114 KernScores', 'P2', 1, (207, 209), (68,), (3.0,), (68,), (3.5,))
('K.114 KernScores', 'P2', 2, (0, 2), (128,), (1.0,), (128,), (2.0,))
('K.114 KernScores', 'P2', 2, (3, 5), (130,), (1.0,), (130,), (2.0,))

41.    ((6, -2),):
('K.114 KernScores', 'P1', 1, (1, 3), (1,), (1.5,), (1,), (2.0,))
('K.114 KernScores', 'P1', 1, (5, 7), (2,), (1.5,), (2,), (2.0,))
('K.114 KernScores', 'P1', 1, (42, 44), (10,), (1.5,), (10,), (2.0,))
('K.114 KernScores', 'P1', 1, (46, 48), (11,), (1.5,), (11,), (2.0,))
('K.114 KernScores', 'P1', 1, (338, 340), (66,), (1.0,), (66,), (1.5,))
('K.114 KernScores', 'P1', 1, (405, 407), (96,), (1.0,), (96,), (3.0,))
('K.114 KernScores', 'P2', 1, (428, 430), (127,), (3.0,), (128,), (1.0,))
('K.114 KernScores', 'P2', 1, (433, 435), (129,), (3.0,), (130,), (1.0,))

42.    ((1, -2),):
('K.114 KernScores', 'P1', 1, (135, 137), (29,), (1.5,), (29,), (2.0,))
('K.114 KernScores', 'P1', 2, (1, 3), (1,), (1.5,), (1,), (2.0,))
('K.114 KernScores', 'P2', 1, (458, 460), (139,), (1.0,), (139,), (2.0,))
('K.114 KernScores', 'P2', 1, (467, 469), (142,), (1.0,), (142,), (2.0,))

43.    ((1, 1),):
('K.114 KernScores', 'P1', 1, (679, 681), (166,), (1.0,), (166,), (3.0,))
('K.114 KernScores', 'P1', 1, (681, 683), (167,), (2.0,), (168,), (1.0,))
('K.114 KernScores', 'P1', 1, (683, 685), (168,), (3.0,), (169,), (2.0,))
('K.114 KernScores', 'P2', 1, (60, 62), (19,), (1.0,), (19,), (2.0,))

44.    ((4, -5),):
('K.114 KernScores', 'P1', 1, (145, 147), (31,), (1.0,), (31,), (1.5,))
('K.114 KernScores', 'P2', 1, (20, 22), (6,), (1.0,), (6,), (2.0,))
('K.114 KernScores', 'P2', 1, (50, 52), (15,), (1.0,), (15,), (2.0,))

45.    ((4, 2),):
('K.114 KernScores', 'P1', 1, (484, 486), (115,), (2.5,), (115,), (3.0,))
('K.114 KernScores', 'P1', 1, (494, 496), (117,), (2.5,), (117,), (3.0,))
('K.114 KernScores', 'P2', 1, (246, 248), (76,), (3.0,), (77,), (1.0,))

46.    ((-4, 8),):
('K.114 KernScores', 'P1', 1, (496, 498), (117,), (3.5,), (118,), (1.5,))
('K.114 KernScores', 'P1', 1, (543, 545), (130,), (3.5,), (131,), (1.0,))
('K.114 KernScores', 'P2', 1, (317, 319), (97,), (3.0,), (98,), (1.0,))

47.    ((3, 1),):
('K.114 KernScores', 'P1', 1, (619, 621), (144,), (2.0,), (144,), (2.5,))
('K.114 KernScores', 'P1', 1, (640, 642), (149,), (2.5,), (149,), (3.0,))
('K.114 KernScores', 'P2', 2, (5, 7), (130,), (3.0,), (153,), (1.0,))

48.    ((1, -3),):
('K.114 KernScores', 'P2', 1, (61, 63), (19,), (2.0,), (19,), (3.0,))
('K.114 KernScores', 'P2', 1, (73, 75), (23,), (2.0,), (23,), (3.0,))
('K.114 KernScores', 'P2', 2, (6, 8), (153,), (1.0,), (153,), (2.0,))

49.    (((4, 2, 3, 1), (4, 2, 3, 1)),):
('K.114 KernScores', 'P2', 1, (485, 487), (148,), (1.0,), (148,), (2.0,))
('K.114 KernScores', 'P2', 1, (491, 493), (150,), (1.0,), (150,), (2.0,))

50.    ((-2,),):
('K.114 KernScores', 'P1', 1, (38, 39), (9,), (1.0,), (9,), (1.0,))
('K.114 KernScores', 'P1', 1, (79, 80), (18,), (1.0,), (18,), (1.0,))
('K.114 KernScores', 'P1', 1, (84, 85), (19,), (2.0,), (19,), (2.0,))
('K.114 KernScores', 'P1', 1, (89, 90), (20,), (2.0,), (20,), (2.0,))
('K.114 KernScores', 'P1', 1, (94, 95), (21,), (2.0,), (21,), (2.0,))
('K.114 KernScores', 'P1', 1, (99, 100), (22,), (2.0,), (22,), (2.0,))
('K.114 KernScores', 'P1', 1, (104, 105), (23,), (2.0,), (23,), (2.0,))
('K.114 KernScores', 'P1', 1, (109, 110), (24,), (2.0,), (24,), (2.0,))
('K.114 KernScores', 'P1', 1, (114, 115), (25,), (2.0,), (25,), (2.0,))
('K.114 KernScores', 'P1', 1, (119, 120), (26,), (2.0,), (26,), (2.0,))
('K.114 KernScores', 'P1', 1, (126, 127), (27,), (3.0,), (27,), (3.0,))
('K.114 KernScores', 'P1', 1, (144, 145), (30,), (3.75,), (30,), (3.75,))
('K.114 KernScores', 'P1', 1, (147, 148), (31,), (2.0,), (31,), (2.0,))
('K.114 KernScores', 'P1', 1, (155, 156), (32,), (3.75,), (32,), (3.75,))
('K.114 KernScores', 'P1', 1, (162, 163), (35,), (1.0,), (35,), (1.0,))
('K.114 KernScores', 'P1', 1, (167, 168), (35,), (3.5,), (35,), (3.5,))
('K.114 KernScores', 'P1', 1, (174, 175), (37,), (1.0,), (37,), (1.0,))
('K.114 KernScores', 'P1', 1, (179, 180), (37,), (3.5,), (37,), (3.5,))
('K.114 KernScores', 'P1', 1, (186, 187), (39,), (1.0,), (39,), (1.0,))
('K.114 KernScores', 'P1', 1, (191, 192), (39,), (3.5,), (39,), (3.5,))
('K.114 KernScores', 'P1', 1, (198, 199), (41,), (1.0,), (41,), (1.0,))
('K.114 KernScores', 'P1', 1, (203, 204), (41,), (3.5,), (41,), (3.5,))
('K.114 KernScores', 'P1', 1, (210, 211), (43,), (1.0,), (43,), (1.0,))
('K.114 KernScores', 'P1', 1, (215, 216), (43,), (3.5,), (43,), (3.5,))
('K.114 KernScores', 'P1', 1, (222, 223), (45,), (1.0,), (45,), (1.0,))
('K.114 KernScores', 'P1', 1, (227, 228), (45,), (3.5,), (45,), (3.5,))
('K.114 KernScores', 'P1', 1, (234, 235), (47,), (1.0,), (47,), (1.0,))
('K.114 KernScores', 'P1', 1, (236, 237), (47,), (2.0,), (47,), (2.0,))
('K.114 KernScores', 'P1', 1, (238, 239), (47,), (3.0,), (47,), (3.0,))
('K.114 KernScores', 'P1', 1, (246, 247), (49,), (1.0,), (49,), (1.0,))
('K.114 KernScores', 'P1', 1, (248, 249), (49,), (2.0,), (49,), (2.0,))
('K.114 KernScores', 'P1', 1, (250, 251), (49,), (3.0,), (49,), (3.0,))
('K.114 KernScores', 'P1', 1, (258, 259), (51,), (1.0,), (51,), (1.0,))
('K.114 KernScores', 'P1', 1, (260, 261), (51,), (2.0,), (51,), (2.0,))
('K.114 KernScores', 'P1', 1, (262, 263), (51,), (3.0,), (51,), (3.0,))
('K.114 KernScores', 'P1', 1, (278, 279), (54,), (3.0,), (54,), (3.0,))
('K.114 KernScores', 'P1', 1, (288, 289), (56,), (3.0,), (56,), (3.0,))
('K.114 KernScores', 'P1', 1, (294, 295), (57,), (3.0,), (57,), (3.0,))
('K.114 KernScores', 'P1', 1, (299, 300), (58,), (3.5,), (58,), (3.5,))
('K.114 KernScores', 'P1', 1, (306, 307), (60,), (2.0,), (60,), (2.0,))
('K.114 KernScores', 'P1', 1, (309, 310), (60,), (3.5,), (60,), (3.5,))
('K.114 KernScores', 'P1', 1, (316, 317), (62,), (2.0,), (62,), (2.0,))
('K.114 KernScores', 'P1', 1, (325, 326), (63,), (3.5,), (63,), (3.5,))
('K.114 KernScores', 'P1', 1, (331, 332), (64,), (3.5,), (64,), (3.5,))
('K.114 KernScores', 'P1', 1, (337, 338), (65,), (3.5,), (65,), (3.5,))
('K.114 KernScores', 'P1', 1, (404, 405), (95,), (1.0,), (95,), (1.0,))
('K.114 KernScores', 'P1', 1, (410, 411), (97,), (3.75,), (97,), (3.75,))
('K.114 KernScores', 'P1', 1, (438, 439), (105,), (3.75,), (105,), (3.75,))
('K.114 KernScores', 'P1', 1, (441, 442), (107,), (2.0,), (107,), (2.0,))
('K.114 KernScores', 'P1', 1, (446, 447), (108,), (2.0,), (108,), (2.0,))
('K.114 KernScores', 'P1', 1, (451, 452), (109,), (2.0,), (109,), (2.0,))
('K.114 KernScores', 'P1', 1, (456, 457), (110,), (2.0,), (110,), (2.0,))
('K.114 KernScores', 'P1', 1, (465, 466), (112,), (1.0,), (112,), (1.0,))
('K.114 KernScores', 'P1', 1, (471, 472), (113,), (1.0,), (113,), (1.0,))
('K.114 KernScores', 'P1', 1, (480, 481), (114,), (2.5,), (114,), (2.5,))
('K.114 KernScores', 'P1', 1, (483, 484), (115,), (2.0,), (115,), (2.0,))
('K.114 KernScores', 'P1', 1, (490, 491), (116,), (2.5,), (116,), (2.5,))
('K.114 KernScores', 'P1', 1, (493, 494), (117,), (2.0,), (117,), (2.0,))
('K.114 KernScores', 'P1', 1, (531, 532), (128,), (3.5,), (128,), (3.5,))
('K.114 KernScores', 'P1', 1, (551, 552), (133,), (1.0,), (133,), (1.0,))
('K.114 KernScores', 'P1', 1, (553, 554), (133,), (2.0,), (133,), (2.0,))
('K.114 KernScores', 'P1', 1, (555, 556), (133,), (3.0,), (133,), (3.0,))
('K.114 KernScores', 'P1', 1, (563, 564), (135,), (1.0,), (135,), (1.0,))
('K.114 KernScores', 'P1', 1, (565, 566), (135,), (2.0,), (135,), (2.0,))
('K.114 KernScores', 'P1', 1, (567, 568), (135,), (3.0,), (135,), (3.0,))
('K.114 KernScores', 'P1', 1, (575, 576), (137,), (1.0,), (137,), (1.0,))
('K.114 KernScores', 'P1', 1, (577, 578), (137,), (2.0,), (137,), (2.0,))
('K.114 KernScores', 'P1', 1, (579, 580), (137,), (3.0,), (137,), (3.0,))
('K.114 KernScores', 'P1', 1, (587, 588), (139,), (1.0,), (139,), (1.0,))
('K.114 KernScores', 'P1', 1, (591, 592), (139,), (3.0,), (139,), (3.0,))
('K.114 KernScores', 'P1', 1, (593, 594), (140,), (1.0,), (140,), (1.0,))
('K.114 KernScores', 'P1', 1, (597, 598), (140,), (3.0,), (140,), (3.0,))
('K.114 KernScores', 'P1', 1, (599, 600), (141,), (1.0,), (141,), (1.0,))
('K.114 KernScores', 'P1', 1, (605, 606), (142,), (1.0,), (142,), (1.0,))
('K.114 KernScores', 'P1', 1, (609, 610), (142,), (3.0,), (142,), (3.0,))
('K.114 KernScores', 'P1', 1, (611, 612), (143,), (1.0,), (143,), (1.0,))
('K.114 KernScores', 'P1', 1, (615, 616), (143,), (3.0,), (143,), (3.0,))
('K.114 KernScores', 'P1', 1, (664, 665), (153,), (3.5,), (153,), (3.5,))
('K.114 KernScores', 'P1', 2, (3, 4), (1,), (3.5,), (1,), (3.5,))
('K.114 KernScores', 'P1', 2, (10, 11), (10,), (3.5,), (10,), (3.5,))
('K.114 KernScores', 'P2', 1, (68, 69), (21,), (3.0,), (21,), (3.0,))
('K.114 KernScores', 'P2', 1, (80, 81), (25,), (3.0,), (25,), (3.0,))
('K.114 KernScores', 'P2', 1, (89, 90), (28,), (3.0,), (28,), (3.0,))
('K.114 KernScores', 'P2', 1, (92, 93), (29,), (3.0,), (29,), (3.0,))
('K.114 KernScores', 'P2', 1, (98, 99), (31,), (3.0,), (31,), (3.0,))
('K.114 KernScores', 'P2', 1, (429, 430), (128,), (1.0,), (128,), (1.0,))
('K.114 KernScores', 'P2', 1, (434, 435), (130,), (1.0,), (130,), (1.0,))

51.    ((3,),):
('K.114 KernScores', 'P1', 1, (85, 86), (19,), (2.5,), (19,), (2.5,))
('K.114 KernScores', 'P1', 1, (105, 106), (23,), (2.5,), (23,), (2.5,))
('K.114 KernScores', 'P1', 1, (163, 164), (35,), (1.5,), (35,), (1.5,))
('K.114 KernScores', 'P1', 1, (166, 167), (35,), (3.0,), (35,), (3.0,))
('K.114 KernScores', 'P1', 1, (175, 176), (37,), (1.5,), (37,), (1.5,))
('K.114 KernScores', 'P1', 1, (178, 179), (37,), (3.0,), (37,), (3.0,))
('K.114 KernScores', 'P1', 1, (187, 188), (39,), (1.5,), (39,), (1.5,))
('K.114 KernScores', 'P1', 1, (190, 191), (39,), (3.0,), (39,), (3.0,))
('K.114 KernScores', 'P1', 1, (199, 200), (41,), (1.5,), (41,), (1.5,))
('K.114 KernScores', 'P1', 1, (202, 203), (41,), (3.0,), (41,), (3.0,))
('K.114 KernScores', 'P1', 1, (209, 210), (42,), (3.5,), (42,), (3.5,))
('K.114 KernScores', 'P1', 1, (211, 212), (43,), (1.5,), (43,), (1.5,))
('K.114 KernScores', 'P1', 1, (214, 215), (43,), (3.0,), (43,), (3.0,))
('K.114 KernScores', 'P1', 1, (221, 222), (44,), (3.5,), (44,), (3.5,))
('K.114 KernScores', 'P1', 1, (226, 227), (45,), (3.0,), (45,), (3.0,))
('K.114 KernScores', 'P1', 1, (270, 271), (53,), (1.0,), (53,), (1.0,))
('K.114 KernScores', 'P1', 1, (272, 273), (53,), (2.0,), (53,), (2.0,))
('K.114 KernScores', 'P1', 1, (273, 274), (53,), (2.5,), (53,), (2.5,))
('K.114 KernScores', 'P1', 1, (280, 281), (55,), (1.0,), (55,), (1.0,))
('K.114 KernScores', 'P1', 1, (282, 283), (55,), (2.0,), (55,), (2.0,))
('K.114 KernScores', 'P1', 1, (283, 284), (55,), (2.5,), (55,), (2.5,))
('K.114 KernScores', 'P1', 1, (290, 291), (57,), (1.0,), (57,), (1.0,))
('K.114 KernScores', 'P1', 1, (292, 293), (57,), (2.0,), (57,), (2.0,))
('K.114 KernScores', 'P1', 1, (293, 294), (57,), (2.5,), (57,), (2.5,))
('K.114 KernScores', 'P1', 1, (301, 302), (59,), (1.5,), (59,), (1.5,))
('K.114 KernScores', 'P1', 1, (302, 303), (59,), (2.0,), (59,), (2.0,))
('K.114 KernScores', 'P1', 1, (311, 312), (61,), (1.5,), (61,), (1.5,))
('K.114 KernScores', 'P1', 1, (312, 313), (61,), (2.0,), (61,), (2.0,))
('K.114 KernScores', 'P1', 1, (320, 321), (63,), (1.0,), (63,), (1.0,))
('K.114 KernScores', 'P1', 1, (356, 357), (77,), (1.0,), (77,), (1.0,))
('K.114 KernScores', 'P1', 1, (369, 370), (85,), (1.0,), (85,), (1.0,))
('K.114 KernScores', 'P1', 1, (526, 527), (128,), (1.0,), (128,), (1.0,))
('K.114 KernScores', 'P1', 1, (538, 539), (130,), (1.0,), (130,), (1.0,))
('K.114 KernScores', 'P1', 1, (617, 618), (144,), (1.0,), (144,), (1.0,))
('K.114 KernScores', 'P1', 1, (618, 619), (144,), (1.5,), (144,), (1.5,))
('K.114 KernScores', 'P1', 1, (619, 620), (144,), (2.0,), (144,), (2.0,))
('K.114 KernScores', 'P1', 1, (622, 623), (145,), (1.5,), (145,), (1.5,))
('K.114 KernScores', 'P1', 1, (624, 625), (145,), (2.5,), (145,), (2.5,))
('K.114 KernScores', 'P1', 1, (627, 628), (146,), (2.0,), (146,), (2.0,))
('K.114 KernScores', 'P1', 1, (628, 629), (146,), (2.5,), (146,), (2.5,))
('K.114 KernScores', 'P1', 1, (631, 632), (147,), (2.0,), (147,), (2.0,))
('K.114 KernScores', 'P1', 1, (632, 633), (147,), (2.5,), (147,), (2.5,))
('K.114 KernScores', 'P1', 1, (634, 635), (148,), (1.5,), (148,), (1.5,))
('K.114 KernScores', 'P1', 1, (636, 637), (148,), (2.5,), (148,), (2.5,))
('K.114 KernScores', 'P1', 1, (638, 639), (149,), (1.5,), (149,), (1.5,))
('K.114 KernScores', 'P1', 1, (640, 641), (149,), (2.5,), (149,), (2.5,))
('K.114 KernScores', 'P1', 1, (647, 648), (151,), (1.0,), (151,), (1.0,))
('K.114 KernScores', 'P1', 1, (659, 660), (153,), (1.0,), (153,), (1.0,))
('K.114 KernScores', 'P1', 1, (673, 674), (165,), (1.0,), (165,), (1.0,))
('K.114 KernScores', 'P1', 1, (691, 692), (172,), (1.0,), (172,), (1.0,))
('K.114 KernScores', 'P1', 2, (4, 5), (2,), (1.0,), (2,), (1.0,))
('K.114 KernScores', 'P1', 2, (11, 12), (11,), (1.0,), (11,), (1.0,))
('K.114 KernScores', 'P2', 1, (465, 466), (141,), (2.0,), (141,), (2.0,))
('K.114 KernScores', 'P2', 1, (557, 558), (164,), (2.0,), (164,), (2.0,))
('K.114 KernScores', 'P2', 1, (592, 593), (171,), (2.0,), (171,), (2.0,))
('K.114 KernScores', 'P2', 1, (604, 605), (175,), (2.0,), (175,), (2.0,))
('K.114 KernScores', 'P2', 2, (5, 6), (130,), (3.0,), (130,), (3.0,))

52.    ((-3,),):
('K.114 KernScores', 'P1', 1, (9, 10), (3,), (1.5,), (3,), (1.5,))
('K.114 KernScores', 'P1', 1, (22, 23), (6,), (2.0,), (6,), (2.0,))
('K.114 KernScores', 'P1', 1, (26, 27), (7,), (1.0,), (7,), (1.0,))
('K.114 KernScores', 'P1', 1, (28, 29), (7,), (2.0,), (7,), (2.0,))
('K.114 KernScores', 'P1', 1, (32, 33), (8,), (1.0,), (8,), (1.0,))
('K.114 KernScores', 'P1', 1, (34, 35), (8,), (2.0,), (8,), (2.0,))
('K.114 KernScores', 'P1', 1, (36, 37), (8,), (3.0,), (8,), (3.0,))
('K.114 KernScores', 'P1', 1, (40, 41), (9,), (2.5,), (9,), (2.5,))
('K.114 KernScores', 'P1', 1, (50, 51), (12,), (1.5,), (12,), (1.5,))
('K.114 KernScores', 'P1', 1, (63, 64), (15,), (2.0,), (15,), (2.0,))
('K.114 KernScores', 'P1', 1, (67, 68), (16,), (1.0,), (16,), (1.0,))
('K.114 KernScores', 'P1', 1, (69, 70), (16,), (2.0,), (16,), (2.0,))
('K.114 KernScores', 'P1', 1, (73, 74), (17,), (1.0,), (17,), (1.0,))
('K.114 KernScores', 'P1', 1, (75, 76), (17,), (2.0,), (17,), (2.0,))
('K.114 KernScores', 'P1', 1, (77, 78), (17,), (3.0,), (17,), (3.0,))
('K.114 KernScores', 'P1', 1, (81, 82), (18,), (3.0,), (18,), (3.0,))
('K.114 KernScores', 'P1', 1, (277, 278), (54,), (2.5,), (54,), (2.5,))
('K.114 KernScores', 'P1', 1, (287, 288), (56,), (2.5,), (56,), (2.5,))
('K.114 KernScores', 'P1', 1, (295, 296), (58,), (1.5,), (58,), (1.5,))
('K.114 KernScores', 'P1', 1, (348, 349), (67,), (3.0,), (67,), (3.0,))
('K.114 KernScores', 'P1', 1, (354, 355), (76,), (3.0,), (76,), (3.0,))
('K.114 KernScores', 'P1', 1, (367, 368), (84,), (3.0,), (84,), (3.0,))
('K.114 KernScores', 'P1', 1, (385, 386), (87,), (3.0,), (87,), (3.0,))
('K.114 KernScores', 'P1', 1, (397, 398), (89,), (3.0,), (89,), (3.0,))
('K.114 KernScores', 'P1', 1, (520, 521), (127,), (1.0,), (127,), (1.0,))
('K.114 KernScores', 'P1', 1, (671, 672), (164,), (3.0,), (164,), (3.0,))
('K.114 KernScores', 'P1', 1, (689, 690), (171,), (3.0,), (171,), (3.0,))
('K.114 KernScores', 'P1', 1, (707, 708), (174,), (3.0,), (174,), (3.0,))
('K.114 KernScores', 'P1', 1, (719, 720), (176,), (3.0,), (176,), (3.0,))
('K.114 KernScores', 'P2', 1, (62, 63), (19,), (3.0,), (19,), (3.0,))
('K.114 KernScores', 'P2', 1, (74, 75), (23,), (3.0,), (23,), (3.0,))
('K.114 KernScores', 'P2', 1, (97, 98), (31,), (2.0,), (31,), (2.0,))
('K.114 KernScores', 'P2', 1, (532, 533), (160,), (1.0,), (160,), (1.0,))
('K.114 KernScores', 'P2', 1, (534, 535), (160,), (2.0,), (160,), (2.0,))
('K.114 KernScores', 'P2', 1, (536, 537), (160,), (3.0,), (160,), (3.0,))
('K.114 KernScores', 'P2', 1, (538, 539), (161,), (1.0,), (161,), (1.0,))
('K.114 KernScores', 'P2', 1, (540, 541), (161,), (2.0,), (161,), (2.0,))
('K.114 KernScores', 'P2', 1, (542, 543), (161,), (3.0,), (161,), (3.0,))
('K.114 KernScores', 'P2', 1, (544, 545), (162,), (1.0,), (162,), (1.0,))
('K.114 KernScores', 'P2', 1, (546, 547), (162,), (2.0,), (162,), (2.0,))
('K.114 KernScores', 'P2', 1, (548, 549), (162,), (3.0,), (162,), (3.0,))
('K.114 KernScores', 'P2', 1, (550, 551), (163,), (1.0,), (163,), (1.0,))
('K.114 KernScores', 'P2', 1, (552, 553), (163,), (2.0,), (163,), (2.0,))
('K.114 KernScores', 'P2', 1, (554, 555), (163,), (3.0,), (163,), (3.0,))
('K.114 KernScores', 'P2', 1, (567, 568), (167,), (1.0,), (167,), (1.0,))
('K.114 KernScores', 'P2', 1, (569, 570), (167,), (2.0,), (167,), (2.0,))
('K.114 KernScores', 'P2', 1, (571, 572), (167,), (3.0,), (167,), (3.0,))
('K.114 KernScores', 'P2', 1, (573, 574), (168,), (1.0,), (168,), (1.0,))
('K.114 KernScores', 'P2', 1, (575, 576), (168,), (2.0,), (168,), (2.0,))
('K.114 KernScores', 'P2', 1, (577, 578), (168,), (3.0,), (168,), (3.0,))
('K.114 KernScores', 'P2', 1, (579, 580), (169,), (1.0,), (169,), (1.0,))
('K.114 KernScores', 'P2', 1, (581, 582), (169,), (2.0,), (169,), (2.0,))
('K.114 KernScores', 'P2', 1, (583, 584), (169,), (3.0,), (169,), (3.0,))
('K.114 KernScores', 'P2', 1, (585, 586), (170,), (1.0,), (170,), (1.0,))
('K.114 KernScores', 'P2', 1, (587, 588), (170,), (2.0,), (170,), (2.0,))
('K.114 KernScores', 'P2', 1, (589, 590), (170,), (3.0,), (170,), (3.0,))
('K.114 KernScores', 'P2', 2, (7, 8), (153,), (2.0,), (153,), (2.0,))

53.    ((2,),):
('K.114 KernScores', 'P1', 1, (23, 24), (6,), (2.5,), (6,), (2.5,))
('K.114 KernScores', 'P1', 1, (29, 30), (7,), (2.5,), (7,), (2.5,))
('K.114 KernScores', 'P1', 1, (64, 65), (15,), (2.5,), (15,), (2.5,))
('K.114 KernScores', 'P1', 1, (70, 71), (16,), (2.5,), (16,), (2.5,))
('K.114 KernScores', 'P1', 1, (91, 92), (20,), (3.0,), (20,), (3.0,))
('K.114 KernScores', 'P1', 1, (96, 97), (21,), (3.0,), (21,), (3.0,))
('K.114 KernScores', 'P1', 1, (111, 112), (24,), (3.0,), (24,), (3.0,))
('K.114 KernScores', 'P1', 1, (116, 117), (25,), (3.0,), (25,), (3.0,))
('K.114 KernScores', 'P1', 1, (121, 122), (26,), (3.0,), (26,), (3.0,))
('K.114 KernScores', 'P1', 1, (127, 128), (27,), (3.5,), (27,), (3.5,))
('K.114 KernScores', 'P1', 1, (154, 155), (32,), (3.5,), (32,), (3.5,))
('K.114 KernScores', 'P1', 1, (229, 230), (46,), (1.5,), (46,), (1.5,))
('K.114 KernScores', 'P1', 1, (231, 232), (46,), (2.5,), (46,), (2.5,))
('K.114 KernScores', 'P1', 1, (241, 242), (48,), (1.5,), (48,), (1.5,))
('K.114 KernScores', 'P1', 1, (243, 244), (48,), (2.5,), (48,), (2.5,))
('K.114 KernScores', 'P1', 1, (253, 254), (50,), (1.5,), (50,), (1.5,))
('K.114 KernScores', 'P1', 1, (255, 256), (50,), (2.5,), (50,), (2.5,))
('K.114 KernScores', 'P1', 1, (265, 266), (52,), (1.5,), (52,), (1.5,))
('K.114 KernScores', 'P1', 1, (267, 268), (52,), (2.5,), (52,), (2.5,))
('K.114 KernScores', 'P1', 1, (269, 270), (52,), (3.5,), (52,), (3.5,))
('K.114 KernScores', 'P1', 1, (319, 320), (62,), (3.5,), (62,), (3.5,))
('K.114 KernScores', 'P1', 1, (355, 356), (76,), (3.5,), (76,), (3.5,))
('K.114 KernScores', 'P1', 1, (368, 369), (84,), (3.5,), (84,), (3.5,))
('K.114 KernScores', 'P1', 1, (374, 375), (85,), (3.5,), (85,), (3.5,))
('K.114 KernScores', 'P1', 1, (386, 387), (87,), (3.5,), (87,), (3.5,))
('K.114 KernScores', 'P1', 1, (398, 399), (89,), (3.5,), (89,), (3.5,))
('K.114 KernScores', 'P1', 1, (437, 438), (105,), (3.5,), (105,), (3.5,))
('K.114 KernScores', 'P1', 1, (443, 444), (107,), (3.0,), (107,), (3.0,))
('K.114 KernScores', 'P1', 1, (453, 454), (109,), (3.0,), (109,), (3.0,))
('K.114 KernScores', 'P1', 1, (501, 502), (118,), (3.5,), (118,), (3.5,))
('K.114 KernScores', 'P1', 1, (507, 508), (119,), (3.5,), (119,), (3.5,))
('K.114 KernScores', 'P1', 1, (513, 514), (120,), (3.5,), (120,), (3.5,))
('K.114 KernScores', 'P1', 1, (525, 526), (127,), (3.5,), (127,), (3.5,))
('K.114 KernScores', 'P1', 1, (537, 538), (129,), (3.5,), (129,), (3.5,))
('K.114 KernScores', 'P1', 1, (546, 547), (132,), (1.5,), (132,), (1.5,))
('K.114 KernScores', 'P1', 1, (548, 549), (132,), (2.5,), (132,), (2.5,))
('K.114 KernScores', 'P1', 1, (558, 559), (134,), (1.5,), (134,), (1.5,))
('K.114 KernScores', 'P1', 1, (560, 561), (134,), (2.5,), (134,), (2.5,))
('K.114 KernScores', 'P1', 1, (570, 571), (136,), (1.5,), (136,), (1.5,))
('K.114 KernScores', 'P1', 1, (572, 573), (136,), (2.5,), (136,), (2.5,))
('K.114 KernScores', 'P1', 1, (582, 583), (138,), (1.5,), (138,), (1.5,))
('K.114 KernScores', 'P1', 1, (584, 585), (138,), (2.5,), (138,), (2.5,))
('K.114 KernScores', 'P1', 1, (616, 617), (143,), (3.5,), (143,), (3.5,))
('K.114 KernScores', 'P1', 1, (646, 647), (150,), (3.5,), (150,), (3.5,))
('K.114 KernScores', 'P1', 1, (658, 659), (152,), (3.5,), (152,), (3.5,))
('K.114 KernScores', 'P1', 1, (672, 673), (164,), (3.5,), (164,), (3.5,))
('K.114 KernScores', 'P1', 1, (690, 691), (171,), (3.5,), (171,), (3.5,))
('K.114 KernScores', 'P1', 1, (708, 709), (174,), (3.5,), (174,), (3.5,))
('K.114 KernScores', 'P1', 1, (720, 721), (176,), (3.5,), (176,), (3.5,))
('K.114 KernScores', 'P2', 1, (84, 85), (27,), (1.0,), (27,), (1.0,))

54.    ((1,),):
('K.114 KernScores', 'P1', 1, (135, 136), (29,), (1.5,), (29,), (1.5,))
('K.114 KernScores', 'P1', 1, (156, 157), (33,), (1.0,), (33,), (1.0,))
('K.114 KernScores', 'P1', 1, (362, 363), (78,), (1.0,), (78,), (1.0,))
('K.114 KernScores', 'P1', 1, (413, 414), (99,), (1.5,), (99,), (1.5,))
('K.114 KernScores', 'P1', 1, (417, 418), (100,), (1.5,), (100,), (1.5,))
('K.114 KernScores', 'P1', 1, (421, 422), (101,), (1.5,), (101,), (1.5,))
('K.114 KernScores', 'P1', 1, (425, 426), (102,), (1.5,), (102,), (1.5,))
('K.114 KernScores', 'P1', 1, (429, 430), (103,), (1.5,), (103,), (1.5,))
('K.114 KernScores', 'P1', 1, (439, 440), (106,), (1.0,), (106,), (1.0,))
('K.114 KernScores', 'P1', 1, (481, 482), (114,), (3.0,), (114,), (3.0,))
('K.114 KernScores', 'P1', 1, (491, 492), (116,), (3.0,), (116,), (3.0,))
('K.114 KernScores', 'P1', 1, (589, 590), (139,), (2.0,), (139,), (2.0,))
('K.114 KernScores', 'P1', 1, (595, 596), (140,), (2.0,), (140,), (2.0,))
('K.114 KernScores', 'P1', 1, (607, 608), (142,), (2.0,), (142,), (2.0,))
('K.114 KernScores', 'P1', 1, (613, 614), (143,), (2.0,), (143,), (2.0,))
('K.114 KernScores', 'P1', 1, (620, 621), (144,), (2.5,), (144,), (2.5,))
('K.114 KernScores', 'P1', 1, (641, 642), (149,), (3.0,), (149,), (3.0,))
('K.114 KernScores', 'P1', 1, (666, 667), (155,), (1.0,), (155,), (1.0,))
('K.114 KernScores', 'P1', 1, (679, 680), (166,), (1.0,), (166,), (1.0,))
('K.114 KernScores', 'P1', 1, (680, 681), (166,), (3.0,), (166,), (3.0,))
('K.114 KernScores', 'P1', 1, (681, 682), (167,), (2.0,), (167,), (2.0,))
('K.114 KernScores', 'P1', 1, (682, 683), (168,), (1.0,), (168,), (1.0,))
('K.114 KernScores', 'P1', 1, (683, 684), (168,), (3.0,), (168,), (3.0,))
('K.114 KernScores', 'P1', 1, (684, 685), (169,), (2.0,), (169,), (2.0,))
('K.114 KernScores', 'P1', 2, (1, 2), (1,), (1.5,), (1,), (1.5,))
('K.114 KernScores', 'P1', 2, (8, 9), (3,), (2.0,), (3,), (2.0,))
('K.114 KernScores', 'P1', 2, (15, 16), (12,), (2.0,), (12,), (2.0,))
('K.114 KernScores', 'P2', 1, (4, 5), (2,), (1.0,), (2,), (1.0,))
('K.114 KernScores', 'P2', 1, (8, 9), (3,), (1.0,), (3,), (1.0,))
('K.114 KernScores', 'P2', 1, (12, 13), (4,), (1.0,), (4,), (1.0,))
('K.114 KernScores', 'P2', 1, (16, 17), (5,), (1.0,), (5,), (1.0,))
('K.114 KernScores', 'P2', 1, (34, 35), (11,), (1.0,), (11,), (1.0,))
('K.114 KernScores', 'P2', 1, (38, 39), (12,), (1.0,), (12,), (1.0,))
('K.114 KernScores', 'P2', 1, (42, 43), (13,), (1.0,), (13,), (1.0,))
('K.114 KernScores', 'P2', 1, (46, 47), (14,), (1.0,), (14,), (1.0,))
('K.114 KernScores', 'P2', 1, (60, 61), (19,), (1.0,), (19,), (1.0,))
('K.114 KernScores', 'P2', 1, (61, 62), (19,), (2.0,), (19,), (2.0,))
('K.114 KernScores', 'P2', 1, (73, 74), (23,), (2.0,), (23,), (2.0,))
('K.114 KernScores', 'P2', 1, (160, 161), (53,), (1.0,), (53,), (1.0,))
('K.114 KernScores', 'P2', 1, (221, 222), (72,), (1.0,), (72,), (1.0,))
('K.114 KernScores', 'P2', 1, (233, 234), (74,), (1.0,), (74,), (1.0,))
('K.114 KernScores', 'P2', 1, (261, 262), (80,), (1.0,), (80,), (1.0,))
('K.114 KernScores', 'P2', 1, (273, 274), (82,), (1.0,), (82,), (1.0,))
('K.114 KernScores', 'P2', 1, (458, 459), (139,), (1.0,), (139,), (1.0,))
('K.114 KernScores', 'P2', 1, (467, 468), (142,), (1.0,), (142,), (1.0,))
('K.114 KernScores', 'P2', 1, (500, 501), (153,), (1.0,), (153,), (1.0,))
('K.114 KernScores', 'P2', 1, (514, 515), (157,), (1.0,), (157,), (1.0,))
('K.114 KernScores', 'P2', 1, (526, 527), (159,), (1.0,), (159,), (1.0,))
('K.114 KernScores', 'P2', 2, (6, 7), (153,), (1.0,), (153,), (1.0,))

55.    ((-4,),):
('K.114 KernScores', 'P1', 1, (4, 5), (2,), (1.0,), (2,), (1.0,))
('K.114 KernScores', 'P1', 1, (24, 25), (6,), (3.0,), (6,), (3.0,))
('K.114 KernScores', 'P1', 1, (30, 31), (7,), (3.0,), (7,), (3.0,))
('K.114 KernScores', 'P1', 1, (45, 46), (11,), (1.0,), (11,), (1.0,))
('K.114 KernScores', 'P1', 1, (65, 66), (15,), (3.0,), (15,), (3.0,))
('K.114 KernScores', 'P1', 1, (71, 72), (16,), (3.0,), (16,), (3.0,))
('K.114 KernScores', 'P1', 1, (87, 88), (19,), (3.5,), (19,), (3.5,))
('K.114 KernScores', 'P1', 1, (107, 108), (23,), (3.5,), (23,), (3.5,))
('K.114 KernScores', 'P1', 1, (228, 229), (46,), (1.0,), (46,), (1.0,))
('K.114 KernScores', 'P1', 1, (230, 231), (46,), (2.0,), (46,), (2.0,))
('K.114 KernScores', 'P1', 1, (232, 233), (46,), (3.0,), (46,), (3.0,))
('K.114 KernScores', 'P1', 1, (240, 241), (48,), (1.0,), (48,), (1.0,))
('K.114 KernScores', 'P1', 1, (242, 243), (48,), (2.0,), (48,), (2.0,))
('K.114 KernScores', 'P1', 1, (244, 245), (48,), (3.0,), (48,), (3.0,))
('K.114 KernScores', 'P1', 1, (252, 253), (50,), (1.0,), (50,), (1.0,))
('K.114 KernScores', 'P1', 1, (254, 255), (50,), (2.0,), (50,), (2.0,))
('K.114 KernScores', 'P1', 1, (256, 257), (50,), (3.0,), (50,), (3.0,))
('K.114 KernScores', 'P1', 1, (264, 265), (52,), (1.0,), (52,), (1.0,))
('K.114 KernScores', 'P1', 1, (266, 267), (52,), (2.0,), (52,), (2.0,))
('K.114 KernScores', 'P1', 1, (268, 269), (52,), (3.0,), (52,), (3.0,))
('K.114 KernScores', 'P1', 1, (279, 280), (54,), (3.5,), (54,), (3.5,))
('K.114 KernScores', 'P1', 1, (289, 290), (56,), (3.5,), (56,), (3.5,))
('K.114 KernScores', 'P1', 1, (375, 376), (86,), (1.0,), (86,), (1.0,))
('K.114 KernScores', 'P1', 1, (545, 546), (132,), (1.0,), (132,), (1.0,))
('K.114 KernScores', 'P1', 1, (547, 548), (132,), (2.0,), (132,), (2.0,))
('K.114 KernScores', 'P1', 1, (549, 550), (132,), (3.0,), (132,), (3.0,))
('K.114 KernScores', 'P1', 1, (557, 558), (134,), (1.0,), (134,), (1.0,))
('K.114 KernScores', 'P1', 1, (559, 560), (134,), (2.0,), (134,), (2.0,))
('K.114 KernScores', 'P1', 1, (561, 562), (134,), (3.0,), (134,), (3.0,))
('K.114 KernScores', 'P1', 1, (569, 570), (136,), (1.0,), (136,), (1.0,))
('K.114 KernScores', 'P1', 1, (571, 572), (136,), (2.0,), (136,), (2.0,))
('K.114 KernScores', 'P1', 1, (573, 574), (136,), (3.0,), (136,), (3.0,))
('K.114 KernScores', 'P1', 1, (581, 582), (138,), (1.0,), (138,), (1.0,))
('K.114 KernScores', 'P1', 1, (583, 584), (138,), (2.0,), (138,), (2.0,))
('K.114 KernScores', 'P1', 1, (585, 586), (138,), (3.0,), (138,), (3.0,))
('K.114 KernScores', 'P1', 1, (697, 698), (173,), (1.0,), (173,), (1.0,))
('K.114 KernScores', 'P1', 1, (709, 710), (175,), (1.0,), (175,), (1.0,))
('K.114 KernScores', 'P2', 1, (101, 102), (32,), (3.0,), (32,), (3.0,))
('K.114 KernScores', 'P2', 1, (334, 335), (105,), (3.0,), (105,), (3.0,))

56.    ((5,),):
('K.114 KernScores', 'P1', 1, (90, 91), (20,), (2.5,), (20,), (2.5,))
('K.114 KernScores', 'P1', 1, (110, 111), (24,), (2.5,), (24,), (2.5,))
('K.114 KernScores', 'P1', 1, (185, 186), (38,), (3.5,), (38,), (3.5,))
('K.114 KernScores', 'P1', 1, (343, 344), (66,), (3.5,), (66,), (3.5,))
('K.114 KernScores', 'P1', 1, (387, 388), (88,), (1.0,), (88,), (1.0,))
('K.114 KernScores', 'P1', 1, (412, 413), (99,), (1.0,), (99,), (1.0,))
('K.114 KernScores', 'P1', 1, (416, 417), (100,), (1.0,), (100,), (1.0,))
('K.114 KernScores', 'P1', 1, (420, 421), (101,), (1.0,), (101,), (1.0,))
('K.114 KernScores', 'P1', 1, (424, 425), (102,), (1.0,), (102,), (1.0,))
('K.114 KernScores', 'P1', 1, (428, 429), (103,), (1.0,), (103,), (1.0,))
('K.114 KernScores', 'P1', 1, (447, 448), (108,), (2.5,), (108,), (2.5,))
('K.114 KernScores', 'P1', 1, (457, 458), (110,), (2.5,), (110,), (2.5,))
('K.114 KernScores', 'P1', 1, (486, 487), (115,), (3.5,), (115,), (3.5,))
('K.114 KernScores', 'P2', 1, (1, 2), (1,), (2.5,), (1,), (2.5,))
('K.114 KernScores', 'P2', 1, (5, 6), (2,), (2.5,), (2,), (2.5,))
('K.114 KernScores', 'P2', 1, (9, 10), (3,), (2.5,), (3,), (2.5,))
('K.114 KernScores', 'P2', 1, (13, 14), (4,), (2.5,), (4,), (2.5,))
('K.114 KernScores', 'P2', 1, (17, 18), (5,), (2.5,), (5,), (2.5,))
('K.114 KernScores', 'P2', 1, (31, 32), (10,), (2.5,), (10,), (2.5,))
('K.114 KernScores', 'P2', 1, (35, 36), (11,), (2.5,), (11,), (2.5,))
('K.114 KernScores', 'P2', 1, (39, 40), (12,), (2.5,), (12,), (2.5,))
('K.114 KernScores', 'P2', 1, (43, 44), (13,), (2.5,), (13,), (2.5,))
('K.114 KernScores', 'P2', 1, (47, 48), (14,), (2.5,), (14,), (2.5,))
('K.114 KernScores', 'P2', 1, (95, 96), (30,), (3.0,), (30,), (3.0,))
('K.114 KernScores', 'P2', 2, (2, 3), (128,), (3.0,), (128,), (3.0,))

57.    (((3, -2),),):
('K.114 KernScores', 'P1', 1, (10, 11), (3,), (2.0,), (3,), (2.0,))
('K.114 KernScores', 'P1', 1, (11, 12), (3,), (3.5,), (3,), (3.5,))
('K.114 KernScores', 'P1', 1, (14, 15), (4,), (2.0,), (4,), (2.0,))
('K.114 KernScores', 'P1', 1, (15, 16), (4,), (3.5,), (4,), (3.5,))
('K.114 KernScores', 'P1', 1, (51, 52), (12,), (2.0,), (12,), (2.0,))
('K.114 KernScores', 'P1', 1, (52, 53), (12,), (3.5,), (12,), (3.5,))
('K.114 KernScores', 'P1', 1, (55, 56), (13,), (2.0,), (13,), (2.0,))
('K.114 KernScores', 'P1', 1, (56, 57), (13,), (3.5,), (13,), (3.5,))
('K.114 KernScores', 'P2', 1, (65, 66), (20,), (3.0,), (20,), (3.0,))
('K.114 KernScores', 'P2', 1, (77, 78), (24,), (3.0,), (24,), (3.0,))
('K.114 KernScores', 'P2', 1, (310, 311), (94,), (3.0,), (94,), (3.0,))
('K.114 KernScores', 'P2', 1, (326, 327), (102,), (3.0,), (102,), (3.0,))
('K.114 KernScores', 'P2', 1, (331, 332), (104,), (3.0,), (104,), (3.0,))
('K.114 KernScores', 'P2', 1, (341, 342), (108,), (3.0,), (108,), (3.0,))
('K.114 KernScores', 'P2', 1, (347, 348), (110,), (3.0,), (110,), (3.0,))
('K.114 KernScores', 'P2', 1, (362, 363), (115,), (3.0,), (115,), (3.0,))
('K.114 KernScores', 'P2', 1, (368, 369), (117,), (3.0,), (117,), (3.0,))
('K.114 KernScores', 'P2', 1, (372, 373), (119,), (1.0,), (119,), (1.0,))
('K.114 KernScores', 'P2', 1, (375, 376), (120,), (1.0,), (120,), (1.0,))

58.    ((4,),):
('K.114 KernScores', 'P1', 1, (271, 272), (53,), (1.5,), (53,), (1.5,))
('K.114 KernScores', 'P1', 1, (281, 282), (55,), (1.5,), (55,), (1.5,))
('K.114 KernScores', 'P1', 1, (291, 292), (57,), (1.5,), (57,), (1.5,))
('K.114 KernScores', 'P1', 1, (300, 301), (59,), (1.0,), (59,), (1.0,))
('K.114 KernScores', 'P1', 1, (310, 311), (61,), (1.0,), (61,), (1.0,))
('K.114 KernScores', 'P1', 1, (313, 314), (61,), (2.5,), (61,), (2.5,))
('K.114 KernScores', 'P1', 1, (411, 412), (98,), (1.0,), (98,), (1.0,))
('K.114 KernScores', 'P1', 1, (623, 624), (145,), (2.0,), (145,), (2.0,))
('K.114 KernScores', 'P1', 1, (630, 631), (147,), (1.5,), (147,), (1.5,))
('K.114 KernScores', 'P1', 1, (635, 636), (148,), (2.0,), (148,), (2.0,))
('K.114 KernScores', 'P1', 1, (639, 640), (149,), (2.0,), (149,), (2.0,))
('K.114 KernScores', 'P2', 1, (210, 211), (70,), (1.5,), (70,), (1.5,))
('K.114 KernScores', 'P2', 1, (250, 251), (78,), (1.5,), (78,), (1.5,))
('K.114 KernScores', 'P2', 1, (286, 287), (84,), (3.0,), (84,), (3.0,))
('K.114 KernScores', 'P2', 1, (503, 504), (155,), (1.5,), (155,), (1.5,))
('K.114 KernScores', 'P2', 1, (555, 556), (163,), (3.5,), (163,), (3.5,))
('K.114 KernScores', 'P2', 1, (590, 591), (170,), (3.5,), (170,), (3.5,))

59.    ((-8,),):
('K.114 KernScores', 'P1', 1, (192, 193), (40,), (1.0,), (40,), (1.0,))
('K.114 KernScores', 'P1', 1, (204, 205), (42,), (1.0,), (42,), (1.0,))
('K.114 KernScores', 'P1', 1, (216, 217), (44,), (1.0,), (44,), (1.0,))
('K.114 KernScores', 'P2', 1, (0, 1), (1,), (1.0,), (1,), (1.0,))
('K.114 KernScores', 'P2', 1, (30, 31), (10,), (1.0,), (10,), (1.0,))
('K.114 KernScores', 'P2', 1, (94, 95), (30,), (2.0,), (30,), (2.0,))
('K.114 KernScores', 'P2', 1, (100, 101), (32,), (2.0,), (32,), (2.0,))
('K.114 KernScores', 'P2', 1, (248, 249), (77,), (2.0,), (77,), (2.0,))
('K.114 KernScores', 'P2', 1, (300, 301), (89,), (2.0,), (89,), (2.0,))
('K.114 KernScores', 'P2', 1, (316, 317), (97,), (2.0,), (97,), (2.0,))
('K.114 KernScores', 'P2', 1, (333, 334), (105,), (2.0,), (105,), (2.0,))
('K.114 KernScores', 'P2', 1, (556, 557), (164,), (1.0,), (164,), (1.0,))
('K.114 KernScores', 'P2', 1, (560, 561), (165,), (2.0,), (165,), (2.0,))
('K.114 KernScores', 'P2', 1, (561, 562), (165,), (3.0,), (165,), (3.0,))
('K.114 KernScores', 'P2', 1, (591, 592), (171,), (1.0,), (171,), (1.0,))
('K.114 KernScores', 'P2', 1, (603, 604), (175,), (1.0,), (175,), (1.0,))

60.    ((8,),):
('K.114 KernScores', 'P1', 1, (17, 18), (5,), (1.5,), (5,), (1.5,))
('K.114 KernScores', 'P1', 1, (58, 59), (14,), (1.5,), (14,), (1.5,))
('K.114 KernScores', 'P1', 1, (399, 400), (90,), (1.0,), (90,), (1.0,))
('K.114 KernScores', 'P1', 1, (497, 498), (118,), (1.5,), (118,), (1.5,))
('K.114 KernScores', 'P1', 1, (503, 504), (119,), (1.5,), (119,), (1.5,))
('K.114 KernScores', 'P1', 1, (509, 510), (120,), (1.5,), (120,), (1.5,))
('K.114 KernScores', 'P1', 1, (521, 522), (127,), (1.5,), (127,), (1.5,))
('K.114 KernScores', 'P1', 1, (544, 545), (131,), (1.0,), (131,), (1.0,))
('K.114 KernScores', 'P1', 1, (665, 666), (154,), (1.0,), (154,), (1.0,))
('K.114 KernScores', 'P1', 2, (16, 17), (13,), (2.0,), (13,), (2.0,))
('K.114 KernScores', 'P2', 1, (29, 30), (9,), (1.0,), (9,), (1.0,))
('K.114 KernScores', 'P2', 1, (318, 319), (98,), (1.0,), (98,), (1.0,))
('K.114 KernScores', 'P2', 1, (426, 427), (127,), (1.0,), (127,), (1.0,))
('K.114 KernScores', 'P2', 1, (431, 432), (129,), (1.0,), (129,), (1.0,))

61.    ((-6,),):
('K.114 KernScores', 'P1', 1, (92, 93), (20,), (3.5,), (20,), (3.5,))
('K.114 KernScores', 'P1', 1, (112, 113), (24,), (3.5,), (24,), (3.5,))
('K.114 KernScores', 'P1', 1, (168, 169), (36,), (1.0,), (36,), (1.0,))
('K.114 KernScores', 'P1', 1, (180, 181), (38,), (1.0,), (38,), (1.0,))
('K.114 KernScores', 'P1', 1, (502, 503), (119,), (1.0,), (119,), (1.0,))
('K.114 KernScores', 'P1', 1, (508, 509), (120,), (1.0,), (120,), (1.0,))
('K.114 KernScores', 'P1', 1, (629, 630), (146,), (3.0,), (146,), (3.0,))
('K.114 KernScores', 'P1', 1, (637, 638), (148,), (3.0,), (148,), (3.0,))
('K.114 KernScores', 'P1', 2, (7, 8), (3,), (1.0,), (3,), (1.0,))
('K.114 KernScores', 'P1', 2, (14, 15), (12,), (1.0,), (12,), (1.0,))
('K.114 KernScores', 'P2', 1, (427, 428), (127,), (2.0,), (127,), (2.0,))
('K.114 KernScores', 'P2', 1, (432, 433), (129,), (2.0,), (129,), (2.0,))

62.    ((7,),):
('K.114 KernScores', 'P1', 1, (100, 101), (22,), (2.5,), (22,), (2.5,))
('K.114 KernScores', 'P1', 1, (120, 121), (26,), (2.5,), (26,), (2.5,))
('K.114 KernScores', 'P1', 1, (239, 240), (47,), (3.5,), (47,), (3.5,))
('K.114 KernScores', 'P1', 1, (251, 252), (49,), (3.5,), (49,), (3.5,))
('K.114 KernScores', 'P1', 1, (263, 264), (51,), (3.5,), (51,), (3.5,))
('K.114 KernScores', 'P1', 1, (476, 477), (113,), (3.5,), (113,), (3.5,))
('K.114 KernScores', 'P1', 1, (556, 557), (133,), (3.5,), (133,), (3.5,))
('K.114 KernScores', 'P1', 1, (568, 569), (135,), (3.5,), (135,), (3.5,))
('K.114 KernScores', 'P1', 1, (580, 581), (137,), (3.5,), (137,), (3.5,))
('K.114 KernScores', 'P1', 2, (9, 10), (4,), (2.0,), (4,), (2.0,))

63.    ((6,),):
('K.114 KernScores', 'P1', 1, (13, 14), (4,), (1.5,), (4,), (1.5,))
('K.114 KernScores', 'P1', 1, (54, 55), (13,), (1.5,), (13,), (1.5,))
('K.114 KernScores', 'P1', 1, (95, 96), (21,), (2.5,), (21,), (2.5,))
('K.114 KernScores', 'P1', 1, (115, 116), (25,), (2.5,), (25,), (2.5,))
('K.114 KernScores', 'P1', 1, (326, 327), (64,), (1.0,), (64,), (1.0,))
('K.114 KernScores', 'P1', 1, (361, 362), (77,), (3.5,), (77,), (3.5,))
('K.114 KernScores', 'P1', 1, (442, 443), (107,), (2.5,), (107,), (2.5,))
('K.114 KernScores', 'P1', 1, (452, 453), (109,), (2.5,), (109,), (2.5,))
('K.114 KernScores', 'P1', 1, (678, 679), (165,), (3.5,), (165,), (3.5,))
('K.114 KernScores', 'P2', 1, (96, 97), (31,), (1.0,), (31,), (1.0,))

64.    ((-7,),):
('K.114 KernScores', 'P1', 1, (97, 98), (21,), (3.5,), (21,), (3.5,))
('K.114 KernScores', 'P1', 1, (117, 118), (25,), (3.5,), (25,), (3.5,))
('K.114 KernScores', 'P1', 1, (415, 416), (99,), (3.0,), (99,), (3.0,))
('K.114 KernScores', 'P1', 1, (419, 420), (100,), (3.0,), (100,), (3.0,))
('K.114 KernScores', 'P1', 1, (423, 424), (101,), (3.0,), (101,), (3.0,))
('K.114 KernScores', 'P1', 1, (427, 428), (102,), (3.0,), (102,), (3.0,))
('K.114 KernScores', 'P1', 1, (431, 432), (103,), (3.0,), (103,), (3.0,))
('K.114 KernScores', 'P2', 1, (430, 431), (128,), (2.0,), (128,), (2.0,))

65.    (((6, -2),),):
('K.114 KernScores', 'P1', 1, (18, 19), (5,), (2.0,), (5,), (2.0,))
('K.114 KernScores', 'P1', 1, (19, 20), (5,), (3.5,), (5,), (3.5,))
('K.114 KernScores', 'P1', 1, (59, 60), (14,), (2.0,), (14,), (2.0,))
('K.114 KernScores', 'P1', 1, (60, 61), (14,), (3.5,), (14,), (3.5,))
('K.114 KernScores', 'P2', 1, (70, 71), (22,), (2.0,), (22,), (2.0,))
('K.114 KernScores', 'P2', 1, (82, 83), (26,), (2.0,), (26,), (2.0,))

66.    ((13,),):
('K.114 KernScores', 'P1', 1, (332, 333), (65,), (1.0,), (65,), (1.0,))
('K.114 KernScores', 'P1', 1, (349, 350), (67,), (3.5,), (67,), (3.5,))
('K.114 KernScores', 'P2', 1, (436, 437), (131,), (1.0,), (131,), (1.0,))

67.    ((15,),):
('K.114 KernScores', 'P2', 1, (59, 60), (18,), (1.0,), (18,), (1.0,))
('K.114 KernScores', 'P2', 1, (249, 250), (77,), (3.0,), (77,), (3.0,))
('K.114 KernScores', 'P2', 1, (302, 303), (90,), (1.0,), (90,), (1.0,))

68.    ((None,),):
('K.114 KernScores', 'P1', 1, (0, 1), (1,), (1.0,), (1,), (1.0,))
('K.114 KernScores', 'P1', 2, (0, 1), (1,), (1.0,), (1,), (1.0,))

69.    ((-5,),):
('K.114 KernScores', 'P1', 1, (633, 634), (147,), (3.0,), (147,), (3.0,))
('K.114 KernScores', 'P2', 1, (301, 302), (89,), (3.0,), (89,), (3.0,))

70.    (((3, 2, 3, -2),),):
('K.114 KernScores', 'P2', 1, (332, 333), (105,), (1.0,), (105,), (1.0,))
('K.114 KernScores', 'P2', 1, (490, 491), (149,), (3.0,), (149,), (3.0,))

71.    (((4, 2, 1),),):
('K.114 KernScores', 'P2', 1, (479, 480), (146,), (1.0,), (146,), (1.0,))
('K.114 KernScores', 'P2', 1, (480, 481), (146,), (2.0,), (146,), (2.0,))

72.    (((3, 2, 3, 1),),):
('K.114 KernScores', 'P2', 1, (488, 489), (149,), (1.0,), (149,), (1.0,))
('K.114 KernScores', 'P2', 1, (489, 490), (149,), (2.0,), (149,), (2.0,))

73.    (((5, 4, 1),),):
('K.114 KernScores', 'P2', 1, (497, 498), (152,), (1.0,), (152,), (1.0,))
('K.114 KernScores', 'P2', 1, (498, 499), (152,), (2.0,), (152,), (2.0,))

