1 .    ('nomes', 'K.492 KernScores') 

2 .    ('quantidade', 1) 

3 .    ('analise', 'sequęncias IntDiaDurPcompasso sem contidos e intercalados') 

1 .    (((-2, -2, -2, -2, -2, -2, -2, 6, -2, -2, -2, -2, -2, -2, -2, 7, -2, -2, -2, -2, -2, -2, -2, 7, -2, -2, -2, 2, -3), (3.5, 0.5, 0.5, 0.5, 0.25, 0.25, 0.25, 0.25, 3.5, 0.5, 0.5, 0.5, 0.25, 0.25, 0.25, 0.25, 3.5, 0.5, 0.5, 0.5, 0.25, 0.25, 0.25, 0.25, 1.0, 1.0, 1.0, 1.0, 1.0), (1.0, 4.5, 5.0, 5.5, 6.0, 6.25, 6.5, 6.75, 1.0, 4.5, 5.0, 5.5, 6.0, 6.25, 6.5, 6.75, 1.0, 4.5, 5.0, 5.5, 6.0, 6.25, 6.5, 6.75, 1.0, 2.0, 3.0, 4.0, 5.0)), [[('K.492 KernScores', 'P1', 1, (158, 187), (36, 1.0), (39, 5.0)), ('K.492 KernScores', 'P1', 1, (188, 217), (40, 1.0), (43, 5.0))], [('K.492 KernScores', 'P1', 1, (438, 467), (91, 1.0), (94, 5.0)), ('K.492 KernScores', 'P1', 1, (468, 497), (95, 1.0), (98, 5.0))]]) 

2 .    (((2, 2, 2, 2, 2, 2, 2, -5, 2, 2, 2, 2, 2, 2, 2, -11, 2, 2, 2, 2, 2, 2, 2, -12, (8, 2)), (0.5, 0.5, 0.5, 0.25, 0.25, 0.25, 0.25, 3.5, 0.5, 0.5, 0.5, 0.25, 0.25, 0.25, 0.25, 3.5, 0.5, 0.5, 0.5, 0.25, 0.25, 0.25, 0.25, 3.0, (0.0, 3.0)), (1.5, 2.0, 2.5, 3.0, 3.25, 3.5, 3.75, 4.0, 1.5, 2.0, 2.5, 3.0, 3.25, 3.5, 3.75, 4.0, 1.5, 2.0, 2.5, 3.0, 3.25, 3.5, 3.75, 4.0, 1.0)), [[('K.492 KernScores', 'P2', 1, (146, 171), (36, 1.5), (39, 1.0)), ('K.492 KernScores', 'P2', 1, (172, 197), (40, 1.5), (43, 1.0))], [('K.492 KernScores', 'P2', 1, (356, 381), (91, 1.5), (94, 1.0)), ('K.492 KernScores', 'P2', 1, (382, 407), (95, 1.5), (98, 1.0))]]) 

3 .    (((4, 2, 4, -7, 3, 2, 3), (1.0, 0.5, 0.5, 1.0, 1.0, 0.5, 0.5), (1.0, 2.0, 2.5, 3.0, 4.0, 5.0, 5.5)), [[('K.492 KernScores', 'P2', 1, (82, 89), (26, 1.0), (26, 5.5)), ('K.492 KernScores', 'P2', 1, (90, 97), (27, 1.0), (27, 5.5)), ('K.492 KernScores', 'P2', 1, (98, 105), (28, 1.0), (28, 5.5))], [('K.492 KernScores', 'P2', 1, (122, 129), (32, 1.0), (32, 5.5)), ('K.492 KernScores', 'P2', 1, (130, 137), (33, 1.0), (33, 5.5))]]) 

4 .    (((4, 2, 3, -6, 3, 2, 3), (1.0, 0.5, 0.5, 1.0, 1.0, 0.5, 0.5), (1.0, 2.0, 2.5, 3.0, 4.0, 5.0, 5.5)), [[('K.492 KernScores', 'P2', 1, (293, 300), (81, 1.0), (81, 5.5)), ('K.492 KernScores', 'P2', 1, (301, 308), (82, 1.0), (82, 5.5)), ('K.492 KernScores', 'P2', 1, (309, 316), (83, 1.0), (83, 5.5))], [('K.492 KernScores', 'P2', 1, (333, 340), (87, 1.0), (87, 5.5)), ('K.492 KernScores', 'P2', 1, (341, 348), (88, 1.0), (88, 5.5))]]) 

5 .    (((2, 2, 2, -5, 2, 2, 2), (1.0, 1.0, 1.0, 3.0, 1.0, 1.0, 1.0), (1.0, 2.0, 3.0, 4.0, 1.0, 2.0, 3.0)), [[('K.492 KernScores', 'P2', 1, (26, 33), (9, 1.0), (10, 3.0)), ('K.492 KernScores', 'P2', 1, (34, 41), (11, 1.0), (12, 3.0))]]) 

6 .    (((2, 3, (6, -7), 4, 2, 4, -7), (0.5, 0.5, (0.0, 1.0), 1.0, 0.5, 0.5, 1.0), (5.0, 5.5, 6.0, 1.0, 2.0, 2.5, 3.0)), [[('K.492 KernScores', 'P2', 1, (119, 126), (31, 5.0), (32, 3.0)), ('K.492 KernScores', 'P2', 1, (127, 134), (32, 5.0), (33, 3.0))]]) 

7 .    (((2, 3, (6, -7), 4, 2, 3, -6), (0.5, 0.5, (0.0, 1.0), 1.0, 0.5, 0.5, 1.0), (5.0, 5.5, 6.0, 1.0, 2.0, 2.5, 3.0)), [[('K.492 KernScores', 'P2', 1, (330, 337), (86, 5.0), (87, 3.0)), ('K.492 KernScores', 'P2', 1, (338, 345), (87, 5.0), (88, 3.0))]]) 

8 .    (((2, -4, 2, -3), (1.0, 1.0, 1.0, 1.0), (2.0, 3.0, 4.0, 5.0)), [[('K.492 KernScores', 'P1', 2, (8, 12), (50, 2.0), (50, 5.0)), ('K.492 KernScores', 'P1', 2, (13, 17), (51, 2.0), (51, 5.0)), ('K.492 KernScores', 'P1', 2, (18, 22), (52, 2.0), (52, 5.0))], [('K.492 KernScores', 'P1', 2, (31, 35), (105, 2.0), (105, 5.0)), ('K.492 KernScores', 'P1', 2, (36, 40), (106, 2.0), (106, 5.0)), ('K.492 KernScores', 'P1', 2, (41, 45), (107, 2.0), (107, 5.0))]]) 

9 .    (((1, 2, -2, -2, 1, 2), (1.0, 1.0, 0.0, 1.0, 1.0, 1.0), (2.0, 3.0, 4.0, 4.0, 5.0, 6.0)), [[('K.492 KernScores', 'P1', 1, (105, 111), (21, 2.0), (21, 6.0)), ('K.492 KernScores', 'P1', 1, (112, 118), (22, 2.0), (22, 6.0))], [('K.492 KernScores', 'P1', 1, (388, 394), (76, 2.0), (76, 6.0)), ('K.492 KernScores', 'P1', 1, (395, 401), (77, 2.0), (77, 6.0))]]) 

10 .    (((-2, 1, 2, -2, 1), (1.0, 1.0, 1.0, 1.0, 1.0), (1.0, 2.0, 3.0, 4.0, 5.0)), [[('K.492 KernScores', 'P1', 1, (280, 285), (58, 1.0), (58, 5.0)), ('K.492 KernScores', 'P1', 1, (286, 291), (59, 1.0), (59, 5.0))], [('K.492 KernScores', 'P1', 1, (304, 309), (62, 1.0), (62, 5.0)), ('K.492 KernScores', 'P1', 1, (310, 315), (63, 1.0), (63, 5.0))], [('K.492 KernScores', 'P1', 1, (322, 327), (65, 1.0), (65, 5.0)), ('K.492 KernScores', 'P1', 1, (328, 333), (66, 1.0), (66, 5.0))], [('K.492 KernScores', 'P1', 1, (340, 345), (68, 1.0), (68, 5.0)), ('K.492 KernScores', 'P1', 1, (346, 351), (69, 1.0), (69, 5.0))]]) 

11 .    (((2, 2, -5), (1.0, 1.0, 3.0), (2.0, 3.0, 4.0)), [[('K.492 KernScores', 'P2', 1, (47, 50), (14, 2.0), (14, 4.0)), ('K.492 KernScores', 'P2', 1, (51, 54), (15, 2.0), (15, 4.0))]]) 

12 .    (((1, (3, 2), (3, 2)), (3.0, (0.0, 1.0), (0.0, 1.0)), (1.0, 4.0, 5.0)), [[('K.492 KernScores', 'P1', 1, (0, 3), (1, 1.0), (1, 5.0)), ('K.492 KernScores', 'P1', 1, (4, 7), (2, 1.0), (2, 5.0))], [('K.492 KernScores', 'P1', 1, (20, 23), (5, 1.0), (5, 5.0)), ('K.492 KernScores', 'P1', 1, (24, 27), (6, 1.0), (6, 5.0))]]) 

13 .    ((((8, 2), (8, 2), (8, -2)), ((0.0, 2.0), (0.0, 1.0), (0.0, 2.0)), (1.0, 3.0, 4.0)), [[('K.492 KernScores', 'P2', 1, (216, 219), (50, 1.0), (50, 4.0)), ('K.492 KernScores', 'P2', 1, (220, 223), (51, 1.0), (51, 4.0))], [('K.492 KernScores', 'P2', 1, (426, 429), (105, 1.0), (105, 4.0)), ('K.492 KernScores', 'P2', 1, (430, 433), (106, 1.0), (106, 4.0))]]) 

14 .    ((((3, 2), (3, 2)), ((0.0, 1.0), (0.0, 1.0)), (1.0, 2.0)), [[('K.492 KernScores', 'P2', 1, (0, 2), (1, 1.0), (1, 2.0)), ('K.492 KernScores', 'P2', 1, (3, 5), (2, 1.0), (2, 2.0))], [('K.492 KernScores', 'P2', 1, (13, 15), (5, 1.0), (5, 2.0)), ('K.492 KernScores', 'P2', 1, (16, 18), (6, 1.0), (6, 2.0))]]) 

