1.    nomes:
K.141 Musescore

2.    quantidade:
1

3.    analise:
[('intDia', 'p1p2')] SemContInte Distancia: 0

1.    ((4, -4, 5, -5, 3, -3, 4, -4, 2, -2, 3, -3, 4, -4, 5, -5, 3, -3, 4, -4, 2, -2, 3, -3, -5, 5, -4, 4, -6, 6, -5, 5, -7, 7, -8, 8, -5, 5, -4, 4, -6, 6, -5, 5, -7, 7, 1, 8, -2, -2, -2, 7, -2, -2, -2, -2, -2, -2, 2, 2, -2, -2, -2, -2, 2, -2, -2, -2, -2, -2, -2, 2, 2, -2, -2, -2, -2, 2),):
('K.141 Musescore', 'P1', 1, (358, 436), (72,), (1.5,), (84,), (3.5,))
('K.141 Musescore', 'P1', 1, (775, 853), (145,), (1.5,), (157,), (3.5,))

2.    ((1, 1, 1, 1, 1, 2, 1, 1, 1, 1, 1, 2, 1, 1, 1, 2, 1, 2, 1, 1, 1, 2, 1, 2, 1, 1, 1, 1, 1, -2, -2, -2, -2, 2, 5, 1, 1, 1, 1, 1, 2, 1, 1, 1, 1, 1, 2, 1, 1, 1, 2, 1, 2, 1, 1, 1, 2, 1, 2, 1, 1, 1, 1, 1, -2, -2, -2, -2, 2),):
('K.141 Musescore', 'P1', 1, (174, 243), (40,), (1.0,), (51,), (2.5,))
('K.141 Musescore', 'P1', 1, (594, 663), (113,), (1.0,), (124,), (2.5,))

3.    ((1, 1, 1, 1, 1, 3, 1, 1, 1, 1, 1, -2, 1, 1, 1, 1, 1, -2, 1, 1, 1, 1, 1, 2, 1, 1, 1, 1, 1, 4, 1, 1, 1, 1, 1, 4, -3, -2, -2, -2, -2, 2, 2, 2, -5, 2, -3, 2),):
('K.141 Musescore', 'P1', 1, (0, 48), (1,), (1.0,), (8,), (3.5,))
('K.141 Musescore', 'P1', 1, (54, 102), (10,), (1.0,), (17,), (3.5,))

4.    ((-2, -2, -2, -2, -2, -2, 2, 2, -7, -10, 1, 1, 1, 1, 1, 1, 1, 1, 3, 1, 1, -2, 1, 1, 1, 1, 1, 1, 1, 1, 3, 1, 1, -2, 1, 1, 1, 1, 1, 1, 1, 1, 3, 1, 1, -2),):
('K.141 Musescore', 'P1', 3, (101, 147), (47,), (2.0,), (64,), (3.0,))
('K.141 Musescore', 'P1', 3, (301, 347), (120,), (2.0,), (137,), (3.0,))

5.    ((1, 1, -2, 1, 1, 1, 1, 1, 1, 1, 1),):
('K.141 Musescore', 'P1', 1, (512, 523), (98,), (2.5,), (100,), (1.5,))
('K.141 Musescore', 'P1', 3, (120, 131), (56,), (1.0,), (59,), (2.0,))
('K.141 Musescore', 'P1', 3, (132, 143), (60,), (1.0,), (63,), (2.0,))
('K.141 Musescore', 'P1', 3, (320, 331), (129,), (1.0,), (132,), (2.0,))
('K.141 Musescore', 'P1', 3, (332, 343), (133,), (1.0,), (136,), (2.0,))

6.    ((7, -2, -2, -2, -2, -2, -2, 2, 2),):
('K.141 Musescore', 'P1', 1, (409, 418), (80,), (3.5,), (82,), (1.33,))
('K.141 Musescore', 'P1', 1, (826, 835), (153,), (3.5,), (155,), (1.33,))
('K.141 Musescore', 'P1', 3, (288, 297), (114,), (1.0,), (117,), (2.0,))
('K.141 Musescore', 'P1', 3, (300, 309), (120,), (1.0,), (123,), (2.0,))

7.    ((1, 1, 1, 1, 1, 1, 1, 1),):
('K.141 Musescore', 'P1', 1, (437, 445), (86,), (1.0,), (87,), (1.5,))
('K.141 Musescore', 'P1', 1, (445, 453), (87,), (2.0,), (88,), (2.5,))
('K.141 Musescore', 'P1', 1, (453, 461), (88,), (3.0,), (89,), (3.5,))
('K.141 Musescore', 'P1', 1, (461, 469), (90,), (1.0,), (91,), (1.5,))
('K.141 Musescore', 'P1', 1, (473, 481), (92,), (1.0,), (93,), (1.5,))
('K.141 Musescore', 'P1', 1, (481, 489), (93,), (2.0,), (94,), (2.5,))
('K.141 Musescore', 'P1', 1, (523, 531), (100,), (2.0,), (101,), (2.5,))
('K.141 Musescore', 'P1', 3, (111, 119), (53,), (1.0,), (55,), (2.0,))
('K.141 Musescore', 'P1', 3, (311, 319), (126,), (1.0,), (128,), (2.0,))

8.    ((-2, -2, -2, -2, -2, -2, 2, 2),):
('K.141 Musescore', 'P1', 1, (423, 431), (83,), (1.0,), (84,), (1.33,))
('K.141 Musescore', 'P1', 1, (840, 848), (156,), (1.0,), (157,), (1.33,))
('K.141 Musescore', 'P1', 1, (853, 861), (158,), (1.0,), (159,), (1.33,))
('K.141 Musescore', 'P1', 3, (87, 95), (41,), (2.0,), (44,), (2.0,))
('K.141 Musescore', 'P1', 3, (101, 109), (47,), (2.0,), (50,), (2.0,))

9.    (((3, -2), (3, 3, 1), (3, 3, 1), (3, 3, 2), (3, 1), (3, 1), (3, -2)),):
('K.141 Musescore', 'P1', 3, (210, 217), (86,), (3.0,), (88,), (3.0,))
('K.141 Musescore', 'P1', 3, (252, 259), (100,), (3.0,), (102,), (3.0,))

10.    ((-2, -2, -2, -2, -2, -3),):
('K.141 Musescore', 'P1', 1, (352, 358), (71,), (1.5,), (72,), (1.0,))
('K.141 Musescore', 'P1', 1, (588, 594), (111,), (1.5,), (112,), (1.0,))

11.    ((4, 1, 1, 1, 1),):
('K.141 Musescore', 'P1', 1, (29, 34), (5,), (3.5,), (6,), (2.5,))
('K.141 Musescore', 'P1', 1, (83, 88), (14,), (3.5,), (15,), (2.5,))
('K.141 Musescore', 'P1', 4, (0, 5), (31,), (1.0,), (35,), (1.0,))

12.    ((-3, -3, 7, -3, 4),):
('K.141 Musescore', 'P1', 1, (103, 108), (20,), (1.5,), (20,), (3.5,))
('K.141 Musescore', 'P1', 1, (109, 114), (22,), (1.5,), (22,), (3.5,))

13.    ((-4, -3, -3, -4, -3),):
('K.141 Musescore', 'P1', 1, (168, 173), (37,), (1.0,), (37,), (3.0,))
('K.141 Musescore', 'P1', 3, (76, 81), (38,), (1.0,), (38,), (3.0,))

14.    (((3, 2, 1), (3, 2, 1), (3, 2, -2), (3, 3, 1), (3, 3, 1)),):
('K.141 Musescore', 'P1', 3, (223, 228), (91,), (1.0,), (92,), (2.0,))
('K.141 Musescore', 'P1', 3, (232, 237), (94,), (1.0,), (95,), (2.0,))

15.    (((4, 1), (4, 1), (4, -2), (5, 1), (5, 1)),):
('K.141 Musescore', 'P1', 3, (238, 243), (96,), (1.0,), (97,), (2.0,))
('K.141 Musescore', 'P1', 3, (244, 249), (98,), (1.0,), (99,), (2.0,))

16.    (((8, 1), (8, 1), (8, 8), (5, 3, 1), (5, 3, 1)),):
('K.141 Musescore', 'P1', 3, (347, 352), (138,), (1.0,), (139,), (2.0,))
('K.141 Musescore', 'P1', 3, (353, 358), (140,), (1.0,), (141,), (2.0,))

17.    ((1, 1, 1, 1),):
('K.141 Musescore', 'P1', 1, (0, 4), (1,), (1.0,), (1,), (2.5,))
('K.141 Musescore', 'P1', 1, (6, 10), (2,), (1.0,), (2,), (2.5,))
('K.141 Musescore', 'P1', 1, (12, 16), (3,), (1.0,), (3,), (2.5,))
('K.141 Musescore', 'P1', 1, (18, 22), (4,), (1.0,), (4,), (2.5,))
('K.141 Musescore', 'P1', 1, (24, 28), (5,), (1.0,), (5,), (2.5,))
('K.141 Musescore', 'P1', 1, (30, 34), (6,), (1.0,), (6,), (2.5,))
('K.141 Musescore', 'P1', 1, (54, 58), (10,), (1.0,), (10,), (2.5,))
('K.141 Musescore', 'P1', 1, (60, 64), (11,), (1.0,), (11,), (2.5,))
('K.141 Musescore', 'P1', 1, (66, 70), (12,), (1.0,), (12,), (2.5,))
('K.141 Musescore', 'P1', 1, (72, 76), (13,), (1.0,), (13,), (2.5,))
('K.141 Musescore', 'P1', 1, (78, 82), (14,), (1.0,), (14,), (2.5,))
('K.141 Musescore', 'P1', 1, (84, 88), (15,), (1.0,), (15,), (2.5,))
('K.141 Musescore', 'P1', 1, (174, 178), (40,), (1.0,), (40,), (2.5,))
('K.141 Musescore', 'P1', 1, (180, 184), (41,), (1.0,), (41,), (2.5,))
('K.141 Musescore', 'P1', 1, (198, 202), (44,), (1.0,), (44,), (2.5,))
('K.141 Musescore', 'P1', 1, (209, 213), (46,), (1.0,), (46,), (2.5,))
('K.141 Musescore', 'P1', 1, (215, 219), (47,), (1.0,), (47,), (2.5,))
('K.141 Musescore', 'P1', 1, (233, 237), (50,), (1.0,), (50,), (2.5,))
('K.141 Musescore', 'P1', 1, (437, 441), (86,), (1.0,), (86,), (2.5,))
('K.141 Musescore', 'P1', 1, (441, 445), (86,), (3.0,), (87,), (1.5,))
('K.141 Musescore', 'P1', 1, (445, 449), (87,), (2.0,), (87,), (3.5,))
('K.141 Musescore', 'P1', 1, (449, 453), (88,), (1.0,), (88,), (2.5,))
('K.141 Musescore', 'P1', 1, (453, 457), (88,), (3.0,), (89,), (1.5,))
('K.141 Musescore', 'P1', 1, (457, 461), (89,), (2.0,), (89,), (3.5,))
('K.141 Musescore', 'P1', 1, (461, 465), (90,), (1.0,), (90,), (2.5,))
('K.141 Musescore', 'P1', 1, (465, 469), (90,), (3.0,), (91,), (1.5,))
('K.141 Musescore', 'P1', 1, (473, 477), (92,), (1.0,), (92,), (2.5,))
('K.141 Musescore', 'P1', 1, (477, 481), (92,), (3.0,), (93,), (1.5,))
('K.141 Musescore', 'P1', 1, (481, 485), (93,), (2.0,), (93,), (3.5,))
('K.141 Musescore', 'P1', 1, (485, 489), (94,), (1.0,), (94,), (2.5,))
('K.141 Musescore', 'P1', 1, (489, 493), (94,), (3.0,), (95,), (1.5,))
('K.141 Musescore', 'P1', 1, (497, 501), (96,), (1.0,), (96,), (2.5,))
('K.141 Musescore', 'P1', 1, (503, 507), (97,), (1.0,), (97,), (2.5,))
('K.141 Musescore', 'P1', 1, (509, 513), (98,), (1.0,), (98,), (2.5,))
('K.141 Musescore', 'P1', 1, (515, 519), (99,), (1.0,), (99,), (2.5,))
('K.141 Musescore', 'P1', 1, (519, 523), (99,), (3.0,), (100,), (1.5,))
('K.141 Musescore', 'P1', 1, (523, 527), (100,), (2.0,), (100,), (3.5,))
('K.141 Musescore', 'P1', 1, (527, 531), (101,), (1.0,), (101,), (2.5,))
('K.141 Musescore', 'P1', 1, (531, 535), (101,), (3.0,), (102,), (1.5,))
('K.141 Musescore', 'P1', 1, (539, 543), (103,), (1.0,), (103,), (2.5,))
('K.141 Musescore', 'P1', 1, (545, 549), (104,), (1.0,), (104,), (2.5,))
('K.141 Musescore', 'P1', 1, (551, 555), (105,), (1.0,), (105,), (2.5,))
('K.141 Musescore', 'P1', 1, (557, 561), (106,), (1.0,), (106,), (2.5,))
('K.141 Musescore', 'P1', 1, (563, 567), (107,), (1.0,), (107,), (2.5,))
('K.141 Musescore', 'P1', 1, (569, 573), (108,), (1.0,), (108,), (2.5,))
('K.141 Musescore', 'P1', 1, (594, 598), (113,), (1.0,), (113,), (2.5,))
('K.141 Musescore', 'P1', 1, (600, 604), (114,), (1.0,), (114,), (2.5,))
('K.141 Musescore', 'P1', 1, (618, 622), (117,), (1.0,), (117,), (2.5,))
('K.141 Musescore', 'P1', 1, (629, 633), (119,), (1.0,), (119,), (2.5,))
('K.141 Musescore', 'P1', 1, (635, 639), (120,), (1.0,), (120,), (2.5,))
('K.141 Musescore', 'P1', 1, (653, 657), (123,), (1.0,), (123,), (2.5,))
('K.141 Musescore', 'P1', 3, (111, 115), (53,), (1.0,), (54,), (1.0,))
('K.141 Musescore', 'P1', 3, (115, 119), (54,), (2.0,), (55,), (2.0,))
('K.141 Musescore', 'P1', 3, (123, 127), (57,), (1.0,), (58,), (1.0,))
('K.141 Musescore', 'P1', 3, (127, 131), (58,), (2.0,), (59,), (2.0,))
('K.141 Musescore', 'P1', 3, (135, 139), (61,), (1.0,), (62,), (1.0,))
('K.141 Musescore', 'P1', 3, (139, 143), (62,), (2.0,), (63,), (2.0,))
('K.141 Musescore', 'P1', 3, (311, 315), (126,), (1.0,), (127,), (1.0,))
('K.141 Musescore', 'P1', 3, (315, 319), (127,), (2.0,), (128,), (2.0,))
('K.141 Musescore', 'P1', 3, (323, 327), (130,), (1.0,), (131,), (1.0,))
('K.141 Musescore', 'P1', 3, (327, 331), (131,), (2.0,), (132,), (2.0,))
('K.141 Musescore', 'P1', 3, (335, 339), (134,), (1.0,), (135,), (1.0,))
('K.141 Musescore', 'P1', 3, (339, 343), (135,), (2.0,), (136,), (2.0,))
('K.141 Musescore', 'P1', 4, (1, 5), (32,), (1.0,), (35,), (1.0,))

18.    ((-3, -3, -4, -3),):
('K.141 Musescore', 'P1', 1, (129, 133), (28,), (1.0,), (28,), (2.5,))
('K.141 Musescore', 'P1', 3, (20, 24), (19,), (1.0,), (19,), (2.5,))
('K.141 Musescore', 'P1', 3, (27, 31), (21,), (1.0,), (21,), (2.5,))
('K.141 Musescore', 'P1', 3, (34, 38), (23,), (1.0,), (23,), (2.5,))
('K.141 Musescore', 'P1', 3, (41, 45), (25,), (1.0,), (25,), (2.5,))
('K.141 Musescore', 'P1', 3, (48, 52), (27,), (1.0,), (27,), (2.5,))
('K.141 Musescore', 'P1', 3, (55, 59), (29,), (1.0,), (29,), (2.5,))

19.    ((2, 1, 1),):
('K.141 Musescore', 'P1', 1, (185, 188), (41,), (3.5,), (42,), (1.5,))
('K.141 Musescore', 'P1', 1, (191, 194), (42,), (3.5,), (43,), (1.5,))
('K.141 Musescore', 'P1', 1, (220, 223), (47,), (3.5,), (48,), (1.5,))
('K.141 Musescore', 'P1', 1, (226, 229), (48,), (3.5,), (49,), (1.5,))
('K.141 Musescore', 'P1', 1, (508, 511), (97,), (3.5,), (98,), (1.5,))
('K.141 Musescore', 'P1', 1, (605, 608), (114,), (3.5,), (115,), (1.5,))
('K.141 Musescore', 'P1', 1, (611, 614), (115,), (3.5,), (116,), (1.5,))
('K.141 Musescore', 'P1', 1, (640, 643), (120,), (3.5,), (121,), (1.5,))
('K.141 Musescore', 'P1', 1, (646, 649), (121,), (3.5,), (122,), (1.5,))
('K.141 Musescore', 'P1', 3, (278, 281), (109,), (2.0,), (110,), (1.0,))

20.    ((-3, -5),):
('K.141 Musescore', 'P1', 1, (381, 383), (76,), (1.0,), (76,), (1.5,))
('K.141 Musescore', 'P1', 1, (798, 800), (149,), (1.0,), (149,), (1.5,))
('K.141 Musescore', 'P1', 3, (38, 40), (23,), (3.0,), (23,), (3.5,))
('K.141 Musescore', 'P1', 3, (45, 47), (25,), (3.0,), (25,), (3.5,))
('K.141 Musescore', 'P1', 3, (52, 54), (27,), (3.0,), (27,), (3.5,))

21.    ((2, 5),):
('K.141 Musescore', 'P1', 1, (207, 209), (45,), (2.5,), (45,), (3.0,))
('K.141 Musescore', 'P1', 1, (627, 629), (118,), (2.5,), (118,), (3.0,))
('K.141 Musescore', 'P1', 4, (14, 16), (115,), (2.0,), (120,), (1.0,))

22.    ((3, -2),):
('K.141 Musescore', 'P1', 1, (587, 589), (111,), (1.0,), (111,), (1.5,))
('K.141 Musescore', 'P1', 4, (20, 22), (128,), (1.0,), (129,), (1.0,))
('K.141 Musescore', 'P1', 4, (24, 26), (132,), (1.0,), (133,), (1.0,))

23.    ((2, 3),):
('K.141 Musescore', 'P1', 1, (586, 588), (110,), (3.5,), (111,), (1.0,))
('K.141 Musescore', 'P1', 2, (1, 3), (64,), (1.0,), (129,), (1.0,))

24.    ((3, 2),):
('K.141 Musescore', 'P1', 2, (0, 2), (56,), (1.0,), (64,), (1.0,))
('K.141 Musescore', 'P1', 4, (13, 15), (115,), (1.0,), (115,), (2.0,))

25.    (((4, 2, 4, 1), (4, 2, 4, 5)),):
('K.141 Musescore', 'P1', 3, (0, 2), (1,), (1.0,), (2,), (1.0,))
('K.141 Musescore', 'P1', 3, (10, 12), (10,), (1.0,), (11,), (1.0,))

26.    (((4, 2, 4, -3), (3, 4, 2)),):
('K.141 Musescore', 'P1', 3, (4, 6), (5,), (1.0,), (6,), (1.0,))
('K.141 Musescore', 'P1', 3, (14, 16), (14,), (1.0,), (15,), (1.0,))

27.    (((4, 3, 1), (5, 3, -5)),):
('K.141 Musescore', 'P1', 3, (7, 9), (8,), (1.0,), (8,), (3.0,))
('K.141 Musescore', 'P1', 3, (17, 19), (17,), (1.0,), (17,), (3.0,))

28.    (((3, 4, 1), (3, 4, 1)),):
('K.141 Musescore', 'P1', 3, (271, 273), (107,), (1.0,), (107,), (2.0,))
('K.141 Musescore', 'P1', 3, (274, 276), (108,), (1.0,), (108,), (2.0,))

29.    ((6, 3),):
('K.141 Musescore', 'P1', 4, (6, 8), (41,), (1.0,), (42,), (1.0,))
('K.141 Musescore', 'P1', 4, (9, 11), (47,), (1.0,), (48,), (1.0,))

30.    ((5, 3),):
('K.141 Musescore', 'P1', 4, (12, 14), (114,), (1.0,), (115,), (1.0,))
('K.141 Musescore', 'P1', 4, (15, 17), (120,), (1.0,), (121,), (1.0,))

31.    ((2,),):
('K.141 Musescore', 'P1', 1, (23, 24), (4,), (3.5,), (4,), (3.5,))
('K.141 Musescore', 'P1', 1, (41, 42), (7,), (3.5,), (7,), (3.5,))
('K.141 Musescore', 'P1', 1, (42, 43), (8,), (1.0,), (8,), (1.0,))
('K.141 Musescore', 'P1', 1, (43, 44), (8,), (1.5,), (8,), (1.5,))
('K.141 Musescore', 'P1', 1, (45, 46), (8,), (2.5,), (8,), (2.5,))
('K.141 Musescore', 'P1', 1, (47, 48), (8,), (3.5,), (8,), (3.5,))
('K.141 Musescore', 'P1', 1, (77, 78), (13,), (3.5,), (13,), (3.5,))
('K.141 Musescore', 'P1', 1, (95, 96), (16,), (3.5,), (16,), (3.5,))
('K.141 Musescore', 'P1', 1, (96, 97), (17,), (1.0,), (17,), (1.0,))
('K.141 Musescore', 'P1', 1, (97, 98), (17,), (1.5,), (17,), (1.5,))
('K.141 Musescore', 'P1', 1, (99, 100), (17,), (2.5,), (17,), (2.5,))
('K.141 Musescore', 'P1', 1, (101, 102), (17,), (3.5,), (17,), (3.5,))
('K.141 Musescore', 'P1', 1, (114, 115), (23,), (1.0,), (23,), (1.0,))
('K.141 Musescore', 'P1', 1, (121, 122), (25,), (1.0,), (25,), (1.0,))
('K.141 Musescore', 'P1', 1, (128, 129), (27,), (1.0,), (27,), (1.0,))
('K.141 Musescore', 'P1', 1, (135, 136), (29,), (1.0,), (29,), (1.0,))
('K.141 Musescore', 'P1', 1, (140, 141), (30,), (3.0,), (30,), (3.0,))
('K.141 Musescore', 'P1', 1, (154, 155), (33,), (1.0,), (33,), (1.0,))
('K.141 Musescore', 'P1', 1, (156, 157), (33,), (2.0,), (33,), (2.0,))
('K.141 Musescore', 'P1', 1, (157, 158), (34,), (1.0,), (34,), (1.0,))
('K.141 Musescore', 'P1', 1, (158, 159), (34,), (1.25,), (34,), (1.25,))
('K.141 Musescore', 'P1', 1, (161, 162), (35,), (1.0,), (35,), (1.0,))
('K.141 Musescore', 'P1', 1, (163, 164), (35,), (2.0,), (35,), (2.0,))
('K.141 Musescore', 'P1', 1, (164, 165), (36,), (1.0,), (36,), (1.0,))
('K.141 Musescore', 'P1', 1, (165, 166), (36,), (1.25,), (36,), (1.25,))
('K.141 Musescore', 'P1', 1, (167, 168), (36,), (2.0,), (36,), (2.0,))
('K.141 Musescore', 'P1', 1, (179, 180), (40,), (3.5,), (40,), (3.5,))
('K.141 Musescore', 'P1', 1, (185, 186), (41,), (3.5,), (41,), (3.5,))
('K.141 Musescore', 'P1', 1, (189, 190), (42,), (2.5,), (42,), (2.5,))
('K.141 Musescore', 'P1', 1, (191, 192), (42,), (3.5,), (42,), (3.5,))
('K.141 Musescore', 'P1', 1, (195, 196), (43,), (2.5,), (43,), (2.5,))
('K.141 Musescore', 'P1', 1, (197, 198), (43,), (3.5,), (43,), (3.5,))
('K.141 Musescore', 'P1', 1, (207, 208), (45,), (2.5,), (45,), (2.5,))
('K.141 Musescore', 'P1', 1, (214, 215), (46,), (3.5,), (46,), (3.5,))
('K.141 Musescore', 'P1', 1, (220, 221), (47,), (3.5,), (47,), (3.5,))
('K.141 Musescore', 'P1', 1, (224, 225), (48,), (2.5,), (48,), (2.5,))
('K.141 Musescore', 'P1', 1, (226, 227), (48,), (3.5,), (48,), (3.5,))
('K.141 Musescore', 'P1', 1, (230, 231), (49,), (2.5,), (49,), (2.5,))
('K.141 Musescore', 'P1', 1, (232, 233), (49,), (3.5,), (49,), (3.5,))
('K.141 Musescore', 'P1', 1, (242, 243), (51,), (2.5,), (51,), (2.5,))
('K.141 Musescore', 'P1', 1, (366, 367), (73,), (2.5,), (73,), (2.5,))
('K.141 Musescore', 'P1', 1, (378, 379), (75,), (2.5,), (75,), (2.5,))
('K.141 Musescore', 'P1', 1, (416, 417), (82,), (1.0,), (82,), (1.0,))
('K.141 Musescore', 'P1', 1, (417, 418), (82,), (1.33,), (82,), (1.33,))
('K.141 Musescore', 'P1', 1, (422, 423), (82,), (3.5,), (82,), (3.5,))
('K.141 Musescore', 'P1', 1, (429, 430), (84,), (1.0,), (84,), (1.0,))
('K.141 Musescore', 'P1', 1, (430, 431), (84,), (1.33,), (84,), (1.33,))
('K.141 Musescore', 'P1', 1, (435, 436), (84,), (3.5,), (84,), (3.5,))
('K.141 Musescore', 'P1', 1, (472, 473), (91,), (3.5,), (91,), (3.5,))
('K.141 Musescore', 'P1', 1, (508, 509), (97,), (3.5,), (97,), (3.5,))
('K.141 Musescore', 'P1', 1, (544, 545), (103,), (3.5,), (103,), (3.5,))
('K.141 Musescore', 'P1', 1, (550, 551), (104,), (3.5,), (104,), (3.5,))
('K.141 Musescore', 'P1', 1, (556, 557), (105,), (3.5,), (105,), (3.5,))
('K.141 Musescore', 'P1', 1, (562, 563), (106,), (3.5,), (106,), (3.5,))
('K.141 Musescore', 'P1', 1, (568, 569), (107,), (3.5,), (107,), (3.5,))
('K.141 Musescore', 'P1', 1, (574, 575), (108,), (3.5,), (108,), (3.5,))
('K.141 Musescore', 'P1', 1, (586, 587), (110,), (3.5,), (110,), (3.5,))
('K.141 Musescore', 'P1', 1, (599, 600), (113,), (3.5,), (113,), (3.5,))
('K.141 Musescore', 'P1', 1, (605, 606), (114,), (3.5,), (114,), (3.5,))
('K.141 Musescore', 'P1', 1, (609, 610), (115,), (2.5,), (115,), (2.5,))
('K.141 Musescore', 'P1', 1, (611, 612), (115,), (3.5,), (115,), (3.5,))
('K.141 Musescore', 'P1', 1, (615, 616), (116,), (2.5,), (116,), (2.5,))
('K.141 Musescore', 'P1', 1, (617, 618), (116,), (3.5,), (116,), (3.5,))
('K.141 Musescore', 'P1', 1, (627, 628), (118,), (2.5,), (118,), (2.5,))
('K.141 Musescore', 'P1', 1, (634, 635), (119,), (3.5,), (119,), (3.5,))
('K.141 Musescore', 'P1', 1, (640, 641), (120,), (3.5,), (120,), (3.5,))
('K.141 Musescore', 'P1', 1, (644, 645), (121,), (2.5,), (121,), (2.5,))
('K.141 Musescore', 'P1', 1, (646, 647), (121,), (3.5,), (121,), (3.5,))
('K.141 Musescore', 'P1', 1, (650, 651), (122,), (2.5,), (122,), (2.5,))
('K.141 Musescore', 'P1', 1, (652, 653), (122,), (3.5,), (122,), (3.5,))
('K.141 Musescore', 'P1', 1, (662, 663), (124,), (2.5,), (124,), (2.5,))
('K.141 Musescore', 'P1', 1, (764, 765), (142,), (3.5,), (142,), (3.5,))
('K.141 Musescore', 'P1', 1, (771, 772), (144,), (1.0,), (144,), (1.0,))
('K.141 Musescore', 'P1', 1, (783, 784), (146,), (2.5,), (146,), (2.5,))
('K.141 Musescore', 'P1', 1, (795, 796), (148,), (2.5,), (148,), (2.5,))
('K.141 Musescore', 'P1', 1, (833, 834), (155,), (1.0,), (155,), (1.0,))
('K.141 Musescore', 'P1', 1, (834, 835), (155,), (1.33,), (155,), (1.33,))
('K.141 Musescore', 'P1', 1, (839, 840), (155,), (3.5,), (155,), (3.5,))
('K.141 Musescore', 'P1', 1, (846, 847), (157,), (1.0,), (157,), (1.0,))
('K.141 Musescore', 'P1', 1, (847, 848), (157,), (1.33,), (157,), (1.33,))
('K.141 Musescore', 'P1', 1, (852, 853), (157,), (3.5,), (157,), (3.5,))
('K.141 Musescore', 'P1', 1, (859, 860), (159,), (1.0,), (159,), (1.0,))
('K.141 Musescore', 'P1', 1, (860, 861), (159,), (1.33,), (159,), (1.33,))
('K.141 Musescore', 'P1', 1, (865, 866), (159,), (3.5,), (159,), (3.5,))
('K.141 Musescore', 'P1', 2, (1, 2), (64,), (1.0,), (64,), (1.0,))
('K.141 Musescore', 'P1', 3, (62, 63), (31,), (1.0,), (31,), (1.0,))
('K.141 Musescore', 'P1', 3, (63, 64), (31,), (2.0,), (31,), (2.0,))
('K.141 Musescore', 'P1', 3, (64, 65), (31,), (3.0,), (31,), (3.0,))
('K.141 Musescore', 'P1', 3, (65, 66), (32,), (1.0,), (32,), (1.0,))
('K.141 Musescore', 'P1', 3, (66, 67), (32,), (2.0,), (32,), (2.0,))
('K.141 Musescore', 'P1', 3, (68, 69), (33,), (1.0,), (33,), (1.0,))
('K.141 Musescore', 'P1', 3, (70, 71), (34,), (1.0,), (34,), (1.0,))
('K.141 Musescore', 'P1', 3, (72, 73), (35,), (1.0,), (35,), (1.0,))
('K.141 Musescore', 'P1', 3, (74, 75), (36,), (1.0,), (36,), (1.0,))
('K.141 Musescore', 'P1', 3, (83, 84), (40,), (1.0,), (40,), (1.0,))
('K.141 Musescore', 'P1', 3, (84, 85), (40,), (2.0,), (40,), (2.0,))
('K.141 Musescore', 'P1', 3, (93, 94), (44,), (1.0,), (44,), (1.0,))
('K.141 Musescore', 'P1', 3, (94, 95), (44,), (2.0,), (44,), (2.0,))
('K.141 Musescore', 'P1', 3, (97, 98), (46,), (1.0,), (46,), (1.0,))
('K.141 Musescore', 'P1', 3, (98, 99), (46,), (2.0,), (46,), (2.0,))
('K.141 Musescore', 'P1', 3, (99, 100), (46,), (3.0,), (46,), (3.0,))
('K.141 Musescore', 'P1', 3, (107, 108), (50,), (1.0,), (50,), (1.0,))
('K.141 Musescore', 'P1', 3, (108, 109), (50,), (2.0,), (50,), (2.0,))
('K.141 Musescore', 'P1', 3, (166, 167), (71,), (2.0,), (71,), (2.0,))
('K.141 Musescore', 'P1', 3, (169, 170), (72,), (2.0,), (72,), (2.0,))
('K.141 Musescore', 'P1', 3, (170, 171), (72,), (3.0,), (72,), (3.0,))
('K.141 Musescore', 'P1', 3, (175, 176), (74,), (2.0,), (74,), (2.0,))
('K.141 Musescore', 'P1', 3, (176, 177), (74,), (3.0,), (74,), (3.0,))
('K.141 Musescore', 'P1', 3, (181, 182), (76,), (2.0,), (76,), (2.0,))
('K.141 Musescore', 'P1', 3, (182, 183), (76,), (3.0,), (76,), (3.0,))
('K.141 Musescore', 'P1', 3, (187, 188), (78,), (2.0,), (78,), (2.0,))
('K.141 Musescore', 'P1', 3, (188, 189), (78,), (3.0,), (78,), (3.0,))
('K.141 Musescore', 'P1', 3, (194, 195), (80,), (3.0,), (80,), (3.0,))
('K.141 Musescore', 'P1', 3, (195, 196), (81,), (1.0,), (81,), (1.0,))
('K.141 Musescore', 'P1', 3, (196, 197), (81,), (2.0,), (81,), (2.0,))
('K.141 Musescore', 'P1', 3, (197, 198), (81,), (3.0,), (81,), (3.0,))
('K.141 Musescore', 'P1', 3, (198, 199), (82,), (1.0,), (82,), (1.0,))
('K.141 Musescore', 'P1', 3, (201, 202), (83,), (1.0,), (83,), (1.0,))
('K.141 Musescore', 'P1', 3, (202, 203), (83,), (2.0,), (83,), (2.0,))
('K.141 Musescore', 'P1', 3, (203, 204), (83,), (3.0,), (83,), (3.0,))
('K.141 Musescore', 'P1', 3, (204, 205), (84,), (1.0,), (84,), (1.0,))
('K.141 Musescore', 'P1', 3, (278, 279), (109,), (2.0,), (109,), (2.0,))
('K.141 Musescore', 'P1', 3, (281, 282), (110,), (2.0,), (110,), (2.0,))
('K.141 Musescore', 'P1', 3, (282, 283), (110,), (3.0,), (110,), (3.0,))
('K.141 Musescore', 'P1', 3, (295, 296), (117,), (1.0,), (117,), (1.0,))
('K.141 Musescore', 'P1', 3, (296, 297), (117,), (2.0,), (117,), (2.0,))
('K.141 Musescore', 'P1', 3, (307, 308), (123,), (1.0,), (123,), (1.0,))
('K.141 Musescore', 'P1', 3, (308, 309), (123,), (2.0,), (123,), (2.0,))
('K.141 Musescore', 'P1', 3, (365, 366), (144,), (1.0,), (144,), (1.0,))
('K.141 Musescore', 'P1', 3, (369, 370), (145,), (2.0,), (145,), (2.0,))
('K.141 Musescore', 'P1', 3, (375, 376), (147,), (2.0,), (147,), (2.0,))
('K.141 Musescore', 'P1', 3, (381, 382), (149,), (2.0,), (149,), (2.0,))
('K.141 Musescore', 'P1', 3, (382, 383), (149,), (3.0,), (149,), (3.0,))
('K.141 Musescore', 'P1', 3, (387, 388), (151,), (2.0,), (151,), (2.0,))
('K.141 Musescore', 'P1', 3, (388, 389), (151,), (3.0,), (151,), (3.0,))
('K.141 Musescore', 'P1', 3, (394, 395), (153,), (3.0,), (153,), (3.0,))
('K.141 Musescore', 'P1', 3, (395, 396), (154,), (1.0,), (154,), (1.0,))
('K.141 Musescore', 'P1', 3, (396, 397), (154,), (2.0,), (154,), (2.0,))
('K.141 Musescore', 'P1', 3, (397, 398), (154,), (3.0,), (154,), (3.0,))
('K.141 Musescore', 'P1', 3, (398, 399), (155,), (1.0,), (155,), (1.0,))
('K.141 Musescore', 'P1', 3, (402, 403), (156,), (2.0,), (156,), (2.0,))
('K.141 Musescore', 'P1', 3, (403, 404), (156,), (3.0,), (156,), (3.0,))
('K.141 Musescore', 'P1', 3, (404, 405), (157,), (1.0,), (157,), (1.0,))
('K.141 Musescore', 'P1', 3, (408, 409), (158,), (2.0,), (158,), (2.0,))
('K.141 Musescore', 'P1', 3, (409, 410), (158,), (3.0,), (158,), (3.0,))
('K.141 Musescore', 'P1', 3, (410, 411), (159,), (1.0,), (159,), (1.0,))
('K.141 Musescore', 'P1', 4, (14, 15), (115,), (2.0,), (115,), (2.0,))

32.    ((5,),):
('K.141 Musescore', 'P1', 1, (246, 247), (53,), (2.5,), (53,), (2.5,))
('K.141 Musescore', 'P1', 1, (248, 249), (53,), (3.5,), (53,), (3.5,))
('K.141 Musescore', 'P1', 1, (250, 251), (54,), (1.5,), (54,), (1.5,))
('K.141 Musescore', 'P1', 1, (264, 265), (56,), (2.5,), (56,), (2.5,))
('K.141 Musescore', 'P1', 1, (270, 271), (57,), (2.5,), (57,), (2.5,))
('K.141 Musescore', 'P1', 1, (272, 273), (57,), (3.5,), (57,), (3.5,))
('K.141 Musescore', 'P1', 1, (274, 275), (58,), (1.5,), (58,), (1.5,))
('K.141 Musescore', 'P1', 1, (288, 289), (60,), (2.5,), (60,), (2.5,))
('K.141 Musescore', 'P1', 1, (294, 295), (61,), (2.5,), (61,), (2.5,))
('K.141 Musescore', 'P1', 1, (296, 297), (61,), (3.5,), (61,), (3.5,))
('K.141 Musescore', 'P1', 1, (298, 299), (62,), (1.5,), (62,), (1.5,))
('K.141 Musescore', 'P1', 1, (312, 313), (64,), (2.5,), (64,), (2.5,))
('K.141 Musescore', 'P1', 1, (316, 317), (65,), (1.5,), (65,), (1.5,))
('K.141 Musescore', 'P1', 1, (318, 319), (65,), (2.5,), (65,), (2.5,))
('K.141 Musescore', 'P1', 1, (324, 325), (66,), (2.5,), (66,), (2.5,))
('K.141 Musescore', 'P1', 1, (328, 329), (67,), (1.5,), (67,), (1.5,))
('K.141 Musescore', 'P1', 1, (330, 331), (67,), (2.5,), (67,), (2.5,))
('K.141 Musescore', 'P1', 1, (336, 337), (68,), (2.5,), (68,), (2.5,))
('K.141 Musescore', 'P1', 1, (340, 341), (69,), (1.5,), (69,), (1.5,))
('K.141 Musescore', 'P1', 1, (342, 343), (69,), (2.5,), (69,), (2.5,))
('K.141 Musescore', 'P1', 1, (348, 349), (70,), (2.5,), (70,), (2.5,))
('K.141 Musescore', 'P1', 1, (360, 361), (72,), (2.5,), (72,), (2.5,))
('K.141 Musescore', 'P1', 1, (372, 373), (74,), (2.5,), (74,), (2.5,))
('K.141 Musescore', 'P1', 1, (383, 384), (76,), (2.0,), (76,), (2.0,))
('K.141 Musescore', 'P1', 1, (389, 390), (77,), (2.0,), (77,), (2.0,))
('K.141 Musescore', 'P1', 1, (395, 396), (78,), (2.0,), (78,), (2.0,))
('K.141 Musescore', 'P1', 1, (401, 402), (79,), (2.0,), (79,), (2.0,))
('K.141 Musescore', 'P1', 1, (666, 667), (126,), (2.5,), (126,), (2.5,))
('K.141 Musescore', 'P1', 1, (670, 671), (127,), (1.5,), (127,), (1.5,))
('K.141 Musescore', 'P1', 1, (684, 685), (129,), (2.5,), (129,), (2.5,))
('K.141 Musescore', 'P1', 1, (690, 691), (130,), (2.5,), (130,), (2.5,))
('K.141 Musescore', 'P1', 1, (694, 695), (131,), (1.5,), (131,), (1.5,))
('K.141 Musescore', 'P1', 1, (708, 709), (133,), (2.5,), (133,), (2.5,))
('K.141 Musescore', 'P1', 1, (714, 715), (134,), (2.5,), (134,), (2.5,))
('K.141 Musescore', 'P1', 1, (718, 719), (135,), (1.5,), (135,), (1.5,))
('K.141 Musescore', 'P1', 1, (732, 733), (137,), (2.5,), (137,), (2.5,))
('K.141 Musescore', 'P1', 1, (744, 745), (139,), (2.5,), (139,), (2.5,))
('K.141 Musescore', 'P1', 1, (756, 757), (141,), (2.5,), (141,), (2.5,))
('K.141 Musescore', 'P1', 1, (777, 778), (145,), (2.5,), (145,), (2.5,))
('K.141 Musescore', 'P1', 1, (789, 790), (147,), (2.5,), (147,), (2.5,))
('K.141 Musescore', 'P1', 1, (800, 801), (149,), (2.0,), (149,), (2.0,))
('K.141 Musescore', 'P1', 1, (806, 807), (150,), (2.0,), (150,), (2.0,))
('K.141 Musescore', 'P1', 1, (812, 813), (151,), (2.0,), (151,), (2.0,))
('K.141 Musescore', 'P1', 1, (818, 819), (152,), (2.0,), (152,), (2.0,))
('K.141 Musescore', 'P1', 4, (12, 13), (114,), (1.0,), (114,), (1.0,))

33.    ((3,),):
('K.141 Musescore', 'P1', 1, (5, 6), (1,), (3.5,), (1,), (3.5,))
('K.141 Musescore', 'P1', 1, (59, 60), (10,), (3.5,), (10,), (3.5,))
('K.141 Musescore', 'P1', 1, (119, 120), (24,), (3.0,), (24,), (3.0,))
('K.141 Musescore', 'P1', 1, (126, 127), (26,), (3.0,), (26,), (3.0,))
('K.141 Musescore', 'P1', 1, (133, 134), (28,), (3.0,), (28,), (3.0,))
('K.141 Musescore', 'P1', 1, (173, 174), (37,), (3.5,), (37,), (3.5,))
('K.141 Musescore', 'P1', 1, (244, 245), (53,), (1.5,), (53,), (1.5,))
('K.141 Musescore', 'P1', 1, (252, 253), (54,), (2.5,), (54,), (2.5,))
('K.141 Musescore', 'P1', 1, (268, 269), (57,), (1.5,), (57,), (1.5,))
('K.141 Musescore', 'P1', 1, (276, 277), (58,), (2.5,), (58,), (2.5,))
('K.141 Musescore', 'P1', 1, (292, 293), (61,), (1.5,), (61,), (1.5,))
('K.141 Musescore', 'P1', 1, (300, 301), (62,), (2.5,), (62,), (2.5,))
('K.141 Musescore', 'P1', 1, (362, 363), (72,), (3.5,), (72,), (3.5,))
('K.141 Musescore', 'P1', 1, (368, 369), (73,), (3.5,), (73,), (3.5,))
('K.141 Musescore', 'P1', 1, (374, 375), (74,), (3.5,), (74,), (3.5,))
('K.141 Musescore', 'P1', 1, (380, 381), (75,), (3.5,), (75,), (3.5,))
('K.141 Musescore', 'P1', 1, (587, 588), (111,), (1.0,), (111,), (1.0,))
('K.141 Musescore', 'P1', 1, (664, 665), (126,), (1.5,), (126,), (1.5,))
('K.141 Musescore', 'P1', 1, (672, 673), (127,), (2.5,), (127,), (2.5,))
('K.141 Musescore', 'P1', 1, (688, 689), (130,), (1.5,), (130,), (1.5,))
('K.141 Musescore', 'P1', 1, (696, 697), (131,), (2.5,), (131,), (2.5,))
('K.141 Musescore', 'P1', 1, (712, 713), (134,), (1.5,), (134,), (1.5,))
('K.141 Musescore', 'P1', 1, (720, 721), (135,), (2.5,), (135,), (2.5,))
('K.141 Musescore', 'P1', 1, (779, 780), (145,), (3.5,), (145,), (3.5,))
('K.141 Musescore', 'P1', 1, (785, 786), (146,), (3.5,), (146,), (3.5,))
('K.141 Musescore', 'P1', 1, (791, 792), (147,), (3.5,), (147,), (3.5,))
('K.141 Musescore', 'P1', 1, (797, 798), (148,), (3.5,), (148,), (3.5,))
('K.141 Musescore', 'P1', 2, (0, 1), (56,), (1.0,), (56,), (1.0,))
('K.141 Musescore', 'P1', 2, (2, 3), (129,), (1.0,), (129,), (1.0,))
('K.141 Musescore', 'P1', 3, (119, 120), (55,), (3.0,), (55,), (3.0,))
('K.141 Musescore', 'P1', 3, (131, 132), (59,), (3.0,), (59,), (3.0,))
('K.141 Musescore', 'P1', 3, (143, 144), (63,), (3.0,), (63,), (3.0,))
('K.141 Musescore', 'P1', 3, (319, 320), (128,), (3.0,), (128,), (3.0,))
('K.141 Musescore', 'P1', 3, (331, 332), (132,), (3.0,), (132,), (3.0,))
('K.141 Musescore', 'P1', 3, (343, 344), (136,), (3.0,), (136,), (3.0,))
('K.141 Musescore', 'P1', 4, (7, 8), (42,), (1.0,), (42,), (1.0,))
('K.141 Musescore', 'P1', 4, (10, 11), (48,), (1.0,), (48,), (1.0,))
('K.141 Musescore', 'P1', 4, (13, 14), (115,), (1.0,), (115,), (1.0,))
('K.141 Musescore', 'P1', 4, (16, 17), (121,), (1.0,), (121,), (1.0,))
('K.141 Musescore', 'P1', 4, (20, 21), (128,), (1.0,), (128,), (1.0,))
('K.141 Musescore', 'P1', 4, (24, 25), (132,), (1.0,), (132,), (1.0,))
('K.141 Musescore', 'P1', 4, (28, 29), (136,), (1.0,), (136,), (1.0,))

34.    ((-3,),):
('K.141 Musescore', 'P1', 1, (36, 37), (7,), (1.0,), (7,), (1.0,))
('K.141 Musescore', 'P1', 1, (46, 47), (8,), (3.0,), (8,), (3.0,))
('K.141 Musescore', 'P1', 1, (90, 91), (16,), (1.0,), (16,), (1.0,))
('K.141 Musescore', 'P1', 1, (100, 101), (17,), (3.0,), (17,), (3.0,))
('K.141 Musescore', 'P1', 1, (106, 107), (20,), (3.0,), (20,), (3.0,))
('K.141 Musescore', 'P1', 1, (112, 113), (22,), (3.0,), (22,), (3.0,))
('K.141 Musescore', 'P1', 1, (245, 246), (53,), (2.0,), (53,), (2.0,))
('K.141 Musescore', 'P1', 1, (247, 248), (53,), (3.0,), (53,), (3.0,))
('K.141 Musescore', 'P1', 1, (253, 254), (54,), (3.0,), (54,), (3.0,))
('K.141 Musescore', 'P1', 1, (267, 268), (57,), (1.0,), (57,), (1.0,))
('K.141 Musescore', 'P1', 1, (269, 270), (57,), (2.0,), (57,), (2.0,))
('K.141 Musescore', 'P1', 1, (271, 272), (57,), (3.0,), (57,), (3.0,))
('K.141 Musescore', 'P1', 1, (277, 278), (58,), (3.0,), (58,), (3.0,))
('K.141 Musescore', 'P1', 1, (291, 292), (61,), (1.0,), (61,), (1.0,))
('K.141 Musescore', 'P1', 1, (293, 294), (61,), (2.0,), (61,), (2.0,))
('K.141 Musescore', 'P1', 1, (295, 296), (61,), (3.0,), (61,), (3.0,))
('K.141 Musescore', 'P1', 1, (301, 302), (62,), (3.0,), (62,), (3.0,))
('K.141 Musescore', 'P1', 1, (315, 316), (65,), (1.0,), (65,), (1.0,))
('K.141 Musescore', 'P1', 1, (317, 318), (65,), (2.0,), (65,), (2.0,))
('K.141 Musescore', 'P1', 1, (327, 328), (67,), (1.0,), (67,), (1.0,))
('K.141 Musescore', 'P1', 1, (329, 330), (67,), (2.0,), (67,), (2.0,))
('K.141 Musescore', 'P1', 1, (339, 340), (69,), (1.0,), (69,), (1.0,))
('K.141 Musescore', 'P1', 1, (341, 342), (69,), (2.0,), (69,), (2.0,))
('K.141 Musescore', 'P1', 1, (357, 358), (72,), (1.0,), (72,), (1.0,))
('K.141 Musescore', 'P1', 1, (363, 364), (73,), (1.0,), (73,), (1.0,))
('K.141 Musescore', 'P1', 1, (369, 370), (74,), (1.0,), (74,), (1.0,))
('K.141 Musescore', 'P1', 1, (375, 376), (75,), (1.0,), (75,), (1.0,))
('K.141 Musescore', 'P1', 1, (593, 594), (112,), (1.0,), (112,), (1.0,))
('K.141 Musescore', 'P1', 1, (665, 666), (126,), (2.0,), (126,), (2.0,))
('K.141 Musescore', 'P1', 1, (673, 674), (127,), (3.0,), (127,), (3.0,))
('K.141 Musescore', 'P1', 1, (687, 688), (130,), (1.0,), (130,), (1.0,))
('K.141 Musescore', 'P1', 1, (689, 690), (130,), (2.0,), (130,), (2.0,))
('K.141 Musescore', 'P1', 1, (697, 698), (131,), (3.0,), (131,), (3.0,))
('K.141 Musescore', 'P1', 1, (711, 712), (134,), (1.0,), (134,), (1.0,))
('K.141 Musescore', 'P1', 1, (713, 714), (134,), (2.0,), (134,), (2.0,))
('K.141 Musescore', 'P1', 1, (721, 722), (135,), (3.0,), (135,), (3.0,))
('K.141 Musescore', 'P1', 1, (759, 760), (142,), (1.0,), (142,), (1.0,))
('K.141 Musescore', 'P1', 1, (780, 781), (146,), (1.0,), (146,), (1.0,))
('K.141 Musescore', 'P1', 1, (786, 787), (147,), (1.0,), (147,), (1.0,))
('K.141 Musescore', 'P1', 1, (792, 793), (148,), (1.0,), (148,), (1.0,))
('K.141 Musescore', 'P1', 3, (59, 60), (29,), (3.0,), (29,), (3.0,))
('K.141 Musescore', 'P1', 3, (81, 82), (38,), (3.5,), (38,), (3.5,))

35.    ((-7,),):
('K.141 Musescore', 'P1', 1, (249, 250), (54,), (1.0,), (54,), (1.0,))
('K.141 Musescore', 'P1', 1, (255, 256), (55,), (1.0,), (55,), (1.0,))
('K.141 Musescore', 'P1', 1, (259, 260), (55,), (3.0,), (55,), (3.0,))
('K.141 Musescore', 'P1', 1, (261, 262), (56,), (1.0,), (56,), (1.0,))
('K.141 Musescore', 'P1', 1, (273, 274), (58,), (1.0,), (58,), (1.0,))
('K.141 Musescore', 'P1', 1, (279, 280), (59,), (1.0,), (59,), (1.0,))
('K.141 Musescore', 'P1', 1, (283, 284), (59,), (3.0,), (59,), (3.0,))
('K.141 Musescore', 'P1', 1, (285, 286), (60,), (1.0,), (60,), (1.0,))
('K.141 Musescore', 'P1', 1, (297, 298), (62,), (1.0,), (62,), (1.0,))
('K.141 Musescore', 'P1', 1, (303, 304), (63,), (1.0,), (63,), (1.0,))
('K.141 Musescore', 'P1', 1, (307, 308), (63,), (3.0,), (63,), (3.0,))
('K.141 Musescore', 'P1', 1, (309, 310), (64,), (1.0,), (64,), (1.0,))
('K.141 Musescore', 'P1', 1, (321, 322), (66,), (1.0,), (66,), (1.0,))
('K.141 Musescore', 'P1', 1, (333, 334), (68,), (1.0,), (68,), (1.0,))
('K.141 Musescore', 'P1', 1, (345, 346), (70,), (1.0,), (70,), (1.0,))
('K.141 Musescore', 'P1', 1, (390, 391), (77,), (2.5,), (77,), (2.5,))
('K.141 Musescore', 'P1', 1, (402, 403), (79,), (2.5,), (79,), (2.5,))
('K.141 Musescore', 'P1', 1, (669, 670), (127,), (1.0,), (127,), (1.0,))
('K.141 Musescore', 'P1', 1, (675, 676), (128,), (1.0,), (128,), (1.0,))
('K.141 Musescore', 'P1', 1, (679, 680), (128,), (3.0,), (128,), (3.0,))
('K.141 Musescore', 'P1', 1, (681, 682), (129,), (1.0,), (129,), (1.0,))
('K.141 Musescore', 'P1', 1, (693, 694), (131,), (1.0,), (131,), (1.0,))
('K.141 Musescore', 'P1', 1, (699, 700), (132,), (1.0,), (132,), (1.0,))
('K.141 Musescore', 'P1', 1, (703, 704), (132,), (3.0,), (132,), (3.0,))
('K.141 Musescore', 'P1', 1, (705, 706), (133,), (1.0,), (133,), (1.0,))
('K.141 Musescore', 'P1', 1, (717, 718), (135,), (1.0,), (135,), (1.0,))
('K.141 Musescore', 'P1', 1, (723, 724), (136,), (1.0,), (136,), (1.0,))
('K.141 Musescore', 'P1', 1, (727, 728), (136,), (3.0,), (136,), (3.0,))
('K.141 Musescore', 'P1', 1, (729, 730), (137,), (1.0,), (137,), (1.0,))
('K.141 Musescore', 'P1', 1, (741, 742), (139,), (1.0,), (139,), (1.0,))
('K.141 Musescore', 'P1', 1, (753, 754), (141,), (1.0,), (141,), (1.0,))
('K.141 Musescore', 'P1', 1, (807, 808), (150,), (2.5,), (150,), (2.5,))
('K.141 Musescore', 'P1', 1, (819, 820), (152,), (2.5,), (152,), (2.5,))
('K.141 Musescore', 'P1', 3, (60, 61), (29,), (3.5,), (29,), (3.5,))
('K.141 Musescore', 'P1', 3, (85, 86), (40,), (3.0,), (40,), (3.0,))
('K.141 Musescore', 'P1', 3, (95, 96), (44,), (3.0,), (44,), (3.0,))
('K.141 Musescore', 'P1', 3, (109, 110), (50,), (3.0,), (50,), (3.0,))
('K.141 Musescore', 'P1', 3, (285, 286), (111,), (3.0,), (111,), (3.0,))
('K.141 Musescore', 'P1', 3, (297, 298), (117,), (3.0,), (117,), (3.0,))
('K.141 Musescore', 'P1', 3, (309, 310), (123,), (3.0,), (123,), (3.0,))
('K.141 Musescore', 'P1', 3, (370, 371), (145,), (3.0,), (145,), (3.0,))
('K.141 Musescore', 'P1', 3, (376, 377), (147,), (3.0,), (147,), (3.0,))

36.    ((-5,),):
('K.141 Musescore', 'P1', 1, (251, 252), (54,), (2.0,), (54,), (2.0,))
('K.141 Musescore', 'P1', 1, (265, 266), (56,), (3.0,), (56,), (3.0,))
('K.141 Musescore', 'P1', 1, (275, 276), (58,), (2.0,), (58,), (2.0,))
('K.141 Musescore', 'P1', 1, (289, 290), (60,), (3.0,), (60,), (3.0,))
('K.141 Musescore', 'P1', 1, (299, 300), (62,), (2.0,), (62,), (2.0,))
('K.141 Musescore', 'P1', 1, (313, 314), (64,), (3.0,), (64,), (3.0,))
('K.141 Musescore', 'P1', 1, (319, 320), (65,), (3.0,), (65,), (3.0,))
('K.141 Musescore', 'P1', 1, (325, 326), (66,), (3.0,), (66,), (3.0,))
('K.141 Musescore', 'P1', 1, (331, 332), (67,), (3.0,), (67,), (3.0,))
('K.141 Musescore', 'P1', 1, (337, 338), (68,), (3.0,), (68,), (3.0,))
('K.141 Musescore', 'P1', 1, (343, 344), (69,), (3.0,), (69,), (3.0,))
('K.141 Musescore', 'P1', 1, (349, 350), (70,), (3.0,), (70,), (3.0,))
('K.141 Musescore', 'P1', 1, (361, 362), (72,), (3.0,), (72,), (3.0,))
('K.141 Musescore', 'P1', 1, (373, 374), (74,), (3.0,), (74,), (3.0,))
('K.141 Musescore', 'P1', 1, (388, 389), (77,), (1.5,), (77,), (1.5,))
('K.141 Musescore', 'P1', 1, (394, 395), (78,), (1.5,), (78,), (1.5,))
('K.141 Musescore', 'P1', 1, (400, 401), (79,), (1.5,), (79,), (1.5,))
('K.141 Musescore', 'P1', 1, (667, 668), (126,), (3.0,), (126,), (3.0,))
('K.141 Musescore', 'P1', 1, (671, 672), (127,), (2.0,), (127,), (2.0,))
('K.141 Musescore', 'P1', 1, (685, 686), (129,), (3.0,), (129,), (3.0,))
('K.141 Musescore', 'P1', 1, (691, 692), (130,), (3.0,), (130,), (3.0,))
('K.141 Musescore', 'P1', 1, (695, 696), (131,), (2.0,), (131,), (2.0,))
('K.141 Musescore', 'P1', 1, (709, 710), (133,), (3.0,), (133,), (3.0,))
('K.141 Musescore', 'P1', 1, (715, 716), (134,), (3.0,), (134,), (3.0,))
('K.141 Musescore', 'P1', 1, (719, 720), (135,), (2.0,), (135,), (2.0,))
('K.141 Musescore', 'P1', 1, (733, 734), (137,), (3.0,), (137,), (3.0,))
('K.141 Musescore', 'P1', 1, (739, 740), (138,), (3.0,), (138,), (3.0,))
('K.141 Musescore', 'P1', 1, (745, 746), (139,), (3.0,), (139,), (3.0,))
('K.141 Musescore', 'P1', 1, (751, 752), (140,), (3.0,), (140,), (3.0,))
('K.141 Musescore', 'P1', 1, (757, 758), (141,), (3.0,), (141,), (3.0,))
('K.141 Musescore', 'P1', 1, (778, 779), (145,), (3.0,), (145,), (3.0,))
('K.141 Musescore', 'P1', 1, (790, 791), (147,), (3.0,), (147,), (3.0,))
('K.141 Musescore', 'P1', 1, (805, 806), (150,), (1.5,), (150,), (1.5,))
('K.141 Musescore', 'P1', 1, (811, 812), (151,), (1.5,), (151,), (1.5,))
('K.141 Musescore', 'P1', 1, (817, 818), (152,), (1.5,), (152,), (1.5,))
('K.141 Musescore', 'P1', 3, (200, 201), (82,), (3.0,), (82,), (3.0,))
('K.141 Musescore', 'P1', 3, (206, 207), (84,), (3.0,), (84,), (3.0,))
('K.141 Musescore', 'P1', 3, (400, 401), (155,), (3.0,), (155,), (3.0,))
('K.141 Musescore', 'P1', 3, (406, 407), (157,), (3.0,), (157,), (3.0,))
('K.141 Musescore', 'P1', 3, (412, 413), (159,), (3.0,), (159,), (3.0,))

37.    ((6,),):
('K.141 Musescore', 'P1', 1, (120, 121), (24,), (3.5,), (24,), (3.5,))
('K.141 Musescore', 'P1', 1, (127, 128), (26,), (3.5,), (26,), (3.5,))
('K.141 Musescore', 'P1', 1, (134, 135), (28,), (3.5,), (28,), (3.5,))
('K.141 Musescore', 'P1', 1, (256, 257), (55,), (1.5,), (55,), (1.5,))
('K.141 Musescore', 'P1', 1, (262, 263), (56,), (1.5,), (56,), (1.5,))
('K.141 Musescore', 'P1', 1, (280, 281), (59,), (1.5,), (59,), (1.5,))
('K.141 Musescore', 'P1', 1, (286, 287), (60,), (1.5,), (60,), (1.5,))
('K.141 Musescore', 'P1', 1, (304, 305), (63,), (1.5,), (63,), (1.5,))
('K.141 Musescore', 'P1', 1, (310, 311), (64,), (1.5,), (64,), (1.5,))
('K.141 Musescore', 'P1', 1, (322, 323), (66,), (1.5,), (66,), (1.5,))
('K.141 Musescore', 'P1', 1, (334, 335), (68,), (1.5,), (68,), (1.5,))
('K.141 Musescore', 'P1', 1, (346, 347), (70,), (1.5,), (70,), (1.5,))
('K.141 Musescore', 'P1', 1, (387, 388), (77,), (1.0,), (77,), (1.0,))
('K.141 Musescore', 'P1', 1, (399, 400), (79,), (1.0,), (79,), (1.0,))
('K.141 Musescore', 'P1', 1, (676, 677), (128,), (1.5,), (128,), (1.5,))
('K.141 Musescore', 'P1', 1, (682, 683), (129,), (1.5,), (129,), (1.5,))
('K.141 Musescore', 'P1', 1, (700, 701), (132,), (1.5,), (132,), (1.5,))
('K.141 Musescore', 'P1', 1, (706, 707), (133,), (1.5,), (133,), (1.5,))
('K.141 Musescore', 'P1', 1, (724, 725), (136,), (1.5,), (136,), (1.5,))
('K.141 Musescore', 'P1', 1, (730, 731), (137,), (1.5,), (137,), (1.5,))
('K.141 Musescore', 'P1', 1, (736, 737), (138,), (1.5,), (138,), (1.5,))
('K.141 Musescore', 'P1', 1, (738, 739), (138,), (2.5,), (138,), (2.5,))
('K.141 Musescore', 'P1', 1, (742, 743), (139,), (1.5,), (139,), (1.5,))
('K.141 Musescore', 'P1', 1, (748, 749), (140,), (1.5,), (140,), (1.5,))
('K.141 Musescore', 'P1', 1, (750, 751), (140,), (2.5,), (140,), (2.5,))
('K.141 Musescore', 'P1', 1, (754, 755), (141,), (1.5,), (141,), (1.5,))
('K.141 Musescore', 'P1', 1, (804, 805), (150,), (1.0,), (150,), (1.0,))
('K.141 Musescore', 'P1', 1, (816, 817), (152,), (1.0,), (152,), (1.0,))
('K.141 Musescore', 'P1', 4, (6, 7), (41,), (1.0,), (41,), (1.0,))
('K.141 Musescore', 'P1', 4, (9, 10), (47,), (1.0,), (47,), (1.0,))

38.    ((-6,),):
('K.141 Musescore', 'P1', 1, (257, 258), (55,), (2.0,), (55,), (2.0,))
('K.141 Musescore', 'P1', 1, (263, 264), (56,), (2.0,), (56,), (2.0,))
('K.141 Musescore', 'P1', 1, (281, 282), (59,), (2.0,), (59,), (2.0,))
('K.141 Musescore', 'P1', 1, (287, 288), (60,), (2.0,), (60,), (2.0,))
('K.141 Musescore', 'P1', 1, (305, 306), (63,), (2.0,), (63,), (2.0,))
('K.141 Musescore', 'P1', 1, (311, 312), (64,), (2.0,), (64,), (2.0,))
('K.141 Musescore', 'P1', 1, (323, 324), (66,), (2.0,), (66,), (2.0,))
('K.141 Musescore', 'P1', 1, (335, 336), (68,), (2.0,), (68,), (2.0,))
('K.141 Musescore', 'P1', 1, (347, 348), (70,), (2.0,), (70,), (2.0,))
('K.141 Musescore', 'P1', 1, (386, 387), (76,), (3.5,), (76,), (3.5,))
('K.141 Musescore', 'P1', 1, (398, 399), (78,), (3.5,), (78,), (3.5,))
('K.141 Musescore', 'P1', 1, (677, 678), (128,), (2.0,), (128,), (2.0,))
('K.141 Musescore', 'P1', 1, (683, 684), (129,), (2.0,), (129,), (2.0,))
('K.141 Musescore', 'P1', 1, (701, 702), (132,), (2.0,), (132,), (2.0,))
('K.141 Musescore', 'P1', 1, (707, 708), (133,), (2.0,), (133,), (2.0,))
('K.141 Musescore', 'P1', 1, (725, 726), (136,), (2.0,), (136,), (2.0,))
('K.141 Musescore', 'P1', 1, (731, 732), (137,), (2.0,), (137,), (2.0,))
('K.141 Musescore', 'P1', 1, (743, 744), (139,), (2.0,), (139,), (2.0,))
('K.141 Musescore', 'P1', 1, (755, 756), (141,), (2.0,), (141,), (2.0,))
('K.141 Musescore', 'P1', 1, (803, 804), (149,), (3.5,), (149,), (3.5,))
('K.141 Musescore', 'P1', 1, (815, 816), (151,), (3.5,), (151,), (3.5,))
('K.141 Musescore', 'P1', 3, (193, 194), (80,), (2.0,), (80,), (2.0,))
('K.141 Musescore', 'P1', 3, (393, 394), (153,), (2.0,), (153,), (2.0,))

39.    ((-8,),):
('K.141 Musescore', 'P1', 1, (392, 393), (77,), (3.5,), (77,), (3.5,))
('K.141 Musescore', 'P1', 1, (809, 810), (150,), (3.5,), (150,), (3.5,))
('K.141 Musescore', 'P1', 3, (9, 10), (9,), (1.0,), (9,), (1.0,))
('K.141 Musescore', 'P1', 3, (199, 200), (82,), (2.0,), (82,), (2.0,))
('K.141 Musescore', 'P1', 3, (205, 206), (84,), (2.0,), (84,), (2.0,))
('K.141 Musescore', 'P1', 3, (366, 367), (144,), (2.0,), (144,), (2.0,))
('K.141 Musescore', 'P1', 3, (399, 400), (155,), (2.0,), (155,), (2.0,))
('K.141 Musescore', 'P1', 3, (405, 406), (157,), (2.0,), (157,), (2.0,))
('K.141 Musescore', 'P1', 3, (411, 412), (159,), (2.0,), (159,), (2.0,))

40.    ((8,),):
('K.141 Musescore', 'P1', 1, (393, 394), (78,), (1.0,), (78,), (1.0,))
('K.141 Musescore', 'P1', 1, (810, 811), (151,), (1.0,), (151,), (1.0,))
('K.141 Musescore', 'P1', 3, (86, 87), (41,), (1.0,), (41,), (1.0,))
('K.141 Musescore', 'P1', 3, (96, 97), (45,), (1.0,), (45,), (1.0,))
('K.141 Musescore', 'P1', 3, (100, 101), (47,), (1.0,), (47,), (1.0,))

41.    ((-10,),):
('K.141 Musescore', 'P1', 1, (663, 664), (124,), (3.0,), (124,), (3.0,))
('K.141 Musescore', 'P1', 3, (110, 111), (51,), (1.0,), (51,), (1.0,))
('K.141 Musescore', 'P1', 3, (310, 311), (124,), (1.0,), (124,), (1.0,))

42.    (((3, 2),),):
('K.141 Musescore', 'P1', 3, (165, 166), (71,), (1.0,), (71,), (1.0,))
('K.141 Musescore', 'P1', 3, (231, 232), (93,), (3.0,), (93,), (3.0,))
('K.141 Musescore', 'P1', 3, (360, 361), (142,), (2.0,), (142,), (2.0,))

43.    (((5, 2),),):
('K.141 Musescore', 'P1', 3, (243, 244), (97,), (3.0,), (97,), (3.0,))
('K.141 Musescore', 'P1', 3, (277, 278), (109,), (1.0,), (109,), (1.0,))
('K.141 Musescore', 'P1', 3, (359, 360), (142,), (1.0,), (142,), (1.0,))

44.    ((9,),):
('K.141 Musescore', 'P1', 1, (102, 103), (18,), (1.0,), (18,), (1.0,))
('K.141 Musescore', 'P1', 1, (147, 148), (31,), (3.5,), (31,), (3.5,))

45.    (((3, 3, 4, 2),),):
('K.141 Musescore', 'P1', 3, (2, 3), (3,), (1.0,), (3,), (1.0,))
('K.141 Musescore', 'P1', 3, (16, 17), (16,), (1.0,), (16,), (1.0,))

46.    ((15,),):
('K.141 Musescore', 'P1', 3, (82, 83), (39,), (1.0,), (39,), (1.0,))
('K.141 Musescore', 'P1', 3, (192, 193), (80,), (1.0,), (80,), (1.0,))

47.    (((8, 22),),):
('K.141 Musescore', 'P1', 3, (207, 208), (85,), (1.0,), (85,), (1.0,))
('K.141 Musescore', 'P1', 3, (392, 393), (153,), (1.0,), (153,), (1.0,))

48.    (((3, 3, 1),),):
('K.141 Musescore', 'P1', 3, (222, 223), (90,), (3.0,), (90,), (3.0,))
('K.141 Musescore', 'P1', 3, (237, 238), (95,), (3.0,), (95,), (3.0,))

49.    (((4, 3, 1),),):
('K.141 Musescore', 'P1', 3, (262, 263), (104,), (1.0,), (104,), (1.0,))
('K.141 Musescore', 'P1', 3, (263, 264), (104,), (2.0,), (104,), (2.0,))

50.    (((5, 2, 1),),):
('K.141 Musescore', 'P1', 3, (265, 266), (105,), (1.0,), (105,), (1.0,))
('K.141 Musescore', 'P1', 3, (266, 267), (105,), (2.0,), (105,), (2.0,))

