1 .    ('nomes', 'K.227 KernScores') 

2 .    ('quantidade', 1) 

3 .    ('analise', 'recorręncias IntDiaDurPcompasso sem contidos e intercalados') 

1 .    (((2, -4, (6, 5), -2, -2, 1, 2, 3, -2, -2, -2, 1, 2, 5, -2, -2, -2, 1, 2, 3, -2, -2, -2, 1, 2, 3, -4, 2, 2, 1, -2, -2, -2, 2, -2, -2), (0.0, 1.5, (0.0, 0.5), 0.17, 0.17, 0.17, 0.5, 0.5, 0.5, 0.17, 0.17, 0.17, 0.5, 0.5, 0.5, 0.17, 0.17, 0.17, 0.5, 0.5, 0.5, 0.17, 0.17, 0.17, 0.5, 0.5, 0.5, 0.17, 0.17, 0.17, 0.5, 0.17, 0.17, 0.17, 0.17, 0.17), (1.0, 1.0, 2.5, 1.0, 1.17, 1.33, 1.5, 2.0, 2.5, 1.0, 1.17, 1.33, 1.5, 2.0, 2.5, 1.0, 1.17, 1.33, 1.5, 2.0, 2.5, 1.0, 1.17, 1.33, 1.5, 2.0, 2.5, 1.0, 1.17, 1.33, 1.5, 2.0, 2.17, 2.33, 2.5, 2.67)), [('K.227 KernScores', 'P1', 1, (254, 290), (46, 1.0), (51, 2.67)), ('K.227 KernScores', 'P1', 1, (291, 327), (52, 1.0), (57, 2.67))]) 

2 .    (((8, -6, 6, -8, 8, -5, 5, -3, 3, -5, 5, -8, 8, -6, 6, -8, 8, -5, 5, -3, 3, -5, 5, -8, 8, -6, 6, -8, 8, -5, 5, -3, 3, -6, 6), (0.5, 0.5, 0.5, 0.5, 0.5, 0.5, 0.5, 0.5, 0.5, 0.5, 0.5, 0.5, 0.5, 0.5, 0.5, 0.5, 0.5, 0.5, 0.5, 0.5, 0.5, 0.5, 0.5, 0.5, 0.5, 0.5, 0.5, 0.5, 0.5, 0.5, 0.5, 0.5, 0.5, 0.5, 0.5), (1.0, 1.5, 2.0, 2.5, 3.0, 3.5, 1.0, 1.5, 2.0, 2.5, 3.0, 3.5, 1.0, 1.5, 2.0, 2.5, 3.0, 3.5, 1.0, 1.5, 2.0, 2.5, 3.0, 3.5, 1.0, 1.5, 2.0, 2.5, 3.0, 3.5, 1.0, 1.5, 2.0, 2.5, 3.0)), [('K.227 KernScores', 'P2', 1, (320, 355), (83, 1.0), (88, 3.0)), ('K.227 KernScores', 'P2', 1, (356, 391), (89, 1.0), (94, 3.0))]) 

3 .    (((2, 2, -2, -2, -2, -2, -2, -2, 2, 2, 2, 2, 2, 2, -2, -2, -2, -2, -2, -2, 2, 2, 2, 2, 2, 2, -2, -2, -2, -2, -2, -2, 2), (0.17, 0.17, 0.17, 0.17, 0.17, 0.17, 0.17, 0.17, 0.17, 0.17, 0.17, 0.17, 0.17, 0.17, 0.17, 0.17, 0.17, 0.17, 0.17, 0.17, 0.17, 0.17, 0.17, 0.17, 0.17, 0.17, 0.17, 0.17, 0.17, 0.17, 0.17, 0.17, 0.17), (1.5, 1.67, 1.83, 2.0, 2.17, 2.33, 2.5, 2.67, 2.83, 1.0, 1.17, 1.33, 1.5, 1.67, 1.83, 2.0, 2.17, 2.33, 2.5, 2.67, 2.83, 1.0, 1.17, 1.33, 1.5, 1.67, 1.83, 2.0, 2.17, 2.33, 2.5, 2.67, 2.83)), [('K.227 KernScores', 'P1', 1, (363, 396), (62, 1.5), (64, 2.83)), ('K.227 KernScores', 'P2', 1, (246, 279), (65, 1.5), (67, 2.83))]) 

4 .    (((8, -6, 6, -8, 8, -5, 5, -3, 3, -5, 5, -8, 8, -6, 6, -8, 8, -5, 5, -3, 3, -5, 5, -8, 8, -9, 8, -2, 6, 1, (3, 2)), (0.5, 0.5, 0.5, 0.5, 0.5, 0.5, 0.5, 0.5, 0.5, 0.5, 0.5, 0.5, 0.5, 0.5, 0.5, 0.5, 0.5, 0.5, 0.5, 0.5, 0.5, 0.5, 0.5, 0.5, 0.5, 0.5, 0.5, 0.5, 0.5, 1.5, (0.0, 1.0)), (1.0, 1.5, 2.0, 2.5, 3.0, 3.5, 1.0, 1.5, 2.0, 2.5, 3.0, 3.5, 1.0, 1.5, 2.0, 2.5, 3.0, 3.5, 1.0, 1.5, 2.0, 2.5, 3.0, 3.5, 1.0, 1.5, 2.0, 2.5, 3.0, 3.5, 2.0)), [('K.227 KernScores', 'P2', 1, (494, 525), (112, 1.0), (117, 2.0)), ('K.227 KernScores', 'P2', 1, (532, 563), (119, 1.0), (124, 2.0))]) 

5 .    (((-2, -2, -2, -2, -2, -2, 7, -2, -2, -2, -2, -2, -2, -2, 7, -2, -2, -2, -2, -2, -2, -2, 7, -2, -2, -2, -2, -2, -2, -2), (0.17, 0.17, 0.17, 0.17, 0.17, 0.17, 0.5, 0.5, 0.17, 0.17, 0.17, 0.17, 0.17, 0.17, 0.5, 0.5, 0.17, 0.17, 0.17, 0.17, 0.17, 0.17, 0.5, 0.5, 0.17, 0.17, 0.17, 0.17, 0.17, 0.17), (2.0, 2.17, 2.33, 2.5, 2.67, 2.83, 1.0, 1.5, 2.0, 2.17, 2.33, 2.5, 2.67, 2.83, 1.0, 1.5, 2.0, 2.17, 2.33, 2.5, 2.67, 2.83, 1.0, 1.5, 2.0, 2.17, 2.33, 2.5, 2.67, 2.83)), [('K.227 KernScores', 'P1', 1, (330, 360), (58, 2.0), (61, 2.83)), ('K.227 KernScores', 'P2', 1, (98, 128), (28, 2.0), (31, 2.83))]) 

6 .    (((8, -6, 6, -8, 8, -5, 5, -3, 3, -5, 5, -8, 8, -6, 6, -8, 8, -5, 5, -3, 3, -5, 5, -8, 8, -6, 6, -8, 8), (0.5, 0.5, 0.5, 0.5, 0.5, 0.5, 0.5, 0.5, 0.5, 0.5, 0.5, 0.5, 0.5, 0.5, 0.5, 0.5, 0.5, 0.5, 0.5, 0.5, 0.5, 0.5, 0.5, 0.5, 0.5, 0.5, 0.5, 0.5, 0.5), (1.0, 1.5, 2.0, 2.5, 3.0, 3.5, 1.0, 1.5, 2.0, 2.5, 3.0, 3.5, 1.0, 1.5, 2.0, 2.5, 3.0, 3.5, 1.0, 1.5, 2.0, 2.5, 3.0, 3.5, 1.0, 1.5, 2.0, 2.5, 3.0)), [('K.227 KernScores', 'P2', 1, (392, 421), (95, 1.0), (99, 3.0)), ('K.227 KernScores', 'P2', 1, (422, 451), (100, 1.0), (104, 3.0))]) 

7 .    (((3, -2, -2, 1, -3, 2, 2, 3, 3, -2, -2, 1, -3, 2, 2, 6, -4, -2, -2, -2, 2, 3, -2, -2, -2, 2, -2, -2), (0.5, 0.17, 0.17, 0.17, 0.5, 0.17, 0.17, 0.17, 0.5, 0.17, 0.17, 0.17, 0.5, 0.17, 0.17, 0.17, 0.5, 0.5, 0.5, 0.17, 0.17, 0.17, 0.0, 0.17, 0.17, 0.17, 0.5, 0.5), (1.5, 2.0, 2.17, 2.33, 2.5, 1.0, 1.17, 1.33, 1.5, 2.0, 2.17, 2.33, 2.5, 1.0, 1.17, 1.33, 1.5, 2.0, 2.5, 1.0, 1.17, 1.33, 1.5, 1.5, 1.67, 1.83, 2.0, 2.5)), [('K.227 KernScores', 'P1', 1, (163, 191), (32, 1.5), (35, 2.5)), ('K.227 KernScores', 'P1', 1, (192, 220), (36, 1.5), (39, 2.5))]) 

8 .    ((((8, 10), 6, -5, 6, -7, 6, -5, 6, -7, 6, -7, 6, -7, 8, -7, 6, -7, 8, -5, 3, -2, -8), ((0.0, 1.0), 0.5, 0.5, 0.5, 0.5, 0.5, 0.5, 0.5, 0.5, 0.5, 0.5, 0.5, 0.5, 0.5, 0.5, 0.5, 0.5, 0.5, 0.5, 0.5, 0.5, 0.5), (1.0, 2.0, 2.5, 1.0, 1.5, 2.0, 2.5, 1.0, 1.5, 2.0, 2.5, 1.0, 1.5, 2.0, 2.5, 1.0, 1.5, 2.0, 2.5, 1.0, 1.5, 2.0)), [('K.227 KernScores', 'P2', 1, (171, 193), (46, 1.0), (51, 2.0)), ('K.227 KernScores', 'P2', 1, (194, 216), (52, 1.0), (57, 2.0))]) 

9 .    (((3, -8, 2, 6, -5, 2, 5, -8, 2, 6, -5, 2, 3, (3, 2), (3, 2), 2, 2, -2, -3, 2, -3), (1.0, 1.0, 1.0, 1.0, 1.0, 1.0, 1.0, 1.0, 1.0, 1.0, 1.0, 1.0, 1.0, (0.0, 1.0), (0.0, 1.0), 0.33, 0.33, 0.33, 0.5, 0.5, 0.5), (1.0, 2.0, 3.0, 1.0, 2.0, 3.0, 1.0, 2.0, 3.0, 1.0, 2.0, 3.0, 1.0, 2.0, 3.0, 1.0, 1.33, 1.67, 2.0, 2.5, 3.0)), [('K.227 KernScores', 'P1', 1, (570, 591), (112, 1.0), (117, 3.0)), ('K.227 KernScores', 'P1', 1, (595, 616), (119, 1.0), (124, 3.0))]) 

10 .    (((-3, 3, -5, 3, -7, 8, -3, 3, -5, 3, -7, 8, -3, 3, -5, 3, -7), (0.5, 0.5, 0.5, 0.5, 0.5, 0.5, 0.5, 0.5, 0.5, 0.5, 0.5, 0.5, 0.5, 0.5, 0.5, 0.5, 0.5), (1.5, 2.0, 2.5, 3.0, 3.5, 1.0, 1.5, 2.0, 2.5, 3.0, 3.5, 1.0, 1.5, 2.0, 2.5, 3.0, 3.5)), [('K.227 KernScores', 'P2', 1, (453, 470), (105, 1.5), (107, 3.5)), ('K.227 KernScores', 'P2', 1, (471, 488), (108, 1.5), (110, 3.5))]) 

11 .    (((1, -2, -2, -2, 1, -2, -2, -2, 1, -2, -2, 2, 1, -2, -2, -2), (0.25, 0.25, 0.25, 0.25, 0.25, 0.25, 0.25, 0.25, 0.25, 0.25, 0.25, 0.25, 0.25, 0.25, 0.25, 0.25), (2.0, 2.25, 2.5, 2.75, 1.0, 1.25, 1.5, 1.75, 2.0, 2.25, 2.5, 2.75, 1.0, 1.25, 1.5, 1.75)), [('K.227 KernScores', 'P1', 1, (41, 57), (9, 2.0), (11, 1.75)), ('K.227 KernScores', 'P2', 1, (13, 29), (6, 2.0), (8, 1.75))]) 

12 .    (((1, 2, 2, -2, 1, 2, 2, -2, 1, 2, 2, -2, 1, 2, 2, -2), (0.25, 0.25, 0.25, 0.25, 0.25, 0.25, 0.25, 0.25, 0.25, 0.25, 0.25, 0.25, 0.25, 0.25, 0.25, 0.25), (1.0, 1.25, 1.5, 1.75, 2.0, 2.25, 2.5, 2.75, 1.0, 1.25, 1.5, 1.75, 2.0, 2.25, 2.5, 2.75)), [('K.227 KernScores', 'P1', 1, (83, 99), (17, 1.0), (18, 2.75)), ('K.227 KernScores', 'P2', 1, (62, 78), (19, 1.0), (20, 2.75))]) 

13 .    ((((3, 2), -2, (8, 7), -2, -2, -2, -4, (3, 2), -2, (3, 4), -2, -2, 2, -2, -2), ((0.0, 1.0), 1.0, (0.0, 2.0), 0.0, 1.0, 1.0, 0.0, (0.0, 1.0), 1.0, (0.0, 1.0), 0.33, 0.33, 0.33, 1.0, 1.0), (1.0, 2.0, 3.0, 2.0, 2.0, 3.0, 1.0, 1.0, 2.0, 3.0, 1.0, 1.33, 1.67, 2.0, 3.0)), [('K.227 KernScores', 'P1', 1, (622, 637), (127, 1.0), (130, 3.0)), ('K.227 KernScores', 'P1', 1, (643, 658), (133, 1.0), (136, 3.0))]) 

14 .    (((3, 4, -3, 6, 3, -2, -6, -2, 6, 3, -2, -6, -2, 3), (1.0, 1.0, 1.0, 1.0, 1.0, 2.0, 1.0, 1.0, 1.0, 1.0, 2.0, 1.0, 1.0, 1.0), (1.0, 2.0, 3.0, 1.0, 2.0, 3.0, 2.0, 3.0, 1.0, 2.0, 3.0, 2.0, 3.0, 1.0)), [('K.227 KernScores', 'P1', 1, (493, 507), (83, 1.0), (88, 1.0)), ('K.227 KernScores', 'P1', 1, (536, 550), (100, 1.0), (105, 1.0))]) 

15 .    (((1, 1, 1, 1, 1, 2, -2, -2, -2, -2, -2, -2), (0.5, 0.5, 0.5, 0.5, 0.5, 0.5, 0.5, 0.5, 0.5, 0.5, 0.5, 0.5), (1.0, 1.5, 2.0, 2.5, 3.0, 3.5, 1.0, 1.5, 2.0, 2.5, 3.0, 3.5)), [('K.227 KernScores', 'P1', 1, (429, 441), (71, 1.0), (72, 3.5)), ('K.227 KernScores', 'P2', 1, (288, 300), (73, 1.0), (74, 3.5))]) 

16 .    (((-2, -4, 2, 6, 3, -2, -6, -2, 6, 3, -2, -6), (2.0, 1.0, 1.0, 1.0, 1.0, 2.0, 1.0, 1.0, 1.0, 1.0, 2.0, 1.0), (3.0, 2.0, 3.0, 1.0, 2.0, 3.0, 2.0, 3.0, 1.0, 2.0, 3.0, 2.0)), [('K.227 KernScores', 'P1', 1, (508, 520), (88, 3.0), (93, 2.0)), ('K.227 KernScores', 'P1', 1, (523, 535), (94, 3.0), (99, 2.0))]) 

17 .    (((-5, 2, 2, 2, 2, 2, -4, 2, 2, 2, -2, -2), (2.0, 1.0, 1.0, 1.0, 2.0, 1.0, 2.0, 1.0, 2.0, 1.0, 2.0, 1.0), (2.0, 1.0, 2.0, 3.0, 1.0, 3.0, 1.0, 3.0, 1.0, 3.0, 1.0, 3.0)), [('K.227 KernScores', 'P2', 2, (9, 21), (124, 2.0), (129, 3.0)), ('K.227 KernScores', 'P2', 2, (22, 34), (130, 2.0), (135, 3.0))]) 

18 .    (((7, -2, -2, -2, -2, 2, -2, -2, -2, -2, -2), (0.5, 0.5, 0.5, 0.5, 0.5, 0.5, 0.5, 0.5, 0.5, 0.5, 0.5), (1.0, 1.5, 2.0, 2.5, 3.0, 3.5, 1.0, 1.5, 2.0, 2.5, 3.0)), [('K.227 KernScores', 'P1', 1, (457, 468), (77, 1.0), (78, 3.0)), ('K.227 KernScores', 'P1', 1, (469, 480), (79, 1.0), (80, 3.0)), ('K.227 KernScores', 'P1', 1, (481, 492), (81, 1.0), (82, 3.0))]) 

19 .    (((-4, -3, -3, 5, 2, 1, -2, -2, -2, -2), (0.5, 0.5, 0.5, 0.5, 0.5, 0.5, 0.5, 0.5, 0.5, 0.5), (1.5, 2.0, 2.5, 3.0, 3.5, 1.0, 1.5, 2.0, 2.5, 3.0)), [('K.227 KernScores', 'P1', 1, (659, 669), (137, 1.5), (138, 3.0)), ('K.227 KernScores', 'P1', 1, (670, 680), (139, 1.5), (140, 3.0))]) 

20 .    (((1, -2, -2, 3, 1, -2, -2, 6, 1), (0.25, 0.25, 0.25, 0.25, 0.25, 0.25, 0.25, 0.25, 1.0), (1.0, 1.25, 1.5, 1.75, 2.0, 2.25, 2.5, 2.75, 1.0)), [('K.227 KernScores', 'P1', 1, (63, 72), (13, 1.0), (14, 1.0)), ('K.227 KernScores', 'P1', 1, (73, 82), (15, 1.0), (16, 1.0))]) 

21 .    (((-2, -2, 1, -2, -2, 3, 1, -2, -2), (1.0, 1.0, 0.25, 0.25, 0.25, 0.25, 0.25, 0.25, 0.25), (1.0, 2.0, 1.0, 1.25, 1.5, 1.75, 2.0, 2.25, 2.5)), [('K.227 KernScores', 'P2', 1, (38, 47), (13, 1.0), (14, 2.5)), ('K.227 KernScores', 'P2', 1, (48, 57), (15, 1.0), (16, 2.5))]) 

22 .    (((2, 2, 2, 2, -3, 4, -5, 2, -8), (1.0, 1.0, 1.0, 1.0, 0.5, 0.5, 0.5, 0.5, 0.5), (2.0, 1.0, 2.0, 1.0, 2.0, 2.5, 1.0, 1.5, 2.0)), [('K.227 KernScores', 'P2', 1, (129, 138), (32, 2.0), (35, 2.0)), ('K.227 KernScores', 'P2', 1, (140, 149), (36, 2.0), (39, 2.0))]) 

23 .    (((7, -2, -2, -2, -2, -2, -2, -2), (0.5, 0.5, 0.17, 0.17, 0.17, 0.17, 0.17, 0.17), (1.0, 1.5, 2.0, 2.17, 2.33, 2.5, 2.67, 2.83)), [('K.227 KernScores', 'P1', 1, (130, 138), (25, 1.0), (25, 2.83)), ('K.227 KernScores', 'P1', 1, (146, 154), (27, 1.0), (27, 2.83))]) 

24 .    (((-3, -3, 5, 1, -2, 2, 2), (0.5, 0.5, 0.5, 0.0, 0.75, 0.12, 0.12), (1.5, 2.0, 2.5, 1.0, 1.0, 1.75, 1.88)), [('K.227 KernScores', 'P1', 1, (1, 8), (1, 1.5), (2, 1.88)), ('K.227 KernScores', 'P2', 1, (1, 8), (3, 1.5), (4, 1.88))]) 

25 .    (((-4, 2, -4, 2, -4, 2, 2), (0.25, 0.25, 0.25, 0.25, 0.25, 0.25, 0.25), (1.25, 1.5, 1.75, 2.0, 2.25, 2.5, 2.75)), [('K.227 KernScores', 'P1', 1, (105, 112), (21, 1.25), (21, 2.75)), ('K.227 KernScores', 'P2', 1, (79, 86), (22, 1.25), (22, 2.75))]) 

26 .    (((-2, 2, -2, 3, 2, -2, 2), (1.0, 1.0, 1.0, 1.0, 1.0, 1.0, 1.0), (1.0, 2.0, 1.0, 2.0, 1.0, 2.0, 1.0)), [('K.227 KernScores', 'P1', 2, (0, 7), (47, 1.0), (50, 1.0)), ('K.227 KernScores', 'P1', 2, (8, 15), (53, 1.0), (56, 1.0))]) 

27 .    (((2, 2, 2, 2, 2, -2), (0.17, 0.17, 0.17, 0.17, 0.17, 0.17), (1.0, 1.17, 1.33, 1.5, 1.67, 1.83)), [('K.227 KernScores', 'P1', 1, (407, 413), (68, 1.0), (68, 1.83)), ('K.227 KernScores', 'P1', 1, (419, 425), (69, 1.0), (69, 1.83))]) 

28 .    (((-2, -2, -2, -2, -2), (0.17, 0.17, 0.17, 0.17, 0.17), (2.0, 2.17, 2.33, 2.5, 2.67)), [('K.227 KernScores', 'P1', 1, (124, 129), (24, 2.0), (24, 2.67)), ('K.227 KernScores', 'P1', 1, (140, 145), (26, 2.0), (26, 2.67))]) 

29 .    (((2, -2, -2, -2, -2), (0.5, 0.0, 0.5, 0.25, 0.25), (2.5, 1.0, 1.0, 1.5, 1.75)), [('K.227 KernScores', 'P1', 1, (14, 19), (4, 2.5), (5, 1.75)), ('K.227 KernScores', 'P1', 1, (20, 25), (5, 2.5), (6, 1.75))]) 

30 .    (((1, 1, 1, 1, (3, 2)), (6.0, 3.0, 3.0, 4.0, (0.0, 1.0)), (1.0, 1.0, 1.0, 1.0, 2.0)), [('K.227 KernScores', 'P2', 1, (564, 569), (125, 1.0), (130, 2.0)), ('K.227 KernScores', 'P2', 1, (570, 575), (131, 1.0), (136, 2.0))]) 

31 .    (((3, -2, -2, 1), (0.5, 0.17, 0.17, 0.17), (1.5, 2.0, 2.17, 2.33)), [('K.227 KernScores', 'P1', 1, (221, 225), (40, 1.5), (40, 2.33)), ('K.227 KernScores', 'P1', 1, (229, 233), (41, 1.5), (41, 2.33))]) 

32 .    (((-3, -3, 4, -3), (1.0, 1.0, 1.0, 1.0), (3.0, 1.0, 2.0, 3.0)), [('K.227 KernScores', 'P1', 1, (551, 555), (105, 3.0), (106, 3.0)), ('K.227 KernScores', 'P1', 1, (557, 561), (107, 3.0), (108, 3.0))]) 

33 .    (((-2, -2, -3, 4), (0.5, 0.5, 0.5, 0.5), (1.0, 1.5, 2.0, 2.5)), [('K.227 KernScores', 'P2', 1, (219, 223), (59, 1.0), (59, 2.5)), ('K.227 KernScores', 'P2', 1, (227, 231), (61, 1.0), (61, 2.5))]) 

34 .    (((2, 2, 2, 2), (1.0, 1.0, 1.0, 1.0), (1.0, 2.0, 3.0, 1.0)), [('K.227 KernScores', 'P2', 1, (314, 318), (81, 1.0), (82, 1.0)), ('K.227 KernScores', 'P2', 1, (580, 584), (139, 1.0), (140, 1.0))]) 

35 .    (((2, 2, 2), (1.0, 1.0, 1.0), (1.0, 2.0, 3.0)), [('K.227 KernScores', 'P2', 1, (306, 309), (77, 1.0), (77, 3.0)), ('K.227 KernScores', 'P2', 1, (310, 313), (79, 1.0), (79, 3.0))]) 

36 .    (((2, -8, 4), (0.5, 0.5, 0.5), (1.5, 2.0, 2.5)), [('K.227 KernScores', 'P2', 1, (240, 243), (64, 1.5), (64, 2.5)), ('K.227 KernScores', 'P2', 1, (280, 283), (68, 1.5), (68, 2.5))]) 

37 .    (((3, -2, -3), (0.5, 0.5, 0.5), (2.0, 2.5, 1.0)), [('K.227 KernScores', 'P1', 1, (397, 400), (65, 2.0), (66, 1.0)), ('K.227 KernScores', 'P1', 1, (401, 404), (66, 2.0), (67, 1.0))]) 

38 .    ((((8, 7), -2, -2), ((0.0, 3.0), 0.0, 1.0), (2.0, 2.0, 2.0)), [('K.227 KernScores', 'P1', 1, (618, 621), (125, 2.0), (126, 2.0)), ('K.227 KernScores', 'P1', 1, (638, 641), (131, 2.0), (132, 2.0))]) 

39 .    (((3, 3, 4), (0.5, 0.5, 0.5), (2.5, 3.0, 3.5)), [('K.227 KernScores', 'P1', 1, (686, 689), (142, 2.5), (142, 3.5)), ('K.227 KernScores', 'P2', 1, (587, 590), (141, 2.5), (141, 3.5))]) 

40 .    (((1, 1, -2), (6.0, 6.0, 2.0), (1.0, 1.0, 1.0)), [('K.227 KernScores', 'P1', 2, (18, 21), (126, 1.0), (130, 1.0)), ('K.227 KernScores', 'P1', 2, (22, 25), (132, 1.0), (136, 1.0))]) 

41 .    ((((6, 1), (6, 1), (6, 1)), ((0.0, 0.5), (0.0, 0.5), (0.0, 0.5)), (2.5, 1.0, 1.5)), [('K.227 KernScores', 'P2', 1, (160, 163), (42, 2.5), (43, 1.5)), ('K.227 KernScores', 'P2', 1, (164, 167), (43, 2.5), (44, 1.5))]) 

42 .    (((2, -8, 9), (0.5, 0.5, 0.5), (1.5, 2.0, 2.5)), [('K.227 KernScores', 'P2', 1, (232, 235), (62, 1.5), (62, 2.5)), ('K.227 KernScores', 'P2', 1, (236, 239), (63, 1.5), (63, 2.5))]) 

43 .    (((-2, -2), (0.5, 0.5), (2.0, 2.5)), [('K.227 KernScores', 'P1', 1, (244, 246), (43, 2.0), (43, 2.5)), ('K.227 KernScores', 'P1', 1, (453, 455), (76, 2.0), (76, 2.5))]) 

44 .    (((2, 2), (1.0, 1.0), (1.0, 2.0)), [('K.227 KernScores', 'P2', 2, (0, 2), (78, 1.0), (78, 2.0)), ('K.227 KernScores', 'P2', 2, (3, 5), (80, 1.0), (80, 2.0)), ('K.227 KernScores', 'P2', 2, (36, 38), (137, 1.0), (137, 2.0))]) 

45 .    (((-2, -2), (0.25, 0.25), (1.25, 1.5)), [('K.227 KernScores', 'P1', 1, (38, 40), (9, 1.25), (9, 1.5)), ('K.227 KernScores', 'P1', 1, (115, 117), (23, 1.25), (23, 1.5))]) 

46 .    (((6, -7), (1.5, 0.5), (1.0, 2.5)), [('K.227 KernScores', 'P1', 1, (156, 158), (29, 1.0), (29, 2.5)), ('K.227 KernScores', 'P1', 1, (160, 162), (31, 1.0), (31, 2.5))]) 

47 .    (((-3, 4), (1.0, 1.0), (3.0, 1.0)), [('K.227 KernScores', 'P1', 1, (563, 565), (109, 3.0), (110, 1.0)), ('K.227 KernScores', 'P1', 1, (566, 568), (110, 3.0), (111, 1.0))]) 

48 .    (((2, 2), (0.5, 0.5), (1.0, 1.5)), [('K.227 KernScores', 'P1', 1, (31, 33), (8, 1.0), (8, 1.5)), ('K.227 KernScores', 'P1', 1, (445, 447), (75, 1.0), (75, 1.5))]) 

49 .    (((3,), (0.5,), (2.0,)), [('K.227 KernScores', 'P1', 1, (29, 30), (7, 2.0), (7, 2.0)), ('K.227 KernScores', 'P1', 1, (405, 406), (67, 2.0), (67, 2.0)), ('K.227 KernScores', 'P2', 1, (490, 491), (111, 2.0), (111, 2.0))]) 

50 .    (((-2,), (0.5,), (1.5,)), [('K.227 KernScores', 'P1', 1, (12, 13), (4, 1.5), (4, 1.5)), ('K.227 KernScores', 'P1', 1, (247, 248), (44, 1.5), (44, 1.5)), ('K.227 KernScores', 'P2', 1, (224, 225), (60, 1.5), (60, 1.5))]) 

51 .    (((-5,), (0.5,), (2.5,)), [('K.227 KernScores', 'P2', 1, (87, 88), (23, 2.5), (23, 2.5)), ('K.227 KernScores', 'P2', 1, (286, 287), (69, 2.5), (69, 2.5))]) 

52 .    (((2,), (1.0,), (1.0,)), [('K.227 KernScores', 'P1', 1, (10, 11), (3, 1.0), (3, 1.0)), ('K.227 KernScores', 'P1', 1, (101, 102), (20, 1.0), (20, 1.0)), ('K.227 KernScores', 'P2', 1, (10, 11), (5, 1.0), (5, 1.0)), ('K.227 KernScores', 'P2', 1, (577, 578), (138, 1.0), (138, 1.0))]) 

53 .    (((-2,), (0.17,), (2.17,)), [('K.227 KernScores', 'P1', 1, (239, 240), (42, 2.17), (42, 2.17)), ('K.227 KernScores', 'P1', 1, (414, 415), (68, 2.17), (68, 2.17))]) 

54 .    (((2,), (1.0,), (3.0,)), [('K.227 KernScores', 'P1', 1, (442, 443), (73, 3.0), (73, 3.0)), ('K.227 KernScores', 'P2', 1, (302, 303), (75, 3.0), (75, 3.0))]) 

55 .    (((2,), (0.17,), (1.17,)), [('K.227 KernScores', 'P1', 1, (361, 362), (62, 1.17), (62, 1.17)), ('K.227 KernScores', 'P2', 1, (244, 245), (65, 1.17), (65, 1.17))]) 

56 .    (((3,), (1.0,), (1.0,)), [('K.227 KernScores', 'P1', 1, (521, 522), (94, 1.0), (94, 1.0)), ('K.227 KernScores', 'P1', 1, (681, 682), (141, 1.0), (141, 1.0))]) 

57 .    (((6,), (0.5,), (1.0,)), [('K.227 KernScores', 'P1', 1, (122, 123), (24, 1.0), (24, 1.0)), ('K.227 KernScores', 'P1', 1, (328, 329), (58, 1.0), (58, 1.0))]) 

58 .    (((-2,), (0.25,), (2.5,)), [('K.227 KernScores', 'P1', 1, (35, 36), (8, 2.5), (8, 2.5)), ('K.227 KernScores', 'P1', 1, (120, 121), (23, 2.5), (23, 2.5))]) 

59 .    (((-2,), (0.17,), (1.17,)), [('K.227 KernScores', 'P1', 1, (227, 228), (41, 1.17), (41, 1.17)), ('K.227 KernScores', 'P1', 1, (235, 236), (42, 1.17), (42, 1.17))]) 

60 .    (((2,), (0.5,), (2.5,)), [('K.227 KernScores', 'P1', 1, (26, 27), (6, 2.5), (6, 2.5)), ('K.227 KernScores', 'P1', 1, (113, 114), (22, 2.5), (22, 2.5)), ('K.227 KernScores', 'P1', 1, (249, 250), (44, 2.5), (44, 2.5))]) 

61 .    (((-8,), (1.0,), (2.0,)), [('K.227 KernScores', 'P2', 1, (31, 32), (9, 2.0), (9, 2.0)), ('K.227 KernScores', 'P2', 1, (33, 34), (10, 2.0), (10, 2.0))]) 

62 .    ((((6, -2),), ((0.0, 0.5),), (2.5,)), [('K.227 KernScores', 'P2', 1, (91, 92), (25, 2.5), (25, 2.5)), ('K.227 KernScores', 'P2', 1, (93, 94), (26, 2.5), (26, 2.5)), ('K.227 KernScores', 'P2', 1, (95, 96), (27, 2.5), (27, 2.5)), ('K.227 KernScores', 'P2', 1, (168, 169), (44, 2.5), (44, 2.5))]) 

63 .    ((((7, 1),), ((0.0, 0.5),), (2.0,)), [('K.227 KernScores', 'P2', 1, (151, 152), (40, 2.0), (40, 2.0)), ('K.227 KernScores', 'P2', 1, (155, 156), (41, 2.0), (41, 2.0))]) 

