1.    nomes:
K.146 KernScores

2.    quantidade:
1

3.    analise:
[('intDia', 'p1p2'), ('duracao', 'p1p2'), ('Ptempo', 'p1')] SemContInte Distancia: 0

1.    ((4, -3, 4, -3, 4, -3, 4, -3, 4, -3, -2, 3, -2, -2, 2, -2, -2, 5, -4, 2, -2, 3, -2, 4, -7, 4, -2, -2, -2, 2, 5, -2, -2, -2, -2, -2, -2, 2, -3, -2, 2, -2, 2, 3, 2, -2, 2, 1, 2, -2, 2, 1, (3, -2), (3, -2), (3, -4), 2, -2, 2, 3, 2, -2, 2, 1, 2, -2, 2, 2, (3, -2), (3, -2), (3, -5), 2, -2, 2, 3, 2, -2, 2, 1, 2, -2, 2, 3, (3, -2), (3, -2), (3, -2), (3, -2)), (0.5, 0.5, 0.5, 0.5, 0.5, 0.5, 0.5, 0.5, 0.5, 0.5, 0.5, 0.5, 0.5, 0.5, 0.5, 0.5, 0.5, 0.5, 0.5, 0.5, 0.5, 0.5, 0.5, 0.5, 0.5, 0.5, 0.5, 0.5, 0.5, 0.5, 0.5, 0.5, 0.5, 0.5, 0.5, 0.5, 1.0, 0.5, 0.5, 1.0, 0.25, 0.25, 0.25, 0.25, 0.25, 0.25, 0.25, 0.25, 0.25, 0.25, 0.25, 0.25, (0.0, 1.0), (0.0, 1.0), (0.0, 1.0), 0.25, 0.25, 0.25, 0.25, 0.25, 0.25, 0.25, 0.25, 0.25, 0.25, 0.25, 0.25, (0.0, 1.0), (0.0, 1.0), (0.0, 1.0), 0.25, 0.25, 0.25, 0.25, 0.25, 0.25, 0.25, 0.25, 0.25, 0.25, 0.25, 0.25, (0.0, 1.0), (0.0, 1.0), (0.0, 1.0), (0.0, 1.0)), (0.0,)):
('K.146 KernScores', 'P1', 1, (39, 125), (9,), (1.0,), (22,), (1.0,))
('K.146 KernScores', 'P1', 1, (279, 365), (44,), (1.0,), (57,), (1.0,))

2.    ((-3, 4, -3, 4, -3, 4, -3, 4, -3, 4, -2, -2, -2, -2, 2, 2, -3, 2, 3, 2, -2, -2, -2, -2, 3, -2, -2, -2, -2, -2, -2, -2, -2, -2, 3, -2, -4, -5), (0.5, 0.5, 0.5, 0.5, 0.5, 0.5, 0.5, 0.5, 0.5, 0.5, 0.5, 0.5, 0.5, 0.5, 0.5, 0.5, 0.5, 0.5, 0.5, 0.5, 0.5, 0.5, 0.5, 0.5, 0.5, 0.5, 0.5, 0.5, 0.5, 0.5, 0.5, 0.5, 0.5, 0.5, 0.5, 0.5, 1.0, 1.0), (0.0,)):
('K.146 KernScores', 'P2', 1, (34, 72), (9,), (1.0,), (15,), (2.0,))
('K.146 KernScores', 'P2', 1, (144, 182), (44,), (1.0,), (50,), (2.0,))

3.    ((2, -2, 2, 1, 2, -2, 2, 2, 2, -2, 2, 1, 2, -2, 2, 1, 2, -2, 2, 2, 2, -2, 2, -3, 8, -2, -2, -2, -2, -2, -2, -2, -2, 5), (0.25, 0.25, 0.25, 0.25, 0.25, 0.25, 0.25, 0.25, 0.25, 0.25, 0.25, 0.25, 0.25, 0.25, 0.25, 0.25, 0.25, 0.25, 0.25, 0.25, 0.25, 0.25, 0.25, 0.5, 0.25, 0.25, 0.25, 0.25, 0.25, 0.25, 0.25, 0.25, 0.25, 0.25), (0.0,)):
('K.146 KernScores', 'P1', 1, (126, 160), (23,), (1.0,), (25,), (3.5,))
('K.146 KernScores', 'P1', 1, (169, 203), (27,), (1.0,), (29,), (3.5,))

4.    ((-2, 2, 2, 2, 2, -4, -3, -3, 5, -2, 2, 2, 2, 2, 3, -3, -4, -3), (0.5, 0.25, 0.25, 1.0, 1.25, 0.25, 0.25, 0.25, 2.0, 0.5, 0.25, 0.25, 1.0, 1.0, 0.25, 0.25, 0.25, 0.25), (0.0,)):
('K.146 KernScores', 'P1', 1, (0, 18), (1,), (1.0,), (4,), (1.75,))
('K.146 KernScores', 'P1', 1, (231, 249), (34,), (1.0,), (37,), (1.75,))

5.    ((3, -3, -4, -3, 6, -4, -3, -3, 5, 4, -4, -3, -3, 5, -3, -3), (0.25, 0.25, 0.25, 0.25, 0.25, 0.25, 0.25, 0.25, 1.0, 0.25, 0.25, 0.25, 0.25, 0.25, 0.25, 0.25), (0.0,)):
('K.146 KernScores', 'P1', 1, (214, 230), (31,), (2.0,), (32,), (3.5,))
('K.146 KernScores', 'P1', 1, (421, 437), (65,), (2.0,), (66,), (3.5,))

6.    ((2, -2, 2, 1, 2, -2, 2, 1, 2, -2, 2, 2, 2, -8, -5), (0.25, 0.25, 0.25, 0.25, 0.25, 0.25, 0.25, 0.25, 0.25, 0.25, 0.25, 3.25, 1.0, 1.0, 1.0), (0.0,)):
('K.146 KernScores', 'P2', 1, (183, 198), (58,), (1.0,), (60,), (3.0,))
('K.146 KernScores', 'P2', 1, (202, 217), (62,), (1.0,), (64,), (3.0,))

7.    ((2, -2, 2, 1, 2, -2, 2, 1, 2, -2, 2), (0.25, 0.25, 0.25, 0.25, 0.25, 0.25, 0.25, 0.25, 0.25, 0.25, 0.25), (0.0,)):
('K.146 KernScores', 'P1', 1, (134, 145), (23,), (3.0,), (24,), (2.5,))
('K.146 KernScores', 'P1', 1, (177, 188), (27,), (3.0,), (28,), (2.5,))
('K.146 KernScores', 'P2', 1, (183, 194), (58,), (1.0,), (58,), (3.5,))
('K.146 KernScores', 'P2', 1, (202, 213), (62,), (1.0,), (62,), (3.5,))

8.    ((3, -2, -2, -2, -2, -2, 8, -4, -3, -10), (0.5, 0.5, 0.5, 0.5, 0.5, 0.5, 1.25, 0.25, 0.25, 0.25), (0.0,)):
('K.146 KernScores', 'P2', 1, (112, 122), (38,), (1.0,), (39,), (2.75,))
('K.146 KernScores', 'P2', 1, (133, 143), (42,), (1.0,), (43,), (2.75,))

9.    ((-2, 2, 2, 2, 2, -4, -3, -3, 5), (0.5, 0.25, 0.25, 1.0, 1.25, 0.25, 0.25, 0.25, 2.0), (0.0,)):
('K.146 KernScores', 'P1', 1, (30, 39), (7,), (1.0,), (8,), (2.0,))
('K.146 KernScores', 'P1', 1, (260, 269), (40,), (1.0,), (41,), (2.0,))

10.    ((3, -2, -2, -2, 9, -4, -3, -3), (0.5, 0.5, 0.5, 0.5, 0.75, 0.25, 0.25, 0.25), (0.5,)):
('K.146 KernScores', 'P1', 1, (251, 259), (38,), (1.5,), (39,), (1.75,))
('K.146 KernScores', 'P1', 1, (270, 278), (42,), (1.5,), (43,), (1.75,))

11.    ((2, -3, -2, 1, -4, -3, -10), (1.0, 1.0, 1.0, 1.25, 0.25, 0.25, 0.25), (0.0,)):
('K.146 KernScores', 'P2', 1, (96, 103), (34,), (1.0,), (35,), (2.75,))
('K.146 KernScores', 'P2', 1, (104, 111), (36,), (1.0,), (37,), (2.75,))

12.    ((-2, -2, -2, -2, -2), (0.5, 0.5, 0.5, 0.5, 0.5), (0.5,)):
('K.146 KernScores', 'P1', 1, (70, 75), (14,), (1.5,), (14,), (3.5,))
('K.146 KernScores', 'P1', 1, (310, 315), (49,), (1.5,), (49,), (3.5,))
('K.146 KernScores', 'P2', 1, (59, 64), (13,), (1.5,), (13,), (3.5,))
('K.146 KernScores', 'P2', 1, (113, 118), (38,), (1.5,), (38,), (3.5,))
('K.146 KernScores', 'P2', 1, (134, 139), (42,), (1.5,), (42,), (3.5,))
('K.146 KernScores', 'P2', 1, (169, 174), (48,), (1.5,), (48,), (3.5,))

13.    ((4, -2, -2, -2), (0.5, 0.5, 0.5, 0.5), (0.5,)):
('K.146 KernScores', 'P1', 1, (64, 68), (13,), (1.5,), (13,), (3.0,))
('K.146 KernScores', 'P1', 1, (304, 308), (48,), (1.5,), (48,), (3.0,))
('K.146 KernScores', 'P2', 1, (43, 47), (10,), (2.5,), (11,), (1.0,))
('K.146 KernScores', 'P2', 1, (153, 157), (45,), (2.5,), (46,), (1.0,))

14.    ((6, -3, -4, -3), (0.25, 0.25, 0.25, 0.25), (0.0,)):
('K.146 KernScores', 'P1', 1, (25, 29), (6,), (1.0,), (6,), (1.75,))
('K.146 KernScores', 'P1', 1, (209, 213), (30,), (3.0,), (30,), (3.75,))

15.    ((-2, 2, 2), (0.5, 0.25, 0.25), (0.0,)):
('K.146 KernScores', 'P1', 1, (0, 3), (1,), (1.0,), (1,), (1.75,))
('K.146 KernScores', 'P1', 1, (9, 12), (3,), (1.0,), (3,), (1.75,))
('K.146 KernScores', 'P1', 1, (30, 33), (7,), (1.0,), (7,), (1.75,))
('K.146 KernScores', 'P1', 1, (231, 234), (34,), (1.0,), (34,), (1.75,))
('K.146 KernScores', 'P1', 1, (240, 243), (36,), (1.0,), (36,), (1.75,))
('K.146 KernScores', 'P1', 1, (260, 263), (40,), (1.0,), (40,), (1.75,))
('K.146 KernScores', 'P2', 1, (123, 126), (40,), (1.0,), (40,), (1.75,))

16.    ((-4, -3), (0.25, 0.25), (0.25,)):
('K.146 KernScores', 'P1', 1, (5, 7), (2,), (1.25,), (2,), (1.5,))
('K.146 KernScores', 'P1', 1, (35, 37), (8,), (1.25,), (8,), (1.5,))
('K.146 KernScores', 'P1', 1, (219, 221), (31,), (3.25,), (31,), (3.5,))
('K.146 KernScores', 'P1', 1, (224, 226), (32,), (2.25,), (32,), (2.5,))
('K.146 KernScores', 'P1', 1, (236, 238), (35,), (1.25,), (35,), (1.5,))
('K.146 KernScores', 'P1', 1, (256, 258), (39,), (1.25,), (39,), (1.5,))
('K.146 KernScores', 'P1', 1, (265, 267), (41,), (1.25,), (41,), (1.5,))
('K.146 KernScores', 'P1', 1, (275, 277), (43,), (1.25,), (43,), (1.5,))
('K.146 KernScores', 'P1', 1, (426, 428), (65,), (3.25,), (65,), (3.5,))
('K.146 KernScores', 'P1', 1, (431, 433), (66,), (2.25,), (66,), (2.5,))
('K.146 KernScores', 'P1', 1, (444, 446), (67,), (3.25,), (67,), (3.5,))
('K.146 KernScores', 'P2', 1, (4, 6), (2,), (2.25,), (2,), (2.5,))
('K.146 KernScores', 'P2', 1, (12, 14), (4,), (2.25,), (4,), (2.5,))
('K.146 KernScores', 'P2', 1, (22, 24), (6,), (2.25,), (6,), (2.5,))
('K.146 KernScores', 'P2', 1, (30, 32), (8,), (2.25,), (8,), (2.5,))
('K.146 KernScores', 'P2', 1, (100, 102), (35,), (2.25,), (35,), (2.5,))
('K.146 KernScores', 'P2', 1, (108, 110), (37,), (2.25,), (37,), (2.5,))
('K.146 KernScores', 'P2', 1, (119, 121), (39,), (2.25,), (39,), (2.5,))
('K.146 KernScores', 'P2', 1, (129, 131), (41,), (2.25,), (41,), (2.5,))
('K.146 KernScores', 'P2', 1, (140, 142), (43,), (2.25,), (43,), (2.5,))

17.    ((1, 1), (6.0, 6.0), (0.0,)):
('K.146 KernScores', 'P1', 2, (0, 2), (17,), (1.0,), (19,), (1.0,))
('K.146 KernScores', 'P1', 2, (3, 5), (52,), (1.0,), (54,), (1.0,))

18.    ((-2,), (0.25,), (0.75,)):
('K.146 KernScores', 'P1', 1, (152, 153), (25,), (1.75,), (25,), (1.75,))
('K.146 KernScores', 'P1', 1, (156, 157), (25,), (2.75,), (25,), (2.75,))
('K.146 KernScores', 'P1', 1, (163, 164), (26,), (1.75,), (26,), (1.75,))
('K.146 KernScores', 'P1', 1, (167, 168), (26,), (2.75,), (26,), (2.75,))
('K.146 KernScores', 'P1', 1, (195, 196), (29,), (1.75,), (29,), (1.75,))
('K.146 KernScores', 'P1', 1, (199, 200), (29,), (2.75,), (29,), (2.75,))
('K.146 KernScores', 'P1', 1, (203, 204), (29,), (3.75,), (29,), (3.75,))
('K.146 KernScores', 'P1', 1, (380, 381), (60,), (1.75,), (60,), (1.75,))
('K.146 KernScores', 'P1', 1, (384, 385), (60,), (2.75,), (60,), (2.75,))
('K.146 KernScores', 'P1', 1, (391, 392), (61,), (1.75,), (61,), (1.75,))
('K.146 KernScores', 'P1', 1, (395, 396), (61,), (2.75,), (61,), (2.75,))
('K.146 KernScores', 'P1', 1, (411, 412), (64,), (1.75,), (64,), (1.75,))
('K.146 KernScores', 'P1', 1, (415, 416), (64,), (2.75,), (64,), (2.75,))
('K.146 KernScores', 'P1', 1, (419, 420), (64,), (3.75,), (64,), (3.75,))
('K.146 KernScores', 'P2', 1, (201, 202), (61,), (3.75,), (61,), (3.75,))

19.    ((2,), (1.0,), (0.0,)):
('K.146 KernScores', 'P1', 1, (3, 4), (1,), (2.0,), (1,), (2.0,))
('K.146 KernScores', 'P1', 1, (12, 13), (3,), (2.0,), (3,), (2.0,))
('K.146 KernScores', 'P1', 1, (13, 14), (3,), (3.0,), (3,), (3.0,))
('K.146 KernScores', 'P1', 1, (33, 34), (7,), (2.0,), (7,), (2.0,))
('K.146 KernScores', 'P1', 1, (234, 235), (34,), (2.0,), (34,), (2.0,))
('K.146 KernScores', 'P1', 1, (243, 244), (36,), (2.0,), (36,), (2.0,))
('K.146 KernScores', 'P1', 1, (244, 245), (36,), (3.0,), (36,), (3.0,))
('K.146 KernScores', 'P1', 1, (263, 264), (40,), (2.0,), (40,), (2.0,))
('K.146 KernScores', 'P2', 1, (73, 74), (25,), (1.0,), (25,), (1.0,))
('K.146 KernScores', 'P2', 1, (80, 81), (29,), (1.0,), (29,), (1.0,))
('K.146 KernScores', 'P2', 1, (96, 97), (34,), (1.0,), (34,), (1.0,))
('K.146 KernScores', 'P2', 1, (104, 105), (36,), (1.0,), (36,), (1.0,))
('K.146 KernScores', 'P2', 1, (195, 196), (60,), (1.0,), (60,), (1.0,))
('K.146 KernScores', 'P2', 1, (214, 215), (64,), (1.0,), (64,), (1.0,))

20.    ((3,), (0.25,), (0.0,)):
('K.146 KernScores', 'P1', 1, (14, 15), (4,), (1.0,), (4,), (1.0,))
('K.146 KernScores', 'P1', 1, (205, 206), (30,), (2.0,), (30,), (2.0,))
('K.146 KernScores', 'P1', 1, (214, 215), (31,), (2.0,), (31,), (2.0,))
('K.146 KernScores', 'P1', 1, (245, 246), (37,), (1.0,), (37,), (1.0,))
('K.146 KernScores', 'P1', 1, (421, 422), (65,), (2.0,), (65,), (2.0,))
('K.146 KernScores', 'P1', 1, (439, 440), (67,), (2.0,), (67,), (2.0,))
('K.146 KernScores', 'P2', 1, (83, 84), (30,), (1.0,), (30,), (1.0,))
('K.146 KernScores', 'P2', 1, (87, 88), (31,), (1.0,), (31,), (1.0,))
('K.146 KernScores', 'P2', 1, (91, 92), (32,), (1.0,), (32,), (1.0,))
('K.146 KernScores', 'P2', 1, (217, 218), (65,), (1.0,), (65,), (1.0,))
('K.146 KernScores', 'P2', 1, (221, 222), (66,), (1.0,), (66,), (1.0,))
('K.146 KernScores', 'P2', 1, (225, 226), (67,), (1.0,), (67,), (1.0,))

21.    ((-2,), (1.0,), (0.0,)):
('K.146 KernScores', 'P1', 1, (75, 76), (15,), (1.0,), (15,), (1.0,))
('K.146 KernScores', 'P1', 1, (78, 79), (15,), (3.0,), (15,), (3.0,))
('K.146 KernScores', 'P1', 1, (168, 169), (26,), (3.0,), (26,), (3.0,))
('K.146 KernScores', 'P1', 1, (315, 316), (50,), (1.0,), (50,), (1.0,))
('K.146 KernScores', 'P1', 1, (318, 319), (50,), (3.0,), (50,), (3.0,))
('K.146 KernScores', 'P2', 1, (2, 3), (1,), (3.0,), (1,), (3.0,))
('K.146 KernScores', 'P2', 1, (10, 11), (3,), (3.0,), (3,), (3.0,))
('K.146 KernScores', 'P2', 1, (28, 29), (7,), (3.0,), (7,), (3.0,))
('K.146 KernScores', 'P2', 1, (98, 99), (34,), (3.0,), (34,), (3.0,))
('K.146 KernScores', 'P2', 1, (106, 107), (36,), (3.0,), (36,), (3.0,))
('K.146 KernScores', 'P2', 1, (127, 128), (40,), (3.0,), (40,), (3.0,))

22.    ((4,), (0.5,), (0.5,)):
('K.146 KernScores', 'P1', 1, (62, 63), (12,), (3.5,), (12,), (3.5,))
('K.146 KernScores', 'P1', 1, (302, 303), (47,), (3.5,), (47,), (3.5,))
('K.146 KernScores', 'P2', 1, (35, 36), (9,), (1.5,), (9,), (1.5,))
('K.146 KernScores', 'P2', 1, (37, 38), (9,), (2.5,), (9,), (2.5,))
('K.146 KernScores', 'P2', 1, (39, 40), (9,), (3.5,), (9,), (3.5,))
('K.146 KernScores', 'P2', 1, (41, 42), (10,), (1.5,), (10,), (1.5,))
('K.146 KernScores', 'P2', 1, (145, 146), (44,), (1.5,), (44,), (1.5,))
('K.146 KernScores', 'P2', 1, (147, 148), (44,), (2.5,), (44,), (2.5,))
('K.146 KernScores', 'P2', 1, (149, 150), (44,), (3.5,), (44,), (3.5,))
('K.146 KernScores', 'P2', 1, (151, 152), (45,), (1.5,), (45,), (1.5,))

23.    ((2,), (0.5,), (0.5,)):
('K.146 KernScores', 'P1', 1, (68, 69), (13,), (3.5,), (13,), (3.5,))
('K.146 KernScores', 'P1', 1, (308, 309), (48,), (3.5,), (48,), (3.5,))
('K.146 KernScores', 'P2', 1, (17, 18), (5,), (1.5,), (5,), (1.5,))
('K.146 KernScores', 'P2', 1, (19, 20), (5,), (2.5,), (5,), (2.5,))
('K.146 KernScores', 'P2', 1, (49, 50), (11,), (2.5,), (11,), (2.5,))
('K.146 KernScores', 'P2', 1, (51, 52), (11,), (3.5,), (11,), (3.5,))
('K.146 KernScores', 'P2', 1, (53, 54), (12,), (1.5,), (12,), (1.5,))
('K.146 KernScores', 'P2', 1, (159, 160), (46,), (2.5,), (46,), (2.5,))
('K.146 KernScores', 'P2', 1, (161, 162), (46,), (3.5,), (46,), (3.5,))
('K.146 KernScores', 'P2', 1, (163, 164), (47,), (1.5,), (47,), (1.5,))

24.    ((1,), (6.0,), (0.0,)):
('K.146 KernScores', 'P1', 2, (0, 1), (17,), (1.0,), (17,), (1.0,))
('K.146 KernScores', 'P1', 2, (1, 2), (19,), (1.0,), (19,), (1.0,))
('K.146 KernScores', 'P1', 2, (3, 4), (52,), (1.0,), (52,), (1.0,))
('K.146 KernScores', 'P1', 2, (4, 5), (54,), (1.0,), (54,), (1.0,))
('K.146 KernScores', 'P2', 2, (0, 1), (34,), (1.0,), (34,), (1.0,))

25.    ((3,), (2.0,), (0.0,)):
('K.146 KernScores', 'P1', 1, (18, 19), (4,), (2.0,), (4,), (2.0,))
('K.146 KernScores', 'P1', 1, (29, 30), (6,), (2.0,), (6,), (2.0,))

26.    ((17,), (1.0,), (0.0,)):
('K.146 KernScores', 'P2', 1, (103, 104), (35,), (3.0,), (35,), (3.0,))
('K.146 KernScores', 'P2', 1, (122, 123), (39,), (3.0,), (39,), (3.0,))

27.    ((10,), (1.0,), (0.0,)):
('K.146 KernScores', 'P2', 1, (132, 133), (41,), (3.0,), (41,), (3.0,))
('K.146 KernScores', 'P2', 1, (143, 144), (43,), (3.0,), (43,), (3.0,))

