1.    nomes:
K.365 Musicalion

2.    quantidade:
1

3.    analise:
[('intDia', 'p1p2')] SemContInte Distancia: 0

1.    ((-2, -2, -2, -2, 2, -3, 4, -3, 2, -2, -2, 2, 5, -2, -2, -2, -2, 2, -3, 4, -3, 2, -2, -2, 2, 3, -3, -3, 2, 3, 2, -2, 2, -3, -3, 2, 3, 2, -2, 2, -5, 5, -5, 5, 2, 3, -5, 5, -5, 5),):
('K.365 Musicalion', 'P1', 1, (157, 207), (34,), (1.5,), (47,), (3.0,))
('K.365 Musicalion', 'P1', 1, (372, 422), (82,), (1.5,), (95,), (3.0,))

2.    ((-2, 2, 5, -3, -3, 2, 3, -4, -2, 2, 5, -3, -3, 2, 3, -4, 3, 2, -8, 3, 2, 2, -8, 4, 3, 2, 2, -8, 4, 3, 2, 2, -8),):
('K.365 Musicalion', 'P1', 3, (151, 184), (50,), (1.0,), (60,), (2.0,))
('K.365 Musicalion', 'P1', 3, (277, 310), (98,), (1.0,), (108,), (2.0,))

3.    ((-5, 5, -5, 5, 2, -2, -2, -2, 2, 2, -2, -2, 3, -5, 5, -5, 5, 2, -2, -2, -2, 2, 2, -2, -2),):
('K.365 Musicalion', 'P1', 1, (90, 115), (20,), (1.5,), (25,), (3.5,))
('K.365 Musicalion', 'P1', 1, (280, 305), (64,), (1.5,), (69,), (3.5,))

4.    ((12, -5, 5, -5, 5, -5, (6, 1), (6, 1), (7, 8), -4, -5, 5, -5, 5, -5, (6, 1), (6, 1), (7, 1)),):
('K.365 Musicalion', 'P1', 3, (65, 83), (19,), (1.0,), (25,), (3.0,))
('K.365 Musicalion', 'P1', 3, (191, 209), (64,), (1.0,), (69,), (3.0,))

5.    ((-2, 3, -2, 3, -2, 3, -2, 3, -2, -2, -2, -2),):
('K.365 Musicalion', 'P1', 3, (8, 20), (4,), (1.0,), (5,), (3.5,))
('K.365 Musicalion', 'P1', 3, (20, 32), (6,), (1.0,), (7,), (3.5,))

6.    ((-8, 15, 4, -2, -2, -2, -2, 3, -2, -4, -8),):
('K.365 Musicalion', 'P1', 3, (104, 115), (33,), (2.0,), (37,), (1.0,))
('K.365 Musicalion', 'P1', 3, (228, 239), (81,), (1.0,), (85,), (1.0,))

7.    ((-2, -2, -2, -2, 3, -2, 3, -2),):
('K.365 Musicalion', 'P1', 1, (8, 16), (2,), (2.0,), (3,), (2.5,))
('K.365 Musicalion', 'P1', 3, (17, 25), (5,), (2.5,), (6,), (3.0,))

8.    ((2, -2, -2, 3, -2, -2, -2, -2),):
('K.365 Musicalion', 'P1', 2, (1, 9), (34,), (2.5,), (36,), (3.5,))
('K.365 Musicalion', 'P1', 2, (10, 18), (38,), (2.5,), (40,), (3.5,))

9.    ((2, -2, -2, 3, -2, -2, -2, 2),):
('K.365 Musicalion', 'P1', 2, (19, 27), (82,), (2.5,), (84,), (3.5,))
('K.365 Musicalion', 'P1', 2, (28, 36), (86,), (2.5,), (88,), (3.5,))

10.    ((4, 3, -2, -2, -2, -2, -2),):
('K.365 Musicalion', 'P1', 1, (272, 279), (61,), (3.5,), (62,), (3.5,))
('K.365 Musicalion', 'P1', 1, (486, 493), (109,), (3.5,), (110,), (3.5,))

11.    ((-8, 10, -8, 10, -8, -2, -2),):
('K.365 Musicalion', 'P1', 2, (37, 44), (105,), (1.0,), (106,), (1.0,))
('K.365 Musicalion', 'P1', 2, (45, 52), (107,), (1.0,), (108,), (1.0,))

12.    ((-2, 3, -2, -2, -2, -2),):
('K.365 Musicalion', 'P1', 2, (3, 9), (35,), (1.0,), (36,), (3.5,))
('K.365 Musicalion', 'P1', 2, (12, 18), (39,), (1.0,), (40,), (3.5,))
('K.365 Musicalion', 'P1', 3, (14, 20), (5,), (1.0,), (5,), (3.5,))
('K.365 Musicalion', 'P1', 3, (26, 32), (7,), (1.0,), (7,), (3.5,))

13.    ((3, -2, -2, -2, -2, 2),):
('K.365 Musicalion', 'P1', 1, (36, 42), (9,), (1.0,), (9,), (3.5,))
('K.365 Musicalion', 'P1', 3, (27, 33), (7,), (1.5,), (8,), (1.0,))

14.    ((3, -2, -2, -2, -2),):
('K.365 Musicalion', 'P1', 1, (36, 41), (9,), (1.0,), (9,), (3.0,))
('K.365 Musicalion', 'P1', 1, (273, 278), (62,), (1.0,), (62,), (3.0,))
('K.365 Musicalion', 'P1', 1, (487, 492), (110,), (1.0,), (110,), (3.0,))
('K.365 Musicalion', 'P1', 2, (4, 9), (35,), (2.0,), (36,), (3.5,))
('K.365 Musicalion', 'P1', 2, (13, 18), (39,), (2.0,), (40,), (3.5,))
('K.365 Musicalion', 'P1', 3, (15, 20), (5,), (1.5,), (5,), (3.5,))
('K.365 Musicalion', 'P1', 3, (27, 32), (7,), (1.5,), (7,), (3.5,))

15.    ((-2, -2, -2, -2, 7),):
('K.365 Musicalion', 'P1', 1, (240, 245), (56,), (1.5,), (56,), (3.5,))
('K.365 Musicalion', 'P1', 1, (251, 256), (58,), (1.5,), (58,), (3.5,))
('K.365 Musicalion', 'P1', 1, (262, 267), (60,), (1.5,), (60,), (3.5,))
('K.365 Musicalion', 'P1', 2, (14, 19), (39,), (3.5,), (41,), (1.0,))

16.    ((1, -2, 1, -2, 1),):
('K.365 Musicalion', 'P1', 1, (120, 125), (26,), (3.5,), (27,), (2.5,))
('K.365 Musicalion', 'P1', 1, (131, 136), (28,), (3.5,), (29,), (2.5,))
('K.365 Musicalion', 'P1', 1, (142, 147), (30,), (3.5,), (31,), (2.5,))
('K.365 Musicalion', 'P1', 3, (221, 226), (74,), (1.0,), (78,), (1.0,))

17.    ((2, 2, -2, -2, 3),):
('K.365 Musicalion', 'P1', 1, (98, 103), (22,), (2.0,), (23,), (1.0,))
('K.365 Musicalion', 'P1', 1, (288, 293), (66,), (2.0,), (67,), (1.0,))
('K.365 Musicalion', 'P1', 2, (27, 32), (85,), (1.0,), (87,), (2.0,))

18.    ((12, -5, 5, -5, 5),):
('K.365 Musicalion', 'P1', 1, (279, 284), (63,), (1.0,), (64,), (3.0,))
('K.365 Musicalion', 'P1', 3, (65, 70), (19,), (1.0,), (21,), (3.0,))
('K.365 Musicalion', 'P1', 3, (191, 196), (64,), (1.0,), (65,), (3.0,))

19.    ((2, 2, 2, 2, 2),):
('K.365 Musicalion', 'P1', 3, (0, 5), (1,), (1.0,), (2,), (3.0,))
('K.365 Musicalion', 'P1', 4, (8, 13), (76,), (1.0,), (77,), (2.0,))
('K.365 Musicalion', 'P1', 4, (14, 19), (78,), (1.0,), (79,), (2.0,))

20.    ((-2, -2, -2, 2, -4),):
('K.365 Musicalion', 'P1', 1, (2, 7), (1,), (2.0,), (2,), (1.0,))
('K.365 Musicalion', 'P1', 1, (38, 43), (9,), (2.0,), (10,), (1.0,))

21.    ((-2, -2, -2, -2, 4),):
('K.365 Musicalion', 'P1', 1, (152, 157), (32,), (3.0,), (33,), (3.0,))
('K.365 Musicalion', 'P1', 2, (5, 10), (35,), (3.5,), (37,), (1.0,))

22.    ((-2, -2, 1, -2, -2),):
('K.365 Musicalion', 'P1', 1, (366, 371), (80,), (2.5,), (81,), (2.5,))
('K.365 Musicalion', 'P1', 3, (54, 59), (15,), (2.0,), (16,), (3.0,))

23.    ((2, 2, 2, 2, -8),):
('K.365 Musicalion', 'P1', 3, (32, 37), (8,), (1.0,), (9,), (2.0,))
('K.365 Musicalion', 'P1', 3, (311, 316), (109,), (1.0,), (110,), (2.0,))

24.    ((-5, 2, 2, 2, 2),):
('K.365 Musicalion', 'P1', 3, (310, 315), (108,), (3.0,), (110,), (1.0,))
('K.365 Musicalion', 'P1', 4, (1, 6), (67,), (1.0,), (75,), (1.0,))

25.    ((-3, -3, 2, 3),):
('K.365 Musicalion', 'P1', 1, (183, 187), (42,), (1.5,), (42,), (3.0,))
('K.365 Musicalion', 'P1', 1, (190, 194), (44,), (1.5,), (44,), (3.0,))
('K.365 Musicalion', 'P1', 1, (215, 219), (50,), (1.5,), (50,), (3.0,))
('K.365 Musicalion', 'P1', 1, (222, 226), (52,), (1.5,), (52,), (3.0,))
('K.365 Musicalion', 'P1', 1, (398, 402), (90,), (1.5,), (90,), (3.0,))
('K.365 Musicalion', 'P1', 1, (405, 409), (92,), (1.5,), (92,), (3.0,))
('K.365 Musicalion', 'P1', 1, (430, 434), (98,), (1.5,), (98,), (3.0,))
('K.365 Musicalion', 'P1', 1, (437, 441), (100,), (1.5,), (100,), (3.0,))
('K.365 Musicalion', 'P1', 3, (129, 133), (43,), (1.5,), (43,), (3.0,))
('K.365 Musicalion', 'P1', 3, (137, 141), (45,), (1.5,), (45,), (3.0,))
('K.365 Musicalion', 'P1', 3, (154, 158), (51,), (1.5,), (51,), (3.0,))
('K.365 Musicalion', 'P1', 3, (162, 166), (53,), (1.5,), (53,), (3.0,))
('K.365 Musicalion', 'P1', 3, (255, 259), (91,), (1.5,), (91,), (3.0,))
('K.365 Musicalion', 'P1', 3, (263, 267), (93,), (1.5,), (93,), (3.0,))
('K.365 Musicalion', 'P1', 3, (280, 284), (99,), (1.5,), (99,), (3.0,))
('K.365 Musicalion', 'P1', 3, (288, 292), (101,), (1.5,), (101,), (3.0,))

26.    ((-5, 5, -5, 5),):
('K.365 Musicalion', 'P1', 1, (90, 94), (20,), (1.5,), (20,), (3.0,))
('K.365 Musicalion', 'P1', 1, (103, 107), (23,), (1.5,), (23,), (3.0,))
('K.365 Musicalion', 'P1', 1, (197, 201), (46,), (1.5,), (46,), (3.0,))
('K.365 Musicalion', 'P1', 1, (203, 207), (47,), (1.5,), (47,), (3.0,))
('K.365 Musicalion', 'P1', 1, (228, 232), (54,), (1.5,), (54,), (3.0,))
('K.365 Musicalion', 'P1', 1, (234, 238), (55,), (1.5,), (55,), (3.0,))
('K.365 Musicalion', 'P1', 1, (293, 297), (67,), (1.5,), (67,), (3.0,))
('K.365 Musicalion', 'P1', 1, (306, 310), (70,), (1.5,), (70,), (3.0,))
('K.365 Musicalion', 'P1', 1, (317, 321), (72,), (1.5,), (72,), (3.0,))
('K.365 Musicalion', 'P1', 1, (412, 416), (94,), (1.5,), (94,), (3.0,))
('K.365 Musicalion', 'P1', 1, (418, 422), (95,), (1.5,), (95,), (3.0,))
('K.365 Musicalion', 'P1', 1, (444, 448), (102,), (1.5,), (102,), (3.0,))
('K.365 Musicalion', 'P1', 1, (450, 454), (103,), (1.5,), (103,), (3.0,))
('K.365 Musicalion', 'P1', 3, (75, 79), (24,), (1.5,), (24,), (3.0,))
('K.365 Musicalion', 'P1', 3, (201, 205), (68,), (1.5,), (68,), (3.0,))

27.    ((-8, 10, -8, 10),):
('K.365 Musicalion', 'P1', 1, (461, 465), (105,), (1.0,), (105,), (2.5,))
('K.365 Musicalion', 'P1', 1, (471, 475), (107,), (1.0,), (107,), (2.5,))
('K.365 Musicalion', 'P1', 2, (37, 41), (105,), (1.0,), (105,), (2.5,))
('K.365 Musicalion', 'P1', 2, (45, 49), (107,), (1.0,), (107,), (2.5,))

28.    ((2, 2, 2, -5),):
('K.365 Musicalion', 'P1', 1, (17, 21), (3,), (3.5,), (4,), (3.0,))
('K.365 Musicalion', 'P1', 1, (23, 27), (5,), (3.0,), (6,), (3.0,))
('K.365 Musicalion', 'P1', 1, (31, 35), (8,), (1.5,), (8,), (3.0,))
('K.365 Musicalion', 'P1', 3, (215, 219), (72,), (1.0,), (73,), (1.0,))

29.    ((-2, -2, 2, 5),):
('K.365 Musicalion', 'P1', 1, (166, 170), (36,), (3.0,), (37,), (3.0,))
('K.365 Musicalion', 'P1', 1, (381, 385), (84,), (3.0,), (85,), (3.0,))
('K.365 Musicalion', 'P1', 2, (33, 37), (88,), (1.5,), (89,), (1.0,))

30.    ((2, 2, 2),):
('K.365 Musicalion', 'P1', 1, (17, 20), (3,), (3.5,), (4,), (2.0,))
('K.365 Musicalion', 'P1', 1, (23, 26), (5,), (3.0,), (6,), (2.0,))
('K.365 Musicalion', 'P1', 1, (31, 34), (8,), (1.5,), (8,), (2.5,))
('K.365 Musicalion', 'P1', 2, (26, 29), (84,), (3.5,), (86,), (2.5,))
('K.365 Musicalion', 'P1', 3, (0, 3), (1,), (1.0,), (2,), (1.0,))
('K.365 Musicalion', 'P1', 3, (32, 35), (8,), (1.0,), (8,), (3.0,))
('K.365 Musicalion', 'P1', 3, (215, 218), (72,), (1.0,), (72,), (3.0,))
('K.365 Musicalion', 'P1', 3, (311, 314), (109,), (1.0,), (109,), (3.0,))
('K.365 Musicalion', 'P1', 4, (2, 5), (74,), (1.0,), (74,), (3.0,))
('K.365 Musicalion', 'P1', 4, (8, 11), (76,), (1.0,), (76,), (3.0,))
('K.365 Musicalion', 'P1', 4, (14, 17), (78,), (1.0,), (78,), (3.0,))

31.    ((2, -8, 3),):
('K.365 Musicalion', 'P1', 1, (480, 483), (108,), (3.5,), (109,), (1.5,))
('K.365 Musicalion', 'P1', 3, (143, 146), (46,), (3.0,), (47,), (2.0,))
('K.365 Musicalion', 'P1', 3, (168, 171), (54,), (3.0,), (55,), (2.0,))
('K.365 Musicalion', 'P1', 3, (269, 272), (94,), (3.0,), (95,), (2.0,))
('K.365 Musicalion', 'P1', 3, (294, 297), (102,), (3.0,), (103,), (2.0,))

32.    ((1, 2, 1),):
('K.365 Musicalion', 'P1', 1, (57, 60), (13,), (2.5,), (13,), (3.5,))
('K.365 Musicalion', 'P1', 1, (68, 71), (15,), (2.5,), (15,), (3.5,))
('K.365 Musicalion', 'P1', 1, (79, 82), (17,), (2.5,), (17,), (3.5,))
('K.365 Musicalion', 'P1', 3, (51, 54), (14,), (2.0,), (15,), (1.0,))

33.    ((-4, -3, -3),):
('K.365 Musicalion', 'P1', 1, (42, 45), (10,), (1.0,), (10,), (2.0,))
('K.365 Musicalion', 'P1', 3, (42, 45), (11,), (2.5,), (11,), (3.5,))

34.    ((-5, -3, 4),):
('K.365 Musicalion', 'P1', 3, (212, 215), (71,), (1.0,), (71,), (3.0,))
('K.365 Musicalion', 'P1', 3, (218, 221), (73,), (1.0,), (73,), (3.0,))

35.    ((-2, -2),):
('K.365 Musicalion', 'P1', 1, (113, 115), (25,), (3.0,), (25,), (3.5,))
('K.365 Musicalion', 'P1', 1, (303, 305), (69,), (3.0,), (69,), (3.5,))
('K.365 Musicalion', 'P1', 1, (366, 368), (80,), (2.5,), (80,), (3.0,))
('K.365 Musicalion', 'P1', 1, (369, 371), (81,), (1.0,), (81,), (2.5,))
('K.365 Musicalion', 'P1', 2, (2, 4), (34,), (3.0,), (35,), (1.0,))
('K.365 Musicalion', 'P1', 2, (11, 13), (38,), (3.0,), (39,), (1.0,))
('K.365 Musicalion', 'P1', 2, (42, 44), (105,), (3.5,), (106,), (1.0,))
('K.365 Musicalion', 'P1', 2, (50, 52), (107,), (3.5,), (108,), (1.0,))
('K.365 Musicalion', 'P1', 3, (54, 56), (15,), (2.0,), (15,), (3.0,))
('K.365 Musicalion', 'P1', 3, (57, 59), (16,), (2.0,), (16,), (3.0,))

36.    ((2, -8),):
('K.365 Musicalion', 'P1', 1, (470, 472), (106,), (3.5,), (107,), (1.0,))
('K.365 Musicalion', 'P1', 3, (35, 37), (9,), (1.0,), (9,), (2.0,))
('K.365 Musicalion', 'P1', 3, (147, 149), (48,), (1.0,), (48,), (2.0,))
('K.365 Musicalion', 'P1', 3, (187, 189), (62,), (1.0,), (62,), (2.0,))
('K.365 Musicalion', 'P1', 3, (273, 275), (96,), (1.0,), (96,), (2.0,))
('K.365 Musicalion', 'P1', 3, (308, 310), (108,), (1.0,), (108,), (2.0,))
('K.365 Musicalion', 'P1', 3, (314, 316), (110,), (1.0,), (110,), (2.0,))

37.    ((-3, 4),):
('K.365 Musicalion', 'P1', 1, (175, 177), (39,), (3.0,), (39,), (3.5,))
('K.365 Musicalion', 'P1', 1, (377, 379), (83,), (3.0,), (83,), (3.5,))
('K.365 Musicalion', 'P1', 1, (390, 392), (87,), (3.0,), (87,), (3.5,))
('K.365 Musicalion', 'P1', 3, (210, 212), (70,), (2.0,), (70,), (3.0,))
('K.365 Musicalion', 'P1', 3, (213, 215), (71,), (2.0,), (71,), (3.0,))
('K.365 Musicalion', 'P1', 3, (219, 221), (73,), (2.0,), (73,), (3.0,))

38.    ((2, 1),):
('K.365 Musicalion', 'P1', 1, (125, 127), (27,), (3.0,), (27,), (3.5,))
('K.365 Musicalion', 'P1', 1, (136, 138), (29,), (3.0,), (29,), (3.5,))
('K.365 Musicalion', 'P1', 1, (147, 149), (31,), (3.0,), (31,), (3.5,))
('K.365 Musicalion', 'P1', 1, (226, 228), (52,), (3.5,), (53,), (1.0,))
('K.365 Musicalion', 'P1', 3, (46, 48), (12,), (3.0,), (13,), (1.0,))

39.    ((-5, 2),):
('K.365 Musicalion', 'P1', 1, (34, 36), (8,), (3.0,), (8,), (3.5,))
('K.365 Musicalion', 'P1', 3, (310, 312), (108,), (3.0,), (109,), (1.0,))
('K.365 Musicalion', 'P1', 4, (1, 3), (67,), (1.0,), (74,), (1.0,))

40.    ((5, -2),):
('K.365 Musicalion', 'P1', 1, (361, 363), (79,), (3.0,), (79,), (3.5,))
('K.365 Musicalion', 'P1', 3, (276, 278), (97,), (1.0,), (98,), (1.0,))

41.    ((1, -5),):
('K.365 Musicalion', 'P1', 1, (227, 229), (53,), (1.0,), (54,), (1.5,))
('K.365 Musicalion', 'P1', 4, (0, 2), (23,), (1.0,), (67,), (1.0,))

42.    ((4, 2),):
('K.365 Musicalion', 'P1', 2, (9, 11), (37,), (1.0,), (38,), (2.5,))
('K.365 Musicalion', 'P1', 3, (214, 216), (71,), (3.0,), (72,), (1.0,))

43.    ((-2, -5),):
('K.365 Musicalion', 'P1', 3, (39, 41), (11,), (1.0,), (11,), (1.5,))
('K.365 Musicalion', 'P1', 3, (226, 228), (79,), (1.0,), (80,), (1.0,))

44.    ((1, 1),):
('K.365 Musicalion', 'P1', 3, (47, 49), (13,), (1.0,), (13,), (2.0,))
('K.365 Musicalion', 'P1', 3, (50, 52), (14,), (1.0,), (14,), (2.0,))

45.    ((5,),):
('K.365 Musicalion', 'P1', 1, (91, 92), (20,), (2.0,), (20,), (2.0,))
('K.365 Musicalion', 'P1', 1, (93, 94), (20,), (3.0,), (20,), (3.0,))
('K.365 Musicalion', 'P1', 1, (104, 105), (23,), (2.0,), (23,), (2.0,))
('K.365 Musicalion', 'P1', 1, (106, 107), (23,), (3.0,), (23,), (3.0,))
('K.365 Musicalion', 'P1', 1, (115, 116), (26,), (1.0,), (26,), (1.0,))
('K.365 Musicalion', 'P1', 1, (169, 170), (37,), (3.0,), (37,), (3.0,))
('K.365 Musicalion', 'P1', 1, (198, 199), (46,), (2.0,), (46,), (2.0,))
('K.365 Musicalion', 'P1', 1, (200, 201), (46,), (3.0,), (46,), (3.0,))
('K.365 Musicalion', 'P1', 1, (204, 205), (47,), (2.0,), (47,), (2.0,))
('K.365 Musicalion', 'P1', 1, (206, 207), (47,), (3.0,), (47,), (3.0,))
('K.365 Musicalion', 'P1', 1, (229, 230), (54,), (2.0,), (54,), (2.0,))
('K.365 Musicalion', 'P1', 1, (231, 232), (54,), (3.0,), (54,), (3.0,))
('K.365 Musicalion', 'P1', 1, (235, 236), (55,), (2.0,), (55,), (2.0,))
('K.365 Musicalion', 'P1', 1, (237, 238), (55,), (3.0,), (55,), (3.0,))
('K.365 Musicalion', 'P1', 1, (246, 247), (57,), (1.5,), (57,), (1.5,))
('K.365 Musicalion', 'P1', 1, (257, 258), (59,), (1.5,), (59,), (1.5,))
('K.365 Musicalion', 'P1', 1, (268, 269), (61,), (1.5,), (61,), (1.5,))
('K.365 Musicalion', 'P1', 1, (281, 282), (64,), (2.0,), (64,), (2.0,))
('K.365 Musicalion', 'P1', 1, (283, 284), (64,), (3.0,), (64,), (3.0,))
('K.365 Musicalion', 'P1', 1, (294, 295), (67,), (2.0,), (67,), (2.0,))
('K.365 Musicalion', 'P1', 1, (296, 297), (67,), (3.0,), (67,), (3.0,))
('K.365 Musicalion', 'P1', 1, (307, 308), (70,), (2.0,), (70,), (2.0,))
('K.365 Musicalion', 'P1', 1, (309, 310), (70,), (3.0,), (70,), (3.0,))
('K.365 Musicalion', 'P1', 1, (318, 319), (72,), (2.0,), (72,), (2.0,))
('K.365 Musicalion', 'P1', 1, (320, 321), (72,), (3.0,), (72,), (3.0,))
('K.365 Musicalion', 'P1', 1, (329, 330), (74,), (2.0,), (74,), (2.0,))
('K.365 Musicalion', 'P1', 1, (337, 338), (75,), (3.0,), (75,), (3.0,))
('K.365 Musicalion', 'P1', 1, (341, 342), (76,), (2.0,), (76,), (2.0,))
('K.365 Musicalion', 'P1', 1, (349, 350), (77,), (3.0,), (77,), (3.0,))
('K.365 Musicalion', 'P1', 1, (353, 354), (78,), (2.0,), (78,), (2.0,))
('K.365 Musicalion', 'P1', 1, (361, 362), (79,), (3.0,), (79,), (3.0,))
('K.365 Musicalion', 'P1', 1, (384, 385), (85,), (3.0,), (85,), (3.0,))
('K.365 Musicalion', 'P1', 1, (413, 414), (94,), (2.0,), (94,), (2.0,))
('K.365 Musicalion', 'P1', 1, (415, 416), (94,), (3.0,), (94,), (3.0,))
('K.365 Musicalion', 'P1', 1, (419, 420), (95,), (2.0,), (95,), (2.0,))
('K.365 Musicalion', 'P1', 1, (421, 422), (95,), (3.0,), (95,), (3.0,))
('K.365 Musicalion', 'P1', 1, (445, 446), (102,), (2.0,), (102,), (2.0,))
('K.365 Musicalion', 'P1', 1, (447, 448), (102,), (3.0,), (102,), (3.0,))
('K.365 Musicalion', 'P1', 1, (451, 452), (103,), (2.0,), (103,), (2.0,))
('K.365 Musicalion', 'P1', 1, (453, 454), (103,), (3.0,), (103,), (3.0,))
('K.365 Musicalion', 'P1', 1, (484, 485), (109,), (2.5,), (109,), (2.5,))
('K.365 Musicalion', 'P1', 2, (36, 37), (89,), (1.0,), (89,), (1.0,))
('K.365 Musicalion', 'P1', 3, (67, 68), (21,), (2.0,), (21,), (2.0,))
('K.365 Musicalion', 'P1', 3, (69, 70), (21,), (3.0,), (21,), (3.0,))
('K.365 Musicalion', 'P1', 3, (76, 77), (24,), (2.0,), (24,), (2.0,))
('K.365 Musicalion', 'P1', 3, (78, 79), (24,), (3.0,), (24,), (3.0,))
('K.365 Musicalion', 'P1', 3, (193, 194), (65,), (2.0,), (65,), (2.0,))
('K.365 Musicalion', 'P1', 3, (195, 196), (65,), (3.0,), (65,), (3.0,))
('K.365 Musicalion', 'P1', 3, (202, 203), (68,), (2.0,), (68,), (2.0,))
('K.365 Musicalion', 'P1', 3, (204, 205), (68,), (3.0,), (68,), (3.0,))
('K.365 Musicalion', 'P1', 3, (276, 277), (97,), (1.0,), (97,), (1.0,))

46.    ((-8,),):
('K.365 Musicalion', 'P1', 1, (245, 246), (57,), (1.0,), (57,), (1.0,))
('K.365 Musicalion', 'P1', 1, (247, 248), (57,), (2.0,), (57,), (2.0,))
('K.365 Musicalion', 'P1', 1, (249, 250), (57,), (3.0,), (57,), (3.0,))
('K.365 Musicalion', 'P1', 1, (256, 257), (59,), (1.0,), (59,), (1.0,))
('K.365 Musicalion', 'P1', 1, (258, 259), (59,), (2.0,), (59,), (2.0,))
('K.365 Musicalion', 'P1', 1, (260, 261), (59,), (3.0,), (59,), (3.0,))
('K.365 Musicalion', 'P1', 1, (267, 268), (61,), (1.0,), (61,), (1.0,))
('K.365 Musicalion', 'P1', 1, (269, 270), (61,), (2.0,), (61,), (2.0,))
('K.365 Musicalion', 'P1', 1, (271, 272), (61,), (3.0,), (61,), (3.0,))
('K.365 Musicalion', 'P1', 1, (461, 462), (105,), (1.0,), (105,), (1.0,))
('K.365 Musicalion', 'P1', 1, (463, 464), (105,), (2.0,), (105,), (2.0,))
('K.365 Musicalion', 'P1', 1, (471, 472), (107,), (1.0,), (107,), (1.0,))
('K.365 Musicalion', 'P1', 1, (473, 474), (107,), (2.0,), (107,), (2.0,))
('K.365 Musicalion', 'P1', 1, (481, 482), (109,), (1.0,), (109,), (1.0,))
('K.365 Musicalion', 'P1', 2, (37, 38), (105,), (1.0,), (105,), (1.0,))
('K.365 Musicalion', 'P1', 2, (39, 40), (105,), (2.0,), (105,), (2.0,))
('K.365 Musicalion', 'P1', 2, (41, 42), (105,), (3.0,), (105,), (3.0,))
('K.365 Musicalion', 'P1', 2, (45, 46), (107,), (1.0,), (107,), (1.0,))
('K.365 Musicalion', 'P1', 2, (47, 48), (107,), (2.0,), (107,), (2.0,))
('K.365 Musicalion', 'P1', 2, (49, 50), (107,), (3.0,), (107,), (3.0,))
('K.365 Musicalion', 'P1', 3, (36, 37), (9,), (2.0,), (9,), (2.0,))
('K.365 Musicalion', 'P1', 3, (103, 104), (33,), (1.0,), (33,), (1.0,))
('K.365 Musicalion', 'P1', 3, (104, 105), (33,), (2.0,), (33,), (2.0,))
('K.365 Musicalion', 'P1', 3, (114, 115), (37,), (1.0,), (37,), (1.0,))
('K.365 Musicalion', 'P1', 3, (124, 125), (41,), (1.0,), (41,), (1.0,))
('K.365 Musicalion', 'P1', 3, (144, 145), (47,), (1.0,), (47,), (1.0,))
('K.365 Musicalion', 'P1', 3, (148, 149), (48,), (2.0,), (48,), (2.0,))
('K.365 Musicalion', 'P1', 3, (169, 170), (55,), (1.0,), (55,), (1.0,))
('K.365 Musicalion', 'P1', 3, (173, 174), (56,), (2.0,), (56,), (2.0,))
('K.365 Musicalion', 'P1', 3, (178, 179), (58,), (2.0,), (58,), (2.0,))
('K.365 Musicalion', 'P1', 3, (183, 184), (60,), (2.0,), (60,), (2.0,))
('K.365 Musicalion', 'P1', 3, (188, 189), (62,), (2.0,), (62,), (2.0,))
('K.365 Musicalion', 'P1', 3, (228, 229), (81,), (1.0,), (81,), (1.0,))
('K.365 Musicalion', 'P1', 3, (238, 239), (85,), (1.0,), (85,), (1.0,))
('K.365 Musicalion', 'P1', 3, (239, 240), (85,), (2.0,), (85,), (2.0,))
('K.365 Musicalion', 'P1', 3, (249, 250), (89,), (1.0,), (89,), (1.0,))
('K.365 Musicalion', 'P1', 3, (250, 251), (89,), (2.0,), (89,), (2.0,))
('K.365 Musicalion', 'P1', 3, (270, 271), (95,), (1.0,), (95,), (1.0,))
('K.365 Musicalion', 'P1', 3, (274, 275), (96,), (2.0,), (96,), (2.0,))
('K.365 Musicalion', 'P1', 3, (295, 296), (103,), (1.0,), (103,), (1.0,))
('K.365 Musicalion', 'P1', 3, (299, 300), (104,), (2.0,), (104,), (2.0,))
('K.365 Musicalion', 'P1', 3, (304, 305), (106,), (2.0,), (106,), (2.0,))
('K.365 Musicalion', 'P1', 3, (309, 310), (108,), (2.0,), (108,), (2.0,))
('K.365 Musicalion', 'P1', 3, (315, 316), (110,), (2.0,), (110,), (2.0,))

47.    ((1,),):
('K.365 Musicalion', 'P1', 1, (53, 54), (12,), (3.5,), (12,), (3.5,))
('K.365 Musicalion', 'P1', 1, (55, 56), (13,), (1.5,), (13,), (1.5,))
('K.365 Musicalion', 'P1', 1, (57, 58), (13,), (2.5,), (13,), (2.5,))
('K.365 Musicalion', 'P1', 1, (59, 60), (13,), (3.5,), (13,), (3.5,))
('K.365 Musicalion', 'P1', 1, (64, 65), (14,), (3.5,), (14,), (3.5,))
('K.365 Musicalion', 'P1', 1, (66, 67), (15,), (1.5,), (15,), (1.5,))
('K.365 Musicalion', 'P1', 1, (68, 69), (15,), (2.5,), (15,), (2.5,))
('K.365 Musicalion', 'P1', 1, (70, 71), (15,), (3.5,), (15,), (3.5,))
('K.365 Musicalion', 'P1', 1, (75, 76), (16,), (3.5,), (16,), (3.5,))
('K.365 Musicalion', 'P1', 1, (77, 78), (17,), (1.5,), (17,), (1.5,))
('K.365 Musicalion', 'P1', 1, (79, 80), (17,), (2.5,), (17,), (2.5,))
('K.365 Musicalion', 'P1', 1, (81, 82), (17,), (3.5,), (17,), (3.5,))
('K.365 Musicalion', 'P1', 1, (87, 88), (18,), (3.5,), (18,), (3.5,))
('K.365 Musicalion', 'P1', 1, (120, 121), (26,), (3.5,), (26,), (3.5,))
('K.365 Musicalion', 'P1', 1, (122, 123), (27,), (1.5,), (27,), (1.5,))
('K.365 Musicalion', 'P1', 1, (124, 125), (27,), (2.5,), (27,), (2.5,))
('K.365 Musicalion', 'P1', 1, (126, 127), (27,), (3.5,), (27,), (3.5,))
('K.365 Musicalion', 'P1', 1, (131, 132), (28,), (3.5,), (28,), (3.5,))
('K.365 Musicalion', 'P1', 1, (133, 134), (29,), (1.5,), (29,), (1.5,))
('K.365 Musicalion', 'P1', 1, (135, 136), (29,), (2.5,), (29,), (2.5,))
('K.365 Musicalion', 'P1', 1, (137, 138), (29,), (3.5,), (29,), (3.5,))
('K.365 Musicalion', 'P1', 1, (142, 143), (30,), (3.5,), (30,), (3.5,))
('K.365 Musicalion', 'P1', 1, (144, 145), (31,), (1.5,), (31,), (1.5,))
('K.365 Musicalion', 'P1', 1, (146, 147), (31,), (2.5,), (31,), (2.5,))
('K.365 Musicalion', 'P1', 1, (148, 149), (31,), (3.5,), (31,), (3.5,))
('K.365 Musicalion', 'P1', 1, (227, 228), (53,), (1.0,), (53,), (1.0,))
('K.365 Musicalion', 'P1', 1, (368, 369), (80,), (3.5,), (80,), (3.5,))
('K.365 Musicalion', 'P1', 3, (47, 48), (13,), (1.0,), (13,), (1.0,))
('K.365 Musicalion', 'P1', 3, (48, 49), (13,), (2.0,), (13,), (2.0,))
('K.365 Musicalion', 'P1', 3, (50, 51), (14,), (1.0,), (14,), (1.0,))
('K.365 Musicalion', 'P1', 3, (51, 52), (14,), (2.0,), (14,), (2.0,))
('K.365 Musicalion', 'P1', 3, (53, 54), (15,), (1.0,), (15,), (1.0,))
('K.365 Musicalion', 'P1', 3, (56, 57), (16,), (1.0,), (16,), (1.0,))
('K.365 Musicalion', 'P1', 3, (59, 60), (17,), (1.0,), (17,), (1.0,))
('K.365 Musicalion', 'P1', 3, (221, 222), (74,), (1.0,), (74,), (1.0,))
('K.365 Musicalion', 'P1', 3, (223, 224), (76,), (1.0,), (76,), (1.0,))
('K.365 Musicalion', 'P1', 3, (225, 226), (78,), (1.0,), (78,), (1.0,))
('K.365 Musicalion', 'P1', 4, (0, 1), (23,), (1.0,), (23,), (1.0,))

48.    ((4,),):
('K.365 Musicalion', 'P1', 1, (47, 48), (10,), (3.5,), (10,), (3.5,))
('K.365 Musicalion', 'P1', 1, (49, 50), (12,), (1.5,), (12,), (1.5,))
('K.365 Musicalion', 'P1', 1, (156, 157), (33,), (3.0,), (33,), (3.0,))
('K.365 Musicalion', 'P1', 1, (163, 164), (35,), (3.5,), (35,), (3.5,))
('K.365 Musicalion', 'P1', 1, (176, 177), (39,), (3.5,), (39,), (3.5,))
('K.365 Musicalion', 'P1', 1, (207, 208), (47,), (3.5,), (47,), (3.5,))
('K.365 Musicalion', 'P1', 1, (238, 239), (55,), (3.5,), (55,), (3.5,))
('K.365 Musicalion', 'P1', 1, (248, 249), (57,), (2.5,), (57,), (2.5,))
('K.365 Musicalion', 'P1', 1, (259, 260), (59,), (2.5,), (59,), (2.5,))
('K.365 Musicalion', 'P1', 1, (270, 271), (61,), (2.5,), (61,), (2.5,))
('K.365 Musicalion', 'P1', 1, (272, 273), (61,), (3.5,), (61,), (3.5,))
('K.365 Musicalion', 'P1', 1, (339, 340), (76,), (1.0,), (76,), (1.0,))
('K.365 Musicalion', 'P1', 1, (351, 352), (78,), (1.0,), (78,), (1.0,))
('K.365 Musicalion', 'P1', 1, (378, 379), (83,), (3.5,), (83,), (3.5,))
('K.365 Musicalion', 'P1', 1, (391, 392), (87,), (3.5,), (87,), (3.5,))
('K.365 Musicalion', 'P1', 1, (486, 487), (109,), (3.5,), (109,), (3.5,))
('K.365 Musicalion', 'P1', 2, (9, 10), (37,), (1.0,), (37,), (1.0,))
('K.365 Musicalion', 'P1', 3, (106, 107), (34,), (1.0,), (34,), (1.0,))
('K.365 Musicalion', 'P1', 3, (116, 117), (38,), (1.0,), (38,), (1.0,))
('K.365 Musicalion', 'P1', 3, (174, 175), (56,), (3.0,), (56,), (3.0,))
('K.365 Musicalion', 'P1', 3, (179, 180), (58,), (3.0,), (58,), (3.0,))
('K.365 Musicalion', 'P1', 3, (184, 185), (60,), (3.0,), (60,), (3.0,))
('K.365 Musicalion', 'P1', 3, (211, 212), (70,), (3.0,), (70,), (3.0,))
('K.365 Musicalion', 'P1', 3, (214, 215), (71,), (3.0,), (71,), (3.0,))
('K.365 Musicalion', 'P1', 3, (220, 221), (73,), (3.0,), (73,), (3.0,))
('K.365 Musicalion', 'P1', 3, (230, 231), (82,), (1.0,), (82,), (1.0,))
('K.365 Musicalion', 'P1', 3, (241, 242), (86,), (1.0,), (86,), (1.0,))
('K.365 Musicalion', 'P1', 3, (275, 276), (96,), (3.0,), (96,), (3.0,))
('K.365 Musicalion', 'P1', 3, (300, 301), (104,), (3.0,), (104,), (3.0,))
('K.365 Musicalion', 'P1', 3, (305, 306), (106,), (3.0,), (106,), (3.0,))
('K.365 Musicalion', 'P1', 3, (316, 317), (110,), (3.0,), (110,), (3.0,))

49.    ((-4,),):
('K.365 Musicalion', 'P1', 1, (6, 7), (2,), (1.0,), (2,), (1.0,))
('K.365 Musicalion', 'P1', 1, (48, 49), (11,), (1.0,), (11,), (1.0,))
('K.365 Musicalion', 'P1', 3, (74, 75), (23,), (1.0,), (23,), (1.0,))
('K.365 Musicalion', 'P1', 3, (113, 114), (36,), (3.0,), (36,), (3.0,))
('K.365 Musicalion', 'P1', 3, (123, 124), (40,), (3.0,), (40,), (3.0,))
('K.365 Musicalion', 'P1', 3, (133, 134), (43,), (3.5,), (43,), (3.5,))
('K.365 Musicalion', 'P1', 3, (141, 142), (45,), (3.5,), (45,), (3.5,))
('K.365 Musicalion', 'P1', 3, (158, 159), (51,), (3.5,), (51,), (3.5,))
('K.365 Musicalion', 'P1', 3, (166, 167), (53,), (3.5,), (53,), (3.5,))
('K.365 Musicalion', 'P1', 3, (200, 201), (67,), (1.0,), (67,), (1.0,))
('K.365 Musicalion', 'P1', 3, (237, 238), (84,), (3.0,), (84,), (3.0,))
('K.365 Musicalion', 'P1', 3, (248, 249), (88,), (3.0,), (88,), (3.0,))
('K.365 Musicalion', 'P1', 3, (259, 260), (91,), (3.5,), (91,), (3.5,))
('K.365 Musicalion', 'P1', 3, (267, 268), (93,), (3.5,), (93,), (3.5,))
('K.365 Musicalion', 'P1', 3, (284, 285), (99,), (3.5,), (99,), (3.5,))
('K.365 Musicalion', 'P1', 3, (292, 293), (101,), (3.5,), (101,), (3.5,))

50.    ((-3,),):
('K.365 Musicalion', 'P1', 1, (118, 119), (26,), (2.5,), (26,), (2.5,))
('K.365 Musicalion', 'P1', 1, (129, 130), (28,), (2.5,), (28,), (2.5,))
('K.365 Musicalion', 'P1', 1, (140, 141), (30,), (2.5,), (30,), (2.5,))
('K.365 Musicalion', 'P1', 1, (208, 209), (48,), (1.0,), (48,), (1.0,))
('K.365 Musicalion', 'P1', 1, (239, 240), (56,), (1.0,), (56,), (1.0,))
('K.365 Musicalion', 'P1', 1, (340, 341), (76,), (1.5,), (76,), (1.5,))
('K.365 Musicalion', 'P1', 1, (352, 353), (78,), (1.5,), (78,), (1.5,))
('K.365 Musicalion', 'P1', 1, (483, 484), (109,), (2.0,), (109,), (2.0,))
('K.365 Musicalion', 'P1', 3, (41, 42), (11,), (2.0,), (11,), (2.0,))

51.    ((-7,),):
('K.365 Musicalion', 'P1', 1, (332, 333), (74,), (3.5,), (74,), (3.5,))
('K.365 Musicalion', 'P1', 1, (334, 335), (75,), (1.5,), (75,), (1.5,))
('K.365 Musicalion', 'P1', 1, (344, 345), (76,), (3.5,), (76,), (3.5,))
('K.365 Musicalion', 'P1', 1, (346, 347), (77,), (1.5,), (77,), (1.5,))
('K.365 Musicalion', 'P1', 1, (356, 357), (78,), (3.5,), (78,), (3.5,))
('K.365 Musicalion', 'P1', 1, (358, 359), (79,), (1.5,), (79,), (1.5,))
('K.365 Musicalion', 'P1', 4, (7, 8), (75,), (3.0,), (75,), (3.0,))
('K.365 Musicalion', 'P1', 4, (13, 14), (77,), (3.0,), (77,), (3.0,))
('K.365 Musicalion', 'P1', 4, (19, 20), (79,), (3.0,), (79,), (3.0,))

52.    ((8,),):
('K.365 Musicalion', 'P1', 1, (7, 8), (2,), (1.5,), (2,), (1.5,))
('K.365 Musicalion', 'P1', 1, (89, 90), (19,), (2.0,), (19,), (2.0,))
('K.365 Musicalion', 'P1', 3, (190, 191), (63,), (1.0,), (63,), (1.0,))

53.    (((6, -2),),):
('K.365 Musicalion', 'P1', 3, (61, 62), (17,), (3.0,), (17,), (3.0,))
('K.365 Musicalion', 'P1', 3, (63, 64), (18,), (2.0,), (18,), (2.0,))
('K.365 Musicalion', 'P1', 3, (99, 100), (31,), (3.0,), (31,), (3.0,))

54.    ((None,),):
('K.365 Musicalion', 'P1', 1, (0, 1), (1,), (1.0,), (1,), (1.0,))
('K.365 Musicalion', 'P1', 2, (0, 1), (34,), (1.0,), (34,), (1.0,))

55.    ((11,),):
('K.365 Musicalion', 'P1', 1, (371, 372), (81,), (3.0,), (81,), (3.0,))
('K.365 Musicalion', 'P1', 3, (115, 116), (37,), (2.0,), (37,), (2.0,))

56.    ((15,),):
('K.365 Musicalion', 'P1', 3, (45, 46), (12,), (1.0,), (12,), (1.0,))
('K.365 Musicalion', 'P1', 3, (251, 252), (89,), (3.0,), (89,), (3.0,))

