1 .    ('nomes', 'K.35 Musicalion') 

2 .    ('quantidade', 1) 

3 .    ('analise', 'sequÍncias IntDiaDurPtempo sem contidos e intercalados') 

1 .    (((-3, -2, 2, -3, 2, 2, -3, -3, 8, -2, 2, -4, 3, -2, -2), (2.25, 0.25, 0.25, 0.25, 0.25, 0.25, 0.25, 0.25, 0.25, 0.25, 0.25, 0.25, 0.25, 0.25, 0.25), 0.0), [[('K.35 Musicalion', 'P1', 1, (19, 34), (2, 2.0), (3, 3.5)), ('K.35 Musicalion', 'P1', 1, (35, 50), (3, 4.0), (4, 1.5)), ('K.35 Musicalion', 'P1', 1, (51, 66), (5, 2.0), (6, 3.5)), ('K.35 Musicalion', 'P1', 1, (67, 82), (6, 4.0), (7, 1.5))], [('K.35 Musicalion', 'P1', 1, (196, 211), (22, 2.0), (23, 3.5)), ('K.35 Musicalion', 'P1', 1, (212, 227), (23, 4.0), (24, 1.5))]]) 

2 .    (((8, -2, 2, -3, 2, 2, -3, -3, 1, 3), (0.25, 0.25, 0.25, 0.25, 0.25, 0.25, 0.25, 0.25, 2.0, 1.0), 0.0), [[('K.35 Musicalion', 'P1', 3, (17, 27), (3, 4.0), (4, 4.0)), ('K.35 Musicalion', 'P1', 3, (28, 38), (5, 2.0), (6, 2.0)), ('K.35 Musicalion', 'P1', 3, (39, 49), (6, 4.0), (7, 4.0))], [('K.35 Musicalion', 'P1', 3, (188, 198), (22, 2.0), (23, 2.0)), ('K.35 Musicalion', 'P1', 3, (199, 209), (23, 4.0), (24, 4.0))]]) 

3 .    (((3, -2, -2, -5), (0.25, 0.25, 0.25, 0.25), 0.0), [[('K.35 Musicalion', 'P1', 1, (291, 295), (30, 4.0), (30, 4.75)), ('K.35 Musicalion', 'P1', 1, (296, 300), (31, 2.0), (31, 2.75)), ('K.35 Musicalion', 'P1', 1, (301, 305), (31, 4.0), (31, 4.75)), ('K.35 Musicalion', 'P1', 1, (306, 310), (32, 2.0), (32, 2.75))], [('K.35 Musicalion', 'P1', 3, (247, 251), (30, 1.0), (30, 1.75)), ('K.35 Musicalion', 'P1', 3, (252, 256), (31, 3.0), (31, 3.75)), ('K.35 Musicalion', 'P1', 3, (257, 261), (31, 1.0), (31, 1.75)), ('K.35 Musicalion', 'P1', 3, (262, 266), (32, 3.0), (32, 3.75))]]) 

4 .    (((4, 3, -2, -2), (1.0, 0.25, 0.25, 0.25), 0.0), [[('K.35 Musicalion', 'P1', 3, (246, 250), (30, 4.0), (30, 1.5)), ('K.35 Musicalion', 'P1', 3, (251, 255), (31, 2.0), (31, 3.5)), ('K.35 Musicalion', 'P1', 3, (256, 260), (31, 4.0), (31, 1.5)), ('K.35 Musicalion', 'P1', 3, (261, 265), (32, 2.0), (32, 3.5))]]) 

5 .    (((-2, 2, 5, -5, -2, 2, 6), (0.25, 0.25, 0.25, 0.25, 0.25, 0.25, 0.25), 0.25), [[('K.35 Musicalion', 'P1', 1, (241, 248), (26, 2.25), (26, 3.75)), ('K.35 Musicalion', 'P1', 1, (249, 256), (26, 4.25), (26, 1.75))], [('K.35 Musicalion', 'P1', 1, (258, 265), (27, 4.25), (27, 1.75)), ('K.35 Musicalion', 'P1', 1, (266, 273), (28, 2.25), (28, 3.75))], [('K.35 Musicalion', 'P1', 1, (275, 282), (29, 2.25), (29, 3.75)), ('K.35 Musicalion', 'P1', 1, (283, 290), (29, 4.25), (29, 1.75))]]) 

6 .    (((2, -3, 2), (0.25, 0.25, 0.25), 0.5), [[('K.35 Musicalion', 'P1', 1, (364, 367), (36, 1.5), (37, 2.0)), ('K.35 Musicalion', 'P1', 1, (368, 371), (37, 2.5), (37, 3.0))], [('K.35 Musicalion', 'P1', 1, (380, 383), (37, 1.5), (38, 2.0)), ('K.35 Musicalion', 'P1', 1, (384, 387), (38, 2.5), (38, 3.0))]]) 

7 .    (((-2, -2, -2), (0.25, 0.25, 0.25), 0.25), [[('K.35 Musicalion', 'P1', 3, (218, 221), (27, 2.25), (27, 2.75)), ('K.35 Musicalion', 'P1', 3, (222, 225), (27, 3.25), (27, 3.75))], [('K.35 Musicalion', 'P1', 3, (229, 232), (28, 4.25), (28, 4.75)), ('K.35 Musicalion', 'P1', 3, (233, 236), (28, 1.25), (28, 1.75))]]) 

8 .    (((2, -3, 2), (0.25, 0.25, 0.25), 0.0), [[('K.35 Musicalion', 'P1', 1, (350, 353), (36, 2.0), (36, 2.5)), ('K.35 Musicalion', 'P1', 1, (354, 357), (36, 3.0), (36, 3.5))]]) 

