1 .    ('nomes', 'K.525 KernScores') 

2 .    ('quantidade', 1) 

3 .    ('analise', 'sequęncias IntDiaDurPtempo sem contidos e intercalados') 

1 .    (((1, -2), (1.0, 1.0), 0.0), [[('K.525 KernScores', 'P1', 1, (2, 4), (3, 4.0), (3, 5.0)), ('K.525 KernScores', 'P1', 1, (5, 7), (4, 1.0), (4, 2.0))], [('K.525 KernScores', 'P1', 1, (13, 15), (6, 1.0), (6, 2.0)), ('K.525 KernScores', 'P1', 1, (16, 18), (6, 4.0), (6, 5.0)), ('K.525 KernScores', 'P1', 1, (19, 21), (7, 1.0), (7, 2.0))], [('K.525 KernScores', 'P1', 1, (33, 35), (10, 1.0), (10, 2.0)), ('K.525 KernScores', 'P1', 1, (36, 38), (10, 4.0), (10, 5.0))], [('K.525 KernScores', 'P1', 1, (53, 55), (14, 1.0), (14, 2.0)), ('K.525 KernScores', 'P1', 1, (56, 58), (14, 4.0), (14, 5.0))], [('K.525 KernScores', 'P1', 1, (167, 169), (45, 1.0), (45, 2.0)), ('K.525 KernScores', 'P1', 1, (170, 172), (45, 4.0), (45, 5.0)), ('K.525 KernScores', 'P1', 1, (173, 175), (46, 1.0), (46, 2.0)), ('K.525 KernScores', 'P1', 1, (176, 178), (46, 4.0), (46, 5.0)), ('K.525 KernScores', 'P1', 1, (179, 181), (47, 1.0), (47, 2.0)), ('K.525 KernScores', 'P1', 1, (182, 184), (47, 4.0), (47, 5.0)), ('K.525 KernScores', 'P1', 1, (185, 187), (48, 1.0), (48, 2.0)), ('K.525 KernScores', 'P1', 1, (188, 190), (48, 4.0), (48, 5.0))], [('K.525 KernScores', 'P1', 1, (199, 201), (51, 1.0), (51, 2.0)), ('K.525 KernScores', 'P1', 1, (202, 204), (51, 4.0), (51, 5.0)), ('K.525 KernScores', 'P1', 1, (205, 207), (52, 1.0), (52, 2.0)), ('K.525 KernScores', 'P1', 1, (208, 210), (52, 4.0), (52, 5.0)), ('K.525 KernScores', 'P1', 1, (211, 213), (53, 1.0), (53, 2.0)), ('K.525 KernScores', 'P1', 1, (214, 216), (53, 4.0), (53, 5.0)), ('K.525 KernScores', 'P1', 1, (217, 219), (54, 1.0), (54, 2.0)), ('K.525 KernScores', 'P1', 1, (220, 222), (54, 4.0), (54, 5.0))], [('K.525 KernScores', 'P2', 1, (2, 4), (1, 4.0), (1, 5.0)), ('K.525 KernScores', 'P2', 1, (5, 7), (2, 1.0), (2, 2.0))], [('K.525 KernScores', 'P2', 1, (19, 21), (5, 4.0), (5, 5.0)), ('K.525 KernScores', 'P2', 1, (22, 24), (6, 1.0), (6, 2.0)), ('K.525 KernScores', 'P2', 1, (25, 27), (6, 4.0), (6, 5.0)), ('K.525 KernScores', 'P2', 1, (28, 30), (7, 1.0), (7, 2.0))]]) 

2 .    ((((3, 3, 4, 11), 1, -7, 5, 1, -7, 4, (3, -2), (3, -2), (3, -2)), ((0.0, 0.0, 0.0, 2.0), 1.0, 1.0, 1.0, 1.0, 1.0, 1.0, (0.0, 1.0), (0.0, 1.0), (0.0, 1.0)), 0.0), [[('K.525 KernScores', 'P1', 1, (83, 93), (22, 1.0), (23, 5.0)), ('K.525 KernScores', 'P1', 1, (94, 104), (28, 1.0), (29, 5.0))], [('K.525 KernScores', 'P1', 1, (241, 251), (62, 1.0), (63, 5.0)), ('K.525 KernScores', 'P1', 1, (252, 262), (68, 1.0), (69, 5.0))]]) 

3 .    (((4, 1), (1.0, 1.0), 0.0), [[('K.525 KernScores', 'P1', 1, (32, 34), (9, 6.0), (10, 1.0)), ('K.525 KernScores', 'P1', 1, (35, 37), (10, 3.0), (10, 4.0))], [('K.525 KernScores', 'P1', 1, (52, 54), (13, 6.0), (14, 1.0)), ('K.525 KernScores', 'P1', 1, (55, 57), (14, 3.0), (14, 4.0))], [('K.525 KernScores', 'P1', 1, (166, 168), (44, 6.0), (45, 1.0)), ('K.525 KernScores', 'P1', 1, (169, 171), (45, 3.0), (45, 4.0)), ('K.525 KernScores', 'P1', 1, (172, 174), (45, 6.0), (46, 1.0)), ('K.525 KernScores', 'P1', 1, (175, 177), (46, 3.0), (46, 4.0)), ('K.525 KernScores', 'P1', 1, (178, 180), (46, 6.0), (47, 1.0)), ('K.525 KernScores', 'P1', 1, (181, 183), (47, 3.0), (47, 4.0)), ('K.525 KernScores', 'P1', 1, (184, 186), (47, 6.0), (48, 1.0))], [('K.525 KernScores', 'P1', 1, (198, 200), (50, 6.0), (51, 1.0)), ('K.525 KernScores', 'P1', 1, (201, 203), (51, 3.0), (51, 4.0)), ('K.525 KernScores', 'P1', 1, (204, 206), (51, 6.0), (52, 1.0)), ('K.525 KernScores', 'P1', 1, (207, 209), (52, 3.0), (52, 4.0)), ('K.525 KernScores', 'P1', 1, (210, 212), (52, 6.0), (53, 1.0)), ('K.525 KernScores', 'P1', 1, (213, 215), (53, 3.0), (53, 4.0)), ('K.525 KernScores', 'P1', 1, (216, 218), (53, 6.0), (54, 1.0))]]) 

4 .    (((-2, -2, -2, -2, -2, 2, -18), (1.0, 2.0, 1.0, 2.0, 1.0, 2.0, 1.0), 0.0), [[('K.525 KernScores', 'P2', 1, (235, 242), (58, 3.0), (59, 6.0)), ('K.525 KernScores', 'P2', 1, (243, 250), (60, 3.0), (61, 6.0))], [('K.525 KernScores', 'P2', 1, (259, 266), (64, 3.0), (65, 6.0)), ('K.525 KernScores', 'P2', 1, (267, 274), (66, 3.0), (67, 6.0))]]) 

5 .    (((-2, -2, -2, -2, -2, 2), (1.0, 2.0, 1.0, 2.0, 1.0, 2.0), 0.0), [[('K.525 KernScores', 'P2', 1, (74, 80), (18, 3.0), (19, 4.0)), ('K.525 KernScores', 'P2', 1, (81, 87), (20, 3.0), (21, 4.0))], [('K.525 KernScores', 'P2', 1, (96, 102), (24, 3.0), (25, 4.0)), ('K.525 KernScores', 'P2', 1, (103, 109), (26, 3.0), (27, 4.0))]]) 

6 .    (((-2, -2, -2, 2, 2), (1.0, 1.0, 1.0, 1.0, 1.0), 0.0), [[('K.525 KernScores', 'P2', 1, (140, 145), (35, 6.0), (36, 4.0)), ('K.525 KernScores', 'P2', 1, (146, 151), (36, 6.0), (37, 4.0))], [('K.525 KernScores', 'P2', 1, (168, 173), (41, 6.0), (42, 4.0)), ('K.525 KernScores', 'P2', 1, (174, 179), (42, 6.0), (43, 4.0))]]) 

7 .    (((2, 2, -2, -2, -2), (1.0, 1.0, 1.0, 1.0, 1.0), 0.0), [[('K.525 KernScores', 'P2', 1, (138, 143), (35, 4.0), (36, 2.0)), ('K.525 KernScores', 'P2', 1, (144, 149), (36, 4.0), (37, 2.0))], [('K.525 KernScores', 'P2', 1, (166, 171), (41, 4.0), (42, 2.0)), ('K.525 KernScores', 'P2', 1, (172, 177), (42, 4.0), (43, 2.0))]]) 

8 .    (((-2, -2), (1.0, 1.0), 0.0), [[('K.525 KernScores', 'P1', 1, (66, 68), (16, 2.0), (16, 3.0)), ('K.525 KernScores', 'P1', 1, (69, 71), (16, 5.0), (16, 6.0))], [('K.525 KernScores', 'P1', 1, (156, 158), (41, 4.0), (41, 5.0)), ('K.525 KernScores', 'P1', 1, (159, 161), (42, 4.0), (42, 5.0)), ('K.525 KernScores', 'P1', 1, (162, 164), (43, 4.0), (43, 5.0))]]) 

9 .    (((-2, -2, -4), (2.0, 1.0, 2.0), 0.0), [[('K.525 KernScores', 'P2', 1, (43, 46), (10, 1.0), (10, 4.0)), ('K.525 KernScores', 'P2', 1, (47, 50), (11, 1.0), (11, 4.0))], [('K.525 KernScores', 'P2', 1, (58, 61), (14, 1.0), (14, 4.0)), ('K.525 KernScores', 'P2', 1, (62, 65), (15, 1.0), (15, 4.0))]]) 

10 .    (((2, 2), (1.0, 1.0), 0.0), [[('K.525 KernScores', 'P1', 2, (11, 13), (20, 5.0), (20, 6.0)), ('K.525 KernScores', 'P1', 2, (14, 16), (21, 2.0), (21, 3.0))], [('K.525 KernScores', 'P1', 2, (22, 24), (24, 5.0), (24, 6.0)), ('K.525 KernScores', 'P1', 2, (25, 27), (25, 2.0), (25, 3.0))], [('K.525 KernScores', 'P1', 2, (33, 35), (26, 5.0), (26, 6.0)), ('K.525 KernScores', 'P1', 2, (36, 38), (27, 2.0), (27, 3.0))], [('K.525 KernScores', 'P1', 2, (61, 63), (58, 5.0), (58, 6.0)), ('K.525 KernScores', 'P1', 2, (64, 66), (59, 2.0), (59, 3.0))], [('K.525 KernScores', 'P1', 2, (72, 74), (60, 5.0), (60, 6.0)), ('K.525 KernScores', 'P1', 2, (75, 77), (61, 2.0), (61, 3.0))], [('K.525 KernScores', 'P1', 2, (83, 85), (64, 5.0), (64, 6.0)), ('K.525 KernScores', 'P1', 2, (86, 88), (65, 2.0), (65, 3.0))], [('K.525 KernScores', 'P1', 2, (94, 96), (66, 5.0), (66, 6.0)), ('K.525 KernScores', 'P1', 2, (97, 99), (67, 2.0), (67, 3.0))]]) 

11 .    (((1, 2), (1.0, 1.0), 0.0), [[('K.525 KernScores', 'P1', 2, (10, 12), (20, 4.0), (20, 5.0)), ('K.525 KernScores', 'P1', 2, (13, 15), (21, 1.0), (21, 2.0))], [('K.525 KernScores', 'P1', 2, (21, 23), (24, 4.0), (24, 5.0)), ('K.525 KernScores', 'P1', 2, (24, 26), (25, 1.0), (25, 2.0))], [('K.525 KernScores', 'P1', 2, (32, 34), (26, 4.0), (26, 5.0)), ('K.525 KernScores', 'P1', 2, (35, 37), (27, 1.0), (27, 2.0))], [('K.525 KernScores', 'P1', 2, (60, 62), (58, 4.0), (58, 5.0)), ('K.525 KernScores', 'P1', 2, (63, 65), (59, 1.0), (59, 2.0))], [('K.525 KernScores', 'P1', 2, (71, 73), (60, 4.0), (60, 5.0)), ('K.525 KernScores', 'P1', 2, (74, 76), (61, 1.0), (61, 2.0))], [('K.525 KernScores', 'P1', 2, (82, 84), (64, 4.0), (64, 5.0)), ('K.525 KernScores', 'P1', 2, (85, 87), (65, 1.0), (65, 2.0))], [('K.525 KernScores', 'P1', 2, (93, 95), (66, 4.0), (66, 5.0)), ('K.525 KernScores', 'P1', 2, (96, 98), (67, 1.0), (67, 2.0))]]) 

12 .    (((1, -7), (1.0, 1.0), 0.0), [[('K.525 KernScores', 'P1', 1, (106, 108), (30, 3.0), (30, 4.0)), ('K.525 KernScores', 'P1', 1, (109, 111), (30, 6.0), (31, 1.0))], [('K.525 KernScores', 'P1', 1, (264, 266), (70, 3.0), (70, 4.0)), ('K.525 KernScores', 'P1', 1, (267, 269), (70, 6.0), (71, 1.0))]]) 

