1 .    ('nomes', 'K.17 Musicalion') 

2 .    ('quantidade', 1) 

3 .    ('analise', 'sequÍncias IntDiaDurPtempo sem contidos e intercalados') 

1 .    (((-2, 2, -4, -2, 2, -3, -2, 2), (0.33, 0.33, 0.33, 0.33, 0.33, 0.33, 0.33, 0.33), 0.0), [[('K.17 Musicalion', 'P1', 1, (190, 198), (45, 1.0), (45, 3.33)), ('K.17 Musicalion', 'P1', 1, (199, 207), (46, 1.0), (46, 3.33))], [('K.17 Musicalion', 'P1', 3, (99, 107), (47, 1.0), (47, 3.33)), ('K.17 Musicalion', 'P1', 3, (108, 116), (48, 1.0), (48, 3.33))]]) 

2 .    (((-2, 2), (0.33, 0.33), 0.0), [[('K.17 Musicalion', 'P1', 1, (494, 496), (120, 1.0), (120, 1.33)), ('K.17 Musicalion', 'P1', 1, (497, 499), (120, 2.0), (120, 2.33)), ('K.17 Musicalion', 'P1', 1, (500, 502), (120, 3.0), (120, 3.33)), ('K.17 Musicalion', 'P1', 1, (503, 505), (121, 1.0), (121, 1.33))], [('K.17 Musicalion', 'P1', 3, (283, 285), (121, 2.0), (121, 2.33)), ('K.17 Musicalion', 'P1', 3, (286, 288), (121, 3.0), (121, 3.33)), ('K.17 Musicalion', 'P1', 3, (289, 291), (122, 1.0), (122, 1.33)), ('K.17 Musicalion', 'P1', 3, (292, 294), (122, 2.0), (122, 2.33)), ('K.17 Musicalion', 'P1', 3, (295, 297), (122, 3.0), (122, 3.33))]]) 

3 .    (((1, -5, 2), (3.0, 3.0, 3.0), 0.0), [[('K.17 Musicalion', 'P1', 4, (3, 6), (28, 1.0), (30, 1.0)), ('K.17 Musicalion', 'P1', 4, (7, 10), (32, 1.0), (34, 1.0))], [('K.17 Musicalion', 'P1', 4, (14, 17), (73, 1.0), (75, 1.0)), ('K.17 Musicalion', 'P1', 4, (18, 21), (77, 1.0), (79, 1.0)), ('K.17 Musicalion', 'P1', 4, (22, 25), (97, 1.0), (99, 1.0)), ('K.17 Musicalion', 'P1', 4, (26, 29), (101, 1.0), (103, 1.0))]]) 

4 .    (((2, 2), (0.33, 0.33), 0.33), [[('K.17 Musicalion', 'P1', 1, (75, 77), (20, 1.33), (20, 1.67)), ('K.17 Musicalion', 'P1', 1, (78, 80), (20, 2.33), (20, 2.67)), ('K.17 Musicalion', 'P1', 1, (81, 83), (20, 3.33), (20, 3.67))], [('K.17 Musicalion', 'P1', 1, (94, 96), (24, 1.33), (24, 1.67)), ('K.17 Musicalion', 'P1', 1, (97, 99), (24, 2.33), (24, 2.67)), ('K.17 Musicalion', 'P1', 1, (100, 102), (24, 3.33), (24, 3.67))], [('K.17 Musicalion', 'P1', 1, (149, 151), (36, 1.33), (36, 1.67)), ('K.17 Musicalion', 'P1', 1, (152, 154), (36, 2.33), (36, 2.67)), ('K.17 Musicalion', 'P1', 1, (155, 157), (36, 3.33), (36, 3.67))], [('K.17 Musicalion', 'P1', 1, (167, 169), (40, 1.33), (40, 1.67)), ('K.17 Musicalion', 'P1', 1, (170, 172), (40, 2.33), (40, 2.67)), ('K.17 Musicalion', 'P1', 1, (173, 175), (40, 3.33), (40, 3.67))], [('K.17 Musicalion', 'P1', 1, (428, 430), (105, 1.33), (105, 1.67)), ('K.17 Musicalion', 'P1', 1, (431, 433), (105, 2.33), (105, 2.67))], [('K.17 Musicalion', 'P1', 1, (446, 448), (109, 1.33), (109, 1.67)), ('K.17 Musicalion', 'P1', 1, (449, 451), (109, 2.33), (109, 2.67))]]) 

5 .    (((-4, -5), (1.0, 1.0), 0.0), [[('K.17 Musicalion', 'P1', 1, (0, 2), (1, 1.0), (1, 2.0)), ('K.17 Musicalion', 'P1', 1, (3, 5), (2, 1.0), (2, 2.0)), ('K.17 Musicalion', 'P1', 1, (6, 8), (3, 1.0), (3, 2.0))], [('K.17 Musicalion', 'P1', 1, (214, 216), (51, 1.0), (51, 2.0)), ('K.17 Musicalion', 'P1', 1, (217, 219), (52, 1.0), (52, 2.0))], [('K.17 Musicalion', 'P1', 1, (512, 514), (125, 1.0), (125, 2.0)), ('K.17 Musicalion', 'P1', 1, (515, 517), (126, 1.0), (126, 2.0)), ('K.17 Musicalion', 'P1', 1, (518, 520), (127, 1.0), (127, 2.0))], [('K.17 Musicalion', 'P1', 3, (0, 2), (1, 1.0), (1, 2.0)), ('K.17 Musicalion', 'P1', 3, (3, 5), (2, 1.0), (2, 2.0)), ('K.17 Musicalion', 'P1', 3, (6, 8), (3, 1.0), (3, 2.0))], [('K.17 Musicalion', 'P1', 3, (129, 131), (51, 1.0), (51, 2.0)), ('K.17 Musicalion', 'P1', 3, (132, 134), (52, 1.0), (52, 2.0)), ('K.17 Musicalion', 'P1', 3, (135, 137), (53, 1.0), (53, 2.0))], [('K.17 Musicalion', 'P1', 3, (310, 312), (125, 1.0), (125, 2.0)), ('K.17 Musicalion', 'P1', 3, (313, 315), (126, 1.0), (126, 2.0)), ('K.17 Musicalion', 'P1', 3, (316, 318), (127, 1.0), (127, 2.0))]]) 

6 .    (((2, 2), (0.33, 0.33), 0.0), [[('K.17 Musicalion', 'P1', 1, (74, 76), (20, 1.0), (20, 1.33)), ('K.17 Musicalion', 'P1', 1, (77, 79), (20, 2.0), (20, 2.33)), ('K.17 Musicalion', 'P1', 1, (80, 82), (20, 3.0), (20, 3.33))], [('K.17 Musicalion', 'P1', 1, (93, 95), (24, 1.0), (24, 1.33)), ('K.17 Musicalion', 'P1', 1, (96, 98), (24, 2.0), (24, 2.33)), ('K.17 Musicalion', 'P1', 1, (99, 101), (24, 3.0), (24, 3.33))], [('K.17 Musicalion', 'P1', 1, (148, 150), (36, 1.0), (36, 1.33)), ('K.17 Musicalion', 'P1', 1, (151, 153), (36, 2.0), (36, 2.33)), ('K.17 Musicalion', 'P1', 1, (154, 156), (36, 3.0), (36, 3.33))], [('K.17 Musicalion', 'P1', 1, (166, 168), (40, 1.0), (40, 1.33)), ('K.17 Musicalion', 'P1', 1, (169, 171), (40, 2.0), (40, 2.33)), ('K.17 Musicalion', 'P1', 1, (172, 174), (40, 3.0), (40, 3.33))], [('K.17 Musicalion', 'P1', 1, (427, 429), (105, 1.0), (105, 1.33)), ('K.17 Musicalion', 'P1', 1, (430, 432), (105, 2.0), (105, 2.33))], [('K.17 Musicalion', 'P1', 1, (445, 447), (109, 1.0), (109, 1.33)), ('K.17 Musicalion', 'P1', 1, (448, 450), (109, 2.0), (109, 2.33))]]) 

7 .    (((-2, -2), (1.0, 1.0), 0.0), [[('K.17 Musicalion', 'P1', 1, (157, 159), (37, 1.0), (37, 2.0)), ('K.17 Musicalion', 'P1', 1, (160, 162), (38, 1.0), (38, 2.0))], [('K.17 Musicalion', 'P1', 1, (175, 177), (41, 1.0), (41, 2.0)), ('K.17 Musicalion', 'P1', 1, (178, 180), (42, 1.0), (42, 2.0))]]) 

