1.    nomes:
K.20 Musicalion

2.    quantidade:
1

3.    analise:
[('intDia', 'p1p2'), ('duracao', 'p1p2'), ('Ptempo', 'p1p2')] SemContInte Distancia: 0

1.    ((-2, -2, -2, 2, 2, 2, 2, 2, 2, 2, 2, -2, -2, -2, -2, -2, -2, -2, -2, 2, 2, 2, 2, 2, 2, 2, 2, -2, -2, -2, -2, -2, -2, -2, -2, 2, 2, 2, 2, 2, 2, 2, 2, -2, -2, -2, -2, -2, -2, -2, -2), (0.5, 0.5, 0.5, 0.25, 0.25, 0.25, 0.25, 0.25, 0.25, 0.25, 0.25, 0.25, 0.25, 0.25, 0.25, 0.25, 0.25, 0.25, 0.25, 0.25, 0.25, 0.25, 0.25, 0.25, 0.25, 0.25, 0.25, 0.25, 0.25, 0.25, 0.25, 0.25, 0.25, 0.25, 0.25, 0.25, 0.25, 0.25, 0.25, 0.25, 0.25, 0.25, 0.25, 0.25, 0.25, 0.25, 0.25, 0.25, 0.25, 0.25, 0.25), (0.5, 0.0, 0.5, 0.0, 0.25, 0.5, 0.75, 0.0, 0.25, 0.5, 0.75, 0.0, 0.25, 0.5, 0.75, 0.0, 0.25, 0.5, 0.75, 0.0, 0.25, 0.5, 0.75, 0.0, 0.25, 0.5, 0.75, 0.0, 0.25, 0.5, 0.75, 0.0, 0.25, 0.5, 0.75, 0.0, 0.25, 0.5, 0.75, 0.0, 0.25, 0.5, 0.75, 0.0, 0.25, 0.5, 0.75, 0.0, 0.25, 0.5, 0.75)):
('K.20 Musicalion', 'P1', 1, (335, 386), (91,), (1.5,), (97,), (2.75,))
('K.20 Musicalion', 'P1', 4, (311, 362), (91,), (1.5,), (97,), (2.75,))

2.    ((-2, -2, 2, 2, 2, 2, 2, -2, -2, -2, 2, 2, 2, 2, 2, -2, -2, -2, 2, 2, 2, 2, 2, -2, -2, -2, 2, -2, 2), (0.5, 0.5, 0.5, 0.25, 0.25, 0.25, 0.25, 0.25, 0.25, 0.25, 0.25, 0.25, 0.25, 0.25, 0.25, 0.25, 0.25, 0.25, 0.25, 0.25, 0.25, 0.25, 0.25, 0.25, 0.25, 0.25, 0.25, 0.25, 0.25), (0.5, 0.0, 0.5, 0.0, 0.25, 0.5, 0.75, 0.0, 0.25, 0.5, 0.75, 0.0, 0.25, 0.5, 0.75, 0.0, 0.25, 0.5, 0.75, 0.0, 0.25, 0.5, 0.75, 0.0, 0.25, 0.5, 0.75, 0.0, 0.25)):
('K.20 Musicalion', 'P1', 1, (100, 129), (40,), (1.5,), (44,), (1.25,))
('K.20 Musicalion', 'P1', 4, (108, 137), (40,), (1.5,), (44,), (1.25,))

3.    ((3, -2, -2, 4, 3, -2, -2, -4, 3, -2, -2, 4, 3, -2, -2, -4, 3, -2, -2), (0.5, 0.5, 0.5, 0.5, 0.5, 0.5, 0.5, 0.5, 0.5, 0.5, 0.5, 0.5, 0.5, 0.5, 0.5, 0.5, 0.5, 0.5, 0.5), (0.0, 0.5, 0.0, 0.5, 0.0, 0.5, 0.0, 0.5, 0.0, 0.5, 0.0, 0.5, 0.0, 0.5, 0.0, 0.5, 0.0, 0.5, 0.0)):
('K.20 Musicalion', 'P1', 4, (17, 36), (9,), (1.0,), (13,), (2.0,))
('K.20 Musicalion', 'P1', 4, (42, 61), (17,), (1.0,), (21,), (2.0,))

4.    ((-2, -2, 7, -6, -2, -2, 7, -6, -2, -2, 7, -6, -2, -2), (0.5, 0.5, 0.5, 0.5, 0.5, 0.5, 0.5, 0.5, 0.5, 0.5, 0.5, 0.5, 0.5, 0.5), (0.5, 0.0, 0.5, 0.0, 0.5, 0.0, 0.5, 0.0, 0.5, 0.0, 0.5, 0.0, 0.5, 0.0)):
('K.20 Musicalion', 'P1', 1, (88, 102), (37,), (1.5,), (40,), (2.0,))
('K.20 Musicalion', 'P1', 1, (323, 337), (88,), (1.5,), (91,), (2.0,))

5.    ((7, -2, -2, -5, 6, -2, -2, -4, 5, -2, -2), (0.5, 0.5, 0.5, 0.5, 0.5, 0.5, 0.5, 0.5, 0.5, 0.5, 0.5), (0.0, 0.5, 0.0, 0.5, 0.0, 0.5, 0.0, 0.5, 0.0, 0.5, 0.0)):
('K.20 Musicalion', 'P1', 4, (99, 110), (38,), (1.0,), (40,), (2.0,))
('K.20 Musicalion', 'P1', 4, (298, 309), (88,), (1.0,), (90,), (2.0,))

6.    ((3, -2, -2, -4, 4, 3, -2, -2, -4, 4), (0.5, 0.5, 0.5, 0.5, 2.0, 0.5, 0.5, 0.5, 0.5, 2.0), (0.0, 0.5, 0.0, 0.5, 0.0, 0.0, 0.5, 0.0, 0.5, 0.0)):
('K.20 Musicalion', 'P1', 4, (67, 77), (25,), (1.0,), (28,), (1.0,))
('K.20 Musicalion', 'P1', 4, (82, 92), (31,), (1.0,), (34,), (1.0,))

7.    ((1, 1, (2, -2), (3, 1), (3, 1), (3, 1), (3, 1), (3, 1), (3, 1)), (0.5, 0.5, (0.0, 0.5), (0.0, 0.5), (0.0, 0.5), (0.0, 0.5), (0.0, 0.5), (0.0, 0.5), (0.0, 0.5)), (0.0, 0.5, 0.0, 0.5, 0.0, 0.5, 0.0, 0.5, 0.0)):
('K.20 Musicalion', 'P1', 4, (165, 174), (48,), (2.0,), (50,), (2.0,))
('K.20 Musicalion', 'P1', 4, (181, 190), (52,), (2.0,), (54,), (2.0,))

8.    ((2, -2, 2, -2, 2, -2, 2), (0.5, 0.5, 0.5, 2.5, 0.5, 0.5, 0.5), (0.5, 0.0, 0.5, 0.0, 0.5, 0.0, 0.5)):
('K.20 Musicalion', 'P1', 1, (57, 64), (26,), (1.5,), (28,), (2.5,))
('K.20 Musicalion', 'P1', 1, (66, 73), (30,), (1.5,), (32,), (2.5,))

9.    ((2, 2, 2, 2, 2, 3, 2), (0.25, 0.75, 0.25, 0.75, 0.25, 0.75, 0.25), (0.25, 0.5, 0.25, 0.5, 0.25, 0.5, 0.25)):
('K.20 Musicalion', 'P1', 1, (307, 314), (84,), (1.25,), (85,), (2.25,))
('K.20 Musicalion', 'P1', 1, (315, 322), (86,), (1.25,), (87,), (2.25,))

10.    ((-8, 1, 1, 1, -8, 1, 1), (0.5, 0.5, 0.5, 2.5, 0.5, 0.5, 0.5), (0.0, 0.5, 0.0, 0.5, 0.0, 0.5, 0.0)):
('K.20 Musicalion', 'P1', 4, (228, 235), (66,), (1.0,), (68,), (2.0,))
('K.20 Musicalion', 'P1', 4, (236, 243), (70,), (1.0,), (72,), (2.0,))

11.    ((2, 2, -3, 2, -2, 2), (0.25, 0.25, 0.25, 0.25, 0.25, 0.25), (0.0, 0.25, 0.5, 0.75, 0.0, 0.25)):
('K.20 Musicalion', 'P1', 1, (135, 141), (45,), (1.0,), (45,), (2.25,))
('K.20 Musicalion', 'P1', 1, (143, 149), (46,), (1.0,), (46,), (2.25,))
('K.20 Musicalion', 'P1', 4, (143, 149), (45,), (1.0,), (45,), (2.25,))
('K.20 Musicalion', 'P1', 4, (151, 157), (46,), (1.0,), (46,), (2.25,))

12.    ((-2, -2, 1, -2, -2, 5), (1.0, 1.0, 2.0, 1.0, 1.0, 2.0), (0.0, 0.0, 0.0, 0.0, 0.0, 0.0)):
('K.20 Musicalion', 'P1', 1, (0, 6), (1,), (1.0,), (4,), (1.0,))
('K.20 Musicalion', 'P1', 1, (6, 12), (5,), (1.0,), (8,), (1.0,))

13.    ((-6, -2, 6, -2, -2, 4), (1.5, 0.5, 0.5, 0.5, 0.5, 0.5), (0.0, 0.5, 0.0, 0.5, 0.0, 0.5)):
('K.20 Musicalion', 'P1', 1, (12, 18), (9,), (1.0,), (10,), (2.5,))
('K.20 Musicalion', 'P1', 1, (18, 24), (11,), (1.0,), (12,), (2.5,))

14.    ((2, -4, 2, -4, 2), (0.5, 0.5, 0.5, 0.5, 0.5), (0.0, 0.5, 0.0, 0.5, 0.0)):
('K.20 Musicalion', 'P1', 1, (157, 162), (49,), (1.0,), (50,), (1.0,))
('K.20 Musicalion', 'P1', 1, (165, 170), (51,), (1.0,), (52,), (1.0,))

15.    ((-2, -2, -4, -2, -2), (1.0, 1.0, 2.0, 1.0, 1.0), (0.0, 0.0, 0.0, 0.0, 0.0)):
('K.20 Musicalion', 'P1', 2, (0, 5), (1,), (1.0,), (3,), (2.0,))
('K.20 Musicalion', 'P1', 2, (6, 11), (5,), (1.0,), (7,), (2.0,))

16.    ((-2, 3, (3, -2), (3, -2)), (0.5, 0.5, (0.0, 0.5), (0.0, 0.5)), (0.5, 0.0, 0.5, 0.0)):
('K.20 Musicalion', 'P1', 1, (25, 29), (13,), (2.5,), (14,), (2.0,))
('K.20 Musicalion', 'P1', 2, (16, 20), (25,), (2.5,), (26,), (2.0,))
('K.20 Musicalion', 'P1', 2, (24, 28), (27,), (2.5,), (28,), (2.0,))

17.    ((2, -3, 2, -3), (0.25, 0.25, 0.25, 0.25), (0.75, 0.0, 0.25, 0.5)):
('K.20 Musicalion', 'P1', 1, (221, 225), (60,), (1.75,), (60,), (2.5,))
('K.20 Musicalion', 'P1', 1, (229, 233), (61,), (1.75,), (61,), (2.5,))

18.    ((3, -2, -2), (0.5, 0.5, 0.5), (0.0, 0.5, 0.0)):
('K.20 Musicalion', 'P1', 2, (13, 16), (25,), (1.0,), (25,), (2.0,))
('K.20 Musicalion', 'P1', 2, (21, 24), (27,), (1.0,), (27,), (2.0,))
('K.20 Musicalion', 'P1', 2, (29, 32), (29,), (1.0,), (29,), (2.0,))
('K.20 Musicalion', 'P1', 2, (37, 40), (31,), (1.0,), (31,), (2.0,))
('K.20 Musicalion', 'P1', 2, (45, 48), (33,), (1.0,), (33,), (2.0,))
('K.20 Musicalion', 'P1', 4, (17, 20), (9,), (1.0,), (9,), (2.0,))
('K.20 Musicalion', 'P1', 4, (21, 24), (10,), (1.0,), (10,), (2.0,))
('K.20 Musicalion', 'P1', 4, (25, 28), (11,), (1.0,), (11,), (2.0,))
('K.20 Musicalion', 'P1', 4, (29, 32), (12,), (1.0,), (12,), (2.0,))
('K.20 Musicalion', 'P1', 4, (33, 36), (13,), (1.0,), (13,), (2.0,))
('K.20 Musicalion', 'P1', 4, (42, 45), (17,), (1.0,), (17,), (2.0,))
('K.20 Musicalion', 'P1', 4, (46, 49), (18,), (1.0,), (18,), (2.0,))
('K.20 Musicalion', 'P1', 4, (50, 53), (19,), (1.0,), (19,), (2.0,))
('K.20 Musicalion', 'P1', 4, (54, 57), (20,), (1.0,), (20,), (2.0,))
('K.20 Musicalion', 'P1', 4, (58, 61), (21,), (1.0,), (21,), (2.0,))
('K.20 Musicalion', 'P1', 4, (67, 70), (25,), (1.0,), (25,), (2.0,))
('K.20 Musicalion', 'P1', 4, (72, 75), (27,), (1.0,), (27,), (2.0,))
('K.20 Musicalion', 'P1', 4, (77, 80), (29,), (1.0,), (29,), (2.0,))
('K.20 Musicalion', 'P1', 4, (82, 85), (31,), (1.0,), (31,), (2.0,))
('K.20 Musicalion', 'P1', 4, (87, 90), (33,), (1.0,), (33,), (2.0,))

19.    ((-2, -2, -2), (0.5, 0.5, 0.5), (0.5, 0.0, 0.5)):
('K.20 Musicalion', 'P1', 1, (152, 155), (47,), (2.5,), (48,), (1.5,))
('K.20 Musicalion', 'P1', 1, (335, 338), (91,), (1.5,), (91,), (2.5,))
('K.20 Musicalion', 'P1', 2, (14, 17), (25,), (1.5,), (25,), (2.5,))
('K.20 Musicalion', 'P1', 2, (22, 25), (27,), (1.5,), (27,), (2.5,))
('K.20 Musicalion', 'P1', 4, (271, 274), (81,), (1.5,), (81,), (2.5,))
('K.20 Musicalion', 'P1', 4, (311, 314), (91,), (1.5,), (91,), (2.5,))

20.    ((6, -2, -2), (0.5, 0.5, 0.5), (0.0, 0.5, 0.0)):
('K.20 Musicalion', 'P1', 1, (14, 17), (10,), (1.0,), (10,), (2.0,))
('K.20 Musicalion', 'P1', 1, (20, 23), (12,), (1.0,), (12,), (2.0,))
('K.20 Musicalion', 'P1', 4, (103, 106), (39,), (1.0,), (39,), (2.0,))
('K.20 Musicalion', 'P1', 4, (248, 251), (74,), (1.0,), (74,), (2.0,))
('K.20 Musicalion', 'P1', 4, (256, 259), (76,), (1.0,), (76,), (2.0,))
('K.20 Musicalion', 'P1', 4, (302, 305), (89,), (1.0,), (89,), (2.0,))

21.    ((2, 2, 2), (0.5, 0.5, 0.5), (0.5, 0.0, 0.5)):
('K.20 Musicalion', 'P1', 1, (74, 77), (34,), (1.5,), (34,), (2.5,))
('K.20 Musicalion', 'P1', 4, (192, 195), (55,), (1.5,), (55,), (2.5,))
('K.20 Musicalion', 'P1', 4, (196, 199), (56,), (1.5,), (56,), (2.5,))
('K.20 Musicalion', 'P1', 4, (200, 203), (57,), (1.5,), (57,), (2.5,))
('K.20 Musicalion', 'P1', 4, (204, 207), (58,), (1.5,), (58,), (2.5,))

22.    ((-4, 3, -2), (0.5, 0.5, 0.5), (0.5, 0.0, 0.5)):
('K.20 Musicalion', 'P1', 1, (176, 179), (53,), (2.5,), (54,), (1.5,))
('K.20 Musicalion', 'P1', 4, (24, 27), (10,), (2.5,), (11,), (1.5,))
('K.20 Musicalion', 'P1', 4, (32, 35), (12,), (2.5,), (13,), (1.5,))
('K.20 Musicalion', 'P1', 4, (49, 52), (18,), (2.5,), (19,), (1.5,))
('K.20 Musicalion', 'P1', 4, (57, 60), (20,), (2.5,), (21,), (1.5,))

23.    ((-2, -2, 2), (0.5, 0.5, 0.5), (0.5, 0.0, 0.5)):
('K.20 Musicalion', 'P1', 1, (100, 103), (40,), (1.5,), (40,), (2.5,))
('K.20 Musicalion', 'P1', 2, (38, 41), (31,), (1.5,), (31,), (2.5,))
('K.20 Musicalion', 'P1', 2, (46, 49), (33,), (1.5,), (33,), (2.5,))
('K.20 Musicalion', 'P1', 4, (108, 111), (40,), (1.5,), (40,), (2.5,))

24.    ((-4, -3, -3), (0.25, 0.25, 0.25), (0.0, 0.25, 0.5)):
('K.20 Musicalion', 'P1', 1, (234, 237), (62,), (1.0,), (62,), (1.5,))
('K.20 Musicalion', 'P1', 1, (246, 249), (63,), (2.0,), (63,), (2.5,))
('K.20 Musicalion', 'P1', 1, (414, 417), (101,), (2.0,), (101,), (2.5,))

25.    ((-3, -3, -4), (0.25, 0.25, 0.25), (0.0, 0.25, 0.5)):
('K.20 Musicalion', 'P1', 1, (238, 241), (62,), (2.0,), (62,), (2.5,))
('K.20 Musicalion', 'P1', 1, (406, 409), (100,), (2.0,), (100,), (2.5,))

26.    ((-4, -2, -2), (0.5, 0.5, 0.5), (0.0, 0.5, 0.0)):
('K.20 Musicalion', 'P1', 1, (271, 274), (75,), (1.0,), (75,), (2.0,))
('K.20 Musicalion', 'P1', 1, (275, 278), (76,), (1.0,), (76,), (2.0,))

27.    ((-2, -2), (0.5, 0.5), (0.5, 0.0)):
('K.20 Musicalion', 'P1', 1, (15, 17), (10,), (1.5,), (10,), (2.0,))
('K.20 Musicalion', 'P1', 1, (21, 23), (12,), (1.5,), (12,), (2.0,))
('K.20 Musicalion', 'P1', 1, (38, 40), (18,), (1.5,), (18,), (2.0,))
('K.20 Musicalion', 'P1', 1, (44, 46), (20,), (1.5,), (20,), (2.0,))
('K.20 Musicalion', 'P1', 1, (88, 90), (37,), (1.5,), (37,), (2.0,))
('K.20 Musicalion', 'P1', 1, (92, 94), (38,), (1.5,), (38,), (2.0,))
('K.20 Musicalion', 'P1', 1, (96, 98), (39,), (1.5,), (39,), (2.0,))
('K.20 Musicalion', 'P1', 1, (100, 102), (40,), (1.5,), (40,), (2.0,))
('K.20 Musicalion', 'P1', 1, (152, 154), (47,), (2.5,), (48,), (1.0,))
('K.20 Musicalion', 'P1', 1, (154, 156), (48,), (1.5,), (48,), (2.0,))
('K.20 Musicalion', 'P1', 1, (264, 266), (73,), (1.5,), (73,), (2.0,))
('K.20 Musicalion', 'P1', 1, (268, 270), (74,), (1.5,), (74,), (2.0,))
('K.20 Musicalion', 'P1', 1, (272, 274), (75,), (1.5,), (75,), (2.0,))
('K.20 Musicalion', 'P1', 1, (276, 278), (76,), (1.5,), (76,), (2.0,))
('K.20 Musicalion', 'P1', 1, (323, 325), (88,), (1.5,), (88,), (2.0,))
('K.20 Musicalion', 'P1', 1, (327, 329), (89,), (1.5,), (89,), (2.0,))
('K.20 Musicalion', 'P1', 1, (331, 333), (90,), (1.5,), (90,), (2.0,))
('K.20 Musicalion', 'P1', 1, (335, 337), (91,), (1.5,), (91,), (2.0,))
('K.20 Musicalion', 'P1', 2, (14, 16), (25,), (1.5,), (25,), (2.0,))
('K.20 Musicalion', 'P1', 2, (22, 24), (27,), (1.5,), (27,), (2.0,))
('K.20 Musicalion', 'P1', 2, (30, 32), (29,), (1.5,), (29,), (2.0,))
('K.20 Musicalion', 'P1', 2, (38, 40), (31,), (1.5,), (31,), (2.0,))
('K.20 Musicalion', 'P1', 2, (46, 48), (33,), (1.5,), (33,), (2.0,))
('K.20 Musicalion', 'P1', 4, (18, 20), (9,), (1.5,), (9,), (2.0,))
('K.20 Musicalion', 'P1', 4, (22, 24), (10,), (1.5,), (10,), (2.0,))
('K.20 Musicalion', 'P1', 4, (26, 28), (11,), (1.5,), (11,), (2.0,))
('K.20 Musicalion', 'P1', 4, (30, 32), (12,), (1.5,), (12,), (2.0,))
('K.20 Musicalion', 'P1', 4, (34, 36), (13,), (1.5,), (13,), (2.0,))
('K.20 Musicalion', 'P1', 4, (43, 45), (17,), (1.5,), (17,), (2.0,))
('K.20 Musicalion', 'P1', 4, (47, 49), (18,), (1.5,), (18,), (2.0,))
('K.20 Musicalion', 'P1', 4, (51, 53), (19,), (1.5,), (19,), (2.0,))
('K.20 Musicalion', 'P1', 4, (55, 57), (20,), (1.5,), (20,), (2.0,))
('K.20 Musicalion', 'P1', 4, (59, 61), (21,), (1.5,), (21,), (2.0,))
('K.20 Musicalion', 'P1', 4, (68, 70), (25,), (1.5,), (25,), (2.0,))
('K.20 Musicalion', 'P1', 4, (73, 75), (27,), (1.5,), (27,), (2.0,))
('K.20 Musicalion', 'P1', 4, (78, 80), (29,), (1.5,), (29,), (2.0,))
('K.20 Musicalion', 'P1', 4, (83, 85), (31,), (1.5,), (31,), (2.0,))
('K.20 Musicalion', 'P1', 4, (88, 90), (33,), (1.5,), (33,), (2.0,))
('K.20 Musicalion', 'P1', 4, (96, 98), (37,), (1.5,), (37,), (2.0,))
('K.20 Musicalion', 'P1', 4, (100, 102), (38,), (1.5,), (38,), (2.0,))
('K.20 Musicalion', 'P1', 4, (104, 106), (39,), (1.5,), (39,), (2.0,))
('K.20 Musicalion', 'P1', 4, (108, 110), (40,), (1.5,), (40,), (2.0,))
('K.20 Musicalion', 'P1', 4, (245, 247), (73,), (1.5,), (73,), (2.0,))
('K.20 Musicalion', 'P1', 4, (249, 251), (74,), (1.5,), (74,), (2.0,))
('K.20 Musicalion', 'P1', 4, (253, 255), (75,), (1.5,), (75,), (2.0,))
('K.20 Musicalion', 'P1', 4, (257, 259), (76,), (1.5,), (76,), (2.0,))
('K.20 Musicalion', 'P1', 4, (271, 273), (81,), (1.5,), (81,), (2.0,))
('K.20 Musicalion', 'P1', 4, (299, 301), (88,), (1.5,), (88,), (2.0,))
('K.20 Musicalion', 'P1', 4, (303, 305), (89,), (1.5,), (89,), (2.0,))
('K.20 Musicalion', 'P1', 4, (307, 309), (90,), (1.5,), (90,), (2.0,))
('K.20 Musicalion', 'P1', 4, (311, 313), (91,), (1.5,), (91,), (2.0,))
('K.20 Musicalion', 'P1', 5, (0, 2), (79,), (1.5,), (79,), (2.0,))
('K.20 Musicalion', 'P1', 5, (3, 5), (80,), (1.5,), (80,), (2.0,))
('K.20 Musicalion', 'P1', 5, (6, 8), (81,), (1.5,), (81,), (2.0,))

28.    ((3, -2), (0.5, 0.5), (0.0, 0.5)):
('K.20 Musicalion', 'P1', 1, (177, 179), (54,), (1.0,), (54,), (1.5,))
('K.20 Musicalion', 'P1', 2, (29, 31), (29,), (1.0,), (29,), (1.5,))
('K.20 Musicalion', 'P1', 4, (17, 19), (9,), (1.0,), (9,), (1.5,))
('K.20 Musicalion', 'P1', 4, (21, 23), (10,), (1.0,), (10,), (1.5,))
('K.20 Musicalion', 'P1', 4, (25, 27), (11,), (1.0,), (11,), (1.5,))
('K.20 Musicalion', 'P1', 4, (29, 31), (12,), (1.0,), (12,), (1.5,))
('K.20 Musicalion', 'P1', 4, (33, 35), (13,), (1.0,), (13,), (1.5,))
('K.20 Musicalion', 'P1', 4, (42, 44), (17,), (1.0,), (17,), (1.5,))
('K.20 Musicalion', 'P1', 4, (46, 48), (18,), (1.0,), (18,), (1.5,))
('K.20 Musicalion', 'P1', 4, (50, 52), (19,), (1.0,), (19,), (1.5,))
('K.20 Musicalion', 'P1', 4, (54, 56), (20,), (1.0,), (20,), (1.5,))
('K.20 Musicalion', 'P1', 4, (58, 60), (21,), (1.0,), (21,), (1.5,))
('K.20 Musicalion', 'P1', 4, (67, 69), (25,), (1.0,), (25,), (1.5,))
('K.20 Musicalion', 'P1', 4, (72, 74), (27,), (1.0,), (27,), (1.5,))
('K.20 Musicalion', 'P1', 4, (77, 79), (29,), (1.0,), (29,), (1.5,))
('K.20 Musicalion', 'P1', 4, (82, 84), (31,), (1.0,), (31,), (1.5,))
('K.20 Musicalion', 'P1', 4, (87, 89), (33,), (1.0,), (33,), (1.5,))

29.    ((-2, -2), (1.0, 1.0), (0.0, 0.0)):
('K.20 Musicalion', 'P1', 1, (0, 2), (1,), (1.0,), (1,), (2.0,))
('K.20 Musicalion', 'P1', 1, (3, 5), (3,), (1.0,), (3,), (2.0,))
('K.20 Musicalion', 'P1', 1, (6, 8), (5,), (1.0,), (5,), (2.0,))
('K.20 Musicalion', 'P1', 1, (9, 11), (7,), (1.0,), (7,), (2.0,))
('K.20 Musicalion', 'P1', 1, (260, 262), (71,), (1.0,), (71,), (2.0,))
('K.20 Musicalion', 'P1', 2, (0, 2), (1,), (1.0,), (1,), (2.0,))
('K.20 Musicalion', 'P1', 2, (3, 5), (3,), (1.0,), (3,), (2.0,))
('K.20 Musicalion', 'P1', 2, (6, 8), (5,), (1.0,), (5,), (2.0,))
('K.20 Musicalion', 'P1', 2, (9, 11), (7,), (1.0,), (7,), (2.0,))
('K.20 Musicalion', 'P1', 2, (62, 64), (71,), (1.0,), (71,), (2.0,))

30.    ((1, 1), (0.5, 0.5), (0.5, 0.0)):
('K.20 Musicalion', 'P1', 2, (32, 34), (29,), (2.5,), (30,), (1.0,))
('K.20 Musicalion', 'P1', 4, (160, 162), (47,), (1.5,), (47,), (2.0,))
('K.20 Musicalion', 'P1', 4, (162, 164), (47,), (2.5,), (48,), (1.0,))
('K.20 Musicalion', 'P1', 4, (164, 166), (48,), (1.5,), (48,), (2.0,))
('K.20 Musicalion', 'P1', 4, (229, 231), (66,), (1.5,), (66,), (2.0,))
('K.20 Musicalion', 'P1', 4, (233, 235), (68,), (1.5,), (68,), (2.0,))
('K.20 Musicalion', 'P1', 4, (237, 239), (70,), (1.5,), (70,), (2.0,))
('K.20 Musicalion', 'P1', 4, (241, 243), (72,), (1.5,), (72,), (2.0,))

31.    ((-2, 2), (0.5, 0.5), (0.5, 0.0)):
('K.20 Musicalion', 'P1', 1, (78, 80), (35,), (1.5,), (35,), (2.0,))
('K.20 Musicalion', 'P1', 4, (265, 267), (79,), (1.5,), (79,), (2.0,))
('K.20 Musicalion', 'P1', 4, (268, 270), (80,), (1.5,), (80,), (2.0,))
('K.20 Musicalion', 'P1', 4, (363, 365), (98,), (1.5,), (98,), (2.0,))

32.    (((3, -2), (3, 1)), ((0.0, 1.0), (0.0, 2.0)), (0.0, 0.0)):
('K.20 Musicalion', 'P1', 1, (252, 254), (65,), (2.0,), (66,), (1.0,))
('K.20 Musicalion', 'P1', 1, (255, 257), (67,), (2.0,), (68,), (1.0,))

33.    ((-8, 4), (1.0, 1.0), (0.0, 0.0)):
('K.20 Musicalion', 'P1', 4, (37, 39), (14,), (1.0,), (14,), (2.0,))
('K.20 Musicalion', 'P1', 4, (366, 368), (99,), (1.0,), (99,), (2.0,))

34.    ((-8, -8), (1.0, 1.0), (0.0, 0.0)):
('K.20 Musicalion', 'P1', 4, (39, 41), (15,), (1.0,), (15,), (2.0,))
('K.20 Musicalion', 'P1', 4, (64, 66), (23,), (1.0,), (23,), (2.0,))

35.    ((-4,), (0.5,), (0.5,)):
('K.20 Musicalion', 'P1', 1, (158, 159), (49,), (1.5,), (49,), (1.5,))
('K.20 Musicalion', 'P1', 1, (160, 161), (49,), (2.5,), (49,), (2.5,))
('K.20 Musicalion', 'P1', 1, (166, 167), (51,), (1.5,), (51,), (1.5,))
('K.20 Musicalion', 'P1', 1, (168, 169), (51,), (2.5,), (51,), (2.5,))
('K.20 Musicalion', 'P1', 1, (170, 171), (52,), (1.5,), (52,), (1.5,))
('K.20 Musicalion', 'P1', 1, (174, 175), (53,), (1.5,), (53,), (1.5,))
('K.20 Musicalion', 'P1', 4, (70, 71), (25,), (2.5,), (25,), (2.5,))
('K.20 Musicalion', 'P1', 4, (75, 76), (27,), (2.5,), (27,), (2.5,))
('K.20 Musicalion', 'P1', 4, (85, 86), (31,), (2.5,), (31,), (2.5,))
('K.20 Musicalion', 'P1', 4, (90, 91), (33,), (2.5,), (33,), (2.5,))
('K.20 Musicalion', 'P1', 4, (106, 107), (39,), (2.5,), (39,), (2.5,))
('K.20 Musicalion', 'P1', 4, (251, 252), (74,), (2.5,), (74,), (2.5,))
('K.20 Musicalion', 'P1', 4, (259, 260), (76,), (2.5,), (76,), (2.5,))
('K.20 Musicalion', 'P1', 4, (305, 306), (89,), (2.5,), (89,), (2.5,))

36.    (((3, -2),), ((0.0, 0.5),), (0.5,)):
('K.20 Musicalion', 'P1', 1, (27, 28), (14,), (1.5,), (14,), (1.5,))
('K.20 Musicalion', 'P1', 2, (18, 19), (26,), (1.5,), (26,), (1.5,))
('K.20 Musicalion', 'P1', 2, (26, 27), (28,), (1.5,), (28,), (1.5,))
('K.20 Musicalion', 'P1', 2, (34, 35), (30,), (1.5,), (30,), (1.5,))
('K.20 Musicalion', 'P1', 2, (42, 43), (32,), (1.5,), (32,), (1.5,))
('K.20 Musicalion', 'P1', 2, (50, 51), (34,), (1.5,), (34,), (1.5,))
('K.20 Musicalion', 'P1', 4, (190, 191), (54,), (2.5,), (54,), (2.5,))
('K.20 Musicalion', 'P1', 4, (281, 282), (83,), (2.5,), (83,), (2.5,))
('K.20 Musicalion', 'P1', 4, (289, 290), (85,), (2.5,), (85,), (2.5,))
('K.20 Musicalion', 'P1', 4, (297, 298), (87,), (2.5,), (87,), (2.5,))

37.    ((4,), (0.5,), (0.5,)):
('K.20 Musicalion', 'P1', 1, (17, 18), (10,), (2.5,), (10,), (2.5,))
('K.20 Musicalion', 'P1', 1, (23, 24), (12,), (2.5,), (12,), (2.5,))
('K.20 Musicalion', 'P1', 1, (40, 41), (18,), (2.5,), (18,), (2.5,))
('K.20 Musicalion', 'P1', 1, (46, 47), (20,), (2.5,), (20,), (2.5,))
('K.20 Musicalion', 'P1', 1, (164, 165), (50,), (2.5,), (50,), (2.5,))
('K.20 Musicalion', 'P1', 4, (218, 219), (60,), (2.5,), (60,), (2.5,))
('K.20 Musicalion', 'P1', 4, (263, 264), (78,), (1.5,), (78,), (1.5,))

38.    ((1,), (1.0,), (0.0,)):
('K.20 Musicalion', 'P1', 2, (53, 54), (65,), (1.0,), (65,), (1.0,))
('K.20 Musicalion', 'P1', 2, (54, 55), (65,), (2.0,), (65,), (2.0,))
('K.20 Musicalion', 'P1', 2, (56, 57), (67,), (1.0,), (67,), (1.0,))
('K.20 Musicalion', 'P1', 2, (57, 58), (67,), (2.0,), (67,), (2.0,))
('K.20 Musicalion', 'P1', 2, (59, 60), (69,), (1.0,), (69,), (1.0,))
('K.20 Musicalion', 'P1', 2, (60, 61), (69,), (2.0,), (69,), (2.0,))
('K.20 Musicalion', 'P1', 4, (369, 370), (101,), (1.0,), (101,), (1.0,))

39.    ((4,), (0.25,), (0.75,)):
('K.20 Musicalion', 'P1', 1, (150, 151), (46,), (2.75,), (46,), (2.75,))
('K.20 Musicalion', 'P1', 1, (409, 410), (100,), (2.75,), (100,), (2.75,))
('K.20 Musicalion', 'P1', 1, (413, 414), (101,), (1.75,), (101,), (1.75,))
('K.20 Musicalion', 'P1', 4, (142, 143), (44,), (2.75,), (44,), (2.75,))
('K.20 Musicalion', 'P1', 4, (150, 151), (45,), (2.75,), (45,), (2.75,))
('K.20 Musicalion', 'P1', 4, (158, 159), (46,), (2.75,), (46,), (2.75,))

40.    ((-4,), (0.5,), (0.0,)):
('K.20 Musicalion', 'P1', 1, (271, 272), (75,), (1.0,), (75,), (1.0,))
('K.20 Musicalion', 'P1', 1, (275, 276), (76,), (1.0,), (76,), (1.0,))
('K.20 Musicalion', 'P1', 4, (1, 2), (2,), (1.0,), (2,), (1.0,))
('K.20 Musicalion', 'P1', 4, (5, 6), (4,), (1.0,), (4,), (1.0,))
('K.20 Musicalion', 'P1', 4, (9, 10), (6,), (1.0,), (6,), (1.0,))
('K.20 Musicalion', 'P1', 4, (13, 14), (8,), (1.0,), (8,), (1.0,))

41.    ((1,), (0.5,), (0.0,)):
('K.20 Musicalion', 'P1', 2, (41, 42), (32,), (1.0,), (32,), (1.0,))
('K.20 Musicalion', 'P1', 2, (49, 50), (34,), (1.0,), (34,), (1.0,))
('K.20 Musicalion', 'P1', 4, (159, 160), (47,), (1.0,), (47,), (1.0,))
('K.20 Musicalion', 'P1', 4, (181, 182), (52,), (2.0,), (52,), (2.0,))
('K.20 Musicalion', 'P1', 4, (215, 216), (60,), (1.0,), (60,), (1.0,))
('K.20 Musicalion', 'P1', 4, (274, 275), (82,), (1.0,), (82,), (1.0,))

42.    ((1,), (2.0,), (0.0,)):
('K.20 Musicalion', 'P1', 1, (2, 3), (2,), (1.0,), (2,), (1.0,))
('K.20 Musicalion', 'P1', 1, (8, 9), (6,), (1.0,), (6,), (1.0,))
('K.20 Musicalion', 'P1', 2, (55, 56), (66,), (1.0,), (66,), (1.0,))
('K.20 Musicalion', 'P1', 2, (58, 59), (68,), (1.0,), (68,), (1.0,))

43.    ((6,), (0.5,), (0.5,)):
('K.20 Musicalion', 'P1', 1, (80, 81), (35,), (2.5,), (35,), (2.5,))
('K.20 Musicalion', 'P1', 1, (156, 157), (48,), (2.5,), (48,), (2.5,))
('K.20 Musicalion', 'P1', 1, (288, 289), (78,), (2.5,), (78,), (2.5,))

44.    ((3,), (0.25,), (0.0,)):
('K.20 Musicalion', 'P1', 1, (386, 387), (98,), (1.0,), (98,), (1.0,))
('K.20 Musicalion', 'P1', 1, (402, 403), (100,), (1.0,), (100,), (1.0,))
('K.20 Musicalion', 'P1', 1, (410, 411), (101,), (1.0,), (101,), (1.0,))

45.    ((-3,), (0.5,), (0.5,)):
('K.20 Musicalion', 'P1', 1, (162, 163), (50,), (1.5,), (50,), (1.5,))
('K.20 Musicalion', 'P1', 4, (247, 248), (73,), (2.5,), (73,), (2.5,))
('K.20 Musicalion', 'P1', 4, (309, 310), (90,), (2.5,), (90,), (2.5,))

46.    ((-8,), (1.0,), (0.0,)):
('K.20 Musicalion', 'P1', 4, (62, 63), (22,), (1.0,), (22,), (1.0,))
('K.20 Musicalion', 'P1', 4, (223, 224), (62,), (1.0,), (62,), (1.0,))
('K.20 Musicalion', 'P1', 4, (260, 261), (77,), (1.0,), (77,), (1.0,))

47.    ((-2,), (1.5,), (0.0,)):
('K.20 Musicalion', 'P1', 1, (65, 66), (29,), (2.0,), (29,), (2.0,))
('K.20 Musicalion', 'P1', 1, (151, 152), (47,), (1.0,), (47,), (1.0,))

48.    ((4,), (0.25,), (0.25,)):
('K.20 Musicalion', 'P1', 1, (227, 228), (61,), (1.25,), (61,), (1.25,))
('K.20 Musicalion', 'P1', 1, (387, 388), (98,), (1.25,), (98,), (1.25,))

49.    ((6,), (0.25,), (0.75,)):
('K.20 Musicalion', 'P1', 1, (241, 242), (62,), (2.75,), (62,), (2.75,))
('K.20 Musicalion', 'P1', 1, (245, 246), (63,), (1.75,), (63,), (1.75,))

50.    ((1,), (0.25,), (0.75,)):
('K.20 Musicalion', 'P1', 1, (249, 250), (63,), (2.75,), (63,), (2.75,))
('K.20 Musicalion', 'P1', 1, (286, 287), (77,), (2.75,), (77,), (2.75,))

51.    (((3, 3, 2),), ((0.0, 0.0, 1.0),), (0.0,)):
('K.20 Musicalion', 'P1', 1, (254, 255), (67,), (1.0,), (67,), (1.0,))
('K.20 Musicalion', 'P1', 1, (258, 259), (69,), (2.0,), (69,), (2.0,))

52.    ((3,), (2.0,), (0.0,)):
('K.20 Musicalion', 'P1', 1, (262, 263), (72,), (1.0,), (72,), (1.0,))
('K.20 Musicalion', 'P1', 2, (61, 62), (70,), (1.0,), (70,), (1.0,))

53.    ((15,), (0.5,), (0.5,)):
('K.20 Musicalion', 'P1', 4, (16, 17), (8,), (2.5,), (8,), (2.5,))
('K.20 Musicalion', 'P1', 4, (243, 244), (72,), (2.5,), (72,), (2.5,))

54.    ((-8,), (2.0,), (0.0,)):
('K.20 Musicalion', 'P1', 4, (92, 93), (35,), (1.0,), (35,), (1.0,))
('K.20 Musicalion', 'P1', 4, (368, 369), (100,), (1.0,), (100,), (1.0,))

55.    ((8,), (1.0,), (0.0,)):
('K.20 Musicalion', 'P1', 4, (93, 94), (36,), (1.0,), (36,), (1.0,))
('K.20 Musicalion', 'P1', 4, (370, 371), (101,), (2.0,), (101,), (2.0,))

