1.    nomes:
K.531 Musescore

2.    quantidade:
1

3.    analise:
[('intDia', 'p1p2'), ('duracao', 'p1p2'), ('Ntempo', 'p1p2'), ('Ptempo', 'p1p2')] SemContInte Distancia: 0

1.    ((3, 7, -8, 3, 3, -2, -2, -2, 2, 2, -2, -2, -2, 5, -4, -3, -3, -4, -3, 13, -4, -3, -3, 3, 6, 2, -8, 2, 8, -8, 3, 7, -8, 3, 3, -2, -2, -2, 2, 2, -2, 2, -3, 1, -2, 3, -3, 4, -2, -3, 4, -2, -3, 4, -2, -3, 4, -2, -3, 4, -2, -3, 4, -2, -3, 5, -3, -3, 3, -2, 2, 2, -4, 2, -3, 1, 2), (1.0, 1.0, 1.0, 1.0, 1.0, 1.0, 1.0, 1.0, 1.0, 1.0, 1.0, 1.0, 1.0, 1.0, 1.0, 1.0, 1.0, 1.0, 1.0, 7.0, 1.0, 1.0, 1.0, 1.0, 1.0, 1.0, 1.0, 1.0, 1.0, 1.0, 1.0, 1.0, 1.0, 1.0, 1.0, 1.0, 1.0, 1.0, 1.0, 1.0, 1.0, 1.0, 1.0, 1.0, 3.0, 9.0, 1.0, 1.0, 1.0, 1.0, 1.0, 1.0, 1.0, 1.0, 1.0, 1.0, 1.0, 1.0, 1.0, 1.0, 1.0, 1.0, 1.0, 1.0, 1.0, 1.0, 1.0, 1.0, 1.0, 1.0, 1.0, 1.0, 1.0, 1.0, 1.0, 1.0, 3.0), (5, 6, 1, 2, 3, 4, 5, 6, 1, 2, 3, 4, 5, 6, 1, 2, 3, 4, 5, 6, 1, 2, 3, 4, 5, 6, 1, 2, 3, 4, 5, 6, 1, 2, 3, 4, 5, 6, 1, 2, 3, 4, 5, 6, 1, 4, 1, 2, 3, 4, 5, 6, 1, 2, 3, 4, 5, 6, 1, 2, 3, 4, 5, 6, 1, 2, 3, 4, 5, 6, 1, 2, 3, 4, 5, 6, 1), (0.0, 0.0, 0.0, 0.0, 0.0, 0.0, 0.0, 0.0, 0.0, 0.0, 0.0, 0.0, 0.0, 0.0, 0.0, 0.0, 0.0, 0.0, 0.0, 0.0, 0.0, 0.0, 0.0, 0.0, 0.0, 0.0, 0.0, 0.0, 0.0, 0.0, 0.0, 0.0, 0.0, 0.0, 0.0, 0.0, 0.0, 0.0, 0.0, 0.0, 0.0, 0.0, 0.0, 0.0, 0.0, 0.0, 0.0, 0.0, 0.0, 0.0, 0.0, 0.0, 0.0, 0.0, 0.0, 0.0, 0.0, 0.0, 0.0, 0.0, 0.0, 0.0, 0.0, 0.0, 0.0, 0.0, 0.0, 0.0, 0.0, 0.0, 0.0, 0.0, 0.0, 0.0, 0.0, 0.0, 0.0)):
('K.531 Musescore', 'P1', 1, (138, 215), (29,), (5.0,), (45,), (1.0,))
('K.531 Musescore', 'P1', 1, (449, 526), (88,), (5.0,), (104,), (1.0,))

2.    ((-6, -2, 2, -2, 2, 6, -6, -2, 2, -2, 2, 6, -6, -2, 2, -2, 2, 6, 3, -2, -2, -2, -2, -2, -6, -2, 2, -2, 2, 6, -6, -2, 2, -2, 2, 6), (1.0, 1.0, 1.0, 1.0, 1.0, 1.0, 1.0, 1.0, 1.0, 1.0, 1.0, 1.0, 1.0, 1.0, 1.0, 1.0, 1.0, 1.0, 1.0, 1.0, 1.0, 1.0, 1.0, 1.0, 1.0, 1.0, 1.0, 1.0, 1.0, 1.0, 1.0, 1.0, 1.0, 1.0, 1.0, 1.0), (1, 2, 3, 4, 5, 6, 1, 2, 3, 4, 5, 6, 1, 2, 3, 4, 5, 6, 1, 2, 3, 4, 5, 6, 1, 2, 3, 4, 5, 6, 1, 2, 3, 4, 5, 6), (0.0, 0.0, 0.0, 0.0, 0.0, 0.0, 0.0, 0.0, 0.0, 0.0, 0.0, 0.0, 0.0, 0.0, 0.0, 0.0, 0.0, 0.0, 0.0, 0.0, 0.0, 0.0, 0.0, 0.0, 0.0, 0.0, 0.0, 0.0, 0.0, 0.0, 0.0, 0.0, 0.0, 0.0, 0.0, 0.0)):
('K.531 Musescore', 'P1', 1, (74, 110), (18,), (1.0,), (23,), (6.0,))
('K.531 Musescore', 'P1', 1, (307, 343), (63,), (1.0,), (68,), (6.0,))

3.    ((-2, 2, 5, -4, -3, -3, -4, -3, 13, -4, -3, -3, 3, 6, 2, -8, 2), (1.0, 1.0, 1.0, 1.0, 1.0, 1.0, 1.0, 1.0, 7.0, 1.0, 1.0, 1.0, 1.0, 1.0, 1.0, 1.0, 1.0), (4, 5, 6, 1, 2, 3, 4, 5, 6, 1, 2, 3, 4, 5, 6, 1, 2), (0.0, 0.0, 0.0, 0.0, 0.0, 0.0, 0.0, 0.0, 0.0, 0.0, 0.0, 0.0, 0.0, 0.0, 0.0, 0.0, 0.0)):
('K.531 Musescore', 'P1', 1, (119, 136), (25,), (4.0,), (29,), (2.0,))
('K.531 Musescore', 'P1', 1, (430, 447), (84,), (4.0,), (88,), (2.0,))

4.    ((-3, -3, -4, -3, 3, 2, 6, 1, -2, -3, 1, -2, 2, -4, -3, -3), (1.0, 1.0, 1.0, 1.0, 1.0, 1.0, 3.0, 4.0, 1.0, 1.0, 1.0, 1.0, 1.0, 1.0, 1.0, 1.0), (1, 2, 3, 4, 5, 6, 1, 4, 2, 3, 4, 5, 6, 1, 2, 3), (0.0, 0.0, 0.0, 0.0, 0.0, 0.0, 0.0, 0.0, 0.0, 0.0, 0.0, 0.0, 0.0, 0.0, 0.0, 0.0)):
('K.531 Musescore', 'P1', 1, (0, 16), (1,), (1.0,), (4,), (3.0,))
('K.531 Musescore', 'P1', 1, (17, 33), (5,), (1.0,), (8,), (3.0,))

5.    ((-3, 2, 2, 2, -5, 2, -3, 2, 1, -4, 2, -3, -3, 2, 2), (1.0, 1.0, 1.0, 1.0, 1.0, 1.0, 1.0, 1.0, 1.0, 1.0, 1.0, 1.0, 1.0, 1.0, 1.0), (5, 6, 1, 2, 3, 4, 5, 6, 1, 2, 3, 4, 5, 6, 1), (0.0, 0.0, 0.0, 0.0, 0.0, 0.0, 0.0, 0.0, 0.0, 0.0, 0.0, 0.0, 0.0, 0.0, 0.0)):
('K.531 Musescore', 'P1', 1, (250, 265), (52,), (5.0,), (55,), (1.0,))
('K.531 Musescore', 'P1', 1, (561, 576), (111,), (5.0,), (114,), (1.0,))

6.    ((-4, -3, -3, -4, -3, -3, 15, -2, -3, 2, -3), (1.0, 1.0, 1.0, 1.0, 1.0, 1.0, 3.0, 3.0, 3.0, 3.0, 3.0), (1, 2, 3, 4, 5, 6, 1, 4, 1, 4, 1), (0.0, 0.0, 0.0, 0.0, 0.0, 0.0, 0.0, 0.0, 0.0, 0.0, 0.0)):
('K.531 Musescore', 'P1', 3, (140, 151), (86,), (1.0,), (89,), (1.0,))
('K.531 Musescore', 'P1', 3, (155, 166), (92,), (1.0,), (95,), (1.0,))

7.    ((-4, -3, -3, 3, 3, -5, (8, 6), -3, 4), (1.0, 1.0, 1.0, 1.0, 1.0, 1.0, (0.0, 12.0), 3.0, 3.0), (1, 2, 3, 4, 5, 6, 1, 1, 4), (0.0, 0.0, 0.0, 0.0, 0.0, 0.0, 0.0, 0.0, 0.0)):
('K.531 Musescore', 'P1', 3, (55, 64), (27,), (1.0,), (30,), (4.0,))
('K.531 Musescore', 'P1', 3, (67, 76), (33,), (1.0,), (36,), (4.0,))

8.    (((5, 1), (5, 1), (5, 1), (6, -2), (8, -8), (8, 4), 4, 2), ((0.0, 6.0), (0.0, 6.0), (0.0, 3.0), (0.0, 3.0), (0.0, 6.0), (0.0, 6.0), 3.0, 3.0), (1, 1, 1, 4, 1, 1, 1, 4), (0.0, 0.0, 0.0, 0.0, 0.0, 0.0, 0.0, 0.0)):
('K.531 Musescore', 'P1', 3, (86, 94), (47,), (1.0,), (52,), (4.0,))
('K.531 Musescore', 'P1', 3, (177, 185), (106,), (1.0,), (111,), (4.0,))

9.    ((-4, 5, 2, -6, 7, 2, 1), (1.0, 1.0, 1.0, 1.0, 1.0, 1.0, 6.0), (1, 2, 3, 4, 5, 6, 1), (0.0, 0.0, 0.0, 0.0, 0.0, 0.0, 0.0)):
('K.531 Musescore', 'P1', 1, (36, 43), (10,), (1.0,), (11,), (1.0,))
('K.531 Musescore', 'P1', 1, (43, 50), (12,), (1.0,), (13,), (1.0,))

10.    ((1, -4, 5, 2, -6, 7, 2), (6.0, 1.0, 1.0, 1.0, 1.0, 1.0, 1.0), (1, 1, 2, 3, 4, 5, 6), (0.0, 0.0, 0.0, 0.0, 0.0, 0.0, 0.0)):
('K.531 Musescore', 'P1', 1, (42, 49), (11,), (1.0,), (12,), (6.0,))
('K.531 Musescore', 'P1', 3, (33, 40), (12,), (1.0,), (13,), (6.0,))

11.    ((-4, -3, -3, -4, -5, -7, 4), (1.0, 1.0, 1.0, 1.0, 1.0, 1.0, 6.0), (1, 2, 3, 4, 5, 6, 1), (0.0, 0.0, 0.0, 0.0, 0.0, 0.0, 0.0)):
('K.531 Musescore', 'P1', 3, (1, 8), (2,), (1.0,), (3,), (1.0,))
('K.531 Musescore', 'P1', 3, (12, 19), (6,), (1.0,), (7,), (1.0,))

12.    ((8, (5, 1), (5, 1), (5, 1), (6, -2), (8, -8), (8, 2)), (12.0, (0.0, 6.0), (0.0, 6.0), (0.0, 3.0), (0.0, 3.0), (0.0, 6.0), (0.0, 6.0)), (1, 1, 1, 1, 4, 1, 1), (0.0, 0.0, 0.0, 0.0, 0.0, 0.0, 0.0)):
('K.531 Musescore', 'P1', 3, (78, 85), (38,), (1.0,), (44,), (1.0,))
('K.531 Musescore', 'P1', 3, (169, 176), (97,), (1.0,), (103,), (1.0,))

13.    ((-4, -3, -3, -4, -3), (1.0, 1.0, 1.0, 1.0, 1.0), (1, 2, 3, 4, 5), (0.0, 0.0, 0.0, 0.0, 0.0)):
('K.531 Musescore', 'P1', 1, (30, 35), (8,), (1.0,), (8,), (5.0,))
('K.531 Musescore', 'P1', 1, (122, 127), (26,), (1.0,), (26,), (5.0,))
('K.531 Musescore', 'P1', 1, (152, 157), (32,), (1.0,), (32,), (5.0,))
('K.531 Musescore', 'P1', 1, (355, 360), (71,), (1.0,), (71,), (5.0,))
('K.531 Musescore', 'P1', 1, (433, 438), (85,), (1.0,), (85,), (5.0,))
('K.531 Musescore', 'P1', 1, (463, 468), (91,), (1.0,), (91,), (5.0,))
('K.531 Musescore', 'P1', 3, (140, 145), (86,), (1.0,), (86,), (5.0,))
('K.531 Musescore', 'P1', 3, (155, 160), (92,), (1.0,), (92,), (5.0,))

14.    ((-4, -3, -3, 3), (1.0, 1.0, 1.0, 1.0), (1, 2, 3, 4), (0.0, 0.0, 0.0, 0.0)):
('K.531 Musescore', 'P1', 1, (128, 132), (28,), (1.0,), (28,), (4.0,))
('K.531 Musescore', 'P1', 1, (158, 162), (34,), (1.0,), (34,), (4.0,))
('K.531 Musescore', 'P1', 1, (439, 443), (87,), (1.0,), (87,), (4.0,))
('K.531 Musescore', 'P1', 1, (469, 473), (93,), (1.0,), (93,), (4.0,))
('K.531 Musescore', 'P1', 3, (20, 24), (9,), (1.0,), (9,), (4.0,))
('K.531 Musescore', 'P1', 3, (55, 59), (27,), (1.0,), (27,), (4.0,))
('K.531 Musescore', 'P1', 3, (67, 71), (33,), (1.0,), (33,), (4.0,))
('K.531 Musescore', 'P1', 3, (119, 123), (72,), (1.0,), (72,), (4.0,))

15.    ((2, 8, -4, 2), (1.0, 1.0, 1.0, 1.0), (6, 1, 2, 3), (0.0, 0.0, 0.0, 0.0)):
('K.531 Musescore', 'P1', 1, (245, 249), (51,), (6.0,), (52,), (3.0,))
('K.531 Musescore', 'P1', 1, (556, 560), (110,), (6.0,), (111,), (3.0,))

16.    (((8, 1), (8, -2), (8, 1), (8, -2)), ((0.0, 6.0), (0.0, 6.0), (0.0, 6.0), (0.0, 6.0)), (1, 1, 1, 1), (0.0, 0.0, 0.0, 0.0)):
('K.531 Musescore', 'P1', 3, (125, 129), (73,), (1.0,), (76,), (1.0,))
('K.531 Musescore', 'P1', 3, (131, 135), (79,), (1.0,), (82,), (1.0,))

17.    (((3, -2), (4, -2), (5, -3)), ((0.0, 6.0), (0.0, 6.0), (0.0, 6.0)), (1, 1, 1), (0.0, 0.0, 0.0)):
('K.531 Musescore', 'P1', 3, (46, 49), (18,), (1.0,), (20,), (1.0,))
('K.531 Musescore', 'P1', 3, (50, 53), (22,), (1.0,), (24,), (1.0,))

18.    ((-2, (3, 1)), (6.0, (0.0, 6.0)), (1, 1), (0.0, 0.0)):
('K.531 Musescore', 'P1', 3, (102, 104), (58,), (1.0,), (59,), (1.0,))
('K.531 Musescore', 'P1', 3, (115, 117), (68,), (1.0,), (69,), (1.0,))

19.    ((-2, -2), (3.0, 3.0), (1, 4), (0.0, 0.0)):
('K.531 Musescore', 'P1', 3, (108, 110), (63,), (1.0,), (63,), (4.0,))
('K.531 Musescore', 'P1', 3, (110, 112), (64,), (1.0,), (64,), (4.0,))

20.    (((8, 2), (8, -2)), ((0.0, 3.0), (0.0, 3.0)), (1, 4), (0.0, 0.0)):
('K.531 Musescore', 'P1', 3, (135, 137), (83,), (1.0,), (83,), (4.0,))
('K.531 Musescore', 'P1', 3, (137, 139), (84,), (1.0,), (84,), (4.0,))

21.    ((3,), (1.0,), (5,), (0.0,)):
('K.531 Musescore', 'P1', 1, (4, 5), (1,), (5.0,), (1,), (5.0,))
('K.531 Musescore', 'P1', 1, (21, 22), (5,), (5.0,), (5,), (5.0,))
('K.531 Musescore', 'P1', 1, (138, 139), (29,), (5.0,), (29,), (5.0,))
('K.531 Musescore', 'P1', 1, (168, 169), (35,), (5.0,), (35,), (5.0,))
('K.531 Musescore', 'P1', 1, (206, 207), (43,), (5.0,), (43,), (5.0,))
('K.531 Musescore', 'P1', 1, (238, 239), (50,), (5.0,), (50,), (5.0,))
('K.531 Musescore', 'P1', 1, (287, 288), (59,), (5.0,), (59,), (5.0,))
('K.531 Musescore', 'P1', 1, (449, 450), (88,), (5.0,), (88,), (5.0,))
('K.531 Musescore', 'P1', 1, (479, 480), (94,), (5.0,), (94,), (5.0,))
('K.531 Musescore', 'P1', 1, (517, 518), (102,), (5.0,), (102,), (5.0,))
('K.531 Musescore', 'P1', 1, (549, 550), (109,), (5.0,), (109,), (5.0,))
('K.531 Musescore', 'P1', 3, (24, 25), (9,), (5.0,), (9,), (5.0,))
('K.531 Musescore', 'P1', 3, (59, 60), (27,), (5.0,), (27,), (5.0,))
('K.531 Musescore', 'P1', 3, (71, 72), (33,), (5.0,), (33,), (5.0,))
('K.531 Musescore', 'P1', 3, (123, 124), (72,), (5.0,), (72,), (5.0,))

22.    ((-3,), (1.0,), (5,), (0.0,)):
('K.531 Musescore', 'P1', 1, (180, 181), (37,), (5.0,), (37,), (5.0,))
('K.531 Musescore', 'P1', 1, (212, 213), (44,), (5.0,), (44,), (5.0,))
('K.531 Musescore', 'P1', 1, (244, 245), (51,), (5.0,), (51,), (5.0,))
('K.531 Musescore', 'P1', 1, (250, 251), (52,), (5.0,), (52,), (5.0,))
('K.531 Musescore', 'P1', 1, (256, 257), (53,), (5.0,), (53,), (5.0,))
('K.531 Musescore', 'P1', 1, (262, 263), (54,), (5.0,), (54,), (5.0,))
('K.531 Musescore', 'P1', 1, (268, 269), (55,), (5.0,), (55,), (5.0,))
('K.531 Musescore', 'P1', 1, (491, 492), (96,), (5.0,), (96,), (5.0,))
('K.531 Musescore', 'P1', 1, (523, 524), (103,), (5.0,), (103,), (5.0,))
('K.531 Musescore', 'P1', 1, (561, 562), (111,), (5.0,), (111,), (5.0,))
('K.531 Musescore', 'P1', 1, (567, 568), (112,), (5.0,), (112,), (5.0,))
('K.531 Musescore', 'P1', 1, (573, 574), (113,), (5.0,), (113,), (5.0,))
('K.531 Musescore', 'P1', 1, (579, 580), (114,), (5.0,), (114,), (5.0,))
('K.531 Musescore', 'P1', 3, (9, 10), (4,), (5.0,), (4,), (5.0,))

23.    ((-3,), (3.0,), (1,), (0.0,)):
('K.531 Musescore', 'P1', 3, (62, 63), (30,), (1.0,), (30,), (1.0,))
('K.531 Musescore', 'P1', 3, (74, 75), (36,), (1.0,), (36,), (1.0,))
('K.531 Musescore', 'P1', 3, (148, 149), (88,), (1.0,), (88,), (1.0,))
('K.531 Musescore', 'P1', 3, (150, 151), (89,), (1.0,), (89,), (1.0,))
('K.531 Musescore', 'P1', 3, (163, 164), (94,), (1.0,), (94,), (1.0,))
('K.531 Musescore', 'P1', 3, (165, 166), (95,), (1.0,), (95,), (1.0,))
('K.531 Musescore', 'P1', 4, (2, 3), (29,), (1.0,), (29,), (1.0,))
('K.531 Musescore', 'P1', 4, (4, 5), (35,), (1.0,), (35,), (1.0,))

24.    ((1,), (6.0,), (1,), (0.0,)):
('K.531 Musescore', 'P1', 1, (42, 43), (11,), (1.0,), (11,), (1.0,))
('K.531 Musescore', 'P1', 1, (49, 50), (13,), (1.0,), (13,), (1.0,))
('K.531 Musescore', 'P1', 2, (1, 2), (73,), (1.0,), (73,), (1.0,))
('K.531 Musescore', 'P1', 2, (3, 4), (75,), (1.0,), (75,), (1.0,))
('K.531 Musescore', 'P1', 3, (33, 34), (12,), (1.0,), (12,), (1.0,))
('K.531 Musescore', 'P1', 3, (101, 102), (57,), (1.0,), (57,), (1.0,))
('K.531 Musescore', 'P1', 3, (118, 119), (71,), (1.0,), (71,), (1.0,))

25.    ((-2,), (3.0,), (1,), (0.0,)):
('K.531 Musescore', 'P1', 1, (182, 183), (38,), (1.0,), (38,), (1.0,))
('K.531 Musescore', 'P1', 1, (493, 494), (97,), (1.0,), (97,), (1.0,))
('K.531 Musescore', 'P1', 3, (40, 41), (14,), (1.0,), (14,), (1.0,))
('K.531 Musescore', 'P1', 3, (108, 109), (63,), (1.0,), (63,), (1.0,))
('K.531 Musescore', 'P1', 3, (110, 111), (64,), (1.0,), (64,), (1.0,))
('K.531 Musescore', 'P1', 4, (0, 1), (15,), (1.0,), (15,), (1.0,))

26.    ((2,), (3.0,), (1,), (0.0,)):
('K.531 Musescore', 'P1', 1, (214, 215), (45,), (1.0,), (45,), (1.0,))
('K.531 Musescore', 'P1', 1, (525, 526), (104,), (1.0,), (104,), (1.0,))
('K.531 Musescore', 'P1', 3, (76, 77), (37,), (1.0,), (37,), (1.0,))
('K.531 Musescore', 'P1', 3, (167, 168), (96,), (1.0,), (96,), (1.0,))

27.    ((-2,), (1.0,), (1,), (0.0,)):
('K.531 Musescore', 'P1', 1, (283, 284), (59,), (1.0,), (59,), (1.0,))
('K.531 Musescore', 'P1', 1, (289, 290), (60,), (1.0,), (60,), (1.0,))

28.    ((3,), (1.0,), (2,), (0.0,)):
('K.531 Musescore', 'P1', 1, (284, 285), (59,), (2.0,), (59,), (2.0,))
('K.531 Musescore', 'P1', 1, (576, 577), (114,), (2.0,), (114,), (2.0,))

29.    ((-2,), (1.0,), (6,), (0.0,)):
('K.531 Musescore', 'P1', 1, (408, 409), (80,), (6.0,), (80,), (6.0,))
('K.531 Musescore', 'P1', 1, (414, 415), (81,), (6.0,), (81,), (6.0,))

30.    ((5,), (6.0,), (1,), (0.0,)):
('K.531 Musescore', 'P1', 1, (270, 271), (56,), (1.0,), (56,), (1.0,))
('K.531 Musescore', 'P1', 3, (26, 27), (10,), (1.0,), (10,), (1.0,))

31.    ((2,), (3.0,), (4,), (0.0,)):
('K.531 Musescore', 'P1', 3, (41, 42), (14,), (4.0,), (14,), (4.0,))
('K.531 Musescore', 'P1', 3, (168, 169), (96,), (4.0,), (96,), (4.0,))

32.    ((-8,), (3.0,), (1,), (0.0,)):
('K.531 Musescore', 'P1', 3, (44, 45), (17,), (1.0,), (17,), (1.0,))
('K.531 Musescore', 'P1', 3, (94, 95), (53,), (1.0,), (53,), (1.0,))

33.    ((8,), (6.0,), (1,), (0.0,)):
('K.531 Musescore', 'P1', 3, (66, 67), (32,), (1.0,), (32,), (1.0,))
('K.531 Musescore', 'P1', 3, (154, 155), (91,), (1.0,), (91,), (1.0,))

34.    ((4,), (3.0,), (4,), (0.0,)):
('K.531 Musescore', 'P1', 3, (95, 96), (53,), (4.0,), (53,), (4.0,))
('K.531 Musescore', 'P1', 3, (151, 152), (89,), (4.0,), (89,), (4.0,))

35.    (((3, -3),), ((0.0, 6.0),), (1,), (0.0,)):
('K.531 Musescore', 'P1', 3, (106, 107), (61,), (1.0,), (61,), (1.0,))
('K.531 Musescore', 'P1', 3, (112, 113), (65,), (1.0,), (65,), (1.0,))

