1.    nomes:
K.58 Musescore

2.    quantidade:
1

3.    analise:
[('intDia', 'p1p2'), ('duracao', 'p1p2'), ('Ntempo', 'p1'), ('Ptempo', 'p1')] SemContInte Distancia: 0

1.    ((1, -2, -2, 2, 2, 2, -2, -2, -2, 2, 2, -2, -2, -2, 2, 2), (1.0, 1.5, 0.25, 0.25, 0.5, 0.5, 0.5, 0.25, 0.25, 0.5, 0.5, 0.5, 0.25, 0.25, 0.5, 0.5), (4,), (0.0,)):
('K.58 Musescore', 'P1', 1, (186, 202), (37,), (4.0,), (39,), (3.5,))
('K.58 Musescore', 'P1', 2, (271, 287), (42,), (4.0,), (44,), (3.5,))

2.    ((2, 2, 2, 2, -2, -2, -2, 2, 2, -2, -2, -2, 2, 2, 1), (0.5, 0.5, 0.5, 0.5, 0.5, 0.25, 0.25, 0.5, 0.5, 0.5, 0.25, 0.25, 0.5, 0.5, 1.0), (1,), (0.0,)):
('K.58 Musescore', 'P1', 2, (8, 23), (4,), (1.0,), (5,), (3.0,))
('K.58 Musescore', 'P1', 5, (42, 57), (21,), (1.0,), (23,), (3.0,))

3.    ((2, 2, -2, -2, -2, 2, 2, -2, -2, -2, 2, 2), (0.5, 0.5, 0.5, 0.25, 0.25, 0.5, 0.5, 0.5, 0.25, 0.25, 0.5, 0.5), (2,), (0.0,)):
('K.58 Musescore', 'P1', 1, (36, 48), (10,), (2.0,), (11,), (2.5,))
('K.58 Musescore', 'P1', 2, (10, 22), (4,), (2.0,), (5,), (2.5,))
('K.58 Musescore', 'P1', 5, (44, 56), (21,), (2.0,), (22,), (2.5,))

4.    ((2, 2, 2, -2, -2, -2, 2, 2, -2, -2, -2, 2), (0.5, 0.5, 0.5, 0.5, 0.25, 0.25, 0.5, 0.5, 0.5, 0.25, 0.25, 0.5), (1,), (0.5,)):
('K.58 Musescore', 'P1', 2, (9, 21), (4,), (1.5,), (5,), (2.0,))
('K.58 Musescore', 'P1', 4, (36, 48), (15,), (1.5,), (16,), (2.0,))
('K.58 Musescore', 'P1', 5, (43, 55), (21,), (1.5,), (22,), (2.0,))

5.    ((2, 2, -2, -2, -2, 2, 2, -2, -2, -2, 2), (0.5, 0.5, 0.5, 0.25, 0.25, 0.5, 0.5, 0.5, 0.25, 0.25, 0.5), (2,), (0.0,)):
('K.58 Musescore', 'P1', 1, (36, 47), (10,), (2.0,), (11,), (2.0,))
('K.58 Musescore', 'P1', 2, (10, 21), (4,), (2.0,), (5,), (2.0,))
('K.58 Musescore', 'P1', 4, (37, 48), (15,), (2.0,), (16,), (2.0,))
('K.58 Musescore', 'P1', 5, (44, 55), (21,), (2.0,), (22,), (2.0,))

6.    ((-5, 2, 2, -2, -2, -2, 2, 2, -2, -2, -2), (1.0, 0.5, 0.25, 0.25, 0.5, 0.5, 0.5, 0.5, 0.5, 0.25, 0.25), (4,), (0.0,)):
('K.58 Musescore', 'P1', 2, (40, 51), (8,), (4.0,), (9,), (4.75,))
('K.58 Musescore', 'P1', 2, (107, 118), (19,), (4.0,), (20,), (4.75,))

7.    ((-2, 1, -2, 1, -2, 4, -2, 2), (2.0, 1.0, 1.0, 1.0, 1.0, 1.0, 2.0, 1.0), (1,), (0.0,)):
('K.58 Musescore', 'P1', 1, (0, 8), (1,), (1.0,), (3,), (2.0,))
('K.58 Musescore', 'P1', 1, (9, 17), (4,), (1.0,), (6,), (2.0,))
('K.58 Musescore', 'P1', 4, (1, 9), (7,), (1.0,), (9,), (2.0,))

8.    ((2, -5, 4, -5, 2, 2, 2, 2), (1.0, 1.0, 1.0, 1.0, 1.0, 0.5, 0.25, 0.25), (2,), (0.0,)):
('K.58 Musescore', 'P1', 2, (32, 40), (7,), (2.0,), (8,), (3.75,))
('K.58 Musescore', 'P1', 2, (52, 60), (10,), (2.0,), (11,), (3.75,))

9.    ((2, 2, 2, -5, 2, 2, 2), (0.5, 0.5, 0.5, 0.5, 0.5, 0.5, 0.5), (1,), (0.0,)):
('K.58 Musescore', 'P1', 2, (78, 85), (14,), (1.0,), (15,), (4.0,))
('K.58 Musescore', 'P1', 2, (126, 133), (21,), (1.0,), (22,), (4.0,))

10.    ((2, 2, 2, -5, 2, 2, 2), (0.5, 0.5, 0.5, 0.5, 0.5, 0.5, 0.5), (3,), (0.0,)):
('K.58 Musescore', 'P1', 2, (90, 97), (16,), (3.0,), (16,), (2.0,))
('K.58 Musescore', 'P1', 2, (139, 146), (23,), (3.0,), (23,), (2.0,))

11.    ((None, 2, 2, -5, 2, 2, 2), (7.0, 1.0, 1.0, 1.0, 0.5, 0.5, 0.5), (1,), (0.0,)):
('K.58 Musescore', 'P1', 2, (0, 7), (1,), (1.0,), (3,), (4.0,))
('K.58 Musescore', 'P1', 5, (0, 7), (7,), (1.0,), (9,), (4.0,))

12.    ((2, 2, -5, 1, 2, 2, 2), (1.0, 1.0, 1.0, 0.5, 0.5, 0.5, 0.5), (4,), (0.0,)):
('K.58 Musescore', 'P1', 2, (23, 30), (5,), (4.0,), (6,), (4.5,))
('K.58 Musescore', 'P1', 5, (8, 15), (11,), (4.0,), (12,), (4.5,))

13.    ((2, 2, 2, -7, 2, 2, 2), (0.5, 0.5, 0.5, 0.5, 0.5, 0.5, 0.5), (1,), (0.0,)):
('K.58 Musescore', 'P1', 2, (143, 150), (23,), (1.0,), (24,), (4.0,))
('K.58 Musescore', 'P1', 5, (64, 71), (24,), (1.0,), (25,), (4.0,))

14.    ((-2, -2, 2, 2, -2, -2, -2), (0.5, 0.5, 0.5, 0.25, 0.25, 0.5, 0.5), (3,), (0.0,)):
('K.58 Musescore', 'P1', 2, (240, 247), (37,), (3.0,), (37,), (1.5,))
('K.58 Musescore', 'P1', 5, (109, 116), (40,), (3.0,), (40,), (1.5,))

15.    ((2, 2, -5, 2, 4, 2, -5), (1.0, 1.5, 0.5, 1.5, 0.5, 1.5, 0.5), (3,), (0.0,)):
('K.58 Musescore', 'P1', 4, (126, 133), (41,), (3.0,), (42,), (1.5,))
('K.58 Musescore', 'P1', 5, (118, 125), (41,), (3.0,), (42,), (1.5,))

16.    ((2, 2, -2, -2, -2, 2), (0.5, 0.5, 0.5, 0.25, 0.25, 0.5), (3,), (0.0,)):
('K.58 Musescore', 'P1', 1, (190, 196), (38,), (3.0,), (38,), (1.0,))
('K.58 Musescore', 'P1', 2, (207, 213), (32,), (3.0,), (32,), (1.0,))
('K.58 Musescore', 'P1', 2, (275, 281), (43,), (3.0,), (43,), (1.0,))
('K.58 Musescore', 'P1', 5, (100, 106), (37,), (3.0,), (37,), (1.0,))

17.    ((2, 2, -2, -2, -2, 2), (0.5, 0.5, 0.5, 0.25, 0.25, 0.5), (1,), (0.0,)):
('K.58 Musescore', 'P1', 1, (163, 169), (33,), (1.0,), (34,), (3.0,))
('K.58 Musescore', 'P1', 2, (134, 140), (22,), (1.0,), (23,), (3.0,))
('K.58 Musescore', 'P1', 5, (32, 38), (20,), (1.0,), (21,), (3.0,))

18.    ((2, 2, 2, -5, 2, 2), (0.5, 0.25, 0.25, 1.0, 0.5, 0.25), (3,), (0.0,)):
('K.58 Musescore', 'P1', 1, (77, 83), (18,), (3.0,), (18,), (1.5,))
('K.58 Musescore', 'P1', 2, (37, 43), (8,), (3.0,), (9,), (1.5,))

19.    ((-2, 1, -2, 1, -2, 1), (0.5, 0.5, 0.5, 0.5, 0.5, 0.5), (3,), (0.5,)):
('K.58 Musescore', 'P1', 1, (293, 299), (54,), (3.5,), (55,), (2.0,))
('K.58 Musescore', 'P1', 2, (358, 364), (54,), (3.5,), (55,), (2.0,))

20.    ((1, -2, 1, -2, 1, -2), (0.5, 0.5, 0.5, 0.5, 0.5, 0.5), (3,), (0.0,)):
('K.58 Musescore', 'P1', 1, (292, 298), (54,), (3.0,), (55,), (1.5,))
('K.58 Musescore', 'P1', 4, (186, 192), (53,), (3.0,), (54,), (1.5,))

21.    ((-2, 1, -2, 1, -2), (0.5, 0.5, 0.5, 0.5, 0.5), (3,), (0.5,)):
('K.58 Musescore', 'P1', 1, (293, 298), (54,), (3.5,), (55,), (1.5,))
('K.58 Musescore', 'P1', 2, (358, 363), (54,), (3.5,), (55,), (1.5,))
('K.58 Musescore', 'P1', 4, (187, 192), (53,), (3.5,), (54,), (1.5,))

22.    ((2, 2, 2, 2, -2), (0.5, 0.5, 0.5, 0.5, 0.5), (3,), (0.0,)):
('K.58 Musescore', 'P1', 2, (82, 87), (15,), (3.0,), (15,), (1.0,))
('K.58 Musescore', 'P1', 2, (147, 152), (24,), (3.0,), (24,), (1.0,))
('K.58 Musescore', 'P1', 4, (61, 66), (23,), (3.0,), (23,), (1.0,))

23.    ((2, -2, -2, 2, 2), (0.25, 1.5, 0.25, 0.25, 1.0), (1,), (0.75,)):
('K.58 Musescore', 'P1', 1, (133, 138), (28,), (1.75,), (28,), (4.0,))
('K.58 Musescore', 'P1', 1, (307, 312), (56,), (1.75,), (56,), (4.0,))

24.    ((-2, -2, 2, 2, 2), (1.5, 0.25, 0.25, 0.5, 0.5), (2,), (0.0,)):
('K.58 Musescore', 'P1', 1, (140, 145), (29,), (2.0,), (29,), (4.5,))
('K.58 Musescore', 'P1', 1, (146, 151), (30,), (2.0,), (30,), (4.5,))

25.    ((-2, 1, -2, 1, -2), (1.0, 1.0, 1.0, 1.0, 1.0), (3,), (0.0,)):
('K.58 Musescore', 'P1', 1, (156, 161), (32,), (3.0,), (33,), (3.0,))
('K.58 Musescore', 'P1', 1, (224, 229), (43,), (3.0,), (44,), (3.0,))

26.    ((-2, -2, 2, 2, 2), (1.5, 0.25, 0.25, 0.5, 0.5), (3,), (0.0,)):
('K.58 Musescore', 'P1', 1, (211, 216), (41,), (3.0,), (41,), (1.5,))
('K.58 Musescore', 'P1', 1, (217, 222), (42,), (3.0,), (42,), (1.5,))

27.    ((2, 2, -2, -2, 2), (0.5, 0.5, 1.5, 0.25, 0.25), (1,), (0.0,)):
('K.58 Musescore', 'P1', 1, (138, 143), (29,), (1.0,), (29,), (3.75,))
('K.58 Musescore', 'P1', 2, (373, 378), (57,), (1.0,), (57,), (3.75,))

28.    ((1, -2, 1, 2, 2), (1.0, 1.0, 1.0, 1.0, 0.5), (2,), (0.0,)):
('K.58 Musescore', 'P1', 1, (205, 210), (40,), (2.0,), (41,), (2.0,))
('K.58 Musescore', 'P1', 2, (220, 225), (34,), (2.0,), (35,), (2.0,))

29.    ((2, 2, 2, 2, 2), (0.5, 0.5, 0.5, 0.5, 1.0), (1,), (0.0,)):
('K.58 Musescore', 'P1', 1, (126, 131), (27,), (1.0,), (27,), (3.0,))
('K.58 Musescore', 'P1', 5, (72, 77), (27,), (1.0,), (27,), (3.0,))

30.    ((-2, -2, 2, 2, 2), (0.25, 0.25, 0.5, 0.5, 0.5), (3,), (0.5,)):
('K.58 Musescore', 'P1', 2, (122, 127), (21,), (3.5,), (21,), (1.0,))
('K.58 Musescore', 'P1', 5, (158, 163), (48,), (3.5,), (48,), (1.0,))

31.    ((2, 2, 2, 2, -2), (0.5, 0.5, 0.5, 0.5, 0.5), (2,), (0.0,)):
('K.58 Musescore', 'P1', 2, (307, 312), (48,), (2.0,), (48,), (4.0,))
('K.58 Musescore', 'P1', 5, (98, 103), (37,), (2.0,), (37,), (4.0,))

32.    ((1, -2, 2, 2, 2), (1.0, 1.0, 0.5, 0.5, 0.5), (1,), (0.0,)):
('K.58 Musescore', 'P1', 4, (59, 64), (22,), (1.0,), (23,), (4.0,))
('K.58 Musescore', 'P1', 5, (58, 63), (23,), (1.0,), (24,), (4.0,))

33.    ((1, -2, 1, -2), (1.0, 1.0, 1.0, 1.0), (3,), (0.0,)):
('K.58 Musescore', 'P1', 1, (1, 5), (1,), (3.0,), (2,), (2.0,))
('K.58 Musescore', 'P1', 1, (10, 14), (4,), (3.0,), (5,), (2.0,))
('K.58 Musescore', 'P1', 1, (68, 72), (16,), (3.0,), (16,), (2.0,))
('K.58 Musescore', 'P1', 1, (104, 108), (23,), (3.0,), (23,), (2.0,))
('K.58 Musescore', 'P1', 4, (2, 6), (7,), (3.0,), (8,), (2.0,))
('K.58 Musescore', 'P1', 4, (50, 54), (18,), (3.0,), (18,), (2.0,))
('K.58 Musescore', 'P1', 5, (56, 60), (23,), (3.0,), (23,), (2.0,))

34.    ((-2, -2, 2, 2), (1.5, 0.25, 0.25, 1.0), (3,), (0.0,)):
('K.58 Musescore', 'P1', 1, (180, 184), (36,), (3.0,), (36,), (1.0,))
('K.58 Musescore', 'P1', 2, (259, 263), (40,), (3.0,), (40,), (1.0,))
('K.58 Musescore', 'P1', 4, (135, 139), (45,), (3.0,), (45,), (1.0,))

35.    ((-2, 1, -2, 1), (0.5, 0.5, 0.5, 0.5), (2,), (0.5,)):
('K.58 Musescore', 'P1', 1, (252, 256), (49,), (2.5,), (49,), (4.0,))
('K.58 Musescore', 'P1', 1, (291, 295), (54,), (2.5,), (54,), (4.0,))

36.    ((-2, -2, 2, -2), (0.25, 0.25, 0.5, 1.0), (2,), (0.5,)):
('K.58 Musescore', 'P1', 1, (269, 273), (51,), (2.5,), (51,), (3.5,))
('K.58 Musescore', 'P1', 1, (278, 282), (52,), (2.5,), (52,), (3.5,))

37.    ((-2, 2, 2, 2), (1.0, 0.5, 0.5, 0.5), (4,), (0.0,)):
('K.58 Musescore', 'P1', 1, (90, 94), (20,), (4.0,), (20,), (2.0,))
('K.58 Musescore', 'P1', 2, (63, 67), (12,), (4.0,), (13,), (2.0,))

38.    ((1, -2, -2, -2), (0.5, 1.0, 0.25, 0.25), (4,), (0.0,)):
('K.58 Musescore', 'P1', 1, (255, 259), (49,), (4.0,), (49,), (1.75,))
('K.58 Musescore', 'P1', 2, (318, 322), (49,), (4.0,), (49,), (1.75,))

39.    ((1, -2, 1, -2), (1.0, 1.0, 1.0, 1.0), (2,), (0.0,)):
('K.58 Musescore', 'P1', 1, (155, 159), (32,), (2.0,), (32,), (1.0,))
('K.58 Musescore', 'P1', 4, (105, 109), (34,), (2.0,), (34,), (1.0,))

40.    ((1, -2, 1, -2), (1.0, 1.0, 1.0, 1.0), (4,), (0.0,)):
('K.58 Musescore', 'P1', 1, (225, 229), (43,), (4.0,), (44,), (3.0,))
('K.58 Musescore', 'P1', 4, (117, 121), (38,), (4.0,), (39,), (3.0,))

41.    ((1, 2, 2, 2), (1.5, 0.5, 0.5, 0.5), (3,), (0.0,)):
('K.58 Musescore', 'P1', 2, (179, 183), (28,), (3.0,), (29,), (1.5,))
('K.58 Musescore', 'P1', 2, (371, 375), (56,), (3.0,), (57,), (1.5,))

42.    ((4, 2, 2, 2), (0.5, 0.5, 0.5, 0.5), (4,), (0.5,)):
('K.58 Musescore', 'P1', 2, (77, 81), (14,), (4.5,), (14,), (2.0,))
('K.58 Musescore', 'P1', 4, (25, 29), (14,), (4.5,), (14,), (2.0,))

43.    ((2, 1, -4, 4), (1.5, 0.5, 1.5, 0.5), (1,), (0.0,)):
('K.58 Musescore', 'P1', 4, (95, 99), (29,), (1.0,), (29,), (4.5,))
('K.58 Musescore', 'P1', 4, (99, 103), (30,), (1.0,), (30,), (4.5,))

44.    ((-2, 4, -2, -2), (0.5, 0.5, 0.25, 0.25), (3,), (0.5,)):
('K.58 Musescore', 'P1', 4, (170, 174), (51,), (3.5,), (51,), (4.75,))
('K.58 Musescore', 'P1', 4, (178, 182), (52,), (3.5,), (52,), (4.75,))

45.    ((-2, -2, -2), (0.5, 0.25, 0.25), (2,), (0.0,)):
('K.58 Musescore', 'P1', 1, (165, 168), (34,), (2.0,), (34,), (2.75,))
('K.58 Musescore', 'P1', 1, (197, 200), (39,), (2.0,), (39,), (2.75,))
('K.58 Musescore', 'P1', 2, (136, 139), (22,), (2.0,), (22,), (2.75,))
('K.58 Musescore', 'P1', 2, (204, 207), (32,), (2.0,), (32,), (2.75,))
('K.58 Musescore', 'P1', 2, (214, 217), (33,), (2.0,), (33,), (2.75,))
('K.58 Musescore', 'P1', 2, (282, 285), (44,), (2.0,), (44,), (2.75,))
('K.58 Musescore', 'P1', 4, (140, 143), (47,), (2.0,), (47,), (2.75,))
('K.58 Musescore', 'P1', 5, (34, 37), (20,), (2.0,), (20,), (2.75,))
('K.58 Musescore', 'P1', 5, (179, 182), (53,), (2.0,), (53,), (2.75,))

46.    ((-2, -2, -2), (0.5, 0.25, 0.25), (4,), (0.0,)):
('K.58 Musescore', 'P1', 1, (170, 173), (34,), (4.0,), (34,), (4.75,))
('K.58 Musescore', 'P1', 1, (192, 195), (38,), (4.0,), (38,), (4.75,))
('K.58 Musescore', 'P1', 2, (48, 51), (9,), (4.0,), (9,), (4.75,))
('K.58 Musescore', 'P1', 2, (115, 118), (20,), (4.0,), (20,), (4.75,))
('K.58 Musescore', 'P1', 2, (156, 159), (25,), (4.0,), (25,), (4.75,))
('K.58 Musescore', 'P1', 2, (209, 212), (32,), (4.0,), (32,), (4.75,))
('K.58 Musescore', 'P1', 2, (277, 280), (43,), (4.0,), (43,), (4.75,))
('K.58 Musescore', 'P1', 4, (145, 148), (47,), (4.0,), (47,), (4.75,))
('K.58 Musescore', 'P1', 5, (102, 105), (37,), (4.0,), (37,), (4.75,))

47.    ((1, -2, 1), (1.0, 1.0, 1.0), (2,), (0.0,)):
('K.58 Musescore', 'P1', 1, (155, 158), (32,), (2.0,), (32,), (4.0,))
('K.58 Musescore', 'P1', 1, (184, 187), (37,), (2.0,), (37,), (4.0,))
('K.58 Musescore', 'P1', 1, (205, 208), (40,), (2.0,), (40,), (4.0,))
('K.58 Musescore', 'P1', 2, (220, 223), (34,), (2.0,), (34,), (4.0,))
('K.58 Musescore', 'P1', 4, (105, 108), (34,), (2.0,), (34,), (4.0,))

48.    ((1, 1, 1), (1.0, 1.0, 1.0), (2,), (0.0,)):
('K.58 Musescore', 'P1', 2, (247, 250), (38,), (2.0,), (38,), (4.0,))
('K.58 Musescore', 'P1', 5, (164, 167), (49,), (2.0,), (49,), (4.0,))
('K.58 Musescore', 'P1', 5, (185, 188), (54,), (2.0,), (54,), (4.0,))
('K.58 Musescore', 'P1', 5, (189, 192), (55,), (2.0,), (55,), (4.0,))

49.    ((-2, -2, 2), (1.5, 0.25, 0.25), (4,), (0.0,)):
('K.58 Musescore', 'P1', 1, (131, 134), (27,), (4.0,), (28,), (1.75,))
('K.58 Musescore', 'P1', 2, (187, 190), (29,), (4.0,), (30,), (1.75,))
('K.58 Musescore', 'P1', 2, (194, 197), (30,), (4.0,), (31,), (1.75,))

50.    ((2, 2, 2), (0.5, 0.25, 0.25), (1,), (0.0,)):
('K.58 Musescore', 'P1', 1, (305, 308), (56,), (1.0,), (56,), (1.75,))
('K.58 Musescore', 'P1', 1, (317, 320), (58,), (1.0,), (58,), (1.75,))
('K.58 Musescore', 'P1', 2, (345, 348), (53,), (1.0,), (53,), (1.75,))

51.    ((1, 2, 2), (0.5, 0.5, 0.5), (3,), (0.0,)):
('K.58 Musescore', 'P1', 1, (55, 58), (12,), (3.0,), (12,), (4.0,))
('K.58 Musescore', 'P1', 2, (26, 29), (6,), (3.0,), (6,), (4.0,))
('K.58 Musescore', 'P1', 5, (11, 14), (12,), (3.0,), (12,), (4.0,))

52.    ((-2, 2, 2), (1.0, 0.5, 0.5), (2,), (0.0,)):
('K.58 Musescore', 'P1', 2, (153, 156), (24,), (2.0,), (25,), (3.5,))
('K.58 Musescore', 'P1', 4, (60, 63), (22,), (2.0,), (23,), (3.5,))
('K.58 Musescore', 'P1', 5, (59, 62), (23,), (2.0,), (24,), (3.5,))

53.    ((-2, -2, -2), (0.25, 0.5, 0.5), (4,), (0.75,)):
('K.58 Musescore', 'P1', 2, (244, 247), (37,), (4.75,), (37,), (1.5,))
('K.58 Musescore', 'P1', 4, (181, 184), (52,), (4.75,), (53,), (1.5,))
('K.58 Musescore', 'P1', 5, (113, 116), (40,), (4.75,), (40,), (1.5,))

54.    ((2, -2, -2), (1.5, 0.25, 0.25), (3,), (0.0,)):
('K.58 Musescore', 'P1', 1, (48, 51), (11,), (3.0,), (11,), (4.75,))
('K.58 Musescore', 'P1', 1, (314, 317), (57,), (3.0,), (57,), (4.75,))

55.    ((2, 2, -2), (0.5, 0.5, 1.0), (2,), (0.0,)):
('K.58 Musescore', 'P1', 1, (239, 242), (47,), (2.0,), (47,), (3.0,))
('K.58 Musescore', 'P1', 1, (245, 248), (48,), (2.0,), (48,), (3.0,))

56.    ((-2, -2, 4), (0.25, 0.25, 0.5), (1,), (0.5,)):
('K.58 Musescore', 'P1', 1, (249, 252), (48,), (1.5,), (49,), (2.0,))
('K.58 Musescore', 'P1', 1, (275, 278), (52,), (1.5,), (52,), (2.0,))

57.    ((2, 2, 2), (0.5, 0.25, 0.25), (4,), (0.0,)):
('K.58 Musescore', 'P1', 1, (229, 232), (44,), (4.0,), (44,), (4.75,))
('K.58 Musescore', 'P1', 2, (253, 256), (39,), (4.0,), (39,), (4.75,))

58.    ((-2, 2, 2), (1.0, 0.5, 0.5), (1,), (0.0,)):
('K.58 Musescore', 'P1', 1, (238, 241), (46,), (1.0,), (47,), (2.5,))
('K.58 Musescore', 'P1', 2, (306, 309), (47,), (1.0,), (48,), (2.5,))

59.    ((2, 2, -5), (0.5, 0.5, 0.5), (3,), (0.5,)):
('K.58 Musescore', 'P1', 1, (285, 288), (53,), (3.5,), (53,), (4.5,))
('K.58 Musescore', 'P1', 2, (91, 94), (16,), (3.5,), (16,), (4.5,))

60.    ((2, -2, -2), (1.0, 1.5, 0.5), (4,), (0.0,)):
('K.58 Musescore', 'P1', 1, (311, 314), (56,), (4.0,), (57,), (2.5,))
('K.58 Musescore', 'P1', 4, (88, 91), (27,), (4.0,), (28,), (2.5,))

61.    ((-2, -2, -2), (0.5, 0.5, 0.5), (1,), (0.5,)):
('K.58 Musescore', 'P1', 1, (52, 55), (12,), (1.5,), (12,), (2.5,))
('K.58 Musescore', 'P1', 5, (115, 118), (40,), (1.5,), (41,), (2.5,))

62.    ((-2, -2, 1), (0.25, 0.25, 0.5), (1,), (0.5,)):
('K.58 Musescore', 'P1', 2, (320, 323), (49,), (1.5,), (50,), (2.0,))
('K.58 Musescore', 'P1', 2, (331, 334), (51,), (1.5,), (51,), (2.0,))

63.    ((-2, 2, -2), (2.0, 1.0, 1.0), (4,), (0.0,)):
('K.58 Musescore', 'P1', 2, (60, 63), (11,), (4.0,), (12,), (3.0,))
('K.58 Musescore', 'P1', 4, (17, 20), (11,), (4.0,), (12,), (3.0,))

64.    ((-2, -2, 2), (0.5, 0.25, 0.25), (3,), (0.0,)):
('K.58 Musescore', 'P1', 2, (165, 168), (26,), (3.0,), (26,), (3.75,))
('K.58 Musescore', 'P1', 4, (112, 115), (36,), (3.0,), (36,), (3.75,))

65.    ((-2, -2, 2), (0.5, 0.5, 0.5), (1,), (0.0,)):
('K.58 Musescore', 'P1', 4, (182, 185), (53,), (1.0,), (53,), (2.0,))
('K.58 Musescore', 'P1', 5, (142, 145), (45,), (1.0,), (46,), (2.0,))

66.    ((4, 2, -5), (0.5, 1.5, 0.5), (2,), (0.5,)):
('K.58 Musescore', 'P1', 5, (83, 86), (29,), (2.5,), (29,), (4.5,))
('K.58 Musescore', 'P1', 5, (87, 90), (30,), (2.5,), (30,), (4.5,))

67.    ((-2, -2, -2), (0.5, 0.5, 0.5), (1,), (0.0,)):
('K.58 Musescore', 'P1', 5, (114, 117), (40,), (1.0,), (41,), (2.0,))
('K.58 Musescore', 'P1', 5, (177, 180), (53,), (1.0,), (53,), (2.0,))

68.    ((2, 2), (0.5, 0.5), (3,), (0.0,)):
('K.58 Musescore', 'P1', 1, (168, 170), (34,), (3.0,), (34,), (3.5,))
('K.58 Musescore', 'P1', 1, (190, 192), (38,), (3.0,), (38,), (3.5,))
('K.58 Musescore', 'P1', 1, (200, 202), (39,), (3.0,), (39,), (3.5,))
('K.58 Musescore', 'P1', 2, (4, 6), (3,), (3.0,), (3,), (3.5,))
('K.58 Musescore', 'P1', 2, (46, 48), (9,), (3.0,), (9,), (3.5,))
('K.58 Musescore', 'P1', 2, (82, 84), (15,), (3.0,), (15,), (3.5,))
('K.58 Musescore', 'P1', 2, (90, 92), (16,), (3.0,), (16,), (3.5,))
('K.58 Musescore', 'P1', 2, (113, 115), (20,), (3.0,), (20,), (3.5,))
('K.58 Musescore', 'P1', 2, (130, 132), (22,), (3.0,), (22,), (3.5,))
('K.58 Musescore', 'P1', 2, (139, 141), (23,), (3.0,), (23,), (3.5,))
('K.58 Musescore', 'P1', 2, (147, 149), (24,), (3.0,), (24,), (3.5,))
('K.58 Musescore', 'P1', 2, (154, 156), (25,), (3.0,), (25,), (3.5,))
('K.58 Musescore', 'P1', 2, (207, 209), (32,), (3.0,), (32,), (3.5,))
('K.58 Musescore', 'P1', 2, (217, 219), (33,), (3.0,), (33,), (3.5,))
('K.58 Musescore', 'P1', 2, (269, 271), (42,), (3.0,), (42,), (3.5,))
('K.58 Musescore', 'P1', 2, (275, 277), (43,), (3.0,), (43,), (3.5,))
('K.58 Musescore', 'P1', 2, (285, 287), (44,), (3.0,), (44,), (3.5,))
('K.58 Musescore', 'P1', 2, (309, 311), (48,), (3.0,), (48,), (3.5,))
('K.58 Musescore', 'P1', 2, (316, 318), (49,), (3.0,), (49,), (3.5,))
('K.58 Musescore', 'P1', 2, (335, 337), (51,), (3.0,), (51,), (3.5,))
('K.58 Musescore', 'P1', 2, (341, 343), (52,), (3.0,), (52,), (3.5,))
('K.58 Musescore', 'P1', 4, (61, 63), (23,), (3.0,), (23,), (3.5,))
('K.58 Musescore', 'P1', 4, (86, 88), (27,), (3.0,), (27,), (3.5,))
('K.58 Musescore', 'P1', 5, (4, 6), (9,), (3.0,), (9,), (3.5,))
('K.58 Musescore', 'P1', 5, (28, 30), (20,), (3.0,), (20,), (3.5,))
('K.58 Musescore', 'P1', 5, (60, 62), (24,), (3.0,), (24,), (3.5,))
('K.58 Musescore', 'P1', 5, (68, 70), (25,), (3.0,), (25,), (3.5,))
('K.58 Musescore', 'P1', 5, (100, 102), (37,), (3.0,), (37,), (3.5,))
('K.58 Musescore', 'P1', 5, (133, 135), (44,), (3.0,), (44,), (3.5,))

69.    ((-2, -2), (0.5, 0.25), (2,), (0.0,)):
('K.58 Musescore', 'P1', 1, (74, 76), (17,), (2.0,), (17,), (2.5,))
('K.58 Musescore', 'P1', 1, (117, 119), (25,), (2.0,), (25,), (2.5,))
('K.58 Musescore', 'P1', 1, (165, 167), (34,), (2.0,), (34,), (2.5,))
('K.58 Musescore', 'P1', 1, (197, 199), (39,), (2.0,), (39,), (2.5,))
('K.58 Musescore', 'P1', 2, (136, 138), (22,), (2.0,), (22,), (2.5,))
('K.58 Musescore', 'P1', 2, (204, 206), (32,), (2.0,), (32,), (2.5,))
('K.58 Musescore', 'P1', 2, (214, 216), (33,), (2.0,), (33,), (2.5,))
('K.58 Musescore', 'P1', 2, (282, 284), (44,), (2.0,), (44,), (2.5,))
('K.58 Musescore', 'P1', 3, (2, 4), (53,), (2.0,), (53,), (2.5,))
('K.58 Musescore', 'P1', 4, (140, 142), (47,), (2.0,), (47,), (2.5,))
('K.58 Musescore', 'P1', 5, (34, 36), (20,), (2.0,), (20,), (2.5,))
('K.58 Musescore', 'P1', 5, (179, 181), (53,), (2.0,), (53,), (2.5,))

70.    ((-2, 2), (0.25, 0.25), (3,), (0.5,)):
('K.58 Musescore', 'P1', 1, (135, 137), (28,), (3.5,), (28,), (3.75,))
('K.58 Musescore', 'P1', 1, (141, 143), (29,), (3.5,), (29,), (3.75,))
('K.58 Musescore', 'P1', 1, (147, 149), (30,), (3.5,), (30,), (3.75,))
('K.58 Musescore', 'P1', 1, (309, 311), (56,), (3.5,), (56,), (3.75,))
('K.58 Musescore', 'P1', 2, (166, 168), (26,), (3.5,), (26,), (3.75,))
('K.58 Musescore', 'P1', 2, (376, 378), (57,), (3.5,), (57,), (3.75,))
('K.58 Musescore', 'P1', 4, (113, 115), (36,), (3.5,), (36,), (3.75,))

71.    ((2, 2), (0.5, 0.5), (2,), (0.0,)):
('K.58 Musescore', 'P1', 1, (209, 211), (41,), (2.0,), (41,), (2.5,))
('K.58 Musescore', 'P1', 1, (239, 241), (47,), (2.0,), (47,), (2.5,))
('K.58 Musescore', 'P1', 2, (190, 192), (30,), (2.0,), (30,), (2.5,))
('K.58 Musescore', 'P1', 2, (307, 309), (48,), (2.0,), (48,), (2.5,))
('K.58 Musescore', 'P1', 4, (184, 186), (53,), (2.0,), (53,), (2.5,))
('K.58 Musescore', 'P1', 5, (98, 100), (37,), (2.0,), (37,), (2.5,))
('K.58 Musescore', 'P1', 5, (131, 133), (44,), (2.0,), (44,), (2.5,))

72.    ((-2, 2), (2.0, 1.0), (4,), (0.0,)):
('K.58 Musescore', 'P1', 1, (6, 8), (2,), (4.0,), (3,), (2.0,))
('K.58 Musescore', 'P1', 1, (15, 17), (5,), (4.0,), (6,), (2.0,))
('K.58 Musescore', 'P1', 2, (60, 62), (11,), (4.0,), (12,), (2.0,))
('K.58 Musescore', 'P1', 4, (7, 9), (8,), (4.0,), (9,), (2.0,))
('K.58 Musescore', 'P1', 4, (17, 19), (11,), (4.0,), (12,), (2.0,))
('K.58 Musescore', 'P1', 4, (55, 57), (19,), (4.0,), (19,), (2.0,))

73.    ((1, 1), (1.0, 1.0), (2,), (0.0,)):
('K.58 Musescore', 'P1', 1, (121, 123), (26,), (2.0,), (26,), (3.0,))
('K.58 Musescore', 'P1', 2, (247, 249), (38,), (2.0,), (38,), (3.0,))
('K.58 Musescore', 'P1', 5, (164, 166), (49,), (2.0,), (49,), (3.0,))
('K.58 Musescore', 'P1', 5, (185, 187), (54,), (2.0,), (54,), (3.0,))
('K.58 Musescore', 'P1', 5, (189, 191), (55,), (2.0,), (55,), (3.0,))
('K.58 Musescore', 'P1', 5, (193, 195), (56,), (2.0,), (56,), (3.0,))

74.    ((2, 2), (0.5, 0.25), (4,), (0.0,)):
('K.58 Musescore', 'P1', 1, (229, 231), (44,), (4.0,), (44,), (4.5,))
('K.58 Musescore', 'P1', 1, (302, 304), (55,), (4.0,), (55,), (4.5,))
('K.58 Musescore', 'P1', 2, (228, 230), (35,), (4.0,), (35,), (4.5,))
('K.58 Musescore', 'P1', 2, (242, 244), (37,), (4.0,), (37,), (4.5,))
('K.58 Musescore', 'P1', 2, (253, 255), (39,), (4.0,), (39,), (4.5,))
('K.58 Musescore', 'P1', 5, (111, 113), (40,), (4.0,), (40,), (4.5,))

75.    ((-2, -2), (0.5, 0.5), (4,), (0.0,)):
('K.58 Musescore', 'P1', 2, (311, 313), (48,), (4.0,), (48,), (4.5,))
('K.58 Musescore', 'P1', 2, (366, 368), (55,), (4.0,), (55,), (4.5,))
('K.58 Musescore', 'P1', 4, (93, 95), (28,), (4.0,), (28,), (4.5,))
('K.58 Musescore', 'P1', 5, (40, 42), (21,), (4.0,), (21,), (4.5,))
('K.58 Musescore', 'P1', 5, (149, 151), (46,), (4.0,), (46,), (4.5,))

76.    ((-2, -2), (0.5, 0.5), (2,), (0.0,)):
('K.58 Musescore', 'P1', 1, (53, 55), (12,), (2.0,), (12,), (2.5,))
('K.58 Musescore', 'P1', 2, (44, 46), (9,), (2.0,), (9,), (2.5,))
('K.58 Musescore', 'P1', 2, (111, 113), (19,), (2.0,), (19,), (2.5,))
('K.58 Musescore', 'P1', 5, (116, 118), (41,), (2.0,), (41,), (2.5,))

77.    ((-2, -2), (0.5, 0.5), (1,), (0.5,)):
('K.58 Musescore', 'P1', 1, (52, 54), (12,), (1.5,), (12,), (2.0,))
('K.58 Musescore', 'P1', 4, (191, 193), (54,), (1.5,), (54,), (2.0,))
('K.58 Musescore', 'P1', 5, (115, 117), (40,), (1.5,), (41,), (2.0,))
('K.58 Musescore', 'P1', 5, (178, 180), (53,), (1.5,), (53,), (2.0,))

78.    ((2, 1), (0.5, 0.5), (3,), (0.5,)):
('K.58 Musescore', 'P1', 2, (317, 319), (49,), (3.5,), (49,), (4.0,))
('K.58 Musescore', 'P1', 2, (325, 327), (50,), (3.5,), (50,), (4.0,))
('K.58 Musescore', 'P1', 2, (350, 352), (53,), (3.5,), (53,), (4.0,))
('K.58 Musescore', 'P1', 4, (194, 196), (54,), (3.5,), (54,), (4.0,))

79.    ((-2, -2), (1.5, 0.5), (1,), (0.0,)):
('K.58 Musescore', 'P1', 1, (312, 314), (57,), (1.0,), (57,), (2.5,))
('K.58 Musescore', 'P1', 4, (89, 91), (28,), (1.0,), (28,), (2.5,))
('K.58 Musescore', 'P1', 5, (78, 80), (28,), (1.0,), (28,), (2.5,))

80.    ((2, 2), (1.0, 0.5), (2,), (0.0,)):
('K.58 Musescore', 'P1', 2, (36, 38), (8,), (2.0,), (8,), (3.0,))
('K.58 Musescore', 'P1', 2, (56, 58), (11,), (2.0,), (11,), (3.0,))
('K.58 Musescore', 'P1', 4, (85, 87), (27,), (2.0,), (27,), (3.0,))

81.    ((2, 1), (0.5, 1.0), (2,), (0.5,)):
('K.58 Musescore', 'P1', 2, (21, 23), (5,), (2.5,), (5,), (3.0,))
('K.58 Musescore', 'P1', 4, (203, 205), (56,), (2.5,), (56,), (3.0,))
('K.58 Musescore', 'P1', 5, (55, 57), (22,), (2.5,), (23,), (3.0,))

82.    ((-5, 2), (1.0, 1.0), (1,), (0.0,)):
('K.58 Musescore', 'P1', 2, (35, 37), (8,), (1.0,), (8,), (2.0,))
('K.58 Musescore', 'P1', 2, (55, 57), (11,), (1.0,), (11,), (2.0,))
('K.58 Musescore', 'P1', 5, (93, 95), (35,), (1.0,), (36,), (2.0,))

83.    ((1, 1), (1.0, 1.0), (1,), (0.0,)):
('K.58 Musescore', 'P1', 2, (339, 341), (52,), (1.0,), (52,), (2.0,))
('K.58 Musescore', 'P1', 5, (167, 169), (49,), (1.0,), (50,), (2.0,))
('K.58 Musescore', 'P1', 5, (192, 194), (56,), (1.0,), (56,), (2.0,))

84.    ((2, -2), (0.5, 1.0), (2,), (0.5,)):
('K.58 Musescore', 'P1', 1, (246, 248), (48,), (2.5,), (48,), (3.0,))
('K.58 Musescore', 'P1', 2, (364, 366), (55,), (2.5,), (55,), (3.0,))

85.    ((1, -2), (0.5, 0.5), (2,), (0.0,)):
('K.58 Musescore', 'P1', 1, (290, 292), (54,), (2.0,), (54,), (2.5,))
('K.58 Musescore', 'P1', 2, (322, 324), (50,), (2.0,), (50,), (2.5,))

86.    ((-2, 2), (0.5, 1.5), (4,), (0.5,)):
('K.58 Musescore', 'P1', 1, (18, 20), (6,), (4.5,), (7,), (1.0,))
('K.58 Musescore', 'P1', 4, (94, 96), (28,), (4.5,), (29,), (1.0,))

87.    ((-2, -2), (2.0, 2.0), (3,), (0.0,)):
('K.58 Musescore', 'P1', 1, (31, 33), (8,), (3.0,), (9,), (1.0,))
('K.58 Musescore', 'P1', 4, (110, 112), (35,), (3.0,), (35,), (1.0,))

88.    ((2, 1), (1.0, 1.0), (1,), (0.0,)):
('K.58 Musescore', 'P1', 1, (183, 185), (36,), (1.0,), (37,), (2.0,))
('K.58 Musescore', 'P1', 4, (124, 126), (40,), (1.0,), (41,), (2.0,))

89.    ((-2, -2), (2.0, 2.0), (1,), (0.0,)):
('K.58 Musescore', 'P1', 1, (232, 234), (44,), (1.0,), (45,), (3.0,))
('K.58 Musescore', 'P1', 4, (122, 124), (39,), (1.0,), (40,), (3.0,))

90.    ((1, -2), (0.5, 1.0), (1,), (0.0,)):
('K.58 Musescore', 'P1', 1, (267, 269), (51,), (1.0,), (51,), (1.5,))
('K.58 Musescore', 'P1', 4, (158, 160), (49,), (1.0,), (49,), (1.5,))

91.    ((-2, -2), (1.0, 1.5), (4,), (0.0,)):
('K.58 Musescore', 'P1', 1, (109, 111), (24,), (4.0,), (24,), (1.0,))
('K.58 Musescore', 'P1', 5, (77, 79), (27,), (4.0,), (28,), (1.0,))

92.    ((-2, -2), (0.5, 0.5), (2,), (0.5,)):
('K.58 Musescore', 'P1', 2, (67, 69), (13,), (2.5,), (13,), (3.0,))
('K.58 Musescore', 'P1', 2, (290, 292), (45,), (2.5,), (45,), (3.0,))

93.    ((2, 2), (0.25, 0.25), (2,), (0.5,)):
('K.58 Musescore', 'P1', 2, (119, 121), (20,), (2.5,), (20,), (2.75,))
('K.58 Musescore', 'P1', 2, (225, 227), (35,), (2.5,), (35,), (2.75,))

94.    ((-4, 3), (0.5, 0.5), (4,), (0.0,)):
('K.58 Musescore', 'P1', 2, (173, 175), (27,), (4.0,), (27,), (4.5,))
('K.58 Musescore', 'P1', 2, (304, 306), (47,), (4.0,), (47,), (4.5,))

95.    ((2, -2), (0.25, 1.0), (1,), (0.75,)):
('K.58 Musescore', 'P1', 2, (177, 179), (28,), (1.75,), (28,), (2.0,))
('K.58 Musescore', 'P1', 2, (347, 349), (53,), (1.75,), (53,), (2.0,))

96.    ((-5, 2), (1.0, 0.5), (3,), (0.0,)):
('K.58 Musescore', 'P1', 2, (227, 229), (35,), (3.0,), (35,), (4.0,))
('K.58 Musescore', 'P1', 2, (296, 298), (46,), (3.0,), (46,), (4.0,))

97.    ((-2, 2), (1.0, 1.0), (2,), (0.0,)):
('K.58 Musescore', 'P1', 2, (233, 235), (36,), (2.0,), (36,), (3.0,))
('K.58 Musescore', 'P1', 4, (198, 200), (55,), (2.0,), (55,), (3.0,))

98.    ((-2, 4), (0.5, 0.5), (2,), (0.5,)):
('K.58 Musescore', 'P1', 2, (323, 325), (50,), (2.5,), (50,), (3.0,))
('K.58 Musescore', 'P1', 4, (160, 162), (50,), (2.5,), (50,), (3.0,))

99.    ((-5, 4), (1.5, 0.5), (1,), (0.0,)):
('K.58 Musescore', 'P1', 2, (104, 106), (18,), (1.0,), (18,), (2.5,))
('K.58 Musescore', 'P1', 5, (82, 84), (29,), (1.0,), (29,), (2.5,))

100.    ((1, -11), (1.0, 1.0), (3,), (0.0,)):
('K.58 Musescore', 'P1', 4, (9, 11), (9,), (3.0,), (9,), (4.0,))
('K.58 Musescore', 'P1', 4, (74, 76), (25,), (3.0,), (25,), (4.0,))

101.    ((4, -2), (0.5, 0.5), (3,), (0.5,)):
('K.58 Musescore', 'P1', 4, (92, 94), (28,), (3.5,), (28,), (4.0,))
('K.58 Musescore', 'P1', 4, (144, 146), (47,), (3.5,), (47,), (4.0,))

102.    (((8, 1), (8, 1)), ((0.0, 1.0), (0.0, 1.0)), (1,), (0.0,)):
('K.58 Musescore', 'P1', 4, (206, 208), (57,), (1.0,), (57,), (2.0,))
('K.58 Musescore', 'P1', 4, (210, 212), (58,), (1.0,), (58,), (2.0,))

103.    ((-2, 2), (0.5, 1.0), (2,), (0.5,)):
('K.58 Musescore', 'P1', 5, (79, 81), (28,), (2.5,), (28,), (3.0,))
('K.58 Musescore', 'P1', 5, (117, 119), (41,), (2.5,), (41,), (3.0,))

104.    ((1, 4), (1.0, 1.0), (3,), (0.0,)):
('K.58 Musescore', 'P1', 5, (171, 173), (51,), (3.0,), (51,), (4.0,))
('K.58 Musescore', 'P1', 5, (175, 177), (52,), (3.0,), (52,), (4.0,))

105.    ((1,), (1.0,), (3,), (0.0,)):
('K.58 Musescore', 'P1', 1, (1, 2), (1,), (3.0,), (1,), (3.0,))
('K.58 Musescore', 'P1', 1, (10, 11), (4,), (3.0,), (4,), (3.0,))
('K.58 Musescore', 'P1', 1, (60, 61), (13,), (3.0,), (13,), (3.0,))
('K.58 Musescore', 'P1', 1, (62, 63), (14,), (3.0,), (14,), (3.0,))
('K.58 Musescore', 'P1', 1, (65, 66), (15,), (3.0,), (15,), (3.0,))
('K.58 Musescore', 'P1', 1, (68, 69), (16,), (3.0,), (16,), (3.0,))
('K.58 Musescore', 'P1', 1, (89, 90), (20,), (3.0,), (20,), (3.0,))
('K.58 Musescore', 'P1', 1, (101, 102), (22,), (3.0,), (22,), (3.0,))
('K.58 Musescore', 'P1', 1, (104, 105), (23,), (3.0,), (23,), (3.0,))
('K.58 Musescore', 'P1', 1, (108, 109), (24,), (3.0,), (24,), (3.0,))
('K.58 Musescore', 'P1', 1, (122, 123), (26,), (3.0,), (26,), (3.0,))
('K.58 Musescore', 'P1', 1, (153, 154), (31,), (3.0,), (31,), (3.0,))
('K.58 Musescore', 'P1', 2, (22, 23), (5,), (3.0,), (5,), (3.0,))
('K.58 Musescore', 'P1', 2, (248, 249), (38,), (3.0,), (38,), (3.0,))
('K.58 Musescore', 'P1', 4, (2, 3), (7,), (3.0,), (7,), (3.0,))
('K.58 Musescore', 'P1', 4, (9, 10), (9,), (3.0,), (9,), (3.0,))
('K.58 Musescore', 'P1', 4, (50, 51), (18,), (3.0,), (18,), (3.0,))
('K.58 Musescore', 'P1', 4, (70, 71), (24,), (3.0,), (24,), (3.0,))
('K.58 Musescore', 'P1', 4, (74, 75), (25,), (3.0,), (25,), (3.0,))
('K.58 Musescore', 'P1', 4, (204, 205), (56,), (3.0,), (56,), (3.0,))
('K.58 Musescore', 'P1', 5, (56, 57), (23,), (3.0,), (23,), (3.0,))
('K.58 Musescore', 'P1', 5, (165, 166), (49,), (3.0,), (49,), (3.0,))
('K.58 Musescore', 'P1', 5, (171, 172), (51,), (3.0,), (51,), (3.0,))
('K.58 Musescore', 'P1', 5, (175, 176), (52,), (3.0,), (52,), (3.0,))
('K.58 Musescore', 'P1', 5, (182, 183), (53,), (3.0,), (53,), (3.0,))
('K.58 Musescore', 'P1', 5, (186, 187), (54,), (3.0,), (54,), (3.0,))
('K.58 Musescore', 'P1', 5, (190, 191), (55,), (3.0,), (55,), (3.0,))
('K.58 Musescore', 'P1', 5, (194, 195), (56,), (3.0,), (56,), (3.0,))

106.    ((1,), (1.0,), (2,), (0.0,)):
('K.58 Musescore', 'P1', 1, (121, 122), (26,), (2.0,), (26,), (2.0,))
('K.58 Musescore', 'P1', 1, (155, 156), (32,), (2.0,), (32,), (2.0,))
('K.58 Musescore', 'P1', 1, (159, 160), (33,), (2.0,), (33,), (2.0,))
('K.58 Musescore', 'P1', 1, (184, 185), (37,), (2.0,), (37,), (2.0,))
('K.58 Musescore', 'P1', 1, (205, 206), (40,), (2.0,), (40,), (2.0,))
('K.58 Musescore', 'P1', 1, (216, 217), (42,), (2.0,), (42,), (2.0,))
('K.58 Musescore', 'P1', 1, (227, 228), (44,), (2.0,), (44,), (2.0,))
('K.58 Musescore', 'P1', 1, (283, 284), (53,), (2.0,), (53,), (2.0,))
('K.58 Musescore', 'P1', 2, (220, 221), (34,), (2.0,), (34,), (2.0,))
('K.58 Musescore', 'P1', 2, (247, 248), (38,), (2.0,), (38,), (2.0,))
('K.58 Musescore', 'P1', 2, (340, 341), (52,), (2.0,), (52,), (2.0,))
('K.58 Musescore', 'P1', 4, (105, 106), (34,), (2.0,), (34,), (2.0,))
('K.58 Musescore', 'P1', 4, (119, 120), (39,), (2.0,), (39,), (2.0,))
('K.58 Musescore', 'P1', 4, (125, 126), (41,), (2.0,), (41,), (2.0,))
('K.58 Musescore', 'P1', 4, (155, 156), (49,), (2.0,), (49,), (2.0,))
('K.58 Musescore', 'P1', 5, (164, 165), (49,), (2.0,), (49,), (2.0,))
('K.58 Musescore', 'P1', 5, (168, 169), (50,), (2.0,), (50,), (2.0,))
('K.58 Musescore', 'P1', 5, (185, 186), (54,), (2.0,), (54,), (2.0,))
('K.58 Musescore', 'P1', 5, (189, 190), (55,), (2.0,), (55,), (2.0,))
('K.58 Musescore', 'P1', 5, (193, 194), (56,), (2.0,), (56,), (2.0,))

107.    ((1,), (1.0,), (1,), (0.0,)):
('K.58 Musescore', 'P1', 1, (3, 4), (2,), (1.0,), (2,), (1.0,))
('K.58 Musescore', 'P1', 1, (12, 13), (5,), (1.0,), (5,), (1.0,))
('K.58 Musescore', 'P1', 1, (70, 71), (16,), (1.0,), (16,), (1.0,))
('K.58 Musescore', 'P1', 1, (106, 107), (23,), (1.0,), (23,), (1.0,))
('K.58 Musescore', 'P1', 1, (145, 146), (30,), (1.0,), (30,), (1.0,))
('K.58 Musescore', 'P1', 2, (339, 340), (52,), (1.0,), (52,), (1.0,))
('K.58 Musescore', 'P1', 4, (4, 5), (8,), (1.0,), (8,), (1.0,))
('K.58 Musescore', 'P1', 4, (52, 53), (18,), (1.0,), (18,), (1.0,))
('K.58 Musescore', 'P1', 4, (59, 60), (22,), (1.0,), (22,), (1.0,))
('K.58 Musescore', 'P1', 4, (72, 73), (24,), (1.0,), (24,), (1.0,))
('K.58 Musescore', 'P1', 4, (84, 85), (27,), (1.0,), (27,), (1.0,))
('K.58 Musescore', 'P1', 4, (197, 198), (55,), (1.0,), (55,), (1.0,))
('K.58 Musescore', 'P1', 5, (58, 59), (23,), (1.0,), (23,), (1.0,))
('K.58 Musescore', 'P1', 5, (167, 168), (49,), (1.0,), (49,), (1.0,))
('K.58 Musescore', 'P1', 5, (173, 174), (52,), (1.0,), (52,), (1.0,))
('K.58 Musescore', 'P1', 5, (184, 185), (54,), (1.0,), (54,), (1.0,))
('K.58 Musescore', 'P1', 5, (188, 189), (55,), (1.0,), (55,), (1.0,))
('K.58 Musescore', 'P1', 5, (192, 193), (56,), (1.0,), (56,), (1.0,))

108.    ((-2,), (1.0,), (2,), (0.0,)):
('K.58 Musescore', 'P1', 1, (4, 5), (2,), (2.0,), (2,), (2.0,))
('K.58 Musescore', 'P1', 1, (13, 14), (5,), (2.0,), (5,), (2.0,))
('K.58 Musescore', 'P1', 1, (71, 72), (16,), (2.0,), (16,), (2.0,))
('K.58 Musescore', 'P1', 1, (107, 108), (23,), (2.0,), (23,), (2.0,))
('K.58 Musescore', 'P1', 2, (153, 154), (24,), (2.0,), (24,), (2.0,))
('K.58 Musescore', 'P1', 2, (170, 171), (27,), (2.0,), (27,), (2.0,))
('K.58 Musescore', 'P1', 2, (178, 179), (28,), (2.0,), (28,), (2.0,))
('K.58 Musescore', 'P1', 2, (233, 234), (36,), (2.0,), (36,), (2.0,))
('K.58 Musescore', 'P1', 2, (348, 349), (53,), (2.0,), (53,), (2.0,))
('K.58 Musescore', 'P1', 4, (5, 6), (8,), (2.0,), (8,), (2.0,))
('K.58 Musescore', 'P1', 4, (15, 16), (11,), (2.0,), (11,), (2.0,))
('K.58 Musescore', 'P1', 4, (49, 50), (17,), (2.0,), (17,), (2.0,))
('K.58 Musescore', 'P1', 4, (53, 54), (18,), (2.0,), (18,), (2.0,))
('K.58 Musescore', 'P1', 4, (60, 61), (22,), (2.0,), (22,), (2.0,))
('K.58 Musescore', 'P1', 4, (198, 199), (55,), (2.0,), (55,), (2.0,))
('K.58 Musescore', 'P1', 5, (59, 60), (23,), (2.0,), (23,), (2.0,))

109.    ((2,), (1.0,), (2,), (0.0,)):
('K.58 Musescore', 'P1', 1, (7, 8), (3,), (2.0,), (3,), (2.0,))
('K.58 Musescore', 'P1', 1, (16, 17), (6,), (2.0,), (6,), (2.0,))
('K.58 Musescore', 'P1', 2, (32, 33), (7,), (2.0,), (7,), (2.0,))
('K.58 Musescore', 'P1', 2, (36, 37), (8,), (2.0,), (8,), (2.0,))
('K.58 Musescore', 'P1', 2, (52, 53), (10,), (2.0,), (10,), (2.0,))
('K.58 Musescore', 'P1', 2, (56, 57), (11,), (2.0,), (11,), (2.0,))
('K.58 Musescore', 'P1', 2, (61, 62), (12,), (2.0,), (12,), (2.0,))
('K.58 Musescore', 'P1', 2, (101, 102), (17,), (2.0,), (17,), (2.0,))
('K.58 Musescore', 'P1', 4, (8, 9), (9,), (2.0,), (9,), (2.0,))
('K.58 Musescore', 'P1', 4, (18, 19), (12,), (2.0,), (12,), (2.0,))
('K.58 Musescore', 'P1', 4, (56, 57), (19,), (2.0,), (19,), (2.0,))
('K.58 Musescore', 'P1', 4, (85, 86), (27,), (2.0,), (27,), (2.0,))
('K.58 Musescore', 'P1', 4, (134, 135), (45,), (2.0,), (45,), (2.0,))
('K.58 Musescore', 'P1', 5, (94, 95), (36,), (2.0,), (36,), (2.0,))
('K.58 Musescore', 'P1', 5, (108, 109), (40,), (2.0,), (40,), (2.0,))
('K.58 Musescore', 'P1', 5, (139, 140), (45,), (2.0,), (45,), (2.0,))

110.    ((1,), (1.0,), (4,), (0.0,)):
('K.58 Musescore', 'P1', 1, (157, 158), (32,), (4.0,), (32,), (4.0,))
('K.58 Musescore', 'P1', 1, (186, 187), (37,), (4.0,), (37,), (4.0,))
('K.58 Musescore', 'P1', 1, (207, 208), (40,), (4.0,), (40,), (4.0,))
('K.58 Musescore', 'P1', 1, (225, 226), (43,), (4.0,), (43,), (4.0,))
('K.58 Musescore', 'P1', 2, (168, 169), (26,), (4.0,), (26,), (4.0,))
('K.58 Musescore', 'P1', 2, (222, 223), (34,), (4.0,), (34,), (4.0,))
('K.58 Musescore', 'P1', 2, (249, 250), (38,), (4.0,), (38,), (4.0,))
('K.58 Musescore', 'P1', 2, (271, 272), (42,), (4.0,), (42,), (4.0,))
('K.58 Musescore', 'P1', 4, (107, 108), (34,), (4.0,), (34,), (4.0,))
('K.58 Musescore', 'P1', 4, (117, 118), (38,), (4.0,), (38,), (4.0,))
('K.58 Musescore', 'P1', 4, (153, 154), (48,), (4.0,), (48,), (4.0,))
('K.58 Musescore', 'P1', 5, (155, 156), (47,), (4.0,), (47,), (4.0,))
('K.58 Musescore', 'P1', 5, (166, 167), (49,), (4.0,), (49,), (4.0,))
('K.58 Musescore', 'P1', 5, (183, 184), (53,), (4.0,), (53,), (4.0,))
('K.58 Musescore', 'P1', 5, (187, 188), (54,), (4.0,), (54,), (4.0,))
('K.58 Musescore', 'P1', 5, (191, 192), (55,), (4.0,), (55,), (4.0,))

111.    ((-2,), (2.0,), (1,), (0.0,)):
('K.58 Musescore', 'P1', 1, (0, 1), (1,), (1.0,), (1,), (1.0,))
('K.58 Musescore', 'P1', 1, (9, 10), (4,), (1.0,), (4,), (1.0,))
('K.58 Musescore', 'P1', 1, (32, 33), (9,), (1.0,), (9,), (1.0,))
('K.58 Musescore', 'P1', 1, (59, 60), (13,), (1.0,), (13,), (1.0,))
('K.58 Musescore', 'P1', 1, (64, 65), (14,), (1.0,), (14,), (1.0,))
('K.58 Musescore', 'P1', 1, (67, 68), (15,), (1.0,), (15,), (1.0,))
('K.58 Musescore', 'P1', 1, (88, 89), (19,), (1.0,), (19,), (1.0,))
('K.58 Musescore', 'P1', 1, (100, 101), (21,), (1.0,), (21,), (1.0,))
('K.58 Musescore', 'P1', 1, (103, 104), (22,), (1.0,), (22,), (1.0,))
('K.58 Musescore', 'P1', 1, (232, 233), (44,), (1.0,), (44,), (1.0,))
('K.58 Musescore', 'P1', 2, (295, 296), (45,), (1.0,), (45,), (1.0,))
('K.58 Musescore', 'P1', 4, (1, 2), (7,), (1.0,), (7,), (1.0,))
('K.58 Musescore', 'P1', 4, (111, 112), (35,), (1.0,), (35,), (1.0,))
('K.58 Musescore', 'P1', 4, (122, 123), (39,), (1.0,), (39,), (1.0,))

112.    ((-2,), (0.5,), (4,), (0.5,)):
('K.58 Musescore', 'P1', 1, (18, 19), (6,), (4.5,), (6,), (4.5,))
('K.58 Musescore', 'P1', 1, (58, 59), (12,), (4.5,), (12,), (4.5,))
('K.58 Musescore', 'P1', 1, (264, 265), (50,), (4.5,), (50,), (4.5,))
('K.58 Musescore', 'P1', 1, (295, 296), (54,), (4.5,), (54,), (4.5,))
('K.58 Musescore', 'P1', 2, (312, 313), (48,), (4.5,), (48,), (4.5,))
('K.58 Musescore', 'P1', 2, (338, 339), (51,), (4.5,), (51,), (4.5,))
('K.58 Musescore', 'P1', 2, (352, 353), (53,), (4.5,), (53,), (4.5,))
('K.58 Musescore', 'P1', 2, (360, 361), (54,), (4.5,), (54,), (4.5,))
('K.58 Musescore', 'P1', 2, (367, 368), (55,), (4.5,), (55,), (4.5,))
('K.58 Musescore', 'P1', 4, (94, 95), (28,), (4.5,), (28,), (4.5,))
('K.58 Musescore', 'P1', 4, (157, 158), (49,), (4.5,), (49,), (4.5,))
('K.58 Musescore', 'P1', 4, (189, 190), (53,), (4.5,), (53,), (4.5,))
('K.58 Musescore', 'P1', 5, (41, 42), (21,), (4.5,), (21,), (4.5,))
('K.58 Musescore', 'P1', 5, (150, 151), (46,), (4.5,), (46,), (4.5,))

113.    ((-2,), (0.5,), (1,), (0.5,)):
('K.58 Musescore', 'P1', 1, (52, 53), (12,), (1.5,), (12,), (1.5,))
('K.58 Musescore', 'P1', 1, (289, 290), (54,), (1.5,), (54,), (1.5,))
('K.58 Musescore', 'P1', 1, (297, 298), (55,), (1.5,), (55,), (1.5,))
('K.58 Musescore', 'P1', 2, (152, 153), (24,), (1.5,), (24,), (1.5,))
('K.58 Musescore', 'P1', 2, (162, 163), (26,), (1.5,), (26,), (1.5,))
('K.58 Musescore', 'P1', 2, (246, 247), (37,), (1.5,), (37,), (1.5,))
('K.58 Musescore', 'P1', 2, (288, 289), (44,), (1.5,), (44,), (1.5,))
('K.58 Musescore', 'P1', 2, (362, 363), (55,), (1.5,), (55,), (1.5,))
('K.58 Musescore', 'P1', 4, (167, 168), (51,), (1.5,), (51,), (1.5,))
('K.58 Musescore', 'P1', 4, (183, 184), (53,), (1.5,), (53,), (1.5,))
('K.58 Musescore', 'P1', 4, (191, 192), (54,), (1.5,), (54,), (1.5,))
('K.58 Musescore', 'P1', 5, (115, 116), (40,), (1.5,), (40,), (1.5,))
('K.58 Musescore', 'P1', 5, (143, 144), (45,), (1.5,), (45,), (1.5,))
('K.58 Musescore', 'P1', 5, (178, 179), (53,), (1.5,), (53,), (1.5,))

114.    ((-2,), (0.5,), (2,), (0.5,)):
('K.58 Musescore', 'P1', 1, (54, 55), (12,), (2.5,), (12,), (2.5,))
('K.58 Musescore', 'P1', 1, (152, 153), (31,), (2.5,), (31,), (2.5,))
('K.58 Musescore', 'P1', 1, (252, 253), (49,), (2.5,), (49,), (2.5,))
('K.58 Musescore', 'P1', 1, (291, 292), (54,), (2.5,), (54,), (2.5,))
('K.58 Musescore', 'P1', 1, (313, 314), (57,), (2.5,), (57,), (2.5,))
('K.58 Musescore', 'P1', 2, (45, 46), (9,), (2.5,), (9,), (2.5,))
('K.58 Musescore', 'P1', 2, (67, 68), (13,), (2.5,), (13,), (2.5,))
('K.58 Musescore', 'P1', 2, (112, 113), (19,), (2.5,), (19,), (2.5,))
('K.58 Musescore', 'P1', 2, (290, 291), (45,), (2.5,), (45,), (2.5,))
('K.58 Musescore', 'P1', 2, (323, 324), (50,), (2.5,), (50,), (2.5,))
('K.58 Musescore', 'P1', 4, (90, 91), (28,), (2.5,), (28,), (2.5,))
('K.58 Musescore', 'P1', 4, (160, 161), (50,), (2.5,), (50,), (2.5,))
('K.58 Musescore', 'P1', 5, (79, 80), (28,), (2.5,), (28,), (2.5,))
('K.58 Musescore', 'P1', 5, (117, 118), (41,), (2.5,), (41,), (2.5,))

115.    ((-2,), (0.5,), (3,), (0.5,)):
('K.58 Musescore', 'P1', 1, (176, 177), (35,), (3.5,), (35,), (3.5,))
('K.58 Musescore', 'P1', 1, (254, 255), (49,), (3.5,), (49,), (3.5,))
('K.58 Musescore', 'P1', 1, (293, 294), (54,), (3.5,), (54,), (3.5,))
('K.58 Musescore', 'P1', 2, (172, 173), (27,), (3.5,), (27,), (3.5,))
('K.58 Musescore', 'P1', 2, (241, 242), (37,), (3.5,), (37,), (3.5,))
('K.58 Musescore', 'P1', 2, (264, 265), (41,), (3.5,), (41,), (3.5,))
('K.58 Musescore', 'P1', 2, (292, 293), (45,), (3.5,), (45,), (3.5,))
('K.58 Musescore', 'P1', 2, (358, 359), (54,), (3.5,), (54,), (3.5,))
('K.58 Musescore', 'P1', 4, (170, 171), (51,), (3.5,), (51,), (3.5,))
('K.58 Musescore', 'P1', 4, (178, 179), (52,), (3.5,), (52,), (3.5,))
('K.58 Musescore', 'P1', 4, (187, 188), (53,), (3.5,), (53,), (3.5,))
('K.58 Musescore', 'P1', 5, (110, 111), (40,), (3.5,), (40,), (3.5,))
('K.58 Musescore', 'P1', 5, (126, 127), (43,), (3.5,), (43,), (3.5,))
('K.58 Musescore', 'P1', 5, (148, 149), (46,), (3.5,), (46,), (3.5,))

116.    ((-2,), (1.0,), (4,), (0.0,)):
('K.58 Musescore', 'P1', 1, (2, 3), (1,), (4.0,), (1,), (4.0,))
('K.58 Musescore', 'P1', 1, (11, 12), (4,), (4.0,), (4,), (4.0,))
('K.58 Musescore', 'P1', 1, (69, 70), (16,), (4.0,), (16,), (4.0,))
('K.58 Musescore', 'P1', 1, (90, 91), (20,), (4.0,), (20,), (4.0,))
('K.58 Musescore', 'P1', 1, (105, 106), (23,), (4.0,), (23,), (4.0,))
('K.58 Musescore', 'P1', 1, (109, 110), (24,), (4.0,), (24,), (4.0,))
('K.58 Musescore', 'P1', 1, (114, 115), (25,), (4.0,), (25,), (4.0,))
('K.58 Musescore', 'P1', 2, (63, 64), (12,), (4.0,), (12,), (4.0,))
('K.58 Musescore', 'P1', 4, (3, 4), (7,), (4.0,), (7,), (4.0,))
('K.58 Musescore', 'P1', 4, (51, 52), (18,), (4.0,), (18,), (4.0,))
('K.58 Musescore', 'P1', 5, (57, 58), (23,), (4.0,), (23,), (4.0,))
('K.58 Musescore', 'P1', 5, (77, 78), (27,), (4.0,), (27,), (4.0,))

117.    ((2,), (1.0,), (1,), (0.0,)):
('K.58 Musescore', 'P1', 1, (183, 184), (36,), (1.0,), (36,), (1.0,))
('K.58 Musescore', 'P1', 1, (208, 209), (40,), (1.0,), (40,), (1.0,))
('K.58 Musescore', 'P1', 2, (2, 3), (3,), (1.0,), (3,), (1.0,))
('K.58 Musescore', 'P1', 2, (24, 25), (6,), (1.0,), (6,), (1.0,))
('K.58 Musescore', 'P1', 2, (223, 224), (34,), (1.0,), (34,), (1.0,))
('K.58 Musescore', 'P1', 2, (262, 263), (40,), (1.0,), (40,), (1.0,))
('K.58 Musescore', 'P1', 4, (124, 125), (40,), (1.0,), (40,), (1.0,))
('K.58 Musescore', 'P1', 4, (138, 139), (45,), (1.0,), (45,), (1.0,))
('K.58 Musescore', 'P1', 5, (2, 3), (9,), (1.0,), (9,), (1.0,))
('K.58 Musescore', 'P1', 5, (9, 10), (12,), (1.0,), (12,), (1.0,))
('K.58 Musescore', 'P1', 5, (26, 27), (19,), (1.0,), (19,), (1.0,))
('K.58 Musescore', 'P1', 5, (107, 108), (39,), (1.0,), (39,), (1.0,))

118.    ((2,), (1.0,), (4,), (0.0,)):
('K.58 Musescore', 'P1', 1, (137, 138), (28,), (4.0,), (28,), (4.0,))
('K.58 Musescore', 'P1', 1, (311, 312), (56,), (4.0,), (56,), (4.0,))
('K.58 Musescore', 'P1', 2, (1, 2), (2,), (4.0,), (2,), (4.0,))
('K.58 Musescore', 'P1', 2, (23, 24), (5,), (4.0,), (5,), (4.0,))
('K.58 Musescore', 'P1', 4, (88, 89), (27,), (4.0,), (27,), (4.0,))
('K.58 Musescore', 'P1', 5, (1, 2), (8,), (4.0,), (8,), (4.0,))
('K.58 Musescore', 'P1', 5, (8, 9), (11,), (4.0,), (11,), (4.0,))
('K.58 Musescore', 'P1', 5, (25, 26), (19,), (4.0,), (19,), (4.0,))
('K.58 Musescore', 'P1', 5, (92, 93), (35,), (4.0,), (35,), (4.0,))
('K.58 Musescore', 'P1', 5, (96, 97), (36,), (4.0,), (36,), (4.0,))
('K.58 Musescore', 'P1', 5, (141, 142), (45,), (4.0,), (45,), (4.0,))

119.    ((-2,), (1.0,), (1,), (0.0,)):
('K.58 Musescore', 'P1', 1, (120, 121), (26,), (1.0,), (26,), (1.0,))
('K.58 Musescore', 'P1', 1, (158, 159), (32,), (1.0,), (32,), (1.0,))
('K.58 Musescore', 'P1', 1, (226, 227), (43,), (1.0,), (43,), (1.0,))
('K.58 Musescore', 'P1', 1, (234, 235), (45,), (1.0,), (45,), (1.0,))
('K.58 Musescore', 'P1', 1, (238, 239), (46,), (1.0,), (46,), (1.0,))
('K.58 Musescore', 'P1', 2, (306, 307), (47,), (1.0,), (47,), (1.0,))
('K.58 Musescore', 'P1', 2, (313, 314), (48,), (1.0,), (48,), (1.0,))
('K.58 Musescore', 'P1', 4, (108, 109), (34,), (1.0,), (34,), (1.0,))
('K.58 Musescore', 'P1', 4, (118, 119), (38,), (1.0,), (38,), (1.0,))

120.    ((2,), (1.0,), (3,), (0.0,)):
('K.58 Musescore', 'P1', 1, (130, 131), (27,), (3.0,), (27,), (3.0,))
('K.58 Musescore', 'P1', 2, (106, 107), (19,), (3.0,), (19,), (3.0,))
('K.58 Musescore', 'P1', 2, (234, 235), (36,), (3.0,), (36,), (3.0,))
('K.58 Musescore', 'P1', 4, (126, 127), (41,), (3.0,), (41,), (3.0,))
('K.58 Musescore', 'P1', 4, (199, 200), (55,), (3.0,), (55,), (3.0,))
('K.58 Musescore', 'P1', 5, (76, 77), (27,), (3.0,), (27,), (3.0,))
('K.58 Musescore', 'P1', 5, (80, 81), (28,), (3.0,), (28,), (3.0,))
('K.58 Musescore', 'P1', 5, (91, 92), (35,), (3.0,), (35,), (3.0,))
('K.58 Musescore', 'P1', 5, (118, 119), (41,), (3.0,), (41,), (3.0,))

121.    ((4,), (1.0,), (3,), (0.0,)):
('K.58 Musescore', 'P1', 1, (5, 6), (2,), (3.0,), (2,), (3.0,))
('K.58 Musescore', 'P1', 1, (14, 15), (5,), (3.0,), (5,), (3.0,))
('K.58 Musescore', 'P1', 1, (72, 73), (17,), (3.0,), (17,), (3.0,))
('K.58 Musescore', 'P1', 1, (113, 114), (25,), (3.0,), (25,), (3.0,))
('K.58 Musescore', 'P1', 4, (6, 7), (8,), (3.0,), (8,), (3.0,))
('K.58 Musescore', 'P1', 4, (16, 17), (11,), (3.0,), (11,), (3.0,))
('K.58 Musescore', 'P1', 4, (54, 55), (19,), (3.0,), (19,), (3.0,))
('K.58 Musescore', 'P1', 5, (140, 141), (45,), (3.0,), (45,), (3.0,))
('K.58 Musescore', 'P1', 5, (169, 170), (50,), (3.0,), (50,), (3.0,))

122.    ((2,), (0.5,), (2,), (0.5,)):
('K.58 Musescore', 'P1', 1, (30, 31), (8,), (2.5,), (8,), (2.5,))
('K.58 Musescore', 'P1', 1, (47, 48), (11,), (2.5,), (11,), (2.5,))
('K.58 Musescore', 'P1', 2, (21, 22), (5,), (2.5,), (5,), (2.5,))
('K.58 Musescore', 'P1', 2, (315, 316), (49,), (2.5,), (49,), (2.5,))
('K.58 Musescore', 'P1', 2, (364, 365), (55,), (2.5,), (55,), (2.5,))
('K.58 Musescore', 'P1', 4, (176, 177), (52,), (2.5,), (52,), (2.5,))
('K.58 Musescore', 'P1', 4, (203, 204), (56,), (2.5,), (56,), (2.5,))
('K.58 Musescore', 'P1', 5, (55, 56), (22,), (2.5,), (22,), (2.5,))

123.    ((-2,), (1.5,), (1,), (0.0,)):
('K.58 Musescore', 'P1', 1, (110, 111), (24,), (1.0,), (24,), (1.0,))
('K.58 Musescore', 'P1', 1, (187, 188), (37,), (1.0,), (37,), (1.0,))
('K.58 Musescore', 'P1', 1, (312, 313), (57,), (1.0,), (57,), (1.0,))
('K.58 Musescore', 'P1', 2, (256, 257), (39,), (1.0,), (39,), (1.0,))
('K.58 Musescore', 'P1', 2, (272, 273), (42,), (1.0,), (42,), (1.0,))
('K.58 Musescore', 'P1', 2, (368, 369), (56,), (1.0,), (56,), (1.0,))
('K.58 Musescore', 'P1', 4, (89, 90), (28,), (1.0,), (28,), (1.0,))
('K.58 Musescore', 'P1', 5, (78, 79), (28,), (1.0,), (28,), (1.0,))

124.    ((1,), (0.5,), (3,), (0.0,)):
('K.58 Musescore', 'P1', 1, (55, 56), (12,), (3.0,), (12,), (3.0,))
('K.58 Musescore', 'P1', 1, (253, 254), (49,), (3.0,), (49,), (3.0,))
('K.58 Musescore', 'P1', 1, (261, 262), (50,), (3.0,), (50,), (3.0,))
('K.58 Musescore', 'P1', 1, (292, 293), (54,), (3.0,), (54,), (3.0,))
('K.58 Musescore', 'P1', 2, (26, 27), (6,), (3.0,), (6,), (3.0,))
('K.58 Musescore', 'P1', 4, (186, 187), (53,), (3.0,), (53,), (3.0,))
('K.58 Musescore', 'P1', 5, (11, 12), (12,), (3.0,), (12,), (3.0,))

125.    ((2,), (1.5,), (4,), (0.0,)):
('K.58 Musescore', 'P1', 1, (202, 203), (39,), (4.0,), (39,), (4.0,))
('K.58 Musescore', 'P1', 2, (265, 266), (41,), (4.0,), (41,), (4.0,))
('K.58 Musescore', 'P1', 4, (127, 128), (41,), (4.0,), (41,), (4.0,))
('K.58 Musescore', 'P1', 4, (131, 132), (42,), (4.0,), (42,), (4.0,))
('K.58 Musescore', 'P1', 5, (119, 120), (41,), (4.0,), (41,), (4.0,))
('K.58 Musescore', 'P1', 5, (123, 124), (42,), (4.0,), (42,), (4.0,))

126.    ((-5,), (0.5,), (4,), (0.5,)):
('K.58 Musescore', 'P1', 1, (287, 288), (53,), (4.5,), (53,), (4.5,))
('K.58 Musescore', 'P1', 2, (93, 94), (16,), (4.5,), (16,), (4.5,))
('K.58 Musescore', 'P1', 2, (99, 100), (17,), (4.5,), (17,), (4.5,))
('K.58 Musescore', 'P1', 2, (142, 143), (23,), (4.5,), (23,), (4.5,))
('K.58 Musescore', 'P1', 5, (85, 86), (29,), (4.5,), (29,), (4.5,))
('K.58 Musescore', 'P1', 5, (89, 90), (30,), (4.5,), (30,), (4.5,))

127.    ((4,), (1.0,), (4,), (0.0,)):
('K.58 Musescore', 'P1', 2, (34, 35), (7,), (4.0,), (7,), (4.0,))
('K.58 Musescore', 'P1', 2, (54, 55), (10,), (4.0,), (10,), (4.0,))
('K.58 Musescore', 'P1', 4, (121, 122), (39,), (4.0,), (39,), (4.0,))
('K.58 Musescore', 'P1', 5, (81, 82), (28,), (4.0,), (28,), (4.0,))
('K.58 Musescore', 'P1', 5, (172, 173), (51,), (4.0,), (51,), (4.0,))
('K.58 Musescore', 'P1', 5, (176, 177), (52,), (4.0,), (52,), (4.0,))

128.    ((4,), (0.5,), (3,), (0.5,)):
('K.58 Musescore', 'P1', 2, (186, 187), (29,), (3.5,), (29,), (3.5,))
('K.58 Musescore', 'P1', 2, (193, 194), (30,), (3.5,), (30,), (3.5,))
('K.58 Musescore', 'P1', 4, (92, 93), (28,), (3.5,), (28,), (3.5,))
('K.58 Musescore', 'P1', 4, (130, 131), (42,), (3.5,), (42,), (3.5,))
('K.58 Musescore', 'P1', 4, (144, 145), (47,), (3.5,), (47,), (3.5,))
('K.58 Musescore', 'P1', 5, (122, 123), (42,), (3.5,), (42,), (3.5,))

129.    ((-5,), (0.5,), (2,), (0.5,)):
('K.58 Musescore', 'P1', 1, (321, 322), (58,), (2.5,), (58,), (2.5,))
('K.58 Musescore', 'P1', 2, (81, 82), (14,), (2.5,), (14,), (2.5,))
('K.58 Musescore', 'P1', 2, (89, 90), (15,), (2.5,), (15,), (2.5,))
('K.58 Musescore', 'P1', 2, (129, 130), (21,), (2.5,), (21,), (2.5,))
('K.58 Musescore', 'P1', 2, (334, 335), (51,), (2.5,), (51,), (2.5,))

130.    ((-2,), (1.0,), (3,), (0.0,)):
('K.58 Musescore', 'P1', 1, (241, 242), (47,), (3.0,), (47,), (3.0,))
('K.58 Musescore', 'P1', 1, (247, 248), (48,), (3.0,), (48,), (3.0,))
('K.58 Musescore', 'P1', 2, (62, 63), (12,), (3.0,), (12,), (3.0,))
('K.58 Musescore', 'P1', 2, (365, 366), (55,), (3.0,), (55,), (3.0,))
('K.58 Musescore', 'P1', 4, (19, 20), (12,), (3.0,), (12,), (3.0,))

131.    ((4,), (0.5,), (2,), (0.5,)):
('K.58 Musescore', 'P1', 1, (179, 180), (36,), (2.5,), (36,), (2.5,))
('K.58 Musescore', 'P1', 1, (223, 224), (43,), (2.5,), (43,), (2.5,))
('K.58 Musescore', 'P1', 2, (105, 106), (18,), (2.5,), (18,), (2.5,))
('K.58 Musescore', 'P1', 5, (83, 84), (29,), (2.5,), (29,), (2.5,))
('K.58 Musescore', 'P1', 5, (87, 88), (30,), (2.5,), (30,), (2.5,))

132.    ((2,), (1.5,), (1,), (0.0,)):
('K.58 Musescore', 'P1', 1, (19, 20), (7,), (1.0,), (7,), (1.0,))
('K.58 Musescore', 'P1', 4, (95, 96), (29,), (1.0,), (29,), (1.0,))
('K.58 Musescore', 'P1', 4, (99, 100), (30,), (1.0,), (30,), (1.0,))
('K.58 Musescore', 'P1', 4, (202, 203), (56,), (1.0,), (56,), (1.0,))
('K.58 Musescore', 'P1', 5, (86, 87), (30,), (1.0,), (30,), (1.0,))

133.    ((4,), (1.0,), (1,), (0.0,)):
('K.58 Musescore', 'P1', 2, (51, 52), (10,), (1.0,), (10,), (1.0,))
('K.58 Musescore', 'P1', 2, (100, 101), (17,), (1.0,), (17,), (1.0,))
('K.58 Musescore', 'P1', 2, (159, 160), (25,), (1.0,), (25,), (1.0,))
('K.58 Musescore', 'P1', 2, (250, 251), (38,), (1.0,), (38,), (1.0,))
('K.58 Musescore', 'P1', 5, (97, 98), (36,), (1.0,), (36,), (1.0,))

134.    ((-3,), (0.5,), (4,), (0.0,)):
('K.58 Musescore', 'P1', 1, (161, 162), (33,), (4.0,), (33,), (4.0,))
('K.58 Musescore', 'P1', 2, (293, 294), (45,), (4.0,), (45,), (4.0,))
('K.58 Musescore', 'P1', 2, (337, 338), (51,), (4.0,), (51,), (4.0,))
('K.58 Musescore', 'P1', 2, (343, 344), (52,), (4.0,), (52,), (4.0,))

135.    ((2,), (1.5,), (3,), (0.0,)):
('K.58 Musescore', 'P1', 1, (48, 49), (11,), (3.0,), (11,), (3.0,))
('K.58 Musescore', 'P1', 1, (314, 315), (57,), (3.0,), (57,), (3.0,))
('K.58 Musescore', 'P1', 5, (84, 85), (29,), (3.0,), (29,), (3.0,))
('K.58 Musescore', 'P1', 5, (88, 89), (30,), (3.0,), (30,), (3.0,))

136.    ((-3,), (0.5,), (3,), (0.0,)):
('K.58 Musescore', 'P1', 2, (349, 350), (53,), (3.0,), (53,), (3.0,))
('K.58 Musescore', 'P1', 4, (91, 92), (28,), (3.0,), (28,), (3.0,))
('K.58 Musescore', 'P1', 4, (177, 178), (52,), (3.0,), (52,), (3.0,))
('K.58 Musescore', 'P1', 5, (19, 20), (17,), (3.0,), (17,), (3.0,))

137.    ((3,), (0.5,), (4,), (0.5,)):
('K.58 Musescore', 'P1', 1, (162, 163), (33,), (4.5,), (33,), (4.5,))
('K.58 Musescore', 'P1', 2, (174, 175), (27,), (4.5,), (27,), (4.5,))
('K.58 Musescore', 'P1', 2, (305, 306), (47,), (4.5,), (47,), (4.5,))

138.    ((-3,), (0.5,), (2,), (0.0,)):
('K.58 Musescore', 'P1', 1, (178, 179), (36,), (2.0,), (36,), (2.0,))
('K.58 Musescore', 'P1', 2, (267, 268), (42,), (2.0,), (42,), (2.0,))
('K.58 Musescore', 'P1', 2, (314, 315), (49,), (2.0,), (49,), (2.0,))

139.    ((-2,), (1.0,), (2,), (0.5,)):
('K.58 Musescore', 'P1', 1, (299, 300), (55,), (2.5,), (55,), (2.5,))
('K.58 Musescore', 'P1', 2, (302, 303), (47,), (2.5,), (47,), (2.5,))
('K.58 Musescore', 'P1', 4, (169, 170), (51,), (2.5,), (51,), (2.5,))

140.    ((-2,), (2.0,), (2,), (0.0,)):
('K.58 Musescore', 'P1', 1, (84, 85), (18,), (2.0,), (18,), (2.0,))
('K.58 Musescore', 'P1', 1, (235, 236), (46,), (2.0,), (46,), (2.0,))
('K.58 Musescore', 'P1', 4, (116, 117), (38,), (2.0,), (38,), (2.0,))

141.    ((-4,), (0.5,), (4,), (0.0,)):
('K.58 Musescore', 'P1', 2, (173, 174), (27,), (4.0,), (27,), (4.0,))
('K.58 Musescore', 'P1', 2, (304, 305), (47,), (4.0,), (47,), (4.0,))
('K.58 Musescore', 'P1', 4, (200, 201), (55,), (4.0,), (55,), (4.0,))

142.    ((1,), (1.5,), (3,), (0.0,)):
('K.58 Musescore', 'P1', 2, (179, 180), (28,), (3.0,), (28,), (3.0,))
('K.58 Musescore', 'P1', 2, (371, 372), (56,), (3.0,), (56,), (3.0,))
('K.58 Musescore', 'P1', 4, (156, 157), (49,), (3.0,), (49,), (3.0,))

143.    ((4,), (0.5,), (4,), (0.5,)):
('K.58 Musescore', 'P1', 2, (294, 295), (45,), (4.5,), (45,), (4.5,))
('K.58 Musescore', 'P1', 4, (98, 99), (29,), (4.5,), (29,), (4.5,))
('K.58 Musescore', 'P1', 4, (102, 103), (30,), (4.5,), (30,), (4.5,))

144.    ((-3,), (0.5,), (1,), (0.0,)):
('K.58 Musescore', 'P1', 1, (34, 35), (10,), (1.0,), (10,), (1.0,))
('K.58 Musescore', 'P1', 2, (161, 162), (26,), (1.0,), (26,), (1.0,))

145.    ((-4,), (0.5,), (2,), (0.0,)):
('K.58 Musescore', 'P1', 1, (222, 223), (43,), (2.0,), (43,), (2.0,))
('K.58 Musescore', 'P1', 2, (163, 164), (26,), (2.0,), (26,), (2.0,))

146.    ((5,), (1.0,), (4,), (0.0,)):
('K.58 Musescore', 'P1', 1, (63, 64), (14,), (4.0,), (14,), (4.0,))
('K.58 Musescore', 'P1', 4, (20, 21), (12,), (4.0,), (12,), (4.0,))

147.    ((3,), (0.5,), (2,), (0.5,)):
('K.58 Musescore', 'P1', 2, (164, 165), (26,), (2.5,), (26,), (2.5,))
('K.58 Musescore', 'P1', 2, (268, 269), (42,), (2.5,), (42,), (2.5,))

148.    ((1,), (1.5,), (4,), (0.0,)):
('K.58 Musescore', 'P1', 2, (235, 236), (36,), (4.0,), (36,), (4.0,))
('K.58 Musescore', 'P1', 2, (287, 288), (44,), (4.0,), (44,), (4.0,))

149.    ((4,), (0.5,), (3,), (0.0,)):
('K.58 Musescore', 'P1', 2, (171, 172), (27,), (3.0,), (27,), (3.0,))
('K.58 Musescore', 'P1', 4, (143, 144), (47,), (3.0,), (47,), (3.0,))

150.    ((4,), (0.5,), (1,), (0.0,)):
('K.58 Musescore', 'P1', 2, (353, 354), (54,), (1.0,), (54,), (1.0,))
('K.58 Musescore', 'P1', 4, (148, 149), (47,), (1.0,), (47,), (1.0,))

151.    (((8, 1),), ((0.0, 1.0),), (3,), (0.0,)):
('K.58 Musescore', 'P1', 4, (12, 13), (10,), (3.0,), (10,), (3.0,))
('K.58 Musescore', 'P1', 4, (208, 209), (57,), (3.0,), (57,), (3.0,))

