1 .    ('nomes', 'K.372 KernScores') 

2 .    ('quantidade', 1) 

3 .    ('analise', 'sequęncias IntDiaDurPcompasso sem contidos e intercalados') 

1 .    (((-2, -2, -2, -2, 2), (1.0, 1.0, 1.0, 1.0, 1.0), (4.0, 5.0, 6.0, 1.0, 2.0)), [[('K.372 KernScores', 'P1', 1, (26, 31), (7, 4.0), (8, 2.0)), ('K.372 KernScores', 'P1', 1, (32, 37), (8, 4.0), (9, 2.0)), ('K.372 KernScores', 'P1', 1, (38, 43), (9, 4.0), (10, 2.0))], [('K.372 KernScores', 'P2', 1, (24, 29), (9, 4.0), (10, 2.0)), ('K.372 KernScores', 'P2', 1, (30, 35), (10, 4.0), (11, 2.0))]]) 

2 .    (((1, -3, -3, 5, 4), (1.0, 1.0, 1.0, 1.0, 1.0), (5.0, 6.0, 1.0, 2.0, 3.0)), [[('K.372 KernScores', 'P1', 1, (4, 9), (1, 5.0), (2, 3.0)), ('K.372 KernScores', 'P1', 1, (10, 15), (2, 5.0), (3, 3.0))], [('K.372 KernScores', 'P2', 1, (4, 9), (4, 5.0), (5, 3.0)), ('K.372 KernScores', 'P2', 1, (10, 15), (5, 5.0), (6, 3.0))]]) 

3 .    ((((6, -2), (6, -2), (6, -2), (6, -2), (6, 7)), ((0.0, 1.0), (0.0, 1.0), (0.0, 1.0), (0.0, 1.0), (0.0, 1.0)), (2.0, 3.0, 4.0, 5.0, 6.0)), [[('K.372 KernScores', 'P1', 1, (99, 104), (26, 2.0), (26, 6.0)), ('K.372 KernScores', 'P1', 1, (105, 110), (28, 2.0), (28, 6.0))], [('K.372 KernScores', 'P1', 1, (215, 220), (58, 2.0), (58, 6.0)), ('K.372 KernScores', 'P1', 1, (221, 226), (60, 2.0), (60, 6.0))]]) 

4 .    ((((6, -2), (6, -2), (6, -2), (6, -2), (6, 2)), ((0.0, 1.0), (0.0, 1.0), (0.0, 1.0), (0.0, 1.0), (0.0, 1.0)), (2.0, 3.0, 4.0, 5.0, 6.0)), [[('K.372 KernScores', 'P2', 1, (89, 94), (27, 2.0), (27, 6.0)), ('K.372 KernScores', 'P2', 1, (95, 100), (29, 2.0), (29, 6.0))], [('K.372 KernScores', 'P2', 1, (181, 186), (59, 2.0), (59, 6.0)), ('K.372 KernScores', 'P2', 1, (187, 192), (61, 2.0), (61, 6.0))]]) 

