1 .    ('nomes', 'K.163 Musescore') 

2 .    ('quantidade', 1) 

3 .    ('analise', 'recorręncias IntDiaDurPcompasso sem contidos e intercalados') 

1 .    (((1, 3, 3, 4, -5, -2, -2, -2, 3, 3, 4, -5, -2, -2, -2, 8, -2, 1, -2, -3, -2, 2, 2, -5, -2), (3.0, 0.33, 0.33, 0.33, 1.0, 2.0, 1.0, 1.0, 0.33, 0.33, 0.33, 1.0, 2.0, 1.0, 1.0, 0.33, 0.33, 0.33, 3.0, 1.0, 1.0, 0.33, 0.33, 0.33, 1.0), (1.0, 1.0, 1.33, 1.67, 2.0, 3.0, 2.0, 3.0, 1.0, 1.33, 1.67, 2.0, 3.0, 2.0, 3.0, 1.0, 1.33, 1.67, 2.0, 2.0, 3.0, 1.0, 1.33, 1.67, 2.0)), [('K.163 Musescore', 'P1', 1, (38, 63), (16, 1.0), (23, 2.0)), ('K.163 Musescore', 'P1', 1, (64, 89), (24, 1.0), (31, 2.0))]) 

2 .    (((5, -3, -3, -4, 3, (5, 4), -2, 4, -3, -3, -4, 3, (5, 4), -2, 4, -3, -3, -4), (3.0, 0.33, 0.33, 0.33, 1.0, (0.0, 2.0), 1.0, 1.0, 0.33, 0.33, 0.33, 1.0, (0.0, 2.0), 1.0, 1.0, 0.33, 0.33, 0.33), (1.0, 1.0, 1.33, 1.67, 2.0, 3.0, 2.0, 3.0, 1.0, 1.33, 1.67, 2.0, 3.0, 2.0, 3.0, 1.0, 1.33, 1.67)), [('K.163 Musescore', 'P1', 1, (128, 146), (48, 1.0), (53, 1.67)), ('K.163 Musescore', 'P1', 1, (156, 174), (56, 1.0), (61, 1.67))]) 

3 .    (((3, 3, 4, -4, -5, 5, 4, -4, -5, 5, 4, 2, 2, 2, -8, 2, -8), (1.0, 1.0, 1.0, 2.0, 1.0, 2.0, 1.0, 2.0, 1.0, 2.0, 1.0, 1.0, 1.0, 1.0, 2.0, 1.0, 2.0), (1.0, 2.0, 3.0, 1.0, 3.0, 1.0, 3.0, 1.0, 3.0, 1.0, 3.0, 1.0, 2.0, 3.0, 1.0, 3.0, 1.0)), [('K.163 Musescore', 'P1', 3, (41, 58), (16, 1.0), (23, 1.0)), ('K.163 Musescore', 'P1', 3, (59, 76), (24, 1.0), (31, 1.0))]) 

4 .    (((2, 2, -2, -2, -2, -6, 2, 2, 2, 2, 2, -4, -2, -2, -2), (1.0, 1.0, 1.0, 1.0, 1.0, 1.0, 1.0, 1.0, 1.0, 1.0, 1.0, 1.0, 1.0, 1.0, 1.0), (1.0, 2.0, 3.0, 1.0, 2.0, 3.0, 1.0, 2.0, 3.0, 1.0, 2.0, 3.0, 1.0, 2.0, 3.0)), [('K.163 Musescore', 'P1', 1, (6, 21), (3, 1.0), (7, 3.0)), ('K.163 Musescore', 'P1', 1, (97, 112), (35, 1.0), (39, 3.0))]) 

5 .    (((5, 4, 5, -3, -2, -2, 5, -3, -2, -2, 4), (2.0, 1.0, 2.0, 1.0, 2.0, 1.0, 2.0, 1.0, 1.0, 1.0, 1.0), (1.0, 3.0, 1.0, 3.0, 1.0, 3.0, 1.0, 3.0, 1.0, 2.0, 3.0)), [('K.163 Musescore', 'P1', 3, (124, 135), (49, 1.0), (53, 3.0)), ('K.163 Musescore', 'P1', 3, (143, 154), (57, 1.0), (61, 3.0))]) 

6 .    (((2, 2, 2, 2, 2, 2, 2, -4), (1.0, 1.0, 1.0, 1.0, 1.0, 1.0, 2.0, 1.0), (1.0, 2.0, 3.0, 1.0, 2.0, 3.0, 1.0, 3.0)), [('K.163 Musescore', 'P1', 3, (10, 18), (5, 1.0), (7, 3.0)), ('K.163 Musescore', 'P1', 3, (91, 99), (37, 1.0), (39, 3.0))]) 

7 .    (((2, 2, 2, 2, 2), (1.0, 1.0, 1.0, 1.0, 1.0), (1.0, 2.0, 3.0, 1.0, 2.0)), [('K.163 Musescore', 'P1', 1, (91, 96), (33, 1.0), (34, 2.0)), ('K.163 Musescore', 'P1', 3, (0, 5), (1, 1.0), (2, 2.0)), ('K.163 Musescore', 'P1', 3, (33, 38), (13, 1.0), (14, 2.0)), ('K.163 Musescore', 'P1', 3, (80, 85), (33, 1.0), (34, 2.0))]) 

8 .    (((2, 2, 2, -2, 1), (1.0, 1.0, 1.0, 1.0, 1.0), (3.0, 1.0, 2.0, 3.0, 1.0)), [('K.163 Musescore', 'P1', 3, (20, 25), (8, 3.0), (10, 1.0)), ('K.163 Musescore', 'P1', 3, (26, 31), (10, 3.0), (12, 1.0))]) 

9 .    (((2, -2, 1, 2, -2), (1.0, 2.0, 3.0, 1.0, 2.0), (3.0, 1.0, 3.0, 3.0, 1.0)), [('K.163 Musescore', 'P1', 2, (1, 6), (17, 3.0), (20, 1.0)), ('K.163 Musescore', 'P1', 2, (7, 12), (25, 3.0), (28, 1.0))]) 

10 .    (((2, 2, 2), (1.0, 1.0, 1.0), (1.0, 2.0, 3.0)), [('K.163 Musescore', 'P1', 1, (30, 33), (13, 1.0), (13, 3.0)), ('K.163 Musescore', 'P1', 1, (148, 151), (54, 1.0), (54, 3.0)), ('K.163 Musescore', 'P1', 3, (104, 107), (42, 1.0), (42, 3.0)), ('K.163 Musescore', 'P1', 3, (113, 116), (45, 1.0), (45, 3.0))]) 

11 .    (((2, 2, -7), (1.0, 1.0, 1.0), (1.0, 2.0, 3.0)), [('K.163 Musescore', 'P1', 1, (0, 3), (1, 1.0), (1, 3.0)), ('K.163 Musescore', 'P1', 1, (22, 25), (9, 1.0), (9, 3.0)), ('K.163 Musescore', 'P1', 1, (26, 29), (11, 1.0), (11, 3.0)), ('K.163 Musescore', 'P1', 1, (117, 120), (43, 1.0), (43, 3.0))]) 

12 .    (((1, -2, 2), (0.0, 2.0, 0.0), (2.0, 2.0, 1.0)), [('K.163 Musescore', 'P1', 1, (124, 127), (47, 2.0), (47, 1.0)), ('K.163 Musescore', 'P1', 1, (185, 188), (63, 2.0), (63, 1.0))]) 

13 .    (((8, 2, -8), (1.0, 1.0, 2.0), (2.0, 3.0, 1.0)), [('K.163 Musescore', 'P1', 3, (117, 120), (46, 2.0), (47, 1.0)), ('K.163 Musescore', 'P1', 3, (155, 158), (62, 2.0), (63, 1.0))]) 

14 .    (((-2, 2, -2), (2.0, 4.0, 2.0), (1.0, 3.0, 1.0)), [('K.163 Musescore', 'P1', 2, (13, 16), (50, 1.0), (52, 1.0)), ('K.163 Musescore', 'P1', 2, (17, 20), (58, 1.0), (60, 1.0))]) 

15 .    (((2, 2), (1.0, 1.0), (1.0, 2.0)), [('K.163 Musescore', 'P1', 1, (113, 115), (41, 1.0), (41, 2.0)), ('K.163 Musescore', 'P1', 1, (121, 123), (45, 1.0), (45, 2.0))]) 

16 .    (((3, 3), (1.0, 1.0), (1.0, 2.0)), [('K.163 Musescore', 'P1', 3, (77, 79), (32, 1.0), (32, 2.0)), ('K.163 Musescore', 'P1', 3, (140, 142), (56, 1.0), (56, 2.0))]) 

17 .    (((-4, -3), (1.0, 1.0), (1.0, 2.0)), [('K.163 Musescore', 'P1', 3, (88, 90), (36, 1.0), (36, 2.0)), ('K.163 Musescore', 'P1', 3, (110, 112), (44, 1.0), (44, 2.0)), ('K.163 Musescore', 'P1', 3, (121, 123), (48, 1.0), (48, 2.0))]) 

18 .    (((2,), (1.0,), (2.0,)), [('K.163 Musescore', 'P1', 1, (4, 5), (2, 2.0), (2, 2.0)), ('K.163 Musescore', 'P1', 3, (136, 137), (54, 2.0), (54, 2.0))]) 

19 .    (((-2,), (1.0,), (2.0,)), [('K.163 Musescore', 'P1', 3, (7, 8), (3, 2.0), (3, 2.0)), ('K.163 Musescore', 'P1', 3, (108, 109), (43, 2.0), (43, 2.0))]) 

20 .    (((-8,), (2.0,), (1.0,)), [('K.163 Musescore', 'P1', 3, (39, 40), (15, 1.0), (15, 1.0)), ('K.163 Musescore', 'P1', 3, (138, 139), (55, 1.0), (55, 1.0))]) 

