1 .    ('nomes', 'K.425 KernScores') 

2 .    ('quantidade', 1) 

3 .    ('analise', 'sequęncias IntDiaDurPtempo sem contidos e intercalados') 

1 .    (((4, -4, 5, -5, 6, -6, 7, -2, -2, -2, -14, -5), (1.0, 2.0, 1.0, 2.0, 1.0, 2.0, 1.0, 1.0, 1.0, 1.0, 1.0, 3.0), 0.0), [[('K.425 KernScores', 'P2', 1, (51, 63), (29, 2.0), (34, 1.0)), ('K.425 KernScores', 'P2', 1, (64, 76), (37, 2.0), (42, 1.0))], [('K.425 KernScores', 'P2', 1, (187, 199), (107, 2.0), (112, 1.0)), ('K.425 KernScores', 'P2', 1, (200, 212), (115, 2.0), (120, 1.0))]]) 

2 .    (((-4, 6, -2, -2, 5, -8, 7, -2, -2), (1.0, 0.5, 0.5, 0.5, 0.5, 1.0, 0.5, 0.5, 0.5), 0.0), [[('K.425 KernScores', 'P1', 1, (102, 111), (49, 1.0), (50, 3.0)), ('K.425 KernScores', 'P1', 1, (112, 121), (51, 1.0), (52, 3.0))], [('K.425 KernScores', 'P1', 1, (142, 151), (57, 1.0), (58, 3.0)), ('K.425 KernScores', 'P1', 1, (152, 161), (59, 1.0), (60, 3.0))], [('K.425 KernScores', 'P1', 1, (305, 314), (127, 1.0), (128, 3.0)), ('K.425 KernScores', 'P1', 1, (315, 324), (129, 1.0), (130, 3.0))], [('K.425 KernScores', 'P1', 1, (345, 354), (135, 1.0), (136, 3.0)), ('K.425 KernScores', 'P1', 1, (355, 364), (137, 1.0), (138, 3.0))]]) 

3 .    (((2, 2, -2, -2), (1.0, 1.0, 2.0, 1.0), 0.0), [[('K.425 KernScores', 'P1', 1, (75, 79), (41, 1.0), (42, 2.0)), ('K.425 KernScores', 'P1', 1, (80, 84), (43, 1.0), (44, 2.0))], [('K.425 KernScores', 'P1', 1, (278, 282), (119, 1.0), (120, 2.0)), ('K.425 KernScores', 'P1', 1, (283, 287), (121, 1.0), (122, 2.0))]]) 

4 .    (((-3, 3, 2, -8), (1.0, 1.0, 1.0, 2.0), 0.0), [[('K.425 KernScores', 'P2', 1, (90, 94), (52, 1.0), (53, 1.0)), ('K.425 KernScores', 'P2', 1, (95, 99), (54, 1.0), (55, 1.0))], [('K.425 KernScores', 'P2', 1, (246, 250), (138, 1.0), (139, 1.0)), ('K.425 KernScores', 'P2', 1, (251, 255), (140, 1.0), (141, 1.0))]]) 

5 .    (((-2, -3), (1.0, 1.0), 0.0), [[('K.425 KernScores', 'P2', 1, (103, 105), (57, 3.0), (58, 1.0)), ('K.425 KernScores', 'P2', 1, (106, 108), (58, 3.0), (59, 1.0)), ('K.425 KernScores', 'P2', 1, (109, 111), (59, 3.0), (60, 1.0))]]) 

6 .    (((-2, -2, -2), (0.5, 0.5, 0.5), 0.5), [[('K.425 KernScores', 'P1', 1, (132, 135), (54, 3.5), (55, 1.5)), ('K.425 KernScores', 'P1', 1, (136, 139), (55, 2.5), (55, 3.5))], [('K.425 KernScores', 'P1', 1, (295, 298), (124, 3.5), (125, 1.5)), ('K.425 KernScores', 'P1', 1, (299, 302), (125, 2.5), (125, 3.5))], [('K.425 KernScores', 'P1', 1, (335, 338), (132, 3.5), (133, 1.5)), ('K.425 KernScores', 'P1', 1, (339, 342), (133, 2.5), (133, 3.5))]]) 

7 .    ((((3, 2), (3, 2)), ((0.0, 1.0), (0.0, 1.0)), 0.0), [[('K.425 KernScores', 'P1', 1, (190, 192), (70, 1.0), (70, 2.0)), ('K.425 KernScores', 'P1', 1, (193, 195), (71, 1.0), (71, 2.0))], [('K.425 KernScores', 'P1', 1, (202, 204), (78, 1.0), (78, 2.0)), ('K.425 KernScores', 'P1', 1, (205, 207), (79, 1.0), (79, 2.0))]]) 

