1.    nomes:
K.10 Musicalion

2.    quantidade:
1

3.    analise:
[('intDia', 'p1p2'), ('duracao', 'p1p2'), ('Ptempo', 'p1')] SemContInte Distancia: 0

1.    ((-2, -2, 2, 4, -2, -2, -2, -2, -2, -2, -2, 7, -2, -2, 2, -2, -2, 2, 4, -2, -2, -2, -2, -2, -2, -2, -2, -2, -2, 2, (6, -2), (6, 2), (6, 7), -2, -2, -2, -2, -2, -2, -2, -2, -2, 4, 3, 4, -6, -2, 6, -5, 6, -5, 6, -5, 6, -5, 6), (0.5, 0.5, 2.0, 0.12, 0.12, 0.12, 0.12, 0.12, 0.12, 0.12, 0.12, 0.12, 0.12, 0.12, 1.62, 0.5, 0.5, 2.0, 0.12, 0.12, 0.12, 0.12, 0.12, 0.12, 0.12, 0.12, 0.12, 0.12, 0.12, 1.62, (0.0, 0.5), (0.0, 0.5), (0.0, 2.0), 0.12, 0.12, 0.12, 0.12, 0.12, 0.12, 0.12, 0.12, 0.25, 1.75, 0.25, 0.25, 0.25, 0.25, 0.25, 1.75, 0.25, 0.25, 0.25, 0.25, 0.25, 1.75, 0.25), (0.0,)):
('K.10 Musicalion', 'P1', 1, (103, 159), (23,), (1.0,), (31,), (1.0,))
('K.10 Musicalion', 'P1', 1, (339, 395), (62,), (1.0,), (70,), (1.0,))

2.    ((-2, 8, -2, -2, -2, -2, -2, -2, -2, -2, -2, -2, 2, (6, -2), (6, 2), (6, 7), -2, -2, -2, -2, -2, -2, -2, -2, -2, 4, 3, 4, -6, -2, 6), (2.0, 0.12, 0.12, 0.12, 0.12, 0.12, 0.12, 0.12, 0.12, 0.12, 0.12, 0.12, 1.62, (0.0, 0.5), (0.0, 0.5), (0.0, 2.0), 0.12, 0.12, 0.12, 0.12, 0.12, 0.12, 0.12, 0.12, 0.25, 1.75, 0.25, 0.25, 0.25, 0.25, 0.25), (0.0,)):
('K.10 Musicalion', 'P1', 1, (162, 193), (31,), (2.0,), (35,), (2.0,))
('K.10 Musicalion', 'P1', 1, (397, 428), (70,), (2.0,), (74,), (2.0,))

3.    ((11, -8, 5, -8, 4, -8, 5, 1, 8, 2, -3, 2, -5), (3.0, 0.25, 0.25, 0.25, 0.25, 0.25, 1.75, 0.5, 0.5, 2.0, 0.5, 0.5, 2.0), (0.0,)):
('K.10 Musicalion', 'P1', 3, (91, 104), (26,), (1.0,), (29,), (2.0,))
('K.10 Musicalion', 'P1', 3, (110, 123), (32,), (1.0,), (35,), (2.0,))

4.    ((-8, 5, -8, 11, -8, 5, -8, 12, 2, 2, 2, 2), (0.25, 0.25, 0.25, 5.25, 0.25, 0.25, 0.25, 12.5, 2.0, 0.5, 0.5, 2.0), (0.0,)):
('K.10 Musicalion', 'P1', 2, (6, 18), (23,), (1.0,), (30,), (2.25,))
('K.10 Musicalion', 'P1', 2, (42, 54), (62,), (1.0,), (69,), (2.25,))

5.    ((-8, 5, -8, 4, -8, -4, (8, 8), 8, -7, (8, -3), (8, 2), (8, -5)), (0.25, 0.25, 0.25, 0.25, 0.25, 1.75, (0.0, 0.5), 0.5, 2.0, (0.0, 0.5), (0.0, 0.5), (0.0, 2.0)), (0.0,)):
('K.10 Musicalion', 'P1', 3, (198, 210), (66,), (1.0,), (68,), (2.0,))
('K.10 Musicalion', 'P1', 3, (219, 231), (72,), (1.0,), (74,), (2.0,))

6.    ((-2, 6, -7, 3, 4, -6, -2, 6), (0.25, 0.25, 1.75, 0.25, 0.25, 0.25, 0.25, 0.25), (0.75,)):
('K.10 Musicalion', 'P1', 1, (3, 11), (1,), (1.75,), (2,), (2.0,))
('K.10 Musicalion', 'P1', 1, (39, 47), (9,), (1.75,), (10,), (2.0,))

7.    ((3, 3, 4, -8, 2, 6, -7), (0.25, 0.25, 0.25, 0.25, 1.75, 0.25, 0.25), (0.25,)):
('K.10 Musicalion', 'P1', 1, (76, 83), (18,), (1.25,), (19,), (1.25,))
('K.10 Musicalion', 'P1', 1, (223, 230), (42,), (1.25,), (43,), (1.25,))

8.    ((6, -7, 6, -7, 6, -7, 6), (0.25, 1.75, 0.25, 0.25, 0.25, 0.25, 0.25), (0.0,)):
('K.10 Musicalion', 'P1', 1, (199, 206), (37,), (2.0,), (38,), (2.0,))
('K.10 Musicalion', 'P1', 1, (211, 218), (39,), (2.0,), (40,), (2.0,))

9.    ((-2, -2, -2, -2, -2, -2), (0.12, 0.12, 0.12, 0.12, 0.12, 0.12), (0.12,)):
('K.10 Musicalion', 'P1', 1, (92, 98), (22,), (1.12,), (22,), (1.75,))
('K.10 Musicalion', 'P1', 1, (107, 113), (24,), (1.12,), (24,), (1.75,))
('K.10 Musicalion', 'P1', 1, (122, 128), (26,), (1.12,), (26,), (1.75,))
('K.10 Musicalion', 'P1', 1, (137, 143), (28,), (1.12,), (28,), (1.75,))
('K.10 Musicalion', 'P1', 1, (164, 170), (32,), (1.12,), (32,), (1.75,))
('K.10 Musicalion', 'P1', 1, (179, 185), (34,), (1.12,), (34,), (1.75,))
('K.10 Musicalion', 'P1', 1, (239, 245), (46,), (1.12,), (46,), (1.75,))
('K.10 Musicalion', 'P1', 1, (254, 260), (48,), (1.12,), (48,), (1.75,))
('K.10 Musicalion', 'P1', 1, (272, 278), (51,), (1.12,), (51,), (1.75,))
('K.10 Musicalion', 'P1', 1, (287, 293), (53,), (1.12,), (53,), (1.75,))
('K.10 Musicalion', 'P1', 1, (305, 311), (56,), (1.12,), (56,), (1.75,))
('K.10 Musicalion', 'P1', 1, (320, 326), (58,), (1.12,), (58,), (1.75,))
('K.10 Musicalion', 'P1', 1, (343, 349), (63,), (1.12,), (63,), (1.75,))
('K.10 Musicalion', 'P1', 1, (358, 364), (65,), (1.12,), (65,), (1.75,))
('K.10 Musicalion', 'P1', 1, (373, 379), (67,), (1.12,), (67,), (1.75,))
('K.10 Musicalion', 'P1', 1, (399, 405), (71,), (1.12,), (71,), (1.75,))
('K.10 Musicalion', 'P1', 1, (414, 420), (73,), (1.12,), (73,), (1.75,))
('K.10 Musicalion', 'P1', 3, (185, 191), (61,), (1.12,), (61,), (1.75,))

10.    ((4, 3, 3, 4, 3, 3), (2.0, 0.25, 0.25, 0.25, 0.25, 0.25), (0.0,)):
('K.10 Musicalion', 'P1', 3, (45, 51), (12,), (2.0,), (13,), (2.0,))
('K.10 Musicalion', 'P1', 3, (133, 139), (40,), (2.0,), (41,), (2.0,))

11.    ((2, 2, 2, 2, -5), (1.0, 2.0, 0.5, 0.5, 2.0), (0.0,)):
('K.10 Musicalion', 'P1', 3, (0, 5), (1,), (1.0,), (2,), (2.0,))
('K.10 Musicalion', 'P1', 3, (5, 10), (3,), (1.0,), (4,), (2.0,))

12.    ((1, 1, 1, 1, 1), (0.5, 0.5, 2.0, 0.5, 0.5), (0.0,)):
('K.10 Musicalion', 'P1', 3, (76, 81), (18,), (1.0,), (19,), (1.5,))
('K.10 Musicalion', 'P1', 3, (140, 145), (42,), (1.0,), (43,), (1.5,))

13.    ((6, -7, 3, 4), (0.25, 1.75, 0.25, 0.25), (0.0,)):
('K.10 Musicalion', 'P1', 1, (4, 8), (1,), (2.0,), (2,), (1.25,))
('K.10 Musicalion', 'P1', 1, (40, 44), (9,), (2.0,), (10,), (1.25,))
('K.10 Musicalion', 'P1', 3, (14, 18), (5,), (2.0,), (6,), (1.25,))

14.    ((6, -7, 6, -7), (0.25, 0.25, 0.25, 1.75), (0.5,)):
('K.10 Musicalion', 'P1', 3, (24, 28), (7,), (1.5,), (7,), (2.25,))
('K.10 Musicalion', 'P1', 3, (30, 34), (8,), (1.5,), (8,), (2.25,))

15.    ((-8, 5, -8), (0.25, 0.25, 0.25), (0.0,)):
('K.10 Musicalion', 'P1', 2, (2, 5), (21,), (1.0,), (21,), (1.5,))
('K.10 Musicalion', 'P1', 2, (6, 9), (23,), (1.0,), (23,), (1.5,))
('K.10 Musicalion', 'P1', 2, (10, 13), (25,), (1.0,), (25,), (1.5,))
('K.10 Musicalion', 'P1', 2, (42, 45), (62,), (1.0,), (62,), (1.5,))
('K.10 Musicalion', 'P1', 2, (46, 49), (64,), (1.0,), (64,), (1.5,))
('K.10 Musicalion', 'P1', 3, (92, 95), (27,), (1.0,), (27,), (1.5,))
('K.10 Musicalion', 'P1', 3, (111, 114), (33,), (1.0,), (33,), (1.5,))
('K.10 Musicalion', 'P1', 3, (198, 201), (66,), (1.0,), (66,), (1.5,))
('K.10 Musicalion', 'P1', 3, (219, 222), (72,), (1.0,), (72,), (1.5,))

16.    ((6, -7, 6), (0.25, 0.25, 0.25), (0.5,)):
('K.10 Musicalion', 'P1', 1, (203, 206), (38,), (1.5,), (38,), (2.0,))
('K.10 Musicalion', 'P1', 1, (215, 218), (40,), (1.5,), (40,), (2.0,))
('K.10 Musicalion', 'P1', 3, (24, 27), (7,), (1.5,), (7,), (2.0,))
('K.10 Musicalion', 'P1', 3, (30, 33), (8,), (1.5,), (8,), (2.0,))

17.    ((8, -2, -2), (0.25, 0.5, 0.5), (0.0,)):
('K.10 Musicalion', 'P1', 2, (25, 28), (49,), (1.0,), (49,), (1.75,))
('K.10 Musicalion', 'P1', 2, (33, 36), (54,), (1.0,), (54,), (1.75,))
('K.10 Musicalion', 'P1', 3, (177, 180), (59,), (1.0,), (59,), (1.75,))

18.    ((-2, -2, -2), (2.0, 0.5, 0.5), (0.0,)):
('K.10 Musicalion', 'P1', 1, (29, 32), (6,), (2.0,), (7,), (1.5,))
('K.10 Musicalion', 'P1', 1, (32, 35), (7,), (2.0,), (8,), (1.5,))

19.    ((-3, 7, -2), (0.5, 0.5, 2.0), (0.0,)):
('K.10 Musicalion', 'P1', 1, (63, 66), (14,), (1.0,), (14,), (2.0,))
('K.10 Musicalion', 'P1', 1, (66, 69), (15,), (1.0,), (15,), (2.0,))

20.    ((-9, 6, -7), (0.25, 0.25, 1.75), (0.75,)):
('K.10 Musicalion', 'P1', 3, (13, 16), (5,), (1.75,), (5,), (2.25,))
('K.10 Musicalion', 'P1', 3, (19, 22), (6,), (1.75,), (6,), (2.25,))

21.    ((4, -8), (0.25, 0.25), (0.75,)):
('K.10 Musicalion', 'P1', 1, (78, 80), (18,), (1.75,), (18,), (2.0,))
('K.10 Musicalion', 'P1', 1, (225, 227), (42,), (1.75,), (42,), (2.0,))
('K.10 Musicalion', 'P1', 3, (95, 97), (27,), (1.75,), (27,), (2.0,))
('K.10 Musicalion', 'P1', 3, (114, 116), (33,), (1.75,), (33,), (2.0,))
('K.10 Musicalion', 'P1', 3, (148, 150), (45,), (1.75,), (45,), (2.0,))
('K.10 Musicalion', 'P1', 3, (153, 155), (47,), (1.75,), (47,), (2.0,))
('K.10 Musicalion', 'P1', 3, (158, 160), (50,), (1.75,), (50,), (2.0,))
('K.10 Musicalion', 'P1', 3, (163, 165), (52,), (1.75,), (52,), (2.0,))
('K.10 Musicalion', 'P1', 3, (168, 170), (55,), (1.75,), (55,), (2.0,))
('K.10 Musicalion', 'P1', 3, (173, 175), (57,), (1.75,), (57,), (2.0,))
('K.10 Musicalion', 'P1', 3, (201, 203), (66,), (1.75,), (66,), (2.0,))
('K.10 Musicalion', 'P1', 3, (222, 224), (72,), (1.75,), (72,), (2.0,))

22.    ((3, 3), (0.25, 0.25), (0.0,)):
('K.10 Musicalion', 'P1', 1, (36, 38), (9,), (1.0,), (9,), (1.25,))
('K.10 Musicalion', 'P1', 3, (10, 12), (5,), (1.0,), (5,), (1.25,))
('K.10 Musicalion', 'P1', 3, (46, 48), (13,), (1.0,), (13,), (1.25,))
('K.10 Musicalion', 'P1', 3, (52, 54), (14,), (1.0,), (14,), (1.25,))
('K.10 Musicalion', 'P1', 3, (58, 60), (15,), (1.0,), (15,), (1.25,))
('K.10 Musicalion', 'P1', 3, (64, 66), (16,), (1.0,), (16,), (1.25,))
('K.10 Musicalion', 'P1', 3, (70, 72), (17,), (1.0,), (17,), (1.25,))
('K.10 Musicalion', 'P1', 3, (134, 136), (41,), (1.0,), (41,), (1.25,))

23.    ((6, -7), (0.25, 1.75), (0.0,)):
('K.10 Musicalion', 'P1', 1, (16, 18), (3,), (2.0,), (3,), (2.25,))
('K.10 Musicalion', 'P1', 1, (58, 60), (12,), (2.0,), (12,), (2.25,))
('K.10 Musicalion', 'P1', 1, (211, 213), (39,), (2.0,), (39,), (2.25,))
('K.10 Musicalion', 'P1', 1, (427, 429), (74,), (2.0,), (74,), (2.25,))
('K.10 Musicalion', 'P1', 3, (20, 22), (6,), (2.0,), (6,), (2.25,))

24.    ((2, 2), (0.5, 0.5), (0.0,)):
('K.10 Musicalion', 'P1', 1, (334, 336), (60,), (1.0,), (60,), (1.5,))
('K.10 Musicalion', 'P1', 3, (2, 4), (2,), (1.0,), (2,), (1.5,))
('K.10 Musicalion', 'P1', 3, (7, 9), (4,), (1.0,), (4,), (1.5,))
('K.10 Musicalion', 'P1', 3, (104, 106), (30,), (1.0,), (30,), (1.5,))
('K.10 Musicalion', 'P1', 3, (107, 109), (31,), (1.0,), (31,), (1.5,))

25.    ((-7, 6), (0.25, 0.25), (0.25,)):
('K.10 Musicalion', 'P1', 1, (82, 84), (19,), (1.25,), (19,), (1.5,))
('K.10 Musicalion', 'P1', 1, (202, 204), (38,), (1.25,), (38,), (1.5,))
('K.10 Musicalion', 'P1', 1, (214, 216), (40,), (1.25,), (40,), (1.5,))
('K.10 Musicalion', 'P1', 2, (54, 56), (70,), (1.25,), (70,), (1.5,))

26.    ((4, 2), (0.25, 1.75), (0.0,)):
('K.10 Musicalion', 'P1', 1, (22, 24), (4,), (2.0,), (4,), (2.25,))
('K.10 Musicalion', 'P1', 1, (85, 87), (19,), (2.0,), (19,), (2.25,))

27.    ((8, -5), (0.5, 2.0), (0.5,)):
('K.10 Musicalion', 'P1', 1, (70, 72), (16,), (1.5,), (16,), (2.0,))
('K.10 Musicalion', 'P1', 1, (73, 75), (17,), (1.5,), (17,), (2.0,))

28.    ((1, 1), (0.5, 0.5), (0.0,)):
('K.10 Musicalion', 'P1', 3, (40, 42), (11,), (1.0,), (11,), (1.5,))
('K.10 Musicalion', 'P1', 3, (43, 45), (12,), (1.0,), (12,), (1.5,))

29.    (((8, 2), (8, 2)), ((0.0, 0.5), (0.0, 0.5)), (0.0,)):
('K.10 Musicalion', 'P1', 3, (210, 212), (69,), (1.0,), (69,), (1.5,))
('K.10 Musicalion', 'P1', 3, (213, 215), (70,), (1.0,), (70,), (1.5,))

30.    ((-8,), (0.25,), (0.0,)):
('K.10 Musicalion', 'P1', 1, (79, 80), (18,), (2.0,), (18,), (2.0,))
('K.10 Musicalion', 'P1', 1, (226, 227), (42,), (2.0,), (42,), (2.0,))
('K.10 Musicalion', 'P1', 2, (2, 3), (21,), (1.0,), (21,), (1.0,))
('K.10 Musicalion', 'P1', 2, (6, 7), (23,), (1.0,), (23,), (1.0,))
('K.10 Musicalion', 'P1', 2, (10, 11), (25,), (1.0,), (25,), (1.0,))
('K.10 Musicalion', 'P1', 2, (21, 22), (45,), (1.0,), (45,), (1.0,))
('K.10 Musicalion', 'P1', 2, (23, 24), (47,), (1.0,), (47,), (1.0,))
('K.10 Musicalion', 'P1', 2, (29, 30), (50,), (1.0,), (50,), (1.0,))
('K.10 Musicalion', 'P1', 2, (31, 32), (52,), (1.0,), (52,), (1.0,))
('K.10 Musicalion', 'P1', 2, (37, 38), (55,), (1.0,), (55,), (1.0,))
('K.10 Musicalion', 'P1', 2, (39, 40), (57,), (1.0,), (57,), (1.0,))
('K.10 Musicalion', 'P1', 2, (42, 43), (62,), (1.0,), (62,), (1.0,))
('K.10 Musicalion', 'P1', 2, (46, 47), (64,), (1.0,), (64,), (1.0,))
('K.10 Musicalion', 'P1', 3, (83, 84), (21,), (2.0,), (21,), (2.0,))
('K.10 Musicalion', 'P1', 3, (86, 87), (23,), (2.0,), (23,), (2.0,))
('K.10 Musicalion', 'P1', 3, (89, 90), (25,), (2.0,), (25,), (2.0,))
('K.10 Musicalion', 'P1', 3, (92, 93), (27,), (1.0,), (27,), (1.0,))
('K.10 Musicalion', 'P1', 3, (96, 97), (27,), (2.0,), (27,), (2.0,))
('K.10 Musicalion', 'P1', 3, (111, 112), (33,), (1.0,), (33,), (1.0,))
('K.10 Musicalion', 'P1', 3, (115, 116), (33,), (2.0,), (33,), (2.0,))
('K.10 Musicalion', 'P1', 3, (149, 150), (45,), (2.0,), (45,), (2.0,))
('K.10 Musicalion', 'P1', 3, (154, 155), (47,), (2.0,), (47,), (2.0,))
('K.10 Musicalion', 'P1', 3, (159, 160), (50,), (2.0,), (50,), (2.0,))
('K.10 Musicalion', 'P1', 3, (164, 165), (52,), (2.0,), (52,), (2.0,))
('K.10 Musicalion', 'P1', 3, (169, 170), (55,), (2.0,), (55,), (2.0,))
('K.10 Musicalion', 'P1', 3, (174, 175), (57,), (2.0,), (57,), (2.0,))
('K.10 Musicalion', 'P1', 3, (192, 193), (62,), (2.0,), (62,), (2.0,))
('K.10 Musicalion', 'P1', 3, (195, 196), (64,), (2.0,), (64,), (2.0,))
('K.10 Musicalion', 'P1', 3, (198, 199), (66,), (1.0,), (66,), (1.0,))
('K.10 Musicalion', 'P1', 3, (202, 203), (66,), (2.0,), (66,), (2.0,))
('K.10 Musicalion', 'P1', 3, (219, 220), (72,), (1.0,), (72,), (1.0,))
('K.10 Musicalion', 'P1', 3, (223, 224), (72,), (2.0,), (72,), (2.0,))

31.    ((2,), (2.0,), (0.0,)):
('K.10 Musicalion', 'P1', 1, (90, 91), (21,), (2.0,), (21,), (2.0,))
('K.10 Musicalion', 'P1', 1, (105, 106), (23,), (2.0,), (23,), (2.0,))
('K.10 Musicalion', 'P1', 1, (120, 121), (25,), (2.0,), (25,), (2.0,))
('K.10 Musicalion', 'P1', 1, (237, 238), (45,), (2.0,), (45,), (2.0,))
('K.10 Musicalion', 'P1', 1, (252, 253), (47,), (2.0,), (47,), (2.0,))
('K.10 Musicalion', 'P1', 1, (267, 268), (49,), (2.0,), (49,), (2.0,))
('K.10 Musicalion', 'P1', 1, (270, 271), (50,), (2.0,), (50,), (2.0,))
('K.10 Musicalion', 'P1', 1, (285, 286), (52,), (2.0,), (52,), (2.0,))
('K.10 Musicalion', 'P1', 1, (300, 301), (54,), (2.0,), (54,), (2.0,))
('K.10 Musicalion', 'P1', 1, (303, 304), (55,), (2.0,), (55,), (2.0,))
('K.10 Musicalion', 'P1', 1, (318, 319), (57,), (2.0,), (57,), (2.0,))
('K.10 Musicalion', 'P1', 1, (341, 342), (62,), (2.0,), (62,), (2.0,))
('K.10 Musicalion', 'P1', 1, (356, 357), (64,), (2.0,), (64,), (2.0,))
('K.10 Musicalion', 'P1', 3, (1, 2), (1,), (2.0,), (1,), (2.0,))
('K.10 Musicalion', 'P1', 3, (6, 7), (3,), (2.0,), (3,), (2.0,))
('K.10 Musicalion', 'P1', 3, (36, 37), (9,), (2.0,), (9,), (2.0,))
('K.10 Musicalion', 'P1', 3, (100, 101), (28,), (2.0,), (28,), (2.0,))
('K.10 Musicalion', 'P1', 3, (106, 107), (30,), (2.0,), (30,), (2.0,))
('K.10 Musicalion', 'P1', 3, (119, 120), (34,), (2.0,), (34,), (2.0,))
('K.10 Musicalion', 'P1', 3, (125, 126), (37,), (2.0,), (37,), (2.0,))
('K.10 Musicalion', 'P1', 3, (130, 131), (39,), (2.0,), (39,), (2.0,))

32.    ((-4,), (1.75,), (0.25,)):
('K.10 Musicalion', 'P1', 2, (41, 42), (61,), (2.25,), (61,), (2.25,))
('K.10 Musicalion', 'P1', 3, (84, 85), (21,), (2.25,), (21,), (2.25,))
('K.10 Musicalion', 'P1', 3, (87, 88), (23,), (2.25,), (23,), (2.25,))
('K.10 Musicalion', 'P1', 3, (90, 91), (25,), (2.25,), (25,), (2.25,))
('K.10 Musicalion', 'P1', 3, (150, 151), (45,), (2.25,), (45,), (2.25,))
('K.10 Musicalion', 'P1', 3, (155, 156), (47,), (2.25,), (47,), (2.25,))
('K.10 Musicalion', 'P1', 3, (160, 161), (50,), (2.25,), (50,), (2.25,))
('K.10 Musicalion', 'P1', 3, (165, 166), (52,), (2.25,), (52,), (2.25,))
('K.10 Musicalion', 'P1', 3, (170, 171), (55,), (2.25,), (55,), (2.25,))
('K.10 Musicalion', 'P1', 3, (175, 176), (57,), (2.25,), (57,), (2.25,))
('K.10 Musicalion', 'P1', 3, (193, 194), (62,), (2.25,), (62,), (2.25,))
('K.10 Musicalion', 'P1', 3, (196, 197), (64,), (2.25,), (64,), (2.25,))
('K.10 Musicalion', 'P1', 3, (203, 204), (66,), (2.25,), (66,), (2.25,))
('K.10 Musicalion', 'P1', 3, (224, 225), (72,), (2.25,), (72,), (2.25,))

33.    ((2,), (1.75,), (0.25,)):
('K.10 Musicalion', 'P1', 1, (23, 24), (4,), (2.25,), (4,), (2.25,))
('K.10 Musicalion', 'P1', 1, (47, 48), (10,), (2.25,), (10,), (2.25,))
('K.10 Musicalion', 'P1', 1, (80, 81), (18,), (2.25,), (18,), (2.25,))
('K.10 Musicalion', 'P1', 1, (86, 87), (19,), (2.25,), (19,), (2.25,))
('K.10 Musicalion', 'P1', 1, (193, 194), (35,), (2.25,), (35,), (2.25,))
('K.10 Musicalion', 'P1', 1, (218, 219), (40,), (2.25,), (40,), (2.25,))
('K.10 Musicalion', 'P1', 1, (227, 228), (42,), (2.25,), (42,), (2.25,))
('K.10 Musicalion', 'P1', 1, (338, 339), (61,), (2.25,), (61,), (2.25,))
('K.10 Musicalion', 'P1', 2, (28, 29), (49,), (2.25,), (49,), (2.25,))
('K.10 Musicalion', 'P1', 2, (36, 37), (54,), (2.25,), (54,), (2.25,))

34.    ((6,), (0.25,), (0.5,)):
('K.10 Musicalion', 'P1', 1, (83, 84), (19,), (1.5,), (19,), (1.5,))
('K.10 Musicalion', 'P1', 1, (154, 155), (30,), (1.5,), (30,), (1.5,))
('K.10 Musicalion', 'P1', 1, (160, 161), (31,), (1.5,), (31,), (1.5,))
('K.10 Musicalion', 'P1', 1, (203, 204), (38,), (1.5,), (38,), (1.5,))
('K.10 Musicalion', 'P1', 1, (215, 216), (40,), (1.5,), (40,), (1.5,))
('K.10 Musicalion', 'P1', 1, (390, 391), (69,), (1.5,), (69,), (1.5,))
('K.10 Musicalion', 'P1', 2, (55, 56), (70,), (1.5,), (70,), (1.5,))
('K.10 Musicalion', 'P1', 3, (24, 25), (7,), (1.5,), (7,), (1.5,))
('K.10 Musicalion', 'P1', 3, (30, 31), (8,), (1.5,), (8,), (1.5,))

35.    ((-5,), (2.0,), (0.0,)):
('K.10 Musicalion', 'P1', 1, (71, 72), (16,), (2.0,), (16,), (2.0,))
('K.10 Musicalion', 'P1', 1, (74, 75), (17,), (2.0,), (17,), (2.0,))
('K.10 Musicalion', 'P1', 3, (4, 5), (2,), (2.0,), (2,), (2.0,))
('K.10 Musicalion', 'P1', 3, (9, 10), (4,), (2.0,), (4,), (2.0,))
('K.10 Musicalion', 'P1', 3, (39, 40), (10,), (2.0,), (10,), (2.0,))
('K.10 Musicalion', 'P1', 3, (81, 82), (19,), (2.0,), (19,), (2.0,))
('K.10 Musicalion', 'P1', 3, (103, 104), (29,), (2.0,), (29,), (2.0,))
('K.10 Musicalion', 'P1', 3, (122, 123), (35,), (2.0,), (35,), (2.0,))

36.    ((4,), (0.25,), (0.5,)):
('K.10 Musicalion', 'P1', 1, (230, 231), (43,), (1.5,), (43,), (1.5,))
('K.10 Musicalion', 'P1', 3, (12, 13), (5,), (1.5,), (5,), (1.5,))
('K.10 Musicalion', 'P1', 3, (48, 49), (13,), (1.5,), (13,), (1.5,))
('K.10 Musicalion', 'P1', 3, (54, 55), (14,), (1.5,), (14,), (1.5,))
('K.10 Musicalion', 'P1', 3, (60, 61), (15,), (1.5,), (15,), (1.5,))
('K.10 Musicalion', 'P1', 3, (66, 67), (16,), (1.5,), (16,), (1.5,))
('K.10 Musicalion', 'P1', 3, (72, 73), (17,), (1.5,), (17,), (1.5,))
('K.10 Musicalion', 'P1', 3, (136, 137), (41,), (1.5,), (41,), (1.5,))

37.    ((4,), (0.25,), (0.0,)):
('K.10 Musicalion', 'P1', 1, (0, 1), (1,), (1.0,), (1,), (1.0,))
('K.10 Musicalion', 'P1', 1, (18, 19), (4,), (1.0,), (4,), (1.0,))
('K.10 Musicalion', 'P1', 1, (22, 23), (4,), (2.0,), (4,), (2.0,))
('K.10 Musicalion', 'P1', 1, (85, 86), (19,), (2.0,), (19,), (2.0,))
('K.10 Musicalion', 'P1', 1, (232, 233), (43,), (2.0,), (43,), (2.0,))
('K.10 Musicalion', 'P1', 2, (19, 20), (31,), (2.0,), (31,), (2.0,))
('K.10 Musicalion', 'P1', 2, (57, 58), (70,), (2.0,), (70,), (2.0,))

38.    ((8,), (0.5,), (0.5,)):
('K.10 Musicalion', 'P1', 1, (70, 71), (16,), (1.5,), (16,), (1.5,))
('K.10 Musicalion', 'P1', 1, (73, 74), (17,), (1.5,), (17,), (1.5,))
('K.10 Musicalion', 'P1', 3, (35, 36), (9,), (1.5,), (9,), (1.5,))
('K.10 Musicalion', 'P1', 3, (99, 100), (28,), (1.5,), (28,), (1.5,))
('K.10 Musicalion', 'P1', 3, (118, 119), (34,), (1.5,), (34,), (1.5,))
('K.10 Musicalion', 'P1', 3, (205, 206), (67,), (1.5,), (67,), (1.5,))
('K.10 Musicalion', 'P1', 3, (226, 227), (73,), (1.5,), (73,), (1.5,))

39.    ((-3,), (0.5,), (0.0,)):
('K.10 Musicalion', 'P1', 1, (63, 64), (14,), (1.0,), (14,), (1.0,))
('K.10 Musicalion', 'P1', 1, (66, 67), (15,), (1.0,), (15,), (1.0,))
('K.10 Musicalion', 'P1', 1, (72, 73), (17,), (1.0,), (17,), (1.0,))
('K.10 Musicalion', 'P1', 3, (37, 38), (10,), (1.0,), (10,), (1.0,))
('K.10 Musicalion', 'P1', 3, (101, 102), (29,), (1.0,), (29,), (1.0,))
('K.10 Musicalion', 'P1', 3, (120, 121), (35,), (1.0,), (35,), (1.0,))

40.    ((2,), (0.5,), (0.5,)):
('K.10 Musicalion', 'P1', 1, (396, 397), (70,), (1.5,), (70,), (1.5,))
('K.10 Musicalion', 'P1', 3, (38, 39), (10,), (1.5,), (10,), (1.5,))
('K.10 Musicalion', 'P1', 3, (102, 103), (29,), (1.5,), (29,), (1.5,))
('K.10 Musicalion', 'P1', 3, (121, 122), (35,), (1.5,), (35,), (1.5,))

41.    ((3,), (0.25,), (0.5,)):
('K.10 Musicalion', 'P1', 1, (77, 78), (18,), (1.5,), (18,), (1.5,))
('K.10 Musicalion', 'P1', 1, (224, 225), (42,), (1.5,), (42,), (1.5,))
('K.10 Musicalion', 'P1', 3, (18, 19), (6,), (1.5,), (6,), (1.5,))

42.    ((2,), (0.5,), (0.25,)):
('K.10 Musicalion', 'P1', 2, (15, 16), (30,), (1.25,), (30,), (1.25,))
('K.10 Musicalion', 'P1', 2, (51, 52), (69,), (1.25,), (69,), (1.25,))
('K.10 Musicalion', 'P1', 3, (181, 182), (60,), (1.25,), (60,), (1.25,))

43.    ((-3,), (0.25,), (0.5,)):
('K.10 Musicalion', 'P1', 1, (14, 15), (3,), (1.5,), (3,), (1.5,))
('K.10 Musicalion', 'P1', 1, (50, 51), (11,), (1.5,), (11,), (1.5,))

44.    ((-2,), (2.0,), (0.0,)):
('K.10 Musicalion', 'P1', 1, (26, 27), (5,), (2.0,), (5,), (2.0,))
('K.10 Musicalion', 'P1', 1, (333, 334), (59,), (2.0,), (59,), (2.0,))

45.    ((4,), (0.5,), (0.5,)):
('K.10 Musicalion', 'P1', 1, (61, 62), (13,), (1.5,), (13,), (1.5,))
('K.10 Musicalion', 'P1', 1, (220, 221), (41,), (1.5,), (41,), (1.5,))

46.    ((-5,), (0.25,), (0.75,)):
('K.10 Musicalion', 'P1', 1, (15, 16), (3,), (1.75,), (3,), (1.75,))
('K.10 Musicalion', 'P1', 2, (56, 57), (70,), (1.75,), (70,), (1.75,))

47.    ((-3,), (0.25,), (0.0,)):
('K.10 Musicalion', 'P1', 1, (75, 76), (18,), (1.0,), (18,), (1.0,))
('K.10 Musicalion', 'P1', 3, (68, 69), (16,), (2.0,), (16,), (2.0,))

