1 .    ('nomes', 'K.81 Musicalion') 

2 .    ('quantidade', 1) 

3 .    ('analise', 'sequÍncias IntDiaDurPtempo sem contidos e intercalados') 

1 .    (((2, 2, 1, 3, 2, 2, -6, -2), (0.25, 0.25, 0.5, 1.0, 0.25, 0.25, 0.5, 0.5), 0.5), [[('K.81 Musicalion', 'P1', 1, (223, 231), (26, 1.5), (27, 2.5)), ('K.81 Musicalion', 'P1', 1, (232, 240), (28, 1.5), (29, 2.5))], [('K.81 Musicalion', 'P1', 1, (248, 256), (32, 1.5), (33, 2.5)), ('K.81 Musicalion', 'P1', 1, (257, 265), (34, 1.5), (35, 2.5))], [('K.81 Musicalion', 'P1', 1, (453, 461), (84, 1.5), (85, 2.5)), ('K.81 Musicalion', 'P1', 1, (462, 470), (86, 1.5), (87, 2.5))]]) 

2 .    (((2, 2, 2), (0.5, 0.5, 0.5), 0.5), [[('K.81 Musicalion', 'P1', 2, (95, 98), (12, 3.5), (12, 4.5)), ('K.81 Musicalion', 'P1', 2, (99, 102), (13, 1.5), (13, 2.5))], [('K.81 Musicalion', 'P1', 2, (220, 223), (54, 1.5), (54, 2.5)), ('K.81 Musicalion', 'P1', 2, (224, 227), (55, 1.5), (55, 2.5)), ('K.81 Musicalion', 'P1', 2, (228, 231), (56, 1.5), (56, 2.5)), ('K.81 Musicalion', 'P1', 2, (232, 235), (57, 1.5), (57, 2.5))], [('K.81 Musicalion', 'P1', 2, (281, 284), (75, 1.5), (75, 2.5)), ('K.81 Musicalion', 'P1', 2, (285, 288), (76, 1.5), (76, 2.5)), ('K.81 Musicalion', 'P1', 2, (289, 292), (77, 1.5), (77, 2.5))], [('K.81 Musicalion', 'P1', 2, (328, 331), (92, 1.5), (92, 2.5)), ('K.81 Musicalion', 'P1', 2, (332, 335), (93, 1.5), (93, 2.5)), ('K.81 Musicalion', 'P1', 2, (336, 339), (94, 1.5), (94, 2.5))], [('K.81 Musicalion', 'P1', 2, (365, 368), (105, 1.5), (105, 2.5)), ('K.81 Musicalion', 'P1', 2, (369, 372), (106, 1.5), (106, 2.5)), ('K.81 Musicalion', 'P1', 2, (373, 376), (107, 1.5), (107, 2.5))]]) 

3 .    (((2, 2, -2, -6), (0.25, 0.25, 0.5, 0.5), 0.5), [[('K.81 Musicalion', 'P1', 1, (313, 317), (49, 1.5), (49, 2.5)), ('K.81 Musicalion', 'P1', 1, (318, 322), (50, 1.5), (50, 2.5)), ('K.81 Musicalion', 'P1', 1, (323, 327), (51, 1.5), (51, 2.5))], [('K.81 Musicalion', 'P1', 1, (406, 410), (72, 1.5), (72, 2.5)), ('K.81 Musicalion', 'P1', 1, (411, 415), (73, 1.5), (73, 2.5))], [('K.81 Musicalion', 'P1', 1, (475, 479), (89, 1.5), (89, 2.5)), ('K.81 Musicalion', 'P1', 1, (480, 484), (90, 1.5), (90, 2.5))], [('K.81 Musicalion', 'P1', 1, (524, 528), (102, 1.5), (102, 2.5)), ('K.81 Musicalion', 'P1', 1, (529, 533), (103, 1.5), (103, 2.5))]]) 

4 .    (((2, -2, -2, 2, -8, 4), (0.5, 0.5, 0.25, 0.25, 0.5, 0.5), 0.5), [[('K.81 Musicalion', 'P1', 2, (122, 128), (17, 2.5), (18, 2.5)), ('K.81 Musicalion', 'P1', 2, (129, 135), (19, 2.5), (20, 2.5))], [('K.81 Musicalion', 'P1', 2, (247, 253), (63, 2.5), (64, 2.5)), ('K.81 Musicalion', 'P1', 2, (254, 260), (65, 2.5), (66, 2.5))]]) 

5 .    (((-2, -2, 2), (0.5, 0.25, 0.25), 0.0), [[('K.81 Musicalion', 'P1', 1, (337, 340), (54, 2.0), (54, 2.75)), ('K.81 Musicalion', 'P1', 1, (341, 344), (55, 2.0), (55, 2.75))], [('K.81 Musicalion', 'P1', 1, (425, 428), (76, 2.0), (76, 2.75)), ('K.81 Musicalion', 'P1', 1, (429, 432), (77, 2.0), (77, 2.75)), ('K.81 Musicalion', 'P1', 1, (433, 436), (78, 2.0), (78, 2.75))], [('K.81 Musicalion', 'P1', 1, (494, 497), (93, 2.0), (93, 2.75)), ('K.81 Musicalion', 'P1', 1, (498, 501), (94, 2.0), (94, 2.75)), ('K.81 Musicalion', 'P1', 1, (502, 505), (95, 2.0), (95, 2.75))], [('K.81 Musicalion', 'P1', 1, (543, 546), (106, 2.0), (106, 2.75)), ('K.81 Musicalion', 'P1', 1, (547, 550), (107, 2.0), (107, 2.75)), ('K.81 Musicalion', 'P1', 1, (551, 554), (108, 2.0), (108, 2.75))]]) 

6 .    (((2, 2, 1), (0.25, 0.25, 0.5), 0.5), [[('K.81 Musicalion', 'P1', 1, (301, 304), (46, 1.5), (46, 2.0)), ('K.81 Musicalion', 'P1', 1, (305, 308), (47, 1.5), (47, 2.0)), ('K.81 Musicalion', 'P1', 1, (309, 312), (48, 1.5), (48, 2.0))], [('K.81 Musicalion', 'P1', 1, (390, 393), (68, 1.5), (68, 2.0)), ('K.81 Musicalion', 'P1', 1, (394, 397), (69, 1.5), (69, 2.0))]]) 

7 .    (((2, 2), (0.25, 0.25), 0.5), [[('K.81 Musicalion', 'P1', 1, (356, 358), (59, 1.5), (59, 1.75)), ('K.81 Musicalion', 'P1', 1, (359, 361), (59, 2.5), (59, 2.75))], [('K.81 Musicalion', 'P1', 1, (562, 564), (111, 1.5), (111, 1.75)), ('K.81 Musicalion', 'P1', 1, (565, 567), (111, 2.5), (111, 2.75))]]) 

8 .    (((-5, -2), (1.0, 1.0), 0.0), [[('K.81 Musicalion', 'P1', 1, (727, 729), (145, 1.0), (145, 2.0)), ('K.81 Musicalion', 'P1', 1, (730, 732), (146, 1.0), (146, 2.0)), ('K.81 Musicalion', 'P1', 1, (733, 735), (147, 1.0), (147, 2.0))], [('K.81 Musicalion', 'P1', 1, (756, 758), (153, 1.0), (153, 2.0)), ('K.81 Musicalion', 'P1', 1, (759, 761), (154, 1.0), (154, 2.0))], [('K.81 Musicalion', 'P1', 1, (837, 839), (175, 1.0), (175, 2.0)), ('K.81 Musicalion', 'P1', 1, (840, 842), (176, 1.0), (176, 2.0)), ('K.81 Musicalion', 'P1', 1, (843, 845), (177, 1.0), (177, 2.0)), ('K.81 Musicalion', 'P1', 1, (846, 848), (178, 1.0), (178, 2.0))], [('K.81 Musicalion', 'P1', 1, (867, 869), (183, 1.0), (183, 2.0)), ('K.81 Musicalion', 'P1', 1, (870, 872), (184, 1.0), (184, 2.0))]]) 

9 .    (((4, -5), (1.0, 1.0), 0.0), [[('K.81 Musicalion', 'P1', 1, (755, 757), (152, 3.0), (153, 1.0)), ('K.81 Musicalion', 'P1', 1, (758, 760), (153, 3.0), (154, 1.0))], [('K.81 Musicalion', 'P1', 1, (836, 838), (174, 3.0), (175, 1.0)), ('K.81 Musicalion', 'P1', 1, (839, 841), (175, 3.0), (176, 1.0)), ('K.81 Musicalion', 'P1', 1, (842, 844), (176, 3.0), (177, 1.0)), ('K.81 Musicalion', 'P1', 1, (845, 847), (177, 3.0), (178, 1.0))], [('K.81 Musicalion', 'P1', 1, (866, 868), (182, 3.0), (183, 1.0)), ('K.81 Musicalion', 'P1', 1, (869, 871), (183, 3.0), (184, 1.0))]]) 

10 .    (((1, 2, 2, -2), (1.0, 0.5, 0.5, 0.5), 0.0), [[('K.81 Musicalion', 'P1', 1, (742, 746), (150, 1.0), (150, 3.0)), ('K.81 Musicalion', 'P1', 1, (747, 751), (151, 1.0), (151, 3.0))], [('K.81 Musicalion', 'P1', 1, (853, 857), (180, 1.0), (180, 3.0)), ('K.81 Musicalion', 'P1', 1, (858, 862), (181, 1.0), (181, 3.0))]]) 

11 .    (((-2, -2), (1.0, 1.0), 0.0), [[('K.81 Musicalion', 'P1', 2, (543, 545), (172, 1.0), (172, 2.0)), ('K.81 Musicalion', 'P1', 2, (546, 548), (173, 1.0), (173, 2.0))]]) 

12 .    (((-2, -2), (0.5, 0.25), 0.0), [[('K.81 Musicalion', 'P1', 1, (345, 347), (56, 2.0), (56, 2.5)), ('K.81 Musicalion', 'P1', 1, (348, 350), (57, 1.0), (57, 1.5))]]) 

13 .    (((-2, 2), (0.25, 0.25), 0.5), [[('K.81 Musicalion', 'P1', 1, (335, 337), (54, 1.5), (54, 1.75)), ('K.81 Musicalion', 'P1', 1, (338, 340), (54, 2.5), (54, 2.75))], [('K.81 Musicalion', 'P1', 1, (423, 425), (76, 1.5), (76, 1.75)), ('K.81 Musicalion', 'P1', 1, (426, 428), (76, 2.5), (76, 2.75))], [('K.81 Musicalion', 'P1', 1, (492, 494), (93, 1.5), (93, 1.75)), ('K.81 Musicalion', 'P1', 1, (495, 497), (93, 2.5), (93, 2.75))], [('K.81 Musicalion', 'P1', 1, (541, 543), (106, 1.5), (106, 1.75)), ('K.81 Musicalion', 'P1', 1, (544, 546), (106, 2.5), (106, 2.75))]]) 

14 .    (((-2, 2), (0.12, 0.12), 0.0), [[('K.81 Musicalion', 'P1', 1, (612, 614), (122, 1.0), (122, 1.12)), ('K.81 Musicalion', 'P1', 1, (615, 617), (122, 2.0), (122, 2.12))], [('K.81 Musicalion', 'P1', 1, (626, 628), (124, 1.0), (124, 1.12)), ('K.81 Musicalion', 'P1', 1, (629, 631), (124, 2.0), (124, 2.12))]]) 

