1 .    ('nomes', 'K.26 Musicalion') 

2 .    ('quantidade', 1) 

3 .    ('analise', 'recorręncias IntDiaDurPtempo sem contidos e intercalados') 

1 .    (((6, -6, 5, -5, 4, -4, 3, -3, 4, -4, 5, -5, 6, -6, 5, -5, 4, -4, 3, -3, 4, -4, 5, -5, 6, -6, 5, -5, 4, 2, -2, -2, -2, -2, 2, 2, 2, -5, 2, 2, 2, -4, 6, -6, 5, -5, 4, -4, 3, -3, 4, -4, 5, -5, 6, -6, 5, -5, 4, -4, 3, -3, 4, -4, 5), (1.0, 0.5, 0.5, 0.5, 0.5, 0.5, 0.5, 0.5, 0.5, 0.5, 0.5, 0.5, 0.5, 0.5, 0.5, 0.5, 0.5, 0.5, 0.5, 0.5, 0.5, 0.5, 0.5, 0.5, 0.5, 0.5, 0.5, 0.5, 0.5, 0.5, 0.5, 0.5, 0.5, 0.5, 0.5, 0.5, 0.5, 0.5, 0.5, 0.5, 0.5, 0.5, 0.5, 0.5, 0.5, 0.5, 0.5, 0.5, 0.5, 0.5, 0.5, 0.5, 0.5, 0.5, 0.5, 0.5, 0.5, 0.5, 0.5, 0.5, 0.5, 0.5, 0.5, 0.5, 0.5), 0.0), [('K.26 Musicalion', 'P1', 1, (64, 129), (15, 1.0), (25, 3.5)), ('K.26 Musicalion', 'P1', 1, (382, 447), (80, 3.0), (90, 2.5))]) 

2 .    (((1, 2, -2, 1, 1, 1, 1, 2, -2, 1, 1, 1, 1, 2, -2, 1, 1, 1, 1, 2, -2, 1, 1, 1, 1, 2, -2, 1, 1, 1, 1, 2, -2, 1, 1), (0.5, 0.5, 0.5, 0.5, 0.5, -0.5, 0.5, 0.5, 0.5, 0.5, 0.5, -0.5, 0.5, 0.5, 0.5, 0.5, 0.5, -0.5, 0.5, 0.5, 0.5, 0.5, 0.5, -0.5, 0.5, 0.5, 0.5, 0.5, 0.5, -0.5, 0.5, 0.5, 0.5, 0.5, 0.5), 0.5), [('K.26 Musicalion', 'P1', 2, (60, 95), (121, 3.5), (126, 3.5)), ('K.26 Musicalion', 'P1', 2, (101, 136), (130, 3.5), (135, 3.5))]) 

3 .    (((-2, -2, -13, -8, 8, 15, -2, -2, -13, -8, 8, 15, -2, -2, 2, 2, 1, -2, -2, -2, 3, -2, -2, -13, -8, 8, 15, -2, -2, -13, -8, 8), (1.0, 1.0, 1.0, 1.0, 1.0, 1.0, 1.0, 1.0, 1.0, 1.0, 1.0, 1.0, 1.0, 1.0, 1.0, 1.0, 1.0, 1.0, 1.0, 1.0, 1.0, 1.0, 1.0, 1.0, 1.0, 1.0, 1.0, 1.0, 1.0, 1.0, 1.0, 1.0), 0.0), [('K.26 Musicalion', 'P1', 3, (30, 62), (15, 2.0), (25, 3.0)), ('K.26 Musicalion', 'P1', 3, (173, 205), (80, 1.0), (90, 2.0))]) 

4 .    (((-8, 2, -2, 1, 1, 1, 1, 2, -2, 1, 1, 1, 1, 2, -2, 1, 1, 1, 1, 2, -2, 1, 1, 1, 1, 2, -2, 1, 1), (0.5, 0.5, 0.5, 0.5, 0.5, -0.5, 0.5, 0.5, 0.5, 0.5, 0.5, -0.5, 0.5, 0.5, 0.5, 0.5, 0.5, -0.5, 0.5, 0.5, 0.5, 0.5, 0.5, -0.5, 0.5, 0.5, 0.5, 0.5, 0.5), 0.0), [('K.26 Musicalion', 'P1', 2, (0, 29), (48, 1.0), (52, 2.0)), ('K.26 Musicalion', 'P1', 2, (30, 59), (56, 2.0), (60, 3.0))]) 

5 .    (((-2, 3, -4, -2, 2, -3, -2, -2, -2, -2, 2, 8, -2, 3, -4, -2, 2, -3, -2, -2, -2, -2, 2), (0.5, 0.5, 0.5, 0.5, 0.5, 0.5, 0.5, 0.5, 0.5, 0.5, 0.5, 0.5, 0.5, 0.5, 0.5, 0.5, 0.5, 0.5, 0.5, 0.5, 0.5, 0.5, 0.5), 0.5), [('K.26 Musicalion', 'P1', 1, (230, 253), (43, 1.5), (46, 3.5)), ('K.26 Musicalion', 'P1', 1, (298, 321), (63, 3.5), (66, 2.5))]) 

6 .    (((-2, 3, -4, -2, 2, -2, -2, -2, -2, -4, 1, 2, -2, 1, 1, 4, -2, -2, 2, 4, -2), (0.5, 0.5, 0.5, 0.5, 2.5, 2.0, 2.0, 2.0, 2.0, 0.0, 0.5, 0.5, 0.5, 0.5, 0.5, 1.0, 0.5, 0.5, 0.5, 0.5, 0.5), 0.5), [('K.26 Musicalion', 'P1', 1, (254, 275), (47, 1.5), (54, 1.5)), ('K.26 Musicalion', 'P1', 1, (276, 297), (55, 2.5), (62, 2.5))]) 

7 .    (((-2, -2, -2, -2, -2, -2, -2, -2, -2, -2, -2, -2, 10, -2, 3, -4, -2), (0.5, 0.5, 0.5, 0.5, 0.5, 0.5, 0.5, 0.5, 0.5, 0.5, 0.5, 0.5, 0.5, 0.5, 0.5, 0.5, 0.5), 0.5), [('K.26 Musicalion', 'P1', 1, (609, 626), (118, 3.5), (120, 2.5)), ('K.26 Musicalion', 'P1', 1, (653, 670), (139, 1.5), (141, 3.5))]) 

8 .    ((((8, 4), (5, -5), (8, 2), (8, 4), (5, -5), (8, 2), (8, 4), (5, -5), (8, 2), (8, 4), (5, -5), (8, 2), (8, -5)), ((0.0, 1.0), (0.0, 1.0), (0.0, 1.0), (0.0, 1.0), (0.0, 1.0), (0.0, 1.0), (0.0, 1.0), (0.0, 1.0), (0.0, 1.0), (0.0, 1.0), (0.0, 1.0), (0.0, 1.0), (0.0, 1.0)), 0.0), [('K.26 Musicalion', 'P1', 3, (102, 115), (43, 3.0), (47, 3.0)), ('K.26 Musicalion', 'P1', 3, (138, 151), (63, 2.0), (67, 2.0))]) 

9 .    (((5, (3, -5), 6, (3, -6), 5, (3, -5), 4, (3, -4), 3, (3, -3), 4), (0.5, (0.0, 0.5), 0.5, (0.0, 0.5), 0.5, (0.0, 0.5), 0.5, (0.0, 0.5), 0.5, (0.0, 0.5), 0.5), 0.0), [('K.26 Musicalion', 'P1', 1, (153, 164), (30, 1.0), (31, 3.0)), ('K.26 Musicalion', 'P1', 1, (165, 176), (32, 1.0), (33, 3.0)), ('K.26 Musicalion', 'P1', 1, (177, 188), (34, 1.0), (35, 3.0))]) 

10 .    (((3, (3, -3), 4, (3, -4), 5, (3, -5), 4, (3, -4), 3, (3, -3), 4), (0.5, (0.0, 0.5), 0.5, (0.0, 0.5), 0.5, (0.0, 0.5), 0.5, (0.0, 0.5), 0.5, (0.0, 0.5), 0.5), 0.0), [('K.26 Musicalion', 'P1', 1, (459, 470), (93, 3.0), (94, 2.0)), ('K.26 Musicalion', 'P1', 1, (471, 482), (95, 3.0), (96, 2.0)), ('K.26 Musicalion', 'P1', 1, (483, 494), (97, 3.0), (98, 2.0))]) 

11 .    (((4, -6, 2, 2, 2, 4, -3, -5, 2, 2, 2), (0.5, 0.5, 0.5, 0.5, 0.5, 0.5, 0.5, 0.5, 0.5, 0.5, 0.5), 0.0), [('K.26 Musicalion', 'P1', 1, (495, 506), (99, 3.0), (100, 2.0)), ('K.26 Musicalion', 'P1', 1, (507, 518), (101, 3.0), (102, 2.0))]) 

12 .    (((-10, 3, -3, 6, -4, 7, -10, 3, -3, 6, -4), (0.5, 0.5, 0.5, 0.5, 0.5, -2.0, 0.5, 0.5, 0.5, 0.5, 0.5), 0.5), [('K.26 Musicalion', 'P1', 1, (567, 578), (111, 3.5), (112, 3.0)), ('K.26 Musicalion', 'P1', 1, (579, 590), (113, 1.5), (114, 1.0))]) 

13 .    (((-2, 2, 2, 2, 2, -2, -2, -2, -2, -2), (0.5, 0.5, 0.5, 0.5, 0.5, 0.5, 0.5, 0.5, 0.5, 0.5), 0.5), [('K.26 Musicalion', 'P1', 1, (142, 152), (28, 1.5), (29, 3.0)), ('K.26 Musicalion', 'P1', 1, (448, 458), (91, 3.5), (92, 2.0))]) 

14 .    (((5, -5, 4, -4, 3, -3, 4, -4, 6), (0.5, 0.5, 0.5, 0.5, 0.5, 0.5, 0.5, 0.5, 0.5), 0.5), [('K.26 Musicalion', 'P1', 1, (524, 533), (103, 2.5), (105, 3.5)), ('K.26 Musicalion', 'P1', 1, (548, 557), (107, 2.5), (109, 3.5))]) 

15 .    (((-2, -2, -2, -2, 15, (3, 2), 2, -9, (8, 2)), (2.0, 2.0, 2.0, 2.0, 2.0, (0.0, 1.0), 2.0, 1.0, (0.0, 1.0)), 0.0), [('K.26 Musicalion', 'P1', 3, (116, 125), (49, 3.0), (55, 2.0)), ('K.26 Musicalion', 'P1', 3, (128, 137), (57, 1.0), (63, 3.0))]) 

16 .    (((-2, -2, 1, 2, 2, 2, -4, 2), (1.0, 1.0, 1.0, 1.0, 1.0, 1.0, 1.0, 1.0), 0.0), [('K.26 Musicalion', 'P1', 3, (69, 77), (28, 2.0), (30, 3.0)), ('K.26 Musicalion', 'P1', 3, (206, 214), (91, 1.0), (93, 2.0))]) 

17 .    (((-3, 2, -3, -2, -6, 3, 4), (0.5, 0.5, 0.5, 0.5, 1.0, 1.0, 1.0), 0.0), [('K.26 Musicalion', 'P1', 1, (0, 7), (1, 1.0), (2, 2.0)), ('K.26 Musicalion', 'P1', 1, (8, 15), (3, 1.0), (4, 2.0))]) 

18 .    (((-4, 2, -3, -2, -6, 4, 3), (0.5, 0.5, 0.5, 0.5, 1.0, 1.0, 1.0), 0.0), [('K.26 Musicalion', 'P1', 1, (16, 23), (5, 1.0), (6, 2.0)), ('K.26 Musicalion', 'P1', 1, (24, 31), (7, 1.0), (8, 2.0))]) 

19 .    (((3, 5, -3, 2, -3, 2, -5), (1.0, 1.0, 0.5, 0.5, 0.5, 0.5, 1.0), 0.0), [('K.26 Musicalion', 'P1', 1, (335, 342), (70, 1.0), (71, 2.0)), ('K.26 Musicalion', 'P1', 1, (343, 350), (72, 1.0), (73, 2.0))]) 

20 .    (((-2, -2, -2, -2, -2, -2), (0.5, 0.5, 0.5, 0.5, 0.5, 0.5), 0.5), [('K.26 Musicalion', 'P1', 1, (218, 224), (41, 1.5), (42, 1.0)), ('K.26 Musicalion', 'P1', 1, (633, 639), (128, 3.5), (128, 3.0))]) 

21 .    (((6, -6, 5, -5, 4, -4), (0.5, 0.5, 0.5, 0.5, 0.5, 0.5), 0.5), [('K.26 Musicalion', 'P1', 1, (130, 136), (26, 1.5), (27, 1.0)), ('K.26 Musicalion', 'P1', 1, (536, 542), (105, 2.5), (106, 2.0))]) 

22 .    (((-6, 2, -3, 2, -3, 8), (0.5, 0.5, 0.5, 0.5, 0.5, 0.5), 0.0), [('K.26 Musicalion', 'P1', 1, (353, 359), (75, 3.0), (75, 2.5)), ('K.26 Musicalion', 'P1', 1, (365, 371), (77, 3.0), (77, 2.5))]) 

23 .    (((-2, -2, -2, -2, -2, -2), (2.0, 2.0, 2.0, 2.0, 2.0, 2.0), 0.5), [('K.26 Musicalion', 'P1', 3, (271, 277), (121, 3.5), (126, 1.5)), ('K.26 Musicalion', 'P1', 3, (282, 288), (130, 3.5), (135, 1.5))]) 

24 .    (((-2, -2, -2, -2, -2), (0.5, 0.5, 0.5, 0.5, 0.5), 0.0), [('K.26 Musicalion', 'P1', 1, (672, 677), (142, 2.0), (142, 1.0)), ('K.26 Musicalion', 'P1', 3, (258, 263), (110, 3.0), (114, 2.0))]) 

25 .    (((-2, -2, -2, -2, -2), (2.0, 2.0, 2.0, 2.0, 2.0), 0.5), [('K.26 Musicalion', 'P1', 1, (627, 632), (121, 2.5), (125, 1.5)), ('K.26 Musicalion', 'P1', 1, (645, 650), (130, 2.5), (134, 1.5))]) 

26 .    ((((8, -3), (8, 2), (8, 2), (8, -3), (8, 2)), ((0.0, 1.0), (0.0, 1.0), (0.0, 1.0), (0.0, 1.0), (0.0, 1.0)), 0.0), [('K.26 Musicalion', 'P1', 3, (16, 21), (10, 1.0), (11, 2.0)), ('K.26 Musicalion', 'P1', 3, (22, 27), (12, 1.0), (13, 2.0))]) 

27 .    (((-3, 8, -8, 2, -3), (0.5, 0.5, 0.5, 0.5, 0.5), 0.0), [('K.26 Musicalion', 'P1', 1, (38, 43), (10, 1.0), (10, 3.0)), ('K.26 Musicalion', 'P1', 1, (44, 49), (11, 1.0), (11, 3.0))]) 

28 .    (((-3, 4, -4, 2, -3), (0.5, 0.5, 0.5, 0.5, 0.5), 0.0), [('K.26 Musicalion', 'P1', 1, (50, 55), (12, 1.0), (12, 3.0)), ('K.26 Musicalion', 'P1', 1, (56, 61), (13, 1.0), (13, 3.0))]) 

29 .    (((2, -3, 2, -4, 2), (0.5, 0.5, 0.5, 0.5, 0.5), 0.0), [('K.26 Musicalion', 'P1', 1, (680, 685), (143, 3.0), (144, 2.0)), ('K.26 Musicalion', 'P1', 1, (686, 691), (144, 3.0), (145, 2.0))]) 

30 .    (((2, 2, -3, -4, 2), (1.0, 1.0, 1.0, 1.0, 1.0), 0.0), [('K.26 Musicalion', 'P1', 3, (78, 83), (31, 2.0), (32, 3.0)), ('K.26 Musicalion', 'P1', 3, (84, 89), (33, 2.0), (34, 3.0))]) 

31 .    (((-3, 2, 6, -6, 4), (1.0, 1.0, 1.0, 1.0, 1.0), 0.0), [('K.26 Musicalion', 'P1', 3, (215, 220), (94, 1.0), (95, 2.0)), ('K.26 Musicalion', 'P1', 3, (221, 226), (96, 1.0), (97, 2.0))]) 

32 .    (((8, -8, -2, 8, -8), (1.0, 1.0, 1.0, 1.0, 1.0), 0.0), [('K.26 Musicalion', 'P1', 3, (229, 234), (99, 3.0), (100, 1.0)), ('K.26 Musicalion', 'P1', 3, (235, 240), (101, 3.0), (102, 1.0))]) 

33 .    (((-2, -2, -2, 2), (0.5, 0.5, 0.5, 0.5), 0.0), [('K.26 Musicalion', 'P1', 1, (225, 229), (42, 2.0), (42, 3.5)), ('K.26 Musicalion', 'P1', 1, (373, 377), (78, 1.0), (78, 2.5))]) 

34 .    (((2, -3, 2, -3), (0.5, 0.5, 0.5, 0.5), 0.5), [('K.26 Musicalion', 'P1', 1, (33, 37), (9, 1.5), (9, 3.0)), ('K.26 Musicalion', 'P1', 1, (360, 364), (76, 3.5), (76, 2.0))]) 

35 .    (((-2, -2, 1, 2), (0.5, 0.5, 0.5, 0.5), 0.5), [('K.26 Musicalion', 'P1', 1, (196, 200), (37, 1.5), (37, 3.0)), ('K.26 Musicalion', 'P1', 1, (207, 211), (39, 1.5), (39, 3.0))]) 

36 .    (((2, 2, -3, 2), (3.0, 3.0, 1.0, 1.0), 0.5), [('K.26 Musicalion', 'P1', 3, (266, 270), (118, 3.5), (120, 1.5)), ('K.26 Musicalion', 'P1', 3, (291, 295), (139, 1.5), (141, 2.5))]) 

37 .    (((-3, 2, 2, -6), (0.5, 0.5, 0.5, 0.5), 0.0), [('K.26 Musicalion', 'P1', 2, (137, 141), (136, 1.0), (136, 2.5)), ('K.26 Musicalion', 'P1', 2, (142, 146), (137, 3.0), (137, 1.5))]) 

38 .    (((2, -3, 2), (0.5, 0.5, 0.5), 0.0), [('K.26 Musicalion', 'P1', 1, (692, 695), (145, 3.0), (145, 1.0)), ('K.26 Musicalion', 'P1', 1, (696, 699), (146, 2.0), (146, 3.0))]) 

39 .    (((-2, -2, 2), (1.0, 1.0, 1.0), 0.0), [('K.26 Musicalion', 'P1', 3, (242, 245), (104, 3.0), (104, 2.0)), ('K.26 Musicalion', 'P1', 3, (248, 251), (106, 3.0), (106, 2.0)), ('K.26 Musicalion', 'P1', 3, (254, 257), (108, 3.0), (108, 2.0))]) 

40 .    (((-3, 6, -4), (0.5, 0.5, 0.5), 0.5), [('K.26 Musicalion', 'P1', 1, (593, 596), (115, 3.5), (115, 1.5)), ('K.26 Musicalion', 'P1', 1, (605, 608), (117, 1.5), (117, 2.5))]) 

41 .    (((3, 3, 3), (0.5, 0.5, 0.5), 0.5), [('K.26 Musicalion', 'P1', 1, (190, 193), (36, 1.5), (36, 2.5)), ('K.26 Musicalion', 'P1', 1, (201, 204), (38, 1.5), (38, 2.5))]) 

42 .    (((4, -4), (0.5, 0.5), 0.5), [('K.26 Musicalion', 'P1', 1, (138, 140), (27, 2.5), (27, 3.0)), ('K.26 Musicalion', 'P1', 1, (562, 564), (110, 3.5), (110, 1.0))]) 

43 .    (((2, -3), (0.5, 0.5), 0.5), [('K.26 Musicalion', 'P1', 1, (330, 332), (69, 3.5), (69, 1.0)), ('K.26 Musicalion', 'P1', 1, (378, 380), (79, 3.5), (79, 1.0))]) 

44 .    (((3, -3), (0.5, 0.5), 0.5), [('K.26 Musicalion', 'P1', 1, (544, 546), (107, 3.5), (107, 1.0)), ('K.26 Musicalion', 'P1', 1, (598, 600), (116, 3.5), (116, 1.0))]) 

45 .    (((2, 2), (0.5, 0.5), 0.0), [('K.26 Musicalion', 'P1', 3, (308, 310), (147, 3.0), (147, 3.5)), ('K.26 Musicalion', 'P1', 2, (149, 151), (138, 3.0), (138, 3.5))]) 

46 .    (((-3, 2), (1.0, 1.0), 0.0), [('K.26 Musicalion', 'P1', 3, (90, 92), (35, 2.0), (35, 3.0)), ('K.26 Musicalion', 'P1', 4, (0, 2), (54, 2.0), (54, 3.0)), ('K.26 Musicalion', 'P1', 4, (3, 5), (62, 3.0), (62, 1.0))]) 

47 .    (((-2, 3), (0.5, 0.5), 0.0), [('K.26 Musicalion', 'P1', 1, (521, 523), (103, 1.0), (103, 1.5)), ('K.26 Musicalion', 'P1', 1, (640, 642), (129, 1.0), (129, 1.5))]) 

48 .    ((((8, -2), (8, -2)), ((0.0, 1.0), (0.0, 1.0)), 0.0), [('K.26 Musicalion', 'P1', 3, (161, 163), (75, 1.0), (75, 2.0)), ('K.26 Musicalion', 'P1', 3, (164, 166), (76, 1.0), (76, 2.0)), ('K.26 Musicalion', 'P1', 3, (167, 169), (77, 1.0), (77, 2.0))]) 

49 .    ((((4, 2, 3, 2, 1), (4, 2, 3, 2, 1)), ((0.0, 0.0, 0.0, 0.0, 3.0), (0.0, 0.0, 0.0, 0.0, 3.0)), 0.0), [('K.26 Musicalion', 'P1', 3, (93, 95), (37, 1.0), (38, 1.0)), ('K.26 Musicalion', 'P1', 3, (96, 98), (40, 1.0), (41, 1.0))]) 

50 .    ((((8, 4), (8, 3)), ((0.0, 1.0), (0.0, 1.0)), 0.0), [('K.26 Musicalion', 'P1', 3, (7, 9), (6, 1.0), (6, 2.0)), ('K.26 Musicalion', 'P1', 3, (10, 12), (8, 1.0), (8, 2.0)), ('K.26 Musicalion', 'P1', 3, (152, 154), (70, 3.0), (70, 1.0))]) 

51 .    ((((8, 3), (8, 4)), ((0.0, 1.0), (0.0, 1.0)), 0.0), [('K.26 Musicalion', 'P1', 3, (1, 3), (2, 1.0), (2, 2.0)), ('K.26 Musicalion', 'P1', 3, (4, 6), (4, 1.0), (4, 2.0))]) 

52 .    ((((8, 3), (8, 3)), ((0.0, 1.0), (0.0, 1.0)), 0.0), [('K.26 Musicalion', 'P1', 3, (155, 157), (72, 3.0), (72, 1.0)), ('K.26 Musicalion', 'P1', 3, (158, 160), (74, 3.0), (74, 1.0))]) 

53 .    (((-2,), (0.5,), 0.5), [('K.26 Musicalion', 'P1', 1, (643, 644), (129, 2.5), (129, 2.5)), ('K.26 Musicalion', 'P1', 2, (97, 98), (127, 1.5), (127, 1.5)), ('K.26 Musicalion', 'P1', 2, (99, 100), (127, 2.5), (127, 2.5))]) 

54 .    (((-2,), (0.5,), 0.0), [('K.26 Musicalion', 'P1', 1, (325, 326), (67, 2.0), (67, 2.0)), ('K.26 Musicalion', 'P1', 1, (678, 679), (143, 2.0), (143, 2.0))]) 

55 .    (((-3,), (0.5,), 0.0), [('K.26 Musicalion', 'P1', 1, (559, 560), (109, 2.0), (109, 2.0)), ('K.26 Musicalion', 'P1', 1, (565, 566), (110, 2.0), (110, 2.0)), ('K.26 Musicalion', 'P1', 1, (601, 602), (116, 2.0), (116, 2.0)), ('K.26 Musicalion', 'P1', 2, (147, 148), (138, 2.0), (138, 2.0))]) 

56 .    (((4,), (0.5,), 0.5), [('K.26 Musicalion', 'P1', 1, (194, 195), (36, 3.5), (36, 3.5)), ('K.26 Musicalion', 'P1', 1, (534, 535), (105, 1.5), (105, 1.5))]) 

57 .    (((5,), (0.5,), 0.5), [('K.26 Musicalion', 'P1', 1, (205, 206), (38, 3.5), (38, 3.5)), ('K.26 Musicalion', 'P1', 1, (216, 217), (40, 3.5), (40, 3.5))]) 

58 .    (((-5,), (0.5,), 0.0), [('K.26 Musicalion', 'P1', 1, (519, 520), (103, 3.0), (103, 3.0)), ('K.26 Musicalion', 'P1', 3, (264, 265), (116, 3.0), (116, 3.0))]) 

59 .    (((3,), (0.5,), 0.0), [('K.26 Musicalion', 'P1', 1, (213, 214), (40, 2.0), (40, 2.0)), ('K.26 Musicalion', 'P1', 1, (323, 324), (67, 1.0), (67, 1.0))]) 

60 .    ((((8, 2),), ((0.0, 1.0),), 0.0), [('K.26 Musicalion', 'P1', 3, (13, 14), (9, 1.0), (9, 1.0)), ('K.26 Musicalion', 'P1', 3, (171, 172), (78, 2.0), (78, 2.0))]) 

61 .    (((-8,), (1.0,), 0.0), [('K.26 Musicalion', 'P1', 3, (66, 67), (27, 2.0), (27, 2.0)), ('K.26 Musicalion', 'P1', 3, (246, 247), (105, 1.0), (105, 1.0)), ('K.26 Musicalion', 'P1', 3, (252, 253), (107, 1.0), (107, 1.0))]) 

62 .    (((2,), (1.0,), 0.5), [('K.26 Musicalion', 'P1', 3, (279, 280), (129, 3.5), (129, 3.5)), ('K.26 Musicalion', 'P1', 3, (298, 299), (142, 3.5), (142, 3.5)), ('K.26 Musicalion', 'P1', 3, (300, 301), (143, 2.5), (143, 2.5))]) 

