1 .    ('nomes', 'K.258 KernScores') 

2 .    ('quantidade', 1) 

3 .    ('analise', 'sequęncias IntDiaDur sem contidos e intercalados') 

1 .    (((-2, 2, -4, 2, -3, 2, -3, 2, -3, 2, 2, 2, 2, -2), (0.25, 0.25, 0.25, 0.25, 0.25, 0.25, 0.25, 0.25, 0.25, 0.25, 1.5, 0.5, 0.5, 0.5)), [[('K.258 KernScores', 'P1', 1, (216, 230), (40, 1.5), (41, 3.5)), ('K.258 KernScores', 'P1', 1, (231, 245), (42, 1.5), (43, 3.5))], [('K.258 KernScores', 'P1', 1, (487, 501), (76, 1.5), (77, 3.5)), ('K.258 KernScores', 'P1', 1, (502, 516), (78, 1.5), (79, 3.5))]]) 

2 .    (((-2, 2, -2, 2, -4, 2, -3, 2, -3, 2, -3, 2), (1.0, 1.5, 0.25, 0.25, 0.25, 0.25, 0.25, 0.25, 0.25, 0.25, 0.25, 0.25)), [[('K.258 KernScores', 'P2', 1, (184, 196), (40, 2.0), (41, 3.75)), ('K.258 KernScores', 'P2', 1, (197, 209), (42, 2.0), (43, 3.75))], [('K.258 KernScores', 'P2', 1, (371, 383), (76, 2.0), (77, 3.75)), ('K.258 KernScores', 'P2', 1, (384, 396), (78, 2.0), (79, 3.75))]]) 

3 .    (((2, 2, 2), (0.25, 0.25, 0.25)), [[('K.258 KernScores', 'P1', 1, (156, 159), (34, 1.25), (34, 1.75)), ('K.258 KernScores', 'P1', 1, (160, 163), (34, 2.25), (34, 2.75))], [('K.258 KernScores', 'P1', 1, (192, 195), (38, 1.25), (38, 1.75)), ('K.258 KernScores', 'P1', 1, (196, 199), (38, 2.25), (38, 2.75))], [('K.258 KernScores', 'P1', 1, (355, 358), (55, 2.25), (55, 2.75)), ('K.258 KernScores', 'P1', 1, (359, 362), (55, 3.25), (55, 3.75))], [('K.258 KernScores', 'P1', 1, (435, 438), (70, 1.25), (70, 1.75)), ('K.258 KernScores', 'P1', 1, (439, 442), (70, 2.25), (70, 2.75))], [('K.258 KernScores', 'P1', 1, (463, 466), (74, 1.25), (74, 1.75)), ('K.258 KernScores', 'P1', 1, (467, 470), (74, 2.25), (74, 2.75))], [('K.258 KernScores', 'P1', 2, (63, 66), (68, 1.25), (68, 1.75)), ('K.258 KernScores', 'P1', 2, (67, 70), (68, 2.25), (68, 2.75)), ('K.258 KernScores', 'P1', 2, (71, 74), (69, 1.25), (69, 1.75)), ('K.258 KernScores', 'P1', 2, (75, 78), (69, 2.25), (69, 2.75)), ('K.258 KernScores', 'P1', 2, (79, 82), (72, 1.0), (72, 1.5))], [('K.258 KernScores', 'P2', 1, (327, 330), (64, 2.25), (64, 2.75)), ('K.258 KernScores', 'P2', 1, (331, 334), (65, 1.25), (65, 1.75))]]) 

4 .    (((3, 2, 2), (0.25, 0.25, 0.25)), [[('K.258 KernScores', 'P1', 1, (288, 291), (49, 1.25), (49, 1.75)), ('K.258 KernScores', 'P1', 1, (292, 295), (49, 2.25), (49, 2.75)), ('K.258 KernScores', 'P1', 1, (296, 299), (50, 1.25), (50, 1.75)), ('K.258 KernScores', 'P1', 1, (300, 303), (50, 2.25), (50, 2.75)), ('K.258 KernScores', 'P1', 1, (304, 307), (51, 1.25), (51, 1.75))], [('K.258 KernScores', 'P2', 1, (156, 159), (32, 3.25), (32, 3.75)), ('K.258 KernScores', 'P2', 1, (160, 163), (33, 3.25), (33, 3.75))], [('K.258 KernScores', 'P2', 1, (170, 173), (36, 3.25), (36, 3.75)), ('K.258 KernScores', 'P2', 1, (174, 177), (37, 3.25), (37, 3.75))], [('K.258 KernScores', 'P2', 1, (343, 346), (68, 3.25), (68, 3.75)), ('K.258 KernScores', 'P2', 1, (347, 350), (69, 3.25), (69, 3.75))], [('K.258 KernScores', 'P2', 1, (357, 360), (72, 3.25), (72, 3.75)), ('K.258 KernScores', 'P2', 1, (361, 364), (73, 3.25), (73, 3.75))]]) 

5 .    (((-2, 2, -2), (0.25, 0.25, 0.25)), [[('K.258 KernScores', 'P1', 1, (121, 124), (28, 2.25), (28, 2.75)), ('K.258 KernScores', 'P1', 1, (125, 128), (28, 3.25), (28, 3.75)), ('K.258 KernScores', 'P1', 1, (129, 132), (29, 1.25), (29, 1.75)), ('K.258 KernScores', 'P1', 1, (133, 136), (29, 2.25), (29, 2.75))], [('K.258 KernScores', 'P1', 1, (348, 351), (54, 3.5), (55, 1.0)), ('K.258 KernScores', 'P1', 1, (352, 355), (55, 1.5), (55, 2.0))], [('K.258 KernScores', 'P2', 1, (137, 140), (30, 2.25), (30, 2.75)), ('K.258 KernScores', 'P2', 1, (141, 144), (30, 3.25), (30, 3.75)), ('K.258 KernScores', 'P2', 1, (145, 148), (31, 1.25), (31, 1.75)), ('K.258 KernScores', 'P2', 1, (149, 152), (31, 2.25), (31, 2.75))], [('K.258 KernScores', 'P2', 1, (258, 261), (56, 2.25), (56, 2.75)), ('K.258 KernScores', 'P2', 1, (262, 265), (56, 3.25), (56, 3.75)), ('K.258 KernScores', 'P2', 1, (266, 269), (57, 1.25), (57, 1.75)), ('K.258 KernScores', 'P2', 1, (270, 273), (57, 2.25), (57, 2.75))], [('K.258 KernScores', 'P2', 1, (283, 286), (59, 2.25), (59, 2.75)), ('K.258 KernScores', 'P2', 1, (287, 290), (59, 3.25), (59, 3.75)), ('K.258 KernScores', 'P2', 1, (291, 294), (60, 1.25), (60, 1.75)), ('K.258 KernScores', 'P2', 1, (295, 298), (60, 2.25), (60, 2.75))], [('K.258 KernScores', 'P2', 1, (308, 311), (62, 2.25), (62, 2.75)), ('K.258 KernScores', 'P2', 1, (312, 315), (62, 3.25), (62, 3.75)), ('K.258 KernScores', 'P2', 1, (316, 319), (63, 1.25), (63, 1.75)), ('K.258 KernScores', 'P2', 1, (320, 323), (63, 2.25), (63, 2.75))]]) 

6 .    (((3, -2, 2), (0.25, 0.25, 0.25)), [[('K.258 KernScores', 'P1', 1, (120, 123), (28, 2.0), (28, 2.5)), ('K.258 KernScores', 'P1', 1, (124, 127), (28, 3.0), (28, 3.5)), ('K.258 KernScores', 'P1', 1, (128, 131), (29, 1.0), (29, 1.5)), ('K.258 KernScores', 'P1', 1, (132, 135), (29, 2.0), (29, 2.5))], [('K.258 KernScores', 'P2', 1, (136, 139), (30, 2.0), (30, 2.5)), ('K.258 KernScores', 'P2', 1, (140, 143), (30, 3.0), (30, 3.5)), ('K.258 KernScores', 'P2', 1, (144, 147), (31, 1.0), (31, 1.5)), ('K.258 KernScores', 'P2', 1, (148, 151), (31, 2.0), (31, 2.5))], [('K.258 KernScores', 'P2', 1, (257, 260), (56, 2.0), (56, 2.5)), ('K.258 KernScores', 'P2', 1, (261, 264), (56, 3.0), (56, 3.5)), ('K.258 KernScores', 'P2', 1, (265, 268), (57, 1.0), (57, 1.5)), ('K.258 KernScores', 'P2', 1, (269, 272), (57, 2.0), (57, 2.5))], [('K.258 KernScores', 'P2', 1, (282, 285), (59, 2.0), (59, 2.5)), ('K.258 KernScores', 'P2', 1, (286, 289), (59, 3.0), (59, 3.5)), ('K.258 KernScores', 'P2', 1, (290, 293), (60, 1.0), (60, 1.5)), ('K.258 KernScores', 'P2', 1, (294, 297), (60, 2.0), (60, 2.5))], [('K.258 KernScores', 'P2', 1, (307, 310), (62, 2.0), (62, 2.5)), ('K.258 KernScores', 'P2', 1, (311, 314), (62, 3.0), (62, 3.5)), ('K.258 KernScores', 'P2', 1, (315, 318), (63, 1.0), (63, 1.5)), ('K.258 KernScores', 'P2', 1, (319, 322), (63, 2.0), (63, 2.5))]]) 

7 .    (((-8, 11, -8), (0.5, 0.5, 0.5)), [[('K.258 KernScores', 'P2', 1, (77, 80), (19, 2.0), (19, 3.0)), ('K.258 KernScores', 'P2', 1, (81, 84), (20, 1.0), (20, 2.0))], [('K.258 KernScores', 'P2', 1, (93, 96), (22, 1.0), (22, 2.0)), ('K.258 KernScores', 'P2', 1, (97, 100), (22, 3.0), (23, 1.0)), ('K.258 KernScores', 'P2', 1, (101, 104), (23, 2.0), (23, 3.0)), ('K.258 KernScores', 'P2', 1, (105, 108), (24, 1.0), (24, 2.0))]]) 

8 .    (((-4, (3, 2), 2, 2, 2), (0.5, (0.0, 1.25), 0.25, 0.25, 0.25)), [[('K.258 KernScores', 'P1', 1, (148, 153), (32, 2.5), (33, 1.75)), ('K.258 KernScores', 'P1', 1, (154, 159), (33, 2.5), (34, 1.75))], [('K.258 KernScores', 'P1', 1, (184, 189), (36, 2.5), (37, 1.75)), ('K.258 KernScores', 'P1', 1, (190, 195), (37, 2.5), (38, 1.75))]]) 

9 .    (((2, -3, 2), (0.25, 0.25, 0.25)), [[('K.258 KernScores', 'P2', 1, (210, 213), (44, 1.25), (44, 1.75)), ('K.258 KernScores', 'P2', 1, (214, 217), (44, 2.25), (44, 2.75))], [('K.258 KernScores', 'P2', 1, (397, 400), (80, 1.25), (80, 1.75)), ('K.258 KernScores', 'P2', 1, (401, 404), (80, 2.25), (80, 2.75))]]) 

10 .    (((3, 3, 2), (0.25, 0.25, 0.25)), [[('K.258 KernScores', 'P1', 1, (164, 167), (34, 3.25), (34, 3.75)), ('K.258 KernScores', 'P1', 1, (168, 171), (35, 1.25), (35, 1.75))], [('K.258 KernScores', 'P1', 1, (200, 203), (38, 3.25), (38, 3.75)), ('K.258 KernScores', 'P1', 1, (204, 207), (39, 1.25), (39, 1.75))], [('K.258 KernScores', 'P1', 1, (443, 446), (70, 3.25), (70, 3.75)), ('K.258 KernScores', 'P1', 1, (447, 450), (71, 1.25), (71, 1.75))], [('K.258 KernScores', 'P1', 1, (471, 474), (74, 3.25), (74, 3.75)), ('K.258 KernScores', 'P1', 1, (475, 478), (75, 1.25), (75, 1.75))]]) 

11 .    (((2, 2), (0.25, 0.25)), [[('K.258 KernScores', 'P1', 1, (252, 254), (45, 1.25), (45, 1.5)), ('K.258 KernScores', 'P1', 1, (255, 257), (45, 2.0), (45, 2.25))], [('K.258 KernScores', 'P1', 1, (523, 525), (81, 1.25), (81, 1.5)), ('K.258 KernScores', 'P1', 1, (526, 528), (81, 2.0), (81, 2.25))], [('K.258 KernScores', 'P1', 2, (28, 30), (32, 1.5), (32, 1.75)), ('K.258 KernScores', 'P1', 2, (31, 33), (32, 2.25), (32, 2.5))], [('K.258 KernScores', 'P1', 2, (85, 87), (72, 2.5), (72, 2.75)), ('K.258 KernScores', 'P1', 2, (88, 90), (73, 1.25), (73, 1.5))]]) 

12 .    (((-2, -2), (0.25, 0.25)), [[('K.258 KernScores', 'P1', 1, (347, 349), (54, 3.25), (54, 3.5)), ('K.258 KernScores', 'P1', 1, (350, 352), (55, 1.0), (55, 1.25))], [('K.258 KernScores', 'P1', 2, (55, 57), (66, 1.5), (66, 1.75)), ('K.258 KernScores', 'P1', 2, (58, 60), (67, 1.0), (67, 1.25))]]) 

13 .    (((-2, 2), (0.25, 0.25)), [[('K.258 KernScores', 'P1', 1, (261, 263), (45, 3.5), (45, 3.75)), ('K.258 KernScores', 'P1', 1, (264, 266), (46, 1.5), (46, 1.75))], [('K.258 KernScores', 'P1', 1, (532, 534), (81, 3.5), (81, 3.75)), ('K.258 KernScores', 'P1', 1, (535, 537), (82, 1.5), (82, 1.75))]]) 

14 .    (((2, -2), (0.25, 0.25)), [[('K.258 KernScores', 'P1', 1, (114, 116), (26, 3.25), (26, 3.5)), ('K.258 KernScores', 'P1', 1, (117, 119), (28, 1.25), (28, 1.5))]]) 

15 .    (((2, 2), (0.5, 0.5)), [[('K.258 KernScores', 'P1', 1, (49, 51), (11, 2.0), (11, 2.5)), ('K.258 KernScores', 'P1', 1, (52, 54), (12, 2.0), (12, 2.5))], [('K.258 KernScores', 'P1', 1, (58, 60), (13, 2.0), (13, 2.5)), ('K.258 KernScores', 'P1', 1, (61, 63), (14, 2.0), (14, 2.5))]]) 

