1.    nomes:
K.51 Musescore

2.    quantidade:
1

3.    analise:
[('intDia', 'p1p2'), ('duracao', 'p1p2'), ('Ptempo', 'p1')] SemContInte Distancia: 0

1.    ((-6, 4, -2, 8, -6, 5, -7, 6, -7, 6, -7, 6, -7, 6, 2, -6, 4, -2, 8, -6, 5, -7, 6, -7, 6, -7, 6, -7, 6), (0.25, 0.25, 0.25, 0.25, 0.25, 0.25, 0.25, 0.25, 0.25, 0.25, 0.25, 0.25, 0.25, 0.25, 0.5, 0.25, 0.25, 0.25, 0.25, 0.25, 0.25, 0.25, 0.25, 0.25, 0.25, 0.25, 0.25, 0.25, 0.25), (0.25,)):
('K.51 Musescore', 'P1', 1, (1, 30), (1,), (1.25,), (2,), (4.5,))
('K.51 Musescore', 'P1', 1, (280, 309), (23,), (1.25,), (24,), (4.5,))

2.    ((-3, 2, -3, 2, -3, 2, -3, -3, 6, -2, -3, 2, -3, 2, -4, 2, -3, 2, -3, 2, -3, 2, -3, -3, 6, -2), (0.25, 0.25, 0.25, 0.25, 0.25, 0.25, 0.25, 0.25, 0.25, 0.25, 0.25, 0.25, 0.25, 0.25, 0.25, 0.25, 0.25, 0.25, 0.25, 0.25, 0.25, 0.25, 0.25, 0.25, 0.25, 0.25), (0.5,)):
('K.51 Musescore', 'P1', 1, (248, 274), (20,), (1.5,), (21,), (3.75,))
('K.51 Musescore', 'P1', 1, (569, 595), (45,), (3.5,), (46,), (1.75,))

3.    ((-2, 6, -2, -5, 2, 5, -2, -4, -2, 6, -2, -5, 2, 5, -2, -4, -2, 6, -2, -5), (0.25, 0.25, 0.25, 0.25, 0.25, 0.25, 0.25, 0.25, 0.25, 0.25, 0.25, 0.25, 0.25, 0.25, 0.25, 0.25, 0.25, 0.25, 0.25, 0.25), (0.75,)):
('K.51 Musescore', 'P1', 3, (208, 228), (29,), (1.75,), (30,), (2.5,))
('K.51 Musescore', 'P1', 3, (228, 248), (30,), (2.75,), (31,), (3.5,))

4.    ((-2, -2, -2, -2, (3, -4), -3, -3, 9, (3, -2), (3, -4), -3, -3, 9, (3, -2), (3, -4), -3, -3, 9), (0.25, 0.25, 0.25, 0.25, (0.0, 0.25), 0.25, 0.25, 0.25, (0.0, 1.0), (0.0, 0.25), 0.25, 0.25, 0.25, (0.0, 1.0), (0.0, 0.25), 0.25, 0.25, 0.25), (0.0,)):
('K.51 Musescore', 'P1', 1, (50, 68), (4,), (4.0,), (6,), (1.75,))
('K.51 Musescore', 'P1', 1, (199, 217), (15,), (4.0,), (17,), (1.75,))

5.    ((5, -5, 6, -5, 6, -5, 6, -5, 6, -7, 6, -7, 6, -7, 6), (0.25, 0.25, 0.25, 0.25, 0.25, 0.25, 0.25, 0.25, 0.25, 0.25, 0.25, 0.25, 0.25, 0.25, 0.25), (0.0,)):
('K.51 Musescore', 'P1', 1, (310, 325), (25,), (1.0,), (25,), (4.5,))
('K.51 Musescore', 'P1', 1, (326, 341), (26,), (1.0,), (26,), (4.5,))

6.    ((2, 1, 2, 1, 2, -4, 2, 1, 2, 1, 2, 2, 1, -4, 2), (0.25, 0.25, 0.25, 0.25, 0.25, 0.25, 0.25, 0.25, 0.25, 0.25, 0.25, 0.25, 0.25, 0.25, 0.25), (0.25,)):
('K.51 Musescore', 'P1', 1, (343, 358), (27,), (1.25,), (27,), (4.75,))
('K.51 Musescore', 'P1', 1, (423, 438), (33,), (3.25,), (34,), (2.75,))

7.    ((-5, 5, -4, -5, 4, 5, -4, -5, 4, 5, -4, -5, 4), (0.5, 1.25, 0.25, 0.25, 0.25, 1.25, 0.25, 0.25, 0.25, 1.25, 0.25, 0.25, 0.25), (0.5,)):
('K.51 Musescore', 'P1', 3, (29, 42), (4,), (4.5,), (6,), (2.75,))
('K.51 Musescore', 'P1', 3, (114, 127), (15,), (4.5,), (17,), (2.75,))

8.    ((-2, -2, -2, -5, 2, -8, 4, 4, -2, -2, -2), (0.5, 0.5, 0.5, 0.5, 0.5, 0.5, 0.5, 0.5, 0.5, 0.5, 0.5), (0.5,)):
('K.51 Musescore', 'P1', 3, (148, 159), (20,), (1.5,), (21,), (2.5,))
('K.51 Musescore', 'P1', 3, (363, 374), (45,), (3.5,), (46,), (4.5,))

9.    ((-3, -4, -2, 6, -4, -3, -2, 6, -4, -3, -2), (0.25, 0.25, 0.25, 0.25, 0.25, 0.25, 0.25, 0.25, 0.25, 0.25, 0.25), (0.25,)):
('K.51 Musescore', 'P1', 3, (280, 291), (34,), (4.25,), (35,), (2.75,))
('K.51 Musescore', 'P1', 3, (292, 303), (35,), (4.25,), (36,), (2.75,))

10.    ((-2, -2, -2, 1, -2, 6, -2), (0.25, 0.25, 0.25, 0.25, 0.25, 0.25, 0.25), (0.0,)):
('K.51 Musescore', 'P1', 1, (478, 485), (38,), (3.0,), (38,), (4.5,))
('K.51 Musescore', 'P1', 1, (486, 493), (39,), (2.0,), (39,), (3.5,))

11.    ((17, -2, -2, -5, 2, -8, -5), (1.0, 0.5, 0.5, 0.5, 0.5, 0.5, 0.5), (0.0,)):
('K.51 Musescore', 'P1', 3, (0, 7), (1,), (1.0,), (1,), (4.5,))
('K.51 Musescore', 'P1', 3, (7, 14), (2,), (1.0,), (2,), (4.5,))

12.    ((-2, -2, -2, -2, -2, -2), (0.5, 0.5, 0.5, 0.75, 0.5, 0.5), (0.25,)):
('K.51 Musescore', 'P1', 2, (2, 8), (20,), (1.25,), (20,), (4.0,))
('K.51 Musescore', 'P1', 2, (21, 27), (46,), (3.25,), (46,), (2.0,))

13.    ((10, -2, -2, -5, 2, -8), (1.0, 0.5, 0.5, 0.5, 0.5, 0.5), (0.0,)):
('K.51 Musescore', 'P1', 3, (164, 170), (23,), (1.0,), (23,), (4.0,))
('K.51 Musescore', 'P1', 3, (171, 177), (24,), (1.0,), (24,), (4.0,))

14.    ((-2, -2, -2, -2, 2, 2), (0.5, 0.5, 0.5, 0.5, 0.5, 0.5), (0.0,)):
('K.51 Musescore', 'P1', 3, (178, 184), (25,), (1.0,), (25,), (3.5,))
('K.51 Musescore', 'P1', 3, (186, 192), (26,), (1.0,), (26,), (3.5,))

15.    ((1, 2, 2, -3, 1), (0.5, 0.75, 0.25, 0.25, 0.25), (0.0,)):
('K.51 Musescore', 'P1', 1, (389, 394), (30,), (3.0,), (30,), (4.75,))
('K.51 Musescore', 'P1', 1, (394, 399), (31,), (1.0,), (31,), (2.75,))

16.    ((2, 5, -3, -3), (0.25, 0.25, 0.25, 0.25), (0.75,)):
('K.51 Musescore', 'P1', 1, (437, 441), (34,), (2.75,), (34,), (3.5,))
('K.51 Musescore', 'P1', 3, (256, 260), (32,), (1.75,), (32,), (2.5,))
('K.51 Musescore', 'P1', 3, (264, 268), (32,), (3.75,), (32,), (4.5,))

17.    ((4, 2, -8, 4), (0.5, 0.5, 0.5, 0.5), (0.0,)):
('K.51 Musescore', 'P1', 3, (127, 131), (17,), (3.0,), (17,), (4.5,))
('K.51 Musescore', 'P1', 3, (338, 342), (42,), (3.0,), (42,), (4.5,))

18.    ((2, 1, 1, 2), (0.5, 0.5, 1.0, 0.5), (0.5,)):
('K.51 Musescore', 'P1', 3, (201, 205), (28,), (2.5,), (28,), (4.5,))
('K.51 Musescore', 'P1', 3, (274, 278), (33,), (4.5,), (34,), (2.5,))

19.    ((-2, -2, -2), (0.5, 0.5, 0.5), (0.5,)):
('K.51 Musescore', 'P1', 2, (6, 9), (20,), (3.5,), (20,), (4.5,))
('K.51 Musescore', 'P1', 2, (17, 20), (45,), (1.5,), (45,), (2.5,))
('K.51 Musescore', 'P1', 3, (148, 151), (20,), (1.5,), (20,), (2.5,))
('K.51 Musescore', 'P1', 3, (156, 159), (21,), (1.5,), (21,), (2.5,))
('K.51 Musescore', 'P1', 3, (179, 182), (25,), (1.5,), (25,), (2.5,))
('K.51 Musescore', 'P1', 3, (187, 190), (26,), (1.5,), (26,), (2.5,))
('K.51 Musescore', 'P1', 3, (270, 273), (33,), (1.5,), (33,), (2.5,))
('K.51 Musescore', 'P1', 3, (363, 366), (45,), (3.5,), (45,), (4.5,))
('K.51 Musescore', 'P1', 3, (371, 374), (46,), (3.5,), (46,), (4.5,))

20.    ((-3, -3, 4), (0.25, 0.25, 0.25), (0.25,)):
('K.51 Musescore', 'P1', 1, (227, 230), (18,), (1.25,), (18,), (1.75,))
('K.51 Musescore', 'P1', 1, (237, 240), (19,), (1.25,), (19,), (1.75,))
('K.51 Musescore', 'P1', 3, (23, 26), (4,), (2.25,), (4,), (2.75,))
('K.51 Musescore', 'P1', 3, (63, 66), (8,), (4.25,), (8,), (4.75,))

21.    ((-3, -3), (0.25, 0.25), (0.25,)):
('K.51 Musescore', 'P1', 1, (32, 34), (3,), (1.25,), (3,), (1.5,))
('K.51 Musescore', 'P1', 1, (37, 39), (3,), (3.25,), (3,), (3.5,))
('K.51 Musescore', 'P1', 1, (42, 44), (4,), (1.25,), (4,), (1.5,))
('K.51 Musescore', 'P1', 1, (55, 57), (5,), (1.25,), (5,), (1.5,))
('K.51 Musescore', 'P1', 1, (60, 62), (5,), (3.25,), (5,), (3.5,))
('K.51 Musescore', 'P1', 1, (65, 67), (6,), (1.25,), (6,), (1.5,))
('K.51 Musescore', 'P1', 1, (70, 72), (6,), (3.25,), (6,), (3.5,))
('K.51 Musescore', 'P1', 1, (77, 79), (7,), (3.25,), (7,), (3.5,))
('K.51 Musescore', 'P1', 1, (82, 84), (8,), (1.25,), (8,), (1.5,))
('K.51 Musescore', 'P1', 1, (87, 89), (8,), (3.25,), (8,), (3.5,))
('K.51 Musescore', 'P1', 1, (164, 166), (13,), (3.25,), (13,), (3.5,))
('K.51 Musescore', 'P1', 1, (172, 174), (14,), (1.25,), (14,), (1.5,))
('K.51 Musescore', 'P1', 1, (180, 182), (14,), (3.25,), (14,), (3.5,))
('K.51 Musescore', 'P1', 1, (204, 206), (16,), (1.25,), (16,), (1.5,))
('K.51 Musescore', 'P1', 1, (209, 211), (16,), (3.25,), (16,), (3.5,))
('K.51 Musescore', 'P1', 1, (214, 216), (17,), (1.25,), (17,), (1.5,))
('K.51 Musescore', 'P1', 1, (232, 234), (18,), (3.25,), (18,), (3.5,))
('K.51 Musescore', 'P1', 1, (242, 244), (19,), (3.25,), (19,), (3.5,))
('K.51 Musescore', 'P1', 1, (446, 448), (35,), (3.25,), (35,), (3.5,))
('K.51 Musescore', 'P1', 1, (543, 545), (42,), (1.25,), (42,), (1.5,))
('K.51 Musescore', 'P1', 1, (548, 550), (43,), (3.25,), (43,), (3.5,))
('K.51 Musescore', 'P1', 1, (553, 555), (43,), (1.25,), (43,), (1.5,))
('K.51 Musescore', 'P1', 1, (558, 560), (44,), (3.25,), (44,), (3.5,))
('K.51 Musescore', 'P1', 1, (563, 565), (44,), (1.25,), (44,), (1.5,))
('K.51 Musescore', 'P1', 3, (15, 17), (3,), (2.25,), (3,), (2.5,))
('K.51 Musescore', 'P1', 3, (19, 21), (3,), (4.25,), (3,), (4.5,))
('K.51 Musescore', 'P1', 3, (55, 57), (7,), (4.25,), (7,), (4.5,))
('K.51 Musescore', 'P1', 3, (59, 61), (8,), (2.25,), (8,), (2.5,))
('K.51 Musescore', 'P1', 3, (343, 345), (42,), (2.25,), (42,), (2.5,))
('K.51 Musescore', 'P1', 3, (351, 353), (43,), (2.25,), (43,), (2.5,))
('K.51 Musescore', 'P1', 3, (359, 361), (44,), (2.25,), (44,), (2.5,))

22.    ((-4, -2), (0.25, 0.25), (0.5,)):
('K.51 Musescore', 'P1', 1, (377, 379), (29,), (2.5,), (29,), (2.75,))
('K.51 Musescore', 'P1', 1, (382, 384), (29,), (4.5,), (29,), (4.75,))
('K.51 Musescore', 'P1', 3, (207, 209), (29,), (1.5,), (29,), (1.75,))
('K.51 Musescore', 'P1', 3, (215, 217), (29,), (3.5,), (29,), (3.75,))
('K.51 Musescore', 'P1', 3, (223, 225), (30,), (1.5,), (30,), (1.75,))
('K.51 Musescore', 'P1', 3, (235, 237), (30,), (4.5,), (30,), (4.75,))
('K.51 Musescore', 'P1', 3, (243, 245), (31,), (2.5,), (31,), (2.75,))
('K.51 Musescore', 'P1', 3, (281, 283), (34,), (4.5,), (34,), (4.75,))
('K.51 Musescore', 'P1', 3, (293, 295), (35,), (4.5,), (35,), (4.75,))

23.    ((6, -2), (0.25, 0.25), (0.0,)):
('K.51 Musescore', 'P1', 1, (195, 197), (15,), (3.0,), (15,), (3.25,))
('K.51 Musescore', 'P1', 3, (209, 211), (29,), (2.0,), (29,), (2.25,))
('K.51 Musescore', 'P1', 3, (217, 219), (29,), (4.0,), (29,), (4.25,))
('K.51 Musescore', 'P1', 3, (225, 227), (30,), (2.0,), (30,), (2.25,))
('K.51 Musescore', 'P1', 3, (229, 231), (30,), (3.0,), (30,), (3.25,))
('K.51 Musescore', 'P1', 3, (237, 239), (31,), (1.0,), (31,), (1.25,))
('K.51 Musescore', 'P1', 3, (245, 247), (31,), (3.0,), (31,), (3.25,))
('K.51 Musescore', 'P1', 3, (249, 251), (31,), (4.0,), (31,), (4.25,))

24.    ((-2, 8), (0.25, 0.25), (0.75,)):
('K.51 Musescore', 'P1', 1, (3, 5), (1,), (1.75,), (1,), (2.0,))
('K.51 Musescore', 'P1', 1, (18, 20), (2,), (1.75,), (2,), (2.0,))
('K.51 Musescore', 'P1', 1, (282, 284), (23,), (1.75,), (23,), (2.0,))
('K.51 Musescore', 'P1', 1, (297, 299), (24,), (1.75,), (24,), (2.0,))
('K.51 Musescore', 'P1', 3, (45, 47), (6,), (4.75,), (7,), (1.0,))

25.    ((-2, -3), (0.25, 0.25), (0.75,)):
('K.51 Musescore', 'P1', 1, (118, 120), (10,), (3.75,), (10,), (4.0,))
('K.51 Musescore', 'P1', 1, (341, 343), (26,), (4.75,), (27,), (1.0,))

26.    ((1, 1), (0.25, 0.25), (0.5,)):
('K.51 Musescore', 'P1', 1, (496, 498), (39,), (4.5,), (39,), (4.75,))
('K.51 Musescore', 'P1', 1, (500, 502), (39,), (1.5,), (39,), (1.75,))

27.    ((-2, -2), (0.5, 0.5), (0.5,)):
('K.51 Musescore', 'P1', 2, (25, 27), (46,), (1.5,), (46,), (2.0,))
('K.51 Musescore', 'P1', 3, (335, 337), (41,), (4.5,), (41,), (1.0,))

28.    ((-4, 2), (0.5, 0.5), (0.0,)):
('K.51 Musescore', 'P1', 3, (107, 109), (15,), (1.0,), (15,), (1.5,))
('K.51 Musescore', 'P1', 3, (109, 111), (15,), (2.0,), (15,), (2.5,))

29.    ((2, 1), (0.5, 0.5), (0.5,)):
('K.51 Musescore', 'P1', 3, (195, 197), (27,), (2.5,), (27,), (3.0,))
('K.51 Musescore', 'P1', 3, (304, 306), (36,), (4.5,), (37,), (1.0,))

30.    ((1, -2), (0.5, 0.5), (0.5,)):
('K.51 Musescore', 'P1', 3, (311, 313), (37,), (4.5,), (38,), (1.0,))
('K.51 Musescore', 'P1', 3, (314, 316), (38,), (2.5,), (38,), (3.0,))

31.    ((-2,), (0.25,), (0.75,)):
('K.51 Musescore', 'P1', 1, (3, 4), (1,), (1.75,), (1,), (1.75,))
('K.51 Musescore', 'P1', 1, (18, 19), (2,), (1.75,), (2,), (1.75,))
('K.51 Musescore', 'P1', 1, (53, 54), (4,), (4.75,), (4,), (4.75,))
('K.51 Musescore', 'P1', 1, (118, 119), (10,), (3.75,), (10,), (3.75,))
('K.51 Musescore', 'P1', 1, (202, 203), (15,), (4.75,), (15,), (4.75,))
('K.51 Musescore', 'P1', 1, (257, 258), (20,), (3.75,), (20,), (3.75,))
('K.51 Musescore', 'P1', 1, (273, 274), (21,), (3.75,), (21,), (3.75,))
('K.51 Musescore', 'P1', 1, (282, 283), (23,), (1.75,), (23,), (1.75,))
('K.51 Musescore', 'P1', 1, (297, 298), (24,), (1.75,), (24,), (1.75,))
('K.51 Musescore', 'P1', 1, (341, 342), (26,), (4.75,), (26,), (4.75,))
('K.51 Musescore', 'P1', 1, (378, 379), (29,), (2.75,), (29,), (2.75,))
('K.51 Musescore', 'P1', 1, (383, 384), (29,), (4.75,), (29,), (4.75,))
('K.51 Musescore', 'P1', 1, (505, 506), (40,), (2.75,), (40,), (2.75,))
('K.51 Musescore', 'P1', 1, (578, 579), (45,), (1.75,), (45,), (1.75,))
('K.51 Musescore', 'P1', 1, (594, 595), (46,), (1.75,), (46,), (1.75,))
('K.51 Musescore', 'P1', 2, (12, 13), (37,), (3.75,), (37,), (3.75,))
('K.51 Musescore', 'P1', 3, (45, 46), (6,), (4.75,), (6,), (4.75,))
('K.51 Musescore', 'P1', 3, (49, 50), (7,), (1.75,), (7,), (1.75,))
('K.51 Musescore', 'P1', 3, (53, 54), (7,), (2.75,), (7,), (2.75,))
('K.51 Musescore', 'P1', 3, (208, 209), (29,), (1.75,), (29,), (1.75,))
('K.51 Musescore', 'P1', 3, (216, 217), (29,), (3.75,), (29,), (3.75,))
('K.51 Musescore', 'P1', 3, (224, 225), (30,), (1.75,), (30,), (1.75,))
('K.51 Musescore', 'P1', 3, (228, 229), (30,), (2.75,), (30,), (2.75,))
('K.51 Musescore', 'P1', 3, (236, 237), (30,), (4.75,), (30,), (4.75,))
('K.51 Musescore', 'P1', 3, (244, 245), (31,), (2.75,), (31,), (2.75,))
('K.51 Musescore', 'P1', 3, (252, 253), (31,), (4.75,), (31,), (4.75,))
('K.51 Musescore', 'P1', 3, (260, 261), (32,), (2.75,), (32,), (2.75,))
('K.51 Musescore', 'P1', 3, (268, 269), (32,), (4.75,), (32,), (4.75,))
('K.51 Musescore', 'P1', 3, (282, 283), (34,), (4.75,), (34,), (4.75,))
('K.51 Musescore', 'P1', 3, (286, 287), (35,), (1.75,), (35,), (1.75,))
('K.51 Musescore', 'P1', 3, (290, 291), (35,), (2.75,), (35,), (2.75,))
('K.51 Musescore', 'P1', 3, (294, 295), (35,), (4.75,), (35,), (4.75,))
('K.51 Musescore', 'P1', 3, (298, 299), (36,), (1.75,), (36,), (1.75,))
('K.51 Musescore', 'P1', 3, (302, 303), (36,), (2.75,), (36,), (2.75,))

32.    ((1,), (0.25,), (0.75,)):
('K.51 Musescore', 'P1', 1, (49, 50), (4,), (3.75,), (4,), (3.75,))
('K.51 Musescore', 'P1', 1, (98, 99), (9,), (2.75,), (9,), (2.75,))
('K.51 Musescore', 'P1', 1, (106, 107), (9,), (4.75,), (9,), (4.75,))
('K.51 Musescore', 'P1', 1, (114, 115), (10,), (2.75,), (10,), (2.75,))
('K.51 Musescore', 'P1', 1, (126, 127), (11,), (2.75,), (11,), (2.75,))
('K.51 Musescore', 'P1', 1, (135, 136), (11,), (4.75,), (11,), (4.75,))
('K.51 Musescore', 'P1', 1, (144, 145), (12,), (2.75,), (12,), (2.75,))
('K.51 Musescore', 'P1', 1, (153, 154), (12,), (4.75,), (12,), (4.75,))
('K.51 Musescore', 'P1', 1, (162, 163), (13,), (2.75,), (13,), (2.75,))
('K.51 Musescore', 'P1', 1, (166, 167), (13,), (3.75,), (13,), (3.75,))
('K.51 Musescore', 'P1', 1, (170, 171), (13,), (4.75,), (13,), (4.75,))
('K.51 Musescore', 'P1', 1, (174, 175), (14,), (1.75,), (14,), (1.75,))
('K.51 Musescore', 'P1', 1, (178, 179), (14,), (2.75,), (14,), (2.75,))
('K.51 Musescore', 'P1', 1, (182, 183), (14,), (3.75,), (14,), (3.75,))
('K.51 Musescore', 'P1', 1, (186, 187), (14,), (4.75,), (14,), (4.75,))
('K.51 Musescore', 'P1', 1, (190, 191), (15,), (1.75,), (15,), (1.75,))
('K.51 Musescore', 'P1', 1, (277, 278), (21,), (4.75,), (21,), (4.75,))
('K.51 Musescore', 'P1', 1, (369, 370), (28,), (3.75,), (28,), (3.75,))
('K.51 Musescore', 'P1', 1, (393, 394), (30,), (4.75,), (30,), (4.75,))
('K.51 Musescore', 'P1', 1, (398, 399), (31,), (2.75,), (31,), (2.75,))
('K.51 Musescore', 'P1', 1, (473, 474), (37,), (4.75,), (37,), (4.75,))
('K.51 Musescore', 'P1', 1, (477, 478), (38,), (2.75,), (38,), (2.75,))
('K.51 Musescore', 'P1', 1, (481, 482), (38,), (3.75,), (38,), (3.75,))
('K.51 Musescore', 'P1', 1, (489, 490), (39,), (2.75,), (39,), (2.75,))
('K.51 Musescore', 'P1', 1, (493, 494), (39,), (3.75,), (39,), (3.75,))
('K.51 Musescore', 'P1', 1, (497, 498), (39,), (4.75,), (39,), (4.75,))
('K.51 Musescore', 'P1', 1, (501, 502), (39,), (1.75,), (39,), (1.75,))
('K.51 Musescore', 'P1', 1, (513, 514), (40,), (4.75,), (40,), (4.75,))
('K.51 Musescore', 'P1', 3, (248, 249), (31,), (3.75,), (31,), (3.75,))

33.    ((-2,), (0.5,), (0.0,)):
('K.51 Musescore', 'P1', 1, (474, 475), (38,), (1.0,), (38,), (1.0,))
('K.51 Musescore', 'P1', 2, (7, 8), (20,), (4.0,), (20,), (4.0,))
('K.51 Musescore', 'P1', 2, (18, 19), (45,), (2.0,), (45,), (2.0,))
('K.51 Musescore', 'P1', 2, (26, 27), (46,), (2.0,), (46,), (2.0,))
('K.51 Musescore', 'P1', 3, (1, 2), (1,), (2.0,), (1,), (2.0,))
('K.51 Musescore', 'P1', 3, (8, 9), (2,), (2.0,), (2,), (2.0,))
('K.51 Musescore', 'P1', 3, (26, 27), (4,), (3.0,), (4,), (3.0,))
('K.51 Musescore', 'P1', 3, (78, 79), (10,), (3.0,), (10,), (3.0,))
('K.51 Musescore', 'P1', 3, (80, 81), (10,), (4.0,), (10,), (4.0,))
('K.51 Musescore', 'P1', 3, (149, 150), (20,), (2.0,), (20,), (2.0,))
('K.51 Musescore', 'P1', 3, (157, 158), (21,), (2.0,), (21,), (2.0,))
('K.51 Musescore', 'P1', 3, (165, 166), (23,), (2.0,), (23,), (2.0,))
('K.51 Musescore', 'P1', 3, (172, 173), (24,), (2.0,), (24,), (2.0,))
('K.51 Musescore', 'P1', 3, (178, 179), (25,), (1.0,), (25,), (1.0,))
('K.51 Musescore', 'P1', 3, (180, 181), (25,), (2.0,), (25,), (2.0,))
('K.51 Musescore', 'P1', 3, (186, 187), (26,), (1.0,), (26,), (1.0,))
('K.51 Musescore', 'P1', 3, (188, 189), (26,), (2.0,), (26,), (2.0,))
('K.51 Musescore', 'P1', 3, (271, 272), (33,), (2.0,), (33,), (2.0,))
('K.51 Musescore', 'P1', 3, (308, 309), (37,), (3.0,), (37,), (3.0,))
('K.51 Musescore', 'P1', 3, (310, 311), (37,), (4.0,), (37,), (4.0,))
('K.51 Musescore', 'P1', 3, (312, 313), (38,), (1.0,), (38,), (1.0,))
('K.51 Musescore', 'P1', 3, (315, 316), (38,), (3.0,), (38,), (3.0,))
('K.51 Musescore', 'P1', 3, (318, 319), (39,), (2.0,), (39,), (2.0,))
('K.51 Musescore', 'P1', 3, (329, 330), (40,), (1.0,), (40,), (1.0,))
('K.51 Musescore', 'P1', 3, (336, 337), (41,), (1.0,), (41,), (1.0,))
('K.51 Musescore', 'P1', 3, (364, 365), (45,), (4.0,), (45,), (4.0,))
('K.51 Musescore', 'P1', 3, (372, 373), (46,), (4.0,), (46,), (4.0,))

34.    ((6,), (0.25,), (0.0,)):
('K.51 Musescore', 'P1', 1, (8, 9), (1,), (3.0,), (1,), (3.0,))
('K.51 Musescore', 'P1', 1, (12, 13), (1,), (4.0,), (1,), (4.0,))
('K.51 Musescore', 'P1', 1, (23, 24), (2,), (3.0,), (2,), (3.0,))
('K.51 Musescore', 'P1', 1, (27, 28), (2,), (4.0,), (2,), (4.0,))
('K.51 Musescore', 'P1', 1, (287, 288), (23,), (3.0,), (23,), (3.0,))
('K.51 Musescore', 'P1', 1, (291, 292), (23,), (4.0,), (23,), (4.0,))
('K.51 Musescore', 'P1', 1, (302, 303), (24,), (3.0,), (24,), (3.0,))
('K.51 Musescore', 'P1', 1, (306, 307), (24,), (4.0,), (24,), (4.0,))
('K.51 Musescore', 'P1', 1, (314, 315), (25,), (2.0,), (25,), (2.0,))
('K.51 Musescore', 'P1', 1, (318, 319), (25,), (3.0,), (25,), (3.0,))
('K.51 Musescore', 'P1', 1, (322, 323), (25,), (4.0,), (25,), (4.0,))
('K.51 Musescore', 'P1', 1, (330, 331), (26,), (2.0,), (26,), (2.0,))
('K.51 Musescore', 'P1', 1, (334, 335), (26,), (3.0,), (26,), (3.0,))
('K.51 Musescore', 'P1', 1, (338, 339), (26,), (4.0,), (26,), (4.0,))
('K.51 Musescore', 'P1', 1, (526, 527), (41,), (4.0,), (41,), (4.0,))
('K.51 Musescore', 'P1', 1, (534, 535), (42,), (3.0,), (42,), (3.0,))
('K.51 Musescore', 'P1', 1, (538, 539), (42,), (4.0,), (42,), (4.0,))
('K.51 Musescore', 'P1', 3, (50, 51), (7,), (2.0,), (7,), (2.0,))
('K.51 Musescore', 'P1', 3, (253, 254), (32,), (1.0,), (32,), (1.0,))
('K.51 Musescore', 'P1', 3, (261, 262), (32,), (3.0,), (32,), (3.0,))
('K.51 Musescore', 'P1', 3, (283, 284), (35,), (1.0,), (35,), (1.0,))
('K.51 Musescore', 'P1', 3, (287, 288), (35,), (2.0,), (35,), (2.0,))
('K.51 Musescore', 'P1', 3, (295, 296), (36,), (1.0,), (36,), (1.0,))
('K.51 Musescore', 'P1', 3, (299, 300), (36,), (2.0,), (36,), (2.0,))

35.    ((-2,), (0.25,), (0.25,)):
('K.51 Musescore', 'P1', 1, (47, 48), (4,), (3.25,), (4,), (3.25,))
('K.51 Musescore', 'P1', 1, (51, 52), (4,), (4.25,), (4,), (4.25,))
('K.51 Musescore', 'P1', 1, (128, 129), (11,), (3.25,), (11,), (3.25,))
('K.51 Musescore', 'P1', 1, (137, 138), (12,), (1.25,), (12,), (1.25,))
('K.51 Musescore', 'P1', 1, (200, 201), (15,), (4.25,), (15,), (4.25,))
('K.51 Musescore', 'P1', 1, (275, 276), (21,), (4.25,), (21,), (4.25,))
('K.51 Musescore', 'P1', 1, (479, 480), (38,), (3.25,), (38,), (3.25,))
('K.51 Musescore', 'P1', 1, (487, 488), (39,), (2.25,), (39,), (2.25,))
('K.51 Musescore', 'P1', 1, (511, 512), (40,), (4.25,), (40,), (4.25,))
('K.51 Musescore', 'P1', 1, (523, 524), (41,), (3.25,), (41,), (3.25,))
('K.51 Musescore', 'P1', 3, (206, 207), (29,), (1.25,), (29,), (1.25,))
('K.51 Musescore', 'P1', 3, (214, 215), (29,), (3.25,), (29,), (3.25,))
('K.51 Musescore', 'P1', 3, (222, 223), (30,), (1.25,), (30,), (1.25,))
('K.51 Musescore', 'P1', 3, (234, 235), (30,), (4.25,), (30,), (4.25,))
('K.51 Musescore', 'P1', 3, (242, 243), (31,), (2.25,), (31,), (2.25,))

36.    ((-3,), (0.25,), (0.5,)):
('K.51 Musescore', 'P1', 1, (161, 162), (13,), (2.5,), (13,), (2.5,))
('K.51 Musescore', 'P1', 1, (169, 170), (13,), (4.5,), (13,), (4.5,))
('K.51 Musescore', 'P1', 1, (177, 178), (14,), (2.5,), (14,), (2.5,))
('K.51 Musescore', 'P1', 1, (224, 225), (17,), (4.5,), (17,), (4.5,))
('K.51 Musescore', 'P1', 1, (392, 393), (30,), (4.5,), (30,), (4.5,))
('K.51 Musescore', 'P1', 1, (397, 398), (31,), (2.5,), (31,), (2.5,))
('K.51 Musescore', 'P1', 1, (597, 598), (46,), (2.5,), (46,), (2.5,))
('K.51 Musescore', 'P1', 3, (44, 45), (6,), (4.5,), (6,), (4.5,))
('K.51 Musescore', 'P1', 3, (52, 53), (7,), (2.5,), (7,), (2.5,))
('K.51 Musescore', 'P1', 3, (255, 256), (32,), (1.5,), (32,), (1.5,))
('K.51 Musescore', 'P1', 3, (263, 264), (32,), (3.5,), (32,), (3.5,))
('K.51 Musescore', 'P1', 3, (285, 286), (35,), (1.5,), (35,), (1.5,))
('K.51 Musescore', 'P1', 3, (289, 290), (35,), (2.5,), (35,), (2.5,))
('K.51 Musescore', 'P1', 3, (297, 298), (36,), (1.5,), (36,), (1.5,))
('K.51 Musescore', 'P1', 3, (301, 302), (36,), (2.5,), (36,), (2.5,))

37.    ((4,), (0.25,), (0.75,)):
('K.51 Musescore', 'P1', 1, (198, 199), (15,), (3.75,), (15,), (3.75,))
('K.51 Musescore', 'P1', 3, (33, 34), (5,), (2.75,), (5,), (2.75,))
('K.51 Musescore', 'P1', 3, (37, 38), (5,), (4.75,), (5,), (4.75,))
('K.51 Musescore', 'P1', 3, (41, 42), (6,), (2.75,), (6,), (2.75,))
('K.51 Musescore', 'P1', 3, (118, 119), (16,), (2.75,), (16,), (2.75,))
('K.51 Musescore', 'P1', 3, (122, 123), (16,), (4.75,), (16,), (4.75,))
('K.51 Musescore', 'P1', 3, (126, 127), (17,), (2.75,), (17,), (2.75,))
('K.51 Musescore', 'P1', 3, (134, 135), (18,), (2.75,), (18,), (2.75,))
('K.51 Musescore', 'P1', 3, (138, 139), (18,), (4.75,), (18,), (4.75,))
('K.51 Musescore', 'P1', 3, (142, 143), (19,), (2.75,), (19,), (2.75,))
('K.51 Musescore', 'P1', 3, (146, 147), (19,), (4.75,), (19,), (4.75,))
('K.51 Musescore', 'P1', 3, (349, 350), (43,), (4.75,), (43,), (4.75,))
('K.51 Musescore', 'P1', 3, (357, 358), (44,), (4.75,), (44,), (4.75,))

38.    ((-5,), (0.25,), (0.75,)):
('K.51 Musescore', 'P1', 1, (313, 314), (25,), (1.75,), (25,), (1.75,))
('K.51 Musescore', 'P1', 1, (317, 318), (25,), (2.75,), (25,), (2.75,))
('K.51 Musescore', 'P1', 1, (329, 330), (26,), (1.75,), (26,), (1.75,))
('K.51 Musescore', 'P1', 1, (333, 334), (26,), (2.75,), (26,), (2.75,))
('K.51 Musescore', 'P1', 3, (17, 18), (3,), (2.75,), (3,), (2.75,))
('K.51 Musescore', 'P1', 3, (21, 22), (3,), (4.75,), (3,), (4.75,))
('K.51 Musescore', 'P1', 3, (57, 58), (7,), (4.75,), (7,), (4.75,))
('K.51 Musescore', 'P1', 3, (61, 62), (8,), (2.75,), (8,), (2.75,))
('K.51 Musescore', 'P1', 3, (345, 346), (42,), (2.75,), (42,), (2.75,))
('K.51 Musescore', 'P1', 3, (353, 354), (43,), (2.75,), (43,), (2.75,))
('K.51 Musescore', 'P1', 3, (361, 362), (44,), (2.75,), (44,), (2.75,))

39.    ((1,), (0.25,), (0.0,)):
('K.51 Musescore', 'P1', 1, (346, 347), (27,), (2.0,), (27,), (2.0,))
('K.51 Musescore', 'P1', 1, (350, 351), (27,), (3.0,), (27,), (3.0,))
('K.51 Musescore', 'P1', 1, (366, 367), (28,), (3.0,), (28,), (3.0,))
('K.51 Musescore', 'P1', 1, (426, 427), (33,), (4.0,), (33,), (4.0,))
('K.51 Musescore', 'P1', 1, (430, 431), (34,), (1.0,), (34,), (1.0,))
('K.51 Musescore', 'P1', 1, (456, 457), (36,), (4.0,), (36,), (4.0,))
('K.51 Musescore', 'P1', 1, (464, 465), (37,), (2.0,), (37,), (2.0,))
('K.51 Musescore', 'P1', 1, (502, 503), (40,), (2.0,), (40,), (2.0,))
('K.51 Musescore', 'P1', 2, (20, 21), (46,), (3.0,), (46,), (3.0,))

40.    ((-3,), (0.25,), (0.25,)):
('K.51 Musescore', 'P1', 1, (255, 256), (20,), (3.25,), (20,), (3.25,))
('K.51 Musescore', 'P1', 1, (271, 272), (21,), (3.25,), (21,), (3.25,))
('K.51 Musescore', 'P1', 1, (499, 500), (39,), (1.25,), (39,), (1.25,))
('K.51 Musescore', 'P1', 1, (527, 528), (41,), (4.25,), (41,), (4.25,))
('K.51 Musescore', 'P1', 1, (576, 577), (45,), (1.25,), (45,), (1.25,))
('K.51 Musescore', 'P1', 1, (592, 593), (46,), (1.25,), (46,), (1.25,))
('K.51 Musescore', 'P1', 3, (47, 48), (7,), (1.25,), (7,), (1.25,))
('K.51 Musescore', 'P1', 3, (280, 281), (34,), (4.25,), (34,), (4.25,))
('K.51 Musescore', 'P1', 3, (292, 293), (35,), (4.25,), (35,), (4.25,))

41.    ((1,), (0.5,), (0.0,)):
('K.51 Musescore', 'P1', 1, (389, 390), (30,), (3.0,), (30,), (3.0,))
('K.51 Musescore', 'P1', 1, (394, 395), (31,), (1.0,), (31,), (1.0,))
('K.51 Musescore', 'P1', 1, (404, 405), (32,), (1.0,), (32,), (1.0,))
('K.51 Musescore', 'P1', 1, (409, 410), (32,), (3.0,), (32,), (3.0,))
('K.51 Musescore', 'P1', 3, (196, 197), (27,), (3.0,), (27,), (3.0,))
('K.51 Musescore', 'P1', 3, (199, 200), (28,), (1.0,), (28,), (1.0,))
('K.51 Musescore', 'P1', 3, (202, 203), (28,), (3.0,), (28,), (3.0,))
('K.51 Musescore', 'P1', 3, (275, 276), (34,), (1.0,), (34,), (1.0,))
('K.51 Musescore', 'P1', 3, (305, 306), (37,), (1.0,), (37,), (1.0,))

42.    ((4,), (0.5,), (0.0,)):
('K.51 Musescore', 'P1', 1, (399, 400), (31,), (3.0,), (31,), (3.0,))
('K.51 Musescore', 'P1', 3, (28, 29), (4,), (4.0,), (4,), (4.0,))
('K.51 Musescore', 'P1', 3, (127, 128), (17,), (3.0,), (17,), (3.0,))
('K.51 Musescore', 'P1', 3, (155, 156), (21,), (1.0,), (21,), (1.0,))
('K.51 Musescore', 'P1', 3, (159, 160), (21,), (3.0,), (21,), (3.0,))
('K.51 Musescore', 'P1', 3, (334, 335), (41,), (4.0,), (41,), (4.0,))
('K.51 Musescore', 'P1', 3, (338, 339), (42,), (3.0,), (42,), (3.0,))
('K.51 Musescore', 'P1', 3, (370, 371), (46,), (3.0,), (46,), (3.0,))

43.    ((-6,), (0.25,), (0.5,)):
('K.51 Musescore', 'P1', 1, (143, 144), (12,), (2.5,), (12,), (2.5,))
('K.51 Musescore', 'P1', 1, (147, 148), (12,), (3.5,), (12,), (3.5,))
('K.51 Musescore', 'P1', 1, (152, 153), (12,), (4.5,), (12,), (4.5,))
('K.51 Musescore', 'P1', 1, (156, 157), (13,), (1.5,), (13,), (1.5,))
('K.51 Musescore', 'P1', 1, (472, 473), (37,), (4.5,), (37,), (4.5,))
('K.51 Musescore', 'P1', 3, (48, 49), (7,), (1.5,), (7,), (1.5,))

44.    ((2,), (0.5,), (0.0,)):
('K.51 Musescore', 'P1', 2, (0, 1), (4,), (4.0,), (4,), (4.0,))
('K.51 Musescore', 'P1', 3, (182, 183), (25,), (3.0,), (25,), (3.0,))
('K.51 Musescore', 'P1', 3, (184, 185), (25,), (4.0,), (25,), (4.0,))
('K.51 Musescore', 'P1', 3, (190, 191), (26,), (3.0,), (26,), (3.0,))
('K.51 Musescore', 'P1', 3, (269, 270), (33,), (1.0,), (33,), (1.0,))

45.    (((3, 2),), ((0.0, 1.0),), (0.0,)):
('K.51 Musescore', 'P1', 1, (74, 75), (7,), (1.0,), (7,), (1.0,))
('K.51 Musescore', 'P1', 1, (90, 91), (8,), (4.0,), (8,), (4.0,))
('K.51 Musescore', 'P1', 1, (217, 218), (17,), (2.0,), (17,), (2.0,))
('K.51 Musescore', 'P1', 1, (566, 567), (44,), (2.0,), (44,), (2.0,))

46.    ((2,), (0.25,), (0.25,)):
('K.51 Musescore', 'P1', 1, (116, 117), (10,), (3.25,), (10,), (3.25,))
('K.51 Musescore', 'P1', 1, (247, 248), (20,), (1.25,), (20,), (1.25,))
('K.51 Musescore', 'P1', 1, (471, 472), (37,), (4.25,), (37,), (4.25,))
('K.51 Musescore', 'P1', 1, (515, 516), (40,), (1.25,), (40,), (1.25,))

47.    ((5,), (0.25,), (0.0,)):
('K.51 Musescore', 'P1', 1, (310, 311), (25,), (1.0,), (25,), (1.0,))
('K.51 Musescore', 'P1', 1, (326, 327), (26,), (1.0,), (26,), (1.0,))
('K.51 Musescore', 'P1', 1, (530, 531), (41,), (1.0,), (41,), (1.0,))
('K.51 Musescore', 'P1', 3, (205, 206), (29,), (1.0,), (29,), (1.0,))

48.    ((3,), (0.25,), (0.0,)):
('K.51 Musescore', 'P1', 1, (358, 359), (28,), (1.0,), (28,), (1.0,))
('K.51 Musescore', 'P1', 1, (445, 446), (35,), (3.0,), (35,), (3.0,))
('K.51 Musescore', 'P1', 1, (460, 461), (37,), (1.0,), (37,), (1.0,))

49.    ((-8,), (0.5,), (0.0,)):
('K.51 Musescore', 'P1', 3, (82, 83), (11,), (1.0,), (11,), (1.0,))
('K.51 Musescore', 'P1', 3, (278, 279), (34,), (3.0,), (34,), (3.0,))
('K.51 Musescore', 'P1', 3, (376, 377), (46,), (2.0,), (46,), (2.0,))

50.    ((8,), (0.25,), (0.5,)):
('K.51 Musescore', 'P1', 1, (48, 49), (4,), (3.5,), (4,), (3.5,))
('K.51 Musescore', 'P1', 1, (528, 529), (41,), (4.5,), (41,), (4.5,))

51.    ((2,), (0.0,), (0.0,)):
('K.51 Musescore', 'P1', 1, (278, 279), (22,), (1.0,), (22,), (1.0,))
('K.51 Musescore', 'P1', 1, (599, 600), (47,), (1.0,), (47,), (1.0,))

52.    ((-4,), (0.25,), (0.75,)):
('K.51 Musescore', 'P1', 1, (309, 310), (24,), (4.75,), (24,), (4.75,))
('K.51 Musescore', 'P1', 1, (388, 389), (30,), (2.75,), (30,), (2.75,))

53.    ((2,), (0.25,), (0.5,)):
('K.51 Musescore', 'P1', 1, (368, 369), (28,), (3.5,), (28,), (3.5,))
('K.51 Musescore', 'P1', 1, (462, 463), (37,), (1.5,), (37,), (1.5,))

54.    ((1,), (0.25,), (0.25,)):
('K.51 Musescore', 'P1', 1, (461, 462), (37,), (1.25,), (37,), (1.25,))
('K.51 Musescore', 'P1', 1, (507, 508), (40,), (3.25,), (40,), (3.25,))

55.    ((-2,), (0.25,), (0.0,)):
('K.51 Musescore', 'P1', 1, (498, 499), (39,), (1.0,), (39,), (1.0,))
('K.51 Musescore', 'P1', 1, (506, 507), (40,), (3.0,), (40,), (3.0,))

56.    ((12,), (1.25,), (0.0,)):
('K.51 Musescore', 'P1', 3, (42, 43), (6,), (3.0,), (6,), (3.0,))
('K.51 Musescore', 'P1', 3, (291, 292), (35,), (3.0,), (35,), (3.0,))

57.    ((4,), (0.5,), (0.5,)):
('K.51 Musescore', 'P1', 3, (104, 105), (14,), (3.5,), (14,), (3.5,))
('K.51 Musescore', 'P1', 3, (170, 171), (23,), (4.5,), (23,), (4.5,))

58.    ((-3,), (0.5,), (0.0,)):
('K.51 Musescore', 'P1', 3, (111, 112), (15,), (3.0,), (15,), (3.0,))
('K.51 Musescore', 'P1', 3, (331, 332), (41,), (2.0,), (41,), (2.0,))

59.    ((2,), (1.0,), (0.5,)):
('K.51 Musescore', 'P1', 3, (197, 198), (27,), (3.5,), (27,), (3.5,))
('K.51 Musescore', 'P1', 3, (316, 317), (38,), (3.5,), (38,), (3.5,))

