1 .    ('nomes', 'K.5 Musicalion') 

2 .    ('quantidade', 1) 

3 .    ('analise', 'sequÍncias IntDiaDurPcompasso sem contidos e intercalados') 

1 .    (((2, 2, 2, 2, 2), (3.5, 0.5, 0.5, 0.5, 0.5), (1.0, 1.5, 2.0, 2.5, 3.0)), [[('K.5 Musicalion', 'P1', 1, (45, 50), (13, 1.0), (14, 3.0)), ('K.5 Musicalion', 'P1', 1, (51, 56), (15, 1.0), (16, 3.0))], [('K.5 Musicalion', 'P1', 2, (9, 14), (12, 1.0), (13, 3.0)), ('K.5 Musicalion', 'P1', 2, (15, 20), (14, 1.0), (15, 3.0))]]) 

2 .    (((-2, -2), (1.0, 1.0), (1.0, 2.0)), [[('K.5 Musicalion', 'P1', 2, (52, 54), (31, 1.0), (31, 2.0)), ('K.5 Musicalion', 'P1', 2, (55, 57), (32, 1.0), (32, 2.0))], [('K.5 Musicalion', 'P1', 2, (97, 99), (78, 1.0), (79, 2.0)), ('K.5 Musicalion', 'P1', 2, (100, 102), (79, 1.0), (80, 2.0))]]) 

3 .    (((-2, -2), (1.0, 1.0), (2.0, 3.0)), [[('K.5 Musicalion', 'P1', 2, (95, 97), (78, 2.0), (78, 3.0)), ('K.5 Musicalion', 'P1', 2, (98, 100), (79, 2.0), (79, 3.0))]]) 

4 .    ((((3, -2), (3, -2)), ((0.0, 1.0), (0.0, 1.0)), (1.0, 2.0)), [[('K.5 Musicalion', 'P1', 3, (108, 110), (82, 1.0), (83, 2.0)), ('K.5 Musicalion', 'P1', 3, (111, 113), (83, 1.0), (84, 2.0))], [('K.5 Musicalion', 'P1', 2, (65, 67), (35, 1.0), (35, 2.0)), ('K.5 Musicalion', 'P1', 2, (68, 70), (36, 1.0), (36, 2.0))]]) 

