1.    nomes:
K.318 Musescore

2.    quantidade:
1

3.    analise:
[('intDia', 'p1p2'), ('duracao', 'p1p2'), ('Ntempo', 'p1p2'), ('Ptempo', 'p1p2')] SemContInte Distancia: 0

1.    ((-2, -2, -2, -2, 2, 8, -2, -2, -2, -2, -2, -2, 2, 2, -2, -2, 2, -2, 2, 1, -2, 2, 4, 1, 2, -2, -2, 1, 2, -2, -2, 1, -5, (6, 8), -2, 1, -2, -2, -2, -2, 2, 1, -2, 2, 1, 2, 4, -4, 2, 2, -5, 2, 2, -4, 2, 2, 2, 4), (1.0, 1.0, 1.0, 1.0, 1.0, 1.0, 1.0, 1.0, 1.0, 1.0, 1.0, 1.0, 1.0, 1.0, 1.0, 1.0, 1.0, 1.0, 1.0, 1.0, 1.0, 1.0, 1.0, 3.0, 3.0, 3.0, 3.0, 3.0, 3.0, 3.0, 3.0, 3.0, 3.0, (0.0, 1.0), 1.0, 1.0, 1.0, 1.0, 1.0, 1.0, 1.0, 1.0, 1.0, 1.0, 1.0, 2.0, 2.0, 1.0, 1.0, 1.0, 1.0, 1.0, 1.0, 1.0, 1.0, 1.0, 1.0, 1.0), (2, 3, 4, 5, 6, 1, 2, 3, 4, 5, 6, 1, 2, 3, 4, 5, 6, 1, 2, 3, 4, 5, 6, 1, 4, 1, 4, 1, 4, 1, 4, 1, 4, 1, 2, 3, 4, 5, 6, 1, 2, 3, 4, 5, 6, 1, 3, 5, 6, 1, 2, 3, 4, 5, 6, 1, 2, 3), (0.0, 0.0, 0.0, 0.0, 0.0, 0.0, 0.0, 0.0, 0.0, 0.0, 0.0, 0.0, 0.0, 0.0, 0.0, 0.0, 0.0, 0.0, 0.0, 0.0, 0.0, 0.0, 0.0, 0.0, 0.0, 0.0, 0.0, 0.0, 0.0, 0.0, 0.0, 0.0, 0.0, 0.0, 0.0, 0.0, 0.0, 0.0, 0.0, 0.0, 0.0, 0.0, 0.0, 0.0, 0.0, 0.0, 0.0, 0.0, 0.0, 0.0, 0.0, 0.0, 0.0, 0.0, 0.0, 0.0, 0.0, 0.0)):
('K.318 Musescore', 'P1', 1, (529, 587), (112,), (2.0,), (125,), (3.0,))
('K.318 Musescore', 'P1', 1, (837, 895), (165,), (2.0,), (178,), (3.0,))

2.    ((-2, -2, 2, 2, 2, 2, 2, 2, -2, -2, -2, -2, -2, -2, 2, 2, 2, 2, 2, 2, -2, -2, -2, -2, -2, -2, 2, 3, -2, -2, -2, -2, -2, -2, -2, -2, -2, -2, 2, 2, 2, 2, 2, 2, -2, -2, -2, -2, -2, -2, 2, 2, 2, 2, 2, 2), (1.0, 1.0, 1.0, 0.5, 0.5, 0.5, 0.5, 0.5, 0.5, 0.5, 0.5, 0.5, 0.5, 0.5, 0.5, 0.5, 0.5, 0.5, 0.5, 0.5, 0.5, 0.5, 0.5, 0.5, 0.5, 0.5, 0.5, 0.5, 0.5, 0.5, 0.5, 0.5, 0.5, 0.5, 0.5, 0.5, 0.5, 0.5, 0.5, 0.5, 0.5, 0.5, 0.5, 0.5, 0.5, 0.5, 0.5, 0.5, 0.5, 0.5, 0.5, 0.5, 0.5, 0.5, 0.5, 0.5), (4, 5, 6, 1, 1, 2, 2, 3, 3, 4, 4, 5, 5, 6, 6, 1, 1, 2, 2, 3, 3, 4, 4, 5, 5, 6, 6, 1, 1, 2, 2, 3, 3, 4, 4, 5, 5, 6, 6, 1, 1, 2, 2, 3, 3, 4, 4, 5, 5, 6, 6, 1, 1, 2, 2, 3), (0.0, 0.0, 0.0, 0.0, 0.5, 0.0, 0.5, 0.0, 0.5, 0.0, 0.5, 0.0, 0.5, 0.0, 0.5, 0.0, 0.5, 0.0, 0.5, 0.0, 0.5, 0.0, 0.5, 0.0, 0.5, 0.0, 0.5, 0.0, 0.5, 0.0, 0.5, 0.0, 0.5, 0.0, 0.5, 0.0, 0.5, 0.0, 0.5, 0.0, 0.5, 0.0, 0.5, 0.0, 0.5, 0.0, 0.5, 0.0, 0.5, 0.0, 0.5, 0.0, 0.5, 0.0, 0.5, 0.0)):
('K.318 Musescore', 'P1', 1, (620, 676), (132,), (4.0,), (137,), (3.0,))
('K.318 Musescore', 'P1', 1, (929, 985), (185,), (4.0,), (190,), (3.0,))

3.    ((8, -2, 1, -2, 1, -2, 1, -2, 1, -2, 2, -2, 2, 2, 2, 2, -2, -2, -2, 1, -2, 2, -2, 2, 2, 2, 2, -2, -2, -2), (0.5, 1.25, 0.25, 0.25, 0.25, 0.25, 0.25, 0.25, 0.25, 0.5, 0.5, 0.5, 0.25, 0.25, 0.5, 0.25, 0.25, 0.5, 0.25, 0.25, 0.5, 0.5, 0.5, 0.25, 0.25, 0.5, 0.25, 0.25, 0.5, 0.25), (1, 2, 1, 1, 1, 2, 2, 2, 2, 1, 1, 2, 2, 2, 1, 1, 1, 2, 2, 2, 1, 1, 2, 2, 2, 1, 1, 1, 2, 2), (0.5, 0.0, 0.25, 0.5, 0.75, 0.0, 0.25, 0.5, 0.75, 0.0, 0.5, 0.0, 0.5, 0.75, 0.0, 0.5, 0.75, 0.0, 0.5, 0.75, 0.0, 0.5, 0.0, 0.5, 0.75, 0.0, 0.5, 0.75, 0.0, 0.5)):
('K.318 Musescore', 'P1', 1, (31, 61), (7,), (1.5,), (12,), (2.5,))
('K.318 Musescore', 'P1', 1, (141, 171), (27,), (1.5,), (32,), (2.5,))

4.    ((-2, 2, 1, -2, 2, -2, -2, 2, 1, -2, 2, 1, -2, 2, 1, -2, 2, -2, (2, -2), 2, 1, -2, 2, 1, -2, 2, 1, -2, 2), (1.0, 1.0, 1.0, 1.0, 1.0, 1.0, 1.0, 1.0, 1.0, 1.0, 1.0, 1.0, 1.0, 1.0, 1.0, 1.0, 1.0, 1.0, (0.0, 1.0), 1.0, 1.0, 1.0, 1.0, 1.0, 1.0, 1.0, 1.0, 1.0, 1.0), (1, 2, 3, 4, 5, 6, 1, 2, 3, 4, 5, 6, 1, 2, 3, 4, 5, 6, 1, 2, 3, 4, 5, 6, 1, 2, 3, 4, 5), (0.0, 0.0, 0.0, 0.0, 0.0, 0.0, 0.0, 0.0, 0.0, 0.0, 0.0, 0.0, 0.0, 0.0, 0.0, 0.0, 0.0, 0.0, 0.0, 0.0, 0.0, 0.0, 0.0, 0.0, 0.0, 0.0, 0.0, 0.0, 0.0)):
('K.318 Musescore', 'P1', 2, (65, 94), (116,), (1.0,), (120,), (5.0,))
('K.318 Musescore', 'P1', 2, (95, 124), (169,), (1.0,), (173,), (5.0,))

5.    ((-5, 1, -2, 6, -5, 1, -2, 2, 2, 2, 2, -2, -2, -2, 4, -5, 1, -2, 2, 2, 2, 2, -2, -2, -2), (1.0, 1.0, 2.0, 2.0, 1.0, 1.0, 1.0, 1.0, 1.0, 1.0, 1.0, 1.0, 1.0, 1.0, 2.0, 1.0, 1.0, 1.0, 1.0, 1.0, 1.0, 1.0, 1.0, 1.0, 1.0), (5, 6, 1, 3, 5, 6, 1, 2, 3, 4, 5, 6, 1, 2, 3, 5, 6, 1, 2, 3, 4, 5, 6, 1, 2), (0.0, 0.0, 0.0, 0.0, 0.0, 0.0, 0.0, 0.0, 0.0, 0.0, 0.0, 0.0, 0.0, 0.0, 0.0, 0.0, 0.0, 0.0, 0.0, 0.0, 0.0, 0.0, 0.0, 0.0, 0.0)):
('K.318 Musescore', 'P1', 1, (395, 420), (84,), (5.0,), (89,), (2.0,))
('K.318 Musescore', 'P1', 1, (421, 446), (89,), (5.0,), (94,), (2.0,))

6.    ((-2, -2, -2, -2, -3, 4, -5, 2, 7, -2, -2, -2, -2, -3, 4, -5, 2, -8), (0.5, 0.5, 0.25, 0.25, 0.5, 0.5, 0.5, 0.5, 0.5, 0.5, 0.5, 0.25, 0.25, 0.5, 0.5, 0.5, 0.5, 0.5), (1, 2, 2, 2, 1, 1, 2, 2, 1, 1, 2, 2, 2, 1, 1, 2, 2, 1), (0.5, 0.0, 0.5, 0.75, 0.0, 0.5, 0.0, 0.5, 0.0, 0.5, 0.0, 0.5, 0.75, 0.0, 0.5, 0.0, 0.5, 0.0)):
('K.318 Musescore', 'P1', 3, (116, 134), (29,), (1.5,), (33,), (1.0,))
('K.318 Musescore', 'P1', 3, (250, 268), (67,), (1.5,), (71,), (1.0,))

7.    ((-7, 2, 2, 2, -2, -2, -2, -2, 2, 2, 2, 2, -2, -2, -2, -2, 2), (0.5, 0.25, 0.25, 0.25, 0.25, 0.25, 0.25, 0.25, 0.25, 0.25, 0.25, 0.25, 0.25, 0.25, 0.25, 0.25, 0.25), (2, 1, 1, 1, 1, 2, 2, 2, 2, 1, 1, 1, 1, 2, 2, 2, 2), (0.5, 0.0, 0.25, 0.5, 0.75, 0.0, 0.25, 0.5, 0.75, 0.0, 0.25, 0.5, 0.75, 0.0, 0.25, 0.5, 0.75)):
('K.318 Musescore', 'P1', 2, (6, 23), (33,), (2.5,), (35,), (2.75,))
('K.318 Musescore', 'P1', 2, (47, 64), (71,), (2.5,), (73,), (2.75,))

8.    ((2, 2, 2, -7, (8, 8), -4, 2, 2, -5, 2, 3, 2, -7, (8, 1), (8, 4), 3, 2), (2.0, 1.0, 2.0, 1.0, (0.0, 4.0), 1.0, 1.0, 1.0, 1.0, 1.0, 1.0, 1.0, 1.0, (0.0, 3.0), (0.0, 3.0), 3.0, 3.0), (1, 3, 4, 6, 1, 5, 6, 1, 2, 3, 4, 5, 6, 1, 4, 1, 4), (0.0, 0.0, 0.0, 0.0, 0.0, 0.0, 0.0, 0.0, 0.0, 0.0, 0.0, 0.0, 0.0, 0.0, 0.0, 0.0, 0.0)):
('K.318 Musescore', 'P1', 3, (486, 503), (161,), (1.0,), (165,), (4.0,))
('K.318 Musescore', 'P1', 3, (525, 542), (177,), (1.0,), (181,), (4.0,))

9.    ((2, 2, 2, -2, -2, -2, -2, 2, 2, 2, 2, -2, -2, -2, -2), (0.25, 0.25, 0.25, 0.25, 0.25, 0.25, 0.25, 0.25, 0.25, 0.25, 0.25, 0.25, 0.25, 0.25, 0.25), (1, 1, 1, 1, 2, 2, 2, 2, 1, 1, 1, 1, 2, 2, 2), (0.0, 0.25, 0.5, 0.75, 0.0, 0.25, 0.5, 0.75, 0.0, 0.25, 0.5, 0.75, 0.0, 0.25, 0.5)):
('K.318 Musescore', 'P1', 1, (107, 122), (22,), (1.0,), (23,), (2.5,))
('K.318 Musescore', 'P1', 2, (7, 22), (34,), (1.0,), (35,), (2.5,))
('K.318 Musescore', 'P1', 2, (48, 63), (72,), (1.0,), (73,), (2.5,))

10.    ((-2, -2, -2, -2, -2, -2, -2, 1, -2, -2, -2, -2, -2, -2, -2), (0.25, 0.25, 0.25, 0.25, 0.25, 0.25, 0.25, 0.25, 0.25, 0.25, 0.25, 0.25, 0.25, 0.25, 0.25), (1, 1, 1, 2, 2, 2, 2, 1, 1, 1, 1, 2, 2, 2, 2), (0.25, 0.5, 0.75, 0.0, 0.25, 0.5, 0.75, 0.0, 0.25, 0.5, 0.75, 0.0, 0.25, 0.5, 0.75)):
('K.318 Musescore', 'P1', 3, (54, 69), (17,), (1.25,), (18,), (2.75,))
('K.318 Musescore', 'P1', 3, (70, 85), (19,), (1.25,), (20,), (2.75,))

11.    (((8, 1), (8, 4), 2, 2, 2, -7, (8, 8), -4, 2, 2, -5, 2, 3, 2, -7), ((0.0, 3.0), (0.0, 3.0), 2.0, 1.0, 2.0, 1.0, (0.0, 4.0), 1.0, 1.0, 1.0, 1.0, 1.0, 1.0, 1.0, 1.0), (1, 4, 1, 3, 4, 6, 1, 5, 6, 1, 2, 3, 4, 5, 6), (0.0, 0.0, 0.0, 0.0, 0.0, 0.0, 0.0, 0.0, 0.0, 0.0, 0.0, 0.0, 0.0, 0.0, 0.0)):
('K.318 Musescore', 'P1', 3, (344, 359), (105,), (1.0,), (108,), (6.0,))
('K.318 Musescore', 'P1', 3, (392, 407), (123,), (1.0,), (126,), (6.0,))

12.    ((2, -2, -2, 2, 2, -2, -2, 2, 2, -2, -2, 2, 2, -8), (0.5, 0.5, 0.5, 0.5, 0.5, 0.5, 0.5, 0.5, 0.5, 0.5, 0.5, 0.5, 0.5, 0.5), (1, 2, 2, 1, 1, 2, 2, 1, 1, 2, 2, 1, 1, 2), (0.5, 0.0, 0.5, 0.0, 0.5, 0.0, 0.5, 0.0, 0.5, 0.0, 0.5, 0.0, 0.5, 0.0)):
('K.318 Musescore', 'P1', 3, (141, 155), (35,), (1.5,), (38,), (2.0,))
('K.318 Musescore', 'P1', 3, (271, 285), (72,), (1.5,), (75,), (2.0,))

13.    ((2, -2, -2, -2, -2, -2, -2, -2, 2, 1, 2, 2), (0.5, 0.12, 0.12, 0.12, 0.12, 0.12, 0.12, 0.12, 0.12, 0.5, 0.5, 0.5), (1, 2, 2, 2, 2, 2, 2, 2, 2, 1, 1, 2), (0.5, 0.0, 0.12, 0.25, 0.38, 0.5, 0.62, 0.75, 0.88, 0.0, 0.5, 0.0)):
('K.318 Musescore', 'P1', 1, (262, 274), (57,), (1.5,), (58,), (2.0,))
('K.318 Musescore', 'P1', 1, (275, 287), (59,), (1.5,), (60,), (2.0,))

14.    ((2, -2, 2, 2, 2, -2, 2, 2, -2, -2, -2), (1.0, 1.0, 1.0, 1.0, 1.0, 1.0, 1.0, 1.0, 1.0, 1.0, 1.0), (4, 5, 6, 1, 2, 3, 4, 5, 6, 1, 2), (0.0, 0.0, 0.0, 0.0, 0.0, 0.0, 0.0, 0.0, 0.0, 0.0, 0.0)):
('K.318 Musescore', 'P1', 1, (447, 458), (95,), (4.0,), (97,), (2.0,))
('K.318 Musescore', 'P1', 1, (459, 470), (97,), (4.0,), (99,), (2.0,))

15.    ((-2, -2, -2, -2, -2, -2, -2, -2, -2, -2, 2), (0.25, 0.25, 0.5, 0.25, 0.25, 0.5, 0.25, 0.25, 0.5, 0.25, 0.25), (1, 1, 2, 2, 2, 1, 1, 1, 2, 2, 2), (0.5, 0.75, 0.0, 0.5, 0.75, 0.0, 0.5, 0.75, 0.0, 0.5, 0.75)):
('K.318 Musescore', 'P1', 1, (1, 12), (1,), (1.5,), (2,), (2.75,))
('K.318 Musescore', 'P1', 3, (1, 12), (3,), (1.5,), (4,), (2.75,))

16.    ((2, 2, 2, 2, 2, 2, 2, 2, 2, 2, -2), (1.0, 1.0, 1.0, 1.0, 1.0, 1.0, 1.0, 1.0, 1.0, 1.0, 1.0), (2, 3, 4, 5, 6, 1, 2, 3, 4, 5, 6), (0.0, 0.0, 0.0, 0.0, 0.0, 0.0, 0.0, 0.0, 0.0, 0.0, 0.0)):
('K.318 Musescore', 'P1', 1, (372, 383), (77,), (2.0,), (78,), (6.0,))
('K.318 Musescore', 'P1', 3, (287, 298), (79,), (2.0,), (80,), (6.0,))

17.    ((8, 2, -2, -2, -2, -2, -2, -2, -2, 2, -3), (0.5, 0.5, 0.12, 0.12, 0.12, 0.12, 0.12, 0.12, 0.12, 0.12, 0.5), (1, 1, 2, 2, 2, 2, 2, 2, 2, 2, 1), (0.0, 0.5, 0.0, 0.12, 0.25, 0.38, 0.5, 0.62, 0.75, 0.88, 0.0)):
('K.318 Musescore', 'P1', 3, (209, 220), (58,), (1.0,), (59,), (1.0,))
('K.318 Musescore', 'P1', 3, (223, 234), (60,), (1.0,), (61,), (1.0,))

18.    (((8, 2), (7, 1), (7, 4), (3, 1), (3, -5), (7, 1), (7, 4), (3, 1), (3, -5), (7, 1), (7, 4)), ((0.0, 3.0), (0.0, 3.0), (0.0, 3.0), (0.0, 3.0), (0.0, 3.0), (0.0, 3.0), (0.0, 3.0), (0.0, 3.0), (0.0, 3.0), (0.0, 3.0), (0.0, 3.0)), (4, 1, 4, 1, 4, 1, 4, 1, 4, 1, 4), (0.0, 0.0, 0.0, 0.0, 0.0, 0.0, 0.0, 0.0, 0.0, 0.0, 0.0)):
('K.318 Musescore', 'P1', 3, (377, 388), (115,), (4.0,), (120,), (4.0,))
('K.318 Musescore', 'P1', 3, (508, 519), (168,), (4.0,), (173,), (4.0,))

19.    (((3, 1), (3, -2), (3, 2), (3, -2), (3, -3), (3, 2), (3, 2), (3, -2), (3, -3), (3, 2)), ((0.0, 3.0), (0.0, 3.0), (0.0, 3.0), (0.0, 3.0), (0.0, 3.0), (0.0, 3.0), (0.0, 3.0), (0.0, 3.0), (0.0, 3.0), (0.0, 3.0)), (1, 4, 1, 4, 1, 4, 1, 4, 1, 4), (0.0, 0.0, 0.0, 0.0, 0.0, 0.0, 0.0, 0.0, 0.0, 0.0)):
('K.318 Musescore', 'P1', 3, (302, 312), (83,), (1.0,), (88,), (4.0,))
('K.318 Musescore', 'P1', 3, (312, 322), (89,), (1.0,), (93,), (4.0,))

20.    ((2, -2, -2, -2, -2, -2, -2, -2, 2), (0.5, 0.12, 0.12, 0.12, 0.12, 0.12, 0.12, 0.12, 0.12), (1, 2, 2, 2, 2, 2, 2, 2, 2), (0.5, 0.0, 0.12, 0.25, 0.38, 0.5, 0.62, 0.75, 0.88)):
('K.318 Musescore', 'P1', 1, (262, 271), (57,), (1.5,), (57,), (2.88,))
('K.318 Musescore', 'P1', 1, (275, 284), (59,), (1.5,), (59,), (2.88,))
('K.318 Musescore', 'P1', 3, (210, 219), (58,), (1.5,), (58,), (2.88,))
('K.318 Musescore', 'P1', 3, (224, 233), (60,), (1.5,), (60,), (2.88,))

21.    ((-2, -2, 2, 1, -2, 2, 1), (1.0, 1.0, 1.0, 1.0, 1.0, 1.0, 1.0), (6, 1, 2, 3, 4, 5, 6), (0.0, 0.0, 0.0, 0.0, 0.0, 0.0, 0.0)):
('K.318 Musescore', 'P1', 1, (567, 574), (121,), (6.0,), (122,), (6.0,))
('K.318 Musescore', 'P1', 1, (875, 882), (174,), (6.0,), (175,), (6.0,))
('K.318 Musescore', 'P1', 2, (70, 77), (116,), (6.0,), (117,), (6.0,))
('K.318 Musescore', 'P1', 2, (100, 107), (169,), (6.0,), (170,), (6.0,))

22.    (((4, 3, 1), (4, 3, -2), (5, 2, 1), (5, 2, 2), (4, 3, 1), (4, 3, -2), (5, 2, 1)), ((0.0, 0.0, 0.5), (0.0, 0.0, 0.5), (0.0, 0.0, 0.5), (0.0, 0.0, 0.5), (0.0, 0.0, 0.5), (0.0, 0.0, 0.5), (0.0, 0.0, 0.5)), (2, 2, 1, 1, 2, 2, 1), (0.0, 0.5, 0.0, 0.5, 0.0, 0.5, 0.0)):
('K.318 Musescore', 'P1', 3, (42, 49), (13,), (2.0,), (15,), (1.0,))
('K.318 Musescore', 'P1', 3, (167, 174), (42,), (2.0,), (44,), (1.0,))

23.    ((-2, -2, -2, -2, -2, -2), (0.25, 0.25, 0.25, 0.25, 0.25, 0.25), (1, 1, 1, 2, 2, 2), (0.25, 0.5, 0.75, 0.0, 0.25, 0.5)):
('K.318 Musescore', 'P1', 1, (80, 86), (16,), (1.25,), (16,), (2.5,))
('K.318 Musescore', 'P1', 3, (54, 60), (17,), (1.25,), (17,), (2.5,))
('K.318 Musescore', 'P1', 3, (62, 68), (18,), (1.25,), (18,), (2.5,))
('K.318 Musescore', 'P1', 3, (70, 76), (19,), (1.25,), (19,), (2.5,))
('K.318 Musescore', 'P1', 3, (78, 84), (20,), (1.25,), (20,), (2.5,))

24.    ((-2, 2, -2, 4, -2, -2), (0.25, 0.25, 0.75, 0.25, 0.25, 0.25), (1, 1, 1, 2, 2, 2), (0.0, 0.25, 0.5, 0.25, 0.5, 0.75)):
('K.318 Musescore', 'P1', 1, (62, 68), (13,), (1.0,), (13,), (2.75,))
('K.318 Musescore', 'P1', 1, (68, 74), (14,), (1.0,), (14,), (2.75,))

25.    ((-4, 2, 2, -5, 2), (1.0, 1.0, 1.0, 1.0, 1.0), (5, 6, 1, 2, 3), (0.0, 0.0, 0.0, 0.0, 0.0)):
('K.318 Musescore', 'P1', 1, (495, 500), (103,), (5.0,), (104,), (3.0,))
('K.318 Musescore', 'P1', 1, (506, 511), (105,), (5.0,), (106,), (3.0,))
('K.318 Musescore', 'P1', 1, (576, 581), (123,), (5.0,), (124,), (3.0,))
('K.318 Musescore', 'P1', 1, (819, 824), (160,), (5.0,), (161,), (3.0,))
('K.318 Musescore', 'P1', 1, (884, 889), (176,), (5.0,), (177,), (3.0,))
('K.318 Musescore', 'P1', 3, (351, 356), (107,), (5.0,), (108,), (3.0,))
('K.318 Musescore', 'P1', 3, (360, 365), (109,), (5.0,), (110,), (3.0,))
('K.318 Musescore', 'P1', 3, (399, 404), (125,), (5.0,), (126,), (3.0,))
('K.318 Musescore', 'P1', 3, (491, 496), (162,), (5.0,), (163,), (3.0,))
('K.318 Musescore', 'P1', 3, (530, 535), (178,), (5.0,), (179,), (3.0,))

26.    ((-2, 2, 1, -2, 2), (1.0, 1.0, 1.0, 1.0, 1.0), (1, 2, 3, 4, 5), (0.0, 0.0, 0.0, 0.0, 0.0)):
('K.318 Musescore', 'P1', 1, (546, 551), (115,), (1.0,), (115,), (5.0,))
('K.318 Musescore', 'P1', 1, (854, 859), (168,), (1.0,), (168,), (5.0,))
('K.318 Musescore', 'P1', 2, (65, 70), (116,), (1.0,), (116,), (5.0,))
('K.318 Musescore', 'P1', 2, (77, 82), (118,), (1.0,), (118,), (5.0,))
('K.318 Musescore', 'P1', 2, (89, 94), (120,), (1.0,), (120,), (5.0,))
('K.318 Musescore', 'P1', 2, (95, 100), (169,), (1.0,), (169,), (5.0,))
('K.318 Musescore', 'P1', 2, (107, 112), (171,), (1.0,), (171,), (5.0,))
('K.318 Musescore', 'P1', 2, (119, 124), (173,), (1.0,), (173,), (5.0,))

27.    ((2, 2, 2, 2, 2), (1.0, 0.5, 0.5, 1.0, 0.5), (1, 2, 1, 1, 2), (0.5, 0.5, 0.0, 0.5, 0.5)):
('K.318 Musescore', 'P1', 1, (88, 93), (17,), (1.5,), (18,), (2.5,))
('K.318 Musescore', 'P1', 1, (94, 99), (19,), (1.5,), (20,), (2.5,))

28.    ((-3, 2, -3, 2, -3), (0.25, 0.25, 0.25, 0.25, 0.25), (1, 1, 2, 2, 2), (0.5, 0.75, 0.0, 0.25, 0.5)):
('K.318 Musescore', 'P1', 1, (101, 106), (21,), (1.5,), (21,), (2.5,))
('K.318 Musescore', 'P1', 1, (305, 310), (63,), (1.5,), (63,), (2.5,))

29.    (((8, 2), (7, 1), (6, 1), (6, 1), (6, 2)), ((0.0, 0.5), (0.0, 0.5), (0.0, 0.5), (0.0, 0.5), (0.0, 0.5)), (2, 1, 1, 2, 2), (0.5, 0.0, 0.5, 0.0, 0.5)):
('K.318 Musescore', 'P1', 3, (13, 18), (5,), (2.5,), (6,), (2.5,))
('K.318 Musescore', 'P1', 3, (102, 107), (25,), (2.5,), (26,), (2.5,))

30.    ((-2, -2, -2, -2), (0.25, 0.25, 0.25, 0.25), (1, 2, 2, 2), (0.75, 0.0, 0.25, 0.5)):
('K.318 Musescore', 'P1', 1, (82, 86), (16,), (1.75,), (16,), (2.5,))
('K.318 Musescore', 'P1', 1, (110, 114), (22,), (1.75,), (22,), (2.5,))
('K.318 Musescore', 'P1', 1, (118, 122), (23,), (1.75,), (23,), (2.5,))
('K.318 Musescore', 'P1', 1, (126, 130), (24,), (1.75,), (24,), (2.5,))
('K.318 Musescore', 'P1', 1, (175, 179), (33,), (1.75,), (33,), (2.5,))
('K.318 Musescore', 'P1', 1, (187, 191), (36,), (1.75,), (36,), (2.5,))
('K.318 Musescore', 'P1', 1, (195, 199), (37,), (1.75,), (37,), (2.5,))
('K.318 Musescore', 'P1', 1, (203, 207), (38,), (1.75,), (38,), (2.5,))
('K.318 Musescore', 'P1', 1, (346, 350), (71,), (1.75,), (71,), (2.5,))
('K.318 Musescore', 'P1', 1, (358, 362), (74,), (1.75,), (74,), (2.5,))
('K.318 Musescore', 'P1', 2, (10, 14), (34,), (1.75,), (34,), (2.5,))
('K.318 Musescore', 'P1', 2, (18, 22), (35,), (1.75,), (35,), (2.5,))
('K.318 Musescore', 'P1', 2, (51, 55), (72,), (1.75,), (72,), (2.5,))
('K.318 Musescore', 'P1', 2, (59, 63), (73,), (1.75,), (73,), (2.5,))
('K.318 Musescore', 'P1', 3, (56, 60), (17,), (1.75,), (17,), (2.5,))
('K.318 Musescore', 'P1', 3, (64, 68), (18,), (1.75,), (18,), (2.5,))
('K.318 Musescore', 'P1', 3, (72, 76), (19,), (1.75,), (19,), (2.5,))
('K.318 Musescore', 'P1', 3, (80, 84), (20,), (1.75,), (20,), (2.5,))

31.    ((-2, -2, -2, -2), (0.5, 0.5, 0.25, 0.25), (1, 2, 2, 2), (0.5, 0.0, 0.5, 0.75)):
('K.318 Musescore', 'P1', 1, (332, 336), (68,), (1.5,), (68,), (2.75,))
('K.318 Musescore', 'P1', 1, (339, 343), (70,), (1.5,), (70,), (2.75,))
('K.318 Musescore', 'P1', 3, (24, 28), (9,), (1.5,), (9,), (2.75,))
('K.318 Musescore', 'P1', 3, (32, 36), (11,), (1.5,), (11,), (2.75,))
('K.318 Musescore', 'P1', 3, (116, 120), (29,), (1.5,), (29,), (2.75,))
('K.318 Musescore', 'P1', 3, (125, 129), (31,), (1.5,), (31,), (2.75,))
('K.318 Musescore', 'P1', 3, (250, 254), (67,), (1.5,), (67,), (2.75,))
('K.318 Musescore', 'P1', 3, (259, 263), (69,), (1.5,), (69,), (2.75,))

32.    ((2, 2, 2, 2), (0.5, 0.5, 0.5, 0.5), (2, 1, 1, 2), (0.5, 0.0, 0.5, 0.0)):
('K.318 Musescore', 'P1', 1, (14, 18), (3,), (2.5,), (4,), (2.0,))
('K.318 Musescore', 'P1', 2, (37, 41), (53,), (2.5,), (54,), (2.0,))

33.    ((2, -3, -7, 8), (0.5, 0.5, 0.5, 0.5), (2, 1, 1, 2), (0.5, 0.0, 0.5, 0.0)):
('K.318 Musescore', 'P1', 3, (86, 90), (21,), (2.5,), (22,), (2.0,))
('K.318 Musescore', 'P1', 3, (90, 94), (22,), (2.5,), (23,), (2.0,))

34.    ((-2, -2, 2), (0.5, 0.5, 0.5), (2, 2, 1), (0.0, 0.5, 0.0)):
('K.318 Musescore', 'P1', 2, (30, 33), (50,), (2.0,), (51,), (1.0,))
('K.318 Musescore', 'P1', 3, (138, 141), (34,), (2.0,), (35,), (1.0,))
('K.318 Musescore', 'P1', 3, (142, 145), (35,), (2.0,), (36,), (1.0,))
('K.318 Musescore', 'P1', 3, (146, 149), (36,), (2.0,), (37,), (1.0,))
('K.318 Musescore', 'P1', 3, (150, 153), (37,), (2.0,), (38,), (1.0,))
('K.318 Musescore', 'P1', 3, (272, 275), (72,), (2.0,), (73,), (1.0,))
('K.318 Musescore', 'P1', 3, (276, 279), (73,), (2.0,), (74,), (1.0,))
('K.318 Musescore', 'P1', 3, (280, 283), (74,), (2.0,), (75,), (1.0,))

35.    ((2, -2, -2), (3.0, 3.0, 3.0), (4, 1, 4), (0.0, 0.0, 0.0)):
('K.318 Musescore', 'P1', 1, (553, 556), (116,), (4.0,), (117,), (4.0,))
('K.318 Musescore', 'P1', 1, (557, 560), (118,), (4.0,), (119,), (4.0,))
('K.318 Musescore', 'P1', 1, (861, 864), (169,), (4.0,), (170,), (4.0,))
('K.318 Musescore', 'P1', 1, (865, 868), (171,), (4.0,), (172,), (4.0,))
('K.318 Musescore', 'P1', 3, (547, 550), (184,), (4.0,), (185,), (4.0,))

36.    ((1, 4, -3), (3.0, 12.0, 1.0), (1, 4, 4), (0.0, 0.0, 0.0)):
('K.318 Musescore', 'P1', 4, (18, 21), (106,), (1.0,), (108,), (4.0,))
('K.318 Musescore', 'P1', 4, (24, 27), (124,), (1.0,), (126,), (4.0,))
('K.318 Musescore', 'P1', 4, (29, 32), (161,), (1.0,), (163,), (4.0,))
('K.318 Musescore', 'P1', 4, (33, 36), (177,), (1.0,), (179,), (4.0,))

37.    ((-3, 2, 2), (0.25, 1.5, 0.25), (1, 2, 1), (0.75, 0.0, 0.5)):
('K.318 Musescore', 'P1', 1, (217, 220), (42,), (1.75,), (43,), (1.5,))
('K.318 Musescore', 'P1', 1, (220, 223), (43,), (1.75,), (44,), (1.5,))

38.    (((8, 1), (8, 1), (8, 1)), ((0.0, 1.0), (0.0, 1.0), (0.0, 1.0)), (1, 2, 1), (0.0, 0.0, 0.0)):
('K.318 Musescore', 'P1', 3, (187, 190), (49,), (1.0,), (50,), (1.0,))
('K.318 Musescore', 'P1', 3, (201, 204), (55,), (1.0,), (56,), (1.0,))

39.    ((1, 1, 1), (1.0, 3.0, 1.0), (1, 2, 1), (0.0, 0.0, 0.0)):
('K.318 Musescore', 'P1', 4, (2, 5), (29,), (1.0,), (31,), (1.0,))
('K.318 Musescore', 'P1', 4, (12, 15), (67,), (1.0,), (69,), (1.0,))

40.    ((2, 2), (0.5, 0.5), (1, 1), (0.0, 0.5)):
('K.318 Musescore', 'P1', 1, (15, 17), (4,), (1.0,), (4,), (1.5,))
('K.318 Musescore', 'P1', 1, (249, 251), (53,), (1.0,), (53,), (1.5,))
('K.318 Musescore', 'P1', 1, (623, 625), (133,), (1.0,), (133,), (1.5,))
('K.318 Musescore', 'P1', 1, (635, 637), (134,), (1.0,), (134,), (1.5,))
('K.318 Musescore', 'P1', 1, (659, 661), (136,), (1.0,), (136,), (1.5,))
('K.318 Musescore', 'P1', 1, (671, 673), (137,), (1.0,), (137,), (1.5,))
('K.318 Musescore', 'P1', 1, (683, 685), (138,), (1.0,), (138,), (1.5,))
('K.318 Musescore', 'P1', 1, (932, 934), (186,), (1.0,), (186,), (1.5,))
('K.318 Musescore', 'P1', 1, (944, 946), (187,), (1.0,), (187,), (1.5,))
('K.318 Musescore', 'P1', 1, (968, 970), (189,), (1.0,), (189,), (1.5,))
('K.318 Musescore', 'P1', 1, (980, 982), (190,), (1.0,), (190,), (1.5,))
('K.318 Musescore', 'P1', 1, (993, 995), (191,), (1.0,), (191,), (1.5,))
('K.318 Musescore', 'P1', 2, (38, 40), (54,), (1.0,), (54,), (1.5,))
('K.318 Musescore', 'P1', 3, (95, 97), (24,), (1.0,), (24,), (1.5,))
('K.318 Musescore', 'P1', 3, (140, 142), (35,), (1.0,), (35,), (1.5,))
('K.318 Musescore', 'P1', 3, (144, 146), (36,), (1.0,), (36,), (1.5,))
('K.318 Musescore', 'P1', 3, (148, 150), (37,), (1.0,), (37,), (1.5,))
('K.318 Musescore', 'P1', 3, (152, 154), (38,), (1.0,), (38,), (1.5,))
('K.318 Musescore', 'P1', 3, (274, 276), (73,), (1.0,), (73,), (1.5,))
('K.318 Musescore', 'P1', 3, (278, 280), (74,), (1.0,), (74,), (1.5,))
('K.318 Musescore', 'P1', 3, (282, 284), (75,), (1.0,), (75,), (1.5,))

41.    ((2, 2), (1.0, 1.0), (1, 2), (0.0, 0.0)):
('K.318 Musescore', 'P1', 1, (329, 331), (67,), (1.0,), (67,), (2.0,))
('K.318 Musescore', 'P1', 1, (336, 338), (69,), (1.0,), (69,), (2.0,))
('K.318 Musescore', 'P1', 1, (377, 379), (78,), (1.0,), (78,), (2.0,))
('K.318 Musescore', 'P1', 1, (450, 452), (96,), (1.0,), (96,), (2.0,))
('K.318 Musescore', 'P1', 1, (462, 464), (98,), (1.0,), (98,), (2.0,))
('K.318 Musescore', 'P1', 1, (480, 482), (101,), (1.0,), (101,), (2.0,))
('K.318 Musescore', 'P1', 1, (492, 494), (103,), (1.0,), (103,), (2.0,))
('K.318 Musescore', 'P1', 1, (503, 505), (105,), (1.0,), (105,), (2.0,))
('K.318 Musescore', 'P1', 1, (514, 516), (107,), (1.0,), (107,), (2.0,))
('K.318 Musescore', 'P1', 1, (584, 586), (125,), (1.0,), (125,), (2.0,))
('K.318 Musescore', 'P1', 1, (611, 613), (131,), (1.0,), (131,), (2.0,))
('K.318 Musescore', 'P1', 1, (827, 829), (162,), (1.0,), (162,), (2.0,))
('K.318 Musescore', 'P1', 1, (892, 894), (178,), (1.0,), (178,), (2.0,))
('K.318 Musescore', 'P1', 3, (292, 294), (80,), (1.0,), (80,), (2.0,))
('K.318 Musescore', 'P1', 4, (6, 8), (64,), (1.0,), (64,), (2.0,))
('K.318 Musescore', 'P1', 4, (8, 10), (65,), (1.0,), (65,), (2.0,))
('K.318 Musescore', 'P1', 4, (10, 12), (66,), (1.0,), (66,), (2.0,))

42.    ((2, -2), (1.0, 1.0), (5, 6), (0.0, 0.0)):
('K.318 Musescore', 'P1', 1, (381, 383), (78,), (5.0,), (78,), (6.0,))
('K.318 Musescore', 'P1', 1, (405, 407), (86,), (5.0,), (86,), (6.0,))
('K.318 Musescore', 'P1', 1, (416, 418), (88,), (5.0,), (88,), (6.0,))
('K.318 Musescore', 'P1', 1, (431, 433), (91,), (5.0,), (91,), (6.0,))
('K.318 Musescore', 'P1', 1, (442, 444), (93,), (5.0,), (93,), (6.0,))
('K.318 Musescore', 'P1', 1, (454, 456), (96,), (5.0,), (96,), (6.0,))
('K.318 Musescore', 'P1', 1, (466, 468), (98,), (5.0,), (98,), (6.0,))
('K.318 Musescore', 'P1', 1, (615, 617), (131,), (5.0,), (131,), (6.0,))
('K.318 Musescore', 'P1', 2, (69, 71), (116,), (5.0,), (116,), (6.0,))
('K.318 Musescore', 'P1', 2, (81, 83), (118,), (5.0,), (118,), (6.0,))
('K.318 Musescore', 'P1', 2, (99, 101), (169,), (5.0,), (169,), (6.0,))
('K.318 Musescore', 'P1', 2, (111, 113), (171,), (5.0,), (171,), (6.0,))
('K.318 Musescore', 'P1', 3, (296, 298), (80,), (5.0,), (80,), (6.0,))

43.    ((2, 2), (0.5, 0.5), (2, 2), (0.0, 0.5)):
('K.318 Musescore', 'P1', 1, (625, 627), (133,), (2.0,), (133,), (2.5,))
('K.318 Musescore', 'P1', 1, (637, 639), (134,), (2.0,), (134,), (2.5,))
('K.318 Musescore', 'P1', 1, (661, 663), (136,), (2.0,), (136,), (2.5,))
('K.318 Musescore', 'P1', 1, (673, 675), (137,), (2.0,), (137,), (2.5,))
('K.318 Musescore', 'P1', 1, (685, 687), (138,), (2.0,), (138,), (2.5,))
('K.318 Musescore', 'P1', 1, (934, 936), (186,), (2.0,), (186,), (2.5,))
('K.318 Musescore', 'P1', 1, (946, 948), (187,), (2.0,), (187,), (2.5,))
('K.318 Musescore', 'P1', 1, (970, 972), (189,), (2.0,), (189,), (2.5,))
('K.318 Musescore', 'P1', 1, (982, 984), (190,), (2.0,), (190,), (2.5,))
('K.318 Musescore', 'P1', 1, (995, 997), (191,), (2.0,), (191,), (2.5,))
('K.318 Musescore', 'P1', 2, (24, 26), (46,), (2.0,), (46,), (2.5,))
('K.318 Musescore', 'P1', 2, (27, 29), (47,), (2.0,), (47,), (2.5,))
('K.318 Musescore', 'P1', 3, (238, 240), (62,), (2.0,), (62,), (2.5,))

44.    ((2, -2), (0.5, 0.5), (1, 2), (0.5, 0.0)):
('K.318 Musescore', 'P1', 1, (41, 43), (9,), (1.5,), (9,), (2.0,))
('K.318 Musescore', 'P1', 1, (52, 54), (11,), (1.5,), (11,), (2.0,))
('K.318 Musescore', 'P1', 1, (151, 153), (29,), (1.5,), (29,), (2.0,))
('K.318 Musescore', 'P1', 1, (162, 164), (31,), (1.5,), (31,), (2.0,))
('K.318 Musescore', 'P1', 3, (137, 139), (34,), (1.5,), (34,), (2.0,))
('K.318 Musescore', 'P1', 3, (141, 143), (35,), (1.5,), (35,), (2.0,))
('K.318 Musescore', 'P1', 3, (145, 147), (36,), (1.5,), (36,), (2.0,))
('K.318 Musescore', 'P1', 3, (149, 151), (37,), (1.5,), (37,), (2.0,))
('K.318 Musescore', 'P1', 3, (271, 273), (72,), (1.5,), (72,), (2.0,))
('K.318 Musescore', 'P1', 3, (275, 277), (73,), (1.5,), (73,), (2.0,))
('K.318 Musescore', 'P1', 3, (279, 281), (74,), (1.5,), (74,), (2.0,))

45.    ((-2, -2), (0.5, 0.5), (2, 2), (0.0, 0.5)):
('K.318 Musescore', 'P1', 1, (649, 651), (135,), (2.0,), (135,), (2.5,))
('K.318 Musescore', 'P1', 1, (958, 960), (188,), (2.0,), (188,), (2.5,))
('K.318 Musescore', 'P1', 2, (30, 32), (50,), (2.0,), (50,), (2.5,))
('K.318 Musescore', 'P1', 3, (138, 140), (34,), (2.0,), (34,), (2.5,))
('K.318 Musescore', 'P1', 3, (142, 144), (35,), (2.0,), (35,), (2.5,))
('K.318 Musescore', 'P1', 3, (146, 148), (36,), (2.0,), (36,), (2.5,))
('K.318 Musescore', 'P1', 3, (150, 152), (37,), (2.0,), (37,), (2.5,))
('K.318 Musescore', 'P1', 3, (272, 274), (72,), (2.0,), (72,), (2.5,))
('K.318 Musescore', 'P1', 3, (276, 278), (73,), (2.0,), (73,), (2.5,))
('K.318 Musescore', 'P1', 3, (280, 282), (74,), (2.0,), (74,), (2.5,))

46.    ((-2, -2), (0.5, 0.25), (1, 1), (0.0, 0.5)):
('K.318 Musescore', 'P1', 1, (6, 8), (2,), (1.0,), (2,), (1.5,))
('K.318 Musescore', 'P1', 2, (42, 44), (55,), (1.0,), (55,), (1.5,))
('K.318 Musescore', 'P1', 3, (6, 8), (4,), (1.0,), (4,), (1.5,))

47.    (((4, 3, 1), (4, 3, 1)), ((0.0, 0.0, 1.0), (0.0, 0.0, 1.0)), (1, 2), (0.0, 0.0)):
('K.318 Musescore', 'P1', 3, (177, 179), (45,), (1.0,), (45,), (2.0,))
('K.318 Musescore', 'P1', 3, (195, 197), (52,), (1.0,), (52,), (2.0,))
('K.318 Musescore', 'P1', 3, (197, 199), (53,), (1.0,), (53,), (2.0,))

48.    ((-2, 2), (1.0, 1.0), (2, 3), (0.0, 0.0)):
('K.318 Musescore', 'P1', 1, (384, 386), (81,), (2.0,), (81,), (3.0,))
('K.318 Musescore', 'P1', 1, (927, 929), (185,), (2.0,), (185,), (3.0,))

49.    (((6, 1), (6, 1)), ((0.0, 0.5), (0.0, 0.5)), (1, 1), (0.0, 0.5)):
('K.318 Musescore', 'P1', 3, (107, 109), (27,), (1.0,), (27,), (1.5,))
('K.318 Musescore', 'P1', 3, (183, 185), (48,), (1.0,), (48,), (1.5,))

50.    (((3, 1), (3, 1)), ((0.0, 0.5), (0.0, 0.5)), (1, 2), (0.5, 0.0)):
('K.318 Musescore', 'P1', 3, (158, 160), (40,), (1.5,), (40,), (2.0,))
('K.318 Musescore', 'P1', 3, (162, 164), (41,), (1.5,), (41,), (2.0,))

51.    ((-2, -3), (0.5, 0.5), (1, 2), (0.5, 0.0)):
('K.318 Musescore', 'P1', 3, (206, 208), (57,), (1.5,), (57,), (2.0,))
('K.318 Musescore', 'P1', 3, (220, 222), (59,), (1.5,), (59,), (2.0,))

52.    (((5, 3, 1), (4, 3, 1)), ((0.0, 0.0, 3.0), (0.0, 0.0, 3.0)), (4, 1), (0.0, 0.0)):
('K.318 Musescore', 'P1', 3, (323, 325), (95,), (4.0,), (96,), (1.0,))
('K.318 Musescore', 'P1', 3, (327, 329), (97,), (4.0,), (98,), (1.0,))

53.    (((8, 2), (6, 1)), ((0.0, 3.0), (0.0, 3.0)), (4, 1), (0.0, 0.0)):
('K.318 Musescore', 'P1', 3, (417, 419), (131,), (4.0,), (132,), (1.0,))
('K.318 Musescore', 'P1', 3, (543, 545), (182,), (4.0,), (183,), (1.0,))

54.    ((2,), (1.0,), (2,), (0.0,)):
('K.318 Musescore', 'P1', 1, (330, 331), (67,), (2.0,), (67,), (2.0,))
('K.318 Musescore', 'P1', 1, (337, 338), (69,), (2.0,), (69,), (2.0,))
('K.318 Musescore', 'P1', 1, (372, 373), (77,), (2.0,), (77,), (2.0,))
('K.318 Musescore', 'P1', 1, (378, 379), (78,), (2.0,), (78,), (2.0,))
('K.318 Musescore', 'P1', 1, (402, 403), (86,), (2.0,), (86,), (2.0,))
('K.318 Musescore', 'P1', 1, (413, 414), (88,), (2.0,), (88,), (2.0,))
('K.318 Musescore', 'P1', 1, (428, 429), (91,), (2.0,), (91,), (2.0,))
('K.318 Musescore', 'P1', 1, (439, 440), (93,), (2.0,), (93,), (2.0,))
('K.318 Musescore', 'P1', 1, (451, 452), (96,), (2.0,), (96,), (2.0,))
('K.318 Musescore', 'P1', 1, (463, 464), (98,), (2.0,), (98,), (2.0,))
('K.318 Musescore', 'P1', 1, (481, 482), (101,), (2.0,), (101,), (2.0,))
('K.318 Musescore', 'P1', 1, (493, 494), (103,), (2.0,), (103,), (2.0,))
('K.318 Musescore', 'P1', 1, (504, 505), (105,), (2.0,), (105,), (2.0,))
('K.318 Musescore', 'P1', 1, (515, 516), (107,), (2.0,), (107,), (2.0,))
('K.318 Musescore', 'P1', 1, (541, 542), (114,), (2.0,), (114,), (2.0,))
('K.318 Musescore', 'P1', 1, (547, 548), (115,), (2.0,), (115,), (2.0,))
('K.318 Musescore', 'P1', 1, (569, 570), (122,), (2.0,), (122,), (2.0,))
('K.318 Musescore', 'P1', 1, (585, 586), (125,), (2.0,), (125,), (2.0,))
('K.318 Musescore', 'P1', 1, (606, 607), (130,), (2.0,), (130,), (2.0,))
('K.318 Musescore', 'P1', 1, (612, 613), (131,), (2.0,), (131,), (2.0,))
('K.318 Musescore', 'P1', 1, (828, 829), (162,), (2.0,), (162,), (2.0,))
('K.318 Musescore', 'P1', 1, (849, 850), (167,), (2.0,), (167,), (2.0,))
('K.318 Musescore', 'P1', 1, (855, 856), (168,), (2.0,), (168,), (2.0,))
('K.318 Musescore', 'P1', 1, (877, 878), (175,), (2.0,), (175,), (2.0,))
('K.318 Musescore', 'P1', 1, (893, 894), (178,), (2.0,), (178,), (2.0,))
('K.318 Musescore', 'P1', 1, (915, 916), (183,), (2.0,), (183,), (2.0,))
('K.318 Musescore', 'P1', 2, (0, 1), (7,), (2.0,), (7,), (2.0,))
('K.318 Musescore', 'P1', 2, (66, 67), (116,), (2.0,), (116,), (2.0,))
('K.318 Musescore', 'P1', 2, (72, 73), (117,), (2.0,), (117,), (2.0,))
('K.318 Musescore', 'P1', 2, (78, 79), (118,), (2.0,), (118,), (2.0,))
('K.318 Musescore', 'P1', 2, (84, 85), (119,), (2.0,), (119,), (2.0,))
('K.318 Musescore', 'P1', 2, (90, 91), (120,), (2.0,), (120,), (2.0,))
('K.318 Musescore', 'P1', 2, (96, 97), (169,), (2.0,), (169,), (2.0,))
('K.318 Musescore', 'P1', 2, (102, 103), (170,), (2.0,), (170,), (2.0,))
('K.318 Musescore', 'P1', 2, (108, 109), (171,), (2.0,), (171,), (2.0,))
('K.318 Musescore', 'P1', 2, (114, 115), (172,), (2.0,), (172,), (2.0,))
('K.318 Musescore', 'P1', 2, (120, 121), (173,), (2.0,), (173,), (2.0,))
('K.318 Musescore', 'P1', 3, (287, 288), (79,), (2.0,), (79,), (2.0,))
('K.318 Musescore', 'P1', 3, (293, 294), (80,), (2.0,), (80,), (2.0,))
('K.318 Musescore', 'P1', 4, (7, 8), (64,), (2.0,), (64,), (2.0,))
('K.318 Musescore', 'P1', 4, (9, 10), (65,), (2.0,), (65,), (2.0,))
('K.318 Musescore', 'P1', 4, (11, 12), (66,), (2.0,), (66,), (2.0,))

55.    ((2,), (0.5,), (2,), (0.5,)):
('K.318 Musescore', 'P1', 1, (14, 15), (3,), (2.5,), (3,), (2.5,))
('K.318 Musescore', 'P1', 1, (89, 90), (17,), (2.5,), (17,), (2.5,))
('K.318 Musescore', 'P1', 1, (92, 93), (18,), (2.5,), (18,), (2.5,))
('K.318 Musescore', 'P1', 1, (95, 96), (19,), (2.5,), (19,), (2.5,))
('K.318 Musescore', 'P1', 1, (98, 99), (20,), (2.5,), (20,), (2.5,))
('K.318 Musescore', 'P1', 1, (181, 182), (34,), (2.5,), (34,), (2.5,))
('K.318 Musescore', 'P1', 1, (183, 184), (35,), (2.5,), (35,), (2.5,))
('K.318 Musescore', 'P1', 1, (236, 237), (48,), (2.5,), (48,), (2.5,))
('K.318 Musescore', 'P1', 1, (352, 353), (72,), (2.5,), (72,), (2.5,))
('K.318 Musescore', 'P1', 1, (354, 355), (73,), (2.5,), (73,), (2.5,))
('K.318 Musescore', 'P1', 2, (2, 3), (25,), (2.5,), (25,), (2.5,))
('K.318 Musescore', 'P1', 2, (4, 5), (27,), (2.5,), (27,), (2.5,))
('K.318 Musescore', 'P1', 2, (37, 38), (53,), (2.5,), (53,), (2.5,))
('K.318 Musescore', 'P1', 3, (39, 40), (12,), (2.5,), (12,), (2.5,))
('K.318 Musescore', 'P1', 3, (86, 87), (21,), (2.5,), (21,), (2.5,))
('K.318 Musescore', 'P1', 3, (90, 91), (22,), (2.5,), (22,), (2.5,))
('K.318 Musescore', 'P1', 3, (123, 124), (30,), (2.5,), (30,), (2.5,))
('K.318 Musescore', 'P1', 3, (132, 133), (32,), (2.5,), (32,), (2.5,))
('K.318 Musescore', 'P1', 3, (135, 136), (33,), (2.5,), (33,), (2.5,))
('K.318 Musescore', 'P1', 3, (257, 258), (68,), (2.5,), (68,), (2.5,))
('K.318 Musescore', 'P1', 3, (266, 267), (70,), (2.5,), (70,), (2.5,))
('K.318 Musescore', 'P1', 3, (269, 270), (71,), (2.5,), (71,), (2.5,))

56.    ((2,), (1.0,), (3,), (0.0,)):
('K.318 Musescore', 'P1', 1, (385, 386), (81,), (3.0,), (81,), (3.0,))
('K.318 Musescore', 'P1', 1, (524, 525), (111,), (3.0,), (111,), (3.0,))
('K.318 Musescore', 'P1', 1, (589, 590), (127,), (3.0,), (127,), (3.0,))
('K.318 Musescore', 'P1', 1, (832, 833), (164,), (3.0,), (164,), (3.0,))
('K.318 Musescore', 'P1', 1, (898, 899), (180,), (3.0,), (180,), (3.0,))
('K.318 Musescore', 'P1', 1, (928, 929), (185,), (3.0,), (185,), (3.0,))
('K.318 Musescore', 'P1', 3, (341, 342), (104,), (3.0,), (104,), (3.0,))
('K.318 Musescore', 'P1', 3, (347, 348), (106,), (3.0,), (106,), (3.0,))
('K.318 Musescore', 'P1', 3, (395, 396), (124,), (3.0,), (124,), (3.0,))
('K.318 Musescore', 'P1', 3, (421, 422), (133,), (3.0,), (133,), (3.0,))
('K.318 Musescore', 'P1', 3, (425, 426), (134,), (3.0,), (134,), (3.0,))
('K.318 Musescore', 'P1', 3, (429, 430), (135,), (3.0,), (135,), (3.0,))
('K.318 Musescore', 'P1', 3, (433, 434), (136,), (3.0,), (136,), (3.0,))
('K.318 Musescore', 'P1', 3, (437, 438), (137,), (3.0,), (137,), (3.0,))
('K.318 Musescore', 'P1', 3, (441, 442), (138,), (3.0,), (138,), (3.0,))
('K.318 Musescore', 'P1', 3, (487, 488), (161,), (3.0,), (161,), (3.0,))
('K.318 Musescore', 'P1', 3, (526, 527), (177,), (3.0,), (177,), (3.0,))
('K.318 Musescore', 'P1', 3, (551, 552), (186,), (3.0,), (186,), (3.0,))
('K.318 Musescore', 'P1', 3, (555, 556), (187,), (3.0,), (187,), (3.0,))
('K.318 Musescore', 'P1', 3, (563, 564), (189,), (3.0,), (189,), (3.0,))
('K.318 Musescore', 'P1', 3, (567, 568), (190,), (3.0,), (190,), (3.0,))
('K.318 Musescore', 'P1', 3, (571, 572), (191,), (3.0,), (191,), (3.0,))

57.    ((2,), (1.0,), (5,), (0.0,)):
('K.318 Musescore', 'P1', 1, (375, 376), (77,), (5.0,), (77,), (5.0,))
('K.318 Musescore', 'P1', 1, (550, 551), (115,), (5.0,), (115,), (5.0,))
('K.318 Musescore', 'P1', 1, (572, 573), (122,), (5.0,), (122,), (5.0,))
('K.318 Musescore', 'P1', 1, (761, 762), (150,), (5.0,), (150,), (5.0,))
('K.318 Musescore', 'P1', 1, (803, 804), (157,), (5.0,), (157,), (5.0,))
('K.318 Musescore', 'P1', 1, (858, 859), (168,), (5.0,), (168,), (5.0,))
('K.318 Musescore', 'P1', 1, (880, 881), (175,), (5.0,), (175,), (5.0,))
('K.318 Musescore', 'P1', 2, (75, 76), (117,), (5.0,), (117,), (5.0,))
('K.318 Musescore', 'P1', 2, (87, 88), (119,), (5.0,), (119,), (5.0,))
('K.318 Musescore', 'P1', 2, (93, 94), (120,), (5.0,), (120,), (5.0,))
('K.318 Musescore', 'P1', 2, (105, 106), (170,), (5.0,), (170,), (5.0,))
('K.318 Musescore', 'P1', 2, (117, 118), (172,), (5.0,), (172,), (5.0,))
('K.318 Musescore', 'P1', 2, (123, 124), (173,), (5.0,), (173,), (5.0,))
('K.318 Musescore', 'P1', 3, (290, 291), (79,), (5.0,), (79,), (5.0,))
('K.318 Musescore', 'P1', 3, (357, 358), (108,), (5.0,), (108,), (5.0,))
('K.318 Musescore', 'P1', 3, (366, 367), (110,), (5.0,), (110,), (5.0,))
('K.318 Musescore', 'P1', 3, (405, 406), (126,), (5.0,), (126,), (5.0,))
('K.318 Musescore', 'P1', 3, (497, 498), (163,), (5.0,), (163,), (5.0,))
('K.318 Musescore', 'P1', 3, (536, 537), (179,), (5.0,), (179,), (5.0,))

58.    ((2,), (2.0,), (1,), (0.0,)):
('K.318 Musescore', 'P1', 1, (574, 575), (123,), (1.0,), (123,), (1.0,))
('K.318 Musescore', 'P1', 1, (882, 883), (176,), (1.0,), (176,), (1.0,))
('K.318 Musescore', 'P1', 3, (156, 157), (39,), (1.0,), (39,), (1.0,))
('K.318 Musescore', 'P1', 3, (340, 341), (104,), (1.0,), (104,), (1.0,))
('K.318 Musescore', 'P1', 3, (346, 347), (106,), (1.0,), (106,), (1.0,))
('K.318 Musescore', 'P1', 3, (394, 395), (124,), (1.0,), (124,), (1.0,))
('K.318 Musescore', 'P1', 3, (424, 425), (134,), (1.0,), (134,), (1.0,))
('K.318 Musescore', 'P1', 3, (428, 429), (135,), (1.0,), (135,), (1.0,))
('K.318 Musescore', 'P1', 3, (432, 433), (136,), (1.0,), (136,), (1.0,))
('K.318 Musescore', 'P1', 3, (436, 437), (137,), (1.0,), (137,), (1.0,))
('K.318 Musescore', 'P1', 3, (440, 441), (138,), (1.0,), (138,), (1.0,))
('K.318 Musescore', 'P1', 3, (486, 487), (161,), (1.0,), (161,), (1.0,))
('K.318 Musescore', 'P1', 3, (525, 526), (177,), (1.0,), (177,), (1.0,))
('K.318 Musescore', 'P1', 3, (550, 551), (186,), (1.0,), (186,), (1.0,))
('K.318 Musescore', 'P1', 3, (554, 555), (187,), (1.0,), (187,), (1.0,))
('K.318 Musescore', 'P1', 3, (558, 559), (188,), (1.0,), (188,), (1.0,))
('K.318 Musescore', 'P1', 3, (562, 563), (189,), (1.0,), (189,), (1.0,))
('K.318 Musescore', 'P1', 3, (566, 567), (190,), (1.0,), (190,), (1.0,))
('K.318 Musescore', 'P1', 3, (570, 571), (191,), (1.0,), (191,), (1.0,))

59.    ((3,), (1.0,), (4,), (0.0,)):
('K.318 Musescore', 'P1', 1, (730, 731), (145,), (4.0,), (145,), (4.0,))
('K.318 Musescore', 'P1', 1, (736, 737), (146,), (4.0,), (146,), (4.0,))
('K.318 Musescore', 'P1', 1, (742, 743), (147,), (4.0,), (147,), (4.0,))
('K.318 Musescore', 'P1', 1, (748, 749), (148,), (4.0,), (148,), (4.0,))
('K.318 Musescore', 'P1', 1, (754, 755), (149,), (4.0,), (149,), (4.0,))
('K.318 Musescore', 'P1', 1, (766, 767), (151,), (4.0,), (151,), (4.0,))
('K.318 Musescore', 'P1', 1, (772, 773), (152,), (4.0,), (152,), (4.0,))
('K.318 Musescore', 'P1', 1, (778, 779), (153,), (4.0,), (153,), (4.0,))
('K.318 Musescore', 'P1', 1, (784, 785), (154,), (4.0,), (154,), (4.0,))
('K.318 Musescore', 'P1', 1, (790, 791), (155,), (4.0,), (155,), (4.0,))
('K.318 Musescore', 'P1', 1, (796, 797), (156,), (4.0,), (156,), (4.0,))
('K.318 Musescore', 'P1', 3, (356, 357), (108,), (4.0,), (108,), (4.0,))
('K.318 Musescore', 'P1', 3, (365, 366), (110,), (4.0,), (110,), (4.0,))
('K.318 Musescore', 'P1', 3, (404, 405), (126,), (4.0,), (126,), (4.0,))
('K.318 Musescore', 'P1', 3, (496, 497), (163,), (4.0,), (163,), (4.0,))
('K.318 Musescore', 'P1', 3, (535, 536), (179,), (4.0,), (179,), (4.0,))

60.    ((-2,), (0.5,), (1,), (0.5,)):
('K.318 Musescore', 'P1', 1, (238, 239), (49,), (1.5,), (49,), (1.5,))
('K.318 Musescore', 'P1', 1, (332, 333), (68,), (1.5,), (68,), (1.5,))
('K.318 Musescore', 'P1', 1, (339, 340), (70,), (1.5,), (70,), (1.5,))
('K.318 Musescore', 'P1', 1, (648, 649), (135,), (1.5,), (135,), (1.5,))
('K.318 Musescore', 'P1', 1, (957, 958), (188,), (1.5,), (188,), (1.5,))
('K.318 Musescore', 'P1', 2, (33, 34), (51,), (1.5,), (51,), (1.5,))
('K.318 Musescore', 'P1', 3, (24, 25), (9,), (1.5,), (9,), (1.5,))
('K.318 Musescore', 'P1', 3, (32, 33), (11,), (1.5,), (11,), (1.5,))
('K.318 Musescore', 'P1', 3, (116, 117), (29,), (1.5,), (29,), (1.5,))
('K.318 Musescore', 'P1', 3, (125, 126), (31,), (1.5,), (31,), (1.5,))
('K.318 Musescore', 'P1', 3, (206, 207), (57,), (1.5,), (57,), (1.5,))
('K.318 Musescore', 'P1', 3, (220, 221), (59,), (1.5,), (59,), (1.5,))
('K.318 Musescore', 'P1', 3, (250, 251), (67,), (1.5,), (67,), (1.5,))
('K.318 Musescore', 'P1', 3, (259, 260), (69,), (1.5,), (69,), (1.5,))

61.    ((1,), (3.0,), (1,), (0.0,)):
('K.318 Musescore', 'P1', 1, (371, 372), (76,), (1.0,), (76,), (1.0,))
('K.318 Musescore', 'P1', 1, (552, 553), (116,), (1.0,), (116,), (1.0,))
('K.318 Musescore', 'P1', 1, (556, 557), (118,), (1.0,), (118,), (1.0,))
('K.318 Musescore', 'P1', 1, (560, 561), (120,), (1.0,), (120,), (1.0,))
('K.318 Musescore', 'P1', 1, (860, 861), (169,), (1.0,), (169,), (1.0,))
('K.318 Musescore', 'P1', 1, (864, 865), (171,), (1.0,), (171,), (1.0,))
('K.318 Musescore', 'P1', 1, (868, 869), (173,), (1.0,), (173,), (1.0,))
('K.318 Musescore', 'P1', 3, (376, 377), (115,), (1.0,), (115,), (1.0,))
('K.318 Musescore', 'P1', 3, (503, 504), (166,), (1.0,), (166,), (1.0,))
('K.318 Musescore', 'P1', 4, (16, 17), (104,), (1.0,), (104,), (1.0,))
('K.318 Musescore', 'P1', 4, (18, 19), (106,), (1.0,), (106,), (1.0,))
('K.318 Musescore', 'P1', 4, (24, 25), (124,), (1.0,), (124,), (1.0,))
('K.318 Musescore', 'P1', 4, (29, 30), (161,), (1.0,), (161,), (1.0,))
('K.318 Musescore', 'P1', 4, (33, 34), (177,), (1.0,), (177,), (1.0,))

62.    ((2,), (1.0,), (6,), (0.0,)):
('K.318 Musescore', 'P1', 1, (533, 534), (112,), (6.0,), (112,), (6.0,))
('K.318 Musescore', 'P1', 1, (545, 546), (114,), (6.0,), (114,), (6.0,))
('K.318 Musescore', 'P1', 1, (598, 599), (128,), (6.0,), (128,), (6.0,))
('K.318 Musescore', 'P1', 1, (622, 623), (132,), (6.0,), (132,), (6.0,))
('K.318 Musescore', 'P1', 1, (708, 709), (141,), (6.0,), (141,), (6.0,))
('K.318 Musescore', 'P1', 1, (714, 715), (142,), (6.0,), (142,), (6.0,))
('K.318 Musescore', 'P1', 1, (720, 721), (143,), (6.0,), (143,), (6.0,))
('K.318 Musescore', 'P1', 1, (841, 842), (165,), (6.0,), (165,), (6.0,))
('K.318 Musescore', 'P1', 1, (853, 854), (167,), (6.0,), (167,), (6.0,))
('K.318 Musescore', 'P1', 1, (907, 908), (181,), (6.0,), (181,), (6.0,))
('K.318 Musescore', 'P1', 1, (919, 920), (183,), (6.0,), (183,), (6.0,))
('K.318 Musescore', 'P1', 1, (931, 932), (185,), (6.0,), (185,), (6.0,))
('K.318 Musescore', 'P1', 3, (369, 370), (111,), (6.0,), (111,), (6.0,))

63.    ((2,), (1.0,), (1,), (0.5,)):
('K.318 Musescore', 'P1', 1, (13, 14), (3,), (1.5,), (3,), (1.5,))
('K.318 Musescore', 'P1', 1, (88, 89), (17,), (1.5,), (17,), (1.5,))
('K.318 Musescore', 'P1', 1, (91, 92), (18,), (1.5,), (18,), (1.5,))
('K.318 Musescore', 'P1', 1, (94, 95), (19,), (1.5,), (19,), (1.5,))
('K.318 Musescore', 'P1', 1, (97, 98), (20,), (1.5,), (20,), (1.5,))
('K.318 Musescore', 'P1', 3, (244, 245), (64,), (1.5,), (64,), (1.5,))
('K.318 Musescore', 'P1', 3, (246, 247), (65,), (1.5,), (65,), (1.5,))
('K.318 Musescore', 'P1', 3, (248, 249), (66,), (1.5,), (66,), (1.5,))

64.    ((-3,), (1.0,), (4,), (0.0,)):
('K.318 Musescore', 'P1', 1, (760, 761), (150,), (4.0,), (150,), (4.0,))
('K.318 Musescore', 'P1', 1, (802, 803), (157,), (4.0,), (157,), (4.0,))
('K.318 Musescore', 'P1', 1, (808, 809), (158,), (4.0,), (158,), (4.0,))
('K.318 Musescore', 'P1', 4, (20, 21), (108,), (4.0,), (108,), (4.0,))
('K.318 Musescore', 'P1', 4, (22, 23), (110,), (4.0,), (110,), (4.0,))
('K.318 Musescore', 'P1', 4, (26, 27), (126,), (4.0,), (126,), (4.0,))
('K.318 Musescore', 'P1', 4, (31, 32), (163,), (4.0,), (163,), (4.0,))
('K.318 Musescore', 'P1', 4, (35, 36), (179,), (4.0,), (179,), (4.0,))

65.    ((8,), (1.0,), (1,), (0.0,)):
('K.318 Musescore', 'P1', 1, (534, 535), (113,), (1.0,), (113,), (1.0,))
('K.318 Musescore', 'P1', 1, (599, 600), (129,), (1.0,), (129,), (1.0,))
('K.318 Musescore', 'P1', 1, (721, 722), (144,), (1.0,), (144,), (1.0,))
('K.318 Musescore', 'P1', 1, (842, 843), (166,), (1.0,), (166,), (1.0,))
('K.318 Musescore', 'P1', 1, (908, 909), (182,), (1.0,), (182,), (1.0,))
('K.318 Musescore', 'P1', 3, (51, 52), (16,), (1.0,), (16,), (1.0,))

66.    ((-2,), (0.25,), (2,), (0.75,)):
('K.318 Musescore', 'P1', 1, (19, 20), (4,), (2.75,), (4,), (2.75,))
('K.318 Musescore', 'P1', 3, (60, 61), (17,), (2.75,), (17,), (2.75,))
('K.318 Musescore', 'P1', 3, (68, 69), (18,), (2.75,), (18,), (2.75,))
('K.318 Musescore', 'P1', 3, (76, 77), (19,), (2.75,), (19,), (2.75,))
('K.318 Musescore', 'P1', 3, (84, 85), (20,), (2.75,), (20,), (2.75,))

67.    ((1,), (0.5,), (1,), (0.0,)):
('K.318 Musescore', 'P1', 1, (87, 88), (17,), (1.0,), (17,), (1.0,))
('K.318 Musescore', 'P1', 1, (271, 272), (58,), (1.0,), (58,), (1.0,))
('K.318 Musescore', 'P1', 1, (284, 285), (60,), (1.0,), (60,), (1.0,))
('K.318 Musescore', 'P1', 3, (99, 100), (25,), (1.0,), (25,), (1.0,))
('K.318 Musescore', 'P1', 3, (115, 116), (29,), (1.0,), (29,), (1.0,))

68.    ((4,), (1.0,), (6,), (0.0,)):
('K.318 Musescore', 'P1', 1, (473, 474), (99,), (6.0,), (99,), (6.0,))
('K.318 Musescore', 'P1', 1, (485, 486), (101,), (6.0,), (101,), (6.0,))
('K.318 Musescore', 'P1', 1, (551, 552), (115,), (6.0,), (115,), (6.0,))
('K.318 Musescore', 'P1', 1, (859, 860), (168,), (6.0,), (168,), (6.0,))
('K.318 Musescore', 'P1', 3, (443, 444), (138,), (6.0,), (138,), (6.0,))

69.    ((1,), (1.0,), (1,), (0.0,)):
('K.318 Musescore', 'P1', 1, (920, 921), (184,), (1.0,), (184,), (1.0,))
('K.318 Musescore', 'P1', 4, (2, 3), (29,), (1.0,), (29,), (1.0,))
('K.318 Musescore', 'P1', 4, (4, 5), (31,), (1.0,), (31,), (1.0,))
('K.318 Musescore', 'P1', 4, (12, 13), (67,), (1.0,), (67,), (1.0,))
('K.318 Musescore', 'P1', 4, (14, 15), (69,), (1.0,), (69,), (1.0,))

70.    ((2,), (0.25,), (1,), (0.75,)):
('K.318 Musescore', 'P1', 1, (102, 103), (21,), (1.75,), (21,), (1.75,))
('K.318 Musescore', 'P1', 1, (256, 257), (56,), (1.75,), (56,), (1.75,))
('K.318 Musescore', 'P1', 1, (306, 307), (63,), (1.75,), (63,), (1.75,))
('K.318 Musescore', 'P1', 2, (44, 45), (55,), (1.75,), (55,), (1.75,))

71.    ((-2,), (1.0,), (3,), (0.0,)):
('K.318 Musescore', 'P1', 1, (458, 459), (97,), (3.0,), (97,), (3.0,))
('K.318 Musescore', 'P1', 1, (519, 520), (109,), (3.0,), (109,), (3.0,))
('K.318 Musescore', 'P1', 1, (619, 620), (132,), (3.0,), (132,), (3.0,))

72.    ((-8,), (0.5,), (1,), (0.0,)):
('K.318 Musescore', 'P1', 1, (20, 21), (5,), (1.0,), (5,), (1.0,))
('K.318 Musescore', 'P1', 3, (133, 134), (33,), (1.0,), (33,), (1.0,))
('K.318 Musescore', 'P1', 3, (267, 268), (71,), (1.0,), (71,), (1.0,))

73.    (((3, -2),), ((0.0, 0.5),), (2,), (0.5,)):
('K.318 Musescore', 'P1', 1, (227, 228), (45,), (2.5,), (45,), (2.5,))
('K.318 Musescore', 'P1', 1, (240, 241), (49,), (2.5,), (49,), (2.5,))
('K.318 Musescore', 'P1', 3, (160, 161), (40,), (2.5,), (40,), (2.5,))

74.    ((-5,), (3.0,), (4,), (0.0,)):
('K.318 Musescore', 'P1', 1, (561, 562), (120,), (4.0,), (120,), (4.0,))
('K.318 Musescore', 'P1', 1, (869, 870), (173,), (4.0,), (173,), (4.0,))
('K.318 Musescore', 'P1', 3, (572, 573), (191,), (4.0,), (191,), (4.0,))

75.    ((1,), (3.0,), (2,), (0.0,)):
('K.318 Musescore', 'P1', 1, (251, 252), (53,), (2.0,), (53,), (2.0,))
('K.318 Musescore', 'P1', 4, (3, 4), (29,), (2.0,), (29,), (2.0,))
('K.318 Musescore', 'P1', 4, (13, 14), (67,), (2.0,), (67,), (2.0,))

76.    ((-7,), (0.5,), (2,), (0.5,)):
('K.318 Musescore', 'P1', 2, (6, 7), (33,), (2.5,), (33,), (2.5,))
('K.318 Musescore', 'P1', 2, (47, 48), (71,), (2.5,), (71,), (2.5,))
('K.318 Musescore', 'P1', 3, (236, 237), (61,), (2.5,), (61,), (2.5,))

77.    ((-5,), (0.5,), (2,), (0.5,)):
('K.318 Musescore', 'P1', 2, (41, 42), (54,), (2.5,), (54,), (2.5,))
('K.318 Musescore', 'P1', 3, (208, 209), (57,), (2.5,), (57,), (2.5,))
('K.318 Musescore', 'P1', 3, (285, 286), (75,), (2.5,), (75,), (2.5,))

78.    (((6, 1),), ((0.0, 3.0),), (1,), (0.0,)):
('K.318 Musescore', 'P1', 3, (374, 375), (114,), (1.0,), (114,), (1.0,))
('K.318 Musescore', 'P1', 3, (482, 483), (159,), (1.0,), (159,), (1.0,))
('K.318 Musescore', 'P1', 3, (505, 506), (167,), (1.0,), (167,), (1.0,))

79.    ((3,), (1.0,), (1,), (0.0,)):
('K.318 Musescore', 'P1', 1, (131, 132), (25,), (1.0,), (25,), (1.0,))
('K.318 Musescore', 'P1', 1, (703, 704), (141,), (1.0,), (141,), (1.0,))

80.    (((3, -2),), ((0.0, 0.5),), (1,), (0.5,)):
('K.318 Musescore', 'P1', 1, (225, 226), (45,), (1.5,), (45,), (1.5,))
('K.318 Musescore', 'P1', 1, (246, 247), (52,), (1.5,), (52,), (1.5,))

81.    (((3, -2),), ((0.0, 0.5),), (2,), (0.0,)):
('K.318 Musescore', 'P1', 1, (239, 240), (49,), (2.0,), (49,), (2.0,))
('K.318 Musescore', 'P1', 1, (247, 248), (52,), (2.0,), (52,), (2.0,))

82.    (((3, -2),), ((0.0, 0.5),), (1,), (0.0,)):
('K.318 Musescore', 'P1', 1, (241, 242), (50,), (1.0,), (50,), (1.0,))
('K.318 Musescore', 'P1', 1, (245, 246), (52,), (1.0,), (52,), (1.0,))

83.    ((5,), (1.0,), (4,), (0.0,)):
('K.318 Musescore', 'P1', 1, (386, 387), (81,), (4.0,), (81,), (4.0,))
('K.318 Musescore', 'P1', 1, (814, 815), (159,), (4.0,), (159,), (4.0,))

84.    ((-3,), (1.0,), (1,), (0.0,)):
('K.318 Musescore', 'P1', 1, (805, 806), (158,), (1.0,), (158,), (1.0,))
('K.318 Musescore', 'P1', 2, (26, 27), (47,), (1.0,), (47,), (1.0,))

85.    ((1,), (0.5,), (1,), (0.5,)):
('K.318 Musescore', 'P1', 1, (209, 210), (40,), (1.5,), (40,), (1.5,))
('K.318 Musescore', 'P1', 3, (100, 101), (25,), (1.5,), (25,), (1.5,))

86.    ((-3,), (2.0,), (1,), (0.0,)):
('K.318 Musescore', 'P1', 1, (244, 245), (51,), (1.0,), (51,), (1.0,))
('K.318 Musescore', 'P1', 3, (420, 421), (133,), (1.0,), (133,), (1.0,))

87.    ((1,), (6.0,), (1,), (0.0,)):
('K.318 Musescore', 'P1', 1, (696, 697), (139,), (1.0,), (139,), (1.0,))
('K.318 Musescore', 'P1', 3, (444, 445), (139,), (1.0,), (139,), (1.0,))

88.    (((6, 1),), ((0.0, 0.5),), (2,), (0.0,)):
('K.318 Musescore', 'P1', 3, (109, 110), (27,), (2.0,), (27,), (2.0,))
('K.318 Musescore', 'P1', 3, (193, 194), (51,), (2.0,), (51,), (2.0,))

89.    (((6, 3, 2),), ((0.0, 0.0, 0.5),), (2,), (0.5,)):
('K.318 Musescore', 'P1', 3, (110, 111), (27,), (2.5,), (27,), (2.5,))
('K.318 Musescore', 'P1', 3, (186, 187), (48,), (2.5,), (48,), (2.5,))

90.    (((8, 1),), ((0.0, 0.5),), (1,), (0.0,)):
('K.318 Musescore', 'P1', 3, (111, 112), (28,), (1.0,), (28,), (1.0,))
('K.318 Musescore', 'P1', 3, (191, 192), (51,), (1.0,), (51,), (1.0,))

91.    ((4,), (0.5,), (2,), (0.5,)):
('K.318 Musescore', 'P1', 3, (155, 156), (38,), (2.5,), (38,), (2.5,))
('K.318 Musescore', 'P1', 3, (222, 223), (59,), (2.5,), (59,), (2.5,))

92.    ((8,), (0.5,), (1,), (0.0,)):
('K.318 Musescore', 'P1', 3, (157, 158), (40,), (1.0,), (40,), (1.0,))
('K.318 Musescore', 'P1', 3, (205, 206), (57,), (1.0,), (57,), (1.0,))

93.    (((6, -2),), ((0.0, 0.5),), (2,), (0.5,)):
('K.318 Musescore', 'P1', 3, (180, 181), (46,), (2.5,), (46,), (2.5,))
('K.318 Musescore', 'P1', 3, (182, 183), (47,), (2.5,), (47,), (2.5,))

94.    (((8, 3),), ((0.0, 3.0),), (1,), (0.0,)):
('K.318 Musescore', 'P1', 3, (330, 331), (99,), (1.0,), (99,), (1.0,))
('K.318 Musescore', 'P1', 3, (407, 408), (127,), (1.0,), (127,), (1.0,))

95.    (((3, 1),), ((0.0, 3.0),), (1,), (0.0,)):
('K.318 Musescore', 'P1', 3, (390, 391), (122,), (1.0,), (122,), (1.0,))
('K.318 Musescore', 'P1', 3, (446, 447), (141,), (1.0,), (141,), (1.0,))

96.    (((3, -3),), ((0.0, 3.0),), (1,), (0.0,)):
('K.318 Musescore', 'P1', 3, (416, 417), (131,), (1.0,), (131,), (1.0,))
('K.318 Musescore', 'P1', 3, (546, 547), (184,), (1.0,), (184,), (1.0,))

