1.    nomes:
K.227 KernScores

2.    quantidade:
1

3.    analise:
[('intDia', 'p1p2'), ('duracao', 'p1p2'), ('Ptempo', 'p1')] SemContInte Distancia: 0

1.    ((2, -4, (6, 5), -2, -2, 1, 2, 3, -2, -2, -2, 1, 2, 5, -2, -2, -2, 1, 2, 3, -2, -2, -2, 1, 2, 3, -4, 2, 2, 1, -2, -2, -2, 2, -2, -2), (0.0, 1.5, (0.0, 0.5), 0.17, 0.17, 0.17, 0.5, 0.5, 0.5, 0.17, 0.17, 0.17, 0.5, 0.5, 0.5, 0.17, 0.17, 0.17, 0.5, 0.5, 0.5, 0.17, 0.17, 0.17, 0.5, 0.5, 0.5, 0.17, 0.17, 0.17, 0.5, 0.17, 0.17, 0.17, 0.17, 0.17), (0.0,)):
('K.227 KernScores', 'P1', 1, (254, 290), (46,), (1.0,), (51,), (2.67,))
('K.227 KernScores', 'P1', 1, (291, 327), (52,), (1.0,), (57,), (2.67,))

2.    ((2, 2, -2, -2, -2, -2, -2, -2, 2, 2, 2, 2, 2, 2, -2, -2, -2, -2, -2, -2, 2, 2, 2, 2, 2, 2, -2, -2, -2, -2, -2, -2, 2), (0.17, 0.17, 0.17, 0.17, 0.17, 0.17, 0.17, 0.17, 0.17, 0.17, 0.17, 0.17, 0.17, 0.17, 0.17, 0.17, 0.17, 0.17, 0.17, 0.17, 0.17, 0.17, 0.17, 0.17, 0.17, 0.17, 0.17, 0.17, 0.17, 0.17, 0.17, 0.17, 0.17), (0.5,)):
('K.227 KernScores', 'P1', 1, (363, 396), (62,), (1.5,), (64,), (2.83,))
('K.227 KernScores', 'P2', 1, (246, 279), (65,), (1.5,), (67,), (2.83,))

3.    ((8, -6, 6, -8, 8, -5, 5, -3, 3, -5, 5, -8, 8, -6, 6, -8, 8, -5, 5, -3, 3, -5, 5, -8, 8, -9, 8, -2, 6, 1, (3, 2)), (0.5, 0.5, 0.5, 0.5, 0.5, 0.5, 0.5, 0.5, 0.5, 0.5, 0.5, 0.5, 0.5, 0.5, 0.5, 0.5, 0.5, 0.5, 0.5, 0.5, 0.5, 0.5, 0.5, 0.5, 0.5, 0.5, 0.5, 0.5, 0.5, 1.5, (0.0, 1.0)), (0.0,)):
('K.227 KernScores', 'P2', 1, (494, 525), (112,), (1.0,), (117,), (2.0,))
('K.227 KernScores', 'P2', 1, (532, 563), (119,), (1.0,), (124,), (2.0,))

4.    ((-2, -2, -2, -2, -2, -2, 7, -2, -2, -2, -2, -2, -2, -2, 7, -2, -2, -2, -2, -2, -2, -2, 7, -2, -2, -2, -2, -2, -2, -2), (0.17, 0.17, 0.17, 0.17, 0.17, 0.17, 0.5, 0.5, 0.17, 0.17, 0.17, 0.17, 0.17, 0.17, 0.5, 0.5, 0.17, 0.17, 0.17, 0.17, 0.17, 0.17, 0.5, 0.5, 0.17, 0.17, 0.17, 0.17, 0.17, 0.17), (0.0,)):
('K.227 KernScores', 'P1', 1, (330, 360), (58,), (2.0,), (61,), (2.83,))
('K.227 KernScores', 'P2', 1, (98, 128), (28,), (2.0,), (31,), (2.83,))

5.    ((3, -2, -2, 1, -3, 2, 2, 3, 3, -2, -2, 1, -3, 2, 2, 6, -4, -2, -2, -2, 2, 3, -2, -2, -2, 2, -2, -2), (0.5, 0.17, 0.17, 0.17, 0.5, 0.17, 0.17, 0.17, 0.5, 0.17, 0.17, 0.17, 0.5, 0.17, 0.17, 0.17, 0.5, 0.5, 0.5, 0.17, 0.17, 0.17, 0.0, 0.17, 0.17, 0.17, 0.5, 0.5), (0.5,)):
('K.227 KernScores', 'P1', 1, (163, 191), (32,), (1.5,), (35,), (2.5,))
('K.227 KernScores', 'P1', 1, (192, 220), (36,), (1.5,), (39,), (2.5,))

6.    (((8, 10), 6, -5, 6, -7, 6, -5, 6, -7, 6, -7, 6, -7, 8, -7, 6, -7, 8, -5, 3, -2, -8, -5), ((0.0, 1.0), 0.5, 0.5, 0.5, 0.5, 0.5, 0.5, 0.5, 0.5, 0.5, 0.5, 0.5, 0.5, 0.5, 0.5, 0.5, 0.5, 0.5, 0.5, 0.5, 0.5, 0.5, 0.5), (0.0,)):
('K.227 KernScores', 'P2', 1, (171, 194), (46,), (1.0,), (51,), (2.5,))
('K.227 KernScores', 'P2', 1, (194, 217), (52,), (1.0,), (57,), (2.5,))

7.    ((3, -8, 2, 6, -5, 2, 5, -8, 2, 6, -5, 2, 3, (3, 2), (3, 2), 2, 2, -2, -3, 2, -3), (1.0, 1.0, 1.0, 1.0, 1.0, 1.0, 1.0, 1.0, 1.0, 1.0, 1.0, 1.0, 1.0, (0.0, 1.0), (0.0, 1.0), 0.33, 0.33, 0.33, 0.5, 0.5, 0.5), (0.0,)):
('K.227 KernScores', 'P1', 1, (570, 591), (112,), (1.0,), (117,), (3.0,))
('K.227 KernScores', 'P1', 1, (595, 616), (119,), (1.0,), (124,), (3.0,))

8.    ((1, -2, -2, -2, 1, -2, -2, -2, 1, -2, -2, 2, 1, -2, -2, -2), (0.25, 0.25, 0.25, 0.25, 0.25, 0.25, 0.25, 0.25, 0.25, 0.25, 0.25, 0.25, 0.25, 0.25, 0.25, 0.25), (0.0,)):
('K.227 KernScores', 'P1', 1, (41, 57), (9,), (2.0,), (11,), (1.75,))
('K.227 KernScores', 'P2', 1, (13, 29), (6,), (2.0,), (8,), (1.75,))

9.    ((1, 2, 2, -2, 1, 2, 2, -2, 1, 2, 2, -2, 1, 2, 2, -2), (0.25, 0.25, 0.25, 0.25, 0.25, 0.25, 0.25, 0.25, 0.25, 0.25, 0.25, 0.25, 0.25, 0.25, 0.25, 0.25), (0.0,)):
('K.227 KernScores', 'P1', 1, (83, 99), (17,), (1.0,), (18,), (2.75,))
('K.227 KernScores', 'P2', 1, (62, 78), (19,), (1.0,), (20,), (2.75,))

10.    (((3, 2), -2, (8, 7), -2, -2, -2, -4, (3, 2), -2, (3, 4), -2, -2, 2, -2, -2), ((0.0, 1.0), 1.0, (0.0, 2.0), 0.0, 1.0, 1.0, 0.0, (0.0, 1.0), 1.0, (0.0, 1.0), 0.33, 0.33, 0.33, 1.0, 1.0), (0.0,)):
('K.227 KernScores', 'P1', 1, (622, 637), (127,), (1.0,), (130,), (3.0,))
('K.227 KernScores', 'P1', 1, (643, 658), (133,), (1.0,), (136,), (3.0,))

11.    ((1, 1, 1, 1, 1, 2, -2, -2, -2, -2, -2, -2), (0.5, 0.5, 0.5, 0.5, 0.5, 0.5, 0.5, 0.5, 0.5, 0.5, 0.5, 0.5), (0.0,)):
('K.227 KernScores', 'P1', 1, (429, 441), (71,), (1.0,), (72,), (3.5,))
('K.227 KernScores', 'P2', 1, (288, 300), (73,), (1.0,), (74,), (3.5,))

12.    ((-4, -3, -3, 5, 2, 1, -2, -2, -2, -2), (0.5, 0.5, 0.5, 0.5, 0.5, 0.5, 0.5, 0.5, 0.5, 0.5), (0.5,)):
('K.227 KernScores', 'P1', 1, (659, 669), (137,), (1.5,), (138,), (3.0,))
('K.227 KernScores', 'P1', 1, (670, 680), (139,), (1.5,), (140,), (3.0,))

13.    ((-2, -2, 1, -2, -2, 3, 1, -2, -2, 4), (1.0, 1.0, 0.25, 0.25, 0.25, 0.25, 0.25, 0.25, 0.25, 0.25), (0.0,)):
('K.227 KernScores', 'P2', 1, (38, 48), (13,), (1.0,), (14,), (2.75,))
('K.227 KernScores', 'P2', 1, (48, 58), (15,), (1.0,), (16,), (2.75,))

14.    ((3, 2, 2, 2, 2, -3, 4, -5, 2, -8), (1.0, 1.0, 1.0, 1.0, 1.0, 0.5, 0.5, 0.5, 0.5, 0.5), (0.0,)):
('K.227 KernScores', 'P2', 1, (128, 138), (32,), (1.0,), (35,), (2.0,))
('K.227 KernScores', 'P2', 1, (139, 149), (36,), (1.0,), (39,), (2.0,))

15.    ((1, -2, -2, 3, 1, -2, -2, 6, 1), (0.25, 0.25, 0.25, 0.25, 0.25, 0.25, 0.25, 0.25, 1.0), (0.0,)):
('K.227 KernScores', 'P1', 1, (63, 72), (13,), (1.0,), (14,), (1.0,))
('K.227 KernScores', 'P1', 1, (73, 82), (15,), (1.0,), (16,), (1.0,))

16.    ((1, -2, -2, 3, 1, -2, -2), (0.25, 0.25, 0.25, 0.25, 0.25, 0.25, 0.25), (0.0,)):
('K.227 KernScores', 'P1', 1, (63, 70), (13,), (1.0,), (13,), (2.5,))
('K.227 KernScores', 'P1', 1, (73, 80), (15,), (1.0,), (15,), (2.5,))
('K.227 KernScores', 'P2', 1, (40, 47), (14,), (1.0,), (14,), (2.5,))
('K.227 KernScores', 'P2', 1, (50, 57), (16,), (1.0,), (16,), (2.5,))

17.    ((-3, -3, 5, 1, -2, 2, 2), (0.5, 0.5, 0.5, 0.0, 0.75, 0.12, 0.12), (0.5,)):
('K.227 KernScores', 'P1', 1, (1, 8), (1,), (1.5,), (2,), (1.88,))
('K.227 KernScores', 'P2', 1, (1, 8), (3,), (1.5,), (4,), (1.88,))

18.    ((-4, 2, -4, 2, -4, 2, 2), (0.25, 0.25, 0.25, 0.25, 0.25, 0.25, 0.25), (0.25,)):
('K.227 KernScores', 'P1', 1, (105, 112), (21,), (1.25,), (21,), (2.75,))
('K.227 KernScores', 'P2', 1, (79, 86), (22,), (1.25,), (22,), (2.75,))

19.    ((-2, 2, -2, 3, 2, -2, 2), (1.0, 1.0, 1.0, 1.0, 1.0, 1.0, 1.0), (0.0,)):
('K.227 KernScores', 'P1', 2, (0, 7), (47,), (1.0,), (50,), (1.0,))
('K.227 KernScores', 'P1', 2, (8, 15), (53,), (1.0,), (56,), (1.0,))

20.    ((1, 1, 1, 1, (3, 2), (3, -2)), (6.0, 3.0, 3.0, 4.0, (0.0, 1.0), (0.0, 1.0)), (0.0,)):
('K.227 KernScores', 'P2', 1, (564, 570), (125,), (1.0,), (130,), (3.0,))
('K.227 KernScores', 'P2', 1, (570, 576), (131,), (1.0,), (136,), (3.0,))

21.    ((2, -2, -2, -2, -2), (0.5, 0.0, 0.5, 0.25, 0.25), (0.5,)):
('K.227 KernScores', 'P1', 1, (14, 19), (4,), (2.5,), (5,), (1.75,))
('K.227 KernScores', 'P1', 1, (20, 25), (5,), (2.5,), (6,), (1.75,))

22.    ((-3, 4, -2, -2), (0.5, 0.5, 0.5, 0.5), (0.0,)):
('K.227 KernScores', 'P1', 1, (447, 451), (75,), (2.0,), (75,), (3.5,))
('K.227 KernScores', 'P2', 1, (221, 225), (59,), (2.0,), (60,), (1.5,))
('K.227 KernScores', 'P2', 1, (225, 229), (60,), (2.0,), (61,), (1.5,))

23.    (((6, 5), -2, 1, -4), ((0.0, 0.17), 0.17, 0.17, 0.5), (0.0,)):
('K.227 KernScores', 'P1', 1, (234, 238), (42,), (1.0,), (42,), (1.5,))
('K.227 KernScores', 'P1', 1, (238, 242), (42,), (2.0,), (42,), (2.5,))

24.    ((1, (8, 7), -2, -2), (1.0, (0.0, 3.0), 0.0, 1.0), (0.0,)):
('K.227 KernScores', 'P1', 1, (617, 621), (125,), (1.0,), (126,), (2.0,))
('K.227 KernScores', 'P1', 1, (637, 641), (131,), (1.0,), (132,), (2.0,))

25.    ((-3, 4, -2, -2), (0.5, 0.5, 1.0, 1.0), (0.0,)):
('K.227 KernScores', 'P1', 1, (590, 594), (117,), (3.0,), (118,), (2.0,))
('K.227 KernScores', 'P2', 1, (36, 40), (12,), (2.0,), (13,), (2.0,))

26.    ((2, 2, 2), (1.0, 1.0, 1.0), (0.0,)):
('K.227 KernScores', 'P1', 1, (99, 102), (19,), (1.0,), (20,), (1.0,))
('K.227 KernScores', 'P2', 1, (129, 132), (32,), (2.0,), (33,), (2.0,))
('K.227 KernScores', 'P2', 1, (140, 143), (36,), (2.0,), (37,), (2.0,))
('K.227 KernScores', 'P2', 1, (305, 308), (76,), (3.0,), (77,), (2.0,))
('K.227 KernScores', 'P2', 1, (310, 313), (79,), (1.0,), (79,), (3.0,))
('K.227 KernScores', 'P2', 1, (314, 317), (81,), (1.0,), (81,), (3.0,))
('K.227 KernScores', 'P2', 1, (580, 583), (139,), (1.0,), (139,), (3.0,))
('K.227 KernScores', 'P2', 2, (10, 13), (125,), (1.0,), (125,), (3.0,))
('K.227 KernScores', 'P2', 2, (23, 26), (131,), (1.0,), (131,), (3.0,))

27.    ((2, -2, 2), (1.0, 1.0, 1.0), (0.0,)):
('K.227 KernScores', 'P1', 2, (4, 7), (49,), (1.0,), (50,), (1.0,))
('K.227 KernScores', 'P1', 2, (12, 15), (55,), (1.0,), (56,), (1.0,))
('K.227 KernScores', 'P2', 1, (10, 13), (5,), (1.0,), (6,), (1.0,))

28.    ((-2, -2, -2), (0.25, 0.25, 0.25), (0.0,)):
('K.227 KernScores', 'P1', 1, (114, 117), (23,), (1.0,), (23,), (1.5,))
('K.227 KernScores', 'P1', 1, (118, 121), (23,), (2.0,), (23,), (2.5,))

29.    ((3, 3, 4), (0.5, 0.5, 0.5), (0.5,)):
('K.227 KernScores', 'P1', 1, (686, 689), (142,), (2.5,), (142,), (3.5,))
('K.227 KernScores', 'P2', 1, (587, 590), (141,), (2.5,), (141,), (3.5,))

30.    ((1, 1, -2), (6.0, 6.0, 2.0), (0.0,)):
('K.227 KernScores', 'P1', 2, (18, 21), (126,), (1.0,), (130,), (1.0,))
('K.227 KernScores', 'P1', 2, (22, 25), (132,), (1.0,), (136,), (1.0,))

31.    ((-7, 6), (0.5, 0.5), (0.5,)):
('K.227 KernScores', 'P1', 1, (161, 163), (31,), (2.5,), (32,), (1.0,))
('K.227 KernScores', 'P2', 1, (175, 177), (47,), (1.5,), (47,), (2.0,))
('K.227 KernScores', 'P2', 1, (179, 181), (48,), (1.5,), (48,), (2.0,))
('K.227 KernScores', 'P2', 1, (181, 183), (48,), (2.5,), (49,), (1.0,))
('K.227 KernScores', 'P2', 1, (185, 187), (49,), (2.5,), (50,), (1.0,))
('K.227 KernScores', 'P2', 1, (198, 200), (53,), (1.5,), (53,), (2.0,))
('K.227 KernScores', 'P2', 1, (202, 204), (54,), (1.5,), (54,), (2.0,))
('K.227 KernScores', 'P2', 1, (204, 206), (54,), (2.5,), (55,), (1.0,))
('K.227 KernScores', 'P2', 1, (208, 210), (55,), (2.5,), (56,), (1.0,))

32.    ((-2, 3), (1.0, 1.0), (0.0,)):
('K.227 KernScores', 'P1', 1, (505, 507), (87,), (3.0,), (88,), (1.0,))
('K.227 KernScores', 'P1', 1, (520, 522), (93,), (3.0,), (94,), (1.0,))
('K.227 KernScores', 'P1', 1, (535, 537), (99,), (3.0,), (100,), (1.0,))
('K.227 KernScores', 'P1', 1, (548, 550), (104,), (3.0,), (105,), (1.0,))
('K.227 KernScores', 'P1', 1, (594, 596), (118,), (3.0,), (119,), (1.0,))
('K.227 KernScores', 'P1', 2, (2, 4), (48,), (1.0,), (48,), (2.0,))
('K.227 KernScores', 'P1', 2, (10, 12), (54,), (1.0,), (54,), (2.0,))

33.    ((-3, 2), (0.5, 0.5), (0.0,)):
('K.227 KernScores', 'P1', 1, (399, 401), (66,), (1.0,), (66,), (1.5,))
('K.227 KernScores', 'P1', 1, (403, 405), (67,), (1.0,), (67,), (1.5,))
('K.227 KernScores', 'P1', 1, (588, 590), (117,), (2.0,), (117,), (2.5,))
('K.227 KernScores', 'P1', 1, (613, 615), (124,), (2.0,), (124,), (2.5,))
('K.227 KernScores', 'P1', 1, (615, 617), (124,), (3.0,), (124,), (3.5,))
('K.227 KernScores', 'P2', 1, (235, 237), (63,), (1.0,), (63,), (1.5,))
('K.227 KernScores', 'P2', 1, (239, 241), (64,), (1.0,), (64,), (1.5,))

34.    ((-3, -3), (1.0, 1.0), (0.0,)):
('K.227 KernScores', 'P1', 1, (551, 553), (105,), (3.0,), (106,), (1.0,))
('K.227 KernScores', 'P1', 1, (554, 556), (106,), (3.0,), (107,), (1.0,))
('K.227 KernScores', 'P1', 1, (557, 559), (107,), (3.0,), (108,), (1.0,))
('K.227 KernScores', 'P1', 1, (562, 564), (109,), (2.0,), (109,), (3.0,))
('K.227 KernScores', 'P1', 1, (565, 567), (110,), (2.0,), (110,), (3.0,))
('K.227 KernScores', 'P1', 1, (568, 570), (111,), (2.0,), (111,), (3.0,))
('K.227 KernScores', 'P2', 1, (303, 305), (76,), (1.0,), (76,), (2.0,))

35.    ((-2, 2), (1.0, 1.0), (0.0,)):
('K.227 KernScores', 'P1', 2, (0, 2), (47,), (1.0,), (47,), (2.0,))
('K.227 KernScores', 'P1', 2, (5, 7), (49,), (2.0,), (50,), (1.0,))
('K.227 KernScores', 'P1', 2, (8, 10), (53,), (1.0,), (53,), (2.0,))
('K.227 KernScores', 'P1', 2, (13, 15), (55,), (2.0,), (56,), (1.0,))
('K.227 KernScores', 'P2', 1, (11, 13), (5,), (2.0,), (6,), (1.0,))
('K.227 KernScores', 'P2', 2, (20, 22), (129,), (3.0,), (130,), (1.0,))
('K.227 KernScores', 'P2', 2, (33, 35), (135,), (3.0,), (136,), (1.0,))

36.    ((-2, -2), (1.0, 1.0), (0.0,)):
('K.227 KernScores', 'P1', 1, (626, 628), (128,), (2.0,), (128,), (3.0,))
('K.227 KernScores', 'P1', 1, (635, 637), (130,), (2.0,), (130,), (3.0,))
('K.227 KernScores', 'P1', 1, (640, 642), (132,), (2.0,), (132,), (3.0,))
('K.227 KernScores', 'P1', 1, (647, 649), (134,), (2.0,), (134,), (3.0,))
('K.227 KernScores', 'P1', 1, (656, 658), (136,), (2.0,), (136,), (3.0,))
('K.227 KernScores', 'P2', 1, (48, 50), (15,), (1.0,), (15,), (2.0,))

37.    (((3, 2), -2), ((0.0, 1.0), 1.0), (0.0,)):
('K.227 KernScores', 'P1', 1, (622, 624), (127,), (1.0,), (127,), (2.0,))
('K.227 KernScores', 'P1', 1, (629, 631), (129,), (1.0,), (129,), (2.0,))
('K.227 KernScores', 'P1', 1, (643, 645), (133,), (1.0,), (133,), (2.0,))
('K.227 KernScores', 'P1', 1, (650, 652), (135,), (1.0,), (135,), (2.0,))
('K.227 KernScores', 'P2', 1, (562, 564), (124,), (2.0,), (124,), (3.0,))

38.    ((4, 2), (0.5, 0.5), (0.0,)):
('K.227 KernScores', 'P1', 1, (19, 21), (5,), (2.0,), (5,), (2.5,))
('K.227 KernScores', 'P2', 1, (231, 233), (62,), (1.0,), (62,), (1.5,))
('K.227 KernScores', 'P2', 1, (279, 281), (68,), (1.0,), (68,), (1.5,))
('K.227 KernScores', 'P2', 1, (283, 285), (69,), (1.0,), (69,), (1.5,))

39.    ((3, -2), (0.5, 0.5), (0.0,)):
('K.227 KernScores', 'P1', 1, (397, 399), (65,), (2.0,), (65,), (2.5,))
('K.227 KernScores', 'P1', 1, (401, 403), (66,), (2.0,), (66,), (2.5,))
('K.227 KernScores', 'P2', 1, (190, 192), (51,), (1.0,), (51,), (1.5,))
('K.227 KernScores', 'P2', 1, (213, 215), (57,), (1.0,), (57,), (1.5,))

40.    ((-4, 2), (1.0, 1.0), (0.0,)):
('K.227 KernScores', 'P1', 1, (509, 511), (89,), (2.0,), (89,), (3.0,))
('K.227 KernScores', 'P1', 1, (524, 526), (95,), (2.0,), (95,), (3.0,))
('K.227 KernScores', 'P2', 1, (60, 62), (18,), (1.0,), (18,), (2.0,))

41.    ((2, 2), (0.5, 0.5), (0.0,)):
('K.227 KernScores', 'P1', 1, (25, 27), (6,), (2.0,), (6,), (2.5,))
('K.227 KernScores', 'P1', 1, (31, 33), (8,), (1.0,), (8,), (1.5,))

42.    (((3, -2), (3, 1)), ((0.0, 0.5), (0.0, 0.5)), (0.0,)):
('K.227 KernScores', 'P1', 1, (250, 252), (45,), (1.0,), (45,), (1.5,))
('K.227 KernScores', 'P1', 1, (252, 254), (45,), (2.0,), (45,), (2.5,))

43.    ((1, 2), (2.0, 1.0), (0.0,)):
('K.227 KernScores', 'P1', 1, (441, 443), (73,), (1.0,), (73,), (3.0,))
('K.227 KernScores', 'P1', 1, (443, 445), (74,), (1.0,), (74,), (3.0,))

44.    ((2, 1), (1.0, 0.25), (0.0,)):
('K.227 KernScores', 'P2', 1, (12, 14), (6,), (1.0,), (6,), (2.0,))
('K.227 KernScores', 'P2', 1, (61, 63), (18,), (2.0,), (19,), (1.0,))

45.    ((-3, 2), (1.0, 1.0), (0.0,)):
('K.227 KernScores', 'P2', 1, (58, 60), (17,), (1.0,), (17,), (2.0,))
('K.227 KernScores', 'P2', 1, (304, 306), (76,), (2.0,), (76,), (3.0,))

46.    ((2,), (1.0,), (0.0,)):
('K.227 KernScores', 'P1', 1, (10, 11), (3,), (1.0,), (3,), (1.0,))
('K.227 KernScores', 'P1', 1, (99, 100), (19,), (1.0,), (19,), (1.0,))
('K.227 KernScores', 'P1', 1, (100, 101), (19,), (2.0,), (19,), (2.0,))
('K.227 KernScores', 'P1', 1, (101, 102), (20,), (1.0,), (20,), (1.0,))
('K.227 KernScores', 'P1', 1, (396, 397), (65,), (1.0,), (65,), (1.0,))
('K.227 KernScores', 'P1', 1, (442, 443), (73,), (3.0,), (73,), (3.0,))
('K.227 KernScores', 'P1', 1, (444, 445), (74,), (3.0,), (74,), (3.0,))
('K.227 KernScores', 'P1', 1, (510, 511), (89,), (3.0,), (89,), (3.0,))
('K.227 KernScores', 'P1', 1, (525, 526), (95,), (3.0,), (95,), (3.0,))
('K.227 KernScores', 'P1', 1, (572, 573), (112,), (3.0,), (112,), (3.0,))
('K.227 KernScores', 'P1', 1, (575, 576), (113,), (3.0,), (113,), (3.0,))
('K.227 KernScores', 'P1', 1, (578, 579), (114,), (3.0,), (114,), (3.0,))
('K.227 KernScores', 'P1', 1, (581, 582), (115,), (3.0,), (115,), (3.0,))
('K.227 KernScores', 'P1', 1, (597, 598), (119,), (3.0,), (119,), (3.0,))
('K.227 KernScores', 'P1', 1, (600, 601), (120,), (3.0,), (120,), (3.0,))
('K.227 KernScores', 'P1', 1, (603, 604), (121,), (3.0,), (121,), (3.0,))
('K.227 KernScores', 'P1', 1, (606, 607), (122,), (3.0,), (122,), (3.0,))
('K.227 KernScores', 'P1', 2, (1, 2), (47,), (2.0,), (47,), (2.0,))
('K.227 KernScores', 'P1', 2, (4, 5), (49,), (1.0,), (49,), (1.0,))
('K.227 KernScores', 'P1', 2, (6, 7), (50,), (1.0,), (50,), (1.0,))
('K.227 KernScores', 'P1', 2, (9, 10), (53,), (2.0,), (53,), (2.0,))
('K.227 KernScores', 'P1', 2, (12, 13), (55,), (1.0,), (55,), (1.0,))
('K.227 KernScores', 'P1', 2, (14, 15), (56,), (1.0,), (56,), (1.0,))
('K.227 KernScores', 'P2', 1, (10, 11), (5,), (1.0,), (5,), (1.0,))
('K.227 KernScores', 'P2', 1, (12, 13), (6,), (1.0,), (6,), (1.0,))
('K.227 KernScores', 'P2', 1, (59, 60), (17,), (2.0,), (17,), (2.0,))
('K.227 KernScores', 'P2', 1, (61, 62), (18,), (2.0,), (18,), (2.0,))
('K.227 KernScores', 'P2', 1, (129, 130), (32,), (2.0,), (32,), (2.0,))
('K.227 KernScores', 'P2', 1, (130, 131), (33,), (1.0,), (33,), (1.0,))
('K.227 KernScores', 'P2', 1, (131, 132), (33,), (2.0,), (33,), (2.0,))
('K.227 KernScores', 'P2', 1, (132, 133), (34,), (1.0,), (34,), (1.0,))
('K.227 KernScores', 'P2', 1, (140, 141), (36,), (2.0,), (36,), (2.0,))
('K.227 KernScores', 'P2', 1, (141, 142), (37,), (1.0,), (37,), (1.0,))
('K.227 KernScores', 'P2', 1, (142, 143), (37,), (2.0,), (37,), (2.0,))
('K.227 KernScores', 'P2', 1, (143, 144), (38,), (1.0,), (38,), (1.0,))
('K.227 KernScores', 'P2', 1, (302, 303), (75,), (3.0,), (75,), (3.0,))
('K.227 KernScores', 'P2', 1, (305, 306), (76,), (3.0,), (76,), (3.0,))
('K.227 KernScores', 'P2', 1, (306, 307), (77,), (1.0,), (77,), (1.0,))
('K.227 KernScores', 'P2', 1, (307, 308), (77,), (2.0,), (77,), (2.0,))
('K.227 KernScores', 'P2', 1, (308, 309), (77,), (3.0,), (77,), (3.0,))
('K.227 KernScores', 'P2', 1, (310, 311), (79,), (1.0,), (79,), (1.0,))
('K.227 KernScores', 'P2', 1, (311, 312), (79,), (2.0,), (79,), (2.0,))
('K.227 KernScores', 'P2', 1, (312, 313), (79,), (3.0,), (79,), (3.0,))
('K.227 KernScores', 'P2', 1, (314, 315), (81,), (1.0,), (81,), (1.0,))
('K.227 KernScores', 'P2', 1, (315, 316), (81,), (2.0,), (81,), (2.0,))
('K.227 KernScores', 'P2', 1, (316, 317), (81,), (3.0,), (81,), (3.0,))
('K.227 KernScores', 'P2', 1, (317, 318), (82,), (1.0,), (82,), (1.0,))
('K.227 KernScores', 'P2', 1, (318, 319), (82,), (2.0,), (82,), (2.0,))
('K.227 KernScores', 'P2', 1, (577, 578), (138,), (1.0,), (138,), (1.0,))
('K.227 KernScores', 'P2', 1, (580, 581), (139,), (1.0,), (139,), (1.0,))
('K.227 KernScores', 'P2', 1, (581, 582), (139,), (2.0,), (139,), (2.0,))
('K.227 KernScores', 'P2', 1, (582, 583), (139,), (3.0,), (139,), (3.0,))
('K.227 KernScores', 'P2', 1, (583, 584), (140,), (1.0,), (140,), (1.0,))
('K.227 KernScores', 'P2', 2, (0, 1), (78,), (1.0,), (78,), (1.0,))
('K.227 KernScores', 'P2', 2, (1, 2), (78,), (2.0,), (78,), (2.0,))
('K.227 KernScores', 'P2', 2, (3, 4), (80,), (1.0,), (80,), (1.0,))
('K.227 KernScores', 'P2', 2, (4, 5), (80,), (2.0,), (80,), (2.0,))
('K.227 KernScores', 'P2', 2, (10, 11), (125,), (1.0,), (125,), (1.0,))
('K.227 KernScores', 'P2', 2, (11, 12), (125,), (2.0,), (125,), (2.0,))
('K.227 KernScores', 'P2', 2, (12, 13), (125,), (3.0,), (125,), (3.0,))
('K.227 KernScores', 'P2', 2, (14, 15), (126,), (3.0,), (126,), (3.0,))
('K.227 KernScores', 'P2', 2, (16, 17), (127,), (3.0,), (127,), (3.0,))
('K.227 KernScores', 'P2', 2, (18, 19), (128,), (3.0,), (128,), (3.0,))
('K.227 KernScores', 'P2', 2, (21, 22), (130,), (1.0,), (130,), (1.0,))
('K.227 KernScores', 'P2', 2, (23, 24), (131,), (1.0,), (131,), (1.0,))
('K.227 KernScores', 'P2', 2, (24, 25), (131,), (2.0,), (131,), (2.0,))
('K.227 KernScores', 'P2', 2, (25, 26), (131,), (3.0,), (131,), (3.0,))
('K.227 KernScores', 'P2', 2, (27, 28), (132,), (3.0,), (132,), (3.0,))
('K.227 KernScores', 'P2', 2, (29, 30), (133,), (3.0,), (133,), (3.0,))
('K.227 KernScores', 'P2', 2, (31, 32), (134,), (3.0,), (134,), (3.0,))
('K.227 KernScores', 'P2', 2, (34, 35), (136,), (1.0,), (136,), (1.0,))
('K.227 KernScores', 'P2', 2, (36, 37), (137,), (1.0,), (137,), (1.0,))
('K.227 KernScores', 'P2', 2, (37, 38), (137,), (2.0,), (137,), (2.0,))

47.    ((8,), (0.5,), (0.0,)):
('K.227 KernScores', 'P1', 1, (658, 659), (137,), (1.0,), (137,), (1.0,))
('K.227 KernScores', 'P2', 1, (184, 185), (49,), (2.0,), (49,), (2.0,))
('K.227 KernScores', 'P2', 1, (188, 189), (50,), (2.0,), (50,), (2.0,))
('K.227 KernScores', 'P2', 1, (207, 208), (55,), (2.0,), (55,), (2.0,))
('K.227 KernScores', 'P2', 1, (211, 212), (56,), (2.0,), (56,), (2.0,))
('K.227 KernScores', 'P2', 1, (320, 321), (83,), (1.0,), (83,), (1.0,))
('K.227 KernScores', 'P2', 1, (324, 325), (83,), (3.0,), (83,), (3.0,))
('K.227 KernScores', 'P2', 1, (332, 333), (85,), (1.0,), (85,), (1.0,))
('K.227 KernScores', 'P2', 1, (336, 337), (85,), (3.0,), (85,), (3.0,))
('K.227 KernScores', 'P2', 1, (344, 345), (87,), (1.0,), (87,), (1.0,))
('K.227 KernScores', 'P2', 1, (348, 349), (87,), (3.0,), (87,), (3.0,))
('K.227 KernScores', 'P2', 1, (356, 357), (89,), (1.0,), (89,), (1.0,))
('K.227 KernScores', 'P2', 1, (360, 361), (89,), (3.0,), (89,), (3.0,))
('K.227 KernScores', 'P2', 1, (368, 369), (91,), (1.0,), (91,), (1.0,))
('K.227 KernScores', 'P2', 1, (372, 373), (91,), (3.0,), (91,), (3.0,))
('K.227 KernScores', 'P2', 1, (380, 381), (93,), (1.0,), (93,), (1.0,))
('K.227 KernScores', 'P2', 1, (384, 385), (93,), (3.0,), (93,), (3.0,))
('K.227 KernScores', 'P2', 1, (392, 393), (95,), (1.0,), (95,), (1.0,))
('K.227 KernScores', 'P2', 1, (396, 397), (95,), (3.0,), (95,), (3.0,))
('K.227 KernScores', 'P2', 1, (404, 405), (97,), (1.0,), (97,), (1.0,))
('K.227 KernScores', 'P2', 1, (408, 409), (97,), (3.0,), (97,), (3.0,))
('K.227 KernScores', 'P2', 1, (416, 417), (99,), (1.0,), (99,), (1.0,))
('K.227 KernScores', 'P2', 1, (420, 421), (99,), (3.0,), (99,), (3.0,))
('K.227 KernScores', 'P2', 1, (422, 423), (100,), (1.0,), (100,), (1.0,))
('K.227 KernScores', 'P2', 1, (426, 427), (100,), (3.0,), (100,), (3.0,))
('K.227 KernScores', 'P2', 1, (434, 435), (102,), (1.0,), (102,), (1.0,))
('K.227 KernScores', 'P2', 1, (438, 439), (102,), (3.0,), (102,), (3.0,))
('K.227 KernScores', 'P2', 1, (446, 447), (104,), (1.0,), (104,), (1.0,))
('K.227 KernScores', 'P2', 1, (450, 451), (104,), (3.0,), (104,), (3.0,))
('K.227 KernScores', 'P2', 1, (458, 459), (106,), (1.0,), (106,), (1.0,))
('K.227 KernScores', 'P2', 1, (464, 465), (107,), (1.0,), (107,), (1.0,))
('K.227 KernScores', 'P2', 1, (470, 471), (108,), (1.0,), (108,), (1.0,))
('K.227 KernScores', 'P2', 1, (476, 477), (109,), (1.0,), (109,), (1.0,))
('K.227 KernScores', 'P2', 1, (482, 483), (110,), (1.0,), (110,), (1.0,))
('K.227 KernScores', 'P2', 1, (488, 489), (111,), (1.0,), (111,), (1.0,))
('K.227 KernScores', 'P2', 1, (494, 495), (112,), (1.0,), (112,), (1.0,))
('K.227 KernScores', 'P2', 1, (498, 499), (112,), (3.0,), (112,), (3.0,))
('K.227 KernScores', 'P2', 1, (506, 507), (114,), (1.0,), (114,), (1.0,))
('K.227 KernScores', 'P2', 1, (510, 511), (114,), (3.0,), (114,), (3.0,))
('K.227 KernScores', 'P2', 1, (518, 519), (116,), (1.0,), (116,), (1.0,))
('K.227 KernScores', 'P2', 1, (520, 521), (116,), (2.0,), (116,), (2.0,))
('K.227 KernScores', 'P2', 1, (526, 527), (118,), (1.0,), (118,), (1.0,))
('K.227 KernScores', 'P2', 1, (528, 529), (118,), (2.0,), (118,), (2.0,))
('K.227 KernScores', 'P2', 1, (530, 531), (118,), (3.0,), (118,), (3.0,))
('K.227 KernScores', 'P2', 1, (532, 533), (119,), (1.0,), (119,), (1.0,))
('K.227 KernScores', 'P2', 1, (536, 537), (119,), (3.0,), (119,), (3.0,))
('K.227 KernScores', 'P2', 1, (544, 545), (121,), (1.0,), (121,), (1.0,))
('K.227 KernScores', 'P2', 1, (548, 549), (121,), (3.0,), (121,), (3.0,))
('K.227 KernScores', 'P2', 1, (556, 557), (123,), (1.0,), (123,), (1.0,))
('K.227 KernScores', 'P2', 1, (558, 559), (123,), (2.0,), (123,), (2.0,))

48.    ((-5,), (0.5,), (0.5,)):
('K.227 KernScores', 'P1', 1, (155, 156), (28,), (2.5,), (28,), (2.5,))
('K.227 KernScores', 'P2', 1, (87, 88), (23,), (2.5,), (23,), (2.5,))
('K.227 KernScores', 'P2', 1, (149, 150), (39,), (2.5,), (39,), (2.5,))
('K.227 KernScores', 'P2', 1, (173, 174), (46,), (2.5,), (46,), (2.5,))
('K.227 KernScores', 'P2', 1, (177, 178), (47,), (2.5,), (47,), (2.5,))
('K.227 KernScores', 'P2', 1, (189, 190), (50,), (2.5,), (50,), (2.5,))
('K.227 KernScores', 'P2', 1, (193, 194), (51,), (2.5,), (51,), (2.5,))
('K.227 KernScores', 'P2', 1, (196, 197), (52,), (2.5,), (52,), (2.5,))
('K.227 KernScores', 'P2', 1, (200, 201), (53,), (2.5,), (53,), (2.5,))
('K.227 KernScores', 'P2', 1, (212, 213), (56,), (2.5,), (56,), (2.5,))
('K.227 KernScores', 'P2', 1, (216, 217), (57,), (2.5,), (57,), (2.5,))
('K.227 KernScores', 'P2', 1, (286, 287), (69,), (2.5,), (69,), (2.5,))
('K.227 KernScores', 'P2', 1, (325, 326), (83,), (3.5,), (83,), (3.5,))
('K.227 KernScores', 'P2', 1, (329, 330), (84,), (2.5,), (84,), (2.5,))
('K.227 KernScores', 'P2', 1, (337, 338), (85,), (3.5,), (85,), (3.5,))
('K.227 KernScores', 'P2', 1, (341, 342), (86,), (2.5,), (86,), (2.5,))
('K.227 KernScores', 'P2', 1, (349, 350), (87,), (3.5,), (87,), (3.5,))
('K.227 KernScores', 'P2', 1, (361, 362), (89,), (3.5,), (89,), (3.5,))
('K.227 KernScores', 'P2', 1, (365, 366), (90,), (2.5,), (90,), (2.5,))
('K.227 KernScores', 'P2', 1, (373, 374), (91,), (3.5,), (91,), (3.5,))
('K.227 KernScores', 'P2', 1, (377, 378), (92,), (2.5,), (92,), (2.5,))
('K.227 KernScores', 'P2', 1, (385, 386), (93,), (3.5,), (93,), (3.5,))
('K.227 KernScores', 'P2', 1, (397, 398), (95,), (3.5,), (95,), (3.5,))
('K.227 KernScores', 'P2', 1, (401, 402), (96,), (2.5,), (96,), (2.5,))
('K.227 KernScores', 'P2', 1, (409, 410), (97,), (3.5,), (97,), (3.5,))
('K.227 KernScores', 'P2', 1, (413, 414), (98,), (2.5,), (98,), (2.5,))
('K.227 KernScores', 'P2', 1, (421, 422), (99,), (3.5,), (99,), (3.5,))
('K.227 KernScores', 'P2', 1, (427, 428), (100,), (3.5,), (100,), (3.5,))
('K.227 KernScores', 'P2', 1, (431, 432), (101,), (2.5,), (101,), (2.5,))
('K.227 KernScores', 'P2', 1, (439, 440), (102,), (3.5,), (102,), (3.5,))
('K.227 KernScores', 'P2', 1, (443, 444), (103,), (2.5,), (103,), (2.5,))
('K.227 KernScores', 'P2', 1, (451, 452), (104,), (3.5,), (104,), (3.5,))
('K.227 KernScores', 'P2', 1, (455, 456), (105,), (2.5,), (105,), (2.5,))
('K.227 KernScores', 'P2', 1, (461, 462), (106,), (2.5,), (106,), (2.5,))
('K.227 KernScores', 'P2', 1, (467, 468), (107,), (2.5,), (107,), (2.5,))
('K.227 KernScores', 'P2', 1, (473, 474), (108,), (2.5,), (108,), (2.5,))
('K.227 KernScores', 'P2', 1, (479, 480), (109,), (2.5,), (109,), (2.5,))
('K.227 KernScores', 'P2', 1, (485, 486), (110,), (2.5,), (110,), (2.5,))
('K.227 KernScores', 'P2', 1, (491, 492), (111,), (2.5,), (111,), (2.5,))
('K.227 KernScores', 'P2', 1, (499, 500), (112,), (3.5,), (112,), (3.5,))
('K.227 KernScores', 'P2', 1, (503, 504), (113,), (2.5,), (113,), (2.5,))
('K.227 KernScores', 'P2', 1, (511, 512), (114,), (3.5,), (114,), (3.5,))
('K.227 KernScores', 'P2', 1, (515, 516), (115,), (2.5,), (115,), (2.5,))
('K.227 KernScores', 'P2', 1, (537, 538), (119,), (3.5,), (119,), (3.5,))
('K.227 KernScores', 'P2', 1, (541, 542), (120,), (2.5,), (120,), (2.5,))
('K.227 KernScores', 'P2', 1, (549, 550), (121,), (3.5,), (121,), (3.5,))
('K.227 KernScores', 'P2', 1, (553, 554), (122,), (2.5,), (122,), (2.5,))

49.    ((-2,), (1.0,), (0.0,)):
('K.227 KernScores', 'P1', 1, (500, 501), (85,), (3.0,), (85,), (3.0,))
('K.227 KernScores', 'P1', 1, (505, 506), (87,), (3.0,), (87,), (3.0,))
('K.227 KernScores', 'P1', 1, (515, 516), (91,), (3.0,), (91,), (3.0,))
('K.227 KernScores', 'P1', 1, (520, 521), (93,), (3.0,), (93,), (3.0,))
('K.227 KernScores', 'P1', 1, (530, 531), (97,), (3.0,), (97,), (3.0,))
('K.227 KernScores', 'P1', 1, (535, 536), (99,), (3.0,), (99,), (3.0,))
('K.227 KernScores', 'P1', 1, (543, 544), (102,), (3.0,), (102,), (3.0,))
('K.227 KernScores', 'P1', 1, (548, 549), (104,), (3.0,), (104,), (3.0,))
('K.227 KernScores', 'P1', 1, (592, 593), (118,), (1.0,), (118,), (1.0,))
('K.227 KernScores', 'P1', 1, (593, 594), (118,), (2.0,), (118,), (2.0,))
('K.227 KernScores', 'P1', 1, (594, 595), (118,), (3.0,), (118,), (3.0,))
('K.227 KernScores', 'P1', 1, (620, 621), (126,), (2.0,), (126,), (2.0,))
('K.227 KernScores', 'P1', 1, (623, 624), (127,), (2.0,), (127,), (2.0,))
('K.227 KernScores', 'P1', 1, (626, 627), (128,), (2.0,), (128,), (2.0,))
('K.227 KernScores', 'P1', 1, (627, 628), (128,), (3.0,), (128,), (3.0,))
('K.227 KernScores', 'P1', 1, (630, 631), (129,), (2.0,), (129,), (2.0,))
('K.227 KernScores', 'P1', 1, (635, 636), (130,), (2.0,), (130,), (2.0,))
('K.227 KernScores', 'P1', 1, (636, 637), (130,), (3.0,), (130,), (3.0,))
('K.227 KernScores', 'P1', 1, (640, 641), (132,), (2.0,), (132,), (2.0,))
('K.227 KernScores', 'P1', 1, (641, 642), (132,), (3.0,), (132,), (3.0,))
('K.227 KernScores', 'P1', 1, (644, 645), (133,), (2.0,), (133,), (2.0,))
('K.227 KernScores', 'P1', 1, (647, 648), (134,), (2.0,), (134,), (2.0,))
('K.227 KernScores', 'P1', 1, (648, 649), (134,), (3.0,), (134,), (3.0,))
('K.227 KernScores', 'P1', 1, (651, 652), (135,), (2.0,), (135,), (2.0,))
('K.227 KernScores', 'P1', 1, (656, 657), (136,), (2.0,), (136,), (2.0,))
('K.227 KernScores', 'P1', 1, (657, 658), (136,), (3.0,), (136,), (3.0,))
('K.227 KernScores', 'P1', 2, (0, 1), (47,), (1.0,), (47,), (1.0,))
('K.227 KernScores', 'P1', 2, (2, 3), (48,), (1.0,), (48,), (1.0,))
('K.227 KernScores', 'P1', 2, (5, 6), (49,), (2.0,), (49,), (2.0,))
('K.227 KernScores', 'P1', 2, (8, 9), (53,), (1.0,), (53,), (1.0,))
('K.227 KernScores', 'P1', 2, (10, 11), (54,), (1.0,), (54,), (1.0,))
('K.227 KernScores', 'P1', 2, (13, 14), (55,), (2.0,), (55,), (2.0,))
('K.227 KernScores', 'P2', 1, (11, 12), (5,), (2.0,), (5,), (2.0,))
('K.227 KernScores', 'P2', 1, (38, 39), (13,), (1.0,), (13,), (1.0,))
('K.227 KernScores', 'P2', 1, (39, 40), (13,), (2.0,), (13,), (2.0,))
('K.227 KernScores', 'P2', 1, (48, 49), (15,), (1.0,), (15,), (1.0,))
('K.227 KernScores', 'P2', 1, (49, 50), (15,), (2.0,), (15,), (2.0,))
('K.227 KernScores', 'P2', 1, (563, 564), (124,), (3.0,), (124,), (3.0,))
('K.227 KernScores', 'P2', 2, (20, 21), (129,), (3.0,), (129,), (3.0,))
('K.227 KernScores', 'P2', 2, (33, 34), (135,), (3.0,), (135,), (3.0,))

50.    ((3,), (0.5,), (0.0,)):
('K.227 KernScores', 'P1', 1, (13, 14), (4,), (2.0,), (4,), (2.0,))
('K.227 KernScores', 'P1', 1, (29, 30), (7,), (2.0,), (7,), (2.0,))
('K.227 KernScores', 'P1', 1, (220, 221), (40,), (1.0,), (40,), (1.0,))
('K.227 KernScores', 'P1', 1, (261, 262), (47,), (2.0,), (47,), (2.0,))
('K.227 KernScores', 'P1', 1, (273, 274), (49,), (2.0,), (49,), (2.0,))
('K.227 KernScores', 'P1', 1, (279, 280), (50,), (2.0,), (50,), (2.0,))
('K.227 KernScores', 'P1', 1, (298, 299), (53,), (2.0,), (53,), (2.0,))
('K.227 KernScores', 'P1', 1, (310, 311), (55,), (2.0,), (55,), (2.0,))
('K.227 KernScores', 'P1', 1, (316, 317), (56,), (2.0,), (56,), (2.0,))
('K.227 KernScores', 'P1', 1, (405, 406), (67,), (2.0,), (67,), (2.0,))
('K.227 KernScores', 'P1', 1, (451, 452), (76,), (1.0,), (76,), (1.0,))
('K.227 KernScores', 'P2', 1, (328, 329), (84,), (2.0,), (84,), (2.0,))
('K.227 KernScores', 'P2', 1, (340, 341), (86,), (2.0,), (86,), (2.0,))
('K.227 KernScores', 'P2', 1, (352, 353), (88,), (2.0,), (88,), (2.0,))
('K.227 KernScores', 'P2', 1, (364, 365), (90,), (2.0,), (90,), (2.0,))
('K.227 KernScores', 'P2', 1, (376, 377), (92,), (2.0,), (92,), (2.0,))
('K.227 KernScores', 'P2', 1, (388, 389), (94,), (2.0,), (94,), (2.0,))
('K.227 KernScores', 'P2', 1, (400, 401), (96,), (2.0,), (96,), (2.0,))
('K.227 KernScores', 'P2', 1, (412, 413), (98,), (2.0,), (98,), (2.0,))
('K.227 KernScores', 'P2', 1, (430, 431), (101,), (2.0,), (101,), (2.0,))
('K.227 KernScores', 'P2', 1, (442, 443), (103,), (2.0,), (103,), (2.0,))
('K.227 KernScores', 'P2', 1, (454, 455), (105,), (2.0,), (105,), (2.0,))
('K.227 KernScores', 'P2', 1, (456, 457), (105,), (3.0,), (105,), (3.0,))
('K.227 KernScores', 'P2', 1, (460, 461), (106,), (2.0,), (106,), (2.0,))
('K.227 KernScores', 'P2', 1, (462, 463), (106,), (3.0,), (106,), (3.0,))
('K.227 KernScores', 'P2', 1, (466, 467), (107,), (2.0,), (107,), (2.0,))
('K.227 KernScores', 'P2', 1, (468, 469), (107,), (3.0,), (107,), (3.0,))
('K.227 KernScores', 'P2', 1, (472, 473), (108,), (2.0,), (108,), (2.0,))
('K.227 KernScores', 'P2', 1, (474, 475), (108,), (3.0,), (108,), (3.0,))
('K.227 KernScores', 'P2', 1, (478, 479), (109,), (2.0,), (109,), (2.0,))
('K.227 KernScores', 'P2', 1, (480, 481), (109,), (3.0,), (109,), (3.0,))
('K.227 KernScores', 'P2', 1, (484, 485), (110,), (2.0,), (110,), (2.0,))
('K.227 KernScores', 'P2', 1, (486, 487), (110,), (3.0,), (110,), (3.0,))
('K.227 KernScores', 'P2', 1, (490, 491), (111,), (2.0,), (111,), (2.0,))
('K.227 KernScores', 'P2', 1, (492, 493), (111,), (3.0,), (111,), (3.0,))
('K.227 KernScores', 'P2', 1, (502, 503), (113,), (2.0,), (113,), (2.0,))
('K.227 KernScores', 'P2', 1, (514, 515), (115,), (2.0,), (115,), (2.0,))
('K.227 KernScores', 'P2', 1, (540, 541), (120,), (2.0,), (120,), (2.0,))
('K.227 KernScores', 'P2', 1, (552, 553), (122,), (2.0,), (122,), (2.0,))

51.    ((5,), (0.5,), (0.0,)):
('K.227 KernScores', 'P1', 1, (267, 268), (48,), (2.0,), (48,), (2.0,))
('K.227 KernScores', 'P1', 1, (304, 305), (54,), (2.0,), (54,), (2.0,))
('K.227 KernScores', 'P1', 1, (662, 663), (137,), (3.0,), (137,), (3.0,))
('K.227 KernScores', 'P1', 1, (673, 674), (139,), (3.0,), (139,), (3.0,))
('K.227 KernScores', 'P2', 1, (326, 327), (84,), (1.0,), (84,), (1.0,))
('K.227 KernScores', 'P2', 1, (330, 331), (84,), (3.0,), (84,), (3.0,))
('K.227 KernScores', 'P2', 1, (338, 339), (86,), (1.0,), (86,), (1.0,))
('K.227 KernScores', 'P2', 1, (342, 343), (86,), (3.0,), (86,), (3.0,))
('K.227 KernScores', 'P2', 1, (350, 351), (88,), (1.0,), (88,), (1.0,))
('K.227 KernScores', 'P2', 1, (362, 363), (90,), (1.0,), (90,), (1.0,))
('K.227 KernScores', 'P2', 1, (366, 367), (90,), (3.0,), (90,), (3.0,))
('K.227 KernScores', 'P2', 1, (374, 375), (92,), (1.0,), (92,), (1.0,))
('K.227 KernScores', 'P2', 1, (378, 379), (92,), (3.0,), (92,), (3.0,))
('K.227 KernScores', 'P2', 1, (386, 387), (94,), (1.0,), (94,), (1.0,))
('K.227 KernScores', 'P2', 1, (398, 399), (96,), (1.0,), (96,), (1.0,))
('K.227 KernScores', 'P2', 1, (402, 403), (96,), (3.0,), (96,), (3.0,))
('K.227 KernScores', 'P2', 1, (410, 411), (98,), (1.0,), (98,), (1.0,))
('K.227 KernScores', 'P2', 1, (414, 415), (98,), (3.0,), (98,), (3.0,))
('K.227 KernScores', 'P2', 1, (428, 429), (101,), (1.0,), (101,), (1.0,))
('K.227 KernScores', 'P2', 1, (432, 433), (101,), (3.0,), (101,), (3.0,))
('K.227 KernScores', 'P2', 1, (440, 441), (103,), (1.0,), (103,), (1.0,))
('K.227 KernScores', 'P2', 1, (444, 445), (103,), (3.0,), (103,), (3.0,))
('K.227 KernScores', 'P2', 1, (452, 453), (105,), (1.0,), (105,), (1.0,))
('K.227 KernScores', 'P2', 1, (500, 501), (113,), (1.0,), (113,), (1.0,))
('K.227 KernScores', 'P2', 1, (504, 505), (113,), (3.0,), (113,), (3.0,))
('K.227 KernScores', 'P2', 1, (512, 513), (115,), (1.0,), (115,), (1.0,))
('K.227 KernScores', 'P2', 1, (516, 517), (115,), (3.0,), (115,), (3.0,))
('K.227 KernScores', 'P2', 1, (538, 539), (120,), (1.0,), (120,), (1.0,))
('K.227 KernScores', 'P2', 1, (542, 543), (120,), (3.0,), (120,), (3.0,))
('K.227 KernScores', 'P2', 1, (550, 551), (122,), (1.0,), (122,), (1.0,))
('K.227 KernScores', 'P2', 1, (554, 555), (122,), (3.0,), (122,), (3.0,))

52.    ((-3,), (0.5,), (0.5,)):
('K.227 KernScores', 'P1', 1, (167, 168), (32,), (2.5,), (32,), (2.5,))
('K.227 KernScores', 'P1', 1, (175, 176), (33,), (2.5,), (33,), (2.5,))
('K.227 KernScores', 'P1', 1, (196, 197), (36,), (2.5,), (36,), (2.5,))
('K.227 KernScores', 'P1', 1, (204, 205), (37,), (2.5,), (37,), (2.5,))
('K.227 KernScores', 'P1', 1, (233, 234), (41,), (2.5,), (41,), (2.5,))
('K.227 KernScores', 'P1', 1, (661, 662), (137,), (2.5,), (137,), (2.5,))
('K.227 KernScores', 'P1', 1, (672, 673), (139,), (2.5,), (139,), (2.5,))
('K.227 KernScores', 'P2', 1, (35, 36), (12,), (1.5,), (12,), (1.5,))
('K.227 KernScores', 'P2', 1, (327, 328), (84,), (1.5,), (84,), (1.5,))
('K.227 KernScores', 'P2', 1, (339, 340), (86,), (1.5,), (86,), (1.5,))
('K.227 KernScores', 'P2', 1, (351, 352), (88,), (1.5,), (88,), (1.5,))
('K.227 KernScores', 'P2', 1, (363, 364), (90,), (1.5,), (90,), (1.5,))
('K.227 KernScores', 'P2', 1, (375, 376), (92,), (1.5,), (92,), (1.5,))
('K.227 KernScores', 'P2', 1, (387, 388), (94,), (1.5,), (94,), (1.5,))
('K.227 KernScores', 'P2', 1, (399, 400), (96,), (1.5,), (96,), (1.5,))
('K.227 KernScores', 'P2', 1, (411, 412), (98,), (1.5,), (98,), (1.5,))
('K.227 KernScores', 'P2', 1, (429, 430), (101,), (1.5,), (101,), (1.5,))
('K.227 KernScores', 'P2', 1, (441, 442), (103,), (1.5,), (103,), (1.5,))
('K.227 KernScores', 'P2', 1, (453, 454), (105,), (1.5,), (105,), (1.5,))
('K.227 KernScores', 'P2', 1, (459, 460), (106,), (1.5,), (106,), (1.5,))
('K.227 KernScores', 'P2', 1, (465, 466), (107,), (1.5,), (107,), (1.5,))
('K.227 KernScores', 'P2', 1, (471, 472), (108,), (1.5,), (108,), (1.5,))
('K.227 KernScores', 'P2', 1, (477, 478), (109,), (1.5,), (109,), (1.5,))
('K.227 KernScores', 'P2', 1, (483, 484), (110,), (1.5,), (110,), (1.5,))
('K.227 KernScores', 'P2', 1, (489, 490), (111,), (1.5,), (111,), (1.5,))
('K.227 KernScores', 'P2', 1, (501, 502), (113,), (1.5,), (113,), (1.5,))
('K.227 KernScores', 'P2', 1, (513, 514), (115,), (1.5,), (115,), (1.5,))
('K.227 KernScores', 'P2', 1, (539, 540), (120,), (1.5,), (120,), (1.5,))
('K.227 KernScores', 'P2', 1, (551, 552), (122,), (1.5,), (122,), (1.5,))

53.    ((6,), (0.5,), (0.0,)):
('K.227 KernScores', 'P1', 1, (122, 123), (24,), (1.0,), (24,), (1.0,))
('K.227 KernScores', 'P1', 1, (328, 329), (58,), (1.0,), (58,), (1.0,))
('K.227 KernScores', 'P2', 1, (172, 173), (46,), (2.0,), (46,), (2.0,))
('K.227 KernScores', 'P2', 1, (174, 175), (47,), (1.0,), (47,), (1.0,))
('K.227 KernScores', 'P2', 1, (178, 179), (48,), (1.0,), (48,), (1.0,))
('K.227 KernScores', 'P2', 1, (195, 196), (52,), (2.0,), (52,), (2.0,))
('K.227 KernScores', 'P2', 1, (197, 198), (53,), (1.0,), (53,), (1.0,))
('K.227 KernScores', 'P2', 1, (201, 202), (54,), (1.0,), (54,), (1.0,))
('K.227 KernScores', 'P2', 1, (322, 323), (83,), (2.0,), (83,), (2.0,))
('K.227 KernScores', 'P2', 1, (334, 335), (85,), (2.0,), (85,), (2.0,))
('K.227 KernScores', 'P2', 1, (346, 347), (87,), (2.0,), (87,), (2.0,))
('K.227 KernScores', 'P2', 1, (354, 355), (88,), (3.0,), (88,), (3.0,))
('K.227 KernScores', 'P2', 1, (358, 359), (89,), (2.0,), (89,), (2.0,))
('K.227 KernScores', 'P2', 1, (370, 371), (91,), (2.0,), (91,), (2.0,))
('K.227 KernScores', 'P2', 1, (382, 383), (93,), (2.0,), (93,), (2.0,))
('K.227 KernScores', 'P2', 1, (390, 391), (94,), (3.0,), (94,), (3.0,))
('K.227 KernScores', 'P2', 1, (394, 395), (95,), (2.0,), (95,), (2.0,))
('K.227 KernScores', 'P2', 1, (406, 407), (97,), (2.0,), (97,), (2.0,))
('K.227 KernScores', 'P2', 1, (418, 419), (99,), (2.0,), (99,), (2.0,))
('K.227 KernScores', 'P2', 1, (424, 425), (100,), (2.0,), (100,), (2.0,))
('K.227 KernScores', 'P2', 1, (436, 437), (102,), (2.0,), (102,), (2.0,))
('K.227 KernScores', 'P2', 1, (448, 449), (104,), (2.0,), (104,), (2.0,))
('K.227 KernScores', 'P2', 1, (496, 497), (112,), (2.0,), (112,), (2.0,))
('K.227 KernScores', 'P2', 1, (508, 509), (114,), (2.0,), (114,), (2.0,))
('K.227 KernScores', 'P2', 1, (522, 523), (116,), (3.0,), (116,), (3.0,))
('K.227 KernScores', 'P2', 1, (534, 535), (119,), (2.0,), (119,), (2.0,))
('K.227 KernScores', 'P2', 1, (546, 547), (121,), (2.0,), (121,), (2.0,))
('K.227 KernScores', 'P2', 1, (560, 561), (123,), (3.0,), (123,), (3.0,))

54.    ((3,), (1.0,), (0.0,)):
('K.227 KernScores', 'P1', 1, (493, 494), (83,), (1.0,), (83,), (1.0,))
('K.227 KernScores', 'P1', 1, (497, 498), (84,), (2.0,), (84,), (2.0,))
('K.227 KernScores', 'P1', 1, (502, 503), (86,), (2.0,), (86,), (2.0,))
('K.227 KernScores', 'P1', 1, (506, 507), (88,), (1.0,), (88,), (1.0,))
('K.227 KernScores', 'P1', 1, (507, 508), (88,), (2.0,), (88,), (2.0,))
('K.227 KernScores', 'P1', 1, (512, 513), (90,), (2.0,), (90,), (2.0,))
('K.227 KernScores', 'P1', 1, (517, 518), (92,), (2.0,), (92,), (2.0,))
('K.227 KernScores', 'P1', 1, (521, 522), (94,), (1.0,), (94,), (1.0,))
('K.227 KernScores', 'P1', 1, (522, 523), (94,), (2.0,), (94,), (2.0,))
('K.227 KernScores', 'P1', 1, (527, 528), (96,), (2.0,), (96,), (2.0,))
('K.227 KernScores', 'P1', 1, (532, 533), (98,), (2.0,), (98,), (2.0,))
('K.227 KernScores', 'P1', 1, (536, 537), (100,), (1.0,), (100,), (1.0,))
('K.227 KernScores', 'P1', 1, (540, 541), (101,), (2.0,), (101,), (2.0,))
('K.227 KernScores', 'P1', 1, (545, 546), (103,), (2.0,), (103,), (2.0,))
('K.227 KernScores', 'P1', 1, (549, 550), (105,), (1.0,), (105,), (1.0,))
('K.227 KernScores', 'P1', 1, (570, 571), (112,), (1.0,), (112,), (1.0,))
('K.227 KernScores', 'P1', 1, (582, 583), (116,), (1.0,), (116,), (1.0,))
('K.227 KernScores', 'P1', 1, (595, 596), (119,), (1.0,), (119,), (1.0,))
('K.227 KernScores', 'P1', 1, (607, 608), (123,), (1.0,), (123,), (1.0,))
('K.227 KernScores', 'P1', 1, (681, 682), (141,), (1.0,), (141,), (1.0,))
('K.227 KernScores', 'P1', 1, (682, 683), (141,), (2.0,), (141,), (2.0,))
('K.227 KernScores', 'P1', 2, (3, 4), (48,), (2.0,), (48,), (2.0,))
('K.227 KernScores', 'P1', 2, (11, 12), (54,), (2.0,), (54,), (2.0,))
('K.227 KernScores', 'P2', 1, (128, 129), (32,), (1.0,), (32,), (1.0,))
('K.227 KernScores', 'P2', 1, (139, 140), (36,), (1.0,), (36,), (1.0,))
('K.227 KernScores', 'P2', 1, (301, 302), (75,), (2.0,), (75,), (2.0,))

55.    ((2,), (0.5,), (0.5,)):
('K.227 KernScores', 'P1', 1, (14, 15), (4,), (2.5,), (4,), (2.5,))
('K.227 KernScores', 'P1', 1, (26, 27), (6,), (2.5,), (6,), (2.5,))
('K.227 KernScores', 'P1', 1, (30, 31), (7,), (2.5,), (7,), (2.5,))
('K.227 KernScores', 'P1', 1, (32, 33), (8,), (1.5,), (8,), (1.5,))
('K.227 KernScores', 'P1', 1, (113, 114), (22,), (2.5,), (22,), (2.5,))
('K.227 KernScores', 'P1', 1, (249, 250), (44,), (2.5,), (44,), (2.5,))
('K.227 KernScores', 'P1', 1, (260, 261), (47,), (1.5,), (47,), (1.5,))
('K.227 KernScores', 'P1', 1, (266, 267), (48,), (1.5,), (48,), (1.5,))
('K.227 KernScores', 'P1', 1, (272, 273), (49,), (1.5,), (49,), (1.5,))
('K.227 KernScores', 'P1', 1, (278, 279), (50,), (1.5,), (50,), (1.5,))
('K.227 KernScores', 'P1', 1, (297, 298), (53,), (1.5,), (53,), (1.5,))
('K.227 KernScores', 'P1', 1, (303, 304), (54,), (1.5,), (54,), (1.5,))
('K.227 KernScores', 'P1', 1, (309, 310), (55,), (1.5,), (55,), (1.5,))
('K.227 KernScores', 'P1', 1, (315, 316), (56,), (1.5,), (56,), (1.5,))
('K.227 KernScores', 'P1', 1, (446, 447), (75,), (1.5,), (75,), (1.5,))
('K.227 KernScores', 'P1', 1, (468, 469), (78,), (3.5,), (78,), (3.5,))
('K.227 KernScores', 'P1', 1, (480, 481), (80,), (3.5,), (80,), (3.5,))
('K.227 KernScores', 'P1', 1, (663, 664), (137,), (3.5,), (137,), (3.5,))
('K.227 KernScores', 'P1', 1, (674, 675), (139,), (3.5,), (139,), (3.5,))
('K.227 KernScores', 'P2', 1, (136, 137), (35,), (1.5,), (35,), (1.5,))
('K.227 KernScores', 'P2', 1, (147, 148), (39,), (1.5,), (39,), (1.5,))

56.    ((-7,), (0.5,), (0.5,)):
('K.227 KernScores', 'P1', 1, (157, 158), (29,), (2.5,), (29,), (2.5,))
('K.227 KernScores', 'P1', 1, (159, 160), (30,), (2.5,), (30,), (2.5,))
('K.227 KernScores', 'P2', 1, (183, 184), (49,), (1.5,), (49,), (1.5,))
('K.227 KernScores', 'P2', 1, (187, 188), (50,), (1.5,), (50,), (1.5,))
('K.227 KernScores', 'P2', 1, (206, 207), (55,), (1.5,), (55,), (1.5,))
('K.227 KernScores', 'P2', 1, (210, 211), (56,), (1.5,), (56,), (1.5,))
('K.227 KernScores', 'P2', 1, (355, 356), (88,), (3.5,), (88,), (3.5,))
('K.227 KernScores', 'P2', 1, (391, 392), (94,), (3.5,), (94,), (3.5,))
('K.227 KernScores', 'P2', 1, (457, 458), (105,), (3.5,), (105,), (3.5,))
('K.227 KernScores', 'P2', 1, (463, 464), (106,), (3.5,), (106,), (3.5,))
('K.227 KernScores', 'P2', 1, (469, 470), (107,), (3.5,), (107,), (3.5,))
('K.227 KernScores', 'P2', 1, (475, 476), (108,), (3.5,), (108,), (3.5,))
('K.227 KernScores', 'P2', 1, (481, 482), (109,), (3.5,), (109,), (3.5,))
('K.227 KernScores', 'P2', 1, (487, 488), (110,), (3.5,), (110,), (3.5,))
('K.227 KernScores', 'P2', 1, (493, 494), (111,), (3.5,), (111,), (3.5,))

57.    ((-2,), (2.0,), (0.0,)):
('K.227 KernScores', 'P1', 1, (498, 499), (84,), (3.0,), (84,), (3.0,))
('K.227 KernScores', 'P1', 1, (503, 504), (86,), (3.0,), (86,), (3.0,))
('K.227 KernScores', 'P1', 1, (508, 509), (88,), (3.0,), (88,), (3.0,))
('K.227 KernScores', 'P1', 1, (513, 514), (90,), (3.0,), (90,), (3.0,))
('K.227 KernScores', 'P1', 1, (518, 519), (92,), (3.0,), (92,), (3.0,))
('K.227 KernScores', 'P1', 1, (523, 524), (94,), (3.0,), (94,), (3.0,))
('K.227 KernScores', 'P1', 1, (528, 529), (96,), (3.0,), (96,), (3.0,))
('K.227 KernScores', 'P1', 1, (533, 534), (98,), (3.0,), (98,), (3.0,))
('K.227 KernScores', 'P1', 1, (541, 542), (101,), (3.0,), (101,), (3.0,))
('K.227 KernScores', 'P1', 1, (546, 547), (103,), (3.0,), (103,), (3.0,))
('K.227 KernScores', 'P1', 2, (20, 21), (130,), (1.0,), (130,), (1.0,))
('K.227 KernScores', 'P1', 2, (24, 25), (136,), (1.0,), (136,), (1.0,))
('K.227 KernScores', 'P2', 2, (19, 20), (129,), (1.0,), (129,), (1.0,))
('K.227 KernScores', 'P2', 2, (32, 33), (135,), (1.0,), (135,), (1.0,))

58.    ((4,), (1.0,), (0.0,)):
('K.227 KernScores', 'P1', 1, (494, 495), (83,), (2.0,), (83,), (2.0,))
('K.227 KernScores', 'P1', 1, (537, 538), (100,), (2.0,), (100,), (2.0,))
('K.227 KernScores', 'P1', 1, (550, 551), (105,), (2.0,), (105,), (2.0,))
('K.227 KernScores', 'P1', 1, (553, 554), (106,), (2.0,), (106,), (2.0,))
('K.227 KernScores', 'P1', 1, (556, 557), (107,), (2.0,), (107,), (2.0,))
('K.227 KernScores', 'P1', 1, (559, 560), (108,), (2.0,), (108,), (2.0,))
('K.227 KernScores', 'P1', 1, (561, 562), (109,), (1.0,), (109,), (1.0,))
('K.227 KernScores', 'P1', 1, (564, 565), (110,), (1.0,), (110,), (1.0,))
('K.227 KernScores', 'P1', 1, (567, 568), (111,), (1.0,), (111,), (1.0,))
('K.227 KernScores', 'P2', 1, (579, 580), (138,), (3.0,), (138,), (3.0,))
('K.227 KernScores', 'P2', 1, (585, 586), (140,), (3.0,), (140,), (3.0,))

59.    ((-8,), (1.0,), (0.0,)):
('K.227 KernScores', 'P1', 1, (571, 572), (112,), (2.0,), (112,), (2.0,))
('K.227 KernScores', 'P1', 1, (577, 578), (114,), (2.0,), (114,), (2.0,))
('K.227 KernScores', 'P1', 1, (596, 597), (119,), (2.0,), (119,), (2.0,))
('K.227 KernScores', 'P1', 1, (602, 603), (121,), (2.0,), (121,), (2.0,))
('K.227 KernScores', 'P2', 1, (29, 30), (8,), (2.0,), (8,), (2.0,))
('K.227 KernScores', 'P2', 1, (31, 32), (9,), (2.0,), (9,), (2.0,))
('K.227 KernScores', 'P2', 1, (33, 34), (10,), (2.0,), (10,), (2.0,))
('K.227 KernScores', 'P2', 1, (169, 170), (45,), (1.0,), (45,), (1.0,))
('K.227 KernScores', 'P2', 1, (578, 579), (138,), (2.0,), (138,), (2.0,))
('K.227 KernScores', 'P2', 1, (584, 585), (140,), (2.0,), (140,), (2.0,))

60.    ((-5,), (1.0,), (0.0,)):
('K.227 KernScores', 'P1', 1, (72, 73), (14,), (2.0,), (14,), (2.0,))
('K.227 KernScores', 'P1', 1, (574, 575), (113,), (2.0,), (113,), (2.0,))
('K.227 KernScores', 'P1', 1, (580, 581), (115,), (2.0,), (115,), (2.0,))
('K.227 KernScores', 'P1', 1, (599, 600), (120,), (2.0,), (120,), (2.0,))
('K.227 KernScores', 'P1', 1, (605, 606), (122,), (2.0,), (122,), (2.0,))
('K.227 KernScores', 'P1', 1, (621, 622), (126,), (3.0,), (126,), (3.0,))
('K.227 KernScores', 'P2', 1, (170, 171), (45,), (2.0,), (45,), (2.0,))

61.    (((3, 2),), ((0.0, 1.0),), (0.0,)):
('K.227 KernScores', 'P1', 1, (583, 584), (116,), (2.0,), (116,), (2.0,))
('K.227 KernScores', 'P1', 1, (584, 585), (116,), (3.0,), (116,), (3.0,))
('K.227 KernScores', 'P1', 1, (608, 609), (123,), (2.0,), (123,), (2.0,))
('K.227 KernScores', 'P1', 1, (609, 610), (123,), (3.0,), (123,), (3.0,))
('K.227 KernScores', 'P2', 1, (524, 525), (117,), (2.0,), (117,), (2.0,))
('K.227 KernScores', 'P2', 1, (568, 569), (130,), (2.0,), (130,), (2.0,))
('K.227 KernScores', 'P2', 1, (574, 575), (136,), (2.0,), (136,), (2.0,))

62.    ((-2,), (0.5,), (0.5,)):
('K.227 KernScores', 'P1', 1, (12, 13), (4,), (1.5,), (4,), (1.5,))
('K.227 KernScores', 'P1', 1, (28, 29), (7,), (1.5,), (7,), (1.5,))
('K.227 KernScores', 'P1', 1, (103, 104), (20,), (2.5,), (20,), (2.5,))
('K.227 KernScores', 'P1', 1, (329, 330), (58,), (1.5,), (58,), (1.5,))
('K.227 KernScores', 'P2', 1, (521, 522), (116,), (2.5,), (116,), (2.5,))
('K.227 KernScores', 'P2', 1, (559, 560), (123,), (2.5,), (123,), (2.5,))

63.    ((1,), (6.0,), (0.0,)):
('K.227 KernScores', 'P1', 2, (18, 19), (126,), (1.0,), (126,), (1.0,))
('K.227 KernScores', 'P1', 2, (19, 20), (128,), (1.0,), (128,), (1.0,))
('K.227 KernScores', 'P1', 2, (22, 23), (132,), (1.0,), (132,), (1.0,))
('K.227 KernScores', 'P1', 2, (23, 24), (134,), (1.0,), (134,), (1.0,))
('K.227 KernScores', 'P2', 1, (564, 565), (125,), (1.0,), (125,), (1.0,))
('K.227 KernScores', 'P2', 1, (570, 571), (131,), (1.0,), (131,), (1.0,))

64.    ((-4,), (1.5,), (0.0,)):
('K.227 KernScores', 'P1', 1, (11, 12), (3,), (2.0,), (3,), (2.0,))
('K.227 KernScores', 'P1', 1, (255, 256), (46,), (1.0,), (46,), (1.0,))
('K.227 KernScores', 'P1', 1, (292, 293), (52,), (1.0,), (52,), (1.0,))
('K.227 KernScores', 'P2', 1, (590, 591), (142,), (1.0,), (142,), (1.0,))

65.    ((-3,), (1.0,), (0.0,)):
('K.227 KernScores', 'P1', 1, (495, 496), (83,), (3.0,), (83,), (3.0,))
('K.227 KernScores', 'P1', 1, (538, 539), (100,), (3.0,), (100,), (3.0,))
('K.227 KernScores', 'P1', 1, (560, 561), (108,), (3.0,), (108,), (3.0,))
('K.227 KernScores', 'P2', 1, (58, 59), (17,), (1.0,), (17,), (1.0,))

66.    ((3,), (0.5,), (0.5,)):
('K.227 KernScores', 'P1', 1, (9, 10), (2,), (2.5,), (2,), (2.5,))
('K.227 KernScores', 'P1', 1, (684, 685), (142,), (1.5,), (142,), (1.5,))
('K.227 KernScores', 'P2', 1, (97, 98), (28,), (1.5,), (28,), (1.5,))

67.    ((-5,), (0.5,), (0.0,)):
('K.227 KernScores', 'P1', 1, (27, 28), (7,), (1.0,), (7,), (1.0,))
('K.227 KernScores', 'P2', 1, (135, 136), (35,), (1.0,), (35,), (1.0,))
('K.227 KernScores', 'P2', 1, (146, 147), (39,), (1.0,), (39,), (1.0,))

68.    ((-3,), (1.5,), (0.0,)):
('K.227 KernScores', 'P1', 1, (683, 684), (141,), (3.0,), (141,), (3.0,))
('K.227 KernScores', 'P2', 1, (86, 87), (23,), (1.0,), (23,), (1.0,))

69.    ((-9,), (1.0,), (0.0,)):
('K.227 KernScores', 'P2', 1, (319, 320), (82,), (3.0,), (82,), (3.0,))
('K.227 KernScores', 'P2', 1, (525, 526), (117,), (3.0,), (117,), (3.0,))

70.    (((5, 2),), ((0.0, 1.0),), (0.0,)):
('K.227 KernScores', 'P2', 2, (6, 7), (117,), (1.0,), (117,), (1.0,))
('K.227 KernScores', 'P2', 2, (8, 9), (124,), (1.0,), (124,), (1.0,))

