1.    nomes:
K.52 KernScores

2.    quantidade:
1

3.    analise:
[('intDia', 'p1p2')] SemContInte Distancia: 0

1.    ((2, -2, 2, 2, 2, -2, -2, 2, -2, -2, 2, 2, -5, 4),):
('K.52 KernScores', 'P1', 2, (130, 144), (29,), (1.0,), (30,), (3.0,))
('K.52 KernScores', 'P1', 2, (154, 168), (32,), (3.0,), (34,), (1.0,))

2.    ((2, 2, 2, 4, -2, -2, -2, -2, -2),):
('K.52 KernScores', 'P1', 1, (146, 155), (27,), (2.0,), (28,), (2.5,))
('K.52 KernScores', 'P1', 1, (159, 168), (29,), (2.0,), (30,), (2.5,))

3.    ((2, 4, -2, -2, -2, -2, -2, -2, -2),):
('K.52 KernScores', 'P1', 1, (161, 170), (29,), (2.75,), (30,), (4.5,))
('K.52 KernScores', 'P1', 2, (85, 94), (18,), (1.5,), (19,), (3.0,))

4.    ((-2, -2, -2, -2, -2, -2, 2, 2, 2),):
('K.52 KernScores', 'P1', 1, (187, 196), (33,), (2.5,), (34,), (2.5,))
('K.52 KernScores', 'P2', 1, (1, 10), (1,), (1.5,), (2,), (1.5,))

5.    ((5, -2, -2, -2, 2, 2, 2, -2, -2),):
('K.52 KernScores', 'P1', 1, (208, 217), (36,), (2.5,), (37,), (3.5,))
('K.52 KernScores', 'P2', 1, (49, 58), (9,), (3.5,), (11,), (2.0,))

6.    ((-2, -2, 1, 2, 2, -2, -2, 2),):
('K.52 KernScores', 'P1', 1, (328, 336), (53,), (3.75,), (54,), (3.75,))
('K.52 KernScores', 'P1', 2, (276, 284), (50,), (2.0,), (53,), (4.5,))

7.    ((-2, -2, -2, -2, -2, -2, 2),):
('K.52 KernScores', 'P1', 1, (113, 120), (21,), (1.0,), (22,), (1.0,))
('K.52 KernScores', 'P1', 1, (164, 171), (30,), (1.0,), (30,), (4.75,))
('K.52 KernScores', 'P1', 1, (187, 194), (33,), (2.5,), (34,), (1.75,))
('K.52 KernScores', 'P1', 2, (89, 96), (18,), (3.0,), (19,), (4.75,))
('K.52 KernScores', 'P2', 1, (1, 8), (1,), (1.5,), (1,), (4.5,))
('K.52 KernScores', 'P2', 1, (92, 99), (19,), (1.0,), (19,), (4.75,))

8.    ((-2, 2, 2, 2, -2, -2, 2),):
('K.52 KernScores', 'P1', 1, (211, 218), (37,), (1.5,), (37,), (4.5,))
('K.52 KernScores', 'P1', 2, (131, 138), (29,), (1.5,), (29,), (4.5,))
('K.52 KernScores', 'P1', 2, (155, 162), (32,), (3.5,), (33,), (2.5,))

9.    ((-2, -2, 4, -2, 1, -2, -2),):
('K.52 KernScores', 'P1', 1, (21, 28), (6,), (3.0,), (7,), (3.5,))
('K.52 KernScores', 'P1', 1, (55, 62), (12,), (3.0,), (13,), (3.5,))

10.    ((2, 2, 2, 6, -2, -2, -2),):
('K.52 KernScores', 'P1', 1, (45, 52), (11,), (1.5,), (12,), (1.5,))
('K.52 KernScores', 'P1', 1, (107, 114), (20,), (1.5,), (21,), (1.0,))

11.    ((2, -4, 2, -3, 2, -4, 2),):
('K.52 KernScores', 'P1', 1, (76, 83), (15,), (3.5,), (16,), (2.5,))
('K.52 KernScores', 'P1', 1, (84, 91), (16,), (3.5,), (17,), (2.5,))

12.    (((3, 2), (3, -5), (3, 2, -2), (3, 4, 8), (3, 2), (3, -5), (3, 2, -2)),):
('K.52 KernScores', 'P1', 1, (305, 312), (50,), (3.5,), (51,), (2.5,))
('K.52 KernScores', 'P1', 1, (313, 320), (51,), (3.5,), (52,), (2.5,))

13.    ((2, 2, 2, -2, -2, -2, -2),):
('K.52 KernScores', 'P1', 1, (279, 286), (47,), (2.0,), (47,), (4.5,))
('K.52 KernScores', 'P1', 2, (251, 258), (47,), (1.5,), (47,), (3.75,))

14.    ((2, 2, 2, 2, 2, -2, -2),):
('K.52 KernScores', 'P1', 1, (259, 266), (43,), (3.75,), (44,), (3.5,))
('K.52 KernScores', 'P2', 2, (23, 30), (9,), (4.0,), (11,), (2.0,))

15.    ((2, 2, 2, -2, 2, 2, -5),):
('K.52 KernScores', 'P1', 2, (24, 31), (6,), (2.5,), (7,), (2.5,))
('K.52 KernScores', 'P1', 2, (47, 54), (11,), (2.0,), (12,), (3.0,))

16.    ((-2, -2, -2, -2, -2, -2, 4),):
('K.52 KernScores', 'P1', 2, (244, 251), (45,), (3.5,), (47,), (1.0,))
('K.52 KernScores', 'P1', 2, (254, 261), (47,), (3.0,), (48,), (1.0,))

17.    ((-2, 2, 2, 2, 2, 2, 2),):
('K.52 KernScores', 'P1', 2, (20, 27), (5,), (4.0,), (6,), (3.5,))
('K.52 KernScores', 'P2', 1, (6, 13), (1,), (4.0,), (2,), (3.0,))

18.    ((-2, 2, 2, 2, -2, -2),):
('K.52 KernScores', 'P1', 1, (211, 217), (37,), (1.5,), (37,), (3.5,))
('K.52 KernScores', 'P1', 2, (131, 137), (29,), (1.5,), (29,), (4.0,))
('K.52 KernScores', 'P1', 2, (155, 161), (32,), (3.5,), (33,), (2.0,))
('K.52 KernScores', 'P2', 1, (52, 58), (10,), (2.5,), (11,), (2.0,))

19.    ((2, 2, 2, 2, 2, -2),):
('K.52 KernScores', 'P1', 1, (259, 265), (43,), (3.75,), (44,), (2.0,))
('K.52 KernScores', 'P1', 1, (266, 272), (44,), (3.75,), (45,), (2.0,))
('K.52 KernScores', 'P1', 2, (22, 28), (6,), (1.5,), (6,), (4.0,))
('K.52 KernScores', 'P2', 2, (23, 29), (9,), (4.0,), (11,), (1.5,))

20.    ((2, 2, 2, -2, -2, 2),):
('K.52 KernScores', 'P1', 1, (193, 199), (34,), (1.75,), (34,), (4.5,))
('K.52 KernScores', 'P1', 1, (261, 267), (43,), (4.5,), (44,), (3.75,))
('K.52 KernScores', 'P1', 2, (116, 122), (27,), (2.0,), (27,), (4.5,))

21.    ((4, -2, -2, -2, -2, 2),):
('K.52 KernScores', 'P1', 1, (34, 40), (9,), (1.0,), (10,), (1.0,))
('K.52 KernScores', 'P1', 1, (64, 70), (13,), (4.5,), (14,), (4.0,))

22.    ((-2, 2, -2, -2, -2, -2),):
('K.52 KernScores', 'P1', 1, (100, 106), (18,), (4.0,), (19,), (4.0,))
('K.52 KernScores', 'P1', 1, (296, 302), (49,), (2.5,), (49,), (4.5,))

23.    (((3, 2), (3, 2), (3, -2), (3, -2), (3, 4), 2),):
('K.52 KernScores', 'P1', 1, (139, 145), (26,), (2.0,), (27,), (1.0,))
('K.52 KernScores', 'P1', 1, (338, 344), (55,), (1.0,), (55,), (4.0,))

24.    ((-2, -2, -2, 2, 2, -5),):
('K.52 KernScores', 'P1', 1, (49, 55), (11,), (3.5,), (12,), (2.5,))
('K.52 KernScores', 'P1', 2, (36, 42), (8,), (2.5,), (9,), (2.5,))

25.    ((-2, -2, 2, 4, -2, -2),):
('K.52 KernScores', 'P1', 1, (173, 179), (31,), (2.5,), (32,), (1.5,))
('K.52 KernScores', 'P1', 2, (147, 153), (31,), (4.0,), (32,), (2.5,))

26.    ((2, 2, -5, -2, -2, -2),):
('K.52 KernScores', 'P1', 2, (67, 73), (15,), (4.0,), (16,), (2.5,))
('K.52 KernScores', 'P1', 2, (75, 81), (16,), (4.0,), (17,), (2.5,))

27.    ((2, 2, 2, 2, -2, 1),):
('K.52 KernScores', 'P1', 2, (232, 238), (43,), (3.5,), (44,), (2.5,))
('K.52 KernScores', 'P1', 2, (238, 244), (44,), (4.0,), (45,), (2.5,))

28.    ((2, 2, 2, 2, 2),):
('K.52 KernScores', 'P1', 1, (43, 48), (10,), (4.75,), (11,), (2.5,))
('K.52 KernScores', 'P1', 1, (144, 149), (27,), (1.0,), (27,), (2.75,))
('K.52 KernScores', 'P1', 1, (249, 254), (42,), (3.0,), (42,), (4.75,))
('K.52 KernScores', 'P1', 1, (259, 264), (43,), (3.75,), (44,), (1.5,))
('K.52 KernScores', 'P1', 1, (266, 271), (44,), (3.75,), (45,), (1.5,))
('K.52 KernScores', 'P1', 2, (21, 26), (6,), (1.0,), (6,), (3.0,))
('K.52 KernScores', 'P1', 2, (64, 69), (15,), (2.0,), (15,), (4.5,))
('K.52 KernScores', 'P2', 1, (7, 12), (1,), (4.5,), (2,), (2.5,))
('K.52 KernScores', 'P2', 2, (23, 28), (9,), (4.0,), (10,), (4.0,))

29.    ((4, -2, 2, 2, 2),):
('K.52 KernScores', 'P1', 1, (224, 229), (39,), (1.5,), (39,), (4.0,))
('K.52 KernScores', 'P1', 1, (247, 252), (42,), (1.0,), (42,), (4.0,))

30.    ((2, -3, -2, -2, -2),):
('K.52 KernScores', 'P1', 1, (253, 258), (42,), (4.75,), (43,), (2.5,))
('K.52 KernScores', 'P1', 2, (269, 274), (49,), (2.75,), (49,), (4.5,))

31.    ((4, 1, 1, 1, 1),):
('K.52 KernScores', 'P1', 2, (109, 114), (22,), (4.0,), (25,), (1.0,))
('K.52 KernScores', 'P2', 1, (109, 114), (22,), (4.5,), (23,), (4.0,))

32.    ((-2, -2, 2, -3, -2),):
('K.52 KernScores', 'P1', 2, (267, 272), (49,), (1.5,), (49,), (3.5,))
('K.52 KernScores', 'P2', 1, (96, 101), (19,), (3.0,), (21,), (1.0,))

33.    ((1, -2, -2, -2, -2),):
('K.52 KernScores', 'P1', 2, (243, 248), (45,), (2.5,), (46,), (2.0,))
('K.52 KernScores', 'P2', 2, (59, 64), (19,), (4.0,), (20,), (2.5,))

34.    ((2, 2, -8, 2, 2),):
('K.52 KernScores', 'P2', 1, (86, 91), (17,), (3.5,), (18,), (2.0,))
('K.52 KernScores', 'P2', 2, (12, 17), (8,), (2.0,), (8,), (4.0,))

35.    ((-2, -2, -2, -2, (3, 3, 2, 2)),):
('K.52 KernScores', 'P2', 2, (0, 5), (5,), (1.0,), (5,), (3.0,))
('K.52 KernScores', 'P2', 2, (60, 65), (20,), (1.0,), (20,), (3.0,))

36.    ((-2, -2, -2, -2),):
('K.52 KernScores', 'P1', 1, (29, 33), (8,), (1.0,), (8,), (3.0,))
('K.52 KernScores', 'P1', 1, (35, 39), (9,), (1.5,), (9,), (4.0,))
('K.52 KernScores', 'P1', 1, (65, 69), (14,), (1.0,), (14,), (3.5,))
('K.52 KernScores', 'P1', 1, (111, 115), (20,), (3.5,), (21,), (1.5,))
('K.52 KernScores', 'P1', 1, (115, 119), (21,), (2.5,), (21,), (4.0,))
('K.52 KernScores', 'P1', 1, (150, 154), (27,), (4.5,), (28,), (2.0,))
('K.52 KernScores', 'P1', 1, (163, 167), (29,), (4.5,), (30,), (2.0,))
('K.52 KernScores', 'P1', 1, (187, 191), (33,), (2.5,), (33,), (4.0,))
('K.52 KernScores', 'P1', 1, (255, 259), (43,), (1.5,), (43,), (3.5,))
('K.52 KernScores', 'P1', 2, (35, 39), (8,), (1.5,), (8,), (4.5,))
('K.52 KernScores', 'P1', 2, (87, 91), (18,), (2.5,), (19,), (1.5,))
('K.52 KernScores', 'P1', 2, (91, 95), (19,), (2.5,), (19,), (4.5,))
('K.52 KernScores', 'P1', 2, (244, 248), (45,), (3.5,), (46,), (2.0,))
('K.52 KernScores', 'P1', 2, (256, 260), (47,), (3.5,), (47,), (4.5,))
('K.52 KernScores', 'P2', 1, (1, 5), (1,), (1.5,), (1,), (3.0,))
('K.52 KernScores', 'P2', 1, (92, 96), (19,), (1.0,), (19,), (2.75,))
('K.52 KernScores', 'P2', 2, (0, 4), (5,), (1.0,), (5,), (2.5,))
('K.52 KernScores', 'P2', 2, (60, 64), (20,), (1.0,), (20,), (2.5,))

37.    ((-2, -2, 4, -2),):
('K.52 KernScores', 'P1', 1, (21, 25), (6,), (3.0,), (7,), (1.5,))
('K.52 KernScores', 'P1', 1, (55, 59), (12,), (3.0,), (13,), (1.5,))
('K.52 KernScores', 'P1', 2, (258, 262), (47,), (4.0,), (48,), (1.5,))

38.    ((-2, -2, 2, 4),):
('K.52 KernScores', 'P1', 1, (201, 205), (35,), (3.0,), (35,), (4.0,))
('K.52 KernScores', 'P1', 1, (230, 234), (40,), (1.0,), (40,), (2.0,))
('K.52 KernScores', 'P1', 2, (195, 199), (37,), (4.0,), (38,), (2.0,))

39.    ((4, -2, -2, -2),):
('K.52 KernScores', 'P1', 1, (171, 175), (31,), (1.0,), (31,), (3.5,))
('K.52 KernScores', 'P1', 2, (42, 46), (9,), (3.0,), (10,), (1.5,))
('K.52 KernScores', 'P2', 1, (63, 67), (13,), (3.0,), (14,), (2.0,))

40.    (((4, 3, -3), (3, 2), (3, 2), (3, 2)),):
('K.52 KernScores', 'P1', 1, (133, 137), (25,), (3.0,), (25,), (4.5,))
('K.52 KernScores', 'P1', 1, (349, 353), (56,), (3.0,), (56,), (4.5,))

41.    ((2, 2, -2, 2),):
('K.52 KernScores', 'P1', 1, (4, 8), (2,), (3.0,), (3,), (1.5,))
('K.52 KernScores', 'P1', 2, (16, 20), (5,), (1.5,), (5,), (3.0,))

42.    ((4, -5, 4, -2),):
('K.52 KernScores', 'P1', 1, (245, 249), (41,), (4.0,), (42,), (2.5,))
('K.52 KernScores', 'P1', 2, (167, 171), (34,), (1.0,), (34,), (3.0,))

43.    ((-2, 3, -2, -2),):
('K.52 KernScores', 'P1', 2, (145, 149), (30,), (4.5,), (31,), (4.5,))
('K.52 KernScores', 'P1', 2, (293, 297), (55,), (4.5,), (56,), (2.25,))

44.    ((1, 4, -2, -2),):
('K.52 KernScores', 'P1', 2, (174, 178), (35,), (1.0,), (35,), (3.5,))
('K.52 KernScores', 'P2', 1, (62, 66), (13,), (1.0,), (14,), (1.5,))

45.    ((4, -2, -2, 4),):
('K.52 KernScores', 'P1', 2, (169, 173), (34,), (2.5,), (34,), (4.0,))
('K.52 KernScores', 'P2', 2, (6, 10), (6,), (1.0,), (6,), (2.5,))

46.    ((2, 2, 2, 1),):
('K.52 KernScores', 'P1', 2, (221, 225), (42,), (1.75,), (42,), (3.0,))
('K.52 KernScores', 'P2', 2, (37, 41), (13,), (1.5,), (13,), (3.0,))

47.    ((8, -2, -2, -2),):
('K.52 KernScores', 'P2', 1, (20, 24), (3,), (3.0,), (3,), (4.5,))
('K.52 KernScores', 'P2', 1, (91, 95), (18,), (3.0,), (19,), (2.5,))

48.    ((-8, -2, -2, -2),):
('K.52 KernScores', 'P2', 1, (73, 77), (16,), (1.0,), (16,), (2.5,))
('K.52 KernScores', 'P2', 1, (81, 85), (17,), (1.0,), (17,), (2.5,))

49.    ((2, 2, -3, 4),):
('K.52 KernScores', 'P2', 1, (12, 16), (2,), (3.0,), (2,), (4.5,))
('K.52 KernScores', 'P2', 2, (45, 49), (15,), (2.0,), (15,), (3.5,))

50.    ((5, 2, 2, 2),):
('K.52 KernScores', 'P2', 1, (102, 106), (22,), (1.0,), (22,), (2.5,))
('K.52 KernScores', 'P2', 2, (22, 26), (9,), (3.0,), (10,), (2.0,))

51.    ((-8, 2, 2, 2),):
('K.52 KernScores', 'P2', 2, (18, 22), (9,), (1.0,), (9,), (2.5,))
('K.52 KernScores', 'P2', 2, (36, 40), (13,), (1.0,), (13,), (2.5,))

52.    ((-2, -2, 2),):
('K.52 KernScores', 'P1', 1, (60, 63), (13,), (3.0,), (13,), (3.75,))
('K.52 KernScores', 'P1', 1, (201, 204), (35,), (3.0,), (35,), (3.75,))
('K.52 KernScores', 'P1', 1, (221, 224), (38,), (3.0,), (38,), (4.0,))
('K.52 KernScores', 'P1', 1, (230, 233), (40,), (1.0,), (40,), (1.75,))
('K.52 KernScores', 'P1', 1, (325, 328), (53,), (1.5,), (53,), (3.5,))
('K.52 KernScores', 'P1', 2, (98, 101), (20,), (4.0,), (21,), (1.5,))
('K.52 KernScores', 'P1', 2, (101, 104), (21,), (2.0,), (21,), (4.5,))
('K.52 KernScores', 'P1', 2, (119, 122), (27,), (3.5,), (27,), (4.5,))
('K.52 KernScores', 'P1', 2, (128, 131), (28,), (3.5,), (29,), (1.0,))
('K.52 KernScores', 'P1', 2, (147, 150), (31,), (4.0,), (31,), (4.75,))
('K.52 KernScores', 'P1', 2, (176, 179), (35,), (2.0,), (35,), (3.75,))
('K.52 KernScores', 'P1', 2, (195, 198), (37,), (4.0,), (38,), (1.75,))
('K.52 KernScores', 'P1', 2, (207, 210), (39,), (4.5,), (40,), (1.75,))
('K.52 KernScores', 'P1', 2, (210, 213), (40,), (2.0,), (40,), (3.75,))
('K.52 KernScores', 'P1', 2, (213, 216), (40,), (4.0,), (41,), (1.75,))
('K.52 KernScores', 'P1', 2, (216, 219), (41,), (2.0,), (41,), (3.75,))
('K.52 KernScores', 'P1', 2, (267, 270), (49,), (1.5,), (49,), (2.75,))
('K.52 KernScores', 'P1', 2, (281, 284), (53,), (2.5,), (53,), (4.5,))
('K.52 KernScores', 'P2', 1, (69, 72), (14,), (3.5,), (14,), (4.5,))

53.    ((-2, -2, -2),):
('K.52 KernScores', 'P1', 1, (49, 52), (11,), (3.5,), (12,), (1.5,))
('K.52 KernScores', 'P1', 1, (167, 170), (30,), (2.5,), (30,), (4.5,))
('K.52 KernScores', 'P1', 1, (209, 212), (36,), (3.5,), (37,), (1.5,))
('K.52 KernScores', 'P1', 2, (3, 6), (2,), (3.0,), (3,), (1.0,))
('K.52 KernScores', 'P1', 2, (70, 73), (16,), (1.5,), (16,), (2.5,))
('K.52 KernScores', 'P1', 2, (78, 81), (17,), (1.5,), (17,), (2.5,))
('K.52 KernScores', 'P1', 2, (271, 274), (49,), (3.5,), (49,), (4.5,))
('K.52 KernScores', 'P1', 2, (295, 298), (56,), (2.0,), (56,), (2.5,))
('K.52 KernScores', 'P2', 1, (21, 24), (3,), (3.5,), (3,), (4.5,))
('K.52 KernScores', 'P2', 1, (50, 53), (9,), (4.5,), (10,), (2.5,))
('K.52 KernScores', 'P2', 1, (74, 77), (16,), (1.5,), (16,), (2.5,))
('K.52 KernScores', 'P2', 1, (82, 85), (17,), (1.5,), (17,), (2.5,))
('K.52 KernScores', 'P2', 2, (28, 31), (11,), (1.5,), (11,), (2.5,))

54.    ((2, 2, 2),):
('K.52 KernScores', 'P1', 1, (107, 110), (20,), (1.5,), (20,), (2.5,))
('K.52 KernScores', 'P1', 1, (159, 162), (29,), (2.0,), (29,), (2.75,))
('K.52 KernScores', 'P1', 1, (226, 229), (39,), (3.5,), (39,), (4.0,))
('K.52 KernScores', 'P1', 2, (181, 184), (36,), (1.75,), (36,), (2.5,))
('K.52 KernScores', 'P1', 2, (221, 224), (42,), (1.75,), (42,), (2.5,))
('K.52 KernScores', 'P2', 1, (35, 38), (7,), (1.5,), (7,), (2.5,))
('K.52 KernScores', 'P2', 1, (103, 106), (22,), (1.5,), (22,), (2.5,))
('K.52 KernScores', 'P2', 2, (11, 14), (8,), (1.5,), (8,), (2.5,))
('K.52 KernScores', 'P2', 2, (15, 18), (8,), (3.5,), (8,), (4.5,))
('K.52 KernScores', 'P2', 2, (19, 22), (9,), (1.5,), (9,), (2.5,))
('K.52 KernScores', 'P2', 2, (37, 40), (13,), (1.5,), (13,), (2.5,))
('K.52 KernScores', 'P2', 2, (66, 69), (21,), (1.0,), (21,), (2.0,))

55.    ((4, -2, -2),):
('K.52 KernScores', 'P1', 1, (171, 174), (31,), (1.0,), (31,), (2.5,))
('K.52 KernScores', 'P1', 1, (176, 179), (31,), (4.0,), (32,), (1.5,))
('K.52 KernScores', 'P1', 2, (42, 45), (9,), (3.0,), (9,), (4.5,))
('K.52 KernScores', 'P1', 2, (127, 130), (28,), (3.0,), (28,), (4.5,))
('K.52 KernScores', 'P1', 2, (143, 146), (30,), (3.0,), (30,), (4.5,))
('K.52 KernScores', 'P1', 2, (150, 153), (32,), (1.0,), (32,), (2.5,))
('K.52 KernScores', 'P1', 2, (169, 172), (34,), (2.5,), (34,), (3.5,))
('K.52 KernScores', 'P1', 2, (175, 178), (35,), (1.5,), (35,), (3.5,))
('K.52 KernScores', 'P1', 2, (189, 192), (37,), (1.0,), (37,), (2.5,))
('K.52 KernScores', 'P2', 1, (63, 66), (13,), (3.0,), (14,), (1.5,))
('K.52 KernScores', 'P2', 2, (6, 9), (6,), (1.0,), (6,), (2.0,))

56.    ((1, -2, -2),):
('K.52 KernScores', 'P1', 1, (25, 28), (7,), (2.5,), (7,), (3.5,))
('K.52 KernScores', 'P1', 1, (59, 62), (13,), (2.5,), (13,), (3.5,))
('K.52 KernScores', 'P1', 2, (106, 109), (22,), (2.5,), (22,), (3.5,))
('K.52 KernScores', 'P1', 2, (206, 209), (39,), (3.5,), (40,), (1.5,))
('K.52 KernScores', 'P1', 2, (243, 246), (45,), (2.5,), (45,), (4.0,))
('K.52 KernScores', 'P1', 2, (266, 269), (49,), (1.0,), (49,), (2.5,))
('K.52 KernScores', 'P2', 2, (59, 62), (19,), (4.0,), (20,), (1.5,))

57.    ((-2, -2, 4),):
('K.52 KernScores', 'P1', 1, (32, 35), (8,), (3.0,), (9,), (1.0,))
('K.52 KernScores', 'P1', 1, (55, 58), (12,), (3.0,), (13,), (1.0,))
('K.52 KernScores', 'P1', 2, (170, 173), (34,), (3.0,), (34,), (4.0,))
('K.52 KernScores', 'P1', 2, (248, 251), (46,), (3.0,), (47,), (1.0,))
('K.52 KernScores', 'P1', 2, (258, 261), (47,), (4.0,), (48,), (1.0,))
('K.52 KernScores', 'P2', 2, (7, 10), (6,), (1.5,), (6,), (2.5,))

58.    (((3, 2), (3, 2), (3, 2)),):
('K.52 KernScores', 'P1', 1, (134, 137), (25,), (3.5,), (25,), (4.5,))
('K.52 KernScores', 'P1', 1, (138, 141), (26,), (1.5,), (26,), (2.5,))
('K.52 KernScores', 'P1', 1, (350, 353), (56,), (3.5,), (56,), (4.5,))
('K.52 KernScores', 'P2', 1, (27, 30), (4,), (2.5,), (4,), (4.0,))

59.    ((2, 2, 4),):
('K.52 KernScores', 'P1', 1, (147, 150), (27,), (2.5,), (27,), (3.0,))
('K.52 KernScores', 'P1', 1, (160, 163), (29,), (2.5,), (29,), (3.0,))
('K.52 KernScores', 'P1', 1, (184, 187), (32,), (4.5,), (33,), (1.0,))
('K.52 KernScores', 'P2', 1, (39, 42), (7,), (3.5,), (7,), (4.5,))

60.    ((-2, -2, -3),):
('K.52 KernScores', 'P1', 1, (26, 29), (7,), (3.0,), (7,), (4.0,))
('K.52 KernScores', 'P1', 1, (96, 99), (18,), (1.5,), (18,), (3.5,))
('K.52 KernScores', 'P1', 2, (4, 7), (2,), (4.5,), (3,), (2.0,))

61.    ((2, 2, -3),):
('K.52 KernScores', 'P1', 1, (252, 255), (42,), (4.5,), (43,), (1.0,))
('K.52 KernScores', 'P2', 1, (12, 15), (2,), (3.0,), (2,), (4.0,))
('K.52 KernScores', 'P2', 2, (45, 48), (15,), (2.0,), (15,), (3.0,))

62.    ((-6, 2, 2),):
('K.52 KernScores', 'P1', 2, (115, 118), (27,), (1.0,), (27,), (2.5,))
('K.52 KernScores', 'P2', 1, (16, 19), (3,), (1.0,), (3,), (2.0,))
('K.52 KernScores', 'P2', 1, (38, 41), (7,), (3.0,), (7,), (4.0,))

63.    ((4, 2, 2),):
('K.52 KernScores', 'P1', 2, (250, 253), (47,), (1.0,), (47,), (2.5,))
('K.52 KernScores', 'P2', 1, (78, 81), (16,), (3.5,), (16,), (4.5,))
('K.52 KernScores', 'P2', 2, (44, 47), (15,), (1.5,), (15,), (2.5,))

64.    ((-2, 3, -2),):
('K.52 KernScores', 'P1', 1, (11, 14), (4,), (4.5,), (5,), (1.0,))
('K.52 KernScores', 'P1', 2, (293, 296), (55,), (4.5,), (56,), (2.0,))

65.    (((3, -2), (3, -2), (3, 2)),):
('K.52 KernScores', 'P1', 1, (275, 278), (46,), (2.5,), (46,), (4.5,))
('K.52 KernScores', 'P2', 1, (24, 27), (4,), (1.0,), (4,), (2.0,))

66.    ((-3, 2, 2),):
('K.52 KernScores', 'P1', 2, (63, 66), (15,), (1.0,), (15,), (2.5,))
('K.52 KernScores', 'P1', 2, (228, 231), (43,), (1.0,), (43,), (2.75,))

67.    ((-2, 4, 1),):
('K.52 KernScores', 'P1', 2, (108, 111), (22,), (3.5,), (23,), (3.0,))
('K.52 KernScores', 'P1', 2, (204, 207), (39,), (2.0,), (39,), (3.5,))

68.    ((6, 2, 2),):
('K.52 KernScores', 'P1', 2, (74, 77), (16,), (3.5,), (16,), (4.5,))
('K.52 KernScores', 'P2', 2, (51, 54), (18,), (3.0,), (18,), (4.0,))

69.    ((2, 2, -8),):
('K.52 KernScores', 'P2', 1, (79, 82), (16,), (4.0,), (17,), (1.0,))
('K.52 KernScores', 'P2', 2, (55, 58), (19,), (1.0,), (19,), (3.0,))

70.    ((-3, 4, 2),):
('K.52 KernScores', 'P2', 2, (43, 46), (15,), (1.0,), (15,), (2.0,))
('K.52 KernScores', 'P2', 2, (47, 50), (15,), (3.0,), (15,), (4.0,))

71.    ((-2, -2),):
('K.52 KernScores', 'P1', 1, (15, 17), (5,), (3.5,), (5,), (4.5,))
('K.52 KernScores', 'P1', 1, (26, 28), (7,), (3.0,), (7,), (3.5,))
('K.52 KernScores', 'P1', 1, (55, 57), (12,), (3.0,), (12,), (4.5,))
('K.52 KernScores', 'P1', 1, (60, 62), (13,), (3.0,), (13,), (3.5,))
('K.52 KernScores', 'P1', 1, (96, 98), (18,), (1.5,), (18,), (2.5,))
('K.52 KernScores', 'P1', 1, (191, 193), (33,), (4.5,), (34,), (1.5,))
('K.52 KernScores', 'P1', 1, (201, 203), (35,), (3.0,), (35,), (3.5,))
('K.52 KernScores', 'P1', 1, (230, 232), (40,), (1.0,), (40,), (1.5,))
('K.52 KernScores', 'P1', 1, (264, 266), (44,), (2.0,), (44,), (3.5,))
('K.52 KernScores', 'P1', 1, (284, 286), (47,), (4.0,), (47,), (4.5,))
('K.52 KernScores', 'P1', 1, (301, 303), (49,), (4.5,), (50,), (1.0,))
('K.52 KernScores', 'P1', 1, (325, 327), (53,), (1.5,), (53,), (2.5,))
('K.52 KernScores', 'P1', 1, (346, 348), (56,), (1.5,), (56,), (2.5,))
('K.52 KernScores', 'P1', 2, (107, 109), (22,), (3.0,), (22,), (3.5,))
('K.52 KernScores', 'P1', 2, (147, 149), (31,), (4.0,), (31,), (4.5,))
('K.52 KernScores', 'P1', 2, (207, 209), (39,), (4.5,), (40,), (1.5,))
('K.52 KernScores', 'P1', 2, (248, 250), (46,), (3.0,), (46,), (4.0,))
('K.52 KernScores', 'P1', 2, (267, 269), (49,), (1.5,), (49,), (2.5,))
('K.52 KernScores', 'P2', 1, (5, 7), (1,), (3.5,), (1,), (4.0,))
('K.52 KernScores', 'P2', 1, (69, 71), (14,), (3.5,), (14,), (4.0,))
('K.52 KernScores', 'P2', 1, (96, 98), (19,), (3.0,), (19,), (4.5,))
('K.52 KernScores', 'P2', 2, (33, 35), (12,), (1.5,), (12,), (2.0,))

72.    ((2, 2),):
('K.52 KernScores', 'P1', 1, (52, 54), (12,), (1.75,), (12,), (2.0,))
('K.52 KernScores', 'P1', 1, (184, 186), (32,), (4.5,), (32,), (4.75,))
('K.52 KernScores', 'P1', 1, (198, 200), (34,), (4.5,), (35,), (1.0,))
('K.52 KernScores', 'P1', 2, (28, 30), (7,), (1.5,), (7,), (2.0,))
('K.52 KernScores', 'P1', 2, (39, 41), (9,), (1.5,), (9,), (2.0,))
('K.52 KernScores', 'P1', 2, (51, 53), (12,), (1.0,), (12,), (2.5,))
('K.52 KernScores', 'P1', 2, (75, 77), (16,), (4.0,), (16,), (4.5,))
('K.52 KernScores', 'P1', 2, (124, 126), (28,), (1.75,), (28,), (2.0,))
('K.52 KernScores', 'P1', 2, (140, 142), (30,), (1.75,), (30,), (2.0,))
('K.52 KernScores', 'P1', 2, (164, 166), (33,), (3.75,), (33,), (4.0,))
('K.52 KernScores', 'P1', 2, (229, 231), (43,), (2.5,), (43,), (2.75,))
('K.52 KernScores', 'P2', 1, (12, 14), (2,), (3.0,), (2,), (3.5,))
('K.52 KernScores', 'P2', 1, (17, 19), (3,), (1.5,), (3,), (2.0,))
('K.52 KernScores', 'P2', 1, (39, 41), (7,), (3.5,), (7,), (4.0,))
('K.52 KernScores', 'P2', 1, (79, 81), (16,), (4.0,), (16,), (4.5,))
('K.52 KernScores', 'P2', 1, (86, 88), (17,), (3.5,), (17,), (4.0,))
('K.52 KernScores', 'P2', 1, (89, 91), (18,), (1.5,), (18,), (2.0,))
('K.52 KernScores', 'P2', 2, (45, 47), (15,), (2.0,), (15,), (2.5,))
('K.52 KernScores', 'P2', 2, (52, 54), (18,), (3.5,), (18,), (4.0,))
('K.52 KernScores', 'P2', 2, (55, 57), (19,), (1.0,), (19,), (2.0,))

73.    ((2, 4),):
('K.52 KernScores', 'P1', 1, (148, 150), (27,), (2.75,), (27,), (3.0,))
('K.52 KernScores', 'P1', 1, (161, 163), (29,), (2.75,), (29,), (3.0,))
('K.52 KernScores', 'P1', 1, (175, 177), (31,), (3.75,), (31,), (4.0,))
('K.52 KernScores', 'P1', 2, (85, 87), (18,), (1.5,), (18,), (2.0,))
('K.52 KernScores', 'P2', 1, (40, 42), (7,), (4.0,), (7,), (4.5,))

74.    ((4, 1),):
('K.52 KernScores', 'P1', 1, (204, 206), (35,), (4.0,), (35,), (4.5,))
('K.52 KernScores', 'P1', 2, (109, 111), (22,), (4.0,), (23,), (3.0,))
('K.52 KernScores', 'P1', 2, (205, 207), (39,), (3.0,), (39,), (3.5,))
('K.52 KernScores', 'P2', 1, (109, 111), (22,), (4.5,), (23,), (1.0,))
('K.52 KernScores', 'P2', 2, (58, 60), (19,), (3.5,), (19,), (4.0,))

75.    ((2, 1),):
('K.52 KernScores', 'P1', 1, (7, 9), (3,), (1.5,), (3,), (2.5,))
('K.52 KernScores', 'P1', 2, (95, 97), (19,), (4.75,), (20,), (1.0,))
('K.52 KernScores', 'P1', 2, (223, 225), (42,), (2.5,), (42,), (3.0,))
('K.52 KernScores', 'P1', 2, (226, 228), (42,), (4.0,), (42,), (4.5,))
('K.52 KernScores', 'P2', 2, (39, 41), (13,), (2.5,), (13,), (3.0,))

76.    ((2, 5),):
('K.52 KernScores', 'P1', 1, (82, 84), (16,), (2.5,), (16,), (3.0,))
('K.52 KernScores', 'P1', 1, (94, 96), (17,), (4.5,), (18,), (1.0,))
('K.52 KernScores', 'P1', 1, (289, 291), (48,), (2.5,), (48,), (3.0,))
('K.52 KernScores', 'P2', 1, (71, 73), (14,), (4.5,), (15,), (1.0,))
('K.52 KernScores', 'P2', 2, (21, 23), (9,), (2.5,), (9,), (3.0,))

77.    ((2, -4),):
('K.52 KernScores', 'P1', 1, (69, 71), (14,), (4.0,), (14,), (4.5,))
('K.52 KernScores', 'P1', 1, (72, 74), (15,), (1.5,), (15,), (2.0,))
('K.52 KernScores', 'P1', 1, (199, 201), (35,), (1.0,), (35,), (2.5,))
('K.52 KernScores', 'P1', 2, (103, 105), (21,), (4.5,), (22,), (1.0,))

78.    ((2, 3),):
('K.52 KernScores', 'P1', 1, (62, 64), (13,), (3.75,), (13,), (4.0,))
('K.52 KernScores', 'P1', 2, (183, 185), (36,), (2.5,), (36,), (3.0,))
('K.52 KernScores', 'P1', 2, (186, 188), (36,), (3.75,), (36,), (4.0,))
('K.52 KernScores', 'P2', 2, (41, 43), (14,), (1.0,), (14,), (3.0,))

79.    ((6, 2),):
('K.52 KernScores', 'P1', 1, (75, 77), (15,), (3.0,), (15,), (3.5,))
('K.52 KernScores', 'P1', 1, (91, 93), (17,), (3.0,), (17,), (3.5,))
('K.52 KernScores', 'P1', 2, (74, 76), (16,), (3.5,), (16,), (4.0,))
('K.52 KernScores', 'P2', 2, (51, 53), (18,), (3.0,), (18,), (3.5,))

80.    ((-2, -4),):
('K.52 KernScores', 'P1', 1, (157, 159), (28,), (4.0,), (29,), (1.0,))
('K.52 KernScores', 'P1', 1, (271, 273), (45,), (2.0,), (45,), (3.5,))
('K.52 KernScores', 'P2', 1, (66, 68), (14,), (2.0,), (14,), (2.5,))

81.    (((3, -2), (3, 3, -3)),):
('K.52 KernScores', 'P1', 1, (127, 129), (23,), (3.5,), (23,), (4.5,))
('K.52 KernScores', 'P1', 1, (131, 133), (25,), (1.5,), (25,), (2.5,))

82.    (((4, 3, 2), (4, 3, 2)),):
('K.52 KernScores', 'P1', 1, (1, 3), (1,), (2.5,), (1,), (3.0,))
('K.52 KernScores', 'P1', 2, (8, 10), (3,), (3.0,), (3,), (4.5,))

83.    ((-5, -2),):
('K.52 KernScores', 'P1', 1, (242, 244), (41,), (2.5,), (41,), (3.0,))
('K.52 KernScores', 'P1', 2, (34, 36), (8,), (1.0,), (8,), (1.5,))

84.    ((-2, (3, 2)),):
('K.52 KernScores', 'P1', 1, (337, 339), (54,), (4.5,), (55,), (1.0,))
('K.52 KernScores', 'P1', 2, (264, 266), (48,), (3.5,), (48,), (4.5,))

85.    ((-2, 6),):
('K.52 KernScores', 'P1', 1, (13, 15), (5,), (1.0,), (5,), (3.0,))
('K.52 KernScores', 'P2', 1, (76, 78), (16,), (2.5,), (16,), (3.0,))

86.    ((2, -6),):
('K.52 KernScores', 'P1', 1, (303, 305), (50,), (2.5,), (50,), (3.0,))
('K.52 KernScores', 'P2', 1, (37, 39), (7,), (2.5,), (7,), (3.0,))

87.    ((2, -7),):
('K.52 KernScores', 'P1', 1, (343, 345), (55,), (4.0,), (55,), (4.5,))
('K.52 KernScores', 'P2', 2, (53, 55), (18,), (4.0,), (18,), (4.5,))

88.    ((-8, 5),):
('K.52 KernScores', 'P2', 1, (30, 32), (5,), (1.0,), (6,), (1.0,))
('K.52 KernScores', 'P2', 1, (106, 108), (22,), (3.0,), (22,), (3.5,))

89.    ((2,),):
('K.52 KernScores', 'P1', 1, (7, 8), (3,), (1.5,), (3,), (1.5,))
('K.52 KernScores', 'P1', 1, (17, 18), (6,), (1.0,), (6,), (1.0,))
('K.52 KernScores', 'P1', 1, (62, 63), (13,), (3.75,), (13,), (3.75,))
('K.52 KernScores', 'P1', 1, (69, 70), (14,), (4.0,), (14,), (4.0,))
('K.52 KernScores', 'P1', 1, (72, 73), (15,), (1.5,), (15,), (1.5,))
('K.52 KernScores', 'P1', 1, (76, 77), (15,), (3.5,), (15,), (3.5,))
('K.52 KernScores', 'P1', 1, (80, 81), (16,), (1.5,), (16,), (1.5,))
('K.52 KernScores', 'P1', 1, (82, 83), (16,), (2.5,), (16,), (2.5,))
('K.52 KernScores', 'P1', 1, (84, 85), (16,), (3.5,), (16,), (3.5,))
('K.52 KernScores', 'P1', 1, (88, 89), (17,), (1.5,), (17,), (1.5,))
('K.52 KernScores', 'P1', 1, (90, 91), (17,), (2.5,), (17,), (2.5,))
('K.52 KernScores', 'P1', 1, (94, 95), (17,), (4.5,), (17,), (4.5,))
('K.52 KernScores', 'P1', 1, (170, 171), (30,), (4.75,), (30,), (4.75,))
('K.52 KernScores', 'P1', 1, (175, 176), (31,), (3.75,), (31,), (3.75,))
('K.52 KernScores', 'P1', 1, (203, 204), (35,), (3.75,), (35,), (3.75,))
('K.52 KernScores', 'P1', 1, (217, 218), (37,), (4.5,), (37,), (4.5,))
('K.52 KernScores', 'P1', 1, (223, 224), (38,), (4.0,), (38,), (4.0,))
('K.52 KernScores', 'P1', 1, (232, 233), (40,), (1.75,), (40,), (1.75,))
('K.52 KernScores', 'P1', 1, (236, 237), (40,), (3.75,), (40,), (3.75,))
('K.52 KernScores', 'P1', 1, (240, 241), (41,), (1.75,), (41,), (1.75,))
('K.52 KernScores', 'P1', 1, (244, 245), (41,), (3.75,), (41,), (3.75,))
('K.52 KernScores', 'P1', 1, (278, 279), (47,), (1.5,), (47,), (1.5,))
('K.52 KernScores', 'P1', 1, (287, 288), (48,), (1.5,), (48,), (1.5,))
('K.52 KernScores', 'P1', 1, (289, 290), (48,), (2.5,), (48,), (2.5,))
('K.52 KernScores', 'P1', 1, (291, 292), (48,), (3.5,), (48,), (3.5,))
('K.52 KernScores', 'P1', 1, (303, 304), (50,), (2.5,), (50,), (2.5,))
('K.52 KernScores', 'P1', 1, (343, 344), (55,), (4.0,), (55,), (4.0,))
('K.52 KernScores', 'P1', 2, (85, 86), (18,), (1.5,), (18,), (1.5,))
('K.52 KernScores', 'P1', 2, (95, 96), (19,), (4.75,), (19,), (4.75,))
('K.52 KernScores', 'P1', 2, (103, 104), (21,), (4.5,), (21,), (4.5,))
('K.52 KernScores', 'P1', 2, (149, 150), (31,), (4.75,), (31,), (4.75,))
('K.52 KernScores', 'P1', 2, (186, 187), (36,), (3.75,), (36,), (3.75,))
('K.52 KernScores', 'P1', 2, (197, 198), (38,), (1.75,), (38,), (1.75,))
('K.52 KernScores', 'P1', 2, (226, 227), (42,), (4.0,), (42,), (4.0,))
('K.52 KernScores', 'P2', 1, (71, 72), (14,), (4.5,), (14,), (4.5,))
('K.52 KernScores', 'P2', 2, (41, 42), (14,), (1.0,), (14,), (1.0,))

90.    ((1,),):
('K.52 KernScores', 'P1', 1, (8, 9), (3,), (2.5,), (3,), (2.5,))
('K.52 KernScores', 'P1', 1, (25, 26), (7,), (2.5,), (7,), (2.5,))
('K.52 KernScores', 'P1', 1, (59, 60), (13,), (2.5,), (13,), (2.5,))
('K.52 KernScores', 'P1', 1, (74, 75), (15,), (2.5,), (15,), (2.5,))
('K.52 KernScores', 'P1', 1, (330, 331), (53,), (4.5,), (53,), (4.5,))
('K.52 KernScores', 'P1', 2, (96, 97), (20,), (1.0,), (20,), (1.0,))
('K.52 KernScores', 'P1', 2, (106, 107), (22,), (2.5,), (22,), (2.5,))
('K.52 KernScores', 'P1', 2, (111, 112), (23,), (4.0,), (23,), (4.0,))
('K.52 KernScores', 'P1', 2, (112, 113), (24,), (1.0,), (24,), (1.0,))
('K.52 KernScores', 'P1', 2, (113, 114), (25,), (1.0,), (25,), (1.0,))
('K.52 KernScores', 'P1', 2, (174, 175), (35,), (1.0,), (35,), (1.0,))
('K.52 KernScores', 'P1', 2, (200, 201), (38,), (3.0,), (38,), (3.0,))
('K.52 KernScores', 'P1', 2, (224, 225), (42,), (3.0,), (42,), (3.0,))
('K.52 KernScores', 'P1', 2, (227, 228), (42,), (4.5,), (42,), (4.5,))
('K.52 KernScores', 'P1', 2, (237, 238), (44,), (2.5,), (44,), (2.5,))
('K.52 KernScores', 'P1', 2, (243, 244), (45,), (2.5,), (45,), (2.5,))
('K.52 KernScores', 'P1', 2, (266, 267), (49,), (1.0,), (49,), (1.0,))
('K.52 KernScores', 'P1', 2, (278, 279), (50,), (3.0,), (50,), (3.0,))
('K.52 KernScores', 'P1', 2, (289, 290), (55,), (1.0,), (55,), (1.0,))
('K.52 KernScores', 'P1', 2, (290, 291), (55,), (2.0,), (55,), (2.0,))
('K.52 KernScores', 'P1', 2, (291, 292), (55,), (3.0,), (55,), (3.0,))
('K.52 KernScores', 'P2', 1, (62, 63), (13,), (1.0,), (13,), (1.0,))
('K.52 KernScores', 'P2', 1, (111, 112), (23,), (2.0,), (23,), (2.0,))
('K.52 KernScores', 'P2', 1, (112, 113), (23,), (3.0,), (23,), (3.0,))
('K.52 KernScores', 'P2', 1, (113, 114), (23,), (4.0,), (23,), (4.0,))
('K.52 KernScores', 'P2', 2, (40, 41), (13,), (3.0,), (13,), (3.0,))

91.    (((3, 2),),):
('K.52 KernScores', 'P1', 1, (134, 135), (25,), (3.5,), (25,), (3.5,))
('K.52 KernScores', 'P1', 1, (135, 136), (25,), (4.0,), (25,), (4.0,))
('K.52 KernScores', 'P1', 1, (136, 137), (25,), (4.5,), (25,), (4.5,))
('K.52 KernScores', 'P1', 1, (138, 139), (26,), (1.5,), (26,), (1.5,))
('K.52 KernScores', 'P1', 1, (139, 140), (26,), (2.0,), (26,), (2.0,))
('K.52 KernScores', 'P1', 1, (140, 141), (26,), (2.5,), (26,), (2.5,))
('K.52 KernScores', 'P1', 1, (277, 278), (46,), (4.5,), (46,), (4.5,))
('K.52 KernScores', 'P1', 1, (305, 306), (50,), (3.5,), (50,), (3.5,))
('K.52 KernScores', 'P1', 1, (309, 310), (51,), (1.5,), (51,), (1.5,))
('K.52 KernScores', 'P1', 1, (313, 314), (51,), (3.5,), (51,), (3.5,))
('K.52 KernScores', 'P1', 1, (317, 318), (52,), (1.5,), (52,), (1.5,))
('K.52 KernScores', 'P1', 1, (338, 339), (55,), (1.0,), (55,), (1.0,))
('K.52 KernScores', 'P1', 1, (339, 340), (55,), (1.5,), (55,), (1.5,))
('K.52 KernScores', 'P1', 1, (350, 351), (56,), (3.5,), (56,), (3.5,))
('K.52 KernScores', 'P1', 1, (351, 352), (56,), (4.0,), (56,), (4.0,))
('K.52 KernScores', 'P1', 1, (352, 353), (56,), (4.5,), (56,), (4.5,))
('K.52 KernScores', 'P1', 2, (15, 16), (5,), (1.0,), (5,), (1.0,))
('K.52 KernScores', 'P1', 2, (262, 263), (48,), (2.5,), (48,), (2.5,))
('K.52 KernScores', 'P1', 2, (265, 266), (48,), (4.5,), (48,), (4.5,))
('K.52 KernScores', 'P2', 1, (26, 27), (4,), (2.0,), (4,), (2.0,))
('K.52 KernScores', 'P2', 1, (27, 28), (4,), (2.5,), (4,), (2.5,))
('K.52 KernScores', 'P2', 1, (28, 29), (4,), (3.0,), (4,), (3.0,))
('K.52 KernScores', 'P2', 1, (29, 30), (4,), (4.0,), (4,), (4.0,))

92.    ((4,),):
('K.52 KernScores', 'P1', 1, (34, 35), (9,), (1.0,), (9,), (1.0,))
('K.52 KernScores', 'P1', 1, (64, 65), (13,), (4.5,), (13,), (4.5,))
('K.52 KernScores', 'P1', 1, (121, 122), (22,), (3.0,), (22,), (3.0,))
('K.52 KernScores', 'P1', 1, (149, 150), (27,), (3.0,), (27,), (3.0,))
('K.52 KernScores', 'P1', 1, (162, 163), (29,), (3.0,), (29,), (3.0,))
('K.52 KernScores', 'P1', 1, (186, 187), (33,), (1.0,), (33,), (1.0,))
('K.52 KernScores', 'P1', 1, (207, 208), (36,), (1.5,), (36,), (1.5,))
('K.52 KernScores', 'P1', 1, (233, 234), (40,), (2.0,), (40,), (2.0,))
('K.52 KernScores', 'P1', 1, (237, 238), (40,), (4.0,), (40,), (4.0,))
('K.52 KernScores', 'P1', 1, (241, 242), (41,), (2.0,), (41,), (2.0,))
('K.52 KernScores', 'P1', 1, (245, 246), (41,), (4.0,), (41,), (4.0,))
('K.52 KernScores', 'P1', 2, (86, 87), (18,), (2.0,), (18,), (2.0,))
('K.52 KernScores', 'P1', 2, (167, 168), (34,), (1.0,), (34,), (1.0,))
('K.52 KernScores', 'P1', 2, (172, 173), (34,), (4.0,), (34,), (4.0,))
('K.52 KernScores', 'P1', 2, (198, 199), (38,), (2.0,), (38,), (2.0,))
('K.52 KernScores', 'P1', 2, (250, 251), (47,), (1.0,), (47,), (1.0,))
('K.52 KernScores', 'P2', 1, (15, 16), (2,), (4.5,), (2,), (4.5,))
('K.52 KernScores', 'P2', 1, (41, 42), (7,), (4.5,), (7,), (4.5,))
('K.52 KernScores', 'P2', 1, (78, 79), (16,), (3.5,), (16,), (3.5,))
('K.52 KernScores', 'P2', 2, (9, 10), (6,), (2.5,), (6,), (2.5,))
('K.52 KernScores', 'P2', 2, (44, 45), (15,), (1.5,), (15,), (1.5,))
('K.52 KernScores', 'P2', 2, (48, 49), (15,), (3.5,), (15,), (3.5,))

93.    ((-4,),):
('K.52 KernScores', 'P1', 1, (70, 71), (14,), (4.5,), (14,), (4.5,))
('K.52 KernScores', 'P1', 1, (73, 74), (15,), (2.0,), (15,), (2.0,))
('K.52 KernScores', 'P1', 1, (77, 78), (15,), (4.0,), (15,), (4.0,))
('K.52 KernScores', 'P1', 1, (81, 82), (16,), (2.0,), (16,), (2.0,))
('K.52 KernScores', 'P1', 1, (85, 86), (16,), (4.0,), (16,), (4.0,))
('K.52 KernScores', 'P1', 1, (89, 90), (17,), (2.0,), (17,), (2.0,))
('K.52 KernScores', 'P1', 1, (158, 159), (29,), (1.0,), (29,), (1.0,))
('K.52 KernScores', 'P1', 1, (200, 201), (35,), (2.5,), (35,), (2.5,))
('K.52 KernScores', 'P1', 1, (218, 219), (38,), (1.0,), (38,), (1.0,))
('K.52 KernScores', 'P1', 1, (229, 230), (39,), (4.5,), (39,), (4.5,))
('K.52 KernScores', 'P1', 1, (272, 273), (45,), (3.5,), (45,), (3.5,))
('K.52 KernScores', 'P1', 1, (288, 289), (48,), (2.0,), (48,), (2.0,))
('K.52 KernScores', 'P1', 1, (292, 293), (48,), (4.0,), (48,), (4.0,))
('K.52 KernScores', 'P1', 2, (104, 105), (22,), (1.0,), (22,), (1.0,))
('K.52 KernScores', 'P1', 2, (199, 200), (38,), (2.5,), (38,), (2.5,))
('K.52 KernScores', 'P1', 2, (231, 232), (43,), (3.0,), (43,), (3.0,))
('K.52 KernScores', 'P2', 1, (67, 68), (14,), (2.5,), (14,), (2.5,))

94.    ((-3,),):
('K.52 KernScores', 'P1', 1, (10, 11), (4,), (2.75,), (4,), (2.75,))
('K.52 KernScores', 'P1', 1, (28, 29), (7,), (4.0,), (7,), (4.0,))
('K.52 KernScores', 'P1', 1, (98, 99), (18,), (3.5,), (18,), (3.5,))
('K.52 KernScores', 'P1', 1, (126, 127), (23,), (3.0,), (23,), (3.0,))
('K.52 KernScores', 'P1', 1, (254, 255), (43,), (1.0,), (43,), (1.0,))
('K.52 KernScores', 'P1', 2, (6, 7), (3,), (2.0,), (3,), (2.0,))
('K.52 KernScores', 'P1', 2, (63, 64), (15,), (1.0,), (15,), (1.0,))
('K.52 KernScores', 'P1', 2, (228, 229), (43,), (1.0,), (43,), (1.0,))
('K.52 KernScores', 'P2', 1, (14, 15), (2,), (4.0,), (2,), (4.0,))
('K.52 KernScores', 'P2', 2, (43, 44), (15,), (1.0,), (15,), (1.0,))
('K.52 KernScores', 'P2', 2, (47, 48), (15,), (3.0,), (15,), (3.0,))

95.    ((6,),):
('K.52 KernScores', 'P1', 1, (14, 15), (5,), (3.0,), (5,), (3.0,))
('K.52 KernScores', 'P1', 1, (48, 49), (11,), (3.0,), (11,), (3.0,))
('K.52 KernScores', 'P1', 1, (75, 76), (15,), (3.0,), (15,), (3.0,))
('K.52 KernScores', 'P1', 1, (91, 92), (17,), (3.0,), (17,), (3.0,))
('K.52 KernScores', 'P1', 1, (110, 111), (20,), (3.0,), (20,), (3.0,))
('K.52 KernScores', 'P1', 2, (7, 8), (3,), (2.5,), (3,), (2.5,))
('K.52 KernScores', 'P1', 2, (74, 75), (16,), (3.5,), (16,), (3.5,))
('K.52 KernScores', 'P2', 1, (0, 1), (1,), (1.0,), (1,), (1.0,))
('K.52 KernScores', 'P2', 1, (68, 69), (14,), (3.0,), (14,), (3.0,))
('K.52 KernScores', 'P2', 1, (77, 78), (16,), (3.0,), (16,), (3.0,))
('K.52 KernScores', 'P2', 2, (51, 52), (18,), (3.0,), (18,), (3.0,))

96.    ((-6,),):
('K.52 KernScores', 'P1', 1, (304, 305), (50,), (3.0,), (50,), (3.0,))
('K.52 KernScores', 'P1', 2, (115, 116), (27,), (1.0,), (27,), (1.0,))
('K.52 KernScores', 'P2', 1, (16, 17), (3,), (1.0,), (3,), (1.0,))
('K.52 KernScores', 'P2', 1, (38, 39), (7,), (3.0,), (7,), (3.0,))
('K.52 KernScores', 'P2', 1, (58, 59), (11,), (2.5,), (11,), (2.5,))

97.    (((3, 2, -2),),):
('K.52 KernScores', 'P1', 1, (307, 308), (50,), (4.5,), (50,), (4.5,))
('K.52 KernScores', 'P1', 1, (311, 312), (51,), (2.5,), (51,), (2.5,))
('K.52 KernScores', 'P1', 1, (315, 316), (51,), (4.5,), (51,), (4.5,))
('K.52 KernScores', 'P1', 1, (319, 320), (52,), (2.5,), (52,), (2.5,))
('K.52 KernScores', 'P2', 1, (60, 61), (12,), (3.0,), (12,), (3.0,))

98.    (((6, 2),),):
('K.52 KernScores', 'P1', 1, (0, 1), (1,), (1.0,), (1,), (1.0,))
('K.52 KernScores', 'P1', 1, (3, 4), (1,), (4.5,), (1,), (4.5,))
('K.52 KernScores', 'P1', 2, (11, 12), (4,), (2.5,), (4,), (2.5,))

99.    (((3, -2),),):
('K.52 KernScores', 'P1', 1, (127, 128), (23,), (3.5,), (23,), (3.5,))
('K.52 KernScores', 'P1', 1, (131, 132), (25,), (1.5,), (25,), (1.5,))
('K.52 KernScores', 'P2', 1, (32, 33), (6,), (3.0,), (6,), (3.0,))

100.    (((6, -2),),):
('K.52 KernScores', 'P1', 2, (1, 2), (2,), (1.5,), (2,), (1.5,))
('K.52 KernScores', 'P1', 2, (13, 14), (4,), (3.5,), (4,), (3.5,))
('K.52 KernScores', 'P1', 2, (14, 15), (4,), (4.5,), (4,), (4.5,))

101.    (((3, 4, 2),),):
('K.52 KernScores', 'P1', 1, (124, 125), (23,), (1.5,), (23,), (1.5,))
('K.52 KernScores', 'P1', 1, (323, 324), (52,), (4.5,), (52,), (4.5,))

102.    (((3, 4, 6),),):
('K.52 KernScores', 'P1', 1, (312, 313), (51,), (3.0,), (51,), (3.0,))
('K.52 KernScores', 'P1', 1, (324, 325), (53,), (1.0,), (53,), (1.0,))

103.    (((3, 4, -2),),):
('K.52 KernScores', 'P1', 1, (321, 322), (52,), (3.5,), (52,), (3.5,))
('K.52 KernScores', 'P1', 1, (322, 323), (52,), (4.0,), (52,), (4.0,))

104.    (((4, 3, -2),),):
('K.52 KernScores', 'P1', 2, (0, 1), (2,), (1.0,), (2,), (1.0,))
('K.52 KernScores', 'P1', 2, (10, 11), (4,), (1.0,), (4,), (1.0,))

105.    ((9,),):
('K.52 KernScores', 'P1', 2, (114, 115), (25,), (2.0,), (25,), (2.0,))
('K.52 KernScores', 'P2', 1, (85, 86), (17,), (3.0,), (17,), (3.0,))

106.    ((8,),):
('K.52 KernScores', 'P2', 1, (34, 35), (7,), (1.0,), (7,), (1.0,))
('K.52 KernScores', 'P2', 1, (48, 49), (9,), (3.0,), (9,), (3.0,))

