1.    nomes:
K.75 KernScores

2.    quantidade:
1

3.    analise:
[('intDia', 'p1p2'), ('duracao', 'p1p2'), ('Ntempo', 'p1p2'), ('Ptempo', 'p1p2')] SemContInte Distancia: 0

1.    ((2, 2, 5, -2, -6, 2, 2, 3, -2, -4, 2, 2, 5, -2, -3, 2, 2, 5, -2, -6, 2, 2, 3, -2), (0.33, 0.33, 0.33, 1.0, 1.0, 0.33, 0.33, 0.33, 1.0, 1.0, 0.33, 0.33, 0.33, 1.0, 1.0, 0.33, 0.33, 0.33, 1.0, 1.0, 0.33, 0.33, 0.33, 1.0), (1, 1, 1, 2, 3, 1, 1, 1, 2, 3, 1, 1, 1, 2, 3, 1, 1, 1, 2, 3, 1, 1, 1, 2), (0.0, 0.33, 0.67, 0.0, 0.0, 0.0, 0.33, 0.67, 0.0, 0.0, 0.0, 0.33, 0.67, 0.0, 0.0, 0.0, 0.33, 0.67, 0.0, 0.0, 0.0, 0.33, 0.67, 0.0)):
('K.75 KernScores', 'P1', 1, (35, 59), (9,), (1.0,), (13,), (2.0,))
('K.75 KernScores', 'P1', 1, (159, 183), (32,), (1.0,), (36,), (2.0,))

2.    ((-2, -2, 1, -2, -2, 1, -2, -2, -2, -2, -2, 1, -2, -2, 1, -2, -2, 14), (0.33, 0.33, 0.33, 0.33, 0.33, 0.33, 0.33, 0.33, 0.33, 0.33, 0.33, 0.33, 0.33, 0.33, 0.33, 0.33, 0.33, 3.33), (1, 1, 1, 2, 2, 2, 3, 3, 3, 1, 1, 1, 2, 2, 2, 3, 3, 3), (0.0, 0.33, 0.67, 0.0, 0.33, 0.67, 0.0, 0.33, 0.67, 0.0, 0.33, 0.67, 0.0, 0.33, 0.67, 0.0, 0.33, 0.67)):
('K.75 KernScores', 'P1', 1, (65, 83), (15,), (1.0,), (16,), (3.67,))
('K.75 KernScores', 'P1', 1, (194, 212), (39,), (1.0,), (40,), (3.67,))

3.    ((2, 2, 2, 2, 2, 1, 2, 2, 1), (0.33, 0.33, 0.33, 0.33, 0.33, 0.33, 0.33, 0.33, 0.33), (1, 1, 1, 2, 2, 2, 3, 3, 3), (0.0, 0.33, 0.67, 0.0, 0.33, 0.67, 0.0, 0.33, 0.67)):
('K.75 KernScores', 'P1', 1, (126, 135), (28,), (1.0,), (28,), (3.67,))
('K.75 KernScores', 'P1', 1, (135, 144), (29,), (1.0,), (29,), (3.67,))

4.    ((-2, -2, 1, -2, -2, 1, -2, -2, 1), (0.33, 0.33, 0.33, 0.33, 0.33, 0.33, 0.33, 0.33, 0.33), (1, 1, 1, 2, 2, 2, 3, 3, 3), (0.0, 0.33, 0.67, 0.0, 0.33, 0.67, 0.0, 0.33, 0.67)):
('K.75 KernScores', 'P2', 1, (33, 42), (17,), (1.0,), (17,), (3.67,))
('K.75 KernScores', 'P2', 1, (90, 99), (41,), (1.0,), (41,), (3.67,))

5.    ((-2, -2, 1, -2, -2, 1, -2, -2), (0.33, 0.33, 0.33, 0.33, 0.33, 0.33, 0.33, 0.33), (1, 1, 1, 2, 2, 2, 3, 3), (0.0, 0.33, 0.67, 0.0, 0.33, 0.67, 0.0, 0.33)):
('K.75 KernScores', 'P1', 1, (65, 73), (15,), (1.0,), (15,), (3.33,))
('K.75 KernScores', 'P1', 1, (74, 82), (16,), (1.0,), (16,), (3.33,))
('K.75 KernScores', 'P1', 1, (194, 202), (39,), (1.0,), (39,), (3.33,))
('K.75 KernScores', 'P1', 1, (203, 211), (40,), (1.0,), (40,), (3.33,))
('K.75 KernScores', 'P2', 1, (33, 41), (17,), (1.0,), (17,), (3.33,))
('K.75 KernScores', 'P2', 1, (90, 98), (41,), (1.0,), (41,), (3.33,))

6.    ((-2, -2, 5, -2, -2, -2), (1.0, 1.0, 1.0, 1.0, 2.0, 1.0), (2, 3, 1, 2, 3, 2), (0.0, 0.0, 0.0, 0.0, 0.0, 0.0)):
('K.75 KernScores', 'P2', 1, (18, 24), (9,), (2.0,), (11,), (2.0,))
('K.75 KernScores', 'P2', 1, (25, 31), (12,), (2.0,), (14,), (2.0,))

7.    ((-2, -2, 2, -2, -2), (1.5, 0.25, 0.25, 0.33, 0.33), (1, 2, 2, 3, 3), (0.0, 0.5, 0.75, 0.0, 0.33)):
('K.75 KernScores', 'P1', 1, (144, 149), (30,), (1.0,), (30,), (3.33,))
('K.75 KernScores', 'P1', 1, (212, 217), (42,), (1.0,), (42,), (3.33,))

8.    (((3, 4, 2), (3, 3, -5), (5, 4, 2), (4, 5, 1), (5, 4, -5)), ((0.0, 0.0, 1.0), (0.0, 0.0, 1.0), (0.0, 0.0, 1.0), (0.0, 0.0, 1.0), (0.0, 0.0, 1.0)), (2, 3, 1, 2, 3), (0.0, 0.0, 0.0, 0.0, 0.0)):
('K.75 KernScores', 'P2', 1, (43, 48), (18,), (2.0,), (19,), (3.0,))
('K.75 KernScores', 'P2', 1, (100, 105), (42,), (2.0,), (43,), (3.0,))

9.    ((2, 2, -7, 2), (0.33, 0.33, 0.33, 1.0), (1, 1, 1, 2), (0.0, 0.33, 0.67, 0.0)):
('K.75 KernScores', 'P1', 1, (116, 120), (26,), (1.0,), (26,), (2.0,))
('K.75 KernScores', 'P1', 1, (121, 125), (27,), (1.0,), (27,), (2.0,))

10.    ((1, 1, -5, 1), (3.0, 3.0, 3.0, 3.0), (1, 1, 1, 1), (0.0, 0.0, 0.0, 0.0)):
('K.75 KernScores', 'P2', 2, (0, 4), (9,), (1.0,), (12,), (1.0,))
('K.75 KernScores', 'P2', 2, (6, 10), (32,), (1.0,), (35,), (1.0,))

11.    ((2, -2, 2), (1.0, 1.5, 0.25), (1, 2, 3), (0.0, 0.0, 0.5)):
('K.75 KernScores', 'P1', 1, (0, 3), (1,), (1.0,), (1,), (3.5,))
('K.75 KernScores', 'P1', 1, (94, 97), (21,), (1.0,), (21,), (3.5,))

12.    (((3, 3, -2), (3, 4, 2), (3, 3, 3)), ((0.0, 0.0, 2.0), (0.0, 0.0, 1.0), (0.0, 0.0, 2.0)), (1, 3, 1), (0.0, 0.0, 0.0)):
('K.75 KernScores', 'P2', 1, (0, 3), (1,), (1.0,), (2,), (1.0,))
('K.75 KernScores', 'P2', 1, (49, 52), (21,), (1.0,), (22,), (1.0,))

13.    (((3, -7), 8, -2), ((0.0, 1.0), 1.0, 1.0), (3, 1, 2), (0.0, 0.0, 0.0)):
('K.75 KernScores', 'P2', 1, (9, 12), (5,), (3.0,), (6,), (2.0,))
('K.75 KernScores', 'P2', 1, (54, 57), (23,), (3.0,), (24,), (2.0,))

14.    ((-2, -6), (1.0, 1.0), (2, 3), (0.0, 0.0)):
('K.75 KernScores', 'P1', 1, (38, 40), (9,), (2.0,), (9,), (3.0,))
('K.75 KernScores', 'P1', 1, (53, 55), (12,), (2.0,), (12,), (3.0,))
('K.75 KernScores', 'P1', 1, (109, 111), (24,), (2.0,), (24,), (3.0,))
('K.75 KernScores', 'P1', 1, (162, 164), (32,), (2.0,), (32,), (3.0,))
('K.75 KernScores', 'P1', 1, (177, 179), (35,), (2.0,), (35,), (3.0,))
('K.75 KernScores', 'P1', 1, (187, 189), (37,), (2.0,), (37,), (3.0,))
('K.75 KernScores', 'P2', 1, (30, 32), (14,), (2.0,), (14,), (3.0,))

15.    ((-2, -2), (1.0, 1.0), (2, 3), (0.0, 0.0)):
('K.75 KernScores', 'P1', 1, (63, 65), (14,), (2.0,), (14,), (3.0,))
('K.75 KernScores', 'P2', 1, (18, 20), (9,), (2.0,), (9,), (3.0,))
('K.75 KernScores', 'P2', 1, (25, 27), (12,), (2.0,), (12,), (3.0,))

16.    (((4, 3, 1), (3, 3, -3)), ((0.0, 0.0, 1.0), (0.0, 0.0, 1.0)), (2, 3), (0.0, 0.0)):
('K.75 KernScores', 'P1', 1, (91, 93), (19,), (2.0,), (19,), (3.0,))
('K.75 KernScores', 'P1', 1, (219, 221), (43,), (2.0,), (43,), (3.0,))

17.    (((4, 2, 3, 1), (3, 3, 4, 1)), ((0.0, 0.0, 0.0, 1.0), (0.0, 0.0, 0.0, 1.0)), (1, 2), (0.0, 0.0)):
('K.75 KernScores', 'P2', 1, (67, 69), (30,), (1.0,), (30,), (2.0,))
('K.75 KernScores', 'P2', 1, (70, 72), (31,), (1.0,), (31,), (2.0,))

18.    ((-2,), (1.0,), (2,), (0.0,)):
('K.75 KernScores', 'P1', 1, (23, 24), (6,), (2.0,), (6,), (2.0,))
('K.75 KernScores', 'P1', 1, (28, 29), (7,), (2.0,), (7,), (2.0,))
('K.75 KernScores', 'P1', 1, (33, 34), (8,), (2.0,), (8,), (2.0,))
('K.75 KernScores', 'P1', 1, (43, 44), (10,), (2.0,), (10,), (2.0,))
('K.75 KernScores', 'P1', 1, (48, 49), (11,), (2.0,), (11,), (2.0,))
('K.75 KernScores', 'P1', 1, (58, 59), (13,), (2.0,), (13,), (2.0,))
('K.75 KernScores', 'P1', 1, (114, 115), (25,), (2.0,), (25,), (2.0,))
('K.75 KernScores', 'P1', 1, (167, 168), (33,), (2.0,), (33,), (2.0,))
('K.75 KernScores', 'P1', 1, (172, 173), (34,), (2.0,), (34,), (2.0,))
('K.75 KernScores', 'P1', 1, (182, 183), (36,), (2.0,), (36,), (2.0,))
('K.75 KernScores', 'P1', 1, (192, 193), (38,), (2.0,), (38,), (2.0,))
('K.75 KernScores', 'P2', 1, (11, 12), (6,), (2.0,), (6,), (2.0,))
('K.75 KernScores', 'P2', 1, (21, 22), (10,), (2.0,), (10,), (2.0,))
('K.75 KernScores', 'P2', 1, (23, 24), (11,), (2.0,), (11,), (2.0,))
('K.75 KernScores', 'P2', 1, (28, 29), (13,), (2.0,), (13,), (2.0,))
('K.75 KernScores', 'P2', 1, (56, 57), (24,), (2.0,), (24,), (2.0,))
('K.75 KernScores', 'P2', 1, (77, 78), (33,), (2.0,), (33,), (2.0,))
('K.75 KernScores', 'P2', 1, (79, 80), (34,), (2.0,), (34,), (2.0,))
('K.75 KernScores', 'P2', 1, (81, 82), (35,), (2.0,), (35,), (2.0,))
('K.75 KernScores', 'P2', 1, (83, 84), (36,), (2.0,), (36,), (2.0,))
('K.75 KernScores', 'P2', 1, (85, 86), (37,), (2.0,), (37,), (2.0,))
('K.75 KernScores', 'P2', 1, (87, 88), (38,), (2.0,), (38,), (2.0,))

19.    ((1,), (0.33,), (3,), (0.67,)):
('K.75 KernScores', 'P1', 1, (134, 135), (28,), (3.67,), (28,), (3.67,))
('K.75 KernScores', 'P1', 1, (143, 144), (29,), (3.67,), (29,), (3.67,))
('K.75 KernScores', 'P2', 1, (41, 42), (17,), (3.67,), (17,), (3.67,))
('K.75 KernScores', 'P2', 1, (98, 99), (41,), (3.67,), (41,), (3.67,))

20.    ((-5,), (1.0,), (3,), (0.0,)):
('K.75 KernScores', 'P1', 1, (29, 30), (7,), (3.0,), (7,), (3.0,))
('K.75 KernScores', 'P1', 1, (120, 121), (26,), (3.0,), (26,), (3.0,))

21.    (((3, 2),), ((0.0, 1.0),), (3,), (0.0,)):
('K.75 KernScores', 'P2', 1, (3, 4), (2,), (3.0,), (2,), (3.0,))
('K.75 KernScores', 'P2', 1, (75, 76), (32,), (3.0,), (32,), (3.0,))

22.    (((3, -2),), ((0.0, 1.0),), (2,), (0.0,)):
('K.75 KernScores', 'P2', 1, (58, 59), (25,), (2.0,), (25,), (2.0,))
('K.75 KernScores', 'P2', 1, (74, 75), (32,), (2.0,), (32,), (2.0,))

23.    ((1,), (3.0,), (1,), (0.0,)):
('K.75 KernScores', 'P2', 2, (4, 5), (13,), (1.0,), (13,), (1.0,))
('K.75 KernScores', 'P2', 2, (11, 12), (37,), (1.0,), (37,), (1.0,))

