1.    nomes:
K.93 KernScores

2.    quantidade:
1

3.    analise:
[('intDia', 'p1p2'), ('duracao', 'p1p2')] SemContInte Distancia: 0

1.    ((2, 2, 2, -2, -2, -2, -2, -2, -2, -2, -2, -3, 1, 1, 4, 2, 2, 2, 2, 2, 2, -3, 2), (0.25, 0.25, 0.25, 0.25, 0.25, 0.25, 0.25, 0.25, 0.25, 0.25, 0.25, 0.5, 0.5, 0.5, 0.5, 0.25, 0.25, 0.25, 0.25, 0.25, 0.25, 0.25, 0.25)):
('K.93 KernScores', 'P2', 1, (18, 41), (4,), (2.25,), (7,), (2.75,))
('K.93 KernScores', 'P2', 1, (46, 69), (8,), (2.25,), (11,), (2.75,))

2.    ((2, 2, -3, -2, -2, -2, -2, -2, -2, -2, -2, -2, 2, 2, 2, 2), (0.25, 0.25, 0.25, 0.25, 0.25, 0.25, 0.25, 0.25, 0.25, 0.25, 0.25, 0.25, 0.25, 0.25, 0.25, 0.25)):
('K.93 KernScores', 'P1', 1, (76, 92), (20,), (2.0,), (22,), (1.75,))
('K.93 KernScores', 'P1', 1, (268, 284), (62,), (2.0,), (64,), (1.75,))

3.    (((3, -2), (3, -2), (3, -2), (6, -2), (6, 3), (3, -2), (3, -2), (6, -2), (6, -2), (6, -2), (6, 3), (3, -2), (3, -2), (6, -2), (6, 3), (3, -2)), ((0.0, 0.25), (0.0, 0.25), (0.0, 0.25), (0.0, 0.25), (0.0, 0.25), (0.0, 0.25), (0.0, 0.25), (0.0, 0.25), (0.0, 0.25), (0.0, 0.25), (0.0, 0.25), (0.0, 0.25), (0.0, 0.25), (0.0, 0.25), (0.0, 0.25), (0.0, 0.25))):
('K.93 KernScores', 'P1', 1, (493, 509), (105,), (1.0,), (106,), (2.75,))
('K.93 KernScores', 'P1', 1, (509, 525), (107,), (1.0,), (108,), (2.75,))

4.    ((2, 2, 2, 2, 2, 2, -3, 2, -2, -2, 2, 2, 2, 2, 2, 2), (0.25, 0.25, 0.25, 0.25, 0.25, 0.25, 0.25, 0.25, 1.0, 1.0, 0.25, 0.25, 0.25, 0.25, 0.25, 0.25)):
('K.93 KernScores', 'P1', 1, (22, 38), (10,), (1.0,), (12,), (2.25,))
('K.93 KernScores', 'P2', 1, (61, 77), (11,), (1.0,), (13,), (2.25,))

5.    ((-2, -2, -2, -2, -2, -2, 4, 4, -2, -3, -3, -2, 2, 2, 2, 2), (0.25, 0.25, 0.25, 0.25, 0.75, 0.25, 1.0, 1.0, 1.0, 0.5, 0.5, 1.0, 0.25, 0.25, 0.25, 0.25)):
('K.93 KernScores', 'P2', 1, (83, 99), (14,), (2.0,), (18,), (1.75,))
('K.93 KernScores', 'P2', 1, (197, 213), (36,), (1.0,), (39,), (2.75,))

6.    ((2, 2, 2, 5, -3, -3, -3, -2, 2, 2, 2, 2, 2, 2, -3), (0.25, 0.25, 0.25, 1.0, 1.0, 0.5, 0.5, 1.0, 0.25, 0.25, 0.25, 0.25, 0.25, 0.25, 0.25)):
('K.93 KernScores', 'P1', 1, (94, 109), (23,), (1.25,), (26,), (1.5,))
('K.93 KernScores', 'P2', 1, (233, 248), (43,), (2.25,), (46,), (2.5,))

7.    ((5, -3, -3, -3, -2, 2, 2, 2, 2, 2, 2, -3, 2, 2), (1.0, 1.0, 0.5, 0.5, 1.0, 0.25, 0.25, 0.25, 0.25, 0.25, 0.25, 0.25, 0.25, 0.25)):
('K.93 KernScores', 'P2', 1, (0, 14), (1,), (1.0,), (4,), (1.0,))
('K.93 KernScores', 'P2', 1, (355, 369), (62,), (2.0,), (65,), (2.0,))

8.    ((4, -2, -3, -3, -2, 2, 2, 2, 2, 2, 2, -3, 2), (1.0, 1.0, 0.5, 0.5, 1.0, 0.25, 0.25, 0.25, 0.25, 0.25, 0.25, 0.25, 0.25)):
('K.93 KernScores', 'P1', 1, (1, 14), (4,), (1.0,), (6,), (2.75,))
('K.93 KernScores', 'P2', 1, (90, 103), (16,), (1.0,), (18,), (2.75,))
('K.93 KernScores', 'P2', 1, (289, 302), (52,), (1.0,), (54,), (2.75,))

9.    ((-3, -3, -2, 2, 2, 2, 2, 2, 2, -3, 2, -2), (0.5, 0.5, 1.0, 0.25, 0.25, 0.25, 0.25, 0.25, 0.25, 0.25, 0.25, 1.0)):
('K.93 KernScores', 'P1', 1, (3, 15), (5,), (1.0,), (7,), (1.0,))
('K.93 KernScores', 'P1', 1, (19, 31), (9,), (1.0,), (11,), (1.0,))

10.    (((3, 2), (3, 2), (3, 2), (3, -3), (3, 2), (3, 2), (3, 2), (3, -3), (6, 2), (6, 2), (6, 2), (6, -3)), ((0.0, 0.25), (0.0, 0.25), (0.0, 0.25), (0.0, 0.25), (0.0, 0.25), (0.0, 0.25), (0.0, 0.25), (0.0, 0.25), (0.0, 0.25), (0.0, 0.25), (0.0, 0.25), (0.0, 0.25))):
('K.93 KernScores', 'P1', 1, (472, 484), (102,), (1.75,), (103,), (2.5,))
('K.93 KernScores', 'P1', 1, (536, 548), (110,), (1.75,), (111,), (2.5,))

11.    ((2, 2, 2, 2, -2, -2, -2, -2, -2, -2, -2, -2), (0.25, 0.25, 0.25, 0.25, 1.0, 0.25, 0.25, 0.25, 0.25, 0.25, 0.25, 0.25)):
('K.93 KernScores', 'P1', 1, (141, 153), (32,), (2.0,), (34,), (1.5,))
('K.93 KernScores', 'P2', 1, (380, 392), (67,), (1.0,), (68,), (2.5,))

12.    (((6, 2), (6, 2), (6, -2), (6, -2), (6, -2), (8, 9), 2, -2, (3, -2), (3, -2), (3, 2)), ((0.0, 0.25), (0.0, 0.25), (0.0, 0.25), (0.0, 0.5), (0.0, 0.25), (0.0, 0.5), 0.25, 0.25, (0.0, 0.25), (0.0, 0.5), (0.0, 0.25))):
('K.93 KernScores', 'P1', 1, (405, 416), (87,), (2.5,), (89,), (1.75,))
('K.93 KernScores', 'P1', 1, (423, 434), (90,), (2.5,), (92,), (1.75,))

13.    ((-2, -2, -2, -2, -2, -2, -2, -2, -2, -2, -2), (0.25, 0.25, 0.25, 0.25, 0.25, 0.25, 0.25, 0.25, 0.25, 0.25, 0.25)):
('K.93 KernScores', 'P2', 1, (560, 571), (95,), (2.25,), (96,), (2.75,))
('K.93 KernScores', 'P2', 1, (583, 594), (100,), (2.0,), (101,), (2.5,))

14.    ((-2, -2, -2, -2, -2, -2, -2, -2, -2, -2), (0.25, 0.25, 0.25, 0.25, 0.25, 0.25, 0.25, 0.25, 0.25, 0.25)):
('K.93 KernScores', 'P1', 2, (86, 96), (60,), (1.0,), (61,), (1.25,))
('K.93 KernScores', 'P2', 1, (331, 341), (59,), (1.5,), (60,), (1.75,))
('K.93 KernScores', 'P2', 1, (343, 353), (61,), (1.0,), (62,), (1.25,))
('K.93 KernScores', 'P2', 1, (560, 570), (95,), (2.25,), (96,), (2.5,))
('K.93 KernScores', 'P2', 1, (583, 593), (100,), (2.0,), (101,), (2.25,))

15.    ((-2, 2, 2, 2, 2, 2, 2, -3, -2, (3, -2)), (1.0, 0.25, 0.25, 0.25, 0.25, 0.25, 0.25, 0.25, 0.25, (0.0, 1.0))):
('K.93 KernScores', 'P1', 1, (31, 41), (11,), (2.0,), (13,), (1.0,))
('K.93 KernScores', 'P1', 1, (101, 111), (25,), (1.0,), (26,), (2.0,))

16.    ((-2, -2, -2, -2, -2, 4, -2, -2, -2, -2), (0.25, 0.25, 0.25, 0.25, 0.25, 0.5, 0.25, 0.25, 0.25, 0.25)):
('K.93 KernScores', 'P1', 1, (444, 454), (96,), (2.75,), (98,), (1.25,))
('K.93 KernScores', 'P1', 2, (180, 190), (96,), (1.25,), (97,), (1.75,))

17.    ((-2, -2, -2, -2, -2, -2, -2, -2, -2), (0.25, 0.25, 0.25, 0.25, 0.25, 0.25, 0.25, 0.25, 0.25)):
('K.93 KernScores', 'P1', 1, (79, 88), (20,), (2.75,), (21,), (2.75,))
('K.93 KernScores', 'P1', 1, (271, 280), (62,), (2.75,), (63,), (2.75,))
('K.93 KernScores', 'P1', 1, (327, 336), (74,), (1.0,), (75,), (1.0,))
('K.93 KernScores', 'P1', 2, (86, 95), (60,), (1.0,), (61,), (1.0,))
('K.93 KernScores', 'P2', 1, (331, 340), (59,), (1.5,), (60,), (1.5,))
('K.93 KernScores', 'P2', 1, (343, 352), (61,), (1.0,), (62,), (1.0,))
('K.93 KernScores', 'P2', 1, (394, 403), (69,), (1.25,), (70,), (1.25,))
('K.93 KernScores', 'P2', 1, (434, 443), (74,), (1.75,), (75,), (1.75,))
('K.93 KernScores', 'P2', 1, (560, 569), (95,), (2.25,), (96,), (2.25,))
('K.93 KernScores', 'P2', 1, (583, 592), (100,), (2.0,), (101,), (2.0,))

18.    ((-2, -2, -2, -2, -2, (8, 7), -2, -2, -2), (0.25, 0.25, 0.25, 0.25, 0.25, (0.0, 0.25), 0.25, 0.25, 0.25)):
('K.93 KernScores', 'P1', 1, (123, 132), (29,), (2.75,), (30,), (2.75,))
('K.93 KernScores', 'P2', 1, (546, 555), (93,), (2.75,), (94,), (2.75,))

19.    ((4, -2, -3, -3, -2, 2, 2, 2, 2), (1.0, 1.0, 0.5, 0.5, 1.0, 0.25, 0.25, 0.25, 0.25)):
('K.93 KernScores', 'P1', 1, (154, 163), (34,), (2.0,), (36,), (2.75,))
('K.93 KernScores', 'P2', 1, (204, 213), (37,), (2.0,), (39,), (2.75,))

20.    ((-2, -2, -2, -2, -2, -2, -2, -2), (0.75, 0.25, 0.25, 0.25, 0.25, 0.25, 0.25, 0.25)):
('K.93 KernScores', 'P1', 1, (307, 315), (69,), (1.0,), (70,), (1.25,))
('K.93 KernScores', 'P2', 1, (433, 441), (74,), (1.0,), (75,), (1.25,))

21.    ((2, 2, 2, 2, -2, 2, -3, 2), (0.25, 0.25, 0.25, 0.25, 0.25, 0.25, 0.25, 0.25)):
('K.93 KernScores', 'P1', 2, (135, 143), (81,), (2.0,), (82,), (1.75,))
('K.93 KernScores', 'P2', 1, (472, 480), (81,), (2.0,), (82,), (1.75,))

22.    ((-2, 2, 2, 2, 2, 2, 2, 2), (1.0, 0.25, 0.25, 0.25, 0.25, 0.25, 0.25, 0.25)):
('K.93 KernScores', 'P2', 1, (70, 78), (12,), (2.0,), (13,), (2.5,))
('K.93 KernScores', 'P2', 1, (167, 175), (31,), (1.0,), (32,), (1.5,))

23.    ((-2, -2, -2, -2, -2, -2, 4, -5), (0.25, 0.25, 0.25, 0.25, 0.25, 0.25, 0.25, 0.25)):
('K.93 KernScores', 'P2', 1, (302, 310), (55,), (1.0,), (55,), (2.75,))
('K.93 KernScores', 'P2', 1, (347, 355), (61,), (2.0,), (62,), (1.75,))

24.    ((2, 2, 2, 2, 2, 2, 2), (0.25, 0.25, 0.25, 0.25, 0.25, 0.25, 0.25)):
('K.93 KernScores', 'P1', 2, (103, 110), (67,), (1.0,), (67,), (2.5,))
('K.93 KernScores', 'P2', 1, (71, 78), (13,), (1.0,), (13,), (2.5,))
('K.93 KernScores', 'P2', 1, (141, 148), (26,), (1.25,), (26,), (2.75,))
('K.93 KernScores', 'P2', 1, (168, 175), (31,), (2.0,), (32,), (1.5,))
('K.93 KernScores', 'P2', 1, (281, 288), (51,), (1.0,), (51,), (2.5,))
('K.93 KernScores', 'P2', 1, (310, 317), (56,), (1.0,), (56,), (2.5,))
('K.93 KernScores', 'P2', 1, (367, 374), (65,), (1.75,), (66,), (1.25,))
('K.93 KernScores', 'P2', 1, (375, 382), (66,), (1.75,), (67,), (1.25,))
('K.93 KernScores', 'P2', 1, (419, 426), (72,), (1.5,), (73,), (1.0,))
('K.93 KernScores', 'P2', 1, (426, 433), (73,), (1.25,), (73,), (2.75,))

25.    ((-2, -2, -2, -2, 2, 2, 2), (0.25, 0.25, 0.25, 0.25, 0.25, 0.25, 0.25)):
('K.93 KernScores', 'P1', 1, (84, 91), (21,), (2.0,), (22,), (1.5,))
('K.93 KernScores', 'P1', 1, (276, 283), (63,), (2.0,), (64,), (1.5,))
('K.93 KernScores', 'P2', 1, (185, 192), (34,), (2.0,), (35,), (1.5,))

26.    ((-2, -2, -2, 2, 2, 2, 2), (0.25, 0.25, 0.25, 0.25, 0.25, 0.25, 0.25)):
('K.93 KernScores', 'P1', 1, (133, 140), (31,), (1.25,), (31,), (2.75,))
('K.93 KernScores', 'P2', 1, (14, 21), (4,), (1.25,), (4,), (2.75,))
('K.93 KernScores', 'P2', 1, (278, 285), (50,), (2.25,), (51,), (1.75,))

27.    ((-2, -2, -2, -2, -2, -2, 4), (0.25, 0.25, 0.25, 0.25, 0.25, 0.25, 0.5)):
('K.93 KernScores', 'P1', 2, (179, 186), (96,), (1.0,), (96,), (2.5,))
('K.93 KernScores', 'P2', 1, (437, 444), (74,), (2.5,), (75,), (2.0,))
('K.93 KernScores', 'P2', 1, (521, 528), (90,), (1.5,), (91,), (1.0,))

28.    ((3, 2, 2, -2, -2, 3, -2), (2.0, 0.25, 0.25, 0.75, 0.25, 0.25, 0.25)):
('K.93 KernScores', 'P1', 1, (202, 209), (45,), (1.0,), (46,), (2.75,))
('K.93 KernScores', 'P1', 1, (235, 242), (53,), (1.0,), (54,), (2.75,))

29.    ((-2, -2, -2, -2, -2, -2, 4), (0.75, 0.25, 0.25, 0.25, 0.25, 0.25, 0.5)):
('K.93 KernScores', 'P1', 1, (443, 450), (96,), (2.0,), (97,), (2.0,))
('K.93 KernScores', 'P2', 1, (322, 329), (57,), (2.0,), (58,), (2.0,))

30.    ((-2, -2, -2, -2, 3, -2, -2), (0.25, 0.25, 0.25, 0.25, 0.25, 0.25, 0.25)):
('K.93 KernScores', 'P1', 2, (51, 58), (45,), (1.0,), (45,), (2.5,))
('K.93 KernScores', 'P1', 2, (59, 66), (53,), (1.0,), (53,), (2.5,))

31.    ((-2, -2, -2, -2, -2, -2, 3), (0.25, 0.25, 0.25, 0.25, 0.25, 0.25, 0.25)):
('K.93 KernScores', 'P1', 2, (75, 82), (58,), (1.0,), (58,), (2.5,))
('K.93 KernScores', 'P2', 1, (397, 404), (69,), (2.0,), (70,), (1.5,))

32.    ((2, 2, 2, -8, 2, 2, 2), (0.25, 0.25, 0.25, 0.25, 0.25, 0.25, 0.25)):
('K.93 KernScores', 'P2', 1, (215, 222), (40,), (2.25,), (41,), (1.75,))
('K.93 KernScores', 'P2', 1, (223, 230), (41,), (2.25,), (42,), (1.75,))

33.    ((2, 2, 2, -3, 4, 2, 2), (0.25, 0.25, 0.25, 0.25, 0.25, 0.25, 0.25)):
('K.93 KernScores', 'P2', 1, (404, 411), (70,), (1.75,), (71,), (1.25,))
('K.93 KernScores', 'P2', 1, (467, 474), (80,), (2.75,), (81,), (2.25,))

34.    ((2, 2, 2, 2, 2, 2), (0.25, 0.25, 0.25, 0.25, 0.25, 0.25)):
('K.93 KernScores', 'P1', 1, (6, 12), (6,), (1.0,), (6,), (2.25,))
('K.93 KernScores', 'P1', 1, (22, 28), (10,), (1.0,), (10,), (2.25,))
('K.93 KernScores', 'P1', 1, (32, 38), (12,), (1.0,), (12,), (2.25,))
('K.93 KernScores', 'P1', 1, (102, 108), (25,), (2.0,), (26,), (1.25,))
('K.93 KernScores', 'P1', 2, (103, 109), (67,), (1.0,), (67,), (2.25,))
('K.93 KernScores', 'P2', 1, (5, 11), (3,), (1.0,), (3,), (2.25,))
('K.93 KernScores', 'P2', 1, (33, 39), (7,), (1.0,), (7,), (2.25,))
('K.93 KernScores', 'P2', 1, (61, 67), (11,), (1.0,), (11,), (2.25,))
('K.93 KernScores', 'P2', 1, (71, 77), (13,), (1.0,), (13,), (2.25,))
('K.93 KernScores', 'P2', 1, (95, 101), (18,), (1.0,), (18,), (2.25,))
('K.93 KernScores', 'P2', 1, (141, 147), (26,), (1.25,), (26,), (2.5,))
('K.93 KernScores', 'P2', 1, (150, 156), (27,), (1.5,), (27,), (2.75,))
('K.93 KernScores', 'P2', 1, (168, 174), (31,), (2.0,), (32,), (1.25,))
('K.93 KernScores', 'P2', 1, (241, 247), (46,), (1.0,), (46,), (2.25,))
('K.93 KernScores', 'P2', 1, (294, 300), (54,), (1.0,), (54,), (2.25,))
('K.93 KernScores', 'P2', 1, (310, 316), (56,), (1.0,), (56,), (2.25,))
('K.93 KernScores', 'P2', 1, (360, 366), (64,), (2.0,), (65,), (1.25,))
('K.93 KernScores', 'P2', 1, (367, 373), (65,), (1.75,), (66,), (1.0,))
('K.93 KernScores', 'P2', 1, (375, 381), (66,), (1.75,), (67,), (1.0,))
('K.93 KernScores', 'P2', 1, (419, 425), (72,), (1.5,), (72,), (2.75,))
('K.93 KernScores', 'P2', 1, (425, 431), (73,), (1.0,), (73,), (2.25,))
('K.93 KernScores', 'P2', 1, (458, 464), (79,), (2.0,), (80,), (1.25,))

35.    ((-2, -2, 2, 2, 2, 2), (0.25, 0.25, 0.25, 0.25, 0.25, 0.25)):
('K.93 KernScores', 'P1', 1, (56, 62), (17,), (1.5,), (17,), (2.75,))
('K.93 KernScores', 'P1', 1, (134, 140), (31,), (1.5,), (31,), (2.75,))
('K.93 KernScores', 'P1', 1, (357, 363), (79,), (1.5,), (79,), (2.75,))
('K.93 KernScores', 'P1', 2, (13, 19), (28,), (2.5,), (29,), (1.75,))
('K.93 KernScores', 'P2', 1, (15, 21), (4,), (1.5,), (4,), (2.75,))
('K.93 KernScores', 'P2', 1, (279, 285), (50,), (2.5,), (51,), (1.75,))

36.    ((3, -2, -2, -2, -2, -2), (0.25, 0.25, 0.25, 0.25, 0.25, 0.25)):
('K.93 KernScores', 'P1', 1, (196, 202), (44,), (1.5,), (44,), (2.75,))
('K.93 KernScores', 'P1', 2, (147, 153), (83,), (1.0,), (83,), (2.25,))

37.    ((-2, -2, -2, -2, -2, -2), (0.75, 0.25, 0.25, 0.25, 0.25, 0.25)):
('K.93 KernScores', 'P1', 1, (316, 322), (70,), (2.0,), (71,), (1.75,))
('K.93 KernScores', 'P2', 1, (156, 162), (28,), (1.0,), (28,), (2.75,))

38.    ((-2, -2, -2, -2, -2), (0.25, 0.25, 0.25, 0.25, 0.25)):
('K.93 KernScores', 'P1', 1, (123, 128), (29,), (2.75,), (30,), (1.75,))
('K.93 KernScores', 'P1', 1, (197, 202), (44,), (1.75,), (44,), (2.75,))
('K.93 KernScores', 'P1', 1, (317, 322), (70,), (2.75,), (71,), (1.75,))
('K.93 KernScores', 'P1', 2, (159, 164), (93,), (1.25,), (93,), (2.25,))
('K.93 KernScores', 'P2', 1, (157, 162), (28,), (1.75,), (28,), (2.75,))

39.    ((2, 2, 2, 2, 2), (0.25, 0.25, 0.25, 0.25, 1.0)):
('K.93 KernScores', 'P1', 2, (20, 25), (32,), (1.0,), (32,), (2.0,))
('K.93 KernScores', 'P2', 1, (117, 122), (22,), (2.0,), (23,), (1.0,))
('K.93 KernScores', 'P2', 1, (209, 214), (39,), (2.0,), (40,), (1.0,))

40.    ((-2, -2, 5, -2, -2), (0.25, 0.25, 0.25, 0.75, 0.25)):
('K.93 KernScores', 'P1', 1, (304, 309), (68,), (2.25,), (69,), (1.75,))
('K.93 KernScores', 'P1', 1, (417, 422), (89,), (2.25,), (90,), (1.75,))

41.    ((-2, 2, -3, 2, -2), (0.25, 0.25, 0.25, 0.25, 0.25)):
('K.93 KernScores', 'P1', 1, (50, 55), (16,), (2.0,), (17,), (1.0,))
('K.93 KernScores', 'P1', 2, (139, 144), (82,), (1.0,), (82,), (2.0,))

42.    ((-4, 2, -2, -2, -2), (0.25, 0.25, 0.5, 0.5, 0.5)):
('K.93 KernScores', 'P1', 1, (549, 554), (112,), (1.0,), (112,), (2.5,))
('K.93 KernScores', 'P1', 2, (213, 218), (113,), (1.0,), (113,), (2.5,))

43.    ((-2, -2, -2, -2, 2), (0.25, 0.25, 0.25, 0.25, 0.5)):
('K.93 KernScores', 'P1', 2, (67, 72), (55,), (1.5,), (55,), (2.5,))
('K.93 KernScores', 'P1', 2, (97, 102), (61,), (2.5,), (62,), (1.5,))

44.    ((2, -3, 2, -3, 2), (0.25, 0.25, 0.25, 0.25, 0.25)):
('K.93 KernScores', 'P1', 2, (208, 213), (112,), (1.75,), (112,), (2.75,))
('K.93 KernScores', 'P2', 1, (100, 105), (18,), (2.25,), (19,), (1.25,))

45.    ((2, 2, 2, 2), (0.25, 0.25, 0.25, 0.25)):
('K.93 KernScores', 'P1', 1, (70, 74), (19,), (2.0,), (19,), (2.75,))
('K.93 KernScores', 'P1', 1, (88, 92), (22,), (1.0,), (22,), (1.75,))
('K.93 KernScores', 'P1', 1, (93, 97), (23,), (1.0,), (23,), (1.75,))
('K.93 KernScores', 'P1', 1, (141, 145), (32,), (2.0,), (32,), (2.75,))
('K.93 KernScores', 'P1', 1, (159, 163), (36,), (2.0,), (36,), (2.75,))
('K.93 KernScores', 'P1', 1, (167, 171), (39,), (1.0,), (39,), (1.75,))
('K.93 KernScores', 'P1', 1, (172, 176), (40,), (1.0,), (40,), (1.75,))
('K.93 KernScores', 'P1', 1, (188, 192), (43,), (1.0,), (43,), (1.75,))
('K.93 KernScores', 'P1', 1, (280, 284), (64,), (1.0,), (64,), (1.75,))
('K.93 KernScores', 'P1', 1, (296, 300), (66,), (2.0,), (66,), (2.75,))
('K.93 KernScores', 'P1', 2, (0, 4), (15,), (1.0,), (15,), (1.75,))
('K.93 KernScores', 'P1', 2, (20, 24), (32,), (1.0,), (32,), (1.75,))
('K.93 KernScores', 'P1', 2, (130, 134), (80,), (1.0,), (80,), (1.75,))
('K.93 KernScores', 'P1', 2, (135, 139), (81,), (2.0,), (81,), (2.75,))
('K.93 KernScores', 'P2', 1, (117, 121), (22,), (2.0,), (22,), (2.75,))
('K.93 KernScores', 'P2', 1, (177, 181), (33,), (1.0,), (33,), (1.75,))
('K.93 KernScores', 'P2', 1, (209, 213), (39,), (2.0,), (39,), (2.75,))
('K.93 KernScores', 'P2', 1, (285, 289), (51,), (2.0,), (51,), (2.75,))
('K.93 KernScores', 'P2', 1, (472, 476), (81,), (2.0,), (81,), (2.75,))

46.    ((-2, -2, -2, -2), (0.25, 0.25, 0.25, 0.25)):
('K.93 KernScores', 'P1', 1, (261, 265), (61,), (1.5,), (61,), (2.25,))
('K.93 KernScores', 'P1', 2, (67, 71), (55,), (1.5,), (55,), (2.25,))
('K.93 KernScores', 'P1', 2, (97, 101), (61,), (2.5,), (62,), (1.25,))
('K.93 KernScores', 'P1', 2, (125, 129), (79,), (1.0,), (79,), (1.75,))
('K.93 KernScores', 'P2', 1, (197, 201), (36,), (1.0,), (36,), (1.75,))
('K.93 KernScores', 'P2', 1, (485, 489), (84,), (2.0,), (84,), (2.75,))
('K.93 KernScores', 'P2', 1, (572, 576), (97,), (2.0,), (97,), (2.75,))

47.    ((-2, -2, -2, -2), (1.0, 0.25, 0.25, 0.25)):
('K.93 KernScores', 'P1', 1, (363, 367), (80,), (1.0,), (80,), (2.5,))
('K.93 KernScores', 'P1', 2, (33, 37), (38,), (1.0,), (38,), (2.5,))
('K.93 KernScores', 'P2', 1, (452, 456), (78,), (1.0,), (78,), (2.5,))

48.    ((-3, 2, -3, 2), (0.25, 0.25, 0.25, 0.25)):
('K.93 KernScores', 'P1', 1, (556, 560), (113,), (2.0,), (113,), (2.75,))
('K.93 KernScores', 'P1', 2, (207, 211), (112,), (1.5,), (112,), (2.25,))
('K.93 KernScores', 'P2', 1, (101, 105), (18,), (2.5,), (19,), (1.25,))

49.    ((2, -2, -2, -2), (0.5, 0.25, 0.25, 0.25)):
('K.93 KernScores', 'P1', 1, (375, 379), (83,), (1.5,), (83,), (2.5,))
('K.93 KernScores', 'P2', 1, (508, 512), (88,), (1.5,), (88,), (2.5,))
('K.93 KernScores', 'P2', 1, (528, 532), (91,), (1.5,), (91,), (2.5,))

50.    ((3, 4, -2, -2), (0.25, 0.25, 0.25, 0.25)):
('K.93 KernScores', 'P1', 1, (227, 231), (52,), (1.0,), (52,), (1.75,))
('K.93 KernScores', 'P1', 2, (29, 33), (37,), (2.0,), (37,), (2.75,))

51.    (((3, 2), -2, -2, -2), ((0.0, 0.25), 0.25, 0.25, 0.25)):
('K.93 KernScores', 'P1', 1, (248, 252), (57,), (2.0,), (57,), (2.75,))
('K.93 KernScores', 'P1', 2, (158, 162), (93,), (1.0,), (93,), (1.75,))

52.    ((4, -2, -2, -2), (0.25, 0.25, 0.25, 0.25)):
('K.93 KernScores', 'P1', 1, (47, 51), (16,), (1.25,), (16,), (2.0,))
('K.93 KernScores', 'P2', 1, (196, 200), (35,), (2.75,), (36,), (1.5,))

53.    ((-2, -2, -2, 5), (0.25, 0.25, 0.25, 1.0)):
('K.93 KernScores', 'P1', 2, (201, 205), (99,), (2.25,), (100,), (1.0,))
('K.93 KernScores', 'P2', 1, (573, 577), (97,), (2.25,), (98,), (1.0,))

54.    ((2, 2, 2), (0.25, 0.25, 0.25)):
('K.93 KernScores', 'P1', 1, (63, 66), (18,), (1.75,), (18,), (2.25,))
('K.93 KernScores', 'P1', 1, (184, 187), (42,), (2.0,), (42,), (2.5,))
('K.93 KernScores', 'P1', 2, (43, 46), (42,), (1.25,), (42,), (1.75,))
('K.93 KernScores', 'P2', 1, (46, 49), (8,), (2.25,), (8,), (2.75,))
('K.93 KernScores', 'P2', 1, (109, 112), (20,), (1.25,), (20,), (1.75,))
('K.93 KernScores', 'P2', 1, (127, 130), (24,), (1.25,), (24,), (1.75,))
('K.93 KernScores', 'P2', 1, (215, 218), (40,), (2.25,), (40,), (2.75,))
('K.93 KernScores', 'P2', 1, (219, 222), (41,), (1.25,), (41,), (1.75,))
('K.93 KernScores', 'P2', 1, (223, 226), (41,), (2.25,), (41,), (2.75,))
('K.93 KernScores', 'P2', 1, (227, 230), (42,), (1.25,), (42,), (1.75,))
('K.93 KernScores', 'P2', 1, (233, 236), (43,), (2.25,), (43,), (2.75,))
('K.93 KernScores', 'P2', 1, (381, 384), (67,), (1.25,), (67,), (1.75,))
('K.93 KernScores', 'P2', 1, (404, 407), (70,), (1.75,), (70,), (2.25,))
('K.93 KernScores', 'P2', 1, (467, 470), (80,), (2.75,), (81,), (1.25,))

55.    ((-2, -2, -2), (0.25, 0.25, 0.25)):
('K.93 KernScores', 'P1', 1, (249, 252), (57,), (2.25,), (57,), (2.75,))
('K.93 KernScores', 'P1', 1, (376, 379), (83,), (2.0,), (83,), (2.5,))
('K.93 KernScores', 'P1', 2, (9, 12), (28,), (1.0,), (28,), (1.5,))
('K.93 KernScores', 'P1', 2, (201, 204), (99,), (2.25,), (99,), (2.75,))
('K.93 KernScores', 'P2', 1, (490, 493), (85,), (1.25,), (85,), (1.75,))
('K.93 KernScores', 'P2', 1, (516, 519), (89,), (2.25,), (89,), (2.75,))
('K.93 KernScores', 'P2', 1, (540, 543), (93,), (1.25,), (93,), (1.75,))
('K.93 KernScores', 'P2', 1, (592, 595), (101,), (2.25,), (101,), (2.75,))

56.    ((2, -3, 4), (0.25, 0.25, 0.25)):
('K.93 KernScores', 'P1', 2, (144, 147), (82,), (2.25,), (82,), (2.75,))
('K.93 KernScores', 'P2', 1, (194, 197), (35,), (2.25,), (35,), (2.75,))
('K.93 KernScores', 'P2', 1, (258, 261), (48,), (1.25,), (48,), (1.75,))
('K.93 KernScores', 'P2', 1, (274, 277), (50,), (1.25,), (50,), (1.75,))
('K.93 KernScores', 'P2', 1, (406, 409), (70,), (2.25,), (70,), (2.75,))
('K.93 KernScores', 'P2', 1, (410, 413), (71,), (1.25,), (71,), (1.75,))
('K.93 KernScores', 'P2', 1, (469, 472), (81,), (1.25,), (81,), (1.75,))

57.    ((-2, -2, 2), (0.25, 0.25, 0.25)):
('K.93 KernScores', 'P1', 1, (462, 465), (99,), (2.25,), (99,), (2.75,))
('K.93 KernScores', 'P1', 2, (5, 8), (15,), (2.25,), (15,), (2.75,))
('K.93 KernScores', 'P1', 2, (26, 29), (37,), (1.25,), (37,), (1.75,))
('K.93 KernScores', 'P2', 1, (580, 583), (100,), (1.25,), (100,), (1.75,))

58.    ((2, 2, -3), (0.25, 0.25, 0.25)):
('K.93 KernScores', 'P1', 1, (76, 79), (20,), (2.0,), (20,), (2.5,))
('K.93 KernScores', 'P1', 1, (268, 271), (62,), (2.0,), (62,), (2.5,))
('K.93 KernScores', 'P2', 1, (409, 412), (71,), (1.0,), (71,), (1.5,))

59.    ((-2, -2, -2), (0.25, 0.25, 1.0)):
('K.93 KernScores', 'P1', 2, (31, 34), (37,), (2.5,), (38,), (1.0,))
('K.93 KernScores', 'P2', 1, (160, 163), (28,), (2.5,), (29,), (1.0,))
('K.93 KernScores', 'P2', 1, (455, 458), (78,), (2.5,), (79,), (1.0,))

60.    ((-2, -2, 7), (0.25, 0.25, 0.25)):
('K.93 KernScores', 'P1', 1, (151, 154), (34,), (1.25,), (34,), (1.75,))
('K.93 KernScores', 'P1', 1, (457, 460), (98,), (2.25,), (98,), (2.75,))

61.    ((-2, 2, 2), (0.75, 0.25, 0.25)):
('K.93 KernScores', 'P1', 1, (349, 352), (77,), (2.5,), (78,), (1.5,))
('K.93 KernScores', 'P1', 2, (42, 45), (41,), (2.5,), (42,), (1.5,))

62.    ((-2, -2, 5), (0.25, 0.25, 1.5)):
('K.93 KernScores', 'P1', 2, (111, 114), (69,), (1.0,), (69,), (1.5,))
('K.93 KernScores', 'P1', 2, (190, 193), (97,), (2.0,), (97,), (2.5,))

63.    ((2, 2, -2), (0.25, 0.25, 0.25)):
('K.93 KernScores', 'P1', 2, (38, 41), (41,), (1.25,), (41,), (1.75,))
('K.93 KernScores', 'P2', 1, (12, 15), (3,), (2.75,), (4,), (1.25,))

64.    ((2, 2), (0.25, 0.25)):
('K.93 KernScores', 'P1', 1, (76, 78), (20,), (2.0,), (20,), (2.25,))
('K.93 KernScores', 'P1', 1, (120, 122), (29,), (2.0,), (29,), (2.25,))
('K.93 KernScores', 'P1', 1, (164, 166), (38,), (1.25,), (38,), (1.5,))
('K.93 KernScores', 'P1', 1, (203, 205), (46,), (1.0,), (46,), (1.25,))
('K.93 KernScores', 'P1', 1, (236, 238), (54,), (1.0,), (54,), (1.25,))
('K.93 KernScores', 'P1', 1, (268, 270), (62,), (2.0,), (62,), (2.25,))
('K.93 KernScores', 'P1', 1, (286, 288), (65,), (1.0,), (65,), (1.25,))
('K.93 KernScores', 'P1', 2, (38, 40), (41,), (1.25,), (41,), (1.5,))
('K.93 KernScores', 'P1', 2, (218, 220), (114,), (1.0,), (114,), (1.25,))
('K.93 KernScores', 'P2', 1, (43, 45), (8,), (1.5,), (8,), (1.75,))
('K.93 KernScores', 'P2', 1, (77, 79), (13,), (2.5,), (13,), (2.75,))
('K.93 KernScores', 'P2', 1, (124, 126), (23,), (2.5,), (23,), (2.75,))
('K.93 KernScores', 'P2', 1, (193, 195), (35,), (2.0,), (35,), (2.25,))
('K.93 KernScores', 'P2', 1, (251, 253), (47,), (1.5,), (47,), (1.75,))
('K.93 KernScores', 'P2', 1, (267, 269), (49,), (1.5,), (49,), (1.75,))
('K.93 KernScores', 'P2', 1, (316, 318), (56,), (2.5,), (56,), (2.75,))
('K.93 KernScores', 'P2', 1, (320, 322), (57,), (1.5,), (57,), (1.75,))
('K.93 KernScores', 'P2', 1, (409, 411), (71,), (1.0,), (71,), (1.25,))
('K.93 KernScores', 'P2', 1, (415, 417), (71,), (2.5,), (71,), (2.75,))
('K.93 KernScores', 'P2', 1, (431, 433), (73,), (2.5,), (73,), (2.75,))

65.    (((3, -2), (3, -2)), ((0.0, 0.25), (0.0, 0.25))):
('K.93 KernScores', 'P1', 1, (338, 340), (75,), (2.25,), (75,), (2.5,))
('K.93 KernScores', 'P1', 1, (341, 343), (76,), (1.25,), (76,), (1.5,))
('K.93 KernScores', 'P1', 1, (344, 346), (76,), (2.25,), (76,), (2.5,))
('K.93 KernScores', 'P1', 1, (493, 495), (105,), (1.0,), (105,), (1.25,))
('K.93 KernScores', 'P1', 1, (498, 500), (105,), (2.25,), (105,), (2.5,))
('K.93 KernScores', 'P1', 1, (504, 506), (106,), (1.75,), (106,), (2.0,))
('K.93 KernScores', 'P1', 1, (508, 510), (106,), (2.75,), (107,), (1.0,))
('K.93 KernScores', 'P1', 1, (510, 512), (107,), (1.25,), (107,), (1.5,))
('K.93 KernScores', 'P1', 1, (514, 516), (107,), (2.25,), (107,), (2.5,))
('K.93 KernScores', 'P1', 1, (520, 522), (108,), (1.75,), (108,), (2.0,))
('K.93 KernScores', 'P1', 2, (119, 121), (77,), (1.25,), (77,), (1.5,))

66.    ((-2, -2), (0.25, 0.25)):
('K.93 KernScores', 'P1', 1, (417, 419), (89,), (2.25,), (89,), (2.5,))
('K.93 KernScores', 'P1', 1, (457, 459), (98,), (2.25,), (98,), (2.5,))
('K.93 KernScores', 'P1', 1, (561, 563), (115,), (2.25,), (115,), (2.5,))
('K.93 KernScores', 'P1', 2, (56, 58), (45,), (2.25,), (45,), (2.5,))
('K.93 KernScores', 'P1', 2, (64, 66), (53,), (2.25,), (53,), (2.5,))
('K.93 KernScores', 'P1', 2, (111, 113), (69,), (1.0,), (69,), (1.25,))
('K.93 KernScores', 'P1', 2, (155, 157), (90,), (1.0,), (90,), (1.25,))
('K.93 KernScores', 'P1', 2, (225, 227), (115,), (2.25,), (115,), (2.5,))
('K.93 KernScores', 'P2', 1, (185, 187), (34,), (2.0,), (34,), (2.25,))
('K.93 KernScores', 'P2', 1, (569, 571), (96,), (2.5,), (96,), (2.75,))
('K.93 KernScores', 'P2', 1, (641, 643), (114,), (1.5,), (114,), (1.75,))

67.    ((-3, 2), (0.25, 0.25)):
('K.93 KernScores', 'P1', 1, (12, 14), (6,), (2.5,), (6,), (2.75,))
('K.93 KernScores', 'P1', 1, (28, 30), (10,), (2.5,), (10,), (2.75,))
('K.93 KernScores', 'P1', 1, (66, 68), (18,), (2.5,), (18,), (2.75,))
('K.93 KernScores', 'P1', 1, (233, 235), (52,), (2.5,), (52,), (2.75,))
('K.93 KernScores', 'P1', 2, (211, 213), (112,), (2.5,), (112,), (2.75,))
('K.93 KernScores', 'P2', 1, (11, 13), (3,), (2.5,), (3,), (2.75,))
('K.93 KernScores', 'P2', 1, (67, 69), (11,), (2.5,), (11,), (2.75,))
('K.93 KernScores', 'P2', 1, (300, 302), (54,), (2.5,), (54,), (2.75,))
('K.93 KernScores', 'P2', 1, (464, 466), (80,), (1.5,), (80,), (1.75,))

68.    ((-2, -2), (0.5, 0.25)):
('K.93 KernScores', 'P1', 1, (354, 356), (78,), (2.5,), (79,), (1.0,))
('K.93 KernScores', 'P1', 2, (193, 195), (98,), (2.0,), (98,), (2.5,))
('K.93 KernScores', 'P2', 1, (643, 645), (114,), (2.0,), (114,), (2.5,))

69.    ((-2, 5), (0.5, 0.5)):
('K.93 KernScores', 'P1', 1, (176, 178), (40,), (2.0,), (40,), (2.5,))
('K.93 KernScores', 'P1', 1, (369, 371), (81,), (1.0,), (81,), (1.5,))

70.    ((2, -6), (0.25, 2.0)):
('K.93 KernScores', 'P1', 1, (464, 466), (99,), (2.75,), (100,), (1.0,))
('K.93 KernScores', 'P1', 2, (133, 135), (80,), (1.75,), (80,), (2.0,))

71.    ((-2, 4), (1.0, 0.5)):
('K.93 KernScores', 'P1', 1, (372, 374), (82,), (1.0,), (82,), (2.0,))
('K.93 KernScores', 'P2', 2, (0, 2), (82,), (1.0,), (82,), (2.0,))

72.    ((-2, 4), (0.25, 0.25)):
('K.93 KernScores', 'P1', 2, (194, 196), (98,), (2.5,), (98,), (2.75,))
('K.93 KernScores', 'P2', 1, (307, 309), (55,), (2.25,), (55,), (2.5,))

73.    ((5, 4), (1.0, 1.0)):
('K.93 KernScores', 'P2', 1, (576, 578), (98,), (1.0,), (98,), (2.0,))
('K.93 KernScores', 'P2', 1, (631, 633), (111,), (1.0,), (111,), (2.0,))

74.    ((-2,), (1.0,)):
('K.93 KernScores', 'P1', 1, (2, 3), (4,), (2.0,), (4,), (2.0,))
('K.93 KernScores', 'P1', 1, (5, 6), (5,), (2.0,), (5,), (2.0,))
('K.93 KernScores', 'P1', 1, (14, 15), (7,), (1.0,), (7,), (1.0,))
('K.93 KernScores', 'P1', 1, (21, 22), (9,), (2.0,), (9,), (2.0,))
('K.93 KernScores', 'P1', 1, (30, 31), (11,), (1.0,), (11,), (1.0,))
('K.93 KernScores', 'P1', 1, (31, 32), (11,), (2.0,), (11,), (2.0,))
('K.93 KernScores', 'P1', 1, (45, 46), (15,), (2.0,), (15,), (2.0,))
('K.93 KernScores', 'P1', 1, (92, 93), (22,), (2.0,), (22,), (2.0,))
('K.93 KernScores', 'P1', 1, (101, 102), (25,), (1.0,), (25,), (1.0,))
('K.93 KernScores', 'P1', 1, (140, 141), (32,), (1.0,), (32,), (1.0,))
('K.93 KernScores', 'P1', 1, (145, 146), (33,), (1.0,), (33,), (1.0,))
('K.93 KernScores', 'P1', 1, (155, 156), (35,), (1.0,), (35,), (1.0,))
('K.93 KernScores', 'P1', 1, (158, 159), (36,), (1.0,), (36,), (1.0,))
('K.93 KernScores', 'P1', 1, (171, 172), (39,), (2.0,), (39,), (2.0,))
('K.93 KernScores', 'P1', 1, (215, 216), (49,), (2.0,), (49,), (2.0,))
('K.93 KernScores', 'P1', 1, (363, 364), (80,), (1.0,), (80,), (1.0,))
('K.93 KernScores', 'P1', 1, (372, 373), (82,), (1.0,), (82,), (1.0,))
('K.93 KernScores', 'P1', 1, (374, 375), (82,), (2.5,), (82,), (2.5,))
('K.93 KernScores', 'P1', 1, (460, 461), (99,), (1.0,), (99,), (1.0,))
('K.93 KernScores', 'P1', 1, (468, 469), (101,), (2.0,), (101,), (2.0,))
('K.93 KernScores', 'P1', 2, (33, 34), (38,), (1.0,), (38,), (1.0,))
('K.93 KernScores', 'P2', 1, (4, 5), (2,), (2.0,), (2,), (2.0,))
('K.93 KernScores', 'P2', 1, (69, 70), (12,), (1.0,), (12,), (1.0,))
('K.93 KernScores', 'P2', 1, (70, 71), (12,), (2.0,), (12,), (2.0,))
('K.93 KernScores', 'P2', 1, (91, 92), (16,), (2.0,), (16,), (2.0,))
('K.93 KernScores', 'P2', 1, (94, 95), (17,), (2.0,), (17,), (2.0,))
('K.93 KernScores', 'P2', 1, (116, 117), (22,), (1.0,), (22,), (1.0,))
('K.93 KernScores', 'P2', 1, (162, 163), (29,), (1.0,), (29,), (1.0,))
('K.93 KernScores', 'P2', 1, (167, 168), (31,), (1.0,), (31,), (1.0,))
('K.93 KernScores', 'P2', 1, (205, 206), (38,), (1.0,), (38,), (1.0,))
('K.93 KernScores', 'P2', 1, (208, 209), (39,), (1.0,), (39,), (1.0,))
('K.93 KernScores', 'P2', 1, (230, 231), (42,), (2.0,), (42,), (2.0,))
('K.93 KernScores', 'P2', 1, (231, 232), (43,), (1.0,), (43,), (1.0,))
('K.93 KernScores', 'P2', 1, (240, 241), (45,), (2.0,), (45,), (2.0,))
('K.93 KernScores', 'P2', 1, (290, 291), (52,), (2.0,), (52,), (2.0,))
('K.93 KernScores', 'P2', 1, (293, 294), (53,), (2.0,), (53,), (2.0,))
('K.93 KernScores', 'P2', 1, (359, 360), (64,), (1.0,), (64,), (1.0,))
('K.93 KernScores', 'P2', 1, (384, 385), (67,), (2.0,), (67,), (2.0,))
('K.93 KernScores', 'P2', 1, (452, 453), (78,), (1.0,), (78,), (1.0,))
('K.93 KernScores', 'P2', 1, (457, 458), (79,), (1.0,), (79,), (1.0,))
('K.93 KernScores', 'P2', 2, (0, 1), (82,), (1.0,), (82,), (1.0,))

75.    ((1,), (0.5,)):
('K.93 KernScores', 'P1', 1, (265, 266), (61,), (2.5,), (61,), (2.5,))
('K.93 KernScores', 'P2', 1, (30, 31), (6,), (1.5,), (6,), (1.5,))
('K.93 KernScores', 'P2', 1, (31, 32), (6,), (2.0,), (6,), (2.0,))
('K.93 KernScores', 'P2', 1, (58, 59), (10,), (1.5,), (10,), (1.5,))
('K.93 KernScores', 'P2', 1, (59, 60), (10,), (2.0,), (10,), (2.0,))
('K.93 KernScores', 'P2', 1, (596, 597), (102,), (1.5,), (102,), (1.5,))
('K.93 KernScores', 'P2', 1, (597, 598), (102,), (2.0,), (102,), (2.0,))
('K.93 KernScores', 'P2', 1, (598, 599), (102,), (2.5,), (102,), (2.5,))
('K.93 KernScores', 'P2', 1, (599, 600), (103,), (1.0,), (103,), (1.0,))
('K.93 KernScores', 'P2', 1, (600, 601), (103,), (1.5,), (103,), (1.5,))
('K.93 KernScores', 'P2', 1, (601, 602), (103,), (2.0,), (103,), (2.0,))
('K.93 KernScores', 'P2', 1, (602, 603), (103,), (2.5,), (103,), (2.5,))
('K.93 KernScores', 'P2', 1, (603, 604), (104,), (1.0,), (104,), (1.0,))
('K.93 KernScores', 'P2', 1, (604, 605), (104,), (1.5,), (104,), (1.5,))
('K.93 KernScores', 'P2', 1, (605, 606), (104,), (2.0,), (104,), (2.0,))
('K.93 KernScores', 'P2', 1, (606, 607), (104,), (2.5,), (104,), (2.5,))
('K.93 KernScores', 'P2', 1, (607, 608), (105,), (1.0,), (105,), (1.0,))
('K.93 KernScores', 'P2', 1, (608, 609), (105,), (1.5,), (105,), (1.5,))
('K.93 KernScores', 'P2', 1, (609, 610), (105,), (2.0,), (105,), (2.0,))
('K.93 KernScores', 'P2', 1, (610, 611), (105,), (2.5,), (105,), (2.5,))
('K.93 KernScores', 'P2', 1, (611, 612), (106,), (1.0,), (106,), (1.0,))
('K.93 KernScores', 'P2', 1, (612, 613), (106,), (1.5,), (106,), (1.5,))
('K.93 KernScores', 'P2', 1, (613, 614), (106,), (2.0,), (106,), (2.0,))
('K.93 KernScores', 'P2', 1, (614, 615), (106,), (2.5,), (106,), (2.5,))
('K.93 KernScores', 'P2', 1, (615, 616), (107,), (1.0,), (107,), (1.0,))
('K.93 KernScores', 'P2', 1, (616, 617), (107,), (1.5,), (107,), (1.5,))
('K.93 KernScores', 'P2', 1, (617, 618), (107,), (2.0,), (107,), (2.0,))
('K.93 KernScores', 'P2', 1, (618, 619), (107,), (2.5,), (107,), (2.5,))
('K.93 KernScores', 'P2', 1, (619, 620), (108,), (1.0,), (108,), (1.0,))
('K.93 KernScores', 'P2', 1, (620, 621), (108,), (1.5,), (108,), (1.5,))
('K.93 KernScores', 'P2', 1, (621, 622), (108,), (2.0,), (108,), (2.0,))
('K.93 KernScores', 'P2', 1, (622, 623), (108,), (2.5,), (108,), (2.5,))
('K.93 KernScores', 'P2', 1, (623, 624), (109,), (1.0,), (109,), (1.0,))
('K.93 KernScores', 'P2', 1, (624, 625), (109,), (1.5,), (109,), (1.5,))
('K.93 KernScores', 'P2', 1, (625, 626), (109,), (2.0,), (109,), (2.0,))
('K.93 KernScores', 'P2', 1, (626, 627), (109,), (2.5,), (109,), (2.5,))
('K.93 KernScores', 'P2', 1, (627, 628), (110,), (1.0,), (110,), (1.0,))
('K.93 KernScores', 'P2', 1, (628, 629), (110,), (1.5,), (110,), (1.5,))
('K.93 KernScores', 'P2', 1, (629, 630), (110,), (2.0,), (110,), (2.0,))

76.    (((3, 2),), ((0.0, 0.25),)):
('K.93 KernScores', 'P1', 1, (415, 416), (89,), (1.75,), (89,), (1.75,))
('K.93 KernScores', 'P1', 1, (433, 434), (92,), (1.75,), (92,), (1.75,))
('K.93 KernScores', 'P1', 1, (435, 436), (92,), (2.5,), (92,), (2.5,))
('K.93 KernScores', 'P1', 1, (471, 472), (102,), (1.5,), (102,), (1.5,))
('K.93 KernScores', 'P1', 1, (472, 473), (102,), (1.75,), (102,), (1.75,))
('K.93 KernScores', 'P1', 1, (473, 474), (102,), (2.0,), (102,), (2.0,))
('K.93 KernScores', 'P1', 1, (474, 475), (102,), (2.25,), (102,), (2.25,))
('K.93 KernScores', 'P1', 1, (476, 477), (102,), (2.75,), (102,), (2.75,))
('K.93 KernScores', 'P1', 1, (477, 478), (103,), (1.0,), (103,), (1.0,))
('K.93 KernScores', 'P1', 1, (478, 479), (103,), (1.25,), (103,), (1.25,))
('K.93 KernScores', 'P1', 1, (488, 489), (104,), (1.75,), (104,), (1.75,))
('K.93 KernScores', 'P1', 1, (489, 490), (104,), (2.0,), (104,), (2.0,))
('K.93 KernScores', 'P1', 1, (490, 491), (104,), (2.25,), (104,), (2.25,))
('K.93 KernScores', 'P1', 1, (492, 493), (104,), (2.75,), (104,), (2.75,))
('K.93 KernScores', 'P1', 1, (526, 527), (109,), (1.25,), (109,), (1.25,))
('K.93 KernScores', 'P1', 1, (527, 528), (109,), (1.5,), (109,), (1.5,))
('K.93 KernScores', 'P1', 1, (528, 529), (109,), (1.75,), (109,), (1.75,))
('K.93 KernScores', 'P1', 1, (529, 530), (109,), (2.0,), (109,), (2.0,))
('K.93 KernScores', 'P1', 1, (536, 537), (110,), (1.75,), (110,), (1.75,))
('K.93 KernScores', 'P1', 1, (537, 538), (110,), (2.0,), (110,), (2.0,))
('K.93 KernScores', 'P1', 1, (538, 539), (110,), (2.25,), (110,), (2.25,))
('K.93 KernScores', 'P1', 1, (540, 541), (110,), (2.75,), (110,), (2.75,))
('K.93 KernScores', 'P1', 1, (541, 542), (111,), (1.0,), (111,), (1.0,))
('K.93 KernScores', 'P1', 1, (542, 543), (111,), (1.25,), (111,), (1.25,))
('K.93 KernScores', 'P1', 2, (121, 122), (77,), (1.75,), (77,), (1.75,))

77.    ((4,), (0.5,)):
('K.93 KernScores', 'P1', 1, (255, 256), (59,), (1.5,), (59,), (1.5,))
('K.93 KernScores', 'P1', 1, (373, 374), (82,), (2.0,), (82,), (2.0,))
('K.93 KernScores', 'P1', 1, (449, 450), (97,), (2.0,), (97,), (2.0,))
('K.93 KernScores', 'P1', 2, (72, 73), (56,), (1.0,), (56,), (1.0,))
('K.93 KernScores', 'P1', 2, (185, 186), (96,), (2.5,), (96,), (2.5,))
('K.93 KernScores', 'P2', 1, (32, 33), (6,), (2.5,), (6,), (2.5,))
('K.93 KernScores', 'P2', 1, (60, 61), (10,), (2.5,), (10,), (2.5,))
('K.93 KernScores', 'P2', 1, (328, 329), (58,), (2.0,), (58,), (2.0,))
('K.93 KernScores', 'P2', 1, (342, 343), (60,), (2.5,), (60,), (2.5,))
('K.93 KernScores', 'P2', 1, (443, 444), (75,), (2.0,), (75,), (2.0,))
('K.93 KernScores', 'P2', 1, (445, 446), (76,), (1.0,), (76,), (1.0,))
('K.93 KernScores', 'P2', 1, (447, 448), (76,), (2.0,), (76,), (2.0,))
('K.93 KernScores', 'P2', 1, (449, 450), (77,), (1.0,), (77,), (1.0,))
('K.93 KernScores', 'P2', 1, (481, 482), (83,), (1.0,), (83,), (1.0,))
('K.93 KernScores', 'P2', 1, (507, 508), (88,), (1.0,), (88,), (1.0,))
('K.93 KernScores', 'P2', 1, (513, 514), (89,), (1.0,), (89,), (1.0,))
('K.93 KernScores', 'P2', 1, (527, 528), (91,), (1.0,), (91,), (1.0,))
('K.93 KernScores', 'P2', 1, (533, 534), (92,), (1.0,), (92,), (1.0,))
('K.93 KernScores', 'P2', 1, (534, 535), (92,), (1.5,), (92,), (1.5,))
('K.93 KernScores', 'P2', 1, (630, 631), (110,), (2.5,), (110,), (2.5,))
('K.93 KernScores', 'P2', 2, (1, 2), (82,), (2.0,), (82,), (2.0,))

78.    ((2,), (0.5,)):
('K.93 KernScores', 'P1', 1, (15, 16), (7,), (2.0,), (7,), (2.0,))
('K.93 KernScores', 'P1', 1, (16, 17), (7,), (2.5,), (7,), (2.5,))
('K.93 KernScores', 'P1', 1, (115, 116), (28,), (2.5,), (28,), (2.5,))
('K.93 KernScores', 'P1', 1, (245, 246), (55,), (2.5,), (55,), (2.5,))
('K.93 KernScores', 'P1', 1, (253, 254), (58,), (2.5,), (58,), (2.5,))
('K.93 KernScores', 'P1', 1, (266, 267), (62,), (1.0,), (62,), (1.0,))
('K.93 KernScores', 'P1', 1, (267, 268), (62,), (1.5,), (62,), (1.5,))
('K.93 KernScores', 'P1', 1, (284, 285), (64,), (2.0,), (64,), (2.0,))
('K.93 KernScores', 'P1', 1, (285, 286), (64,), (2.5,), (64,), (2.5,))
('K.93 KernScores', 'P1', 1, (375, 376), (83,), (1.5,), (83,), (1.5,))
('K.93 KernScores', 'P1', 2, (71, 72), (55,), (2.5,), (55,), (2.5,))
('K.93 KernScores', 'P1', 2, (101, 102), (62,), (1.5,), (62,), (1.5,))
('K.93 KernScores', 'P1', 2, (206, 207), (112,), (1.0,), (112,), (1.0,))
('K.93 KernScores', 'P2', 1, (181, 182), (33,), (2.0,), (33,), (2.0,))
('K.93 KernScores', 'P2', 1, (182, 183), (33,), (2.5,), (33,), (2.5,))
('K.93 KernScores', 'P2', 1, (184, 185), (34,), (1.5,), (34,), (1.5,))
('K.93 KernScores', 'P2', 1, (508, 509), (88,), (1.5,), (88,), (1.5,))
('K.93 KernScores', 'P2', 1, (528, 529), (91,), (1.5,), (91,), (1.5,))
('K.93 KernScores', 'P2', 1, (638, 639), (113,), (1.5,), (113,), (1.5,))

79.    ((3,), (0.25,)):
('K.93 KernScores', 'P1', 1, (207, 208), (46,), (2.5,), (46,), (2.5,))
('K.93 KernScores', 'P1', 1, (231, 232), (52,), (2.0,), (52,), (2.0,))
('K.93 KernScores', 'P1', 1, (240, 241), (54,), (2.5,), (54,), (2.5,))
('K.93 KernScores', 'P1', 1, (347, 348), (77,), (2.0,), (77,), (2.0,))
('K.93 KernScores', 'P1', 1, (461, 462), (99,), (2.0,), (99,), (2.0,))
('K.93 KernScores', 'P1', 2, (29, 30), (37,), (2.0,), (37,), (2.0,))
('K.93 KernScores', 'P1', 2, (81, 82), (58,), (2.5,), (58,), (2.5,))
('K.93 KernScores', 'P1', 2, (147, 148), (83,), (1.0,), (83,), (1.0,))
('K.93 KernScores', 'P1', 2, (198, 199), (99,), (1.5,), (99,), (1.5,))
('K.93 KernScores', 'P2', 1, (42, 43), (8,), (1.25,), (8,), (1.25,))
('K.93 KernScores', 'P2', 1, (123, 124), (23,), (2.25,), (23,), (2.25,))
('K.93 KernScores', 'P2', 1, (149, 150), (27,), (1.25,), (27,), (1.25,))
('K.93 KernScores', 'P2', 1, (250, 251), (47,), (1.25,), (47,), (1.25,))
('K.93 KernScores', 'P2', 1, (266, 267), (49,), (1.25,), (49,), (1.25,))
('K.93 KernScores', 'P2', 1, (319, 320), (57,), (1.25,), (57,), (1.25,))
('K.93 KernScores', 'P2', 1, (403, 404), (70,), (1.5,), (70,), (1.5,))
('K.93 KernScores', 'P2', 1, (414, 415), (71,), (2.25,), (71,), (2.25,))
('K.93 KernScores', 'P2', 1, (418, 419), (72,), (1.25,), (72,), (1.25,))

80.    ((-2,), (0.25,)):
('K.93 KernScores', 'P1', 1, (39, 40), (12,), (2.75,), (12,), (2.75,))
('K.93 KernScores', 'P1', 1, (55, 56), (17,), (1.25,), (17,), (1.25,))
('K.93 KernScores', 'P1', 1, (109, 110), (26,), (1.75,), (26,), (1.75,))
('K.93 KernScores', 'P1', 1, (133, 134), (31,), (1.25,), (31,), (1.25,))
('K.93 KernScores', 'P1', 1, (305, 306), (68,), (2.5,), (68,), (2.5,))
('K.93 KernScores', 'P1', 1, (356, 357), (79,), (1.25,), (79,), (1.25,))
('K.93 KernScores', 'P1', 1, (555, 556), (113,), (1.75,), (113,), (1.75,))
('K.93 KernScores', 'P1', 2, (40, 41), (41,), (1.75,), (41,), (1.75,))
('K.93 KernScores', 'P1', 2, (95, 96), (61,), (1.25,), (61,), (1.25,))
('K.93 KernScores', 'P2', 1, (264, 265), (48,), (2.75,), (48,), (2.75,))
('K.93 KernScores', 'P2', 1, (340, 341), (60,), (1.75,), (60,), (1.75,))
('K.93 KernScores', 'P2', 1, (352, 353), (62,), (1.25,), (62,), (1.25,))
('K.93 KernScores', 'P2', 1, (456, 457), (78,), (2.75,), (78,), (2.75,))

81.    ((4,), (1.0,)):
('K.93 KernScores', 'P1', 1, (1, 2), (4,), (1.0,), (4,), (1.0,))
('K.93 KernScores', 'P1', 1, (154, 155), (34,), (2.0,), (34,), (2.0,))
('K.93 KernScores', 'P1', 2, (96, 97), (61,), (1.5,), (61,), (1.5,))
('K.93 KernScores', 'P2', 1, (89, 90), (15,), (2.0,), (15,), (2.0,))
('K.93 KernScores', 'P2', 1, (90, 91), (16,), (1.0,), (16,), (1.0,))
('K.93 KernScores', 'P2', 1, (203, 204), (37,), (1.0,), (37,), (1.0,))
('K.93 KernScores', 'P2', 1, (204, 205), (37,), (2.0,), (37,), (2.0,))
('K.93 KernScores', 'P2', 1, (289, 290), (52,), (1.0,), (52,), (1.0,))
('K.93 KernScores', 'P2', 1, (451, 452), (77,), (2.0,), (77,), (2.0,))
('K.93 KernScores', 'P2', 1, (501, 502), (86,), (2.0,), (86,), (2.0,))
('K.93 KernScores', 'P2', 1, (577, 578), (98,), (2.0,), (98,), (2.0,))
('K.93 KernScores', 'P2', 1, (632, 633), (111,), (2.0,), (111,), (2.0,))

82.    ((5,), (1.0,)):
('K.93 KernScores', 'P1', 1, (17, 18), (8,), (1.0,), (8,), (1.0,))
('K.93 KernScores', 'P1', 1, (97, 98), (23,), (2.0,), (23,), (2.0,))
('K.93 KernScores', 'P1', 1, (214, 215), (49,), (1.0,), (49,), (1.0,))
('K.93 KernScores', 'P1', 2, (204, 205), (100,), (1.0,), (100,), (1.0,))
('K.93 KernScores', 'P2', 1, (0, 1), (1,), (1.0,), (1,), (1.0,))
('K.93 KernScores', 'P2', 1, (112, 113), (20,), (2.0,), (20,), (2.0,))
('K.93 KernScores', 'P2', 1, (163, 164), (29,), (2.0,), (29,), (2.0,))
('K.93 KernScores', 'P2', 1, (236, 237), (44,), (1.0,), (44,), (1.0,))
('K.93 KernScores', 'P2', 1, (355, 356), (62,), (2.0,), (62,), (2.0,))
('K.93 KernScores', 'P2', 1, (576, 577), (98,), (1.0,), (98,), (1.0,))
('K.93 KernScores', 'P2', 1, (578, 579), (99,), (1.0,), (99,), (1.0,))
('K.93 KernScores', 'P2', 1, (631, 632), (111,), (1.0,), (111,), (1.0,))

83.    ((4,), (0.25,)):
('K.93 KernScores', 'P1', 1, (47, 48), (16,), (1.25,), (16,), (1.25,))
('K.93 KernScores', 'P1', 1, (348, 349), (77,), (2.25,), (77,), (2.25,))
('K.93 KernScores', 'P1', 2, (146, 147), (82,), (2.75,), (82,), (2.75,))
('K.93 KernScores', 'P2', 1, (196, 197), (35,), (2.75,), (35,), (2.75,))
('K.93 KernScores', 'P2', 1, (260, 261), (48,), (1.75,), (48,), (1.75,))
('K.93 KernScores', 'P2', 1, (276, 277), (50,), (1.75,), (50,), (1.75,))
('K.93 KernScores', 'P2', 1, (308, 309), (55,), (2.5,), (55,), (2.5,))
('K.93 KernScores', 'P2', 1, (353, 354), (62,), (1.5,), (62,), (1.5,))
('K.93 KernScores', 'P2', 1, (408, 409), (70,), (2.75,), (70,), (2.75,))
('K.93 KernScores', 'P2', 1, (412, 413), (71,), (1.75,), (71,), (1.75,))
('K.93 KernScores', 'P2', 1, (471, 472), (81,), (1.75,), (81,), (1.75,))

84.    ((-2,), (0.75,)):
('K.93 KernScores', 'P1', 1, (307, 308), (69,), (1.0,), (69,), (1.0,))
('K.93 KernScores', 'P1', 1, (316, 317), (70,), (2.0,), (70,), (2.0,))
('K.93 KernScores', 'P1', 1, (349, 350), (77,), (2.5,), (77,), (2.5,))
('K.93 KernScores', 'P1', 1, (437, 438), (93,), (2.0,), (93,), (2.0,))
('K.93 KernScores', 'P1', 1, (439, 440), (94,), (2.0,), (94,), (2.0,))
('K.93 KernScores', 'P1', 1, (441, 442), (95,), (2.0,), (95,), (2.0,))
('K.93 KernScores', 'P1', 1, (443, 444), (96,), (2.0,), (96,), (2.0,))
('K.93 KernScores', 'P1', 2, (42, 43), (41,), (2.5,), (41,), (2.5,))
('K.93 KernScores', 'P2', 1, (156, 157), (28,), (1.0,), (28,), (1.0,))
('K.93 KernScores', 'P2', 1, (322, 323), (57,), (2.0,), (57,), (2.0,))
('K.93 KernScores', 'P2', 1, (433, 434), (74,), (1.0,), (74,), (1.0,))

85.    ((2,), (0.25,)):
('K.93 KernScores', 'P1', 1, (116, 117), (29,), (1.0,), (29,), (1.0,))
('K.93 KernScores', 'P1', 1, (219, 220), (51,), (1.0,), (51,), (1.0,))
('K.93 KernScores', 'P1', 1, (336, 337), (75,), (1.25,), (75,), (1.25,))
('K.93 KernScores', 'P1', 1, (550, 551), (112,), (1.25,), (112,), (1.25,))
('K.93 KernScores', 'P1', 2, (109, 110), (67,), (2.5,), (67,), (2.5,))
('K.93 KernScores', 'P1', 2, (123, 124), (77,), (2.75,), (77,), (2.75,))
('K.93 KernScores', 'P1', 2, (214, 215), (113,), (1.25,), (113,), (1.25,))
('K.93 KernScores', 'P2', 1, (147, 148), (26,), (2.75,), (26,), (2.75,))
('K.93 KernScores', 'P2', 1, (503, 504), (87,), (2.0,), (87,), (2.0,))
('K.93 KernScores', 'P2', 1, (645, 646), (114,), (2.75,), (114,), (2.75,))

86.    ((2,), (1.0,)):
('K.93 KernScores', 'P1', 1, (213, 214), (48,), (2.0,), (48,), (2.0,))
('K.93 KernScores', 'P1', 1, (218, 219), (50,), (2.0,), (50,), (2.0,))
('K.93 KernScores', 'P1', 1, (244, 245), (55,), (1.5,), (55,), (1.5,))
('K.93 KernScores', 'P1', 1, (371, 372), (81,), (2.0,), (81,), (2.0,))
('K.93 KernScores', 'P1', 2, (24, 25), (32,), (2.0,), (32,), (2.0,))
('K.93 KernScores', 'P2', 1, (121, 122), (23,), (1.0,), (23,), (1.0,))
('K.93 KernScores', 'P2', 1, (213, 214), (40,), (1.0,), (40,), (1.0,))
('K.93 KernScores', 'P2', 1, (484, 485), (84,), (1.0,), (84,), (1.0,))
('K.93 KernScores', 'P2', 1, (502, 503), (87,), (1.0,), (87,), (1.0,))
('K.93 KernScores', 'P2', 1, (571, 572), (97,), (1.0,), (97,), (1.0,))

87.    ((-3,), (0.5,)):
('K.93 KernScores', 'P1', 1, (43, 44), (14,), (1.5,), (14,), (1.5,))
('K.93 KernScores', 'P2', 1, (29, 30), (6,), (1.0,), (6,), (1.0,))
('K.93 KernScores', 'P2', 1, (57, 58), (10,), (1.0,), (10,), (1.0,))
('K.93 KernScores', 'P2', 1, (183, 184), (34,), (1.0,), (34,), (1.0,))
('K.93 KernScores', 'P2', 1, (595, 596), (102,), (1.0,), (102,), (1.0,))

88.    ((-5,), (0.5,)):
('K.93 KernScores', 'P2', 1, (444, 445), (75,), (2.5,), (75,), (2.5,))
('K.93 KernScores', 'P2', 1, (514, 515), (89,), (1.5,), (89,), (1.5,))
('K.93 KernScores', 'P2', 1, (633, 634), (112,), (1.0,), (112,), (1.0,))
('K.93 KernScores', 'P2', 1, (637, 638), (113,), (1.0,), (113,), (1.0,))

89.    ((1,), (1.0,)):
('K.93 KernScores', 'P2', 1, (646, 647), (115,), (1.0,), (115,), (1.0,))
('K.93 KernScores', 'P2', 2, (3, 4), (114,), (1.0,), (114,), (1.0,))
('K.93 KernScores', 'P2', 2, (4, 5), (114,), (2.0,), (114,), (2.0,))
('K.93 KernScores', 'P2', 2, (5, 6), (115,), (1.0,), (115,), (1.0,))

90.    (((3, -2),), ((0.0, 0.5),)):
('K.93 KernScores', 'P1', 1, (414, 415), (89,), (1.25,), (89,), (1.25,))
('K.93 KernScores', 'P1', 1, (432, 433), (92,), (1.25,), (92,), (1.25,))
('K.93 KernScores', 'P1', 2, (73, 74), (56,), (1.5,), (56,), (1.5,))

91.    ((8,), (0.5,)):
('K.93 KernScores', 'P1', 1, (353, 354), (78,), (2.0,), (78,), (2.0,))
('K.93 KernScores', 'P2', 1, (330, 331), (59,), (1.0,), (59,), (1.0,))
('K.93 KernScores', 'P2', 1, (341, 342), (60,), (2.0,), (60,), (2.0,))

92.    (((3, 3),), ((0.0, 1.0),)):
('K.93 KernScores', 'P1', 1, (111, 112), (27,), (1.0,), (27,), (1.0,))
('K.93 KernScores', 'P1', 1, (323, 324), (72,), (1.0,), (72,), (1.0,))

93.    ((-4,), (0.5,)):
('K.93 KernScores', 'P1', 1, (217, 218), (50,), (1.5,), (50,), (1.5,))
('K.93 KernScores', 'P1', 1, (254, 255), (59,), (1.0,), (59,), (1.0,))

94.    ((-2,), (0.12,)):
('K.93 KernScores', 'P1', 1, (367, 368), (80,), (2.75,), (80,), (2.75,))
('K.93 KernScores', 'P1', 1, (368, 369), (80,), (2.88,), (80,), (2.88,))

95.    (((6, 2),), ((0.0, 0.25),)):
('K.93 KernScores', 'P1', 1, (395, 396), (86,), (1.75,), (86,), (1.75,))
('K.93 KernScores', 'P1', 1, (484, 485), (103,), (2.75,), (103,), (2.75,))

96.    ((8,), (0.25,)):
('K.93 KernScores', 'P2', 1, (140, 141), (26,), (1.0,), (26,), (1.0,))
('K.93 KernScores', 'P2', 1, (222, 223), (41,), (2.0,), (41,), (2.0,))

97.    ((-5,), (1.0,)):
('K.93 KernScores', 'P2', 1, (483, 484), (83,), (2.0,), (83,), (2.0,))
('K.93 KernScores', 'P2', 1, (647, 648), (115,), (2.0,), (115,), (2.0,))

