1.    nomes:
K.93 KernScores

2.    quantidade:
1

3.    analise:
[('intDia', 'p1p2'), ('duracao', 'p1p2'), ('Ptempo', 'p1')] SemContInte Distancia: 0

1.    ((2, 2, 2, -2, -2, -2, -2, -2, -2, -2, -2, -3, 1, 1, 4, 2, 2, 2, 2, 2, 2, -3, 2), (0.25, 0.25, 0.25, 0.25, 0.25, 0.25, 0.25, 0.25, 0.25, 0.25, 0.25, 0.5, 0.5, 0.5, 0.5, 0.25, 0.25, 0.25, 0.25, 0.25, 0.25, 0.25, 0.25), (0.25,)):
('K.93 KernScores', 'P2', 1, (19, 42), (4,), (2.25,), (7,), (2.75,))
('K.93 KernScores', 'P2', 1, (47, 70), (8,), (2.25,), (11,), (2.75,))

2.    ((2, 2, 2, 2, 2, 2, -3, 2, -2, 1, -2, 2, 2, 2, 2, 2, 2), (0.25, 0.25, 0.25, 0.25, 0.25, 0.25, 0.25, 0.25, 1.0, 0.0, 1.0, 0.25, 0.25, 0.25, 0.25, 0.25, 0.25), (0.0,)):
('K.93 KernScores', 'P1', 1, (24, 41), (10,), (1.0,), (12,), (2.25,))
('K.93 KernScores', 'P2', 1, (62, 79), (11,), (1.0,), (13,), (2.25,))

3.    ((2, 2, -3, -2, -2, -2, -2, -2, -2, -2, -2, -2, 2, 2, 2, 2), (0.25, 0.25, 0.25, 0.25, 0.25, 0.25, 0.25, 0.25, 0.25, 0.25, 0.25, 0.25, 0.25, 0.25, 0.25, 0.25), (0.0,)):
('K.93 KernScores', 'P1', 1, (80, 96), (20,), (2.0,), (22,), (1.75,))
('K.93 KernScores', 'P1', 1, (278, 294), (62,), (2.0,), (64,), (1.75,))

4.    (((3, -2), (3, -2), (3, -2), (6, -2), (6, 3), (3, -2), (3, -2), (6, -2), (6, -2), (6, -2), (6, 3), (3, -2), (3, -2), (6, -2), (6, 3), (3, -2)), ((0.0, 0.25), (0.0, 0.25), (0.0, 0.25), (0.0, 0.25), (0.0, 0.25), (0.0, 0.25), (0.0, 0.25), (0.0, 0.25), (0.0, 0.25), (0.0, 0.25), (0.0, 0.25), (0.0, 0.25), (0.0, 0.25), (0.0, 0.25), (0.0, 0.25), (0.0, 0.25)), (0.0,)):
('K.93 KernScores', 'P1', 1, (504, 520), (105,), (1.0,), (106,), (2.75,))
('K.93 KernScores', 'P1', 1, (520, 536), (107,), (1.0,), (108,), (2.75,))

5.    ((2, 2, 2, 5, -3, -3, -3, 1, 2, -2, -2, 2, 2, 2, 2), (0.25, 0.25, 0.25, 1.0, 1.0, 0.5, 0.5, 0.0, 1.0, 0.0, 0.0, 0.25, 0.25, 0.25, 0.25), (0.25,)):
('K.93 KernScores', 'P1', 1, (98, 113), (23,), (1.25,), (25,), (2.75,))
('K.93 KernScores', 'P2', 1, (112, 127), (20,), (1.25,), (22,), (2.75,))

6.    ((4, -2, -3, -3, 1, -2, 2, 2, 2, 2, 2, 2, -3, 2), (1.0, 1.0, 0.5, 0.5, 0.0, 1.0, 0.25, 0.25, 0.25, 0.25, 0.25, 0.25, 0.25, 0.25), (0.0,)):
('K.93 KernScores', 'P1', 1, (1, 15), (4,), (1.0,), (6,), (2.75,))
('K.93 KernScores', 'P2', 1, (92, 106), (16,), (1.0,), (18,), (2.75,))
('K.93 KernScores', 'P2', 1, (302, 316), (52,), (1.0,), (54,), (2.75,))

7.    ((-3, -3, 1, -2, 2, 2, 2, 2, 2, 2, -3, 2, -2), (0.5, 0.5, 0.0, 1.0, 0.25, 0.25, 0.25, 0.25, 0.25, 0.25, 0.25, 0.25, 1.0), (0.0,)):
('K.93 KernScores', 'P1', 1, (3, 16), (5,), (1.0,), (7,), (1.0,))
('K.93 KernScores', 'P1', 1, (20, 33), (9,), (1.0,), (11,), (1.0,))

8.    (((3, 2), (3, 2), (3, 2), (3, -3), (3, 2), (3, 2), (3, 2), (3, -3), (6, 2), (6, 2), (6, 2), (6, -3)), ((0.0, 0.25), (0.0, 0.25), (0.0, 0.25), (0.0, 0.25), (0.0, 0.25), (0.0, 0.25), (0.0, 0.25), (0.0, 0.25), (0.0, 0.25), (0.0, 0.25), (0.0, 0.25), (0.0, 0.25)), (0.75,)):
('K.93 KernScores', 'P1', 1, (483, 495), (102,), (1.75,), (103,), (2.5,))
('K.93 KernScores', 'P1', 1, (547, 559), (110,), (1.75,), (111,), (2.5,))

9.    ((2, 2, 2, 2, -2, -2, -2, -2, -2, -2, -2, -2), (0.25, 0.25, 0.25, 0.25, 1.0, 0.25, 0.25, 0.25, 0.25, 0.25, 0.25, 0.25), (0.0,)):
('K.93 KernScores', 'P1', 1, (148, 160), (32,), (2.0,), (34,), (1.5,))
('K.93 KernScores', 'P2', 1, (397, 409), (67,), (1.0,), (68,), (2.5,))

10.    ((2, 2, 2, 2, 2, 2, -2, -2, -2, -2, -2, -2), (0.25, 0.25, 0.25, 0.25, 0.25, 0.25, 0.75, 0.25, 0.25, 0.25, 0.25, 0.25), (0.5,)):
('K.93 KernScores', 'P2', 1, (156, 168), (27,), (1.5,), (28,), (2.75,))
('K.93 KernScores', 'P2', 1, (444, 456), (73,), (1.5,), (74,), (2.75,))

11.    (((6, 2), (6, 2), (6, -2), (6, -2), (6, -2), (8, 9), 2, -2, (3, -2), (3, -2), (3, 2)), ((0.0, 0.25), (0.0, 0.25), (0.0, 0.25), (0.0, 0.5), (0.0, 0.25), (0.0, 0.5), 0.25, 0.25, (0.0, 0.25), (0.0, 0.5), (0.0, 0.25)), (0.5,)):
('K.93 KernScores', 'P1', 1, (415, 426), (87,), (2.5,), (89,), (1.75,))
('K.93 KernScores', 'P1', 1, (433, 444), (90,), (2.5,), (92,), (1.75,))

12.    ((-2, -2, -2, -2, -2, -2, -2, -2, -2, -2, -2), (0.25, 0.25, 0.25, 0.25, 0.25, 0.25, 0.25, 0.25, 0.25, 0.25, 0.25), (0.25,)):
('K.93 KernScores', 'P2', 1, (580, 591), (95,), (2.25,), (96,), (2.75,))
('K.93 KernScores', 'P2', 1, (604, 615), (100,), (2.25,), (101,), (2.75,))

13.    ((-2, -2, -2, -2, -2, -2, -2, -2, -2, -2), (0.25, 0.25, 0.25, 0.25, 0.25, 0.25, 0.25, 0.25, 0.25, 0.25), (0.0,)):
('K.93 KernScores', 'P1', 2, (86, 96), (60,), (1.0,), (61,), (1.25,))
('K.93 KernScores', 'P2', 1, (357, 367), (61,), (1.0,), (62,), (1.25,))
('K.93 KernScores', 'P2', 1, (603, 613), (100,), (2.0,), (101,), (2.25,))

14.    ((-2, -2, -2, -2, -2, -2, -2, -2, -2), (0.25, 0.25, 0.25, 0.25, 0.25, 0.25, 0.25, 0.25, 0.25), (0.75,)):
('K.93 KernScores', 'P1', 1, (83, 92), (20,), (2.75,), (21,), (2.75,))
('K.93 KernScores', 'P1', 1, (281, 290), (62,), (2.75,), (63,), (2.75,))
('K.93 KernScores', 'P2', 1, (346, 355), (59,), (1.75,), (60,), (1.75,))
('K.93 KernScores', 'P2', 1, (451, 460), (74,), (1.75,), (75,), (1.75,))
('K.93 KernScores', 'P2', 1, (582, 591), (95,), (2.75,), (96,), (2.75,))
('K.93 KernScores', 'P2', 1, (606, 615), (100,), (2.75,), (101,), (2.75,))

15.    ((-2, -2, -2, -2, -2, -2, -2, -2, -2), (0.25, 0.25, 0.25, 0.25, 0.25, 0.25, 0.25, 0.25, 0.25), (0.0,)):
('K.93 KernScores', 'P1', 1, (337, 346), (74,), (1.0,), (75,), (1.0,))
('K.93 KernScores', 'P1', 2, (86, 95), (60,), (1.0,), (61,), (1.0,))
('K.93 KernScores', 'P2', 1, (357, 366), (61,), (1.0,), (62,), (1.0,))
('K.93 KernScores', 'P2', 1, (603, 612), (100,), (2.0,), (101,), (2.0,))

16.    ((2, 2, 2, 2, 2, 2, -3, -2, (3, -2)), (0.25, 0.25, 0.25, 0.25, 0.25, 0.25, 0.25, 0.25, (0.0, 1.0)), (0.0,)):
('K.93 KernScores', 'P1', 1, (35, 44), (12,), (1.0,), (13,), (1.0,))
('K.93 KernScores', 'P1', 1, (109, 118), (25,), (2.0,), (26,), (2.0,))

17.    ((-2, -2, -2, -2, -2, (8, 7), -2, -2, -2), (0.25, 0.25, 0.25, 0.25, 0.25, (0.0, 0.25), 0.25, 0.25, 0.25), (0.75,)):
('K.93 KernScores', 'P1', 1, (130, 139), (29,), (2.75,), (30,), (2.75,))
('K.93 KernScores', 'P2', 1, (566, 575), (93,), (2.75,), (94,), (2.75,))

18.    ((2, 2, 2, 2, -2, 2, -3, 2), (0.25, 0.25, 0.25, 0.25, 0.25, 0.25, 0.25, 0.25), (0.0,)):
('K.93 KernScores', 'P1', 2, (135, 143), (81,), (2.0,), (82,), (1.75,))
('K.93 KernScores', 'P2', 1, (492, 500), (81,), (2.0,), (82,), (1.75,))

19.    ((-2, -2, -2, -2, -2, -2, 4, -5), (0.25, 0.25, 0.25, 0.25, 0.25, 0.25, 0.25, 0.25), (0.0,)):
('K.93 KernScores', 'P2', 1, (316, 324), (55,), (1.0,), (55,), (2.75,))
('K.93 KernScores', 'P2', 1, (361, 369), (61,), (2.0,), (62,), (1.75,))

20.    ((2, 2, 2, 2, 2, 2, 2), (0.25, 0.25, 0.25, 0.25, 0.25, 0.25, 0.25), (0.0,)):
('K.93 KernScores', 'P1', 2, (103, 110), (67,), (1.0,), (67,), (2.5,))
('K.93 KernScores', 'P2', 1, (73, 80), (13,), (1.0,), (13,), (2.5,))
('K.93 KernScores', 'P2', 1, (177, 184), (31,), (2.0,), (32,), (1.5,))
('K.93 KernScores', 'P2', 1, (294, 301), (51,), (1.0,), (51,), (2.5,))
('K.93 KernScores', 'P2', 1, (324, 331), (56,), (1.0,), (56,), (2.5,))
('K.93 KernScores', 'P2', 1, (393, 400), (66,), (2.0,), (67,), (1.5,))
('K.93 KernScores', 'P2', 1, (438, 445), (72,), (2.0,), (73,), (1.5,))

21.    ((-2, -2, -2, 2, 2, 2, 2), (0.25, 0.25, 0.25, 0.25, 0.25, 0.25, 0.25), (0.25,)):
('K.93 KernScores', 'P1', 1, (140, 147), (31,), (1.25,), (31,), (2.75,))
('K.93 KernScores', 'P2', 1, (15, 22), (4,), (1.25,), (4,), (2.75,))
('K.93 KernScores', 'P2', 1, (291, 298), (50,), (2.25,), (51,), (1.75,))

22.    ((3, 2, 2, -2, -2, 3, -2), (2.0, 0.25, 0.25, 0.75, 0.25, 0.25, 0.25), (0.0,)):
('K.93 KernScores', 'P1', 1, (210, 217), (45,), (1.0,), (46,), (2.75,))
('K.93 KernScores', 'P1', 1, (245, 252), (53,), (1.0,), (54,), (2.75,))

23.    ((-2, -2, 3, -2, 3, -2, -2), (0.25, 0.25, 0.25, 0.25, 0.25, 0.25, 0.25), (0.0,)):
('K.93 KernScores', 'P1', 1, (462, 469), (98,), (1.0,), (98,), (2.5,))
('K.93 KernScores', 'P1', 2, (196, 203), (99,), (1.0,), (99,), (2.5,))

24.    ((-2, -2, -2, -2, -2, -2, 4), (0.75, 0.25, 0.25, 0.25, 0.25, 0.25, 0.5), (0.0,)):
('K.93 KernScores', 'P1', 1, (453, 460), (96,), (2.0,), (97,), (2.0,))
('K.93 KernScores', 'P2', 1, (336, 343), (57,), (2.0,), (58,), (2.0,))

25.    ((-2, -2, -2, -2, 3, -2, -2), (0.25, 0.25, 0.25, 0.25, 0.25, 0.25, 0.25), (0.0,)):
('K.93 KernScores', 'P1', 2, (51, 58), (45,), (1.0,), (45,), (2.5,))
('K.93 KernScores', 'P1', 2, (59, 66), (53,), (1.0,), (53,), (2.5,))

26.    ((2, 2, 2, -8, 2, 2, 2), (0.25, 0.25, 0.25, 0.25, 0.25, 0.25, 0.25), (0.25,)):
('K.93 KernScores', 'P2', 1, (227, 234), (40,), (2.25,), (41,), (1.75,))
('K.93 KernScores', 'P2', 1, (235, 242), (41,), (2.25,), (42,), (1.75,))

27.    ((2, 2, 2, -3, 4, 2, 2), (0.25, 0.25, 0.25, 0.25, 0.25, 0.25, 0.25), (0.75,)):
('K.93 KernScores', 'P2', 1, (421, 428), (70,), (1.75,), (71,), (1.25,))
('K.93 KernScores', 'P2', 1, (487, 494), (80,), (2.75,), (81,), (2.25,))

28.    ((2, 2, 2, 2, 2, 2), (0.25, 0.25, 0.25, 0.25, 0.25, 0.25), (0.0,)):
('K.93 KernScores', 'P1', 1, (7, 13), (6,), (1.0,), (6,), (2.25,))
('K.93 KernScores', 'P1', 1, (24, 30), (10,), (1.0,), (10,), (2.25,))
('K.93 KernScores', 'P1', 1, (35, 41), (12,), (1.0,), (12,), (2.25,))
('K.93 KernScores', 'P1', 1, (109, 115), (25,), (2.0,), (26,), (1.25,))
('K.93 KernScores', 'P1', 2, (103, 109), (67,), (1.0,), (67,), (2.25,))
('K.93 KernScores', 'P2', 1, (6, 12), (3,), (1.0,), (3,), (2.25,))
('K.93 KernScores', 'P2', 1, (34, 40), (7,), (1.0,), (7,), (2.25,))
('K.93 KernScores', 'P2', 1, (62, 68), (11,), (1.0,), (11,), (2.25,))
('K.93 KernScores', 'P2', 1, (73, 79), (13,), (1.0,), (13,), (2.25,))
('K.93 KernScores', 'P2', 1, (98, 104), (18,), (1.0,), (18,), (2.25,))
('K.93 KernScores', 'P2', 1, (177, 183), (31,), (2.0,), (32,), (1.25,))
('K.93 KernScores', 'P2', 1, (254, 260), (46,), (1.0,), (46,), (2.25,))
('K.93 KernScores', 'P2', 1, (308, 314), (54,), (1.0,), (54,), (2.25,))
('K.93 KernScores', 'P2', 1, (324, 330), (56,), (1.0,), (56,), (2.25,))
('K.93 KernScores', 'P2', 1, (377, 383), (64,), (2.0,), (65,), (1.25,))
('K.93 KernScores', 'P2', 1, (385, 391), (65,), (2.0,), (66,), (1.25,))
('K.93 KernScores', 'P2', 1, (393, 399), (66,), (2.0,), (67,), (1.25,))
('K.93 KernScores', 'P2', 1, (438, 444), (72,), (2.0,), (73,), (1.25,))
('K.93 KernScores', 'P2', 1, (478, 484), (79,), (2.0,), (80,), (1.25,))

29.    ((-2, -2, 2, 2, 2, 2), (0.25, 0.25, 0.25, 0.25, 0.25, 0.25), (0.5,)):
('K.93 KernScores', 'P1', 1, (60, 66), (17,), (1.5,), (17,), (2.75,))
('K.93 KernScores', 'P1', 1, (141, 147), (31,), (1.5,), (31,), (2.75,))
('K.93 KernScores', 'P1', 1, (367, 373), (79,), (1.5,), (79,), (2.75,))
('K.93 KernScores', 'P1', 2, (13, 19), (28,), (2.5,), (29,), (1.75,))
('K.93 KernScores', 'P2', 1, (16, 22), (4,), (1.5,), (4,), (2.75,))
('K.93 KernScores', 'P2', 1, (292, 298), (50,), (2.5,), (51,), (1.75,))

30.    ((-2, -2, -2, 3, -2, -2), (0.25, 0.25, 0.25, 0.25, 0.25, 0.25), (0.25,)):
('K.93 KernScores', 'P1', 1, (136, 142), (30,), (2.25,), (31,), (1.5,))
('K.93 KernScores', 'P1', 2, (52, 58), (45,), (1.25,), (45,), (2.5,))
('K.93 KernScores', 'P1', 2, (60, 66), (53,), (1.25,), (53,), (2.5,))

31.    ((2, 2, 2, 2, 2, -3), (0.25, 0.75, 0.25, 0.25, 0.25, 0.25), (0.75,)):
('K.93 KernScores', 'P1', 1, (65, 71), (17,), (2.75,), (18,), (2.5,))
('K.93 KernScores', 'P2', 1, (485, 491), (80,), (1.75,), (81,), (1.5,))

32.    ((5, -3, -3, -3, 1, 2), (1.0, 1.0, 0.5, 0.5, 0.0, 1.0), (0.0,)):
('K.93 KernScores', 'P1', 1, (217, 223), (47,), (1.0,), (48,), (2.0,))
('K.93 KernScores', 'P2', 1, (369, 375), (62,), (2.0,), (64,), (1.0,))

33.    ((2, 2, 2, 2, 2, 2), (0.25, 0.25, 0.25, 0.25, 0.5, 0.5), (0.0,)):
('K.93 KernScores', 'P1', 1, (290, 296), (64,), (1.0,), (64,), (2.5,))
('K.93 KernScores', 'P2', 1, (186, 192), (33,), (1.0,), (33,), (2.5,))

34.    ((-2, -2, -2, -2, -2, -2), (0.75, 0.25, 0.25, 0.25, 0.25, 0.25), (0.0,)):
('K.93 KernScores', 'P1', 1, (326, 332), (70,), (2.0,), (71,), (1.75,))
('K.93 KernScores', 'P2', 1, (162, 168), (28,), (1.0,), (28,), (2.75,))

35.    ((2, 2, 2, 2, 2), (0.25, 0.25, 0.25, 0.25, 1.0), (0.0,)):
('K.93 KernScores', 'P1', 2, (20, 25), (32,), (1.0,), (32,), (2.0,))
('K.93 KernScores', 'P2', 1, (123, 128), (22,), (2.0,), (23,), (1.0,))
('K.93 KernScores', 'P2', 1, (221, 226), (39,), (2.0,), (40,), (1.0,))

36.    ((-2, -2, 5, -2, -2), (0.25, 0.25, 0.25, 0.75, 0.25), (0.25,)):
('K.93 KernScores', 'P1', 1, (314, 319), (68,), (2.25,), (69,), (1.75,))
('K.93 KernScores', 'P1', 1, (427, 432), (89,), (2.25,), (90,), (1.75,))

37.    ((-2, 2, -3, 2, -2), (0.25, 0.25, 0.25, 0.25, 0.25), (0.0,)):
('K.93 KernScores', 'P1', 1, (54, 59), (16,), (2.0,), (17,), (1.0,))
('K.93 KernScores', 'P1', 2, (139, 144), (82,), (1.0,), (82,), (2.0,))

38.    ((-4, 2, -2, -2, -2), (0.25, 0.25, 0.5, 0.5, 0.5), (0.0,)):
('K.93 KernScores', 'P1', 1, (560, 565), (112,), (1.0,), (112,), (2.5,))
('K.93 KernScores', 'P1', 2, (213, 218), (113,), (1.0,), (113,), (2.5,))

39.    ((-2, -2, -2, -2, 2), (0.25, 0.25, 0.25, 0.25, 0.5), (0.5,)):
('K.93 KernScores', 'P1', 2, (67, 72), (55,), (1.5,), (55,), (2.5,))
('K.93 KernScores', 'P1', 2, (97, 102), (61,), (2.5,), (62,), (1.5,))

40.    ((2, 2, 2, 2), (0.25, 0.25, 0.25, 0.25), (0.0,)):
('K.93 KernScores', 'P1', 1, (74, 78), (19,), (2.0,), (19,), (2.75,))
('K.93 KernScores', 'P1', 1, (92, 96), (22,), (1.0,), (22,), (1.75,))
('K.93 KernScores', 'P1', 1, (97, 101), (23,), (1.0,), (23,), (1.75,))
('K.93 KernScores', 'P1', 1, (148, 152), (32,), (2.0,), (32,), (2.75,))
('K.93 KernScores', 'P1', 1, (167, 171), (36,), (2.0,), (36,), (2.75,))
('K.93 KernScores', 'P1', 1, (175, 179), (39,), (1.0,), (39,), (1.75,))
('K.93 KernScores', 'P1', 1, (180, 184), (40,), (1.0,), (40,), (1.75,))
('K.93 KernScores', 'P1', 1, (196, 200), (43,), (1.0,), (43,), (1.75,))
('K.93 KernScores', 'P1', 1, (290, 294), (64,), (1.0,), (64,), (1.75,))
('K.93 KernScores', 'P1', 1, (306, 310), (66,), (2.0,), (66,), (2.75,))
('K.93 KernScores', 'P1', 2, (0, 4), (15,), (1.0,), (15,), (1.75,))
('K.93 KernScores', 'P1', 2, (20, 24), (32,), (1.0,), (32,), (1.75,))
('K.93 KernScores', 'P1', 2, (130, 134), (80,), (1.0,), (80,), (1.75,))
('K.93 KernScores', 'P1', 2, (135, 139), (81,), (2.0,), (81,), (2.75,))
('K.93 KernScores', 'P2', 1, (123, 127), (22,), (2.0,), (22,), (2.75,))
('K.93 KernScores', 'P2', 1, (186, 190), (33,), (1.0,), (33,), (1.75,))
('K.93 KernScores', 'P2', 1, (221, 225), (39,), (2.0,), (39,), (2.75,))
('K.93 KernScores', 'P2', 1, (298, 302), (51,), (2.0,), (51,), (2.75,))
('K.93 KernScores', 'P2', 1, (492, 496), (81,), (2.0,), (81,), (2.75,))

41.    ((-2, 2, -3, 2), (0.25, 0.25, 0.25, 0.25), (0.0,)):
('K.93 KernScores', 'P1', 1, (54, 58), (16,), (2.0,), (16,), (2.75,))
('K.93 KernScores', 'P1', 2, (139, 143), (82,), (1.0,), (82,), (1.75,))
('K.93 KernScores', 'P2', 1, (496, 500), (82,), (1.0,), (82,), (1.75,))

42.    ((-2, -2, -2, -2), (1.0, 0.25, 0.25, 0.25), (0.0,)):
('K.93 KernScores', 'P1', 1, (373, 377), (80,), (1.0,), (80,), (2.5,))
('K.93 KernScores', 'P1', 2, (33, 37), (38,), (1.0,), (38,), (2.5,))
('K.93 KernScores', 'P2', 1, (469, 473), (78,), (1.0,), (78,), (2.5,))

43.    ((-2, -2, -2, 2), (0.25, 0.25, 0.25, 0.25), (0.5,)):
('K.93 KernScores', 'P1', 1, (52, 56), (16,), (1.5,), (16,), (2.25,))
('K.93 KernScores', 'P1', 1, (343, 347), (74,), (2.5,), (75,), (1.25,))

44.    ((3, 4, -2, -2), (0.25, 0.25, 0.25, 0.25), (0.0,)):
('K.93 KernScores', 'P1', 1, (237, 241), (52,), (1.0,), (52,), (1.75,))
('K.93 KernScores', 'P1', 2, (29, 33), (37,), (2.0,), (37,), (2.75,))

45.    (((3, 2), -2, -2, -2), ((0.0, 0.25), 0.25, 0.25, 0.25), (0.0,)):
('K.93 KernScores', 'P1', 1, (258, 262), (57,), (2.0,), (57,), (2.75,))
('K.93 KernScores', 'P1', 2, (158, 162), (93,), (1.0,), (93,), (1.75,))

46.    ((-3, 2, -3, 2), (0.25, 0.25, 0.25, 0.25), (0.0,)):
('K.93 KernScores', 'P1', 1, (567, 571), (113,), (2.0,), (113,), (2.75,))
('K.93 KernScores', 'P1', 2, (209, 213), (112,), (2.0,), (112,), (2.75,))

47.    ((-2, -2, -2, 5), (0.25, 0.25, 0.25, 1.0), (0.25,)):
('K.93 KernScores', 'P1', 2, (201, 205), (99,), (2.25,), (100,), (1.0,))
('K.93 KernScores', 'P2', 1, (593, 597), (97,), (2.25,), (98,), (1.0,))

48.    ((-3, 2, -3, 2), (0.25, 0.25, 0.25, 0.25), (0.5,)):
('K.93 KernScores', 'P1', 2, (207, 211), (112,), (1.5,), (112,), (2.25,))
('K.93 KernScores', 'P2', 1, (104, 108), (18,), (2.5,), (19,), (1.25,))

49.    ((-2, -2, -2), (0.25, 0.25, 0.25), (0.25,)):
('K.93 KernScores', 'P1', 1, (136, 139), (30,), (2.25,), (30,), (2.75,))
('K.93 KernScores', 'P1', 1, (259, 262), (57,), (2.25,), (57,), (2.75,))
('K.93 KernScores', 'P1', 2, (201, 204), (99,), (2.25,), (99,), (2.75,))
('K.93 KernScores', 'P2', 1, (275, 278), (48,), (2.25,), (48,), (2.75,))
('K.93 KernScores', 'P2', 1, (510, 513), (85,), (1.25,), (85,), (1.75,))
('K.93 KernScores', 'P2', 1, (524, 527), (87,), (2.25,), (87,), (2.75,))
('K.93 KernScores', 'P2', 1, (536, 539), (89,), (2.25,), (89,), (2.75,))
('K.93 KernScores', 'P2', 1, (560, 563), (93,), (1.25,), (93,), (1.75,))
('K.93 KernScores', 'P2', 1, (588, 591), (96,), (2.25,), (96,), (2.75,))
('K.93 KernScores', 'P2', 1, (612, 615), (101,), (2.25,), (101,), (2.75,))

50.    ((2, -3, 4), (0.25, 0.25, 0.25), (0.25,)):
('K.93 KernScores', 'P1', 2, (144, 147), (82,), (2.25,), (82,), (2.75,))
('K.93 KernScores', 'P2', 1, (203, 206), (35,), (2.25,), (35,), (2.75,))
('K.93 KernScores', 'P2', 1, (271, 274), (48,), (1.25,), (48,), (1.75,))
('K.93 KernScores', 'P2', 1, (287, 290), (50,), (1.25,), (50,), (1.75,))
('K.93 KernScores', 'P2', 1, (423, 426), (70,), (2.25,), (70,), (2.75,))
('K.93 KernScores', 'P2', 1, (427, 430), (71,), (1.25,), (71,), (1.75,))
('K.93 KernScores', 'P2', 1, (489, 492), (81,), (1.25,), (81,), (1.75,))

51.    ((2, -2, -2), (0.25, 0.25, 0.25), (0.0,)):
('K.93 KernScores', 'P1', 2, (224, 227), (115,), (2.0,), (115,), (2.5,))
('K.93 KernScores', 'P2', 1, (14, 17), (4,), (1.0,), (4,), (1.5,))
('K.93 KernScores', 'P2', 1, (274, 277), (48,), (2.0,), (48,), (2.5,))
('K.93 KernScores', 'P2', 1, (290, 293), (50,), (2.0,), (50,), (2.5,))
('K.93 KernScores', 'P2', 1, (523, 526), (87,), (2.0,), (87,), (2.5,))

52.    ((-2, -2, 2), (0.25, 0.25, 0.25), (0.25,)):
('K.93 KernScores', 'P1', 1, (472, 475), (99,), (2.25,), (99,), (2.75,))
('K.93 KernScores', 'P1', 2, (5, 8), (15,), (2.25,), (15,), (2.75,))
('K.93 KernScores', 'P1', 2, (26, 29), (37,), (1.25,), (37,), (1.75,))
('K.93 KernScores', 'P2', 1, (600, 603), (100,), (1.25,), (100,), (1.75,))

53.    ((2, 2, -3), (0.25, 0.25, 0.25), (0.0,)):
('K.93 KernScores', 'P1', 1, (80, 83), (20,), (2.0,), (20,), (2.5,))
('K.93 KernScores', 'P1', 1, (113, 116), (26,), (1.0,), (26,), (1.5,))
('K.93 KernScores', 'P1', 1, (278, 281), (62,), (2.0,), (62,), (2.5,))
('K.93 KernScores', 'P2', 1, (426, 429), (71,), (1.0,), (71,), (1.5,))

54.    ((-2, -2, 7), (0.25, 0.25, 0.25), (0.25,)):
('K.93 KernScores', 'P1', 1, (158, 161), (34,), (1.25,), (34,), (1.75,))
('K.93 KernScores', 'P1', 1, (467, 470), (98,), (2.25,), (98,), (2.75,))

55.    ((-2, 2, 2), (0.75, 0.25, 0.25), (0.5,)):
('K.93 KernScores', 'P1', 1, (359, 362), (77,), (2.5,), (78,), (1.5,))
('K.93 KernScores', 'P1', 2, (42, 45), (41,), (2.5,), (42,), (1.5,))

56.    ((2, -2, -2), (1.25, 0.25, 0.25), (0.0,)):
('K.93 KernScores', 'P1', 1, (572, 575), (115,), (1.0,), (115,), (2.5,))
('K.93 KernScores', 'P2', 1, (599, 602), (99,), (2.0,), (100,), (1.5,))

57.    ((-2, -2, 5), (0.25, 0.25, 1.5), (0.0,)):
('K.93 KernScores', 'P1', 2, (111, 114), (69,), (1.0,), (69,), (1.5,))
('K.93 KernScores', 'P1', 2, (190, 193), (97,), (2.0,), (97,), (2.5,))

58.    ((-2, -2, -2), (0.25, 0.25, 1.0), (0.5,)):
('K.93 KernScores', 'P1', 2, (31, 34), (37,), (2.5,), (38,), (1.0,))
('K.93 KernScores', 'P2', 1, (166, 169), (28,), (2.5,), (29,), (1.0,))

59.    ((-3, 2), (0.25, 0.25), (0.5,)):
('K.93 KernScores', 'P1', 1, (13, 15), (6,), (2.5,), (6,), (2.75,))
('K.93 KernScores', 'P1', 1, (30, 32), (10,), (2.5,), (10,), (2.75,))
('K.93 KernScores', 'P1', 1, (70, 72), (18,), (2.5,), (18,), (2.75,))
('K.93 KernScores', 'P1', 1, (243, 245), (52,), (2.5,), (52,), (2.75,))
('K.93 KernScores', 'P1', 2, (207, 209), (112,), (1.5,), (112,), (1.75,))
('K.93 KernScores', 'P2', 1, (12, 14), (3,), (2.5,), (3,), (2.75,))
('K.93 KernScores', 'P2', 1, (40, 42), (7,), (2.5,), (7,), (2.75,))
('K.93 KernScores', 'P2', 1, (68, 70), (11,), (2.5,), (11,), (2.75,))
('K.93 KernScores', 'P2', 1, (104, 106), (18,), (2.5,), (18,), (2.75,))
('K.93 KernScores', 'P2', 1, (260, 262), (46,), (2.5,), (46,), (2.75,))
('K.93 KernScores', 'P2', 1, (314, 316), (54,), (2.5,), (54,), (2.75,))
('K.93 KernScores', 'P2', 1, (383, 385), (65,), (1.5,), (65,), (1.75,))
('K.93 KernScores', 'P2', 1, (391, 393), (66,), (1.5,), (66,), (1.75,))
('K.93 KernScores', 'P2', 1, (484, 486), (80,), (1.5,), (80,), (1.75,))

60.    ((2, 2), (0.25, 0.25), (0.0,)):
('K.93 KernScores', 'P1', 1, (80, 82), (20,), (2.0,), (20,), (2.25,))
('K.93 KernScores', 'P1', 1, (127, 129), (29,), (2.0,), (29,), (2.25,))
('K.93 KernScores', 'P1', 1, (211, 213), (46,), (1.0,), (46,), (1.25,))
('K.93 KernScores', 'P1', 1, (233, 235), (51,), (2.0,), (51,), (2.25,))
('K.93 KernScores', 'P1', 1, (246, 248), (54,), (1.0,), (54,), (1.25,))
('K.93 KernScores', 'P1', 1, (278, 280), (62,), (2.0,), (62,), (2.25,))
('K.93 KernScores', 'P1', 1, (296, 298), (65,), (1.0,), (65,), (1.25,))
('K.93 KernScores', 'P1', 2, (218, 220), (114,), (1.0,), (114,), (1.25,))
('K.93 KernScores', 'P2', 1, (202, 204), (35,), (2.0,), (35,), (2.25,))
('K.93 KernScores', 'P2', 1, (426, 428), (71,), (1.0,), (71,), (1.25,))

61.    (((3, -2), (3, -2)), ((0.0, 0.25), (0.0, 0.25)), (0.25,)):
('K.93 KernScores', 'P1', 1, (348, 350), (75,), (2.25,), (75,), (2.5,))
('K.93 KernScores', 'P1', 1, (351, 353), (76,), (1.25,), (76,), (1.5,))
('K.93 KernScores', 'P1', 1, (354, 356), (76,), (2.25,), (76,), (2.5,))
('K.93 KernScores', 'P1', 1, (505, 507), (105,), (1.25,), (105,), (1.5,))
('K.93 KernScores', 'P1', 1, (509, 511), (105,), (2.25,), (105,), (2.5,))
('K.93 KernScores', 'P1', 1, (521, 523), (107,), (1.25,), (107,), (1.5,))
('K.93 KernScores', 'P1', 1, (525, 527), (107,), (2.25,), (107,), (2.5,))
('K.93 KernScores', 'P1', 2, (119, 121), (77,), (1.25,), (77,), (1.5,))

62.    ((-2, -2), (0.25, 0.25), (0.5,)):
('K.93 KernScores', 'P1', 1, (52, 54), (16,), (1.5,), (16,), (1.75,))
('K.93 KernScores', 'P1', 1, (239, 241), (52,), (1.5,), (52,), (1.75,))
('K.93 KernScores', 'P1', 2, (31, 33), (37,), (2.5,), (37,), (2.75,))
('K.93 KernScores', 'P2', 1, (345, 347), (59,), (1.5,), (59,), (1.75,))
('K.93 KernScores', 'P2', 1, (661, 663), (114,), (1.5,), (114,), (1.75,))

63.    ((-2, -2), (0.25, 0.25), (0.0,)):
('K.93 KernScores', 'P1', 1, (58, 60), (17,), (1.0,), (17,), (1.25,))
('K.93 KernScores', 'P1', 1, (365, 367), (79,), (1.0,), (79,), (1.25,))
('K.93 KernScores', 'P1', 2, (111, 113), (69,), (1.0,), (69,), (1.25,))
('K.93 KernScores', 'P1', 2, (155, 157), (90,), (1.0,), (90,), (1.25,))
('K.93 KernScores', 'P2', 1, (194, 196), (34,), (2.0,), (34,), (2.25,))

64.    ((2, -2), (0.25, 0.25), (0.5,)):
('K.93 KernScores', 'P1', 1, (421, 423), (88,), (2.5,), (88,), (2.75,))
('K.93 KernScores', 'P1', 1, (439, 441), (91,), (2.5,), (91,), (2.75,))
('K.93 KernScores', 'P1', 2, (39, 41), (41,), (1.5,), (41,), (1.75,))

65.    ((-2, 5), (0.5, 0.5), (0.0,)):
('K.93 KernScores', 'P1', 1, (184, 186), (40,), (2.0,), (40,), (2.5,))
('K.93 KernScores', 'P1', 1, (379, 381), (81,), (1.0,), (81,), (1.5,))

66.    ((2, -6), (0.25, 2.0), (0.75,)):
('K.93 KernScores', 'P1', 1, (474, 476), (99,), (2.75,), (100,), (1.0,))
('K.93 KernScores', 'P1', 2, (133, 135), (80,), (1.75,), (80,), (2.0,))

67.    ((-2, -3), (0.25, 0.25), (0.75,)):
('K.93 KernScores', 'P1', 1, (566, 568), (113,), (1.75,), (113,), (2.0,))
('K.93 KernScores', 'P2', 1, (277, 279), (48,), (2.75,), (49,), (1.0,))

68.    ((-2, 4), (1.0, 0.5), (0.0,)):
('K.93 KernScores', 'P1', 1, (382, 384), (82,), (1.0,), (82,), (2.0,))
('K.93 KernScores', 'P2', 2, (0, 2), (82,), (1.0,), (82,), (2.0,))

69.    ((-2, -2), (0.25, 0.5), (0.75,)):
('K.93 KernScores', 'P1', 2, (40, 42), (41,), (1.75,), (41,), (2.0,))
('K.93 KernScores', 'P2', 1, (662, 664), (114,), (1.75,), (114,), (2.0,))

70.    ((5, 4), (1.0, 1.0), (0.0,)):
('K.93 KernScores', 'P2', 1, (596, 598), (98,), (1.0,), (98,), (2.0,))
('K.93 KernScores', 'P2', 1, (651, 653), (111,), (1.0,), (111,), (2.0,))

71.    ((-2,), (1.0,), (0.0,)):
('K.93 KernScores', 'P1', 1, (2, 3), (4,), (2.0,), (4,), (2.0,))
('K.93 KernScores', 'P1', 1, (6, 7), (5,), (2.0,), (5,), (2.0,))
('K.93 KernScores', 'P1', 1, (15, 16), (7,), (1.0,), (7,), (1.0,))
('K.93 KernScores', 'P1', 1, (23, 24), (9,), (2.0,), (9,), (2.0,))
('K.93 KernScores', 'P1', 1, (32, 33), (11,), (1.0,), (11,), (1.0,))
('K.93 KernScores', 'P1', 1, (34, 35), (11,), (2.0,), (11,), (2.0,))
('K.93 KernScores', 'P1', 1, (49, 50), (15,), (2.0,), (15,), (2.0,))
('K.93 KernScores', 'P1', 1, (96, 97), (22,), (2.0,), (22,), (2.0,))
('K.93 KernScores', 'P1', 1, (147, 148), (32,), (1.0,), (32,), (1.0,))
('K.93 KernScores', 'P1', 1, (152, 153), (33,), (1.0,), (33,), (1.0,))
('K.93 KernScores', 'P1', 1, (162, 163), (35,), (1.0,), (35,), (1.0,))
('K.93 KernScores', 'P1', 1, (166, 167), (36,), (1.0,), (36,), (1.0,))
('K.93 KernScores', 'P1', 1, (179, 180), (39,), (2.0,), (39,), (2.0,))
('K.93 KernScores', 'P1', 1, (224, 225), (49,), (2.0,), (49,), (2.0,))
('K.93 KernScores', 'P1', 1, (373, 374), (80,), (1.0,), (80,), (1.0,))
('K.93 KernScores', 'P1', 1, (382, 383), (82,), (1.0,), (82,), (1.0,))
('K.93 KernScores', 'P1', 1, (470, 471), (99,), (1.0,), (99,), (1.0,))
('K.93 KernScores', 'P1', 1, (479, 480), (101,), (2.0,), (101,), (2.0,))
('K.93 KernScores', 'P1', 2, (33, 34), (38,), (1.0,), (38,), (1.0,))
('K.93 KernScores', 'P2', 1, (5, 6), (2,), (2.0,), (2,), (2.0,))
('K.93 KernScores', 'P2', 1, (70, 71), (12,), (1.0,), (12,), (1.0,))
('K.93 KernScores', 'P2', 1, (72, 73), (12,), (2.0,), (12,), (2.0,))
('K.93 KernScores', 'P2', 1, (93, 94), (16,), (2.0,), (16,), (2.0,))
('K.93 KernScores', 'P2', 1, (97, 98), (17,), (2.0,), (17,), (2.0,))
('K.93 KernScores', 'P2', 1, (168, 169), (29,), (1.0,), (29,), (1.0,))
('K.93 KernScores', 'P2', 1, (214, 215), (38,), (1.0,), (38,), (1.0,))
('K.93 KernScores', 'P2', 1, (242, 243), (42,), (2.0,), (42,), (2.0,))
('K.93 KernScores', 'P2', 1, (243, 244), (43,), (1.0,), (43,), (1.0,))
('K.93 KernScores', 'P2', 1, (253, 254), (45,), (2.0,), (45,), (2.0,))
('K.93 KernScores', 'P2', 1, (303, 304), (52,), (2.0,), (52,), (2.0,))
('K.93 KernScores', 'P2', 1, (307, 308), (53,), (2.0,), (53,), (2.0,))
('K.93 KernScores', 'P2', 1, (401, 402), (67,), (2.0,), (67,), (2.0,))
('K.93 KernScores', 'P2', 1, (469, 470), (78,), (1.0,), (78,), (1.0,))
('K.93 KernScores', 'P2', 2, (0, 1), (82,), (1.0,), (82,), (1.0,))

72.    ((1,), (0.5,), (0.5,)):
('K.93 KernScores', 'P1', 1, (275, 276), (61,), (2.5,), (61,), (2.5,))
('K.93 KernScores', 'P2', 1, (31, 32), (6,), (1.5,), (6,), (1.5,))
('K.93 KernScores', 'P2', 1, (59, 60), (10,), (1.5,), (10,), (1.5,))
('K.93 KernScores', 'P2', 1, (616, 617), (102,), (1.5,), (102,), (1.5,))
('K.93 KernScores', 'P2', 1, (618, 619), (102,), (2.5,), (102,), (2.5,))
('K.93 KernScores', 'P2', 1, (620, 621), (103,), (1.5,), (103,), (1.5,))
('K.93 KernScores', 'P2', 1, (622, 623), (103,), (2.5,), (103,), (2.5,))
('K.93 KernScores', 'P2', 1, (624, 625), (104,), (1.5,), (104,), (1.5,))
('K.93 KernScores', 'P2', 1, (626, 627), (104,), (2.5,), (104,), (2.5,))
('K.93 KernScores', 'P2', 1, (628, 629), (105,), (1.5,), (105,), (1.5,))
('K.93 KernScores', 'P2', 1, (630, 631), (105,), (2.5,), (105,), (2.5,))
('K.93 KernScores', 'P2', 1, (632, 633), (106,), (1.5,), (106,), (1.5,))
('K.93 KernScores', 'P2', 1, (634, 635), (106,), (2.5,), (106,), (2.5,))
('K.93 KernScores', 'P2', 1, (636, 637), (107,), (1.5,), (107,), (1.5,))
('K.93 KernScores', 'P2', 1, (638, 639), (107,), (2.5,), (107,), (2.5,))
('K.93 KernScores', 'P2', 1, (640, 641), (108,), (1.5,), (108,), (1.5,))
('K.93 KernScores', 'P2', 1, (642, 643), (108,), (2.5,), (108,), (2.5,))
('K.93 KernScores', 'P2', 1, (644, 645), (109,), (1.5,), (109,), (1.5,))
('K.93 KernScores', 'P2', 1, (646, 647), (109,), (2.5,), (109,), (2.5,))
('K.93 KernScores', 'P2', 1, (648, 649), (110,), (1.5,), (110,), (1.5,))

73.    ((2,), (1.0,), (0.0,)):
('K.93 KernScores', 'P1', 1, (106, 107), (25,), (1.0,), (25,), (1.0,))
('K.93 KernScores', 'P1', 1, (222, 223), (48,), (2.0,), (48,), (2.0,))
('K.93 KernScores', 'P1', 1, (228, 229), (50,), (2.0,), (50,), (2.0,))
('K.93 KernScores', 'P1', 1, (381, 382), (81,), (2.0,), (81,), (2.0,))
('K.93 KernScores', 'P1', 2, (24, 25), (32,), (2.0,), (32,), (2.0,))
('K.93 KernScores', 'P2', 1, (110, 111), (19,), (2.0,), (19,), (2.0,))
('K.93 KernScores', 'P2', 1, (120, 121), (22,), (1.0,), (22,), (1.0,))
('K.93 KernScores', 'P2', 1, (127, 128), (23,), (1.0,), (23,), (1.0,))
('K.93 KernScores', 'P2', 1, (174, 175), (31,), (1.0,), (31,), (1.0,))
('K.93 KernScores', 'P2', 1, (218, 219), (39,), (1.0,), (39,), (1.0,))
('K.93 KernScores', 'P2', 1, (225, 226), (40,), (1.0,), (40,), (1.0,))
('K.93 KernScores', 'P2', 1, (374, 375), (64,), (1.0,), (64,), (1.0,))
('K.93 KernScores', 'P2', 1, (475, 476), (79,), (1.0,), (79,), (1.0,))
('K.93 KernScores', 'P2', 1, (504, 505), (84,), (1.0,), (84,), (1.0,))
('K.93 KernScores', 'P2', 1, (522, 523), (87,), (1.0,), (87,), (1.0,))
('K.93 KernScores', 'P2', 1, (591, 592), (97,), (1.0,), (97,), (1.0,))

74.    ((2,), (0.5,), (0.5,)):
('K.93 KernScores', 'P1', 1, (17, 18), (7,), (2.5,), (7,), (2.5,))
('K.93 KernScores', 'P1', 1, (122, 123), (28,), (2.5,), (28,), (2.5,))
('K.93 KernScores', 'P1', 1, (255, 256), (55,), (2.5,), (55,), (2.5,))
('K.93 KernScores', 'P1', 1, (263, 264), (58,), (2.5,), (58,), (2.5,))
('K.93 KernScores', 'P1', 1, (277, 278), (62,), (1.5,), (62,), (1.5,))
('K.93 KernScores', 'P1', 1, (295, 296), (64,), (2.5,), (64,), (2.5,))
('K.93 KernScores', 'P1', 1, (385, 386), (83,), (1.5,), (83,), (1.5,))
('K.93 KernScores', 'P1', 2, (71, 72), (55,), (2.5,), (55,), (2.5,))
('K.93 KernScores', 'P1', 2, (101, 102), (62,), (1.5,), (62,), (1.5,))
('K.93 KernScores', 'P2', 1, (191, 192), (33,), (2.5,), (33,), (2.5,))
('K.93 KernScores', 'P2', 1, (193, 194), (34,), (1.5,), (34,), (1.5,))
('K.93 KernScores', 'P2', 1, (528, 529), (88,), (1.5,), (88,), (1.5,))
('K.93 KernScores', 'P2', 1, (548, 549), (91,), (1.5,), (91,), (1.5,))
('K.93 KernScores', 'P2', 1, (658, 659), (113,), (1.5,), (113,), (1.5,))

75.    ((-2,), (0.5,), (0.0,)):
('K.93 KernScores', 'P1', 1, (72, 73), (19,), (1.0,), (19,), (1.0,))
('K.93 KernScores', 'P1', 1, (78, 79), (20,), (1.0,), (20,), (1.0,))
('K.93 KernScores', 'P1', 1, (184, 185), (40,), (2.0,), (40,), (2.0,))
('K.93 KernScores', 'P1', 1, (186, 187), (41,), (1.0,), (41,), (1.0,))
('K.93 KernScores', 'P1', 1, (188, 189), (41,), (2.0,), (41,), (2.0,))
('K.93 KernScores', 'P1', 1, (190, 191), (42,), (1.0,), (42,), (1.0,))
('K.93 KernScores', 'P1', 1, (200, 201), (43,), (2.0,), (43,), (2.0,))
('K.93 KernScores', 'P1', 1, (304, 305), (66,), (1.0,), (66,), (1.0,))
('K.93 KernScores', 'P1', 1, (379, 380), (81,), (1.0,), (81,), (1.0,))
('K.93 KernScores', 'P1', 1, (563, 564), (112,), (2.0,), (112,), (2.0,))
('K.93 KernScores', 'P1', 2, (41, 42), (41,), (2.0,), (41,), (2.0,))
('K.93 KernScores', 'P1', 2, (193, 194), (98,), (2.0,), (98,), (2.0,))
('K.93 KernScores', 'P1', 2, (216, 217), (113,), (2.0,), (113,), (2.0,))
('K.93 KernScores', 'P2', 1, (663, 664), (114,), (2.0,), (114,), (2.0,))

76.    ((4,), (0.5,), (0.0,)):
('K.93 KernScores', 'P1', 1, (383, 384), (82,), (2.0,), (82,), (2.0,))
('K.93 KernScores', 'P1', 1, (459, 460), (97,), (2.0,), (97,), (2.0,))
('K.93 KernScores', 'P1', 2, (72, 73), (56,), (1.0,), (56,), (1.0,))
('K.93 KernScores', 'P2', 1, (342, 343), (58,), (2.0,), (58,), (2.0,))
('K.93 KernScores', 'P2', 1, (460, 461), (75,), (2.0,), (75,), (2.0,))
('K.93 KernScores', 'P2', 1, (462, 463), (76,), (1.0,), (76,), (1.0,))
('K.93 KernScores', 'P2', 1, (464, 465), (76,), (2.0,), (76,), (2.0,))
('K.93 KernScores', 'P2', 1, (466, 467), (77,), (1.0,), (77,), (1.0,))
('K.93 KernScores', 'P2', 1, (501, 502), (83,), (1.0,), (83,), (1.0,))
('K.93 KernScores', 'P2', 1, (527, 528), (88,), (1.0,), (88,), (1.0,))
('K.93 KernScores', 'P2', 1, (533, 534), (89,), (1.0,), (89,), (1.0,))
('K.93 KernScores', 'P2', 1, (547, 548), (91,), (1.0,), (91,), (1.0,))
('K.93 KernScores', 'P2', 1, (553, 554), (92,), (1.0,), (92,), (1.0,))
('K.93 KernScores', 'P2', 2, (1, 2), (82,), (2.0,), (82,), (2.0,))

77.    ((5,), (1.0,), (0.0,)):
('K.93 KernScores', 'P1', 1, (18, 19), (8,), (1.0,), (8,), (1.0,))
('K.93 KernScores', 'P1', 1, (101, 102), (23,), (2.0,), (23,), (2.0,))
('K.93 KernScores', 'P1', 1, (223, 224), (49,), (1.0,), (49,), (1.0,))
('K.93 KernScores', 'P1', 2, (204, 205), (100,), (1.0,), (100,), (1.0,))
('K.93 KernScores', 'P2', 1, (0, 1), (1,), (1.0,), (1,), (1.0,))
('K.93 KernScores', 'P2', 1, (115, 116), (20,), (2.0,), (20,), (2.0,))
('K.93 KernScores', 'P2', 1, (169, 170), (29,), (2.0,), (29,), (2.0,))
('K.93 KernScores', 'P2', 1, (248, 249), (44,), (1.0,), (44,), (1.0,))
('K.93 KernScores', 'P2', 1, (369, 370), (62,), (2.0,), (62,), (2.0,))
('K.93 KernScores', 'P2', 1, (596, 597), (98,), (1.0,), (98,), (1.0,))
('K.93 KernScores', 'P2', 1, (598, 599), (99,), (1.0,), (99,), (1.0,))
('K.93 KernScores', 'P2', 1, (651, 652), (111,), (1.0,), (111,), (1.0,))

78.    ((-2,), (0.25,), (0.75,)):
('K.93 KernScores', 'P1', 1, (42, 43), (12,), (2.75,), (12,), (2.75,))
('K.93 KernScores', 'P1', 1, (83, 84), (20,), (2.75,), (20,), (2.75,))
('K.93 KernScores', 'P1', 1, (116, 117), (26,), (1.75,), (26,), (1.75,))
('K.93 KernScores', 'P1', 1, (236, 237), (51,), (2.75,), (51,), (2.75,))
('K.93 KernScores', 'P1', 1, (281, 282), (62,), (2.75,), (62,), (2.75,))
('K.93 KernScores', 'P1', 1, (422, 423), (88,), (2.75,), (88,), (2.75,))
('K.93 KernScores', 'P1', 1, (440, 441), (91,), (2.75,), (91,), (2.75,))
('K.93 KernScores', 'P1', 1, (465, 466), (98,), (1.75,), (98,), (1.75,))
('K.93 KernScores', 'P1', 1, (566, 567), (113,), (1.75,), (113,), (1.75,))
('K.93 KernScores', 'P1', 2, (40, 41), (41,), (1.75,), (41,), (1.75,))
('K.93 KernScores', 'P1', 2, (199, 200), (99,), (1.75,), (99,), (1.75,))
('K.93 KernScores', 'P2', 1, (473, 474), (78,), (2.75,), (78,), (2.75,))

79.    (((3, 2),), ((0.0, 0.25),), (0.75,)):
('K.93 KernScores', 'P1', 1, (425, 426), (89,), (1.75,), (89,), (1.75,))
('K.93 KernScores', 'P1', 1, (443, 444), (92,), (1.75,), (92,), (1.75,))
('K.93 KernScores', 'P1', 1, (483, 484), (102,), (1.75,), (102,), (1.75,))
('K.93 KernScores', 'P1', 1, (487, 488), (102,), (2.75,), (102,), (2.75,))
('K.93 KernScores', 'P1', 1, (499, 500), (104,), (1.75,), (104,), (1.75,))
('K.93 KernScores', 'P1', 1, (503, 504), (104,), (2.75,), (104,), (2.75,))
('K.93 KernScores', 'P1', 1, (539, 540), (109,), (1.75,), (109,), (1.75,))
('K.93 KernScores', 'P1', 1, (547, 548), (110,), (1.75,), (110,), (1.75,))
('K.93 KernScores', 'P1', 1, (551, 552), (110,), (2.75,), (110,), (2.75,))
('K.93 KernScores', 'P1', 2, (121, 122), (77,), (1.75,), (77,), (1.75,))

80.    ((-3,), (0.25,), (0.0,)):
('K.93 KernScores', 'P1', 1, (567, 568), (113,), (2.0,), (113,), (2.0,))
('K.93 KernScores', 'P1', 2, (209, 210), (112,), (2.0,), (112,), (2.0,))
('K.93 KernScores', 'P2', 1, (42, 43), (8,), (1.0,), (8,), (1.0,))
('K.93 KernScores', 'P2', 1, (106, 107), (19,), (1.0,), (19,), (1.0,))
('K.93 KernScores', 'P2', 1, (111, 112), (20,), (1.0,), (20,), (1.0,))
('K.93 KernScores', 'P2', 1, (128, 129), (23,), (2.0,), (23,), (2.0,))
('K.93 KernScores', 'P2', 1, (226, 227), (40,), (2.0,), (40,), (2.0,))
('K.93 KernScores', 'P2', 1, (262, 263), (47,), (1.0,), (47,), (1.0,))
('K.93 KernScores', 'P2', 1, (278, 279), (49,), (1.0,), (49,), (1.0,))

81.    ((2,), (0.5,), (0.0,)):
('K.93 KernScores', 'P1', 1, (16, 17), (7,), (2.0,), (7,), (2.0,))
('K.93 KernScores', 'P1', 1, (276, 277), (62,), (1.0,), (62,), (1.0,))
('K.93 KernScores', 'P1', 1, (294, 295), (64,), (2.0,), (64,), (2.0,))
('K.93 KernScores', 'P1', 2, (206, 207), (112,), (1.0,), (112,), (1.0,))
('K.93 KernScores', 'P2', 1, (190, 191), (33,), (2.0,), (33,), (2.0,))

82.    ((1,), (1.0,), (0.0,)):
('K.93 KernScores', 'P2', 1, (666, 667), (115,), (1.0,), (115,), (1.0,))
('K.93 KernScores', 'P2', 2, (3, 4), (114,), (1.0,), (114,), (1.0,))
('K.93 KernScores', 'P2', 2, (4, 5), (114,), (2.0,), (114,), (2.0,))
('K.93 KernScores', 'P2', 2, (5, 6), (115,), (1.0,), (115,), (1.0,))

83.    ((-2,), (0.25,), (0.25,)):
('K.93 KernScores', 'P1', 1, (140, 141), (31,), (1.25,), (31,), (1.25,))
('K.93 KernScores', 'P1', 2, (95, 96), (61,), (1.25,), (61,), (1.25,))
('K.93 KernScores', 'P2', 1, (366, 367), (62,), (1.25,), (62,), (1.25,))

84.    ((8,), (0.5,), (0.0,)):
('K.93 KernScores', 'P1', 1, (363, 364), (78,), (2.0,), (78,), (2.0,))
('K.93 KernScores', 'P2', 1, (344, 345), (59,), (1.0,), (59,), (1.0,))
('K.93 KernScores', 'P2', 1, (355, 356), (60,), (2.0,), (60,), (2.0,))

85.    (((3, 3),), ((0.0, 1.0),), (0.0,)):
('K.93 KernScores', 'P1', 1, (118, 119), (27,), (1.0,), (27,), (1.0,))
('K.93 KernScores', 'P1', 1, (333, 334), (72,), (1.0,), (72,), (1.0,))

86.    (((6, 2),), ((0.0, 0.25),), (0.75,)):
('K.93 KernScores', 'P1', 1, (405, 406), (86,), (1.75,), (86,), (1.75,))
('K.93 KernScores', 'P1', 1, (495, 496), (103,), (2.75,), (103,), (2.75,))

87.    (((3, 2),), ((0.0, 0.25),), (0.5,)):
('K.93 KernScores', 'P1', 1, (445, 446), (92,), (2.5,), (92,), (2.5,))
('K.93 KernScores', 'P1', 1, (482, 483), (102,), (1.5,), (102,), (1.5,))

88.    ((8,), (0.25,), (0.0,)):
('K.93 KernScores', 'P2', 1, (146, 147), (26,), (1.0,), (26,), (1.0,))
('K.93 KernScores', 'P2', 1, (234, 235), (41,), (2.0,), (41,), (2.0,))

89.    ((-5,), (1.0,), (0.0,)):
('K.93 KernScores', 'P2', 1, (503, 504), (83,), (2.0,), (83,), (2.0,))
('K.93 KernScores', 'P2', 1, (667, 668), (115,), (2.0,), (115,), (2.0,))

90.    ((-5,), (0.5,), (0.0,)):
('K.93 KernScores', 'P2', 1, (653, 654), (112,), (1.0,), (112,), (1.0,))
('K.93 KernScores', 'P2', 1, (657, 658), (113,), (1.0,), (113,), (1.0,))

