1.    nomes:
K.5 Musicalion

2.    quantidade:
1

3.    analise:
[('intDia', 'p1p2'), ('duracao', 'p1p2')] SemContInte Distancia: 0

1.    ((-2, 2, -4, 6, -6, -2, -2, 6, -2, 2, -4, 6, -6, -2, -2, 8, -2, 2, -3, 3, -6, 8, -2, -2, 1, -2, 2, -3, 3, -6, 8, -2, -2, 3, -4, 4, -5, 5, -6, 6, -7, 7, -8, 8, -9, 8, -2, -2, 2, -3, 2, -4, 2, -2, 2, 2, 3, -6, 5, -6, 5, -6, 5, -6, 5, -6, 5, -6, 5, -2, -2, 2, -3, 2, -4, 2, -2, 2, 2, 3, -3, -4, -3, 1), (0.5, 0.5, 0.5, 0.5, 0.5, 1.0, 2.0, 0.5, 0.5, 0.5, 0.5, 0.5, 0.5, 1.0, 2.0, 0.5, 0.5, 0.5, 0.5, 0.5, 0.5, 0.5, 0.5, 2.0, 0.5, 0.5, 0.5, 0.5, 0.5, 0.5, 0.5, 0.5, 2.0, 0.5, 0.5, 0.5, 0.5, 0.5, 0.5, 0.5, 0.5, 0.5, 0.5, 0.5, 0.5, 0.5, 0.5, 0.5, 0.5, 0.5, 0.5, 0.5, 0.5, 1.5, 0.25, 0.25, 0.5, 0.5, 0.5, 0.5, 0.5, 0.5, 0.5, 0.5, 0.5, 0.5, 0.5, 0.5, 0.5, 0.5, 0.5, 0.5, 0.5, 0.5, 0.5, 0.5, 1.5, 0.25, 0.25, 0.5, 0.5, 0.5, 0.5, 0.5)):
('K.5 Musicalion', 'P1', 1, (88, 172), (23,), (1.5,), (39,), (3.0,))
('K.5 Musicalion', 'P1', 1, (318, 402), (70,), (1.5,), (86,), (3.0,))

2.    ((2, 2, 2, 2, 2, -2, -2, -2, -2, -2, -2, 2, 2, 2, 2, 2, 2, -2, -2, -2, -2, -2, -2, 2, -2, -2, -2, -2), (0.5, 0.5, 0.5, 0.5, 0.5, 0.5, 0.5, 0.5, 0.5, 0.5, 0.5, 0.5, 0.5, 0.5, 0.5, 0.5, 0.5, 0.5, 0.5, 0.5, 0.5, 0.5, 0.5, 0.5, 0.5, 0.5, 0.5, 0.5)):
('K.5 Musicalion', 'P1', 1, (52, 80), (16,), (1.5,), (20,), (3.0,))
('K.5 Musicalion', 'P1', 1, (281, 309), (63,), (1.5,), (67,), (3.0,))

3.    ((-2, -2, -2, -2, -2, 2, 2, 2, 2, 2, -6, 2, 2, 2, 2, 2), (0.5, 0.5, 0.5, 0.5, 0.5, 3.5, 0.5, 0.5, 0.5, 0.5, 0.5, 3.5, 0.5, 0.5, 0.5, 0.5)):
('K.5 Musicalion', 'P1', 1, (40, 56), (12,), (1.5,), (16,), (3.0,))
('K.5 Musicalion', 'P1', 2, (4, 20), (11,), (1.5,), (15,), (3.0,))

4.    ((-6, 2, 4, -2, -2, 2, -7, 2, 5, -2, -2, 2), (0.5, 0.5, 0.5, 0.5, 0.5, 0.5, 0.5, 0.5, 0.5, 0.5, 0.5, 0.5)):
('K.5 Musicalion', 'P1', 1, (206, 218), (48,), (1.0,), (49,), (3.5,))
('K.5 Musicalion', 'P1', 1, (218, 230), (50,), (1.0,), (51,), (3.5,))

5.    ((-3, -4, -3, 1, 1, 6, -4, -3, -3, 1), (0.5, 0.5, 0.5, 0.5, 0.5, 0.5, 0.5, 0.5, 0.5, 0.5)):
('K.5 Musicalion', 'P1', 1, (180, 190), (41,), (1.5,), (42,), (3.0,))
('K.5 Musicalion', 'P1', 3, (127, 137), (88,), (1.5,), (89,), (3.0,))

6.    ((-2, -2, 2, 2, -4, 4, 2, 2, 2), (1.0, 1.5, 0.25, 0.25, 0.5, 0.5, 0.5, 0.5, 0.5)):
('K.5 Musicalion', 'P1', 1, (0, 9), (1,), (1.0,), (2,), (3.0,))
('K.5 Musicalion', 'P1', 1, (191, 200), (44,), (1.0,), (45,), (3.0,))

7.    ((-2, -2, -2, -2, -2, -2, -2, -2, 2), (1.0, 1.0, 1.0, 1.0, 1.0, 1.0, 1.0, 0.5, 0.5)):
('K.5 Musicalion', 'P1', 2, (49, 58), (31,), (1.0,), (33,), (2.5,))
('K.5 Musicalion', 'P1', 2, (92, 101), (78,), (1.0,), (80,), (2.5,))

8.    ((3, 2, 2, 2, -6, 3, 2, 2, 2), (2.0, 1.0, 1.0, 1.0, 1.0, 2.0, 1.0, 1.0, 1.0)):
('K.5 Musicalion', 'P1', 3, (6, 15), (5,), (1.0,), (8,), (2.0,))
('K.5 Musicalion', 'P1', 3, (45, 54), (54,), (1.0,), (57,), (2.0,))

9.    ((-2, -2, -2, (3, -2), (3, -2), (3, -2), (3, -2), (3, -2)), (1.0, 1.0, 1.0, (0.0, 1.0), (0.0, 1.0), (0.0, 1.0), (0.0, 1.0), (0.0, 1.0))):
('K.5 Musicalion', 'P1', 2, (59, 67), (34,), (1.0,), (36,), (2.0,))
('K.5 Musicalion', 'P1', 3, (103, 111), (81,), (1.0,), (83,), (2.0,))

10.    (((3, -2), -2, 2, 4, -2, -2, -9), ((0.0, 1.0), 0.5, 0.5, 1.0, 1.0, 1.0, 1.0)):
('K.5 Musicalion', 'P1', 3, (26, 33), (37,), (1.0,), (38,), (3.0,))
('K.5 Musicalion', 'P1', 3, (112, 119), (84,), (1.0,), (85,), (3.0,))

11.    ((8, -3, -4, -3, 1, 1), (0.5, 0.5, 0.5, 0.5, 0.5, 0.5)):
('K.5 Musicalion', 'P1', 3, (120, 126), (87,), (1.0,), (87,), (3.5,))
('K.5 Musicalion', 'P1', 3, (126, 132), (88,), (1.0,), (88,), (3.5,))

12.    ((-2, -2, -2), (1.0, 1.0, 1.0)):
('K.5 Musicalion', 'P1', 1, (19, 22), (5,), (3.0,), (6,), (2.0,))
('K.5 Musicalion', 'P1', 1, (27, 30), (7,), (3.0,), (8,), (2.0,))
('K.5 Musicalion', 'P1', 1, (243, 246), (54,), (3.0,), (55,), (2.0,))
('K.5 Musicalion', 'P1', 1, (251, 254), (56,), (3.0,), (57,), (2.0,))
('K.5 Musicalion', 'P1', 1, (259, 262), (58,), (3.0,), (59,), (2.0,))
('K.5 Musicalion', 'P1', 2, (49, 52), (31,), (1.0,), (31,), (3.0,))
('K.5 Musicalion', 'P1', 2, (52, 55), (32,), (1.0,), (32,), (3.0,))
('K.5 Musicalion', 'P1', 2, (59, 62), (34,), (1.0,), (34,), (3.0,))
('K.5 Musicalion', 'P1', 2, (92, 95), (78,), (1.0,), (78,), (3.0,))
('K.5 Musicalion', 'P1', 2, (95, 98), (79,), (1.0,), (79,), (3.0,))
('K.5 Musicalion', 'P1', 3, (103, 106), (81,), (1.0,), (81,), (3.0,))

13.    ((2, 2, 2), (1.0, 1.0, 1.0)):
('K.5 Musicalion', 'P1', 1, (36, 39), (10,), (1.0,), (10,), (3.0,))
('K.5 Musicalion', 'P1', 2, (0, 3), (10,), (1.0,), (10,), (3.0,))
('K.5 Musicalion', 'P1', 3, (7, 10), (5,), (3.0,), (6,), (2.0,))
('K.5 Musicalion', 'P1', 3, (12, 15), (7,), (3.0,), (8,), (2.0,))
('K.5 Musicalion', 'P1', 3, (46, 49), (54,), (3.0,), (55,), (2.0,))
('K.5 Musicalion', 'P1', 3, (51, 54), (56,), (3.0,), (57,), (2.0,))
('K.5 Musicalion', 'P1', 3, (56, 59), (58,), (3.0,), (59,), (2.0,))

14.    ((-2, 2, 2), (1.0, 1.0, 1.0)):
('K.5 Musicalion', 'P1', 1, (35, 38), (9,), (3.0,), (10,), (2.0,))
('K.5 Musicalion', 'P1', 3, (64, 67), (61,), (3.0,), (62,), (2.0,))
('K.5 Musicalion', 'P1', 3, (70, 73), (63,), (3.0,), (64,), (2.0,))
('K.5 Musicalion', 'P1', 3, (76, 79), (65,), (3.0,), (66,), (2.0,))
('K.5 Musicalion', 'P1', 3, (79, 82), (66,), (3.0,), (67,), (2.0,))

15.    ((-2, -2, -2), (1.0, 1.0, 0.5)):
('K.5 Musicalion', 'P1', 1, (311, 314), (68,), (3.0,), (69,), (2.0,))
('K.5 Musicalion', 'P1', 2, (54, 57), (32,), (3.0,), (33,), (2.0,))
('K.5 Musicalion', 'P1', 2, (97, 100), (79,), (3.0,), (80,), (2.0,))

16.    (((3, -2), (3, -2), (3, -2)), ((0.0, 2.0), (0.0, 1.0), (0.0, 2.0))):
('K.5 Musicalion', 'P1', 2, (77, 80), (48,), (1.0,), (49,), (1.0,))
('K.5 Musicalion', 'P1', 3, (39, 42), (50,), (1.0,), (51,), (1.0,))

17.    ((-2, 2), (0.5, 0.5)):
('K.5 Musicalion', 'P1', 1, (62, 64), (17,), (3.5,), (18,), (1.0,))
('K.5 Musicalion', 'P1', 1, (74, 76), (19,), (3.5,), (20,), (1.0,))
('K.5 Musicalion', 'P1', 1, (79, 81), (20,), (3.0,), (20,), (3.5,))
('K.5 Musicalion', 'P1', 1, (88, 90), (23,), (1.5,), (23,), (2.0,))
('K.5 Musicalion', 'P1', 1, (96, 98), (25,), (1.5,), (25,), (2.0,))
('K.5 Musicalion', 'P1', 1, (104, 106), (27,), (1.5,), (27,), (2.0,))
('K.5 Musicalion', 'P1', 1, (113, 115), (29,), (1.5,), (29,), (2.0,))
('K.5 Musicalion', 'P1', 1, (135, 137), (33,), (2.0,), (33,), (2.5,))
('K.5 Musicalion', 'P1', 1, (158, 160), (37,), (2.0,), (37,), (2.5,))
('K.5 Musicalion', 'P1', 1, (210, 212), (48,), (3.0,), (48,), (3.5,))
('K.5 Musicalion', 'P1', 1, (216, 218), (49,), (3.0,), (49,), (3.5,))
('K.5 Musicalion', 'P1', 1, (222, 224), (50,), (3.0,), (50,), (3.5,))
('K.5 Musicalion', 'P1', 1, (228, 230), (51,), (3.0,), (51,), (3.5,))
('K.5 Musicalion', 'P1', 1, (234, 236), (52,), (3.0,), (52,), (3.5,))
('K.5 Musicalion', 'P1', 1, (279, 281), (62,), (3.5,), (63,), (1.0,))
('K.5 Musicalion', 'P1', 1, (291, 293), (64,), (3.5,), (65,), (1.0,))
('K.5 Musicalion', 'P1', 1, (303, 305), (66,), (3.5,), (67,), (1.0,))
('K.5 Musicalion', 'P1', 1, (315, 317), (69,), (3.0,), (69,), (3.5,))
('K.5 Musicalion', 'P1', 1, (318, 320), (70,), (1.5,), (70,), (2.0,))
('K.5 Musicalion', 'P1', 1, (326, 328), (72,), (1.5,), (72,), (2.0,))
('K.5 Musicalion', 'P1', 1, (334, 336), (74,), (1.5,), (74,), (2.0,))
('K.5 Musicalion', 'P1', 1, (343, 345), (76,), (1.5,), (76,), (2.0,))
('K.5 Musicalion', 'P1', 1, (365, 367), (80,), (2.0,), (80,), (2.5,))
('K.5 Musicalion', 'P1', 1, (388, 390), (84,), (2.0,), (84,), (2.5,))
('K.5 Musicalion', 'P1', 2, (56, 58), (33,), (2.0,), (33,), (2.5,))
('K.5 Musicalion', 'P1', 2, (99, 101), (80,), (2.0,), (80,), (2.5,))
('K.5 Musicalion', 'P1', 3, (27, 29), (37,), (2.0,), (37,), (2.5,))
('K.5 Musicalion', 'P1', 3, (113, 115), (84,), (2.0,), (84,), (2.5,))

18.    ((2, 2), (0.25, 0.25)):
('K.5 Musicalion', 'P1', 1, (2, 4), (1,), (3.5,), (1,), (3.75,))
('K.5 Musicalion', 'P1', 1, (142, 144), (34,), (3.5,), (34,), (3.75,))
('K.5 Musicalion', 'P1', 1, (165, 167), (38,), (3.5,), (38,), (3.75,))
('K.5 Musicalion', 'P1', 1, (193, 195), (44,), (3.5,), (44,), (3.75,))
('K.5 Musicalion', 'P1', 1, (203, 205), (46,), (3.5,), (46,), (3.75,))
('K.5 Musicalion', 'P1', 1, (372, 374), (81,), (3.5,), (81,), (3.75,))
('K.5 Musicalion', 'P1', 1, (395, 397), (85,), (3.5,), (85,), (3.75,))
('K.5 Musicalion', 'P1', 2, (24, 26), (21,), (1.0,), (21,), (1.25,))
('K.5 Musicalion', 'P1', 2, (26, 28), (21,), (1.5,), (21,), (1.75,))
('K.5 Musicalion', 'P1', 2, (28, 30), (21,), (2.0,), (21,), (2.25,))
('K.5 Musicalion', 'P1', 2, (81, 83), (68,), (1.0,), (68,), (1.25,))
('K.5 Musicalion', 'P1', 2, (83, 85), (68,), (1.5,), (68,), (1.75,))

19.    ((-2, -2), (1.0, 1.0)):
('K.5 Musicalion', 'P1', 1, (12, 14), (4,), (1.0,), (4,), (2.0,))
('K.5 Musicalion', 'P1', 1, (236, 238), (53,), (1.0,), (53,), (2.0,))
('K.5 Musicalion', 'P1', 1, (311, 313), (68,), (3.0,), (69,), (1.0,))
('K.5 Musicalion', 'P1', 2, (34, 36), (22,), (1.0,), (22,), (2.0,))
('K.5 Musicalion', 'P1', 3, (30, 32), (38,), (1.0,), (38,), (2.0,))
('K.5 Musicalion', 'P1', 3, (63, 65), (61,), (2.0,), (61,), (3.0,))
('K.5 Musicalion', 'P1', 3, (69, 71), (63,), (2.0,), (63,), (3.0,))
('K.5 Musicalion', 'P1', 3, (75, 77), (65,), (2.0,), (65,), (3.0,))
('K.5 Musicalion', 'P1', 3, (116, 118), (85,), (1.0,), (85,), (2.0,))

20.    ((-2, -5), (1.0, 1.0)):
('K.5 Musicalion', 'P1', 2, (37, 39), (24,), (1.0,), (24,), (2.0,))
('K.5 Musicalion', 'P1', 2, (40, 42), (26,), (1.0,), (26,), (2.0,))
('K.5 Musicalion', 'P1', 2, (43, 45), (28,), (1.0,), (28,), (2.0,))
('K.5 Musicalion', 'P1', 2, (46, 48), (30,), (1.0,), (30,), (2.0,))
('K.5 Musicalion', 'P1', 3, (88, 90), (71,), (1.0,), (71,), (2.0,))
('K.5 Musicalion', 'P1', 3, (92, 94), (73,), (1.0,), (73,), (2.0,))
('K.5 Musicalion', 'P1', 3, (96, 98), (75,), (1.0,), (75,), (2.0,))
('K.5 Musicalion', 'P1', 3, (100, 102), (77,), (1.0,), (77,), (2.0,))
('K.5 Musicalion', 'P1', 4, (0, 2), (3,), (1.0,), (3,), (2.0,))

21.    (((3, 2), (3, 2)), ((0.0, 1.0), (0.0, 2.0))):
('K.5 Musicalion', 'P1', 2, (68, 70), (44,), (1.0,), (44,), (2.0,))
('K.5 Musicalion', 'P1', 3, (0, 2), (1,), (1.0,), (1,), (2.0,))

22.    (((8, 1), (8, 1)), ((0.0, 3.0), (0.0, 3.0))):
('K.5 Musicalion', 'P1', 3, (33, 35), (39,), (1.0,), (40,), (1.0,))
('K.5 Musicalion', 'P1', 4, (15, 17), (87,), (1.0,), (88,), (1.0,))

23.    ((-2,), (1.0,)):
('K.5 Musicalion', 'P1', 1, (0, 1), (1,), (1.0,), (1,), (1.0,))
('K.5 Musicalion', 'P1', 1, (10, 11), (3,), (1.0,), (3,), (1.0,))
('K.5 Musicalion', 'P1', 1, (12, 13), (4,), (1.0,), (4,), (1.0,))
('K.5 Musicalion', 'P1', 1, (13, 14), (4,), (2.0,), (4,), (2.0,))
('K.5 Musicalion', 'P1', 1, (19, 20), (5,), (3.0,), (5,), (3.0,))
('K.5 Musicalion', 'P1', 1, (20, 21), (6,), (1.0,), (6,), (1.0,))
('K.5 Musicalion', 'P1', 1, (21, 22), (6,), (2.0,), (6,), (2.0,))
('K.5 Musicalion', 'P1', 1, (27, 28), (7,), (3.0,), (7,), (3.0,))
('K.5 Musicalion', 'P1', 1, (28, 29), (8,), (1.0,), (8,), (1.0,))
('K.5 Musicalion', 'P1', 1, (29, 30), (8,), (2.0,), (8,), (2.0,))
('K.5 Musicalion', 'P1', 1, (35, 36), (9,), (3.0,), (9,), (3.0,))
('K.5 Musicalion', 'P1', 1, (82, 83), (21,), (3.0,), (21,), (3.0,))
('K.5 Musicalion', 'P1', 1, (93, 94), (24,), (1.0,), (24,), (1.0,))
('K.5 Musicalion', 'P1', 1, (101, 102), (26,), (1.0,), (26,), (1.0,))
('K.5 Musicalion', 'P1', 1, (191, 192), (44,), (1.0,), (44,), (1.0,))
('K.5 Musicalion', 'P1', 1, (201, 202), (46,), (1.0,), (46,), (1.0,))
('K.5 Musicalion', 'P1', 1, (236, 237), (53,), (1.0,), (53,), (1.0,))
('K.5 Musicalion', 'P1', 1, (237, 238), (53,), (2.0,), (53,), (2.0,))
('K.5 Musicalion', 'P1', 1, (243, 244), (54,), (3.0,), (54,), (3.0,))
('K.5 Musicalion', 'P1', 1, (244, 245), (55,), (1.0,), (55,), (1.0,))
('K.5 Musicalion', 'P1', 1, (245, 246), (55,), (2.0,), (55,), (2.0,))
('K.5 Musicalion', 'P1', 1, (251, 252), (56,), (3.0,), (56,), (3.0,))
('K.5 Musicalion', 'P1', 1, (252, 253), (57,), (1.0,), (57,), (1.0,))
('K.5 Musicalion', 'P1', 1, (253, 254), (57,), (2.0,), (57,), (2.0,))
('K.5 Musicalion', 'P1', 1, (259, 260), (58,), (3.0,), (58,), (3.0,))
('K.5 Musicalion', 'P1', 1, (260, 261), (59,), (1.0,), (59,), (1.0,))
('K.5 Musicalion', 'P1', 1, (261, 262), (59,), (2.0,), (59,), (2.0,))
('K.5 Musicalion', 'P1', 1, (267, 268), (60,), (3.0,), (60,), (3.0,))
('K.5 Musicalion', 'P1', 1, (311, 312), (68,), (3.0,), (68,), (3.0,))
('K.5 Musicalion', 'P1', 1, (312, 313), (69,), (1.0,), (69,), (1.0,))
('K.5 Musicalion', 'P1', 1, (323, 324), (71,), (1.0,), (71,), (1.0,))
('K.5 Musicalion', 'P1', 1, (331, 332), (73,), (1.0,), (73,), (1.0,))
('K.5 Musicalion', 'P1', 2, (34, 35), (22,), (1.0,), (22,), (1.0,))
('K.5 Musicalion', 'P1', 2, (35, 36), (22,), (2.0,), (22,), (2.0,))
('K.5 Musicalion', 'P1', 2, (37, 38), (24,), (1.0,), (24,), (1.0,))
('K.5 Musicalion', 'P1', 2, (40, 41), (26,), (1.0,), (26,), (1.0,))
('K.5 Musicalion', 'P1', 2, (43, 44), (28,), (1.0,), (28,), (1.0,))
('K.5 Musicalion', 'P1', 2, (46, 47), (30,), (1.0,), (30,), (1.0,))
('K.5 Musicalion', 'P1', 2, (49, 50), (31,), (1.0,), (31,), (1.0,))
('K.5 Musicalion', 'P1', 2, (50, 51), (31,), (2.0,), (31,), (2.0,))
('K.5 Musicalion', 'P1', 2, (51, 52), (31,), (3.0,), (31,), (3.0,))
('K.5 Musicalion', 'P1', 2, (52, 53), (32,), (1.0,), (32,), (1.0,))
('K.5 Musicalion', 'P1', 2, (53, 54), (32,), (2.0,), (32,), (2.0,))
('K.5 Musicalion', 'P1', 2, (54, 55), (32,), (3.0,), (32,), (3.0,))
('K.5 Musicalion', 'P1', 2, (55, 56), (33,), (1.0,), (33,), (1.0,))
('K.5 Musicalion', 'P1', 2, (59, 60), (34,), (1.0,), (34,), (1.0,))
('K.5 Musicalion', 'P1', 2, (60, 61), (34,), (2.0,), (34,), (2.0,))
('K.5 Musicalion', 'P1', 2, (61, 62), (34,), (3.0,), (34,), (3.0,))
('K.5 Musicalion', 'P1', 2, (92, 93), (78,), (1.0,), (78,), (1.0,))
('K.5 Musicalion', 'P1', 2, (93, 94), (78,), (2.0,), (78,), (2.0,))
('K.5 Musicalion', 'P1', 2, (94, 95), (78,), (3.0,), (78,), (3.0,))
('K.5 Musicalion', 'P1', 2, (95, 96), (79,), (1.0,), (79,), (1.0,))
('K.5 Musicalion', 'P1', 2, (96, 97), (79,), (2.0,), (79,), (2.0,))
('K.5 Musicalion', 'P1', 2, (97, 98), (79,), (3.0,), (79,), (3.0,))
('K.5 Musicalion', 'P1', 2, (98, 99), (80,), (1.0,), (80,), (1.0,))
('K.5 Musicalion', 'P1', 3, (3, 4), (3,), (1.0,), (3,), (1.0,))
('K.5 Musicalion', 'P1', 3, (30, 31), (38,), (1.0,), (38,), (1.0,))
('K.5 Musicalion', 'P1', 3, (31, 32), (38,), (2.0,), (38,), (2.0,))
('K.5 Musicalion', 'P1', 3, (63, 64), (61,), (2.0,), (61,), (2.0,))
('K.5 Musicalion', 'P1', 3, (64, 65), (61,), (3.0,), (61,), (3.0,))
('K.5 Musicalion', 'P1', 3, (67, 68), (62,), (3.0,), (62,), (3.0,))
('K.5 Musicalion', 'P1', 3, (69, 70), (63,), (2.0,), (63,), (2.0,))
('K.5 Musicalion', 'P1', 3, (70, 71), (63,), (3.0,), (63,), (3.0,))
('K.5 Musicalion', 'P1', 3, (73, 74), (64,), (3.0,), (64,), (3.0,))
('K.5 Musicalion', 'P1', 3, (75, 76), (65,), (2.0,), (65,), (2.0,))
('K.5 Musicalion', 'P1', 3, (76, 77), (65,), (3.0,), (65,), (3.0,))
('K.5 Musicalion', 'P1', 3, (79, 80), (66,), (3.0,), (66,), (3.0,))
('K.5 Musicalion', 'P1', 3, (84, 85), (69,), (1.0,), (69,), (1.0,))
('K.5 Musicalion', 'P1', 3, (88, 89), (71,), (1.0,), (71,), (1.0,))
('K.5 Musicalion', 'P1', 3, (92, 93), (73,), (1.0,), (73,), (1.0,))
('K.5 Musicalion', 'P1', 3, (96, 97), (75,), (1.0,), (75,), (1.0,))
('K.5 Musicalion', 'P1', 3, (100, 101), (77,), (1.0,), (77,), (1.0,))
('K.5 Musicalion', 'P1', 3, (103, 104), (81,), (1.0,), (81,), (1.0,))
('K.5 Musicalion', 'P1', 3, (104, 105), (81,), (2.0,), (81,), (2.0,))
('K.5 Musicalion', 'P1', 3, (105, 106), (81,), (3.0,), (81,), (3.0,))
('K.5 Musicalion', 'P1', 3, (116, 117), (85,), (1.0,), (85,), (1.0,))
('K.5 Musicalion', 'P1', 3, (117, 118), (85,), (2.0,), (85,), (2.0,))
('K.5 Musicalion', 'P1', 4, (0, 1), (3,), (1.0,), (3,), (1.0,))

24.    ((2,), (1.0,)):
('K.5 Musicalion', 'P1', 1, (36, 37), (10,), (1.0,), (10,), (1.0,))
('K.5 Musicalion', 'P1', 1, (37, 38), (10,), (2.0,), (10,), (2.0,))
('K.5 Musicalion', 'P1', 1, (38, 39), (10,), (3.0,), (10,), (3.0,))
('K.5 Musicalion', 'P1', 2, (0, 1), (10,), (1.0,), (10,), (1.0,))
('K.5 Musicalion', 'P1', 2, (1, 2), (10,), (2.0,), (10,), (2.0,))
('K.5 Musicalion', 'P1', 2, (2, 3), (10,), (3.0,), (10,), (3.0,))
('K.5 Musicalion', 'P1', 2, (22, 23), (20,), (2.0,), (20,), (2.0,))
('K.5 Musicalion', 'P1', 2, (23, 24), (20,), (3.0,), (20,), (3.0,))
('K.5 Musicalion', 'P1', 3, (7, 8), (5,), (3.0,), (5,), (3.0,))
('K.5 Musicalion', 'P1', 3, (8, 9), (6,), (1.0,), (6,), (1.0,))
('K.5 Musicalion', 'P1', 3, (9, 10), (6,), (2.0,), (6,), (2.0,))
('K.5 Musicalion', 'P1', 3, (12, 13), (7,), (3.0,), (7,), (3.0,))
('K.5 Musicalion', 'P1', 3, (13, 14), (8,), (1.0,), (8,), (1.0,))
('K.5 Musicalion', 'P1', 3, (14, 15), (8,), (2.0,), (8,), (2.0,))
('K.5 Musicalion', 'P1', 3, (18, 19), (22,), (1.0,), (22,), (1.0,))
('K.5 Musicalion', 'P1', 3, (24, 25), (34,), (1.0,), (34,), (1.0,))
('K.5 Musicalion', 'P1', 3, (46, 47), (54,), (3.0,), (54,), (3.0,))
('K.5 Musicalion', 'P1', 3, (47, 48), (55,), (1.0,), (55,), (1.0,))
('K.5 Musicalion', 'P1', 3, (48, 49), (55,), (2.0,), (55,), (2.0,))
('K.5 Musicalion', 'P1', 3, (51, 52), (56,), (3.0,), (56,), (3.0,))
('K.5 Musicalion', 'P1', 3, (52, 53), (57,), (1.0,), (57,), (1.0,))
('K.5 Musicalion', 'P1', 3, (53, 54), (57,), (2.0,), (57,), (2.0,))
('K.5 Musicalion', 'P1', 3, (56, 57), (58,), (3.0,), (58,), (3.0,))
('K.5 Musicalion', 'P1', 3, (57, 58), (59,), (1.0,), (59,), (1.0,))
('K.5 Musicalion', 'P1', 3, (58, 59), (59,), (2.0,), (59,), (2.0,))
('K.5 Musicalion', 'P1', 3, (61, 62), (60,), (3.0,), (60,), (3.0,))
('K.5 Musicalion', 'P1', 3, (62, 63), (61,), (1.0,), (61,), (1.0,))
('K.5 Musicalion', 'P1', 3, (65, 66), (62,), (1.0,), (62,), (1.0,))
('K.5 Musicalion', 'P1', 3, (66, 67), (62,), (2.0,), (62,), (2.0,))
('K.5 Musicalion', 'P1', 3, (68, 69), (63,), (1.0,), (63,), (1.0,))
('K.5 Musicalion', 'P1', 3, (71, 72), (64,), (1.0,), (64,), (1.0,))
('K.5 Musicalion', 'P1', 3, (72, 73), (64,), (2.0,), (64,), (2.0,))
('K.5 Musicalion', 'P1', 3, (74, 75), (65,), (1.0,), (65,), (1.0,))
('K.5 Musicalion', 'P1', 3, (77, 78), (66,), (1.0,), (66,), (1.0,))
('K.5 Musicalion', 'P1', 3, (78, 79), (66,), (2.0,), (66,), (2.0,))
('K.5 Musicalion', 'P1', 3, (80, 81), (67,), (1.0,), (67,), (1.0,))
('K.5 Musicalion', 'P1', 3, (81, 82), (67,), (2.0,), (67,), (2.0,))
('K.5 Musicalion', 'P1', 4, (3, 4), (38,), (1.0,), (38,), (1.0,))
('K.5 Musicalion', 'P1', 4, (9, 10), (69,), (1.0,), (69,), (1.0,))
('K.5 Musicalion', 'P1', 4, (11, 12), (81,), (1.0,), (81,), (1.0,))
('K.5 Musicalion', 'P1', 4, (13, 14), (85,), (1.0,), (85,), (1.0,))

25.    ((-6,), (0.5,)):
('K.5 Musicalion', 'P1', 1, (92, 93), (23,), (3.5,), (23,), (3.5,))
('K.5 Musicalion', 'P1', 1, (100, 101), (25,), (3.5,), (25,), (3.5,))
('K.5 Musicalion', 'P1', 1, (108, 109), (27,), (3.5,), (27,), (3.5,))
('K.5 Musicalion', 'P1', 1, (117, 118), (29,), (3.5,), (29,), (3.5,))
('K.5 Musicalion', 'P1', 1, (126, 127), (31,), (3.5,), (31,), (3.5,))
('K.5 Musicalion', 'P1', 1, (145, 146), (35,), (1.5,), (35,), (1.5,))
('K.5 Musicalion', 'P1', 1, (147, 148), (35,), (2.5,), (35,), (2.5,))
('K.5 Musicalion', 'P1', 1, (149, 150), (35,), (3.5,), (35,), (3.5,))
('K.5 Musicalion', 'P1', 1, (151, 152), (36,), (1.5,), (36,), (1.5,))
('K.5 Musicalion', 'P1', 1, (153, 154), (36,), (2.5,), (36,), (2.5,))
('K.5 Musicalion', 'P1', 1, (155, 156), (36,), (3.5,), (36,), (3.5,))
('K.5 Musicalion', 'P1', 1, (206, 207), (48,), (1.0,), (48,), (1.0,))
('K.5 Musicalion', 'P1', 1, (322, 323), (70,), (3.5,), (70,), (3.5,))
('K.5 Musicalion', 'P1', 1, (330, 331), (72,), (3.5,), (72,), (3.5,))
('K.5 Musicalion', 'P1', 1, (338, 339), (74,), (3.5,), (74,), (3.5,))
('K.5 Musicalion', 'P1', 1, (347, 348), (76,), (3.5,), (76,), (3.5,))
('K.5 Musicalion', 'P1', 1, (356, 357), (78,), (3.5,), (78,), (3.5,))
('K.5 Musicalion', 'P1', 1, (375, 376), (82,), (1.5,), (82,), (1.5,))
('K.5 Musicalion', 'P1', 1, (377, 378), (82,), (2.5,), (82,), (2.5,))
('K.5 Musicalion', 'P1', 1, (379, 380), (82,), (3.5,), (82,), (3.5,))
('K.5 Musicalion', 'P1', 1, (381, 382), (83,), (1.5,), (83,), (1.5,))
('K.5 Musicalion', 'P1', 1, (383, 384), (83,), (2.5,), (83,), (2.5,))
('K.5 Musicalion', 'P1', 1, (385, 386), (83,), (3.5,), (83,), (3.5,))
('K.5 Musicalion', 'P1', 2, (20, 21), (15,), (3.5,), (15,), (3.5,))

26.    ((8,), (0.5,)):
('K.5 Musicalion', 'P1', 1, (103, 104), (27,), (1.0,), (27,), (1.0,))
('K.5 Musicalion', 'P1', 1, (109, 110), (28,), (1.0,), (28,), (1.0,))
('K.5 Musicalion', 'P1', 1, (118, 119), (30,), (1.0,), (30,), (1.0,))
('K.5 Musicalion', 'P1', 1, (131, 132), (32,), (3.0,), (32,), (3.0,))
('K.5 Musicalion', 'P1', 1, (133, 134), (33,), (1.0,), (33,), (1.0,))
('K.5 Musicalion', 'P1', 1, (333, 334), (74,), (1.0,), (74,), (1.0,))
('K.5 Musicalion', 'P1', 1, (339, 340), (75,), (1.0,), (75,), (1.0,))
('K.5 Musicalion', 'P1', 1, (348, 349), (77,), (1.0,), (77,), (1.0,))
('K.5 Musicalion', 'P1', 1, (361, 362), (79,), (3.0,), (79,), (3.0,))
('K.5 Musicalion', 'P1', 1, (363, 364), (80,), (1.0,), (80,), (1.0,))
('K.5 Musicalion', 'P1', 3, (120, 121), (87,), (1.0,), (87,), (1.0,))
('K.5 Musicalion', 'P1', 3, (126, 127), (88,), (1.0,), (88,), (1.0,))

27.    ((2,), (0.25,)):
('K.5 Musicalion', 'P1', 1, (86, 87), (22,), (3.5,), (22,), (3.5,))
('K.5 Musicalion', 'P1', 2, (30, 31), (21,), (2.5,), (21,), (2.5,))
('K.5 Musicalion', 'P1', 2, (85, 86), (68,), (2.0,), (68,), (2.0,))

28.    ((-8,), (0.5,)):
('K.5 Musicalion', 'P1', 1, (130, 131), (32,), (2.5,), (32,), (2.5,))
('K.5 Musicalion', 'P1', 1, (360, 361), (79,), (2.5,), (79,), (2.5,))
('K.5 Musicalion', 'P1', 3, (137, 138), (89,), (3.5,), (89,), (3.5,))

29.    ((-3,), (1.0,)):
('K.5 Musicalion', 'P1', 4, (6, 7), (52,), (1.0,), (52,), (1.0,))
('K.5 Musicalion', 'P1', 4, (7, 8), (52,), (2.0,), (52,), (2.0,))

