1 .    ('nomes', 'K.58 Musescore') 

2 .    ('quantidade', 1) 

3 .    ('analise', 'recorręncias IntDiaDurPcompasso sem contidos e intercalados') 

1 .    (((1, -2, -2, 2, 2, 2, -2, -2, -2, 2, 2, -2, -2, -2, 2, 2), (1.0, 1.5, 0.25, 0.25, 0.5, 0.5, 0.5, 0.25, 0.25, 0.5, 0.5, 0.5, 0.25, 0.25, 0.5, 0.5), (4.0, 1.0, 2.5, 2.75, 3.0, 3.5, 4.0, 4.5, 4.75, 1.0, 1.5, 2.0, 2.5, 2.75, 3.0, 3.5)), [('K.58 Musescore', 'P1', 1, (186, 202), (37, 4.0), (39, 3.5)), ('K.58 Musescore', 'P1', 2, (271, 287), (42, 4.0), (44, 3.5))]) 

2 .    (((2, 2, 2, 2, -2, -2, -2, 2, 2, -2, -2, -2, 2, 2, 1), (0.5, 0.5, 0.5, 0.5, 0.5, 0.25, 0.25, 0.5, 0.5, 0.5, 0.25, 0.25, 0.5, 0.5, 1.0), (1.0, 1.5, 2.0, 2.5, 3.0, 3.5, 3.75, 4.0, 4.5, 1.0, 1.5, 1.75, 2.0, 2.5, 3.0)), [('K.58 Musescore', 'P1', 2, (8, 23), (4, 1.0), (5, 3.0)), ('K.58 Musescore', 'P1', 5, (42, 57), (21, 1.0), (23, 3.0))]) 

3 .    (((2, -2, -2, -2, 2, 2, -2, -2, -2, 2, 2), (0.5, 0.5, 0.25, 0.25, 0.5, 0.5, 0.5, 0.25, 0.25, 0.5, 0.5), (2.5, 3.0, 3.5, 3.75, 4.0, 4.5, 1.0, 1.5, 1.75, 2.0, 2.5)), [('K.58 Musescore', 'P1', 1, (20, 31), (7, 2.5), (8, 2.5)), ('K.58 Musescore', 'P1', 1, (37, 48), (10, 2.5), (11, 2.5))]) 

4 .    (((-5, 2, 2, -2, -2, -2, 2, 2, -2, -2, -2), (1.0, 0.5, 0.25, 0.25, 0.5, 0.5, 0.5, 0.5, 0.5, 0.25, 0.25), (4.0, 1.0, 1.5, 1.75, 2.0, 2.5, 3.0, 3.5, 4.0, 4.5, 4.75)), [('K.58 Musescore', 'P1', 2, (40, 51), (8, 4.0), (9, 4.75)), ('K.58 Musescore', 'P1', 2, (107, 118), (19, 4.0), (20, 4.75))]) 

5 .    (((-2, -2, -2, 2, 2, -2, -2, -2, 2, 2), (0.5, 0.25, 0.25, 0.5, 0.5, 0.5, 0.25, 0.25, 0.5, 0.5), (2.0, 2.5, 2.75, 3.0, 3.5, 4.0, 4.5, 4.75, 1.0, 1.5)), [('K.58 Musescore', 'P1', 1, (165, 175), (34, 2.0), (34, 1.5)), ('K.58 Musescore', 'P1', 2, (204, 214), (32, 2.0), (32, 1.5))]) 

6 .    (((2, 2, 2, 2, -2, -2, -2, 2, 2), (0.5, 0.5, 0.5, 0.5, 0.5, 0.25, 0.25, 0.5, 0.5), (1.0, 1.5, 2.0, 2.5, 3.0, 3.5, 3.75, 4.0, 4.5)), [('K.58 Musescore', 'P1', 1, (91, 100), (20, 1.0), (21, 4.5)), ('K.58 Musescore', 'P1', 4, (26, 35), (14, 1.0), (15, 4.5))]) 

7 .    (((-2, 1, -2, 1, -2, 4, -2, 2), (2.0, 1.0, 1.0, 1.0, 1.0, 1.0, 2.0, 1.0), (1.0, 3.0, 4.0, 1.0, 2.0, 3.0, 4.0, 2.0)), [('K.58 Musescore', 'P1', 1, (0, 8), (1, 1.0), (3, 2.0)), ('K.58 Musescore', 'P1', 1, (9, 17), (4, 1.0), (6, 2.0)), ('K.58 Musescore', 'P1', 4, (1, 9), (7, 1.0), (9, 2.0))]) 

8 .    (((None, 2, 2, -5, 2, 2, 2), (7.0, 1.0, 1.0, 1.0, 0.5, 0.5, 0.5), (1.0, 4.0, 1.0, 2.0, 3.0, 3.5, 4.0)), [('K.58 Musescore', 'P1', 2, (0, 7), (1, 1.0), (3, 4.0)), ('K.58 Musescore', 'P1', 5, (0, 7), (7, 1.0), (9, 4.0))]) 

9 .    (((2, -5, 4, -5, 2, 2, 2), (1.0, 1.0, 1.0, 1.0, 1.0, 0.5, 0.25), (2.0, 3.0, 4.0, 1.0, 2.0, 3.0, 3.5)), [('K.58 Musescore', 'P1', 2, (32, 39), (7, 2.0), (8, 3.5)), ('K.58 Musescore', 'P1', 2, (52, 59), (10, 2.0), (11, 3.5))]) 

10 .    (((2, 2, 2, -5, 2, 2, 2), (0.5, 0.5, 0.5, 0.5, 0.5, 0.5, 0.5), (1.0, 1.5, 2.0, 2.5, 3.0, 3.5, 4.0)), [('K.58 Musescore', 'P1', 2, (78, 85), (14, 1.0), (15, 4.0)), ('K.58 Musescore', 'P1', 2, (126, 133), (21, 1.0), (22, 4.0))]) 

11 .    (((2, 2, 2, -5, 2, 2, 2), (0.5, 0.5, 0.5, 0.5, 0.5, 0.5, 0.5), (3.0, 3.5, 4.0, 4.5, 1.0, 1.5, 2.0)), [('K.58 Musescore', 'P1', 2, (90, 97), (16, 3.0), (16, 2.0)), ('K.58 Musescore', 'P1', 2, (139, 146), (23, 3.0), (23, 2.0))]) 

12 .    (((-2, -2, 2, 2, -2, -2, -2), (0.5, 0.5, 0.5, 0.25, 0.25, 0.5, 0.5), (3.0, 3.5, 4.0, 4.5, 4.75, 1.0, 1.5)), [('K.58 Musescore', 'P1', 2, (240, 247), (37, 3.0), (37, 1.5)), ('K.58 Musescore', 'P1', 5, (109, 116), (40, 3.0), (40, 1.5))]) 

13 .    (((2, 2, -5, 2, 4, 2, -5), (1.0, 1.5, 0.5, 1.5, 0.5, 1.5, 0.5), (3.0, 4.0, 1.5, 2.0, 3.5, 4.0, 1.5)), [('K.58 Musescore', 'P1', 4, (126, 133), (41, 3.0), (42, 1.5)), ('K.58 Musescore', 'P1', 5, (118, 125), (41, 3.0), (42, 1.5))]) 

14 .    (((2, 2, -2, -2, -2, 2), (0.5, 0.5, 0.5, 0.25, 0.25, 0.5), (2.0, 2.5, 3.0, 3.5, 3.75, 4.0)), [('K.58 Musescore', 'P1', 2, (197, 203), (31, 2.0), (31, 4.0)), ('K.58 Musescore', 'P1', 4, (37, 43), (15, 2.0), (16, 4.0))]) 

15 .    (((1, -2, 1, -2, 4, -2), (1.0, 1.0, 1.0, 1.0, 1.0, 2.0), (3.0, 4.0, 1.0, 2.0, 3.0, 4.0)), [('K.58 Musescore', 'P1', 1, (68, 74), (16, 3.0), (17, 4.0)), ('K.58 Musescore', 'P1', 4, (50, 56), (18, 3.0), (19, 4.0))]) 

16 .    (((1, -2, 1, -2, 1, -2), (0.5, 0.5, 0.5, 0.5, 0.5, 0.5), (3.0, 3.5, 4.0, 4.5, 1.0, 1.5)), [('K.58 Musescore', 'P1', 1, (292, 298), (54, 3.0), (55, 1.5)), ('K.58 Musescore', 'P1', 4, (186, 192), (53, 3.0), (54, 1.5))]) 

17 .    (((2, -5, 1, 2, 2, 2), (1.0, 1.0, 0.5, 0.5, 0.5, 0.5), (1.0, 2.0, 3.0, 3.5, 4.0, 4.5)), [('K.58 Musescore', 'P1', 2, (24, 30), (6, 1.0), (6, 4.5)), ('K.58 Musescore', 'P1', 5, (9, 15), (12, 1.0), (12, 4.5))]) 

18 .    (((2, 2, -4, 4, -2, -2), (0.5, 0.5, 0.5, 0.5, 1.5, 0.25), (2.0, 2.5, 3.0, 3.5, 4.0, 1.5)), [('K.58 Musescore', 'P1', 2, (183, 189), (29, 2.0), (30, 1.5)), ('K.58 Musescore', 'P1', 2, (190, 196), (30, 2.0), (31, 1.5))]) 

19 .    (((2, 2, -2, -2, -2), (0.5, 0.5, 0.5, 0.25, 0.25), (3.0, 3.5, 4.0, 4.5, 4.75)), [('K.58 Musescore', 'P1', 2, (154, 159), (25, 3.0), (25, 4.75)), ('K.58 Musescore', 'P1', 5, (100, 105), (37, 3.0), (37, 4.75))]) 

20 .    (((2, 2, 2, 2, -2), (0.5, 0.5, 0.5, 0.5, 0.5), (3.0, 3.5, 4.0, 4.5, 1.0)), [('K.58 Musescore', 'P1', 2, (147, 152), (24, 3.0), (24, 1.0)), ('K.58 Musescore', 'P1', 4, (61, 66), (23, 3.0), (23, 1.0))]) 

21 .    (((1, 1, 1, 1, 1), (1.0, 1.0, 1.0, 1.0, 1.0), (2.0, 3.0, 4.0, 1.0, 2.0)), [('K.58 Musescore', 'P1', 5, (164, 169), (49, 2.0), (50, 2.0)), ('K.58 Musescore', 'P1', 5, (185, 190), (54, 2.0), (55, 2.0))]) 

22 .    (((2, 2, 2, 2, 2), (0.5, 0.5, 0.5, 0.5, 1.0), (1.0, 1.5, 2.0, 2.5, 3.0)), [('K.58 Musescore', 'P1', 1, (126, 131), (27, 1.0), (27, 3.0)), ('K.58 Musescore', 'P1', 5, (72, 77), (27, 1.0), (27, 3.0))]) 

23 .    (((2, -2, -2, 2, 2), (0.25, 1.5, 0.25, 0.25, 1.0), (1.75, 2.0, 3.5, 3.75, 4.0)), [('K.58 Musescore', 'P1', 1, (133, 138), (28, 1.75), (28, 4.0)), ('K.58 Musescore', 'P1', 1, (307, 312), (56, 1.75), (56, 4.0))]) 

24 .    (((-2, -2, 2, 2, 2), (1.5, 0.25, 0.25, 0.5, 0.5), (2.0, 3.5, 3.75, 4.0, 4.5)), [('K.58 Musescore', 'P1', 1, (140, 145), (29, 2.0), (29, 4.5)), ('K.58 Musescore', 'P1', 1, (146, 151), (30, 2.0), (30, 4.5))]) 

25 .    (((-2, 1, -2, 1, -2), (1.0, 1.0, 1.0, 1.0, 1.0), (3.0, 4.0, 1.0, 2.0, 3.0)), [('K.58 Musescore', 'P1', 1, (156, 161), (32, 3.0), (33, 3.0)), ('K.58 Musescore', 'P1', 1, (224, 229), (43, 3.0), (44, 3.0))]) 

26 .    (((1, -2, 1, 2, 2), (1.0, 1.0, 1.0, 1.0, 0.5), (2.0, 3.0, 4.0, 1.0, 2.0)), [('K.58 Musescore', 'P1', 1, (205, 210), (40, 2.0), (41, 2.0)), ('K.58 Musescore', 'P1', 2, (220, 225), (34, 2.0), (35, 2.0))]) 

27 .    (((-2, -2, 2, 2, 2), (1.5, 0.25, 0.25, 0.5, 0.5), (3.0, 4.5, 4.75, 1.0, 1.5)), [('K.58 Musescore', 'P1', 1, (211, 216), (41, 3.0), (41, 1.5)), ('K.58 Musescore', 'P1', 1, (217, 222), (42, 3.0), (42, 1.5))]) 

28 .    (((-2, -2, -2, 2), (0.5, 0.25, 0.25, 0.5), (3.0, 3.5, 3.75, 4.0)), [('K.58 Musescore', 'P1', 2, (68, 72), (13, 3.0), (13, 4.0)), ('K.58 Musescore', 'P1', 2, (73, 77), (14, 3.0), (14, 4.0)), ('K.58 Musescore', 'P1', 2, (121, 125), (21, 3.0), (21, 4.0))]) 

29 .    (((2, 2, -2, -2), (0.5, 0.5, 0.5, 0.25), (1.0, 1.5, 2.0, 2.5)), [('K.58 Musescore', 'P1', 1, (115, 119), (25, 1.0), (25, 2.5)), ('K.58 Musescore', 'P1', 2, (134, 138), (22, 1.0), (22, 2.5)), ('K.58 Musescore', 'P1', 5, (32, 36), (20, 1.0), (20, 2.5))]) 

30 .    (((-2, -2, 2, 2), (1.5, 0.25, 0.25, 1.0), (3.0, 4.5, 4.75, 1.0)), [('K.58 Musescore', 'P1', 1, (180, 184), (36, 3.0), (36, 1.0)), ('K.58 Musescore', 'P1', 2, (259, 263), (40, 3.0), (40, 1.0)), ('K.58 Musescore', 'P1', 4, (135, 139), (45, 3.0), (45, 1.0))]) 

31 .    (((2, 2, 2, 2), (0.5, 0.5, 0.5, 0.5), (2.0, 2.5, 3.0, 3.5)), [('K.58 Musescore', 'P1', 2, (307, 311), (48, 2.0), (48, 3.5)), ('K.58 Musescore', 'P1', 5, (131, 135), (44, 2.0), (44, 3.5))]) 

32 .    (((1, -2, -2, -2), (0.5, 1.0, 0.25, 0.25), (4.0, 4.5, 1.5, 1.75)), [('K.58 Musescore', 'P1', 1, (255, 259), (49, 4.0), (49, 1.75)), ('K.58 Musescore', 'P1', 2, (318, 322), (49, 4.0), (49, 1.75))]) 

33 .    (((-2, -2, 2, -2), (0.25, 0.25, 0.5, 1.0), (2.5, 2.75, 3.0, 3.5)), [('K.58 Musescore', 'P1', 1, (269, 273), (51, 2.5), (51, 3.5)), ('K.58 Musescore', 'P1', 1, (278, 282), (52, 2.5), (52, 3.5))]) 

34 .    (((-2, 4, -2, -2), (0.5, 0.5, 0.25, 0.25), (3.5, 4.0, 4.5, 4.75)), [('K.58 Musescore', 'P1', 4, (170, 174), (51, 3.5), (51, 4.75)), ('K.58 Musescore', 'P1', 4, (178, 182), (52, 3.5), (52, 4.75))]) 

35 .    (((2, 2, 2), (0.5, 0.5, 0.5), (1.0, 1.5, 2.0)), [('K.58 Musescore', 'P1', 2, (64, 67), (13, 1.0), (13, 2.0)), ('K.58 Musescore', 'P1', 2, (299, 302), (46, 1.0), (47, 2.0)), ('K.58 Musescore', 'P1', 5, (64, 67), (24, 1.0), (24, 2.0))]) 

36 .    (((-2, -2, 2), (0.25, 0.25, 0.5), (3.5, 3.75, 4.0)), [('K.58 Musescore', 'P1', 1, (300, 303), (55, 3.5), (55, 4.0)), ('K.58 Musescore', 'P1', 5, (158, 161), (48, 3.5), (48, 4.0))]) 

37 .    (((2, 2, 2), (0.5, 0.5, 0.5), (3.0, 3.5, 4.0)), [('K.58 Musescore', 'P1', 5, (28, 31), (20, 3.0), (20, 4.0)), ('K.58 Musescore', 'P1', 5, (60, 63), (24, 3.0), (24, 4.0)), ('K.58 Musescore', 'P1', 5, (68, 71), (25, 3.0), (25, 4.0))]) 

38 .    (((2, 2, 2), (0.5, 0.5, 0.5), (1.5, 2.0, 2.5)), [('K.58 Musescore', 'P1', 1, (244, 247), (47, 1.5), (48, 2.5)), ('K.58 Musescore', 'P1', 2, (354, 357), (54, 1.5), (54, 2.5))]) 

39 .    (((-2, -2, -2), (0.5, 0.25, 0.25), (2.0, 2.5, 2.75)), [('K.58 Musescore', 'P1', 4, (140, 143), (47, 2.0), (47, 2.75)), ('K.58 Musescore', 'P1', 5, (179, 182), (53, 2.0), (53, 2.75))]) 

40 .    (((-2, -2, -2), (0.5, 0.25, 0.25), (1.0, 1.5, 1.75)), [('K.58 Musescore', 'P1', 1, (274, 277), (52, 1.0), (52, 1.75)), ('K.58 Musescore', 'P1', 4, (44, 47), (16, 1.0), (16, 1.75)), ('K.58 Musescore', 'P1', 5, (151, 154), (46, 1.0), (46, 1.75))]) 

41 .    (((2, 2, 2), (0.5, 0.25, 0.25), (1.0, 1.5, 1.75)), [('K.58 Musescore', 'P1', 1, (81, 84), (18, 1.0), (18, 1.75)), ('K.58 Musescore', 'P1', 1, (317, 320), (58, 1.0), (58, 1.75)), ('K.58 Musescore', 'P1', 2, (345, 348), (53, 1.0), (53, 1.75))]) 

42 .    (((-2, 2, -2), (2.0, 1.0, 1.0), (4.0, 2.0, 3.0)), [('K.58 Musescore', 'P1', 2, (60, 63), (11, 4.0), (12, 3.0)), ('K.58 Musescore', 'P1', 4, (17, 20), (11, 4.0), (12, 3.0))]) 

43 .    (((-2, -2, 2), (0.5, 0.25, 0.25), (3.0, 3.5, 3.75)), [('K.58 Musescore', 'P1', 2, (165, 168), (26, 3.0), (26, 3.75)), ('K.58 Musescore', 'P1', 4, (112, 115), (36, 3.0), (36, 3.75))]) 

44 .    (((1, 2, 2), (1.5, 0.5, 0.5), (3.0, 4.5, 1.0)), [('K.58 Musescore', 'P1', 2, (179, 182), (28, 3.0), (29, 1.0)), ('K.58 Musescore', 'P1', 2, (371, 374), (56, 3.0), (57, 1.0))]) 

45 .    (((2, 2, -3), (0.5, 0.5, 0.5), (3.0, 3.5, 4.0)), [('K.58 Musescore', 'P1', 2, (335, 338), (51, 3.0), (51, 4.0)), ('K.58 Musescore', 'P1', 2, (341, 344), (52, 3.0), (52, 4.0))]) 

46 .    (((2, 1, -4), (1.5, 0.5, 1.5), (1.0, 2.5, 3.0)), [('K.58 Musescore', 'P1', 4, (95, 98), (29, 1.0), (29, 3.0)), ('K.58 Musescore', 'P1', 4, (99, 102), (30, 1.0), (30, 3.0))]) 

47 .    (((4, 2, -5), (0.5, 1.5, 0.5), (2.5, 3.0, 4.5)), [('K.58 Musescore', 'P1', 5, (83, 86), (29, 2.5), (29, 4.5)), ('K.58 Musescore', 'P1', 5, (87, 90), (30, 2.5), (30, 4.5))]) 

48 .    (((2, 2), (0.5, 0.5), (3.0, 3.5)), [('K.58 Musescore', 'P1', 2, (217, 219), (33, 3.0), (33, 3.5)), ('K.58 Musescore', 'P1', 4, (86, 88), (27, 3.0), (27, 3.5))]) 

49 .    (((2, 2), (0.5, 0.5), (2.0, 2.5)), [('K.58 Musescore', 'P1', 1, (239, 241), (47, 2.0), (47, 2.5)), ('K.58 Musescore', 'P1', 4, (68, 70), (23, 2.0), (23, 2.5))]) 

50 .    (((2, 2), (0.5, 0.5), (4.0, 4.5)), [('K.58 Musescore', 'P1', 1, (236, 238), (46, 4.0), (46, 4.5)), ('K.58 Musescore', 'P1', 5, (21, 23), (17, 4.0), (17, 4.5)), ('K.58 Musescore', 'P1', 5, (127, 129), (43, 4.0), (43, 4.5))]) 

51 .    (((2, 2), (0.5, 0.5), (1.5, 2.0)), [('K.58 Musescore', 'P1', 2, (87, 89), (15, 1.5), (15, 2.0)), ('K.58 Musescore', 'P1', 2, (236, 238), (36, 1.5), (37, 2.0)), ('K.58 Musescore', 'P1', 5, (16, 18), (13, 1.5), (13, 2.0))]) 

52 .    (((2, 2), (0.5, 0.5), (3.5, 4.0)), [('K.58 Musescore', 'P1', 1, (56, 58), (12, 3.5), (12, 4.0)), ('K.58 Musescore', 'P1', 1, (285, 287), (53, 3.5), (53, 4.0)), ('K.58 Musescore', 'P1', 2, (252, 254), (39, 3.5), (39, 4.0))]) 

53 .    (((-2, -2), (0.25, 0.25), (1.5, 1.75)), [('K.58 Musescore', 'P1', 1, (249, 251), (48, 1.5), (48, 1.75)), ('K.58 Musescore', 'P1', 2, (331, 333), (51, 1.5), (51, 1.75))]) 

54 .    (((-2, -2), (0.25, 0.25), (4.5, 4.75)), [('K.58 Musescore', 'P1', 1, (49, 51), (11, 4.5), (11, 4.75)), ('K.58 Musescore', 'P1', 4, (146, 148), (47, 4.5), (47, 4.75))]) 

55 .    (((-2, -2), (0.5, 0.25), (4.0, 4.5)), [('K.58 Musescore', 'P1', 1, (85, 87), (19, 4.0), (19, 4.5)), ('K.58 Musescore', 'P1', 1, (123, 125), (26, 4.0), (26, 4.5))]) 

56 .    (((-2, 1), (2.0, 1.0), (1.0, 3.0)), [('K.58 Musescore', 'P1', 1, (59, 61), (13, 1.0), (13, 3.0)), ('K.58 Musescore', 'P1', 1, (64, 66), (14, 1.0), (15, 3.0)), ('K.58 Musescore', 'P1', 1, (88, 90), (19, 1.0), (20, 3.0)), ('K.58 Musescore', 'P1', 1, (103, 105), (22, 1.0), (23, 3.0))]) 

57 .    (((1, -2), (1.0, 1.0), (1.0, 2.0)), [('K.58 Musescore', 'P1', 1, (106, 108), (23, 1.0), (23, 2.0)), ('K.58 Musescore', 'P1', 4, (197, 199), (55, 1.0), (55, 2.0))]) 

58 .    (((1, -2), (1.0, 1.0), (2.0, 3.0)), [('K.58 Musescore', 'P1', 4, (105, 107), (34, 2.0), (34, 3.0)), ('K.58 Musescore', 'P1', 4, (119, 121), (39, 2.0), (39, 3.0))]) 

59 .    (((-2, -2), (1.5, 0.25), (2.0, 3.5)), [('K.58 Musescore', 'P1', 2, (375, 377), (57, 2.0), (57, 3.5)), ('K.58 Musescore', 'P1', 4, (150, 152), (48, 2.0), (48, 3.5))]) 

60 .    (((-2, -2), (1.5, 0.25), (1.0, 2.5)), [('K.58 Musescore', 'P1', 1, (110, 112), (24, 1.0), (24, 2.5)), ('K.58 Musescore', 'P1', 2, (256, 258), (39, 1.0), (40, 2.5)), ('K.58 Musescore', 'P1', 2, (368, 370), (56, 1.0), (56, 2.5))]) 

61 .    (((-2, 1), (0.5, 0.5), (4.5, 1.0)), [('K.58 Musescore', 'P1', 1, (264, 266), (50, 4.5), (50, 1.0)), ('K.58 Musescore', 'P1', 2, (360, 362), (54, 4.5), (55, 1.0)), ('K.58 Musescore', 'P1', 4, (157, 159), (49, 4.5), (49, 1.0))]) 

62 .    (((2, 2), (0.5, 0.25), (3.0, 3.5)), [('K.58 Musescore', 'P1', 1, (77, 79), (18, 3.0), (18, 3.5)), ('K.58 Musescore', 'P1', 5, (37, 39), (21, 3.0), (21, 3.5))]) 

63 .    (((-2, 1), (0.5, 0.5), (1.5, 2.0)), [('K.58 Musescore', 'P1', 1, (289, 291), (54, 1.5), (54, 2.0)), ('K.58 Musescore', 'P1', 4, (167, 169), (51, 1.5), (51, 2.0))]) 

64 .    (((-2, -2), (0.5, 0.5), (3.0, 3.5)), [('K.58 Musescore', 'P1', 2, (291, 293), (45, 3.0), (45, 3.5)), ('K.58 Musescore', 'P1', 5, (147, 149), (46, 3.0), (46, 3.5))]) 

65 .    (((2, 1), (0.5, 0.5), (3.5, 4.0)), [('K.58 Musescore', 'P1', 2, (325, 327), (50, 3.5), (50, 4.0)), ('K.58 Musescore', 'P1', 2, (350, 352), (53, 3.5), (53, 4.0)), ('K.58 Musescore', 'P1', 4, (194, 196), (54, 3.5), (54, 4.0))]) 

66 .    (((-2, -2), (2.0, 2.0), (1.0, 3.0)), [('K.58 Musescore', 'P1', 1, (32, 34), (9, 1.0), (9, 3.0)), ('K.58 Musescore', 'P1', 1, (232, 234), (44, 1.0), (45, 3.0)), ('K.58 Musescore', 'P1', 4, (122, 124), (39, 1.0), (40, 3.0))]) 

67 .    (((-2, -2), (1.5, 0.5), (1.0, 2.5)), [('K.58 Musescore', 'P1', 4, (89, 91), (28, 1.0), (28, 2.5)), ('K.58 Musescore', 'P1', 5, (78, 80), (28, 1.0), (28, 2.5))]) 

68 .    (((-4, 3), (0.5, 0.5), (4.0, 4.5)), [('K.58 Musescore', 'P1', 2, (173, 175), (27, 4.0), (27, 4.5)), ('K.58 Musescore', 'P1', 2, (304, 306), (47, 4.0), (47, 4.5))]) 

69 .    (((-5, 2), (1.0, 0.5), (3.0, 4.0)), [('K.58 Musescore', 'P1', 2, (227, 229), (35, 3.0), (35, 4.0)), ('K.58 Musescore', 'P1', 2, (296, 298), (46, 3.0), (46, 4.0))]) 

70 .    (((1, 4), (1.0, 1.0), (4.0, 1.0)), [('K.58 Musescore', 'P1', 2, (249, 251), (38, 4.0), (38, 1.0)), ('K.58 Musescore', 'P1', 5, (155, 157), (47, 4.0), (47, 1.0))]) 

71 .    (((-2, 2), (0.5, 0.5), (1.5, 2.0)), [('K.58 Musescore', 'P1', 4, (183, 185), (53, 1.5), (53, 2.0)), ('K.58 Musescore', 'P1', 5, (143, 145), (45, 1.5), (46, 2.0))]) 

72 .    ((((8, 1), (8, 1)), ((0.0, 1.0), (0.0, 1.0)), (1.0, 2.0)), [('K.58 Musescore', 'P1', 4, (206, 208), (57, 1.0), (57, 2.0)), ('K.58 Musescore', 'P1', 4, (210, 212), (58, 1.0), (58, 2.0))]) 

73 .    (((1, 4), (1.0, 1.0), (3.0, 4.0)), [('K.58 Musescore', 'P1', 5, (171, 173), (51, 3.0), (51, 4.0)), ('K.58 Musescore', 'P1', 5, (175, 177), (52, 3.0), (52, 4.0))]) 

74 .    (((2,), (0.5,), (4.0,)), [('K.58 Musescore', 'P1', 1, (242, 243), (47, 4.0), (47, 4.0)), ('K.58 Musescore', 'P1', 2, (98, 99), (17, 4.0), (17, 4.0))]) 

75 .    (((2,), (0.5,), (1.0,)), [('K.58 Musescore', 'P1', 1, (163, 164), (33, 1.0), (33, 1.0)), ('K.58 Musescore', 'P1', 1, (305, 306), (56, 1.0), (56, 1.0)), ('K.58 Musescore', 'P1', 2, (328, 329), (50, 1.0), (50, 1.0)), ('K.58 Musescore', 'P1', 5, (162, 163), (48, 1.0), (48, 1.0))]) 

76 .    (((2,), (0.5,), (3.0,)), [('K.58 Musescore', 'P1', 2, (269, 270), (42, 3.0), (42, 3.0)), ('K.58 Musescore', 'P1', 2, (316, 317), (49, 3.0), (49, 3.0))]) 

77 .    (((2,), (0.5,), (1.5,)), [('K.58 Musescore', 'P1', 2, (232, 233), (35, 1.5), (35, 1.5)), ('K.58 Musescore', 'P1', 2, (266, 267), (41, 1.5), (41, 1.5)), ('K.58 Musescore', 'P1', 5, (138, 139), (44, 1.5), (44, 1.5))]) 

78 .    (((2,), (0.5,), (2.5,)), [('K.58 Musescore', 'P1', 1, (260, 261), (50, 2.5), (50, 2.5)), ('K.58 Musescore', 'P1', 2, (364, 365), (55, 2.5), (55, 2.5)), ('K.58 Musescore', 'P1', 4, (176, 177), (52, 2.5), (52, 2.5)), ('K.58 Musescore', 'P1', 4, (203, 204), (56, 2.5), (56, 2.5))]) 

79 .    (((1,), (1.0,), (3.0,)), [('K.58 Musescore', 'P1', 1, (62, 63), (14, 3.0), (14, 3.0)), ('K.58 Musescore', 'P1', 1, (101, 102), (22, 3.0), (22, 3.0)), ('K.58 Musescore', 'P1', 1, (153, 154), (31, 3.0), (31, 3.0)), ('K.58 Musescore', 'P1', 4, (74, 75), (25, 3.0), (25, 3.0)), ('K.58 Musescore', 'P1', 5, (194, 195), (56, 3.0), (56, 3.0))]) 

80 .    (((1,), (1.0,), (2.0,)), [('K.58 Musescore', 'P1', 1, (121, 122), (26, 2.0), (26, 2.0)), ('K.58 Musescore', 'P1', 1, (283, 284), (53, 2.0), (53, 2.0)), ('K.58 Musescore', 'P1', 4, (155, 156), (49, 2.0), (49, 2.0))]) 

81 .    (((-2,), (0.25,), (2.5,)), [('K.58 Musescore', 'P1', 1, (75, 76), (17, 2.5), (17, 2.5)), ('K.58 Musescore', 'P1', 2, (215, 216), (33, 2.5), (33, 2.5)), ('K.58 Musescore', 'P1', 3, (3, 4), (53, 2.5), (53, 2.5))]) 

82 .    (((1,), (1.0,), (1.0,)), [('K.58 Musescore', 'P1', 2, (339, 340), (52, 1.0), (52, 1.0)), ('K.58 Musescore', 'P1', 4, (59, 60), (22, 1.0), (22, 1.0)), ('K.58 Musescore', 'P1', 4, (72, 73), (24, 1.0), (24, 1.0)), ('K.58 Musescore', 'P1', 4, (84, 85), (27, 1.0), (27, 1.0)), ('K.58 Musescore', 'P1', 5, (58, 59), (23, 1.0), (23, 1.0)), ('K.58 Musescore', 'P1', 5, (192, 193), (56, 1.0), (56, 1.0))]) 

83 .    (((-2,), (0.25,), (1.5,)), [('K.58 Musescore', 'P1', 1, (203, 204), (39, 1.5), (39, 1.5)), ('K.58 Musescore', 'P1', 2, (176, 177), (28, 1.5), (28, 1.5))]) 

84 .    (((-2,), (1.0,), (2.0,)), [('K.58 Musescore', 'P1', 2, (170, 171), (27, 2.0), (27, 2.0)), ('K.58 Musescore', 'P1', 4, (15, 16), (11, 2.0), (11, 2.0))]) 

85 .    (((2,), (1.0,), (2.0,)), [('K.58 Musescore', 'P1', 2, (101, 102), (17, 2.0), (17, 2.0)), ('K.58 Musescore', 'P1', 5, (94, 95), (36, 2.0), (36, 2.0))]) 

86 .    (((-2,), (0.5,), (4.0,)), [('K.58 Musescore', 'P1', 2, (366, 367), (55, 4.0), (55, 4.0)), ('K.58 Musescore', 'P1', 4, (93, 94), (28, 4.0), (28, 4.0)), ('K.58 Musescore', 'P1', 5, (40, 41), (21, 4.0), (21, 4.0))]) 

87 .    (((1,), (1.0,), (4.0,)), [('K.58 Musescore', 'P1', 4, (117, 118), (38, 4.0), (38, 4.0)), ('K.58 Musescore', 'P1', 4, (153, 154), (48, 4.0), (48, 4.0)), ('K.58 Musescore', 'P1', 5, (183, 184), (53, 4.0), (53, 4.0))]) 

88 .    (((-2,), (0.5,), (4.5,)), [('K.58 Musescore', 'P1', 1, (18, 19), (6, 4.5), (6, 4.5)), ('K.58 Musescore', 'P1', 2, (312, 313), (48, 4.5), (48, 4.5))]) 

89 .    (((-2,), (0.5,), (1.5,)), [('K.58 Musescore', 'P1', 1, (52, 53), (12, 1.5), (12, 1.5)), ('K.58 Musescore', 'P1', 2, (162, 163), (26, 1.5), (26, 1.5)), ('K.58 Musescore', 'P1', 2, (288, 289), (44, 1.5), (44, 1.5))]) 

90 .    (((-2,), (0.5,), (2.5,)), [('K.58 Musescore', 'P1', 1, (54, 55), (12, 2.5), (12, 2.5)), ('K.58 Musescore', 'P1', 1, (252, 253), (49, 2.5), (49, 2.5)), ('K.58 Musescore', 'P1', 1, (313, 314), (57, 2.5), (57, 2.5)), ('K.58 Musescore', 'P1', 2, (323, 324), (50, 2.5), (50, 2.5)), ('K.58 Musescore', 'P1', 4, (160, 161), (50, 2.5), (50, 2.5))]) 

91 .    (((-2,), (0.5,), (3.5,)), [('K.58 Musescore', 'P1', 1, (176, 177), (35, 3.5), (35, 3.5)), ('K.58 Musescore', 'P1', 2, (264, 265), (41, 3.5), (41, 3.5)), ('K.58 Musescore', 'P1', 2, (358, 359), (54, 3.5), (54, 3.5))]) 

92 .    (((2,), (1.0,), (1.0,)), [('K.58 Musescore', 'P1', 5, (26, 27), (19, 1.0), (19, 1.0)), ('K.58 Musescore', 'P1', 5, (107, 108), (39, 1.0), (39, 1.0))]) 

93 .    (((2,), (1.0,), (4.0,)), [('K.58 Musescore', 'P1', 5, (92, 93), (35, 4.0), (35, 4.0)), ('K.58 Musescore', 'P1', 5, (96, 97), (36, 4.0), (36, 4.0)), ('K.58 Musescore', 'P1', 5, (141, 142), (45, 4.0), (45, 4.0))]) 

94 .    (((4,), (0.5,), (4.5,)), [('K.58 Musescore', 'P1', 2, (103, 104), (18, 4.5), (18, 4.5)), ('K.58 Musescore', 'P1', 2, (294, 295), (45, 4.5), (45, 4.5))]) 

95 .    (((-3,), (0.5,), (2.0,)), [('K.58 Musescore', 'P1', 1, (178, 179), (36, 2.0), (36, 2.0)), ('K.58 Musescore', 'P1', 2, (314, 315), (49, 2.0), (49, 2.0))]) 

96 .    (((-5,), (1.5,), (3.0,)), [('K.58 Musescore', 'P1', 4, (22, 23), (13, 3.0), (13, 3.0)), ('K.58 Musescore', 'P1', 4, (24, 25), (14, 3.0), (14, 3.0))]) 

