1.    nomes:
K.498 KernScores

2.    quantidade:
1

3.    analise:
[('intDia', 'p1p2'), ('duracao', 'p1p2'), ('Ptempo', 'p1')] SemContInte Distancia: 0

1.    (((3, -2), (3, -2), (3, -2), (3, -2), (3, 4), 1, 2, -3, 2, 1, 2, -3, 2, 6, -3, -3, -2, -2, 2, 1, 2, -3, 2, 1, 2, -3, 2, 6, -3, -3, -2, -2, -2, 1, -3, -5, (3, -2), (3, -2), (3, 2)), ((0.0, 0.5), (0.0, 0.5), (0.0, 0.5), (0.0, 0.5), (0.0, 0.5), 0.5, 0.5, 1.5, 0.5, 0.5, 0.5, 1.5, 0.5, 0.5, 0.5, 0.5, 0.5, 0.5, 0.5, 0.5, 0.5, 1.5, 0.5, 0.5, 0.5, 1.5, 0.5, 0.5, 0.5, 0.5, 0.5, 0.5, 0.5, 0.5, 0.5, 0.5, (0.0, 0.5), (0.0, 0.5), (0.0, 0.5)), (0.5,)):
('K.498 KernScores', 'P1', 1, (121, 160), (31,), (1.5,), (38,), (3.5,))
('K.498 KernScores', 'P1', 1, (307, 346), (74,), (1.5,), (81,), (3.5,))

2.    ((1, -8, 1, 2, 9, 1, -8, 1, 2, 9, 1, -8, 1, 2, 7, 2, 2, -3, 2, -7, 1, -8, 1, 2, 9, 1, -8, 1, 2, 9, 1, -8, 1, 2, 9, 1, -8, 1, 2), (0.5, 0.5, 0.5, 0.5, 1.0, 0.5, 0.5, 0.5, 0.5, 1.0, 0.5, 0.5, 0.5, 0.5, 1.5, 1.0, 1.0, 1.0, 1.0, 1.5, 0.5, 0.5, 0.5, 0.5, 1.0, 0.5, 0.5, 0.5, 0.5, 1.0, 0.5, 0.5, 0.5, 0.5, 1.0, 0.5, 0.5, 0.5, 0.5), (0.5,)):
('K.498 KernScores', 'P2', 1, (51, 90), (13,), (1.5,), (21,), (3.0,))
('K.498 KernScores', 'P2', 1, (181, 220), (41,), (1.5,), (49,), (3.0,))

3.    ((1, -2, 2, -2, 2, 2, -3, 2, -2, 2, 2, -3, 2, -2, 2, 2, 4, -2, -2, -2, -2, -2, 3, -5, 3, 2, 3, -5, (4, 6), -2, -2, -2, -2, 2), (0.5, 1.5, 0.5, 0.5, 0.25, 0.25, 1.5, 0.5, 0.5, 0.25, 0.25, 1.5, 0.5, 0.5, 0.25, 0.25, 1.5, 1.0, 1.0, 1.0, 1.0, 0.5, 0.5, 0.5, 0.5, 0.5, 0.5, 0.5, (0.0, 0.5), 0.5, 0.5, 0.5, 0.5, 0.5), (0.5,)):
('K.498 KernScores', 'P1', 1, (20, 54), (5,), (3.5,), (12,), (3.5,))
('K.498 KernScores', 'P1', 1, (240, 274), (59,), (3.5,), (66,), (3.5,))

4.    ((1, -2, -2, -2, 3, 2, 1, -2, -2, -2, 3, 2, 2, -2, -2, 2, 1, -2, -2, -2, 3, 2, 1, -2, -2, -2, 3, 2, 2, -2, -2), (0.5, 0.5, 0.5, 0.5, 0.5, 0.5, 0.5, 0.5, 0.5, 0.5, 0.5, 0.5, 1.5, 0.5, 0.5, 0.5, 0.5, 0.5, 0.5, 0.5, 0.5, 0.5, 0.5, 0.5, 0.5, 0.5, 0.5, 0.5, 1.5, 0.5, 0.5), (0.0,)):
('K.498 KernScores', 'P1', 2, (20, 51), (32,), (1.0,), (37,), (3.0,))
('K.498 KernScores', 'P1', 2, (72, 103), (75,), (1.0,), (80,), (3.0,))

5.    ((1, -3, 2, -3, 2, -3, 2, -3, 2, -3, -2, -2, -2, -2, 2, -3), (0.5, 0.5, 0.5, 0.5, 0.5, 0.5, 0.5, 0.5, 0.5, 0.5, 0.5, 0.5, 0.5, 0.5, 0.5, 0.5), (0.5,)):
('K.498 KernScores', 'P2', 1, (31, 47), (9,), (1.5,), (11,), (3.0,))
('K.498 KernScores', 'P2', 1, (282, 298), (63,), (1.5,), (65,), (3.0,))

6.    ((8, 2, -2, -2, -3, -5, 8, 2, -2, -2, -3, -5, 3, 2, -7, (8, 4)), (0.5, 0.5, 0.5, 0.5, 0.5, 0.5, 0.5, 0.5, 0.5, 0.5, 0.5, 0.5, 0.5, 0.5, 1.0, (0.0, 1.0)), (0.0,)):
('K.498 KernScores', 'P2', 1, (139, 155), (32,), (1.0,), (34,), (3.0,))
('K.498 KernScores', 'P2', 1, (155, 171), (35,), (1.0,), (37,), (3.0,))

7.    ((8, 2, -2, -2, -3, -5, 8, 2, -2, -2, -3, -5, 3, -7, (8, 2), (8, 4)), (0.5, 0.5, 0.5, 0.5, 0.5, 0.5, 0.5, 0.5, 0.5, 0.5, 0.5, 0.5, 0.5, 0.5, (0.0, 1.0), (0.0, 1.0)), (0.0,)):
('K.498 KernScores', 'P2', 1, (344, 360), (75,), (1.0,), (77,), (3.0,))
('K.498 KernScores', 'P2', 1, (360, 376), (78,), (1.0,), (80,), (3.0,))

8.    ((6, 1, -8, 1, 2, 2, 6, 1, -8, 1, 2), (0.5, 0.5, 0.5, 0.5, 0.5, 0.5, 0.5, 0.5, 0.5, 0.5, 0.5), (0.0,)):
('K.498 KernScores', 'P1', 1, (60, 71), (16,), (1.0,), (17,), (3.0,))
('K.498 KernScores', 'P1', 1, (170, 181), (44,), (1.0,), (45,), (3.0,))

9.    ((-3, 2, -3, 2, -3, 2), (0.5, 0.5, 0.5, 0.5, 0.5, 0.5), (0.0,)):
('K.498 KernScores', 'P1', 1, (190, 196), (50,), (1.0,), (50,), (3.5,))
('K.498 KernScores', 'P2', 1, (32, 38), (9,), (2.0,), (10,), (1.5,))
('K.498 KernScores', 'P2', 1, (221, 227), (50,), (1.0,), (50,), (3.5,))
('K.498 KernScores', 'P2', 1, (229, 235), (51,), (2.0,), (52,), (1.5,))
('K.498 KernScores', 'P2', 1, (283, 289), (63,), (2.0,), (64,), (1.5,))

10.    ((2, 5, 1, -8, 1, 2), (0.5, 0.5, 0.5, 0.5, 0.5, 0.5), (0.5,)):
('K.498 KernScores', 'P1', 1, (215, 221), (54,), (3.5,), (55,), (3.0,))
('K.498 KernScores', 'P1', 1, (221, 227), (55,), (3.5,), (56,), (3.0,))

11.    ((-4, -3, -3, -4, 7, -2), (0.5, 0.5, 0.5, 0.5, 0.5, 0.5), (0.0,)):
('K.498 KernScores', 'P1', 1, (0, 6), (1,), (1.0,), (1,), (3.5,))
('K.498 KernScores', 'P2', 1, (1, 7), (2,), (1.0,), (2,), (3.5,))

12.    ((3, -2, -2, -2, -2, 2), (0.5, 0.5, 0.5, 0.5, 0.5, 0.5), (0.0,)):
('K.498 KernScores', 'P1', 1, (210, 216), (54,), (1.0,), (54,), (3.5,))
('K.498 KernScores', 'P2', 1, (237, 243), (52,), (3.0,), (53,), (2.5,))

13.    ((2, 1, -2, -2, -2), (0.5, 0.5, 0.5, 0.5, 0.5), (0.5,)):
('K.498 KernScores', 'P1', 1, (79, 84), (21,), (3.5,), (22,), (2.5,))
('K.498 KernScores', 'P1', 2, (25, 30), (32,), (3.5,), (33,), (2.5,))
('K.498 KernScores', 'P1', 2, (35, 40), (34,), (3.5,), (35,), (2.5,))
('K.498 KernScores', 'P1', 2, (41, 46), (35,), (3.5,), (36,), (2.5,))
('K.498 KernScores', 'P1', 2, (77, 82), (75,), (3.5,), (76,), (2.5,))
('K.498 KernScores', 'P1', 2, (87, 92), (77,), (3.5,), (78,), (2.5,))
('K.498 KernScores', 'P1', 2, (93, 98), (78,), (3.5,), (79,), (2.5,))

14.    ((1, -8, 1, 2, 2), (0.5, 0.5, 0.5, 0.5, 0.5), (0.5,)):
('K.498 KernScores', 'P1', 1, (61, 66), (16,), (1.5,), (16,), (3.5,))
('K.498 KernScores', 'P1', 1, (67, 72), (17,), (1.5,), (17,), (3.5,))
('K.498 KernScores', 'P1', 1, (171, 176), (44,), (1.5,), (44,), (3.5,))
('K.498 KernScores', 'P1', 1, (217, 222), (55,), (1.5,), (55,), (3.5,))
('K.498 KernScores', 'P2', 1, (86, 91), (21,), (1.5,), (21,), (3.5,))

15.    ((-2, -2, -2, -2, 2), (0.5, 0.5, 0.5, 0.5, 0.5), (0.5,)):
('K.498 KernScores', 'P1', 1, (49, 54), (12,), (1.5,), (12,), (3.5,))
('K.498 KernScores', 'P1', 1, (269, 274), (66,), (1.5,), (66,), (3.5,))
('K.498 KernScores', 'P2', 1, (41, 46), (10,), (3.5,), (11,), (2.5,))
('K.498 KernScores', 'P2', 1, (292, 297), (64,), (3.5,), (65,), (2.5,))

16.    ((5, 1, -8, 1, 2), (0.5, 0.5, 0.5, 0.5, 0.5), (0.0,)):
('K.498 KernScores', 'P1', 1, (216, 221), (55,), (1.0,), (55,), (3.0,))
('K.498 KernScores', 'P1', 1, (222, 227), (56,), (1.0,), (56,), (3.0,))
('K.498 KernScores', 'P1', 2, (61, 66), (57,), (1.0,), (57,), (3.0,))

17.    ((-2, -2, -2, -2, -2), (0.5, 0.5, 0.5, 0.5, 0.5), (0.5,)):
('K.498 KernScores', 'P1', 1, (81, 86), (22,), (1.5,), (22,), (3.5,))
('K.498 KernScores', 'P1', 1, (230, 235), (58,), (1.5,), (58,), (3.5,))

18.    ((1, -8, 1, 2), (0.5, 0.5, 0.5, 0.5), (0.5,)):
('K.498 KernScores', 'P1', 1, (61, 65), (16,), (1.5,), (16,), (3.0,))
('K.498 KernScores', 'P1', 1, (67, 71), (17,), (1.5,), (17,), (3.0,))
('K.498 KernScores', 'P1', 1, (171, 175), (44,), (1.5,), (44,), (3.0,))
('K.498 KernScores', 'P1', 1, (177, 181), (45,), (1.5,), (45,), (3.0,))
('K.498 KernScores', 'P1', 1, (217, 221), (55,), (1.5,), (55,), (3.0,))
('K.498 KernScores', 'P1', 1, (223, 227), (56,), (1.5,), (56,), (3.0,))
('K.498 KernScores', 'P1', 2, (62, 66), (57,), (1.5,), (57,), (3.0,))
('K.498 KernScores', 'P2', 1, (51, 55), (13,), (1.5,), (13,), (3.0,))
('K.498 KernScores', 'P2', 1, (56, 60), (14,), (1.5,), (14,), (3.0,))
('K.498 KernScores', 'P2', 1, (61, 65), (15,), (1.5,), (15,), (3.0,))
('K.498 KernScores', 'P2', 1, (71, 75), (18,), (1.5,), (18,), (3.0,))
('K.498 KernScores', 'P2', 1, (76, 80), (19,), (1.5,), (19,), (3.0,))
('K.498 KernScores', 'P2', 1, (81, 85), (20,), (1.5,), (20,), (3.0,))
('K.498 KernScores', 'P2', 1, (86, 90), (21,), (1.5,), (21,), (3.0,))
('K.498 KernScores', 'P2', 1, (176, 180), (40,), (1.5,), (40,), (3.0,))
('K.498 KernScores', 'P2', 1, (181, 185), (41,), (1.5,), (41,), (3.0,))
('K.498 KernScores', 'P2', 1, (186, 190), (42,), (1.5,), (42,), (3.0,))
('K.498 KernScores', 'P2', 1, (191, 195), (43,), (1.5,), (43,), (3.0,))
('K.498 KernScores', 'P2', 1, (201, 205), (46,), (1.5,), (46,), (3.0,))
('K.498 KernScores', 'P2', 1, (206, 210), (47,), (1.5,), (47,), (3.0,))
('K.498 KernScores', 'P2', 1, (211, 215), (48,), (1.5,), (48,), (3.0,))
('K.498 KernScores', 'P2', 1, (216, 220), (49,), (1.5,), (49,), (3.0,))

19.    ((-2, -2, -2, 3), (1.0, 1.0, 1.0, 2.0), (0.0,)):
('K.498 KernScores', 'P1', 2, (1, 5), (9,), (3.0,), (10,), (3.0,))
('K.498 KernScores', 'P1', 2, (67, 71), (63,), (3.0,), (64,), (3.0,))

20.    ((-2, 6, -3, -4), (0.5, 1.0, 0.5, 0.5), (0.0,)):
('K.498 KernScores', 'P1', 2, (10, 14), (26,), (1.0,), (26,), (3.0,))
('K.498 KernScores', 'P1', 2, (15, 19), (30,), (1.0,), (30,), (3.0,))

21.    ((-2, -2, -2), (0.5, 0.5, 0.5), (0.5,)):
('K.498 KernScores', 'P1', 1, (49, 52), (12,), (1.5,), (12,), (2.5,))
('K.498 KernScores', 'P1', 1, (55, 58), (13,), (2.5,), (13,), (3.5,))
('K.498 KernScores', 'P1', 1, (81, 84), (22,), (1.5,), (22,), (2.5,))
('K.498 KernScores', 'P1', 1, (91, 94), (23,), (2.5,), (23,), (3.5,))
('K.498 KernScores', 'P1', 1, (151, 154), (37,), (2.5,), (37,), (3.5,))
('K.498 KernScores', 'P1', 1, (201, 204), (52,), (2.5,), (52,), (3.5,))
('K.498 KernScores', 'P1', 1, (211, 214), (54,), (1.5,), (54,), (2.5,))
('K.498 KernScores', 'P1', 1, (230, 233), (58,), (1.5,), (58,), (2.5,))
('K.498 KernScores', 'P1', 1, (236, 239), (59,), (1.5,), (59,), (2.5,))
('K.498 KernScores', 'P1', 1, (269, 272), (66,), (1.5,), (66,), (2.5,))
('K.498 KernScores', 'P1', 1, (337, 340), (80,), (2.5,), (80,), (3.5,))
('K.498 KernScores', 'P1', 2, (21, 24), (32,), (1.5,), (32,), (2.5,))
('K.498 KernScores', 'P1', 2, (27, 30), (33,), (1.5,), (33,), (2.5,))
('K.498 KernScores', 'P1', 2, (37, 40), (35,), (1.5,), (35,), (2.5,))
('K.498 KernScores', 'P1', 2, (43, 46), (36,), (1.5,), (36,), (2.5,))
('K.498 KernScores', 'P1', 2, (73, 76), (75,), (1.5,), (75,), (2.5,))
('K.498 KernScores', 'P1', 2, (79, 82), (76,), (1.5,), (76,), (2.5,))
('K.498 KernScores', 'P1', 2, (89, 92), (78,), (1.5,), (78,), (2.5,))
('K.498 KernScores', 'P1', 2, (95, 98), (79,), (1.5,), (79,), (2.5,))
('K.498 KernScores', 'P2', 1, (41, 44), (10,), (3.5,), (11,), (1.5,))
('K.498 KernScores', 'P2', 1, (238, 241), (52,), (3.5,), (53,), (1.5,))
('K.498 KernScores', 'P2', 1, (261, 264), (58,), (2.5,), (58,), (3.5,))
('K.498 KernScores', 'P2', 1, (292, 295), (64,), (3.5,), (65,), (1.5,))

22.    ((-5, 3, 2), (0.5, 0.5, 0.5), (0.5,)):
('K.498 KernScores', 'P1', 1, (43, 46), (11,), (1.5,), (11,), (2.5,))
('K.498 KernScores', 'P1', 1, (205, 208), (53,), (1.5,), (53,), (2.5,))
('K.498 KernScores', 'P1', 1, (263, 266), (65,), (1.5,), (65,), (2.5,))
('K.498 KernScores', 'P2', 1, (150, 153), (33,), (3.5,), (34,), (1.5,))
('K.498 KernScores', 'P2', 1, (166, 169), (36,), (3.5,), (37,), (1.5,))

23.    ((3, 2), (0.5, 0.5), (0.0,)):
('K.498 KernScores', 'P1', 1, (44, 46), (11,), (2.0,), (11,), (2.5,))
('K.498 KernScores', 'P1', 1, (206, 208), (53,), (2.0,), (53,), (2.5,))
('K.498 KernScores', 'P1', 1, (264, 266), (65,), (2.0,), (65,), (2.5,))
('K.498 KernScores', 'P1', 2, (24, 26), (32,), (3.0,), (32,), (3.5,))
('K.498 KernScores', 'P1', 2, (30, 32), (33,), (3.0,), (33,), (3.5,))
('K.498 KernScores', 'P1', 2, (40, 42), (35,), (3.0,), (35,), (3.5,))
('K.498 KernScores', 'P1', 2, (46, 48), (36,), (3.0,), (36,), (3.5,))
('K.498 KernScores', 'P1', 2, (76, 78), (75,), (3.0,), (75,), (3.5,))
('K.498 KernScores', 'P1', 2, (82, 84), (76,), (3.0,), (76,), (3.5,))
('K.498 KernScores', 'P1', 2, (92, 94), (78,), (3.0,), (78,), (3.5,))
('K.498 KernScores', 'P1', 2, (98, 100), (79,), (3.0,), (79,), (3.5,))
('K.498 KernScores', 'P2', 1, (151, 153), (34,), (1.0,), (34,), (1.5,))
('K.498 KernScores', 'P2', 1, (167, 169), (37,), (1.0,), (37,), (1.5,))
('K.498 KernScores', 'P2', 1, (171, 173), (38,), (1.0,), (38,), (1.5,))

24.    ((2, -2), (0.5, 0.5), (0.5,)):
('K.498 KernScores', 'P1', 1, (22, 24), (6,), (2.5,), (6,), (3.0,))
('K.498 KernScores', 'P1', 1, (27, 29), (7,), (2.5,), (7,), (3.0,))
('K.498 KernScores', 'P1', 1, (32, 34), (8,), (2.5,), (8,), (3.0,))
('K.498 KernScores', 'P1', 1, (242, 244), (60,), (2.5,), (60,), (3.0,))
('K.498 KernScores', 'P1', 1, (247, 249), (61,), (2.5,), (61,), (3.0,))
('K.498 KernScores', 'P1', 1, (252, 254), (62,), (2.5,), (62,), (3.0,))
('K.498 KernScores', 'P2', 1, (140, 142), (32,), (1.5,), (32,), (2.0,))
('K.498 KernScores', 'P2', 1, (146, 148), (33,), (1.5,), (33,), (2.0,))
('K.498 KernScores', 'P2', 1, (156, 158), (35,), (1.5,), (35,), (2.0,))
('K.498 KernScores', 'P2', 1, (162, 164), (36,), (1.5,), (36,), (2.0,))
('K.498 KernScores', 'P2', 1, (345, 347), (75,), (1.5,), (75,), (2.0,))
('K.498 KernScores', 'P2', 1, (351, 353), (76,), (1.5,), (76,), (2.0,))
('K.498 KernScores', 'P2', 1, (361, 363), (78,), (1.5,), (78,), (2.0,))
('K.498 KernScores', 'P2', 1, (367, 369), (79,), (1.5,), (79,), (2.0,))

25.    ((2, 6), (0.5, 0.5), (0.5,)):
('K.498 KernScores', 'P1', 1, (59, 61), (15,), (3.5,), (16,), (1.0,))
('K.498 KernScores', 'P1', 1, (133, 135), (33,), (3.5,), (34,), (1.0,))
('K.498 KernScores', 'P1', 1, (147, 149), (36,), (3.5,), (37,), (1.0,))
('K.498 KernScores', 'P1', 1, (319, 321), (76,), (3.5,), (77,), (1.0,))
('K.498 KernScores', 'P1', 1, (333, 335), (79,), (3.5,), (80,), (1.0,))
('K.498 KernScores', 'P2', 1, (18, 20), (6,), (2.5,), (6,), (3.0,))
('K.498 KernScores', 'P2', 1, (23, 25), (7,), (2.5,), (7,), (3.0,))
('K.498 KernScores', 'P2', 1, (28, 30), (8,), (2.5,), (8,), (3.0,))
('K.498 KernScores', 'P2', 1, (269, 271), (60,), (2.5,), (60,), (3.0,))
('K.498 KernScores', 'P2', 1, (274, 276), (61,), (2.5,), (61,), (3.0,))
('K.498 KernScores', 'P2', 1, (279, 281), (62,), (2.5,), (62,), (3.0,))

26.    ((3, -2), (0.5, 0.5), (0.0,)):
('K.498 KernScores', 'P1', 1, (208, 210), (53,), (3.0,), (53,), (3.5,))
('K.498 KernScores', 'P2', 1, (99, 101), (24,), (2.0,), (24,), (2.5,))
('K.498 KernScores', 'P2', 1, (105, 107), (25,), (2.0,), (25,), (2.5,))
('K.498 KernScores', 'P2', 1, (120, 122), (28,), (2.0,), (28,), (2.5,))
('K.498 KernScores', 'P2', 1, (126, 128), (29,), (2.0,), (29,), (2.5,))
('K.498 KernScores', 'P2', 1, (304, 306), (67,), (2.0,), (67,), (2.5,))
('K.498 KernScores', 'P2', 1, (310, 312), (68,), (2.0,), (68,), (2.5,))
('K.498 KernScores', 'P2', 1, (325, 327), (71,), (2.0,), (71,), (2.5,))
('K.498 KernScores', 'P2', 1, (331, 333), (72,), (2.0,), (72,), (2.5,))

27.    ((-2, 6), (0.5, 1.0), (0.0,)):
('K.498 KernScores', 'P1', 1, (98, 100), (25,), (1.0,), (25,), (1.5,))
('K.498 KernScores', 'P1', 1, (114, 116), (29,), (1.0,), (29,), (1.5,))
('K.498 KernScores', 'P1', 1, (278, 280), (68,), (1.0,), (68,), (1.5,))
('K.498 KernScores', 'P1', 1, (283, 285), (69,), (1.0,), (69,), (1.5,))
('K.498 KernScores', 'P1', 1, (297, 299), (72,), (1.0,), (72,), (1.5,))
('K.498 KernScores', 'P1', 1, (302, 304), (73,), (1.0,), (73,), (1.5,))
('K.498 KernScores', 'P1', 2, (10, 12), (26,), (1.0,), (26,), (1.5,))
('K.498 KernScores', 'P1', 2, (15, 17), (30,), (1.0,), (30,), (1.5,))

28.    ((-2, -2), (1.0, 1.0), (0.0,)):
('K.498 KernScores', 'P1', 2, (1, 3), (9,), (3.0,), (10,), (1.0,))
('K.498 KernScores', 'P1', 2, (57, 59), (51,), (2.0,), (51,), (3.0,))
('K.498 KernScores', 'P1', 2, (67, 69), (63,), (3.0,), (64,), (1.0,))
('K.498 KernScores', 'P2', 1, (264, 266), (59,), (1.0,), (59,), (2.0,))

29.    ((-6, 2), (0.5, 0.5), (0.0,)):
('K.498 KernScores', 'P2', 1, (235, 237), (52,), (2.0,), (52,), (2.5,))
('K.498 KernScores', 'P2', 1, (376, 378), (81,), (1.0,), (81,), (1.5,))

30.    ((-3,), (0.5,), (0.5,)):
('K.498 KernScores', 'P1', 1, (1, 2), (1,), (1.5,), (1,), (1.5,))
('K.498 KernScores', 'P1', 1, (135, 136), (34,), (1.5,), (34,), (1.5,))
('K.498 KernScores', 'P1', 1, (149, 150), (37,), (1.5,), (37,), (1.5,))
('K.498 KernScores', 'P1', 1, (155, 156), (38,), (1.5,), (38,), (1.5,))
('K.498 KernScores', 'P1', 1, (321, 322), (77,), (1.5,), (77,), (1.5,))
('K.498 KernScores', 'P1', 1, (335, 336), (80,), (1.5,), (80,), (1.5,))
('K.498 KernScores', 'P1', 1, (341, 342), (81,), (1.5,), (81,), (1.5,))
('K.498 KernScores', 'P1', 2, (12, 13), (26,), (2.5,), (26,), (2.5,))
('K.498 KernScores', 'P1', 2, (17, 18), (30,), (2.5,), (30,), (2.5,))
('K.498 KernScores', 'P2', 1, (2, 3), (2,), (1.5,), (2,), (1.5,))
('K.498 KernScores', 'P2', 1, (110, 111), (26,), (1.5,), (26,), (1.5,))
('K.498 KernScores', 'P2', 1, (131, 132), (30,), (1.5,), (30,), (1.5,))
('K.498 KernScores', 'P2', 1, (315, 316), (69,), (1.5,), (69,), (1.5,))
('K.498 KernScores', 'P2', 1, (336, 337), (73,), (1.5,), (73,), (1.5,))

31.    ((-5,), (0.5,), (0.5,)):
('K.498 KernScores', 'P1', 1, (47, 48), (11,), (3.5,), (11,), (3.5,))
('K.498 KernScores', 'P1', 1, (164, 165), (41,), (3.5,), (41,), (3.5,))
('K.498 KernScores', 'P1', 1, (267, 268), (65,), (3.5,), (65,), (3.5,))
('K.498 KernScores', 'P1', 1, (285, 286), (69,), (2.5,), (69,), (2.5,))
('K.498 KernScores', 'P1', 1, (304, 305), (73,), (2.5,), (73,), (2.5,))
('K.498 KernScores', 'P2', 1, (47, 48), (11,), (3.5,), (11,), (3.5,))
('K.498 KernScores', 'P2', 1, (144, 145), (32,), (3.5,), (32,), (3.5,))
('K.498 KernScores', 'P2', 1, (160, 161), (35,), (3.5,), (35,), (3.5,))
('K.498 KernScores', 'P2', 1, (244, 245), (53,), (3.5,), (53,), (3.5,))
('K.498 KernScores', 'P2', 1, (319, 320), (69,), (3.5,), (69,), (3.5,))
('K.498 KernScores', 'P2', 1, (340, 341), (73,), (3.5,), (73,), (3.5,))
('K.498 KernScores', 'P2', 1, (349, 350), (75,), (3.5,), (75,), (3.5,))
('K.498 KernScores', 'P2', 1, (365, 366), (78,), (3.5,), (78,), (3.5,))

32.    ((-2,), (1.5,), (0.0,)):
('K.498 KernScores', 'P1', 1, (21, 22), (6,), (1.0,), (6,), (1.0,))
('K.498 KernScores', 'P1', 1, (241, 242), (60,), (1.0,), (60,), (1.0,))
('K.498 KernScores', 'P1', 2, (54, 55), (42,), (1.0,), (42,), (1.0,))
('K.498 KernScores', 'P2', 1, (249, 250), (55,), (2.0,), (55,), (2.0,))
('K.498 KernScores', 'P2', 1, (253, 254), (56,), (2.0,), (56,), (2.0,))
('K.498 KernScores', 'P2', 1, (257, 258), (57,), (2.0,), (57,), (2.0,))
('K.498 KernScores', 'P2', 1, (260, 261), (58,), (1.0,), (58,), (1.0,))

33.    ((2,), (0.25,), (0.75,)):
('K.498 KernScores', 'P1', 1, (25, 26), (6,), (3.75,), (6,), (3.75,))
('K.498 KernScores', 'P1', 1, (30, 31), (7,), (3.75,), (7,), (3.75,))
('K.498 KernScores', 'P1', 1, (35, 36), (8,), (3.75,), (8,), (3.75,))
('K.498 KernScores', 'P1', 1, (245, 246), (60,), (3.75,), (60,), (3.75,))
('K.498 KernScores', 'P1', 1, (250, 251), (61,), (3.75,), (61,), (3.75,))
('K.498 KernScores', 'P1', 1, (255, 256), (62,), (3.75,), (62,), (3.75,))
('K.498 KernScores', 'P2', 1, (259, 260), (57,), (3.75,), (57,), (3.75,))

34.    ((2,), (1.0,), (0.5,)):
('K.498 KernScores', 'P1', 1, (200, 201), (52,), (1.5,), (52,), (1.5,))
('K.498 KernScores', 'P2', 1, (20, 21), (6,), (3.5,), (6,), (3.5,))
('K.498 KernScores', 'P2', 1, (25, 26), (7,), (3.5,), (7,), (3.5,))
('K.498 KernScores', 'P2', 1, (30, 31), (8,), (3.5,), (8,), (3.5,))
('K.498 KernScores', 'P2', 1, (276, 277), (61,), (3.5,), (61,), (3.5,))

35.    ((-4,), (0.5,), (0.0,)):
('K.498 KernScores', 'P1', 1, (0, 1), (1,), (1.0,), (1,), (1.0,))
('K.498 KernScores', 'P1', 2, (13, 14), (26,), (3.0,), (26,), (3.0,))
('K.498 KernScores', 'P1', 2, (18, 19), (30,), (3.0,), (30,), (3.0,))
('K.498 KernScores', 'P2', 1, (1, 2), (2,), (1.0,), (2,), (1.0,))

36.    ((1,), (3.0,), (0.0,)):
('K.498 KernScores', 'P1', 2, (53, 54), (41,), (1.0,), (41,), (1.0,))
('K.498 KernScores', 'P2', 2, (0, 1), (16,), (1.0,), (16,), (1.0,))
('K.498 KernScores', 'P2', 2, (2, 3), (44,), (1.0,), (44,), (1.0,))

37.    ((4,), (1.0,), (0.0,)):
('K.498 KernScores', 'P2', 1, (93, 94), (22,), (3.0,), (22,), (3.0,))
('K.498 KernScores', 'P2', 1, (94, 95), (23,), (1.0,), (23,), (1.0,))
('K.498 KernScores', 'P2', 1, (379, 380), (81,), (3.0,), (81,), (3.0,))

38.    (((3, 2),), ((0.0, 0.5),), (0.5,)):
('K.498 KernScores', 'P1', 1, (109, 110), (27,), (3.5,), (27,), (3.5,))
('K.498 KernScores', 'P1', 1, (292, 293), (70,), (3.5,), (70,), (3.5,))

