1.    nomes:
K.476 KernScores

2.    quantidade:
1

3.    analise:
[('intDia', 'p1p2'), ('duracao', 'p1p2'), ('Ntempo', 'p1'), ('Ptempo', 'p1')] SemContInte Distancia: 0

1.    ((11, -2, 3, -2, 3, -2, -12, 11, -2, 3, -2, 3, -2, -13, 13, -2, 3, -2, 3, -2, -15, 15, -2, 3, -2, 3, -2, -17, 17, -2, 3, -2, 3, -2, -19, 4, 2, 4, -5, 2, -5, 15, -2, 3, -2, 3, -2, -12, 11, -2, 3, -2, 3, -2), (3.0, 0.5, 0.5, 0.5, 0.5, 0.5, 0.5, 3.0, 0.5, 0.5, 0.5, 0.5, 0.5, 0.5, 3.0, 0.5, 0.5, 0.5, 0.5, 0.5, 0.5, 3.0, 0.5, 0.5, 0.5, 0.5, 0.5, 0.5, 3.0, 0.5, 0.5, 0.5, 0.5, 0.5, 0.5, 3.0, 3.0, 3.0, 1.0, 1.0, 1.0, 3.0, 0.5, 0.5, 0.5, 0.5, 0.5, 0.5, 3.0, 0.5, 0.5, 0.5, 0.5, 0.5), (1,), (0.0,)):
('K.476 KernScores', 'P2', 1, (85, 139), (39,), (1.0,), (56,), (3.0,))
('K.476 KernScores', 'P2', 1, (261, 315), (115,), (1.0,), (132,), (3.0,))

2.    ((-4, -3, -3, 3, 3, 4, -4, -3, -3, 3, 3, 4, -3, -3, -4, 4, 3, 3, -4, -3, -3, 3, 3, 4, -5, 8, -2, -2, -2, 2, -2, -2, -2, -2, -2, -2, -2, -2, -2, -2, -2, 2, 2, 2, -5, -2, 3, -2), (3.5, 0.5, 0.5, 0.5, 0.5, 0.5, 3.5, 0.5, 0.5, 0.5, 0.5, 0.5, 3.5, 0.5, 0.5, 0.5, 0.5, 0.5, 3.5, 0.5, 0.5, 0.5, 0.5, 0.5, 3.5, 0.5, 0.5, 0.5, 0.5, 0.5, 0.5, 0.5, 0.5, 0.5, 0.5, 0.5, 0.5, 0.5, 0.5, 0.5, 0.5, 0.5, 0.5, 0.5, 0.5, 0.5, 0.5, 0.5), (1,), (0.0,)):
('K.476 KernScores', 'P1', 1, (133, 181), (40,), (1.0,), (52,), (3.5,))
('K.476 KernScores', 'P1', 1, (187, 235), (54,), (1.0,), (66,), (3.5,))

3.    ((-4, -3, -3, 3, 3, 4, -4, -3, -3, 3, 3, 4, -3, -3, -4, 4, 3, 3, -4, -3, -3, 3, 3, 4, -2, -2, -2, -2, -2, -2, -2, -2, -2, -2, -2, -2, 7, -2, -2, -2, -2, 2, 2, 2, -5, -2, 3, -2), (3.5, 0.5, 0.5, 0.5, 0.5, 0.5, 3.5, 0.5, 0.5, 0.5, 0.5, 0.5, 3.5, 0.5, 0.5, 0.5, 0.5, 0.5, 3.5, 0.5, 0.5, 0.5, 0.5, 0.5, 3.5, 0.5, 0.5, 0.5, 0.5, 0.5, 0.5, 0.5, 0.5, 0.5, 0.5, 0.5, 0.5, 0.5, 0.5, 0.5, 0.5, 0.5, 0.5, 0.5, 0.5, 0.5, 0.5, 0.5), (1,), (0.0,)):
('K.476 KernScores', 'P1', 1, (446, 494), (116,), (1.0,), (128,), (3.5,))
('K.476 KernScores', 'P1', 1, (500, 548), (130,), (1.0,), (142,), (3.5,))

4.    ((-2, 3, -2, 3, -2, -15, 15, -2, 3, -2, 3, -2, -17, 17, -2, 3, -2, 3, -2, -19, 4, 2, 4, -5, 2, 4, 2, 2, 2, 2, 2, 2, 2, 2, 2, 2, -14, 4, -5, 2), (0.5, 0.5, 0.5, 0.5, 0.5, 0.5, 3.0, 0.5, 0.5, 0.5, 0.5, 0.5, 0.5, 3.0, 0.5, 0.5, 0.5, 0.5, 0.5, 0.5, 3.0, 3.0, 3.0, 1.0, 1.0, 1.5, 0.5, 0.5, 0.5, 0.5, 0.5, 0.5, 0.5, 0.5, 0.5, 0.5, 0.5, 2.0, 1.0, 2.0), (1,), (0.0,)):
('K.476 KernScores', 'P2', 1, (141, 181), (58,), (1.0,), (70,), (1.0,))
('K.476 KernScores', 'P2', 1, (317, 357), (134,), (1.0,), (146,), (1.0,))

5.    (((3, 3, 2), (3, -5), (6, -2), (6, -2), (6, -2), (8, 7), (3, 3, 2), (3, -5), (6, -2), (6, -2), (6, 7), -4, 2, 2, 2, 2, 2, 2, 2, 2, 2, 2, -4, -2, -2, -2, -2, -2, 2), ((0.0, 0.0, 1.0), (0.0, 1.0), (0.0, 1.0), (0.0, 1.0), (0.0, 1.0), (0.0, 7.0), (0.0, 0.0, 1.0), (0.0, 1.0), (0.0, 1.0), (0.0, 1.0), (0.0, 1.0), 0.5, 0.5, 0.5, 0.5, 0.5, 0.5, 0.5, 0.5, 0.5, 0.5, 0.5, 0.5, 1.0, 1.0, 1.0, 1.0, 1.0, 1.0), (2,), (0.0,)):
('K.476 KernScores', 'P1', 1, (236, 265), (69,), (2.0,), (78,), (3.0,))
('K.476 KernScores', 'P1', 1, (549, 578), (145,), (2.0,), (154,), (3.0,))

6.    ((2, -2, 3, -2, 3, -3, 4, -4, 5, -5, 6, -7, 2, -2, 3, -2, 3, -3, 4, -4, 5, -5, 6), (0.5, 0.5, 0.5, 0.5, 0.5, 0.5, 0.5, 0.5, 0.5, 0.5, 0.5, 0.5, 0.5, 0.5, 0.5, 0.5, 0.5, 0.5, 0.5, 0.5, 0.5, 0.5, 0.5), (1,), (0.5,)):
('K.476 KernScores', 'P1', 1, (308, 331), (88,), (1.5,), (91,), (3.5,))
('K.476 KernScores', 'P1', 1, (332, 355), (92,), (1.5,), (95,), (3.5,))

7.    ((-3, -4, -3, 3, 4, 3, -3, -4, -3, 3, 4, 3, -3, -4, -3, 3, 4, 3, 3, -3), (0.5, 0.5, 0.5, 0.5, 0.5, 0.5, 0.5, 0.5, 0.5, 0.5, 0.5, 0.5, 0.5, 0.5, 0.5, 0.5, 0.5, 0.5, 0.5, 0.5), (1,), (0.0,)):
('K.476 KernScores', 'P1', 1, (355, 375), (96,), (1.0,), (99,), (1.5,))
('K.476 KernScores', 'P1', 1, (397, 417), (106,), (1.0,), (109,), (1.5,))

8.    ((2, -2, 2, -2, 3, -3, 4, -4, 5, -5, 6), (0.5, 0.5, 0.5, 0.5, 0.5, 0.5, 0.5, 0.5, 0.5, 0.5, 0.5), (1,), (0.5,)):
('K.476 KernScores', 'P1', 1, (284, 295), (84,), (1.5,), (85,), (3.5,))
('K.476 KernScores', 'P1', 1, (296, 307), (86,), (1.5,), (87,), (3.5,))

9.    ((2, 2, 2, 2, 2, 2, 2, 2, 2, 2), (0.5, 0.5, 0.5, 0.5, 0.5, 0.5, 0.5, 0.5, 0.5, 0.5), (1,), (0.5,)):
('K.476 KernScores', 'P1', 1, (248, 258), (75,), (1.5,), (76,), (3.0,))
('K.476 KernScores', 'P1', 1, (266, 276), (79,), (1.5,), (80,), (3.0,))
('K.476 KernScores', 'P1', 1, (561, 571), (151,), (1.5,), (152,), (3.0,))
('K.476 KernScores', 'P1', 1, (579, 589), (155,), (1.5,), (156,), (3.0,))
('K.476 KernScores', 'P2', 1, (167, 177), (67,), (1.5,), (68,), (3.0,))
('K.476 KernScores', 'P2', 1, (182, 192), (71,), (1.5,), (72,), (3.0,))
('K.476 KernScores', 'P2', 1, (343, 353), (143,), (1.5,), (144,), (3.0,))
('K.476 KernScores', 'P2', 1, (358, 368), (147,), (1.5,), (148,), (3.0,))

10.    ((6, -2, -2, -3, 4, -5, (5, 2), (3, -5)), (1.0, 1.0, 1.0, 1.0, 1.0, 1.0, (0.0, 2.0), (0.0, 1.0)), (1,), (0.0,)):
('K.476 KernScores', 'P2', 1, (50, 58), (24,), (1.0,), (26,), (3.0,))
('K.476 KernScores', 'P2', 1, (59, 67), (28,), (1.0,), (30,), (3.0,))

11.    (((5, -2), (6, 2), (5, -2), (6, 2), (5, -2), (6, 2), (5, -2)), ((0.0, 1.0), (0.0, 2.0), (0.0, 1.0), (0.0, 2.0), (0.0, 1.0), (0.0, 2.0), (0.0, 1.0)), (3,), (0.0,)):
('K.476 KernScores', 'P2', 1, (5, 12), (5,), (3.0,), (8,), (3.0,))
('K.476 KernScores', 'P2', 1, (18, 25), (11,), (3.0,), (14,), (3.0,))

12.    (((7, 1), (6, 1), (5, 1), (4, 1), (7, 1), (6, 1), (5, 4)), ((0.0, 1.0), (0.0, 1.0), (0.0, 1.0), (0.0, 3.0), (0.0, 1.0), (0.0, 1.0), (0.0, 1.0)), (1,), (0.0,)):
('K.476 KernScores', 'P2', 1, (214, 221), (85,), (1.0,), (87,), (3.0,))
('K.476 KernScores', 'P2', 1, (222, 229), (89,), (1.0,), (91,), (3.0,))

13.    ((-2, -5, 4, -2, -2, -2), (0.0, 3.0, 2.0, 1.0, 1.0, 1.0), (1,), (0.0,)):
('K.476 KernScores', 'P1', 1, (66, 72), (24,), (1.0,), (26,), (2.0,))
('K.476 KernScores', 'P1', 1, (77, 83), (28,), (1.0,), (30,), (2.0,))

14.    ((-4, 6, -3, 5, -3, 10), (0.5, 0.5, 0.5, 0.5, 0.5, 0.5), (1,), (0.0,)):
('K.476 KernScores', 'P1', 1, (181, 187), (53,), (1.0,), (53,), (3.5,))
('K.476 KernScores', 'P1', 1, (494, 500), (129,), (1.0,), (129,), (3.5,))

15.    ((-4, 2, -3, 2, -8, 4), (3.0, 2.0, 1.0, 1.0, 1.0, 1.0), (1,), (0.0,)):
('K.476 KernScores', 'P2', 1, (198, 204), (76,), (1.0,), (78,), (3.0,))
('K.476 KernScores', 'P2', 1, (374, 380), (152,), (1.0,), (154,), (3.0,))

16.    ((-2, -2, -2, -2, -2), (1.0, 1.0, 1.0, 1.0, 1.0), (1,), (0.0,)):
('K.476 KernScores', 'P1', 1, (259, 264), (77,), (1.0,), (78,), (2.0,))
('K.476 KernScores', 'P1', 1, (277, 282), (81,), (1.0,), (82,), (2.0,))
('K.476 KernScores', 'P1', 1, (572, 577), (153,), (1.0,), (154,), (2.0,))
('K.476 KernScores', 'P1', 1, (590, 595), (157,), (1.0,), (158,), (2.0,))
('K.476 KernScores', 'P2', 1, (68, 73), (32,), (1.0,), (33,), (2.0,))
('K.476 KernScores', 'P2', 1, (74, 79), (34,), (1.0,), (35,), (2.0,))

17.    ((1, 1, 1, 4), (3.0, 3.0, 3.0, 6.0), (1,), (0.0,)):
('K.476 KernScores', 'P2', 1, (241, 245), (101,), (1.0,), (104,), (1.0,))
('K.476 KernScores', 'P2', 1, (245, 249), (106,), (1.0,), (109,), (1.0,))

18.    ((-2, 3, -2), (0.5, 0.5, 0.5), (2,), (0.0,)):
('K.476 KernScores', 'P1', 1, (309, 312), (88,), (2.0,), (88,), (3.0,))
('K.476 KernScores', 'P1', 1, (321, 324), (90,), (2.0,), (90,), (3.0,))
('K.476 KernScores', 'P1', 1, (333, 336), (92,), (2.0,), (92,), (3.0,))
('K.476 KernScores', 'P1', 1, (345, 348), (94,), (2.0,), (94,), (3.0,))
('K.476 KernScores', 'P2', 1, (88, 91), (40,), (2.0,), (40,), (3.0,))
('K.476 KernScores', 'P2', 1, (95, 98), (42,), (2.0,), (42,), (3.0,))
('K.476 KernScores', 'P2', 1, (102, 105), (44,), (2.0,), (44,), (3.0,))
('K.476 KernScores', 'P2', 1, (109, 112), (46,), (2.0,), (46,), (3.0,))
('K.476 KernScores', 'P2', 1, (116, 119), (48,), (2.0,), (48,), (3.0,))
('K.476 KernScores', 'P2', 1, (129, 132), (54,), (2.0,), (54,), (3.0,))
('K.476 KernScores', 'P2', 1, (136, 139), (56,), (2.0,), (56,), (3.0,))
('K.476 KernScores', 'P2', 1, (143, 146), (58,), (2.0,), (58,), (3.0,))
('K.476 KernScores', 'P2', 1, (150, 153), (60,), (2.0,), (60,), (3.0,))
('K.476 KernScores', 'P2', 1, (157, 160), (62,), (2.0,), (62,), (3.0,))
('K.476 KernScores', 'P2', 1, (264, 267), (116,), (2.0,), (116,), (3.0,))
('K.476 KernScores', 'P2', 1, (271, 274), (118,), (2.0,), (118,), (3.0,))
('K.476 KernScores', 'P2', 1, (278, 281), (120,), (2.0,), (120,), (3.0,))
('K.476 KernScores', 'P2', 1, (285, 288), (122,), (2.0,), (122,), (3.0,))
('K.476 KernScores', 'P2', 1, (292, 295), (124,), (2.0,), (124,), (3.0,))
('K.476 KernScores', 'P2', 1, (305, 308), (130,), (2.0,), (130,), (3.0,))
('K.476 KernScores', 'P2', 1, (312, 315), (132,), (2.0,), (132,), (3.0,))
('K.476 KernScores', 'P2', 1, (319, 322), (134,), (2.0,), (134,), (3.0,))
('K.476 KernScores', 'P2', 1, (326, 329), (136,), (2.0,), (136,), (3.0,))
('K.476 KernScores', 'P2', 1, (333, 336), (138,), (2.0,), (138,), (3.0,))

19.    ((2, 2, 2), (1.0, 1.0, 1.0), (1,), (0.0,)):
('K.476 KernScores', 'P2', 1, (249, 252), (111,), (1.0,), (111,), (3.0,))
('K.476 KernScores', 'P2', 1, (255, 258), (113,), (1.0,), (113,), (3.0,))

20.    ((-2, 3), (0.5, 0.5), (1,), (0.0,)):
('K.476 KernScores', 'P1', 1, (90, 92), (32,), (1.0,), (32,), (1.5,))
('K.476 KernScores', 'P1', 1, (102, 104), (34,), (1.0,), (34,), (1.5,))
('K.476 KernScores', 'P1', 1, (114, 116), (36,), (1.0,), (36,), (1.5,))
('K.476 KernScores', 'P2', 1, (86, 88), (40,), (1.0,), (40,), (1.5,))
('K.476 KernScores', 'P2', 1, (93, 95), (42,), (1.0,), (42,), (1.5,))
('K.476 KernScores', 'P2', 1, (100, 102), (44,), (1.0,), (44,), (1.5,))
('K.476 KernScores', 'P2', 1, (107, 109), (46,), (1.0,), (46,), (1.5,))
('K.476 KernScores', 'P2', 1, (114, 116), (48,), (1.0,), (48,), (1.5,))
('K.476 KernScores', 'P2', 1, (127, 129), (54,), (1.0,), (54,), (1.5,))
('K.476 KernScores', 'P2', 1, (134, 136), (56,), (1.0,), (56,), (1.5,))
('K.476 KernScores', 'P2', 1, (141, 143), (58,), (1.0,), (58,), (1.5,))
('K.476 KernScores', 'P2', 1, (148, 150), (60,), (1.0,), (60,), (1.5,))
('K.476 KernScores', 'P2', 1, (155, 157), (62,), (1.0,), (62,), (1.5,))
('K.476 KernScores', 'P2', 1, (262, 264), (116,), (1.0,), (116,), (1.5,))
('K.476 KernScores', 'P2', 1, (269, 271), (118,), (1.0,), (118,), (1.5,))
('K.476 KernScores', 'P2', 1, (276, 278), (120,), (1.0,), (120,), (1.5,))
('K.476 KernScores', 'P2', 1, (283, 285), (122,), (1.0,), (122,), (1.5,))
('K.476 KernScores', 'P2', 1, (290, 292), (124,), (1.0,), (124,), (1.5,))
('K.476 KernScores', 'P2', 1, (303, 305), (130,), (1.0,), (130,), (1.5,))
('K.476 KernScores', 'P2', 1, (310, 312), (132,), (1.0,), (132,), (1.5,))
('K.476 KernScores', 'P2', 1, (317, 319), (134,), (1.0,), (134,), (1.5,))
('K.476 KernScores', 'P2', 1, (324, 326), (136,), (1.0,), (136,), (1.5,))
('K.476 KernScores', 'P2', 1, (331, 333), (138,), (1.0,), (138,), (1.5,))

21.    (((6, -2), (6, -2)), ((0.0, 1.0), (0.0, 1.0)), (1,), (0.0,)):
('K.476 KernScores', 'P1', 1, (238, 240), (70,), (1.0,), (70,), (2.0,))
('K.476 KernScores', 'P1', 1, (244, 246), (74,), (1.0,), (74,), (2.0,))
('K.476 KernScores', 'P1', 1, (551, 553), (146,), (1.0,), (146,), (2.0,))
('K.476 KernScores', 'P1', 1, (557, 559), (150,), (1.0,), (150,), (2.0,))
('K.476 KernScores', 'P2', 1, (12, 14), (9,), (1.0,), (9,), (2.0,))

22.    ((-4, 2), (1.0, 1.0), (1,), (0.0,)):
('K.476 KernScores', 'P1', 1, (14, 16), (6,), (1.0,), (6,), (2.0,))
('K.476 KernScores', 'P1', 1, (17, 19), (7,), (1.0,), (7,), (2.0,))
('K.476 KernScores', 'P1', 1, (20, 22), (8,), (1.0,), (8,), (2.0,))
('K.476 KernScores', 'P1', 2, (0, 2), (5,), (1.0,), (5,), (2.0,))

23.    (((3, -2), (3, -2)), ((0.0, 1.0), (0.0, 1.0)), (1,), (0.0,)):
('K.476 KernScores', 'P1', 1, (26, 28), (10,), (1.0,), (10,), (2.0,))
('K.476 KernScores', 'P1', 1, (44, 46), (16,), (1.0,), (16,), (2.0,))

24.    ((4, -6), (1.0, 3.0), (3,), (0.0,)):
('K.476 KernScores', 'P1', 1, (64, 66), (22,), (3.0,), (23,), (1.0,))
('K.476 KernScores', 'P2', 1, (203, 205), (78,), (3.0,), (79,), (1.0,))

25.    ((1, -2), (3.0, 2.0), (1,), (0.0,)):
('K.476 KernScores', 'P2', 2, (0, 2), (24,), (1.0,), (25,), (1.0,))
('K.476 KernScores', 'P2', 2, (3, 5), (28,), (1.0,), (29,), (1.0,))

26.    ((2,), (1.0,), (2,), (0.0,)):
('K.476 KernScores', 'P1', 1, (15, 16), (6,), (2.0,), (6,), (2.0,))
('K.476 KernScores', 'P1', 1, (18, 19), (7,), (2.0,), (7,), (2.0,))
('K.476 KernScores', 'P1', 1, (21, 22), (8,), (2.0,), (8,), (2.0,))
('K.476 KernScores', 'P1', 1, (30, 31), (11,), (2.0,), (11,), (2.0,))
('K.476 KernScores', 'P1', 1, (33, 34), (12,), (2.0,), (12,), (2.0,))
('K.476 KernScores', 'P1', 1, (36, 37), (13,), (2.0,), (13,), (2.0,))
('K.476 KernScores', 'P1', 1, (39, 40), (14,), (2.0,), (14,), (2.0,))
('K.476 KernScores', 'P1', 2, (1, 2), (5,), (2.0,), (5,), (2.0,))
('K.476 KernScores', 'P2', 1, (124, 125), (52,), (2.0,), (52,), (2.0,))
('K.476 KernScores', 'P2', 1, (165, 166), (66,), (2.0,), (66,), (2.0,))
('K.476 KernScores', 'P2', 1, (250, 251), (111,), (2.0,), (111,), (2.0,))
('K.476 KernScores', 'P2', 1, (253, 254), (112,), (2.0,), (112,), (2.0,))
('K.476 KernScores', 'P2', 1, (256, 257), (113,), (2.0,), (113,), (2.0,))
('K.476 KernScores', 'P2', 1, (300, 301), (128,), (2.0,), (128,), (2.0,))
('K.476 KernScores', 'P2', 1, (341, 342), (142,), (2.0,), (142,), (2.0,))

27.    ((2,), (2.0,), (1,), (0.0,)):
('K.476 KernScores', 'P2', 1, (15, 16), (10,), (1.0,), (10,), (1.0,))
('K.476 KernScores', 'P2', 1, (27, 28), (16,), (1.0,), (16,), (1.0,))
('K.476 KernScores', 'P2', 1, (180, 181), (70,), (1.0,), (70,), (1.0,))
('K.476 KernScores', 'P2', 1, (195, 196), (74,), (1.0,), (74,), (1.0,))
('K.476 KernScores', 'P2', 1, (199, 200), (77,), (1.0,), (77,), (1.0,))
('K.476 KernScores', 'P2', 1, (205, 206), (80,), (1.0,), (80,), (1.0,))
('K.476 KernScores', 'P2', 1, (207, 208), (81,), (1.0,), (81,), (1.0,))
('K.476 KernScores', 'P2', 1, (356, 357), (146,), (1.0,), (146,), (1.0,))
('K.476 KernScores', 'P2', 1, (371, 372), (150,), (1.0,), (150,), (1.0,))
('K.476 KernScores', 'P2', 1, (375, 376), (153,), (1.0,), (153,), (1.0,))
('K.476 KernScores', 'P2', 1, (382, 383), (157,), (1.0,), (157,), (1.0,))
('K.476 KernScores', 'P2', 2, (6, 7), (76,), (1.0,), (76,), (1.0,))
('K.476 KernScores', 'P2', 2, (8, 9), (152,), (1.0,), (152,), (1.0,))
('K.476 KernScores', 'P2', 2, (10, 11), (156,), (1.0,), (156,), (1.0,))

28.    ((1,), (3.0,), (1,), (0.0,)):
('K.476 KernScores', 'P2', 1, (212, 213), (83,), (1.0,), (83,), (1.0,))
('K.476 KernScores', 'P2', 1, (229, 230), (92,), (1.0,), (92,), (1.0,))
('K.476 KernScores', 'P2', 1, (238, 239), (97,), (1.0,), (97,), (1.0,))
('K.476 KernScores', 'P2', 1, (239, 240), (98,), (1.0,), (98,), (1.0,))
('K.476 KernScores', 'P2', 1, (241, 242), (101,), (1.0,), (101,), (1.0,))
('K.476 KernScores', 'P2', 1, (242, 243), (102,), (1.0,), (102,), (1.0,))
('K.476 KernScores', 'P2', 1, (243, 244), (103,), (1.0,), (103,), (1.0,))
('K.476 KernScores', 'P2', 1, (245, 246), (106,), (1.0,), (106,), (1.0,))
('K.476 KernScores', 'P2', 1, (246, 247), (107,), (1.0,), (107,), (1.0,))
('K.476 KernScores', 'P2', 1, (247, 248), (108,), (1.0,), (108,), (1.0,))
('K.476 KernScores', 'P2', 1, (316, 317), (133,), (1.0,), (133,), (1.0,))
('K.476 KernScores', 'P2', 2, (0, 1), (24,), (1.0,), (24,), (1.0,))
('K.476 KernScores', 'P2', 2, (3, 4), (28,), (1.0,), (28,), (1.0,))

29.    ((2,), (1.0,), (3,), (0.0,)):
('K.476 KernScores', 'P1', 1, (83, 84), (30,), (3.0,), (30,), (3.0,))
('K.476 KernScores', 'P1', 1, (264, 265), (78,), (3.0,), (78,), (3.0,))
('K.476 KernScores', 'P1', 1, (282, 283), (82,), (3.0,), (82,), (3.0,))
('K.476 KernScores', 'P1', 1, (577, 578), (154,), (3.0,), (154,), (3.0,))
('K.476 KernScores', 'P1', 1, (595, 596), (158,), (3.0,), (158,), (3.0,))
('K.476 KernScores', 'P1', 2, (4, 5), (11,), (3.0,), (11,), (3.0,))
('K.476 KernScores', 'P1', 2, (6, 7), (12,), (3.0,), (12,), (3.0,))
('K.476 KernScores', 'P1', 2, (8, 9), (13,), (3.0,), (13,), (3.0,))
('K.476 KernScores', 'P1', 2, (10, 11), (14,), (3.0,), (14,), (3.0,))
('K.476 KernScores', 'P2', 1, (206, 207), (80,), (3.0,), (80,), (3.0,))
('K.476 KernScores', 'P2', 1, (251, 252), (111,), (3.0,), (111,), (3.0,))
('K.476 KernScores', 'P2', 1, (257, 258), (113,), (3.0,), (113,), (3.0,))

30.    ((4,), (1.0,), (3,), (0.0,)):
('K.476 KernScores', 'P1', 1, (2, 3), (1,), (3.0,), (1,), (3.0,))
('K.476 KernScores', 'P1', 1, (5, 6), (2,), (3.0,), (2,), (3.0,))
('K.476 KernScores', 'P1', 1, (8, 9), (3,), (3.0,), (3,), (3.0,))
('K.476 KernScores', 'P1', 1, (11, 12), (4,), (3.0,), (4,), (3.0,))
('K.476 KernScores', 'P1', 1, (49, 50), (17,), (3.0,), (17,), (3.0,))
('K.476 KernScores', 'P1', 1, (52, 53), (18,), (3.0,), (18,), (3.0,))
('K.476 KernScores', 'P1', 1, (55, 56), (19,), (3.0,), (19,), (3.0,))
('K.476 KernScores', 'P1', 1, (58, 59), (20,), (3.0,), (20,), (3.0,))
('K.476 KernScores', 'P1', 1, (61, 62), (21,), (3.0,), (21,), (3.0,))
('K.476 KernScores', 'P2', 1, (211, 212), (82,), (3.0,), (82,), (3.0,))
('K.476 KernScores', 'P2', 1, (372, 373), (150,), (3.0,), (150,), (3.0,))
('K.476 KernScores', 'P2', 1, (379, 380), (154,), (3.0,), (154,), (3.0,))

31.    ((-3,), (1.0,), (1,), (0.0,)):
('K.476 KernScores', 'P1', 1, (3, 4), (2,), (1.0,), (2,), (1.0,))
('K.476 KernScores', 'P1', 1, (6, 7), (3,), (1.0,), (3,), (1.0,))
('K.476 KernScores', 'P1', 1, (9, 10), (4,), (1.0,), (4,), (1.0,))
('K.476 KernScores', 'P2', 1, (32, 33), (18,), (1.0,), (18,), (1.0,))
('K.476 KernScores', 'P2', 1, (38, 39), (20,), (1.0,), (20,), (1.0,))
('K.476 KernScores', 'P2', 1, (44, 45), (22,), (1.0,), (22,), (1.0,))
('K.476 KernScores', 'P2', 1, (53, 54), (25,), (1.0,), (25,), (1.0,))
('K.476 KernScores', 'P2', 1, (62, 63), (29,), (1.0,), (29,), (1.0,))

32.    ((2,), (1.0,), (1,), (0.0,)):
('K.476 KernScores', 'P1', 1, (23, 24), (9,), (1.0,), (9,), (1.0,))
('K.476 KernScores', 'P2', 1, (201, 202), (78,), (1.0,), (78,), (1.0,))
('K.476 KernScores', 'P2', 1, (209, 210), (82,), (1.0,), (82,), (1.0,))
('K.476 KernScores', 'P2', 1, (249, 250), (111,), (1.0,), (111,), (1.0,))
('K.476 KernScores', 'P2', 1, (252, 253), (112,), (1.0,), (112,), (1.0,))
('K.476 KernScores', 'P2', 1, (255, 256), (113,), (1.0,), (113,), (1.0,))
('K.476 KernScores', 'P2', 1, (377, 378), (154,), (1.0,), (154,), (1.0,))
('K.476 KernScores', 'P2', 1, (384, 385), (158,), (1.0,), (158,), (1.0,))

33.    ((15,), (3.0,), (1,), (0.0,)):
('K.476 KernScores', 'P1', 1, (132, 133), (39,), (1.0,), (39,), (1.0,))
('K.476 KernScores', 'P2', 1, (106, 107), (45,), (1.0,), (45,), (1.0,))
('K.476 KernScores', 'P2', 1, (126, 127), (53,), (1.0,), (53,), (1.0,))
('K.476 KernScores', 'P2', 1, (147, 148), (59,), (1.0,), (59,), (1.0,))
('K.476 KernScores', 'P2', 1, (197, 198), (75,), (1.0,), (75,), (1.0,))
('K.476 KernScores', 'P2', 1, (282, 283), (121,), (1.0,), (121,), (1.0,))
('K.476 KernScores', 'P2', 1, (302, 303), (129,), (1.0,), (129,), (1.0,))
('K.476 KernScores', 'P2', 1, (323, 324), (135,), (1.0,), (135,), (1.0,))

34.    ((-2,), (2.0,), (1,), (0.0,)):
('K.476 KernScores', 'P1', 1, (12, 13), (5,), (1.0,), (5,), (1.0,))
('K.476 KernScores', 'P1', 2, (3, 4), (11,), (1.0,), (11,), (1.0,))
('K.476 KernScores', 'P1', 2, (5, 6), (12,), (1.0,), (12,), (1.0,))
('K.476 KernScores', 'P1', 2, (7, 8), (13,), (1.0,), (13,), (1.0,))
('K.476 KernScores', 'P1', 2, (9, 10), (14,), (1.0,), (14,), (1.0,))
('K.476 KernScores', 'P2', 2, (1, 2), (25,), (1.0,), (25,), (1.0,))
('K.476 KernScores', 'P2', 2, (4, 5), (29,), (1.0,), (29,), (1.0,))

35.    ((4,), (2.0,), (1,), (0.0,)):
('K.476 KernScores', 'P1', 1, (68, 69), (25,), (1.0,), (25,), (1.0,))
('K.476 KernScores', 'P1', 1, (79, 80), (29,), (1.0,), (29,), (1.0,))
('K.476 KernScores', 'P2', 1, (178, 179), (69,), (1.0,), (69,), (1.0,))
('K.476 KernScores', 'P2', 1, (193, 194), (73,), (1.0,), (73,), (1.0,))
('K.476 KernScores', 'P2', 1, (354, 355), (145,), (1.0,), (145,), (1.0,))
('K.476 KernScores', 'P2', 1, (369, 370), (149,), (1.0,), (149,), (1.0,))

36.    (((3, -5),), ((0.0, 1.0),), (3,), (0.0,)):
('K.476 KernScores', 'P1', 1, (237, 238), (69,), (3.0,), (69,), (3.0,))
('K.476 KernScores', 'P1', 1, (243, 244), (73,), (3.0,), (73,), (3.0,))
('K.476 KernScores', 'P1', 1, (550, 551), (145,), (3.0,), (145,), (3.0,))
('K.476 KernScores', 'P1', 1, (556, 557), (149,), (3.0,), (149,), (3.0,))
('K.476 KernScores', 'P2', 1, (57, 58), (26,), (3.0,), (26,), (3.0,))
('K.476 KernScores', 'P2', 1, (66, 67), (30,), (3.0,), (30,), (3.0,))

37.    ((-2,), (1.0,), (3,), (0.0,)):
('K.476 KernScores', 'P1', 1, (13, 14), (5,), (3.0,), (5,), (3.0,))
('K.476 KernScores', 'P1', 1, (43, 44), (15,), (3.0,), (15,), (3.0,))
('K.476 KernScores', 'P2', 1, (49, 50), (23,), (3.0,), (23,), (3.0,))

38.    ((8,), (3.0,), (1,), (0.0,)):
('K.476 KernScores', 'P2', 1, (0, 1), (1,), (1.0,), (1,), (1.0,))
('K.476 KernScores', 'P2', 1, (213, 214), (84,), (1.0,), (84,), (1.0,))
('K.476 KernScores', 'P2', 1, (380, 381), (155,), (1.0,), (155,), (1.0,))

39.    (((3, 2),), ((0.0, 1.0),), (3,), (0.0,)):
('K.476 KernScores', 'P1', 1, (25, 26), (9,), (3.0,), (9,), (3.0,))
('K.476 KernScores', 'P1', 1, (46, 47), (16,), (3.0,), (16,), (3.0,))

40.    ((3,), (1.0,), (1,), (0.0,)):
('K.476 KernScores', 'P1', 1, (29, 30), (11,), (1.0,), (11,), (1.0,))
('K.476 KernScores', 'P1', 1, (47, 48), (17,), (1.0,), (17,), (1.0,))

41.    ((1,), (0.5,), (3,), (0.5,)):
('K.476 KernScores', 'P1', 1, (441, 442), (114,), (3.5,), (114,), (3.5,))
('K.476 KernScores', 'P2', 1, (315, 316), (132,), (3.5,), (132,), (3.5,))

