1.    nomes:
K.345 Musescore

2.    quantidade:
1

3.    analise:
[('intDia', 'p1p2'), ('duracao', 'p1p2'), ('Ptempo', 'p1')] SemContInte Distancia: 0

1.    ((3, -2, 3, -2, 3, -2, 3, -2, 3, -2, 3, -2, 3, -2, 3, -2, 3, -2, 3, -2, 3, -2, -2, -4, -8, 3, -2, 3, -2, 3, -2, 3, -2, 3, -2, 3, -2, 3, -2, 3, -2, 3, -2, 3, -2, 3, -2, -2, -4, 1, 1), (0.25, 0.25, 0.25, 0.25, 0.25, 0.25, 0.25, 0.25, 0.25, 0.25, 0.25, 0.25, 0.25, 0.25, 0.25, 0.25, 0.25, 0.25, 0.25, 0.25, 1.0, 0.5, 0.25, 0.25, 1.0, 0.25, 0.25, 0.25, 0.25, 0.25, 0.25, 0.25, 0.25, 0.25, 0.25, 0.25, 0.25, 0.25, 0.25, 0.25, 0.25, 0.25, 0.25, 0.25, 0.25, 1.0, 0.5, 0.25, 0.25, 1.0, 1.0), (0.0,)):
('K.345 Musescore', 'P1', 3, (1, 52), (6,), (2.0,), (14,), (2.0,))
('K.345 Musescore', 'P1', 3, (313, 364), (95,), (2.0,), (103,), (2.0,))

2.    ((-2, -2, -2, 1, -2, 2, 2, -2, -2, -2, -2, 2, -3, 3, 3, 4, -2, -2, -2, 1, -2, 2, 2, -2, -2, -2, -2, 2), (0.25, 0.25, 0.25, 0.25, 0.25, 0.25, 0.25, 0.25, 0.25, 0.25, 0.25, 0.25, 0.25, 0.25, 0.25, 0.25, 0.25, 0.25, 0.25, 0.25, 0.25, 0.25, 0.25, 0.25, 0.25, 0.25, 0.25, 0.25), (0.0,)):
('K.345 Musescore', 'P1', 1, (518, 546), (109,), (2.0,), (112,), (2.75,))
('K.345 Musescore', 'P1', 1, (550, 578), (113,), (2.0,), (116,), (2.75,))

3.    ((-3, 4, -2, 1, -2, 6, -6, 2, -4, 1, 2, 3, -3, 4, -2, 1, -2, 6, -6, 2, -4, 1, 2), (0.25, 0.25, 0.25, 0.25, 0.5, 0.5, 0.25, 0.25, 0.25, 0.25, 0.5, 0.5, 0.25, 0.25, 0.25, 0.25, 0.5, 0.5, 0.25, 0.25, 0.25, 0.25, 0.5), (0.0,)):
('K.345 Musescore', 'P1', 1, (92, 115), (22,), (2.0,), (26,), (1.0,))
('K.345 Musescore', 'P1', 1, (116, 139), (26,), (2.0,), (30,), (1.0,))

4.    ((2, 2, -5, 1, 2, 1, 2, 2, -5, 1, 2, 3, 2, 2, -5, 6, 2, 2, -8, 7, 2, 2, -3), (0.25, 0.25, 0.25, 0.25, 0.5, 0.5, 0.25, 0.25, 0.25, 0.25, 0.5, 0.5, 0.25, 0.25, 0.25, 0.25, 0.25, 0.25, 0.25, 0.25, 0.25, 0.25, 0.25), (0.0,)):
('K.345 Musescore', 'P1', 1, (232, 255), (52,), (2.0,), (55,), (2.5,))
('K.345 Musescore', 'P1', 1, (258, 281), (56,), (2.0,), (59,), (2.5,))

5.    (((8, 1), (8, 1), (8, 1), (8, 1), (8, 8), -3, 3, -2, -2, -2, -5, (8, 1), (8, 1), (8, 1), (8, 1), (8, 8), -3, 3, -2, -2, -2, -3), ((0.0, 1.0), (0.0, 1.0), (0.0, 1.0), (0.0, 1.0), (0.0, 1.0), 0.5, 0.5, 0.5, 0.25, 0.25, 1.0, (0.0, 1.0), (0.0, 1.0), (0.0, 1.0), (0.0, 1.0), (0.0, 1.0), 0.5, 0.5, 0.5, 0.25, 0.25, 1.0), (0.0,)):
('K.345 Musescore', 'P1', 1, (176, 198), (38,), (2.0,), (46,), (1.0,))
('K.345 Musescore', 'P1', 1, (456, 478), (95,), (2.0,), (103,), (1.0,))

6.    ((-2, 2, -3, 2, 2, 1, -2, 2, -3, 2, 2, 3, -3, -3, -3, -4, -2), (0.25, 0.25, 0.25, 0.25, 0.5, 0.5, 0.25, 0.25, 0.25, 0.25, 0.5, 0.5, 0.5, 0.5, 0.5, 0.5, 1.0), (0.0,)):
('K.345 Musescore', 'P1', 1, (140, 157), (30,), (2.0,), (33,), (2.0,))
('K.345 Musescore', 'P1', 1, (158, 175), (34,), (2.0,), (37,), (2.0,))

7.    ((1, 3, -2, 3, -2, 3, -2, 3, -2, 3, -2, 3), (1.0, 0.25, 0.25, 0.25, 0.25, 0.25, 0.25, 0.25, 0.25, 0.25, 0.25, 0.25), (0.0,)):
('K.345 Musescore', 'P1', 1, (55, 67), (16,), (1.0,), (17,), (2.5,))
('K.345 Musescore', 'P1', 3, (273, 285), (89,), (1.0,), (90,), (2.5,))

8.    ((3, -2, 3, -2, 3, -2, 3, -2, 3, -2, 3), (0.25, 0.25, 0.25, 0.25, 0.25, 0.25, 0.25, 0.25, 0.25, 0.25, 0.25), (0.0,)):
('K.345 Musescore', 'P1', 1, (43, 54), (14,), (2.0,), (15,), (2.5,))
('K.345 Musescore', 'P1', 3, (1, 12), (6,), (2.0,), (7,), (2.5,))
('K.345 Musescore', 'P1', 3, (26, 37), (10,), (2.0,), (11,), (2.5,))
('K.345 Musescore', 'P1', 3, (99, 110), (38,), (2.0,), (39,), (2.5,))
('K.345 Musescore', 'P1', 3, (124, 135), (42,), (2.0,), (43,), (2.5,))
('K.345 Musescore', 'P1', 3, (242, 253), (82,), (2.0,), (83,), (2.5,))
('K.345 Musescore', 'P1', 3, (255, 266), (84,), (2.0,), (85,), (2.5,))
('K.345 Musescore', 'P1', 3, (287, 298), (91,), (2.0,), (92,), (2.5,))
('K.345 Musescore', 'P1', 3, (300, 311), (93,), (2.0,), (94,), (2.5,))
('K.345 Musescore', 'P1', 3, (313, 324), (95,), (2.0,), (96,), (2.5,))
('K.345 Musescore', 'P1', 3, (338, 349), (99,), (2.0,), (100,), (2.5,))

9.    ((2, 2, -2, -2, -2, -2, 2, -5), (0.25, 0.25, 0.5, 0.5, 0.5, 0.5, 0.5, 0.5), (0.5,)):
('K.345 Musescore', 'P1', 1, (3, 11), (2,), (1.5,), (3,), (2.5,))
('K.345 Musescore', 'P1', 1, (12, 20), (4,), (1.5,), (5,), (2.5,))

10.    ((3, -2, 3, -2, 6, 2, 2, -2), (0.25, 0.25, 0.25, 0.25, 0.5, 1.0, 0.25, 0.25), (0.0,)):
('K.345 Musescore', 'P1', 1, (198, 206), (46,), (2.0,), (47,), (2.75,))
('K.345 Musescore', 'P1', 1, (208, 216), (48,), (2.0,), (49,), (2.75,))

11.    ((1, (2, -2), (3, 2), 1, 1, (2, -2), (3, 2)), (1.0, (0.0, 1.0), (0.0, 1.0), 1.0, 1.0, (0.0, 1.0), (0.0, 1.0)), (0.0,)):
('K.345 Musescore', 'P1', 3, (67, 74), (22,), (2.0,), (25,), (2.0,))
('K.345 Musescore', 'P1', 3, (75, 82), (26,), (2.0,), (29,), (2.0,))

12.    (((8, 1), (8, 7), -2, -2, 2, -2), ((0.0, 1.0), (0.0, 1.0), 0.5, 0.25, 0.25, 0.5), (0.0,)):
('K.345 Musescore', 'P1', 1, (376, 382), (74,), (2.0,), (76,), (1.0,))
('K.345 Musescore', 'P1', 1, (383, 389), (76,), (2.0,), (78,), (1.0,))

13.    ((1, -2, 1, 2, 1, 2), (1.0, 1.0, 1.0, 1.0, 1.0, 1.0), (0.0,)):
('K.345 Musescore', 'P1', 3, (84, 90), (31,), (1.0,), (33,), (2.0,))
('K.345 Musescore', 'P1', 3, (92, 98), (35,), (1.0,), (37,), (2.0,))

14.    ((-2, 2, -3, 1, 2), (0.25, 0.25, 0.25, 0.25, 0.5), (0.0,)):
('K.345 Musescore', 'P1', 1, (403, 408), (80,), (2.0,), (81,), (1.0,))
('K.345 Musescore', 'P1', 1, (409, 414), (81,), (2.0,), (82,), (1.0,))

15.    ((6, -7, 6, 2), (0.25, 0.25, 0.25, 0.25), (0.0,)):
('K.345 Musescore', 'P1', 1, (324, 328), (65,), (2.0,), (65,), (2.75,))
('K.345 Musescore', 'P1', 1, (590, 594), (118,), (2.0,), (118,), (2.75,))

16.    ((2, -3, 2, -3), (0.25, 0.25, 0.25, 0.25), (0.0,)):
('K.345 Musescore', 'P1', 3, (200, 204), (72,), (1.0,), (72,), (1.75,))
('K.345 Musescore', 'P1', 3, (204, 208), (72,), (2.0,), (72,), (2.75,))

17.    ((1, -2, -2), (1.0, 1.0, 1.0), (0.0,)):
('K.345 Musescore', 'P1', 3, (149, 152), (46,), (2.0,), (47,), (2.0,))
('K.345 Musescore', 'P1', 3, (153, 156), (48,), (2.0,), (49,), (2.0,))

18.    ((-2, -3, 4), (1.0, 1.0, 1.0), (0.0,)):
('K.345 Musescore', 'P1', 3, (383, 386), (113,), (2.0,), (114,), (2.0,))
('K.345 Musescore', 'P1', 3, (387, 390), (115,), (2.0,), (116,), (2.0,))

19.    ((-2, -2), (0.5, 0.25), (0.0,)):
('K.345 Musescore', 'P1', 1, (28, 30), (9,), (2.0,), (9,), (2.5,))
('K.345 Musescore', 'P1', 1, (39, 41), (13,), (2.0,), (13,), (2.5,))
('K.345 Musescore', 'P1', 1, (183, 185), (41,), (2.0,), (41,), (2.5,))
('K.345 Musescore', 'P1', 1, (194, 196), (45,), (2.0,), (45,), (2.5,))
('K.345 Musescore', 'P1', 1, (378, 380), (75,), (2.0,), (75,), (2.5,))
('K.345 Musescore', 'P1', 1, (385, 387), (77,), (2.0,), (77,), (2.5,))
('K.345 Musescore', 'P1', 1, (388, 390), (78,), (1.0,), (78,), (1.5,))
('K.345 Musescore', 'P1', 1, (423, 425), (86,), (1.0,), (86,), (1.5,))
('K.345 Musescore', 'P1', 1, (463, 465), (98,), (2.0,), (98,), (2.5,))
('K.345 Musescore', 'P1', 1, (474, 476), (102,), (2.0,), (102,), (2.5,))
('K.345 Musescore', 'P1', 3, (22, 24), (9,), (2.0,), (9,), (2.5,))
('K.345 Musescore', 'P1', 3, (47, 49), (13,), (2.0,), (13,), (2.5,))
('K.345 Musescore', 'P1', 3, (120, 122), (41,), (2.0,), (41,), (2.5,))
('K.345 Musescore', 'P1', 3, (145, 147), (45,), (2.0,), (45,), (2.5,))
('K.345 Musescore', 'P1', 3, (334, 336), (98,), (2.0,), (98,), (2.5,))
('K.345 Musescore', 'P1', 3, (359, 361), (102,), (2.0,), (102,), (2.5,))

20.    ((2, -2), (1.0, 1.0), (0.0,)):
('K.345 Musescore', 'P1', 1, (438, 440), (88,), (1.0,), (88,), (2.0,))
('K.345 Musescore', 'P1', 3, (234, 236), (78,), (2.0,), (79,), (1.0,))
('K.345 Musescore', 'P1', 3, (236, 238), (79,), (2.0,), (80,), (1.0,))
('K.345 Musescore', 'P1', 3, (238, 240), (80,), (2.0,), (81,), (1.0,))

21.    ((-2, -3), (1.0, 1.0), (0.0,)):
('K.345 Musescore', 'P1', 1, (174, 176), (37,), (2.0,), (38,), (1.0,))
('K.345 Musescore', 'P1', 3, (383, 385), (113,), (2.0,), (114,), (1.0,))
('K.345 Musescore', 'P1', 3, (387, 389), (115,), (2.0,), (116,), (1.0,))

22.    ((-8, 4), (1.0, 1.0), (0.0,)):
('K.345 Musescore', 'P1', 3, (64, 66), (21,), (1.0,), (21,), (2.0,))
('K.345 Musescore', 'P1', 3, (271, 273), (88,), (1.0,), (88,), (2.0,))

23.    ((1,), (1.0,), (0.0,)):
('K.345 Musescore', 'P1', 1, (20, 21), (6,), (1.0,), (6,), (1.0,))
('K.345 Musescore', 'P1', 3, (50, 51), (14,), (1.0,), (14,), (1.0,))
('K.345 Musescore', 'P1', 3, (51, 52), (14,), (2.0,), (14,), (2.0,))
('K.345 Musescore', 'P1', 3, (52, 53), (15,), (1.0,), (15,), (1.0,))
('K.345 Musescore', 'P1', 3, (53, 54), (15,), (2.0,), (15,), (2.0,))
('K.345 Musescore', 'P1', 3, (67, 68), (22,), (2.0,), (22,), (2.0,))
('K.345 Musescore', 'P1', 3, (70, 71), (24,), (1.0,), (24,), (1.0,))
('K.345 Musescore', 'P1', 3, (71, 72), (24,), (2.0,), (24,), (2.0,))
('K.345 Musescore', 'P1', 3, (75, 76), (26,), (2.0,), (26,), (2.0,))
('K.345 Musescore', 'P1', 3, (78, 79), (28,), (1.0,), (28,), (1.0,))
('K.345 Musescore', 'P1', 3, (79, 80), (28,), (2.0,), (28,), (2.0,))
('K.345 Musescore', 'P1', 3, (82, 83), (30,), (1.0,), (30,), (1.0,))
('K.345 Musescore', 'P1', 3, (84, 85), (31,), (1.0,), (31,), (1.0,))
('K.345 Musescore', 'P1', 3, (86, 87), (32,), (1.0,), (32,), (1.0,))
('K.345 Musescore', 'P1', 3, (88, 89), (33,), (1.0,), (33,), (1.0,))
('K.345 Musescore', 'P1', 3, (90, 91), (34,), (1.0,), (34,), (1.0,))
('K.345 Musescore', 'P1', 3, (91, 92), (34,), (2.0,), (34,), (2.0,))
('K.345 Musescore', 'P1', 3, (92, 93), (35,), (1.0,), (35,), (1.0,))
('K.345 Musescore', 'P1', 3, (94, 95), (36,), (1.0,), (36,), (1.0,))
('K.345 Musescore', 'P1', 3, (96, 97), (37,), (1.0,), (37,), (1.0,))
('K.345 Musescore', 'P1', 3, (149, 150), (46,), (2.0,), (46,), (2.0,))
('K.345 Musescore', 'P1', 3, (153, 154), (48,), (2.0,), (48,), (2.0,))
('K.345 Musescore', 'P1', 3, (164, 165), (54,), (1.0,), (54,), (1.0,))
('K.345 Musescore', 'P1', 3, (168, 169), (56,), (1.0,), (56,), (1.0,))
('K.345 Musescore', 'P1', 3, (172, 173), (58,), (1.0,), (58,), (1.0,))
('K.345 Musescore', 'P1', 3, (176, 177), (60,), (1.0,), (60,), (1.0,))
('K.345 Musescore', 'P1', 3, (192, 193), (68,), (1.0,), (68,), (1.0,))
('K.345 Musescore', 'P1', 3, (193, 194), (68,), (2.0,), (68,), (2.0,))
('K.345 Musescore', 'P1', 3, (195, 196), (69,), (2.0,), (69,), (2.0,))
('K.345 Musescore', 'P1', 3, (197, 198), (70,), (2.0,), (70,), (2.0,))
('K.345 Musescore', 'P1', 3, (199, 200), (71,), (2.0,), (71,), (2.0,))
('K.345 Musescore', 'P1', 3, (267, 268), (86,), (1.0,), (86,), (1.0,))
('K.345 Musescore', 'P1', 3, (269, 270), (87,), (1.0,), (87,), (1.0,))
('K.345 Musescore', 'P1', 3, (362, 363), (103,), (1.0,), (103,), (1.0,))
('K.345 Musescore', 'P1', 3, (363, 364), (103,), (2.0,), (103,), (2.0,))
('K.345 Musescore', 'P1', 3, (386, 387), (115,), (1.0,), (115,), (1.0,))

24.    ((-2,), (0.25,), (0.75,)):
('K.345 Musescore', 'P1', 1, (30, 31), (9,), (2.75,), (9,), (2.75,))
('K.345 Musescore', 'P1', 1, (41, 42), (13,), (2.75,), (13,), (2.75,))
('K.345 Musescore', 'P1', 1, (185, 186), (41,), (2.75,), (41,), (2.75,))
('K.345 Musescore', 'P1', 1, (196, 197), (45,), (2.75,), (45,), (2.75,))
('K.345 Musescore', 'P1', 1, (205, 206), (47,), (2.75,), (47,), (2.75,))
('K.345 Musescore', 'P1', 1, (215, 216), (49,), (2.75,), (49,), (2.75,))
('K.345 Musescore', 'P1', 1, (218, 219), (50,), (1.75,), (50,), (1.75,))
('K.345 Musescore', 'P1', 1, (222, 223), (50,), (2.75,), (50,), (2.75,))
('K.345 Musescore', 'P1', 1, (226, 227), (51,), (1.75,), (51,), (1.75,))
('K.345 Musescore', 'P1', 1, (230, 231), (51,), (2.75,), (51,), (2.75,))
('K.345 Musescore', 'P1', 1, (293, 294), (61,), (1.75,), (61,), (1.75,))
('K.345 Musescore', 'P1', 1, (307, 308), (63,), (1.75,), (63,), (1.75,))
('K.345 Musescore', 'P1', 1, (323, 324), (65,), (1.75,), (65,), (1.75,))
('K.345 Musescore', 'P1', 1, (362, 363), (71,), (2.75,), (71,), (2.75,))
('K.345 Musescore', 'P1', 1, (425, 426), (86,), (1.75,), (86,), (1.75,))
('K.345 Musescore', 'P1', 1, (437, 438), (87,), (2.75,), (87,), (2.75,))
('K.345 Musescore', 'P1', 1, (465, 466), (98,), (2.75,), (98,), (2.75,))
('K.345 Musescore', 'P1', 1, (476, 477), (102,), (2.75,), (102,), (2.75,))
('K.345 Musescore', 'P1', 1, (525, 526), (110,), (1.75,), (110,), (1.75,))
('K.345 Musescore', 'P1', 1, (541, 542), (112,), (1.75,), (112,), (1.75,))
('K.345 Musescore', 'P1', 1, (557, 558), (114,), (1.75,), (114,), (1.75,))
('K.345 Musescore', 'P1', 1, (573, 574), (116,), (1.75,), (116,), (1.75,))
('K.345 Musescore', 'P1', 3, (20, 21), (8,), (2.75,), (8,), (2.75,))
('K.345 Musescore', 'P1', 3, (45, 46), (12,), (2.75,), (12,), (2.75,))
('K.345 Musescore', 'P1', 3, (118, 119), (40,), (2.75,), (40,), (2.75,))
('K.345 Musescore', 'P1', 3, (143, 144), (44,), (2.75,), (44,), (2.75,))
('K.345 Musescore', 'P1', 3, (253, 254), (83,), (2.75,), (83,), (2.75,))
('K.345 Musescore', 'P1', 3, (266, 267), (85,), (2.75,), (85,), (2.75,))
('K.345 Musescore', 'P1', 3, (285, 286), (90,), (2.75,), (90,), (2.75,))
('K.345 Musescore', 'P1', 3, (298, 299), (92,), (2.75,), (92,), (2.75,))
('K.345 Musescore', 'P1', 3, (311, 312), (94,), (2.75,), (94,), (2.75,))
('K.345 Musescore', 'P1', 3, (332, 333), (97,), (2.75,), (97,), (2.75,))
('K.345 Musescore', 'P1', 3, (357, 358), (101,), (2.75,), (101,), (2.75,))

25.    ((-2,), (0.5,), (0.0,)):
('K.345 Musescore', 'P1', 1, (5, 6), (2,), (2.0,), (2,), (2.0,))
('K.345 Musescore', 'P1', 1, (7, 8), (3,), (1.0,), (3,), (1.0,))
('K.345 Musescore', 'P1', 1, (14, 15), (4,), (2.0,), (4,), (2.0,))
('K.345 Musescore', 'P1', 1, (16, 17), (5,), (1.0,), (5,), (1.0,))
('K.345 Musescore', 'P1', 1, (28, 29), (9,), (2.0,), (9,), (2.0,))
('K.345 Musescore', 'P1', 1, (39, 40), (13,), (2.0,), (13,), (2.0,))
('K.345 Musescore', 'P1', 1, (96, 97), (23,), (1.0,), (23,), (1.0,))
('K.345 Musescore', 'P1', 1, (108, 109), (25,), (1.0,), (25,), (1.0,))
('K.345 Musescore', 'P1', 1, (120, 121), (27,), (1.0,), (27,), (1.0,))
('K.345 Musescore', 'P1', 1, (132, 133), (29,), (1.0,), (29,), (1.0,))
('K.345 Musescore', 'P1', 1, (183, 184), (41,), (2.0,), (41,), (2.0,))
('K.345 Musescore', 'P1', 1, (194, 195), (45,), (2.0,), (45,), (2.0,))
('K.345 Musescore', 'P1', 1, (378, 379), (75,), (2.0,), (75,), (2.0,))
('K.345 Musescore', 'P1', 1, (381, 382), (76,), (1.0,), (76,), (1.0,))
('K.345 Musescore', 'P1', 1, (385, 386), (77,), (2.0,), (77,), (2.0,))
('K.345 Musescore', 'P1', 1, (388, 389), (78,), (1.0,), (78,), (1.0,))
('K.345 Musescore', 'P1', 1, (418, 419), (84,), (1.0,), (84,), (1.0,))
('K.345 Musescore', 'P1', 1, (423, 424), (86,), (1.0,), (86,), (1.0,))
('K.345 Musescore', 'P1', 1, (444, 445), (91,), (1.0,), (91,), (1.0,))
('K.345 Musescore', 'P1', 1, (449, 450), (93,), (1.0,), (93,), (1.0,))
('K.345 Musescore', 'P1', 1, (454, 455), (95,), (1.0,), (95,), (1.0,))
('K.345 Musescore', 'P1', 1, (463, 464), (98,), (2.0,), (98,), (2.0,))
('K.345 Musescore', 'P1', 1, (474, 475), (102,), (2.0,), (102,), (2.0,))
('K.345 Musescore', 'P1', 3, (22, 23), (9,), (2.0,), (9,), (2.0,))
('K.345 Musescore', 'P1', 3, (47, 48), (13,), (2.0,), (13,), (2.0,))
('K.345 Musescore', 'P1', 3, (120, 121), (41,), (2.0,), (41,), (2.0,))
('K.345 Musescore', 'P1', 3, (145, 146), (45,), (2.0,), (45,), (2.0,))
('K.345 Musescore', 'P1', 3, (334, 335), (98,), (2.0,), (98,), (2.0,))
('K.345 Musescore', 'P1', 3, (359, 360), (102,), (2.0,), (102,), (2.0,))
('K.345 Musescore', 'P1', 4, (0, 1), (79,), (1.0,), (79,), (1.0,))
('K.345 Musescore', 'P1', 4, (2, 3), (80,), (1.0,), (80,), (1.0,))

26.    ((2,), (0.25,), (0.0,)):
('K.345 Musescore', 'P1', 1, (232, 233), (52,), (2.0,), (52,), (2.0,))
('K.345 Musescore', 'P1', 1, (238, 239), (53,), (2.0,), (53,), (2.0,))
('K.345 Musescore', 'P1', 1, (244, 245), (54,), (2.0,), (54,), (2.0,))
('K.345 Musescore', 'P1', 1, (248, 249), (55,), (1.0,), (55,), (1.0,))
('K.345 Musescore', 'P1', 1, (252, 253), (55,), (2.0,), (55,), (2.0,))
('K.345 Musescore', 'P1', 1, (258, 259), (56,), (2.0,), (56,), (2.0,))
('K.345 Musescore', 'P1', 1, (264, 265), (57,), (2.0,), (57,), (2.0,))
('K.345 Musescore', 'P1', 1, (270, 271), (58,), (2.0,), (58,), (2.0,))
('K.345 Musescore', 'P1', 1, (274, 275), (59,), (1.0,), (59,), (1.0,))
('K.345 Musescore', 'P1', 1, (278, 279), (59,), (2.0,), (59,), (2.0,))
('K.345 Musescore', 'P1', 1, (320, 321), (65,), (1.0,), (65,), (1.0,))
('K.345 Musescore', 'P1', 1, (478, 479), (103,), (2.0,), (103,), (2.0,))
('K.345 Musescore', 'P1', 1, (484, 485), (104,), (2.0,), (104,), (2.0,))
('K.345 Musescore', 'P1', 1, (490, 491), (105,), (2.0,), (105,), (2.0,))
('K.345 Musescore', 'P1', 1, (496, 497), (106,), (2.0,), (106,), (2.0,))
('K.345 Musescore', 'P1', 1, (502, 503), (107,), (2.0,), (107,), (2.0,))
('K.345 Musescore', 'P1', 1, (506, 507), (108,), (1.0,), (108,), (1.0,))
('K.345 Musescore', 'P1', 1, (586, 587), (118,), (1.0,), (118,), (1.0,))
('K.345 Musescore', 'P1', 3, (200, 201), (72,), (1.0,), (72,), (1.0,))
('K.345 Musescore', 'P1', 3, (204, 205), (72,), (2.0,), (72,), (2.0,))

27.    ((2,), (0.25,), (0.5,)):
('K.345 Musescore', 'P1', 1, (3, 4), (2,), (1.5,), (2,), (1.5,))
('K.345 Musescore', 'P1', 1, (12, 13), (4,), (1.5,), (4,), (1.5,))
('K.345 Musescore', 'P1', 1, (204, 205), (47,), (2.5,), (47,), (2.5,))
('K.345 Musescore', 'P1', 1, (214, 215), (49,), (2.5,), (49,), (2.5,))
('K.345 Musescore', 'P1', 1, (292, 293), (61,), (1.5,), (61,), (1.5,))
('K.345 Musescore', 'P1', 1, (306, 307), (63,), (1.5,), (63,), (1.5,))
('K.345 Musescore', 'P1', 1, (524, 525), (110,), (1.5,), (110,), (1.5,))
('K.345 Musescore', 'P1', 1, (540, 541), (112,), (1.5,), (112,), (1.5,))
('K.345 Musescore', 'P1', 1, (556, 557), (114,), (1.5,), (114,), (1.5,))
('K.345 Musescore', 'P1', 1, (572, 573), (116,), (1.5,), (116,), (1.5,))
('K.345 Musescore', 'P1', 1, (588, 589), (118,), (1.5,), (118,), (1.5,))
('K.345 Musescore', 'P1', 3, (202, 203), (72,), (1.5,), (72,), (1.5,))
('K.345 Musescore', 'P1', 3, (206, 207), (72,), (2.5,), (72,), (2.5,))

28.    (((3, 2),), ((0.0, 1.0),), (0.0,)):
('K.345 Musescore', 'P1', 1, (90, 91), (21,), (2.0,), (21,), (2.0,))
('K.345 Musescore', 'P1', 3, (61, 62), (19,), (2.0,), (19,), (2.0,))
('K.345 Musescore', 'P1', 3, (63, 64), (20,), (2.0,), (20,), (2.0,))
('K.345 Musescore', 'P1', 3, (69, 70), (23,), (2.0,), (23,), (2.0,))
('K.345 Musescore', 'P1', 3, (73, 74), (25,), (2.0,), (25,), (2.0,))
('K.345 Musescore', 'P1', 3, (77, 78), (27,), (2.0,), (27,), (2.0,))
('K.345 Musescore', 'P1', 3, (81, 82), (29,), (2.0,), (29,), (2.0,))
('K.345 Musescore', 'P1', 3, (367, 368), (105,), (2.0,), (105,), (2.0,))
('K.345 Musescore', 'P1', 3, (369, 370), (106,), (2.0,), (106,), (2.0,))
('K.345 Musescore', 'P1', 3, (371, 372), (107,), (2.0,), (107,), (2.0,))
('K.345 Musescore', 'P1', 3, (373, 374), (108,), (2.0,), (108,), (2.0,))
('K.345 Musescore', 'P1', 3, (375, 376), (109,), (2.0,), (109,), (2.0,))
('K.345 Musescore', 'P1', 3, (379, 380), (111,), (2.0,), (111,), (2.0,))

29.    ((-3,), (0.5,), (0.0,)):
('K.345 Musescore', 'P1', 1, (26, 27), (9,), (1.0,), (9,), (1.0,))
('K.345 Musescore', 'P1', 1, (37, 38), (13,), (1.0,), (13,), (1.0,))
('K.345 Musescore', 'P1', 1, (152, 153), (32,), (2.0,), (32,), (2.0,))
('K.345 Musescore', 'P1', 1, (154, 155), (33,), (1.0,), (33,), (1.0,))
('K.345 Musescore', 'P1', 1, (170, 171), (36,), (2.0,), (36,), (2.0,))
('K.345 Musescore', 'P1', 1, (172, 173), (37,), (1.0,), (37,), (1.0,))
('K.345 Musescore', 'P1', 1, (181, 182), (41,), (1.0,), (41,), (1.0,))
('K.345 Musescore', 'P1', 1, (192, 193), (45,), (1.0,), (45,), (1.0,))
('K.345 Musescore', 'P1', 1, (461, 462), (98,), (1.0,), (98,), (1.0,))
('K.345 Musescore', 'P1', 1, (472, 473), (102,), (1.0,), (102,), (1.0,))
('K.345 Musescore', 'P1', 3, (219, 220), (75,), (2.0,), (75,), (2.0,))

30.    ((1,), (0.5,), (0.5,)):
('K.345 Musescore', 'P1', 1, (145, 146), (31,), (1.5,), (31,), (1.5,))
('K.345 Musescore', 'P1', 1, (163, 164), (35,), (1.5,), (35,), (1.5,))
('K.345 Musescore', 'P1', 1, (237, 238), (53,), (1.5,), (53,), (1.5,))
('K.345 Musescore', 'P1', 1, (263, 264), (57,), (1.5,), (57,), (1.5,))
('K.345 Musescore', 'P1', 1, (396, 397), (79,), (1.5,), (79,), (1.5,))
('K.345 Musescore', 'P1', 1, (402, 403), (80,), (1.5,), (80,), (1.5,))
('K.345 Musescore', 'P1', 1, (483, 484), (104,), (1.5,), (104,), (1.5,))
('K.345 Musescore', 'P1', 1, (495, 496), (106,), (1.5,), (106,), (1.5,))
('K.345 Musescore', 'P1', 3, (222, 223), (76,), (1.5,), (76,), (1.5,))

31.    ((-3,), (1.0,), (0.0,)):
('K.345 Musescore', 'P1', 1, (197, 198), (46,), (1.0,), (46,), (1.0,))
('K.345 Musescore', 'P1', 1, (477, 478), (103,), (1.0,), (103,), (1.0,))
('K.345 Musescore', 'P1', 3, (83, 84), (30,), (2.0,), (30,), (2.0,))
('K.345 Musescore', 'P1', 3, (160, 161), (52,), (1.0,), (52,), (1.0,))
('K.345 Musescore', 'P1', 3, (161, 162), (52,), (2.0,), (52,), (2.0,))
('K.345 Musescore', 'P1', 3, (162, 163), (53,), (1.0,), (53,), (1.0,))
('K.345 Musescore', 'P1', 3, (166, 167), (55,), (1.0,), (55,), (1.0,))
('K.345 Musescore', 'P1', 3, (170, 171), (57,), (1.0,), (57,), (1.0,))
('K.345 Musescore', 'P1', 3, (174, 175), (59,), (1.0,), (59,), (1.0,))

32.    ((4,), (1.0,), (0.0,)):
('K.345 Musescore', 'P1', 1, (1, 2), (1,), (2.0,), (1,), (2.0,))
('K.345 Musescore', 'P1', 3, (65, 66), (21,), (2.0,), (21,), (2.0,))
('K.345 Musescore', 'P1', 3, (159, 160), (51,), (2.0,), (51,), (2.0,))
('K.345 Musescore', 'P1', 3, (179, 180), (61,), (2.0,), (61,), (2.0,))
('K.345 Musescore', 'P1', 3, (183, 184), (63,), (2.0,), (63,), (2.0,))
('K.345 Musescore', 'P1', 3, (272, 273), (88,), (2.0,), (88,), (2.0,))
('K.345 Musescore', 'P1', 3, (385, 386), (114,), (2.0,), (114,), (2.0,))
('K.345 Musescore', 'P1', 3, (389, 390), (116,), (2.0,), (116,), (2.0,))

33.    ((3,), (1.0,), (0.0,)):
('K.345 Musescore', 'P1', 1, (440, 441), (89,), (1.0,), (89,), (1.0,))
('K.345 Musescore', 'P1', 3, (21, 22), (9,), (1.0,), (9,), (1.0,))
('K.345 Musescore', 'P1', 3, (46, 47), (13,), (1.0,), (13,), (1.0,))
('K.345 Musescore', 'P1', 3, (119, 120), (41,), (1.0,), (41,), (1.0,))
('K.345 Musescore', 'P1', 3, (144, 145), (45,), (1.0,), (45,), (1.0,))
('K.345 Musescore', 'P1', 3, (333, 334), (98,), (1.0,), (98,), (1.0,))
('K.345 Musescore', 'P1', 3, (358, 359), (102,), (1.0,), (102,), (1.0,))

34.    ((-5,), (1.0,), (0.0,)):
('K.345 Musescore', 'P1', 1, (31, 32), (10,), (1.0,), (10,), (1.0,))
('K.345 Musescore', 'P1', 1, (42, 43), (14,), (1.0,), (14,), (1.0,))
('K.345 Musescore', 'P1', 1, (186, 187), (42,), (1.0,), (42,), (1.0,))
('K.345 Musescore', 'P1', 1, (375, 376), (74,), (1.0,), (74,), (1.0,))
('K.345 Musescore', 'P1', 1, (466, 467), (99,), (1.0,), (99,), (1.0,))
('K.345 Musescore', 'P1', 3, (187, 188), (65,), (2.0,), (65,), (2.0,))

35.    ((-2,), (1.0,), (0.0,)):
('K.345 Musescore', 'P1', 1, (156, 157), (33,), (2.0,), (33,), (2.0,))
('K.345 Musescore', 'P1', 3, (85, 86), (31,), (2.0,), (31,), (2.0,))
('K.345 Musescore', 'P1', 3, (93, 94), (35,), (2.0,), (35,), (2.0,))
('K.345 Musescore', 'P1', 3, (150, 151), (47,), (1.0,), (47,), (1.0,))
('K.345 Musescore', 'P1', 3, (154, 155), (49,), (1.0,), (49,), (1.0,))
('K.345 Musescore', 'P1', 3, (155, 156), (49,), (2.0,), (49,), (2.0,))

36.    ((8,), (1.0,), (0.0,)):
('K.345 Musescore', 'P1', 1, (68, 69), (18,), (1.0,), (18,), (1.0,))
('K.345 Musescore', 'P1', 1, (231, 232), (52,), (1.0,), (52,), (1.0,))
('K.345 Musescore', 'P1', 3, (66, 67), (22,), (1.0,), (22,), (1.0,))
('K.345 Musescore', 'P1', 3, (148, 149), (46,), (1.0,), (46,), (1.0,))

37.    ((2,), (0.5,), (0.5,)):
('K.345 Musescore', 'P1', 1, (364, 365), (72,), (1.5,), (72,), (1.5,))
('K.345 Musescore', 'P1', 1, (366, 367), (72,), (2.5,), (72,), (2.5,))
('K.345 Musescore', 'P1', 1, (408, 409), (81,), (1.5,), (81,), (1.5,))
('K.345 Musescore', 'P1', 3, (220, 221), (75,), (2.5,), (75,), (2.5,))

38.    ((-3,), (0.25,), (0.25,)):
('K.345 Musescore', 'P1', 1, (515, 516), (109,), (1.25,), (109,), (1.25,))
('K.345 Musescore', 'P1', 3, (201, 202), (72,), (1.25,), (72,), (1.25,))
('K.345 Musescore', 'P1', 3, (205, 206), (72,), (2.25,), (72,), (2.25,))

39.    ((1,), (8.0,), (0.0,)):
('K.345 Musescore', 'P1', 2, (0, 1), (9,), (1.0,), (9,), (1.0,))
('K.345 Musescore', 'P1', 2, (3, 4), (41,), (1.0,), (41,), (1.0,))
('K.345 Musescore', 'P1', 2, (10, 11), (98,), (1.0,), (98,), (1.0,))

40.    ((-2,), (4.0,), (0.0,)):
('K.345 Musescore', 'P1', 2, (5, 6), (84,), (1.0,), (84,), (1.0,))
('K.345 Musescore', 'P1', 2, (7, 8), (91,), (1.0,), (91,), (1.0,))
('K.345 Musescore', 'P1', 2, (8, 9), (93,), (1.0,), (93,), (1.0,))

41.    ((3,), (0.5,), (0.0,)):
('K.345 Musescore', 'P1', 1, (2, 3), (2,), (1.0,), (2,), (1.0,))
('K.345 Musescore', 'P1', 1, (216, 217), (50,), (1.0,), (50,), (1.0,))

42.    ((-7,), (0.25,), (0.75,)):
('K.345 Musescore', 'P1', 1, (54, 55), (15,), (2.75,), (15,), (2.75,))
('K.345 Musescore', 'P1', 1, (589, 590), (118,), (1.75,), (118,), (1.75,))

43.    ((-4,), (0.25,), (0.0,)):
('K.345 Musescore', 'P1', 1, (341, 342), (68,), (2.0,), (68,), (2.0,))
('K.345 Musescore', 'P1', 1, (514, 515), (109,), (1.0,), (109,), (1.0,))

44.    ((2,), (0.25,), (0.75,)):
('K.345 Musescore', 'P1', 1, (370, 371), (73,), (1.75,), (73,), (1.75,))
('K.345 Musescore', 'P1', 1, (429, 430), (86,), (2.75,), (86,), (2.75,))

45.    ((-4,), (1.0,), (0.0,)):
('K.345 Musescore', 'P1', 1, (0, 1), (1,), (1.0,), (1,), (1.0,))
('K.345 Musescore', 'P1', 3, (209, 210), (73,), (2.0,), (73,), (2.0,))

46.    ((4,), (0.5,), (0.5,)):
('K.345 Musescore', 'P1', 1, (115, 116), (26,), (1.5,), (26,), (1.5,))
('K.345 Musescore', 'P1', 3, (232, 233), (77,), (2.5,), (77,), (2.5,))

47.    ((-15,), (1.0,), (0.0,)):
('K.345 Musescore', 'P1', 3, (98, 99), (38,), (1.0,), (38,), (1.0,))
('K.345 Musescore', 'P1', 3, (241, 242), (82,), (1.0,), (82,), (1.0,))

48.    ((-8,), (1.0,), (0.0,)):
('K.345 Musescore', 'P1', 3, (156, 157), (50,), (1.0,), (50,), (1.0,))
('K.345 Musescore', 'P1', 3, (312, 313), (95,), (1.0,), (95,), (1.0,))

49.    (((2, -2),), ((0.0, 1.0),), (0.0,)):
('K.345 Musescore', 'P1', 3, (190, 191), (67,), (1.0,), (67,), (1.0,))
('K.345 Musescore', 'P1', 3, (366, 367), (105,), (1.0,), (105,), (1.0,))

50.    (((8, 2),), ((0.0, 1.0),), (0.0,)):
('K.345 Musescore', 'P1', 3, (391, 392), (117,), (2.0,), (117,), (2.0,))
('K.345 Musescore', 'P1', 3, (392, 393), (118,), (1.0,), (118,), (1.0,))

