1 .    ('nomes', 'K.330 KernScores') 

2 .    ('quantidade', 1) 

3 .    ('analise', 'recorręncias IntDiaDurPcompasso sem contidos e intercalados') 

1 .    (((6, -4, 5, -6, -2, 6, -4, 5, -6, -2, 10, -3, -3, -4, 2, -2, -2, -2, -2, 2, 6, -4, -3, -3, 6, -2, -2, -2, -2, -2), (1.0, 1.0, 1.0, 1.0, 2.0, 1.0, 1.0, 1.0, 1.0, 2.0, 1.0, 0.5, 0.5, 0.5, 0.5, 1.0, 0.5, 0.5, 0.5, 0.5, 1.0, 0.5, 0.5, 0.5, 0.5, 1.0, 0.5, 0.5, 0.5, 0.5), (1.0, 2.0, 3.0, 1.0, 2.0, 1.0, 2.0, 3.0, 1.0, 2.0, 1.0, 2.0, 2.5, 3.0, 3.5, 1.0, 2.0, 2.5, 3.0, 3.5, 1.0, 2.0, 2.5, 3.0, 3.5, 1.0, 2.0, 2.5, 3.0, 3.5)), [('K.330 KernScores', 'P1', 1, (106, 136), (32, 1.0), (39, 3.5)), ('K.330 KernScores', 'P1', 1, (137, 167), (41, 1.0), (48, 3.5))]) 

2 .    (((3, -3, -2, -3, 3, 2, 3, -3, -2, -3, 3, 2, 2, 2, 2, 2, -8, 4, 2, 2, 2, 2, -8, -5), (1.0, 1.0, 1.0, 1.0, 1.0, 1.0, 1.0, 1.0, 1.0, 1.0, 1.0, 1.0, 1.0, 1.0, 1.0, 1.0, 1.0, 1.0, 1.0, 1.0, 1.0, 1.0, 1.0, 1.0), (1.0, 2.0, 3.0, 1.0, 2.0, 3.0, 1.0, 2.0, 3.0, 1.0, 2.0, 3.0, 1.0, 2.0, 3.0, 1.0, 2.0, 3.0, 1.0, 2.0, 3.0, 1.0, 2.0, 3.0)), [('K.330 KernScores', 'P2', 1, (79, 103), (32, 1.0), (39, 3.0)), ('K.330 KernScores', 'P2', 1, (104, 128), (41, 1.0), (48, 3.0))]) 

3 .    (((1, -2, -2, 1, -2, 7, 1, -2, -2, 1, -2), (1.0, 1.0, 1.0, 1.0, 1.0, 1.0, 1.0, 1.0, 1.0, 1.0, 1.0), (1.0, 2.0, 3.0, 1.0, 2.0, 3.0, 1.0, 2.0, 3.0, 1.0, 2.0)), [('K.330 KernScores', 'P2', 1, (129, 140), (50, 1.0), (53, 2.0)), ('K.330 KernScores', 'P2', 1, (147, 158), (56, 1.0), (59, 2.0))]) 

4 .    (((3, 4, 1, -2, -2, 1, 3, 4, 1, -2, -2), (1.0, 1.0, 1.0, 1.0, 1.0, 1.0, 1.0, 1.0, 1.0, 1.0, 1.0), (2.0, 3.0, 1.0, 2.0, 3.0, 1.0, 2.0, 3.0, 1.0, 2.0, 3.0)), [('K.330 KernScores', 'P1', 1, (173, 184), (52, 2.0), (55, 3.0)), ('K.330 KernScores', 'P1', 1, (185, 196), (56, 2.0), (59, 3.0))]) 

5 .    (((1, 1, -4, 1, 1, -5, 1, 1, 5, 1, 1), (1.0, 1.0, 1.0, 1.0, 1.0, 1.0, 1.0, 1.0, 1.0, 1.0, 1.0), (1.0, 2.0, 3.0, 1.0, 2.0, 3.0, 1.0, 2.0, 3.0, 1.0, 2.0)), [('K.330 KernScores', 'P2', 1, (16, 27), (11, 1.0), (14, 2.0)), ('K.330 KernScores', 'P2', 1, (28, 39), (15, 1.0), (18, 2.0))]) 

6 .    ((((3, 1), (3, 1), (3, -2), (3, 1), (3, 1), (3, -2), (3, 1), (3, 1), (3, -4), (5, 1)), ((0.0, 1.0), (0.0, 1.0), (0.0, 1.0), (0.0, 1.0), (0.0, 1.0), (0.0, 1.0), (0.0, 1.0), (0.0, 1.0), (0.0, 1.0), (0.0, 1.0)), (2.0, 3.0, 1.0, 2.0, 3.0, 1.0, 2.0, 3.0, 1.0, 2.0)), [('K.330 KernScores', 'P1', 1, (33, 43), (11, 2.0), (14, 2.0)), ('K.330 KernScores', 'P1', 1, (45, 55), (15, 2.0), (18, 2.0))]) 

7 .    (((1, -4, 4, 1, 4, -2, 1, 4, -2), (1.0, 1.0, 1.0, 1.0, 1.0, 1.0, 1.0, 1.0, 1.0), (1.0, 2.0, 3.0, 1.0, 2.0, 3.0, 1.0, 2.0, 3.0)), [('K.330 KernScores', 'P1', 1, (0, 9), (1, 1.0), (3, 3.0)), ('K.330 KernScores', 'P2', 1, (1, 10), (7, 1.0), (9, 3.0))]) 

8 .    (((-6, -2, 6, -4, 5, -6, -2, 6, -4), (1.0, 2.0, 1.0, 1.0, 1.0, 1.0, 2.0, 1.0, 1.0), (1.0, 2.0, 1.0, 2.0, 3.0, 1.0, 2.0, 1.0, 2.0)), [('K.330 KernScores', 'P1', 1, (219, 228), (65, 1.0), (68, 2.0)), ('K.330 KernScores', 'P1', 1, (244, 253), (73, 1.0), (76, 2.0))]) 

9 .    (((-4, -3, -3, 6, -2, -2, -2, -2), (0.5, 0.5, 0.5, 0.5, 1.0, 0.5, 0.5, 0.5), (2.0, 2.5, 3.0, 3.5, 1.0, 2.0, 2.5, 3.0)), [('K.330 KernScores', 'P1', 1, (232, 240), (70, 2.0), (71, 3.0)), ('K.330 KernScores', 'P1', 1, (277, 285), (82, 2.0), (83, 3.0))]) 

10 .    (((4, 3, -3, -4, 3, -3, 4), (1.0, 1.0, 1.0, 1.0, 1.0, 1.0, 1.0), (3.0, 1.0, 2.0, 3.0, 1.0, 2.0, 3.0)), [('K.330 KernScores', 'P2', 1, (194, 201), (71, 3.0), (73, 3.0)), ('K.330 KernScores', 'P2', 1, (206, 213), (75, 3.0), (77, 3.0))]) 

11 .    (((-2, -2, -2, -2, -2, -2), (0.5, 0.5, 0.5, 0.5, 0.5, 0.5), (1.0, 1.5, 2.0, 2.5, 3.0, 3.5)), [('K.330 KernScores', 'P1', 1, (12, 18), (5, 1.0), (5, 3.5)), ('K.330 KernScores', 'P1', 1, (65, 71), (22, 1.0), (22, 3.5))]) 

12 .    (((2, 6, -3, -4, -3, 2), (0.5, 1.0, 0.5, 0.5, 0.5, 0.5), (3.5, 1.0, 2.0, 2.5, 3.0, 3.5)), [('K.330 KernScores', 'P1', 1, (260, 266), (78, 3.5), (79, 3.5)), ('K.330 KernScores', 'P1', 1, (270, 276), (80, 3.5), (81, 3.5))]) 

13 .    (((2, 2, 2, 2, -8), (1.0, 1.0, 1.0, 1.0, 1.0), (1.0, 2.0, 3.0, 1.0, 2.0)), [('K.330 KernScores', 'P2', 1, (73, 78), (30, 1.0), (31, 2.0)), ('K.330 KernScores', 'P2', 1, (225, 230), (82, 1.0), (83, 2.0)), ('K.330 KernScores', 'P2', 1, (231, 236), (84, 1.0), (85, 2.0))]) 

14 .    (((-2, -2, -2, -2, -2), (0.5, 0.5, 0.5, 0.5, 0.5), (1.0, 1.5, 2.0, 2.5, 3.0)), [('K.330 KernScores', 'P1', 1, (89, 94), (29, 1.0), (29, 3.0)), ('K.330 KernScores', 'P1', 1, (95, 100), (30, 1.0), (30, 3.0))]) 

15 .    (((1, 5, 1, 1, 4), (1.0, 1.0, 1.0, 1.0, 1.0), (2.0, 3.0, 1.0, 2.0, 3.0)), [('K.330 KernScores', 'P2', 1, (53, 58), (23, 2.0), (24, 3.0)), ('K.330 KernScores', 'P2', 1, (59, 64), (25, 2.0), (26, 3.0))]) 

16 .    ((((3, 1), (3, 1), (3, -4), (5, 1), (5, -3)), ((0.0, 1.0), (0.0, 1.0), (0.0, 1.0), (0.0, 1.0), (0.0, 1.0)), (2.0, 3.0, 1.0, 2.0, 3.0)), [('K.330 KernScores', 'P1', 1, (72, 77), (23, 2.0), (24, 3.0)), ('K.330 KernScores', 'P1', 1, (78, 83), (25, 2.0), (26, 3.0))]) 

17 .    (((-2, -2, -2, -2), (1.0, 0.5, 0.5, 0.5), (1.0, 2.0, 2.5, 3.0)), [('K.330 KernScores', 'P1', 1, (101, 105), (31, 1.0), (31, 3.0)), ('K.330 KernScores', 'P1', 1, (291, 295), (85, 1.0), (85, 3.0))]) 

18 .    (((-2, -2, -2, -2), (0.5, 0.5, 0.5, 0.5), (1.5, 2.0, 2.5, 3.0)), [('K.330 KernScores', 'P1', 1, (197, 201), (60, 1.5), (60, 3.0)), ('K.330 KernScores', 'P2', 1, (11, 15), (10, 1.5), (10, 3.0))]) 

19 .    (((1, -2, -2), (1.0, 1.0, 1.0), (1.0, 2.0, 3.0)), [('K.330 KernScores', 'P1', 1, (169, 172), (51, 1.0), (51, 3.0)), ('K.330 KernScores', 'P2', 1, (141, 144), (54, 1.0), (54, 3.0))]) 

20 .    (((2, 2, 2), (1.0, 1.0, 1.0), (1.0, 2.0, 3.0)), [('K.330 KernScores', 'P2', 1, (49, 52), (22, 1.0), (22, 3.0)), ('K.330 KernScores', 'P2', 1, (189, 192), (70, 1.0), (70, 3.0))]) 

21 .    (((-2, -3, 3), (1.0, 1.0, 1.0), (3.0, 1.0, 2.0)), [('K.330 KernScores', 'P2', 1, (179, 182), (66, 3.0), (67, 2.0)), ('K.330 KernScores', 'P2', 1, (185, 188), (68, 3.0), (69, 2.0))]) 

22 .    (((-2, 2, 2), (1.5, 0.25, 0.25), (2.0, 3.5, 3.75)), [('K.330 KernScores', 'P1', 1, (203, 206), (61, 2.0), (61, 3.75)), ('K.330 KernScores', 'P1', 1, (207, 210), (62, 2.0), (62, 3.75)), ('K.330 KernScores', 'P1', 1, (211, 214), (63, 2.0), (63, 3.75))]) 

23 .    (((1, 1), (1.0, 1.0), (1.0, 2.0)), [('K.330 KernScores', 'P1', 1, (26, 28), (9, 1.0), (9, 2.0)), ('K.330 KernScores', 'P2', 1, (40, 42), (19, 1.0), (19, 2.0)), ('K.330 KernScores', 'P2', 1, (43, 45), (20, 1.0), (20, 2.0)), ('K.330 KernScores', 'P2', 1, (46, 48), (21, 1.0), (21, 2.0)), ('K.330 KernScores', 'P2', 1, (67, 69), (28, 1.0), (28, 2.0)), ('K.330 KernScores', 'P2', 1, (159, 161), (60, 1.0), (60, 2.0)), ('K.330 KernScores', 'P2', 1, (171, 173), (64, 1.0), (64, 2.0))]) 

24 .    (((2, 2), (1.0, 1.0), (1.0, 2.0)), [('K.330 KernScores', 'P1', 1, (29, 31), (10, 1.0), (10, 2.0)), ('K.330 KernScores', 'P2', 1, (70, 72), (29, 1.0), (29, 2.0))]) 

25 .    (((1, 1), (1.0, 1.0), (2.0, 3.0)), [('K.330 KernScores', 'P1', 1, (21, 23), (7, 2.0), (7, 3.0)), ('K.330 KernScores', 'P1', 1, (57, 59), (19, 2.0), (19, 3.0))]) 

26 .    (((-3, -3), (0.5, 0.5), (2.0, 2.5)), [('K.330 KernScores', 'P1', 1, (257, 259), (78, 2.0), (78, 2.5)), ('K.330 KernScores', 'P1', 1, (287, 289), (84, 2.0), (84, 2.5))]) 

27 .    (((6, -6), (1.0, 1.0), (1.0, 2.0)), [('K.330 KernScores', 'P2', 1, (216, 218), (79, 1.0), (79, 2.0)), ('K.330 KernScores', 'P2', 1, (219, 221), (80, 1.0), (80, 2.0)), ('K.330 KernScores', 'P2', 1, (222, 224), (81, 1.0), (81, 2.0))]) 

28 .    (((-3, 5), (1.0, 1.0), (2.0, 3.0)), [('K.330 KernScores', 'P2', 1, (163, 165), (61, 2.0), (61, 3.0)), ('K.330 KernScores', 'P2', 1, (166, 168), (62, 2.0), (62, 3.0))]) 

29 .    (((1,), (1.0,), (2.0,)), [('K.330 KernScores', 'P1', 1, (24, 25), (8, 2.0), (8, 2.0)), ('K.330 KernScores', 'P1', 1, (242, 243), (72, 2.0), (72, 2.0)), ('K.330 KernScores', 'P2', 1, (65, 66), (27, 2.0), (27, 2.0))]) 

30 .    (((-2,), (1.0,), (2.0,)), [('K.330 KernScores', 'P1', 1, (10, 11), (4, 2.0), (4, 2.0)), ('K.330 KernScores', 'P2', 1, (145, 146), (55, 2.0), (55, 2.0))]) 

31 .    (((-3,), (1.0,), (2.0,)), [('K.330 KernScores', 'P2', 1, (169, 170), (63, 2.0), (63, 2.0)), ('K.330 KernScores', 'P2', 1, (202, 203), (74, 2.0), (74, 2.0))]) 

32 .    (((3,), (1.0,), (1.0,)), [('K.330 KernScores', 'P2', 1, (183, 184), (68, 1.0), (68, 1.0)), ('K.330 KernScores', 'P2', 1, (204, 205), (75, 1.0), (75, 1.0))]) 

33 .    (((-2,), (2.0,), (2.0,)), [('K.330 KernScores', 'P1', 1, (230, 231), (69, 2.0), (69, 2.0)), ('K.330 KernScores', 'P1', 1, (255, 256), (77, 2.0), (77, 2.0))]) 

34 .    ((((5, 1),), ((0.0, 1.0),), (2.0,)), [('K.330 KernScores', 'P1', 1, (63, 64), (21, 2.0), (21, 2.0)), ('K.330 KernScores', 'P1', 1, (87, 88), (28, 2.0), (28, 2.0))]) 

35 .    ((((6, 1),), ((0.0, 1.0),), (2.0,)), [('K.330 KernScores', 'P1', 1, (60, 61), (20, 2.0), (20, 2.0)), ('K.330 KernScores', 'P1', 1, (84, 85), (27, 2.0), (27, 2.0))]) 

