1.    nomes:
K.18 Musicalion

2.    quantidade:
1

3.    analise:
[('intDia', 'p1p2'), ('duracao', 'p1p2'), ('Ntempo', 'p1p2'), ('Ptempo', 'p1p2')] SemContInte Distancia: 0

1.    ((-2, 2, -2, 3, -2, 3, -2, 3, -2, -2, -2, -3, 2, -2, 2, -2, 2, -2, 3, -2, 2, -2, 3, -2, 3, -2, 3), (0.25, 0.25, 0.25, 0.25, 0.25, 0.25, 0.25, 0.25, 0.5, 0.25, 0.25, 0.25, 0.25, 0.25, 0.25, 0.25, 0.25, 0.25, 0.25, 0.25, 0.25, 0.25, 0.25, 0.25, 0.25, 0.25, 0.25), (2, 2, 2, 2, 3, 3, 3, 3, 4, 4, 4, 1, 1, 1, 1, 2, 2, 2, 2, 3, 3, 3, 3, 4, 4, 4, 4), (0.0, 0.25, 0.5, 0.75, 0.0, 0.25, 0.5, 0.75, 0.0, 0.5, 0.75, 0.0, 0.25, 0.5, 0.75, 0.0, 0.25, 0.5, 0.75, 0.0, 0.25, 0.5, 0.75, 0.0, 0.25, 0.5, 0.75)):
('K.18 Musicalion', 'P1', 1, (86, 113), (9,), (2.0,), (10,), (4.75,))
('K.18 Musicalion', 'P1', 1, (117, 144), (11,), (2.0,), (12,), (4.75,))

2.    ((-2, 2, -2, 3, -2, 3, -2, 3, -2, -2, -2, -3, 2, -2, 2, -2, 2, -2, 3, -2, 2, -2, 3, -2, 3, -2, 3), (0.25, 0.25, 0.25, 0.25, 0.25, 0.25, 0.25, 0.25, 0.5, 0.25, 0.25, 0.25, 0.25, 0.25, 0.25, 0.25, 0.25, 0.25, 0.25, 0.25, 0.25, 0.25, 0.25, 0.25, 0.25, 0.25, 0.25), (1, 1, 1, 1, 2, 2, 2, 2, 3, 3, 3, 4, 4, 4, 4, 1, 1, 1, 1, 2, 2, 2, 2, 3, 3, 3, 3), (0.0, 0.25, 0.5, 0.75, 0.0, 0.25, 0.5, 0.75, 0.0, 0.5, 0.75, 0.0, 0.25, 0.5, 0.75, 0.0, 0.25, 0.5, 0.75, 0.0, 0.25, 0.5, 0.75, 0.0, 0.25, 0.5, 0.75)):
('K.18 Musicalion', 'P1', 1, (428, 455), (37,), (1.0,), (38,), (3.75,))
('K.18 Musicalion', 'P1', 1, (459, 486), (39,), (1.0,), (40,), (3.75,))

3.    ((2, -2, 3, -2, 3, -3, 4, -5, -2, 2, 2, -2, 3, -3, 4, -5, -2, 2, 2, -2, 3, -3, 4), (0.25, 0.25, 0.25, 0.25, 0.25, 0.25, 0.25, 0.25, 0.25, 0.25, 0.25, 0.25, 0.25, 0.25, 0.25, 0.25, 0.25, 0.25, 0.25, 0.25, 0.25, 0.25, 0.25), (1, 1, 1, 2, 2, 2, 2, 3, 3, 3, 3, 4, 4, 4, 4, 1, 1, 1, 1, 2, 2, 2, 2), (0.25, 0.5, 0.75, 0.0, 0.25, 0.5, 0.75, 0.0, 0.25, 0.5, 0.75, 0.0, 0.25, 0.5, 0.75, 0.0, 0.25, 0.5, 0.75, 0.0, 0.25, 0.5, 0.75)):
('K.18 Musicalion', 'P1', 1, (35, 58), (5,), (1.25,), (6,), (2.75,))
('K.18 Musicalion', 'P1', 1, (161, 184), (15,), (1.25,), (16,), (2.75,))

4.    ((-7, 2, 4, -5, 2, 6, -7, 2, 4, -5, 2, 6, -7, 2, 4, -5, 2), (0.25, 0.25, 0.5, 0.25, 0.25, 0.5, 0.25, 0.25, 0.5, 0.25, 0.25, 0.5, 0.25, 0.25, 0.5, 0.25, 0.25), (4, 4, 4, 1, 1, 1, 2, 2, 2, 3, 3, 3, 4, 4, 4, 1, 1), (0.0, 0.25, 0.5, 0.0, 0.25, 0.5, 0.0, 0.25, 0.5, 0.0, 0.25, 0.5, 0.0, 0.25, 0.5, 0.0, 0.25)):
('K.18 Musicalion', 'P1', 2, (155, 172), (41,), (4.0,), (42,), (1.25,))
('K.18 Musicalion', 'P1', 2, (179, 196), (43,), (4.0,), (44,), (1.25,))

5.    ((-3, 2, -3, 2, -3, 2, -3, 2, -3, 2, -3, 2, -3, 2, -3, 9), (0.25, 0.25, 0.25, 0.25, 0.25, 0.25, 0.25, 0.25, 0.25, 0.25, 0.25, 0.25, 0.25, 0.25, 0.25, 0.25), (2, 2, 2, 2, 3, 3, 3, 3, 4, 4, 4, 4, 1, 1, 1, 1), (0.0, 0.25, 0.5, 0.75, 0.0, 0.25, 0.5, 0.75, 0.0, 0.25, 0.5, 0.75, 0.0, 0.25, 0.5, 0.75)):
('K.18 Musicalion', 'P1', 1, (384, 400), (34,), (2.0,), (35,), (1.75,))
('K.18 Musicalion', 'P1', 1, (400, 416), (35,), (2.0,), (36,), (1.75,))

6.    ((8, -2, 2, -2, 2, -2, 2, -7, 7, -2, 2, -2, 2, -2, 2), (0.25, 0.25, 0.25, 0.25, 0.25, 0.25, 0.25, 0.25, 0.25, 0.25, 0.25, 0.25, 0.25, 0.25, 0.25), (1, 1, 1, 1, 2, 2, 2, 2, 3, 3, 3, 3, 4, 4, 4), (0.0, 0.25, 0.5, 0.75, 0.0, 0.25, 0.5, 0.75, 0.0, 0.25, 0.5, 0.75, 0.0, 0.25, 0.5)):
('K.18 Musicalion', 'P1', 3, (135, 150), (18,), (1.0,), (18,), (4.5,))
('K.18 Musicalion', 'P1', 3, (167, 182), (20,), (1.0,), (20,), (4.5,))

7.    ((2, -2, 2, -2, 2, -2, 3, -2, 2, -2, 3, -2, 3, -2), (0.25, 0.25, 0.25, 0.25, 0.25, 0.25, 0.25, 0.25, 0.25, 0.25, 0.25, 0.25, 0.25, 0.25), (1, 1, 1, 2, 2, 2, 2, 3, 3, 3, 3, 4, 4, 4), (0.25, 0.5, 0.75, 0.0, 0.25, 0.5, 0.75, 0.0, 0.25, 0.5, 0.75, 0.0, 0.25, 0.5)):
('K.18 Musicalion', 'P1', 1, (98, 112), (10,), (1.25,), (10,), (4.5,))
('K.18 Musicalion', 'P1', 1, (129, 143), (12,), (1.25,), (12,), (4.5,))
('K.18 Musicalion', 'P1', 3, (184, 198), (21,), (1.25,), (21,), (4.5,))

8.    ((-2, 2, -2, 2, -2, 2, -8, 8, -2, 2, -2, 2, -2, 2), (0.25, 0.25, 0.25, 0.25, 0.25, 0.25, 0.25, 0.25, 0.25, 0.25, 0.25, 0.25, 0.25, 0.25), (2, 2, 2, 3, 3, 3, 3, 4, 4, 4, 4, 1, 1, 1), (0.25, 0.5, 0.75, 0.0, 0.25, 0.5, 0.75, 0.0, 0.25, 0.5, 0.75, 0.0, 0.25, 0.5)):
('K.18 Musicalion', 'P1', 3, (363, 377), (45,), (2.25,), (45,), (1.5,))
('K.18 Musicalion', 'P1', 3, (379, 393), (46,), (2.25,), (46,), (1.5,))

9.    ((-2, -2, -2, 4, -2, -2, -2, 4, -2, -2, -2), (0.75, 0.25, 0.75, 0.25, 0.75, 0.25, 0.75, 0.25, 0.75, 0.25, 0.75), (4, 4, 1, 1, 2, 2, 3, 3, 4, 4, 1), (0.0, 0.75, 0.0, 0.75, 0.0, 0.75, 0.0, 0.75, 0.0, 0.75, 0.0)):
('K.18 Musicalion', 'P1', 1, (486, 497), (41,), (4.0,), (42,), (1.0,))
('K.18 Musicalion', 'P1', 1, (502, 513), (43,), (4.0,), (44,), (1.0,))

10.    ((-6, 2, 3, -4, -2, 7, -6, 2, 3, -4, -2), (0.25, 0.25, 0.5, 0.25, 0.25, 0.5, 0.25, 0.25, 0.5, 0.25, 0.25), (3, 3, 3, 4, 4, 4, 1, 1, 1, 2, 2), (0.0, 0.25, 0.5, 0.0, 0.25, 0.5, 0.0, 0.25, 0.5, 0.0, 0.25)):
('K.18 Musicalion', 'P1', 2, (2, 13), (2,), (3.0,), (3,), (2.25,))
('K.18 Musicalion', 'P1', 2, (14, 25), (3,), (3.0,), (4,), (2.25,))

11.    ((-6, 2, 5, -5, -2, 9, -4, 2, 3, -4, -2), (0.25, 0.25, 0.5, 0.25, 0.25, 0.5, 0.25, 0.25, 0.5, 0.25, 0.25), (3, 3, 3, 4, 4, 4, 1, 1, 1, 2, 2), (0.0, 0.25, 0.5, 0.0, 0.25, 0.5, 0.0, 0.25, 0.5, 0.0, 0.25)):
('K.18 Musicalion', 'P1', 2, (31, 42), (6,), (3.0,), (7,), (2.25,))
('K.18 Musicalion', 'P1', 2, (43, 54), (7,), (3.0,), (8,), (2.25,))

12.    ((-6, 2, 3, -4, -2, 2, -6, 2, 5, -5, -2), (0.25, 0.25, 0.5, 0.25, 0.25, 0.5, 0.25, 0.25, 0.5, 0.25, 0.25), (1, 1, 1, 2, 2, 2, 3, 3, 3, 4, 4), (0.0, 0.25, 0.5, 0.0, 0.25, 0.5, 0.0, 0.25, 0.5, 0.0, 0.25)):
('K.18 Musicalion', 'P1', 2, (61, 72), (13,), (1.0,), (13,), (4.25,))
('K.18 Musicalion', 'P1', 2, (73, 84), (14,), (1.0,), (14,), (4.25,))

13.    ((-6, 2, 5, -5, -2, 9, -4, 2, 3, -4, -2), (0.25, 0.25, 0.5, 0.25, 0.25, 0.5, 0.25, 0.25, 0.5, 0.25, 0.25), (2, 2, 2, 3, 3, 3, 4, 4, 4, 1, 1), (0.0, 0.25, 0.5, 0.0, 0.25, 0.5, 0.0, 0.25, 0.5, 0.0, 0.25)):
('K.18 Musicalion', 'P1', 2, (125, 136), (32,), (2.0,), (33,), (1.25,))
('K.18 Musicalion', 'P1', 2, (137, 148), (33,), (2.0,), (34,), (1.25,))

14.    (((3, -5), 2, 7, -2, -2, 3, -2, -2, -2), ((0.0, 0.5), 0.5, 1.0, 0.5, 0.5, 0.5, 0.5, 0.5, 0.5), (3, 3, 4, 1, 1, 2, 2, 3, 3), (0.0, 0.5, 0.0, 0.0, 0.5, 0.0, 0.5, 0.0, 0.5)):
('K.18 Musicalion', 'P1', 3, (305, 314), (37,), (3.0,), (38,), (3.5,))
('K.18 Musicalion', 'P1', 3, (320, 329), (39,), (3.0,), (40,), (3.5,))

15.    ((-2, -2, -2, 4, -2, -2, -2), (0.75, 0.25, 0.75, 0.25, 0.75, 0.25, 0.75), (3, 3, 4, 4, 1, 1, 2), (0.0, 0.75, 0.0, 0.75, 0.0, 0.75, 0.0)):
('K.18 Musicalion', 'P1', 1, (12, 19), (2,), (3.0,), (3,), (2.0,))
('K.18 Musicalion', 'P1', 1, (20, 27), (3,), (3.0,), (4,), (2.0,))

16.    ((2, -2, -2, 5, 2, -2, -2), (0.75, 0.25, 0.75, 0.25, 0.75, 0.25, 0.75), (3, 3, 4, 4, 1, 1, 2), (0.0, 0.75, 0.0, 0.75, 0.0, 0.75, 0.0)):
('K.18 Musicalion', 'P1', 1, (58, 65), (6,), (3.0,), (7,), (2.0,))
('K.18 Musicalion', 'P1', 1, (66, 73), (7,), (3.0,), (8,), (2.0,))

17.    ((-2, -2, -2, -3, 2, -2, -2), (0.75, 0.25, 0.75, 0.25, 0.75, 0.25, 0.75), (1, 1, 2, 2, 3, 3, 4), (0.0, 0.75, 0.0, 0.75, 0.0, 0.75, 0.0)):
('K.18 Musicalion', 'P1', 1, (144, 151), (13,), (1.0,), (13,), (4.0,))
('K.18 Musicalion', 'P1', 1, (152, 159), (14,), (1.0,), (14,), (4.0,))

18.    (((3, 2), (3, 2), (3, 2), (3, -2), (3, -2), (3, -2), (3, 2)), ((0.0, 0.5), (0.0, 0.5), (0.0, 0.5), (0.0, 0.5), (0.0, 0.5), (0.0, 0.5), (0.0, 0.5)), (1, 1, 2, 2, 3, 3, 4), (0.0, 0.5, 0.0, 0.5, 0.0, 0.5, 0.0)):
('K.18 Musicalion', 'P1', 1, (206, 213), (18,), (1.0,), (18,), (4.0,))
('K.18 Musicalion', 'P1', 1, (222, 229), (20,), (1.0,), (20,), (4.0,))

19.    ((-3, 2, -3, 2, -3, 2, -2), (0.25, 0.25, 0.25, 0.25, 0.25, 0.25, 0.25), (2, 2, 2, 2, 3, 3, 3), (0.0, 0.25, 0.5, 0.75, 0.0, 0.25, 0.5)):
('K.18 Musicalion', 'P1', 1, (316, 323), (29,), (2.0,), (29,), (3.5,))
('K.18 Musicalion', 'P1', 1, (348, 355), (31,), (2.0,), (31,), (3.5,))

20.    ((2, -2, -2, 5, 2, -2, -2), (0.75, 0.25, 0.75, 0.25, 0.75, 0.25, 0.75), (2, 2, 3, 3, 4, 4, 1), (0.0, 0.75, 0.0, 0.75, 0.0, 0.75, 0.0)):
('K.18 Musicalion', 'P1', 1, (368, 375), (32,), (2.0,), (33,), (1.0,))
('K.18 Musicalion', 'P1', 1, (376, 383), (33,), (2.0,), (34,), (1.0,))

21.    ((2, -2, -2, -2, -2, 1, 2), (0.75, 0.25, 0.25, 0.25, 0.25, 0.25, 0.0), (2, 2, 3, 3, 3, 3, 4), (0.0, 0.75, 0.0, 0.25, 0.5, 0.75, 0.0)):
('K.18 Musicalion', 'P1', 1, (621, 628), (53,), (2.0,), (53,), (4.0,))
('K.18 Musicalion', 'P1', 1, (629, 636), (54,), (2.0,), (54,), (4.0,))

22.    ((11, -2, -2, -9, 4, -2, -2), (0.5, 0.5, 0.5, 0.5, 0.5, 0.5, 0.5), (3, 3, 4, 4, 1, 1, 2), (0.0, 0.5, 0.0, 0.5, 0.0, 0.5, 0.0)):
('K.18 Musicalion', 'P1', 3, (13, 20), (2,), (3.0,), (3,), (2.0,))
('K.18 Musicalion', 'P1', 3, (21, 28), (3,), (3.0,), (4,), (2.0,))

23.    (((3, 1), (3, 1), (3, -2), (3, 1), (3, 1), (3, 1), (3, -2)), ((0.0, 0.5), (0.0, 0.5), (0.0, 0.5), (0.0, 0.5), (0.0, 0.5), (0.0, 0.5), (0.0, 0.5)), (3, 4, 4, 1, 1, 2, 2), (0.5, 0.0, 0.5, 0.0, 0.5, 0.0, 0.5)):
('K.18 Musicalion', 'P1', 3, (38, 45), (5,), (3.5,), (6,), (2.5,))
('K.18 Musicalion', 'P1', 3, (116, 123), (15,), (3.5,), (16,), (2.5,))

24.    (((3, 2), (3, -2), (3, -2), (3, 9), 2, -2, -2), ((0.0, 0.5), (0.0, 0.5), (0.0, 0.5), (0.0, 0.5), 0.5, 0.5, 0.5), (3, 3, 4, 4, 1, 1, 2), (0.0, 0.5, 0.0, 0.5, 0.0, 0.5, 0.0)):
('K.18 Musicalion', 'P1', 3, (45, 52), (6,), (3.0,), (7,), (2.0,))
('K.18 Musicalion', 'P1', 3, (53, 60), (7,), (3.0,), (8,), (2.0,))

25.    (((3, -5), 2, 7, -2, -2, 3, -2), ((0.0, 0.5), 0.5, 1.0, 0.5, 0.5, 0.5, 0.5), (4, 4, 1, 2, 2, 3, 3), (0.0, 0.5, 0.0, 0.0, 0.5, 0.0, 0.5)):
('K.18 Musicalion', 'P1', 3, (71, 78), (9,), (4.0,), (10,), (3.5,))
('K.18 Musicalion', 'P1', 3, (86, 93), (11,), (4.0,), (12,), (3.5,))

26.    ((4, -2, -2, -7, (3, 2), (3, -2), (3, -2)), (0.5, 0.5, 0.5, 0.5, (0.0, 0.5), (0.0, 0.5), (0.0, 0.5)), (1, 1, 2, 2, 3, 3, 4), (0.0, 0.5, 0.0, 0.5, 0.0, 0.5, 0.0)):
('K.18 Musicalion', 'P1', 3, (95, 102), (13,), (1.0,), (13,), (4.0,))
('K.18 Musicalion', 'P1', 3, (103, 110), (14,), (1.0,), (14,), (4.0,))

27.    (((3, 2), (3, -2), (3, -2), (3, 9), 2, -2, -2), ((0.0, 0.5), (0.0, 0.5), (0.0, 0.5), (0.0, 0.5), 0.5, 0.5, 0.5), (2, 2, 3, 3, 4, 4, 1), (0.0, 0.5, 0.0, 0.5, 0.0, 0.5, 0.0)):
('K.18 Musicalion', 'P1', 3, (263, 270), (32,), (2.0,), (33,), (1.0,))
('K.18 Musicalion', 'P1', 3, (271, 278), (33,), (2.0,), (34,), (1.0,))

28.    ((-3, 2, -3, 2, -3, 2), (0.25, 0.25, 0.25, 0.25, 0.25, 0.25), (3, 3, 3, 3, 4, 4), (0.0, 0.25, 0.5, 0.75, 0.0, 0.25)):
('K.18 Musicalion', 'P1', 1, (254, 260), (23,), (3.0,), (23,), (4.25,))
('K.18 Musicalion', 'P1', 1, (336, 342), (30,), (3.0,), (30,), (4.25,))
('K.18 Musicalion', 'P1', 1, (388, 394), (34,), (3.0,), (35,), (4.25,))
('K.18 Musicalion', 'P1', 1, (404, 410), (35,), (3.0,), (36,), (4.25,))
('K.18 Musicalion', 'P1', 2, (96, 102), (26,), (3.0,), (26,), (4.25,))

29.    ((7, -2, -2, 3, -2, -2), (1.0, 0.5, 0.5, 0.5, 0.5, 0.5), (1, 2, 2, 3, 3, 4), (0.0, 0.0, 0.5, 0.0, 0.5, 0.0)):
('K.18 Musicalion', 'P1', 3, (73, 79), (10,), (1.0,), (10,), (4.0,))
('K.18 Musicalion', 'P1', 4, (0, 6), (21,), (1.0,), (21,), (4.0,))

30.    ((-3, 2, -3, 2, -4), (0.25, 0.25, 0.25, 0.25, 0.25), (1, 1, 1, 1, 2), (0.0, 0.25, 0.5, 0.75, 0.0)):
('K.18 Musicalion', 'P1', 2, (88, 93), (26,), (1.0,), (26,), (2.0,))
('K.18 Musicalion', 'P1', 2, (117, 122), (28,), (1.0,), (28,), (2.0,))
('K.18 Musicalion', 'P1', 2, (197, 202), (51,), (1.0,), (52,), (2.0,))

31.    ((2, 4, -2, -2, 2), (0.25, 0.25, 0.25, 0.25, 0.25), (4, 1, 1, 1, 1), (0.75, 0.0, 0.25, 0.5, 0.75)):
('K.18 Musicalion', 'P1', 1, (261, 266), (23,), (4.75,), (24,), (1.75,))
('K.18 Musicalion', 'P1', 1, (277, 282), (24,), (4.75,), (25,), (1.75,))

32.    ((-3, 2, -3, 2), (0.25, 0.25, 0.25, 0.25), (2, 2, 2, 2), (0.0, 0.25, 0.5, 0.75)):
('K.18 Musicalion', 'P1', 1, (316, 320), (29,), (2.0,), (29,), (2.75,))
('K.18 Musicalion', 'P1', 1, (332, 336), (30,), (2.0,), (30,), (2.75,))
('K.18 Musicalion', 'P1', 1, (348, 352), (31,), (2.0,), (31,), (2.75,))
('K.18 Musicalion', 'P1', 1, (384, 388), (34,), (2.0,), (34,), (2.75,))
('K.18 Musicalion', 'P1', 1, (400, 404), (35,), (2.0,), (35,), (2.75,))
('K.18 Musicalion', 'P1', 1, (577, 581), (50,), (2.0,), (50,), (2.75,))
('K.18 Musicalion', 'P1', 2, (108, 112), (27,), (2.0,), (27,), (2.75,))

33.    ((-3, 2, -3, 2), (0.25, 0.25, 0.25, 0.25), (1, 1, 1, 1), (0.0, 0.25, 0.5, 0.75)):
('K.18 Musicalion', 'P1', 1, (344, 348), (31,), (1.0,), (31,), (1.75,))
('K.18 Musicalion', 'P1', 1, (617, 621), (52,), (1.0,), (52,), (1.75,))
('K.18 Musicalion', 'P1', 2, (88, 92), (26,), (1.0,), (26,), (1.75,))
('K.18 Musicalion', 'P1', 2, (117, 121), (28,), (1.0,), (28,), (1.75,))
('K.18 Musicalion', 'P1', 2, (197, 201), (51,), (1.0,), (51,), (1.75,))

34.    ((2, 4, -2, -2), (0.25, 0.25, 0.25, 0.25), (3, 4, 4, 4), (0.75, 0.0, 0.25, 0.5)):
('K.18 Musicalion', 'P1', 1, (584, 588), (50,), (3.75,), (50,), (4.5,))
('K.18 Musicalion', 'P1', 1, (600, 604), (51,), (3.75,), (51,), (4.5,))

35.    (((3, -2), (3, -2), (3, -2), (3, -2)), ((0.0, 0.5), (0.0, 0.5), (0.0, 0.5), (0.0, 0.5)), (3, 3, 4, 4), (0.0, 0.5, 0.0, 0.5)):
('K.18 Musicalion', 'P1', 1, (218, 222), (19,), (3.0,), (19,), (4.5,))
('K.18 Musicalion', 'P1', 3, (123, 127), (16,), (3.0,), (16,), (4.5,))

36.    ((-2, -2, -2, -2), (0.5, 0.5, 0.5, 0.5), (3, 3, 4, 4), (0.0, 0.5, 0.0, 0.5)):
('K.18 Musicalion', 'P1', 1, (298, 302), (26,), (3.0,), (26,), (4.5,))
('K.18 Musicalion', 'P1', 3, (250, 254), (30,), (3.0,), (30,), (4.5,))

37.    (((3, -2), (3, -2), (3, -2), (3, -2)), ((0.0, 0.5), (0.0, 0.5), (0.0, 0.5), (0.0, 0.5)), (2, 2, 3, 3), (0.0, 0.5, 0.0, 0.5)):
('K.18 Musicalion', 'P1', 1, (526, 530), (46,), (2.0,), (46,), (3.5,))
('K.18 Musicalion', 'P1', 3, (129, 133), (17,), (2.0,), (17,), (3.5,))

38.    ((-4, 2, -2, -2), (0.25, 0.25, 0.5, 0.5), (2, 2, 2, 3), (0.0, 0.25, 0.5, 0.0)):
('K.18 Musicalion', 'P1', 2, (210, 214), (53,), (2.0,), (53,), (3.0,))
('K.18 Musicalion', 'P1', 2, (215, 219), (54,), (2.0,), (54,), (3.0,))

39.    ((2, -3, 2, -8), (0.5, 0.5, 0.5, 0.5), (4, 1, 1, 2), (0.5, 0.0, 0.5, 0.0)):
('K.18 Musicalion', 'P1', 3, (213, 217), (23,), (4.5,), (24,), (2.0,))
('K.18 Musicalion', 'P1', 3, (221, 225), (24,), (4.5,), (25,), (2.0,))

40.    ((2, -3, 2, -8), (0.5, 0.5, 0.5, 0.5), (3, 4, 4, 1), (0.5, 0.0, 0.5, 0.0)):
('K.18 Musicalion', 'P1', 3, (423, 427), (50,), (3.5,), (50,), (1.0,))
('K.18 Musicalion', 'P1', 3, (431, 435), (51,), (3.5,), (51,), (1.0,))

41.    ((-5, 2, 1, -5), (0.5, 0.5, 0.5, 0.5), (2, 2, 3, 3), (0.0, 0.5, 0.0, 0.5)):
('K.18 Musicalion', 'P1', 3, (444, 448), (53,), (2.0,), (53,), (3.5,))
('K.18 Musicalion', 'P1', 3, (453, 457), (54,), (2.0,), (54,), (3.5,))

42.    (((3, 2), (3, -2), (3, -2)), ((0.0, 0.5), (0.0, 0.5), (0.0, 0.5)), (2, 2, 3), (0.0, 0.5, 0.0)):
('K.18 Musicalion', 'P1', 1, (208, 211), (18,), (2.0,), (18,), (3.0,))
('K.18 Musicalion', 'P1', 1, (224, 227), (20,), (2.0,), (20,), (3.0,))
('K.18 Musicalion', 'P1', 3, (263, 266), (32,), (2.0,), (32,), (3.0,))
('K.18 Musicalion', 'P1', 3, (271, 274), (33,), (2.0,), (33,), (3.0,))

43.    ((-2, -2, -2), (0.5, 0.5, 0.5), (1, 2, 2), (0.5, 0.0, 0.5)):
('K.18 Musicalion', 'P1', 1, (308, 311), (28,), (1.5,), (28,), (2.5,))
('K.18 Musicalion', 'P1', 3, (18, 21), (3,), (1.5,), (3,), (2.5,))
('K.18 Musicalion', 'P1', 3, (200, 203), (22,), (1.5,), (22,), (2.5,))

44.    ((4, -2, -2), (0.25, 0.5, 0.5), (4, 1, 1), (0.75, 0.0, 0.5)):
('K.18 Musicalion', 'P1', 1, (293, 296), (25,), (4.75,), (26,), (1.5,))
('K.18 Musicalion', 'P1', 1, (604, 607), (51,), (4.75,), (51,), (1.5,))

45.    (((3, -2), (3, -2), (3, 2)), ((0.0, 0.5), (0.0, 0.5), (0.0, 0.5)), (2, 2, 3), (0.0, 0.5, 0.0)):
('K.18 Musicalion', 'P1', 1, (518, 521), (45,), (2.0,), (45,), (3.0,))
('K.18 Musicalion', 'P1', 1, (534, 537), (47,), (2.0,), (47,), (3.0,))

46.    ((-2, (3, -2), (3, -2)), (0.5, (0.0, 0.5), (0.0, 0.5)), (4, 4, 1), (0.0, 0.5, 0.0)):
('K.18 Musicalion', 'P1', 3, (329, 332), (41,), (4.0,), (41,), (1.0,))
('K.18 Musicalion', 'P1', 3, (337, 340), (42,), (4.0,), (42,), (1.0,))

47.    (((5, 2), (4, -2), (5, 2)), ((0.0, 0.5), (0.0, 0.5), (0.0, 0.5)), (2, 2, 3), (0.0, 0.5, 0.0)):
('K.18 Musicalion', 'P1', 3, (341, 344), (42,), (2.0,), (42,), (3.0,))
('K.18 Musicalion', 'P1', 3, (349, 352), (43,), (2.0,), (43,), (3.0,))

48.    ((2, -2), (0.25, 0.25), (1, 1), (0.25, 0.5)):
('K.18 Musicalion', 'P1', 1, (35, 37), (5,), (1.25,), (5,), (1.5,))
('K.18 Musicalion', 'P1', 1, (114, 116), (11,), (1.25,), (11,), (1.5,))
('K.18 Musicalion', 'P1', 1, (161, 163), (15,), (1.25,), (15,), (1.5,))
('K.18 Musicalion', 'P1', 1, (231, 233), (22,), (1.25,), (22,), (1.5,))
('K.18 Musicalion', 'P1', 1, (329, 331), (30,), (1.25,), (30,), (1.5,))
('K.18 Musicalion', 'P1', 1, (429, 431), (37,), (1.25,), (37,), (1.5,))
('K.18 Musicalion', 'P1', 1, (444, 446), (38,), (1.25,), (38,), (1.5,))
('K.18 Musicalion', 'P1', 1, (460, 462), (39,), (1.25,), (39,), (1.5,))
('K.18 Musicalion', 'P1', 1, (475, 477), (40,), (1.25,), (40,), (1.5,))
('K.18 Musicalion', 'P1', 1, (542, 544), (47,), (1.25,), (47,), (1.5,))
('K.18 Musicalion', 'P1', 3, (244, 246), (29,), (1.25,), (29,), (1.5,))

49.    ((-2, 2), (0.25, 0.25), (3, 3), (0.25, 0.5)):
('K.18 Musicalion', 'P1', 1, (43, 45), (5,), (3.25,), (5,), (3.5,))
('K.18 Musicalion', 'P1', 1, (169, 171), (15,), (3.25,), (15,), (3.5,))
('K.18 Musicalion', 'P1', 3, (144, 146), (18,), (3.25,), (18,), (3.5,))
('K.18 Musicalion', 'P1', 3, (160, 162), (19,), (3.25,), (19,), (3.5,))
('K.18 Musicalion', 'P1', 3, (176, 178), (20,), (3.25,), (20,), (3.5,))
('K.18 Musicalion', 'P1', 3, (359, 361), (44,), (3.25,), (44,), (3.5,))
('K.18 Musicalion', 'P1', 3, (367, 369), (45,), (3.25,), (45,), (3.5,))
('K.18 Musicalion', 'P1', 3, (383, 385), (46,), (3.25,), (46,), (3.5,))
('K.18 Musicalion', 'P1', 3, (399, 401), (47,), (3.25,), (47,), (3.5,))

50.    ((-2, -2), (0.5, 0.5), (1, 1), (0.0, 0.5)):
('K.18 Musicalion', 'P1', 1, (294, 296), (26,), (1.0,), (26,), (1.5,))
('K.18 Musicalion', 'P1', 1, (605, 607), (51,), (1.0,), (51,), (1.5,))
('K.18 Musicalion', 'P1', 3, (277, 279), (34,), (1.0,), (34,), (1.5,))
('K.18 Musicalion', 'P1', 3, (308, 310), (38,), (1.0,), (38,), (1.5,))
('K.18 Musicalion', 'P1', 3, (323, 325), (40,), (1.0,), (40,), (1.5,))
('K.18 Musicalion', 'P1', 3, (403, 405), (47,), (1.0,), (47,), (1.5,))
('K.18 Musicalion', 'P1', 3, (411, 413), (48,), (1.0,), (48,), (1.5,))
('K.18 Musicalion', 'P1', 3, (419, 421), (49,), (1.0,), (49,), (1.5,))

51.    ((-2, -2), (0.5, 0.5), (3, 4), (0.5, 0.0)):
('K.18 Musicalion', 'P1', 1, (299, 301), (26,), (3.5,), (26,), (4.0,))
('K.18 Musicalion', 'P1', 3, (14, 16), (2,), (3.5,), (2,), (4.0,))
('K.18 Musicalion', 'P1', 3, (22, 24), (3,), (3.5,), (3,), (4.0,))
('K.18 Musicalion', 'P1', 3, (77, 79), (10,), (3.5,), (10,), (4.0,))
('K.18 Musicalion', 'P1', 3, (204, 206), (22,), (3.5,), (22,), (4.0,))
('K.18 Musicalion', 'P1', 3, (251, 253), (30,), (3.5,), (30,), (4.0,))
('K.18 Musicalion', 'P1', 3, (328, 330), (40,), (3.5,), (41,), (4.0,))
('K.18 Musicalion', 'P1', 4, (4, 6), (21,), (3.5,), (21,), (4.0,))

52.    ((-2, 2), (0.25, 0.25), (1, 1), (0.25, 0.5)):
('K.18 Musicalion', 'P1', 1, (51, 53), (6,), (1.25,), (6,), (1.5,))
('K.18 Musicalion', 'P1', 1, (177, 179), (16,), (1.25,), (16,), (1.5,))
('K.18 Musicalion', 'P1', 3, (136, 138), (18,), (1.25,), (18,), (1.5,))
('K.18 Musicalion', 'P1', 3, (152, 154), (19,), (1.25,), (19,), (1.5,))
('K.18 Musicalion', 'P1', 3, (168, 170), (20,), (1.25,), (20,), (1.5,))
('K.18 Musicalion', 'P1', 3, (375, 377), (45,), (1.25,), (45,), (1.5,))
('K.18 Musicalion', 'P1', 3, (391, 393), (46,), (1.25,), (46,), (1.5,))

53.    ((-2, -2), (0.5, 0.5), (2, 2), (0.0, 0.5)):
('K.18 Musicalion', 'P1', 1, (309, 311), (28,), (2.0,), (28,), (2.5,))
('K.18 Musicalion', 'P1', 3, (19, 21), (3,), (2.0,), (3,), (2.5,))
('K.18 Musicalion', 'P1', 3, (74, 76), (10,), (2.0,), (10,), (2.5,))
('K.18 Musicalion', 'P1', 3, (89, 91), (12,), (2.0,), (12,), (2.5,))
('K.18 Musicalion', 'P1', 3, (201, 203), (22,), (2.0,), (22,), (2.5,))
('K.18 Musicalion', 'P1', 3, (209, 211), (23,), (2.0,), (23,), (2.5,))
('K.18 Musicalion', 'P1', 4, (1, 3), (21,), (2.0,), (21,), (2.5,))

54.    ((-2, -2), (0.5, 0.5), (2, 3), (0.5, 0.0)):
('K.18 Musicalion', 'P1', 2, (212, 214), (53,), (2.5,), (53,), (3.0,))
('K.18 Musicalion', 'P1', 2, (217, 219), (54,), (2.5,), (54,), (3.0,))
('K.18 Musicalion', 'P1', 3, (311, 313), (38,), (2.5,), (38,), (3.0,))
('K.18 Musicalion', 'P1', 3, (326, 328), (40,), (2.5,), (40,), (3.0,))
('K.18 Musicalion', 'P1', 3, (406, 408), (48,), (2.5,), (48,), (3.0,))
('K.18 Musicalion', 'P1', 3, (414, 416), (49,), (2.5,), (49,), (3.0,))

55.    ((-6, 2), (0.25, 0.25), (1, 1), (0.0, 0.25)):
('K.18 Musicalion', 'P1', 1, (34, 36), (5,), (1.0,), (5,), (1.25,))
('K.18 Musicalion', 'P1', 2, (8, 10), (3,), (1.0,), (3,), (1.25,))
('K.18 Musicalion', 'P1', 2, (20, 22), (4,), (1.0,), (4,), (1.25,))
('K.18 Musicalion', 'P1', 2, (61, 63), (13,), (1.0,), (13,), (1.25,))
('K.18 Musicalion', 'P1', 2, (73, 75), (14,), (1.0,), (14,), (1.25,))

56.    ((-5, 2), (0.25, 0.25), (1, 1), (0.0, 0.25)):
('K.18 Musicalion', 'P1', 1, (328, 330), (30,), (1.0,), (30,), (1.25,))
('K.18 Musicalion', 'P1', 2, (158, 160), (41,), (1.0,), (41,), (1.25,))
('K.18 Musicalion', 'P1', 2, (170, 172), (42,), (1.0,), (42,), (1.25,))
('K.18 Musicalion', 'P1', 2, (182, 184), (43,), (1.0,), (43,), (1.25,))
('K.18 Musicalion', 'P1', 2, (194, 196), (44,), (1.0,), (44,), (1.25,))

57.    ((2, -2), (0.25, 0.25), (3, 3), (0.0, 0.25)):
('K.18 Musicalion', 'P1', 2, (112, 114), (27,), (3.0,), (27,), (3.25,))
('K.18 Musicalion', 'P1', 3, (358, 360), (44,), (3.0,), (44,), (3.25,))
('K.18 Musicalion', 'P1', 3, (366, 368), (45,), (3.0,), (45,), (3.25,))
('K.18 Musicalion', 'P1', 3, (382, 384), (46,), (3.0,), (46,), (3.25,))
('K.18 Musicalion', 'P1', 3, (398, 400), (47,), (3.0,), (47,), (3.25,))

58.    ((-5, -2), (0.25, 0.25), (3, 3), (0.0, 0.25)):
('K.18 Musicalion', 'P1', 1, (42, 44), (5,), (3.0,), (5,), (3.25,))
('K.18 Musicalion', 'P1', 1, (168, 170), (15,), (3.0,), (15,), (3.25,))
('K.18 Musicalion', 'P1', 2, (128, 130), (32,), (3.0,), (32,), (3.25,))
('K.18 Musicalion', 'P1', 2, (140, 142), (33,), (3.0,), (33,), (3.25,))

59.    ((-2, -2), (0.25, 0.25), (3, 3), (0.25, 0.5)):
('K.18 Musicalion', 'P1', 1, (271, 273), (24,), (3.25,), (24,), (3.5,))
('K.18 Musicalion', 'P1', 1, (624, 626), (53,), (3.25,), (53,), (3.5,))
('K.18 Musicalion', 'P1', 1, (632, 634), (54,), (3.25,), (54,), (3.5,))
('K.18 Musicalion', 'P1', 2, (113, 115), (27,), (3.25,), (27,), (3.5,))

60.    ((-4, 2), (0.25, 0.25), (4, 4), (0.0, 0.25)):
('K.18 Musicalion', 'P1', 1, (613, 615), (52,), (4.0,), (52,), (4.25,))
('K.18 Musicalion', 'P1', 2, (131, 133), (33,), (4.0,), (33,), (4.25,))
('K.18 Musicalion', 'P1', 2, (143, 145), (34,), (4.0,), (34,), (4.25,))

61.    ((-2, -2), (0.25, 0.25), (4, 4), (0.25, 0.5)):
('K.18 Musicalion', 'P1', 1, (586, 588), (50,), (4.25,), (50,), (4.5,))
('K.18 Musicalion', 'P1', 1, (602, 604), (51,), (4.25,), (51,), (4.5,))
('K.18 Musicalion', 'P1', 3, (234, 236), (27,), (4.25,), (27,), (4.5,))

62.    ((1, 1), (1.0, 1.0), (1, 2), (0.0, 0.0)):
('K.18 Musicalion', 'P1', 3, (227, 229), (26,), (1.0,), (26,), (2.0,))
('K.18 Musicalion', 'P1', 3, (231, 233), (27,), (1.0,), (27,), (2.0,))
('K.18 Musicalion', 'P1', 3, (237, 239), (28,), (1.0,), (28,), (2.0,))

63.    ((-2, 2), (0.25, 0.25), (2, 2), (0.5, 0.75)):
('K.18 Musicalion', 'P1', 1, (418, 420), (36,), (2.5,), (36,), (2.75,))
('K.18 Musicalion', 'P1', 1, (595, 597), (51,), (2.5,), (51,), (2.75,))

64.    ((-8, 2), (0.25, 0.25), (3, 3), (0.0, 0.25)):
('K.18 Musicalion', 'P1', 1, (74, 76), (8,), (3.0,), (8,), (3.25,))
('K.18 Musicalion', 'P1', 2, (26, 28), (4,), (3.0,), (4,), (3.25,))

65.    ((-5, 4), (0.25, 0.25), (4, 4), (0.5, 0.75)):
('K.18 Musicalion', 'P1', 1, (190, 192), (16,), (4.5,), (16,), (4.75,))
('K.18 Musicalion', 'P1', 2, (102, 104), (26,), (4.5,), (26,), (4.75,))

66.    ((2, 2), (0.25, 0.25), (1, 1), (0.0, 0.25)):
('K.18 Musicalion', 'P1', 1, (589, 591), (50,), (1.0,), (50,), (1.25,))
('K.18 Musicalion', 'P1', 3, (449, 451), (53,), (1.0,), (53,), (1.25,))

67.    ((-6, 2), (0.25, 0.25), (4, 4), (0.0, 0.25)):
('K.18 Musicalion', 'P1', 2, (55, 57), (9,), (4.0,), (9,), (4.25,))
('K.18 Musicalion', 'P1', 2, (58, 60), (11,), (4.0,), (11,), (4.25,))

68.    ((-6, 2), (0.25, 0.25), (3, 3), (0.0, 0.25)):
('K.18 Musicalion', 'P1', 2, (149, 151), (37,), (3.0,), (37,), (3.25,))
('K.18 Musicalion', 'P1', 2, (152, 154), (39,), (3.0,), (39,), (3.25,))

69.    (((4, 1), (4, -2)), ((0.0, 0.5), (0.0, 0.5)), (2, 2), (0.0, 0.5)):
('K.18 Musicalion', 'P1', 3, (35, 37), (5,), (2.0,), (5,), (2.5,))
('K.18 Musicalion', 'P1', 3, (113, 115), (15,), (2.0,), (15,), (2.5,))

70.    ((2,), (0.25,), (1,), (0.25,)):
('K.18 Musicalion', 'P1', 1, (35, 36), (5,), (1.25,), (5,), (1.25,))
('K.18 Musicalion', 'P1', 1, (83, 84), (9,), (1.25,), (9,), (1.25,))
('K.18 Musicalion', 'P1', 1, (98, 99), (10,), (1.25,), (10,), (1.25,))
('K.18 Musicalion', 'P1', 1, (114, 115), (11,), (1.25,), (11,), (1.25,))
('K.18 Musicalion', 'P1', 1, (129, 130), (12,), (1.25,), (12,), (1.25,))
('K.18 Musicalion', 'P1', 1, (161, 162), (15,), (1.25,), (15,), (1.25,))
('K.18 Musicalion', 'P1', 1, (231, 232), (22,), (1.25,), (22,), (1.25,))
('K.18 Musicalion', 'P1', 1, (329, 330), (30,), (1.25,), (30,), (1.25,))
('K.18 Musicalion', 'P1', 1, (345, 346), (31,), (1.25,), (31,), (1.25,))
('K.18 Musicalion', 'P1', 1, (397, 398), (35,), (1.25,), (35,), (1.25,))
('K.18 Musicalion', 'P1', 1, (413, 414), (36,), (1.25,), (36,), (1.25,))
('K.18 Musicalion', 'P1', 1, (429, 430), (37,), (1.25,), (37,), (1.25,))
('K.18 Musicalion', 'P1', 1, (444, 445), (38,), (1.25,), (38,), (1.25,))
('K.18 Musicalion', 'P1', 1, (460, 461), (39,), (1.25,), (39,), (1.25,))
('K.18 Musicalion', 'P1', 1, (475, 476), (40,), (1.25,), (40,), (1.25,))
('K.18 Musicalion', 'P1', 1, (542, 543), (47,), (1.25,), (47,), (1.25,))
('K.18 Musicalion', 'P1', 1, (590, 591), (50,), (1.25,), (50,), (1.25,))
('K.18 Musicalion', 'P1', 1, (618, 619), (52,), (1.25,), (52,), (1.25,))
('K.18 Musicalion', 'P1', 2, (9, 10), (3,), (1.25,), (3,), (1.25,))
('K.18 Musicalion', 'P1', 2, (21, 22), (4,), (1.25,), (4,), (1.25,))
('K.18 Musicalion', 'P1', 2, (38, 39), (7,), (1.25,), (7,), (1.25,))
('K.18 Musicalion', 'P1', 2, (50, 51), (8,), (1.25,), (8,), (1.25,))
('K.18 Musicalion', 'P1', 2, (62, 63), (13,), (1.25,), (13,), (1.25,))
('K.18 Musicalion', 'P1', 2, (74, 75), (14,), (1.25,), (14,), (1.25,))
('K.18 Musicalion', 'P1', 2, (89, 90), (26,), (1.25,), (26,), (1.25,))
('K.18 Musicalion', 'P1', 2, (118, 119), (28,), (1.25,), (28,), (1.25,))
('K.18 Musicalion', 'P1', 2, (159, 160), (41,), (1.25,), (41,), (1.25,))
('K.18 Musicalion', 'P1', 2, (171, 172), (42,), (1.25,), (42,), (1.25,))
('K.18 Musicalion', 'P1', 2, (183, 184), (43,), (1.25,), (43,), (1.25,))
('K.18 Musicalion', 'P1', 2, (195, 196), (44,), (1.25,), (44,), (1.25,))
('K.18 Musicalion', 'P1', 2, (198, 199), (51,), (1.25,), (51,), (1.25,))
('K.18 Musicalion', 'P1', 3, (184, 185), (21,), (1.25,), (21,), (1.25,))
('K.18 Musicalion', 'P1', 3, (244, 245), (29,), (1.25,), (29,), (1.25,))
('K.18 Musicalion', 'P1', 3, (450, 451), (53,), (1.25,), (53,), (1.25,))

71.    ((2,), (0.25,), (3,), (0.25,)):
('K.18 Musicalion', 'P1', 1, (1, 2), (1,), (3.25,), (1,), (3.25,))
('K.18 Musicalion', 'P1', 1, (75, 76), (8,), (3.25,), (8,), (3.25,))
('K.18 Musicalion', 'P1', 1, (106, 107), (10,), (3.25,), (10,), (3.25,))
('K.18 Musicalion', 'P1', 1, (137, 138), (12,), (3.25,), (12,), (3.25,))
('K.18 Musicalion', 'P1', 1, (239, 240), (22,), (3.25,), (22,), (3.25,))
('K.18 Musicalion', 'P1', 1, (255, 256), (23,), (3.25,), (23,), (3.25,))
('K.18 Musicalion', 'P1', 1, (287, 288), (25,), (3.25,), (25,), (3.25,))
('K.18 Musicalion', 'P1', 1, (321, 322), (29,), (3.25,), (29,), (3.25,))
('K.18 Musicalion', 'P1', 1, (337, 338), (30,), (3.25,), (30,), (3.25,))
('K.18 Musicalion', 'P1', 1, (353, 354), (31,), (3.25,), (31,), (3.25,))
('K.18 Musicalion', 'P1', 1, (389, 390), (34,), (3.25,), (34,), (3.25,))
('K.18 Musicalion', 'P1', 1, (405, 406), (35,), (3.25,), (35,), (3.25,))
('K.18 Musicalion', 'P1', 1, (421, 422), (36,), (3.25,), (36,), (3.25,))
('K.18 Musicalion', 'P1', 1, (582, 583), (50,), (3.25,), (50,), (3.25,))
('K.18 Musicalion', 'P1', 1, (598, 599), (51,), (3.25,), (51,), (3.25,))
('K.18 Musicalion', 'P1', 2, (3, 4), (2,), (3.25,), (2,), (3.25,))
('K.18 Musicalion', 'P1', 2, (15, 16), (3,), (3.25,), (3,), (3.25,))
('K.18 Musicalion', 'P1', 2, (27, 28), (4,), (3.25,), (4,), (3.25,))
('K.18 Musicalion', 'P1', 2, (32, 33), (6,), (3.25,), (6,), (3.25,))
('K.18 Musicalion', 'P1', 2, (44, 45), (7,), (3.25,), (7,), (3.25,))
('K.18 Musicalion', 'P1', 2, (68, 69), (13,), (3.25,), (13,), (3.25,))
('K.18 Musicalion', 'P1', 2, (80, 81), (14,), (3.25,), (14,), (3.25,))
('K.18 Musicalion', 'P1', 2, (97, 98), (26,), (3.25,), (26,), (3.25,))
('K.18 Musicalion', 'P1', 2, (150, 151), (37,), (3.25,), (37,), (3.25,))
('K.18 Musicalion', 'P1', 2, (153, 154), (39,), (3.25,), (39,), (3.25,))
('K.18 Musicalion', 'P1', 2, (165, 166), (41,), (3.25,), (41,), (3.25,))
('K.18 Musicalion', 'P1', 2, (177, 178), (42,), (3.25,), (42,), (3.25,))
('K.18 Musicalion', 'P1', 2, (189, 190), (43,), (3.25,), (43,), (3.25,))
('K.18 Musicalion', 'P1', 3, (192, 193), (21,), (3.25,), (21,), (3.25,))

72.    ((2,), (0.25,), (2,), (0.25,)):
('K.18 Musicalion', 'P1', 1, (87, 88), (9,), (2.25,), (9,), (2.25,))
('K.18 Musicalion', 'P1', 1, (102, 103), (10,), (2.25,), (10,), (2.25,))
('K.18 Musicalion', 'P1', 1, (118, 119), (11,), (2.25,), (11,), (2.25,))
('K.18 Musicalion', 'P1', 1, (133, 134), (12,), (2.25,), (12,), (2.25,))
('K.18 Musicalion', 'P1', 1, (267, 268), (24,), (2.25,), (24,), (2.25,))
('K.18 Musicalion', 'P1', 1, (317, 318), (29,), (2.25,), (29,), (2.25,))
('K.18 Musicalion', 'P1', 1, (333, 334), (30,), (2.25,), (30,), (2.25,))
('K.18 Musicalion', 'P1', 1, (349, 350), (31,), (2.25,), (31,), (2.25,))
('K.18 Musicalion', 'P1', 1, (385, 386), (34,), (2.25,), (34,), (2.25,))
('K.18 Musicalion', 'P1', 1, (401, 402), (35,), (2.25,), (35,), (2.25,))
('K.18 Musicalion', 'P1', 1, (417, 418), (36,), (2.25,), (36,), (2.25,))
('K.18 Musicalion', 'P1', 1, (448, 449), (38,), (2.25,), (38,), (2.25,))
('K.18 Musicalion', 'P1', 1, (479, 480), (40,), (2.25,), (40,), (2.25,))
('K.18 Musicalion', 'P1', 1, (546, 547), (48,), (2.25,), (48,), (2.25,))
('K.18 Musicalion', 'P1', 1, (562, 563), (49,), (2.25,), (49,), (2.25,))
('K.18 Musicalion', 'P1', 1, (578, 579), (50,), (2.25,), (50,), (2.25,))
('K.18 Musicalion', 'P1', 2, (93, 94), (26,), (2.25,), (26,), (2.25,))
('K.18 Musicalion', 'P1', 2, (109, 110), (27,), (2.25,), (27,), (2.25,))
('K.18 Musicalion', 'P1', 2, (126, 127), (32,), (2.25,), (32,), (2.25,))
('K.18 Musicalion', 'P1', 2, (138, 139), (33,), (2.25,), (33,), (2.25,))
('K.18 Musicalion', 'P1', 2, (162, 163), (41,), (2.25,), (41,), (2.25,))
('K.18 Musicalion', 'P1', 2, (174, 175), (42,), (2.25,), (42,), (2.25,))
('K.18 Musicalion', 'P1', 2, (186, 187), (43,), (2.25,), (43,), (2.25,))
('K.18 Musicalion', 'P1', 2, (211, 212), (53,), (2.25,), (53,), (2.25,))
('K.18 Musicalion', 'P1', 2, (216, 217), (54,), (2.25,), (54,), (2.25,))
('K.18 Musicalion', 'P1', 3, (188, 189), (21,), (2.25,), (21,), (2.25,))

73.    ((-2,), (0.25,), (3,), (0.5,)):
('K.18 Musicalion', 'P1', 1, (76, 77), (8,), (3.5,), (8,), (3.5,))
('K.18 Musicalion', 'P1', 1, (92, 93), (9,), (3.5,), (9,), (3.5,))
('K.18 Musicalion', 'P1', 1, (107, 108), (10,), (3.5,), (10,), (3.5,))
('K.18 Musicalion', 'P1', 1, (123, 124), (11,), (3.5,), (11,), (3.5,))
('K.18 Musicalion', 'P1', 1, (138, 139), (12,), (3.5,), (12,), (3.5,))
('K.18 Musicalion', 'P1', 1, (240, 241), (22,), (3.5,), (22,), (3.5,))
('K.18 Musicalion', 'P1', 1, (272, 273), (24,), (3.5,), (24,), (3.5,))
('K.18 Musicalion', 'P1', 1, (322, 323), (29,), (3.5,), (29,), (3.5,))
('K.18 Musicalion', 'P1', 1, (354, 355), (31,), (3.5,), (31,), (3.5,))
('K.18 Musicalion', 'P1', 1, (422, 423), (36,), (3.5,), (36,), (3.5,))
('K.18 Musicalion', 'P1', 1, (437, 438), (37,), (3.5,), (37,), (3.5,))
('K.18 Musicalion', 'P1', 1, (453, 454), (38,), (3.5,), (38,), (3.5,))
('K.18 Musicalion', 'P1', 1, (468, 469), (39,), (3.5,), (39,), (3.5,))
('K.18 Musicalion', 'P1', 1, (484, 485), (40,), (3.5,), (40,), (3.5,))
('K.18 Musicalion', 'P1', 1, (551, 552), (48,), (3.5,), (48,), (3.5,))
('K.18 Musicalion', 'P1', 1, (567, 568), (49,), (3.5,), (49,), (3.5,))
('K.18 Musicalion', 'P1', 1, (625, 626), (53,), (3.5,), (53,), (3.5,))
('K.18 Musicalion', 'P1', 1, (633, 634), (54,), (3.5,), (54,), (3.5,))
('K.18 Musicalion', 'P1', 2, (114, 115), (27,), (3.5,), (27,), (3.5,))
('K.18 Musicalion', 'P1', 3, (193, 194), (21,), (3.5,), (21,), (3.5,))

74.    ((2,), (0.25,), (4,), (0.25,)):
('K.18 Musicalion', 'P1', 1, (5, 6), (1,), (4.25,), (1,), (4.25,))
('K.18 Musicalion', 'P1', 1, (79, 80), (8,), (4.25,), (8,), (4.25,))
('K.18 Musicalion', 'P1', 1, (275, 276), (24,), (4.25,), (24,), (4.25,))
('K.18 Musicalion', 'P1', 1, (357, 358), (31,), (4.25,), (31,), (4.25,))
('K.18 Musicalion', 'P1', 1, (425, 426), (37,), (4.25,), (37,), (4.25,))
('K.18 Musicalion', 'P1', 1, (456, 457), (39,), (4.25,), (39,), (4.25,))
('K.18 Musicalion', 'P1', 1, (538, 539), (47,), (4.25,), (47,), (4.25,))
('K.18 Musicalion', 'P1', 1, (554, 555), (48,), (4.25,), (48,), (4.25,))
('K.18 Musicalion', 'P1', 2, (56, 57), (9,), (4.25,), (9,), (4.25,))
('K.18 Musicalion', 'P1', 2, (59, 60), (11,), (4.25,), (11,), (4.25,))
('K.18 Musicalion', 'P1', 2, (86, 87), (17,), (4.25,), (17,), (4.25,))
('K.18 Musicalion', 'P1', 2, (156, 157), (41,), (4.25,), (41,), (4.25,))
('K.18 Musicalion', 'P1', 2, (168, 169), (42,), (4.25,), (42,), (4.25,))
('K.18 Musicalion', 'P1', 2, (180, 181), (43,), (4.25,), (43,), (4.25,))
('K.18 Musicalion', 'P1', 2, (192, 193), (44,), (4.25,), (44,), (4.25,))

75.    ((2,), (0.25,), (4,), (0.75,)):
('K.18 Musicalion', 'P1', 1, (7, 8), (1,), (4.75,), (1,), (4.75,))
('K.18 Musicalion', 'P1', 1, (33, 34), (4,), (4.75,), (4,), (4.75,))
('K.18 Musicalion', 'P1', 1, (261, 262), (23,), (4.75,), (23,), (4.75,))
('K.18 Musicalion', 'P1', 1, (277, 278), (24,), (4.75,), (24,), (4.75,))
('K.18 Musicalion', 'P1', 1, (327, 328), (29,), (4.75,), (29,), (4.75,))
('K.18 Musicalion', 'P1', 1, (343, 344), (30,), (4.75,), (30,), (4.75,))
('K.18 Musicalion', 'P1', 1, (395, 396), (35,), (4.75,), (35,), (4.75,))
('K.18 Musicalion', 'P1', 1, (411, 412), (36,), (4.75,), (36,), (4.75,))
('K.18 Musicalion', 'P1', 1, (427, 428), (37,), (4.75,), (37,), (4.75,))
('K.18 Musicalion', 'P1', 1, (442, 443), (38,), (4.75,), (38,), (4.75,))
('K.18 Musicalion', 'P1', 1, (473, 474), (40,), (4.75,), (40,), (4.75,))
('K.18 Musicalion', 'P1', 1, (540, 541), (47,), (4.75,), (47,), (4.75,))
('K.18 Musicalion', 'P1', 1, (588, 589), (50,), (4.75,), (50,), (4.75,))
('K.18 Musicalion', 'P1', 1, (616, 617), (52,), (4.75,), (52,), (4.75,))
('K.18 Musicalion', 'P1', 2, (29, 30), (4,), (4.75,), (4,), (4.75,))

76.    ((-2,), (0.25,), (3,), (0.25,)):
('K.18 Musicalion', 'P1', 1, (43, 44), (5,), (3.25,), (5,), (3.25,))
('K.18 Musicalion', 'P1', 1, (169, 170), (15,), (3.25,), (15,), (3.25,))
('K.18 Musicalion', 'P1', 1, (271, 272), (24,), (3.25,), (24,), (3.25,))
('K.18 Musicalion', 'P1', 1, (624, 625), (53,), (3.25,), (53,), (3.25,))
('K.18 Musicalion', 'P1', 1, (632, 633), (54,), (3.25,), (54,), (3.25,))
('K.18 Musicalion', 'P1', 2, (113, 114), (27,), (3.25,), (27,), (3.25,))
('K.18 Musicalion', 'P1', 2, (129, 130), (32,), (3.25,), (32,), (3.25,))
('K.18 Musicalion', 'P1', 2, (141, 142), (33,), (3.25,), (33,), (3.25,))
('K.18 Musicalion', 'P1', 3, (144, 145), (18,), (3.25,), (18,), (3.25,))
('K.18 Musicalion', 'P1', 3, (160, 161), (19,), (3.25,), (19,), (3.25,))
('K.18 Musicalion', 'P1', 3, (176, 177), (20,), (3.25,), (20,), (3.25,))
('K.18 Musicalion', 'P1', 3, (359, 360), (44,), (3.25,), (44,), (3.25,))
('K.18 Musicalion', 'P1', 3, (367, 368), (45,), (3.25,), (45,), (3.25,))
('K.18 Musicalion', 'P1', 3, (383, 384), (46,), (3.25,), (46,), (3.25,))
('K.18 Musicalion', 'P1', 3, (399, 400), (47,), (3.25,), (47,), (3.25,))

77.    ((2,), (0.25,), (1,), (0.75,)):
('K.18 Musicalion', 'P1', 1, (53, 54), (6,), (1.75,), (6,), (1.75,))
('K.18 Musicalion', 'P1', 1, (85, 86), (9,), (1.75,), (9,), (1.75,))
('K.18 Musicalion', 'P1', 1, (100, 101), (10,), (1.75,), (10,), (1.75,))
('K.18 Musicalion', 'P1', 1, (131, 132), (12,), (1.75,), (12,), (1.75,))
('K.18 Musicalion', 'P1', 1, (179, 180), (16,), (1.75,), (16,), (1.75,))
('K.18 Musicalion', 'P1', 1, (265, 266), (24,), (1.75,), (24,), (1.75,))
('K.18 Musicalion', 'P1', 1, (281, 282), (25,), (1.75,), (25,), (1.75,))
('K.18 Musicalion', 'P1', 1, (347, 348), (31,), (1.75,), (31,), (1.75,))
('K.18 Musicalion', 'P1', 1, (592, 593), (50,), (1.75,), (50,), (1.75,))
('K.18 Musicalion', 'P1', 1, (620, 621), (52,), (1.75,), (52,), (1.75,))
('K.18 Musicalion', 'P1', 2, (91, 92), (26,), (1.75,), (26,), (1.75,))
('K.18 Musicalion', 'P1', 2, (120, 121), (28,), (1.75,), (28,), (1.75,))
('K.18 Musicalion', 'P1', 2, (200, 201), (51,), (1.75,), (51,), (1.75,))
('K.18 Musicalion', 'P1', 2, (209, 210), (52,), (1.75,), (52,), (1.75,))
('K.18 Musicalion', 'P1', 3, (186, 187), (21,), (1.75,), (21,), (1.75,))

78.    ((-2,), (0.25,), (2,), (0.25,)):
('K.18 Musicalion', 'P1', 1, (594, 595), (51,), (2.25,), (51,), (2.25,))
('K.18 Musicalion', 'P1', 2, (12, 13), (3,), (2.25,), (3,), (2.25,))
('K.18 Musicalion', 'P1', 2, (24, 25), (4,), (2.25,), (4,), (2.25,))
('K.18 Musicalion', 'P1', 2, (41, 42), (7,), (2.25,), (7,), (2.25,))
('K.18 Musicalion', 'P1', 2, (53, 54), (8,), (2.25,), (8,), (2.25,))
('K.18 Musicalion', 'P1', 2, (65, 66), (13,), (2.25,), (13,), (2.25,))
('K.18 Musicalion', 'P1', 2, (77, 78), (14,), (2.25,), (14,), (2.25,))
('K.18 Musicalion', 'P1', 2, (202, 203), (52,), (2.25,), (52,), (2.25,))
('K.18 Musicalion', 'P1', 3, (140, 141), (18,), (2.25,), (18,), (2.25,))
('K.18 Musicalion', 'P1', 3, (156, 157), (19,), (2.25,), (19,), (2.25,))
('K.18 Musicalion', 'P1', 3, (172, 173), (20,), (2.25,), (20,), (2.25,))
('K.18 Musicalion', 'P1', 3, (355, 356), (44,), (2.25,), (44,), (2.25,))
('K.18 Musicalion', 'P1', 3, (363, 364), (45,), (2.25,), (45,), (2.25,))
('K.18 Musicalion', 'P1', 3, (379, 380), (46,), (2.25,), (46,), (2.25,))
('K.18 Musicalion', 'P1', 3, (395, 396), (47,), (2.25,), (47,), (2.25,))

79.    ((-2,), (0.25,), (4,), (0.25,)):
('K.18 Musicalion', 'P1', 1, (586, 587), (50,), (4.25,), (50,), (4.25,))
('K.18 Musicalion', 'P1', 1, (602, 603), (51,), (4.25,), (51,), (4.25,))
('K.18 Musicalion', 'P1', 2, (6, 7), (2,), (4.25,), (2,), (4.25,))
('K.18 Musicalion', 'P1', 2, (18, 19), (3,), (4.25,), (3,), (4.25,))
('K.18 Musicalion', 'P1', 2, (35, 36), (6,), (4.25,), (6,), (4.25,))
('K.18 Musicalion', 'P1', 2, (47, 48), (7,), (4.25,), (7,), (4.25,))
('K.18 Musicalion', 'P1', 2, (71, 72), (13,), (4.25,), (13,), (4.25,))
('K.18 Musicalion', 'P1', 2, (83, 84), (14,), (4.25,), (14,), (4.25,))
('K.18 Musicalion', 'P1', 3, (148, 149), (18,), (4.25,), (18,), (4.25,))
('K.18 Musicalion', 'P1', 3, (164, 165), (19,), (4.25,), (19,), (4.25,))
('K.18 Musicalion', 'P1', 3, (180, 181), (20,), (4.25,), (20,), (4.25,))
('K.18 Musicalion', 'P1', 3, (234, 235), (27,), (4.25,), (27,), (4.25,))
('K.18 Musicalion', 'P1', 3, (371, 372), (45,), (4.25,), (45,), (4.25,))
('K.18 Musicalion', 'P1', 3, (387, 388), (46,), (4.25,), (46,), (4.25,))

80.    ((-2,), (0.5,), (2,), (0.5,)):
('K.18 Musicalion', 'P1', 1, (310, 311), (28,), (2.5,), (28,), (2.5,))
('K.18 Musicalion', 'P1', 2, (212, 213), (53,), (2.5,), (53,), (2.5,))
('K.18 Musicalion', 'P1', 2, (217, 218), (54,), (2.5,), (54,), (2.5,))
('K.18 Musicalion', 'P1', 3, (20, 21), (3,), (2.5,), (3,), (2.5,))
('K.18 Musicalion', 'P1', 3, (75, 76), (10,), (2.5,), (10,), (2.5,))
('K.18 Musicalion', 'P1', 3, (83, 84), (11,), (2.5,), (11,), (2.5,))
('K.18 Musicalion', 'P1', 3, (90, 91), (12,), (2.5,), (12,), (2.5,))
('K.18 Musicalion', 'P1', 3, (202, 203), (22,), (2.5,), (22,), (2.5,))
('K.18 Musicalion', 'P1', 3, (210, 211), (23,), (2.5,), (23,), (2.5,))
('K.18 Musicalion', 'P1', 3, (311, 312), (38,), (2.5,), (38,), (2.5,))
('K.18 Musicalion', 'P1', 3, (326, 327), (40,), (2.5,), (40,), (2.5,))
('K.18 Musicalion', 'P1', 3, (406, 407), (48,), (2.5,), (48,), (2.5,))
('K.18 Musicalion', 'P1', 3, (414, 415), (49,), (2.5,), (49,), (2.5,))
('K.18 Musicalion', 'P1', 4, (2, 3), (21,), (2.5,), (21,), (2.5,))

81.    ((-2,), (0.25,), (3,), (0.75,)):
('K.18 Musicalion', 'P1', 1, (13, 14), (2,), (3.75,), (2,), (3.75,))
('K.18 Musicalion', 'P1', 1, (21, 22), (3,), (3.75,), (3,), (3.75,))
('K.18 Musicalion', 'P1', 1, (29, 30), (4,), (3.75,), (4,), (3.75,))
('K.18 Musicalion', 'P1', 1, (59, 60), (6,), (3.75,), (6,), (3.75,))
('K.18 Musicalion', 'P1', 1, (67, 68), (7,), (3.75,), (7,), (3.75,))
('K.18 Musicalion', 'P1', 1, (149, 150), (13,), (3.75,), (13,), (3.75,))
('K.18 Musicalion', 'P1', 1, (157, 158), (14,), (3.75,), (14,), (3.75,))
('K.18 Musicalion', 'P1', 1, (438, 439), (37,), (3.75,), (37,), (3.75,))
('K.18 Musicalion', 'P1', 1, (469, 470), (39,), (3.75,), (39,), (3.75,))
('K.18 Musicalion', 'P1', 2, (115, 116), (27,), (3.75,), (27,), (3.75,))
('K.18 Musicalion', 'P1', 3, (146, 147), (18,), (3.75,), (18,), (3.75,))
('K.18 Musicalion', 'P1', 3, (162, 163), (19,), (3.75,), (19,), (3.75,))
('K.18 Musicalion', 'P1', 3, (178, 179), (20,), (3.75,), (20,), (3.75,))

82.    (((3, -2),), ((0.0, 0.5),), (2,), (0.5,)):
('K.18 Musicalion', 'P1', 1, (209, 210), (18,), (2.5,), (18,), (2.5,))
('K.18 Musicalion', 'P1', 1, (225, 226), (20,), (2.5,), (20,), (2.5,))
('K.18 Musicalion', 'P1', 1, (519, 520), (45,), (2.5,), (45,), (2.5,))
('K.18 Musicalion', 'P1', 1, (527, 528), (46,), (2.5,), (46,), (2.5,))
('K.18 Musicalion', 'P1', 1, (535, 536), (47,), (2.5,), (47,), (2.5,))
('K.18 Musicalion', 'P1', 2, (203, 204), (52,), (2.5,), (52,), (2.5,))
('K.18 Musicalion', 'P1', 3, (44, 45), (6,), (2.5,), (6,), (2.5,))
('K.18 Musicalion', 'P1', 3, (122, 123), (16,), (2.5,), (16,), (2.5,))
('K.18 Musicalion', 'P1', 3, (130, 131), (17,), (2.5,), (17,), (2.5,))
('K.18 Musicalion', 'P1', 3, (264, 265), (32,), (2.5,), (32,), (2.5,))
('K.18 Musicalion', 'P1', 3, (272, 273), (33,), (2.5,), (33,), (2.5,))
('K.18 Musicalion', 'P1', 3, (304, 305), (37,), (2.5,), (37,), (2.5,))
('K.18 Musicalion', 'P1', 3, (334, 335), (41,), (2.5,), (41,), (2.5,))

83.    ((-2,), (0.75,), (4,), (0.0,)):
('K.18 Musicalion', 'P1', 1, (14, 15), (2,), (4.0,), (2,), (4.0,))
('K.18 Musicalion', 'P1', 1, (22, 23), (3,), (4.0,), (3,), (4.0,))
('K.18 Musicalion', 'P1', 1, (60, 61), (6,), (4.0,), (6,), (4.0,))
('K.18 Musicalion', 'P1', 1, (68, 69), (7,), (4.0,), (7,), (4.0,))
('K.18 Musicalion', 'P1', 1, (150, 151), (13,), (4.0,), (13,), (4.0,))
('K.18 Musicalion', 'P1', 1, (158, 159), (14,), (4.0,), (14,), (4.0,))
('K.18 Musicalion', 'P1', 1, (204, 205), (17,), (4.0,), (17,), (4.0,))
('K.18 Musicalion', 'P1', 1, (486, 487), (41,), (4.0,), (41,), (4.0,))
('K.18 Musicalion', 'P1', 1, (494, 495), (42,), (4.0,), (42,), (4.0,))
('K.18 Musicalion', 'P1', 1, (502, 503), (43,), (4.0,), (43,), (4.0,))
('K.18 Musicalion', 'P1', 1, (510, 511), (44,), (4.0,), (44,), (4.0,))
('K.18 Musicalion', 'P1', 2, (206, 207), (52,), (4.0,), (52,), (4.0,))

84.    ((-2,), (0.25,), (1,), (0.25,)):
('K.18 Musicalion', 'P1', 1, (51, 52), (6,), (1.25,), (6,), (1.25,))
('K.18 Musicalion', 'P1', 1, (177, 178), (16,), (1.25,), (16,), (1.25,))
('K.18 Musicalion', 'P1', 1, (263, 264), (24,), (1.25,), (24,), (1.25,))
('K.18 Musicalion', 'P1', 1, (279, 280), (25,), (1.25,), (25,), (1.25,))
('K.18 Musicalion', 'P1', 2, (135, 136), (33,), (1.25,), (33,), (1.25,))
('K.18 Musicalion', 'P1', 2, (147, 148), (34,), (1.25,), (34,), (1.25,))
('K.18 Musicalion', 'P1', 3, (136, 137), (18,), (1.25,), (18,), (1.25,))
('K.18 Musicalion', 'P1', 3, (152, 153), (19,), (1.25,), (19,), (1.25,))
('K.18 Musicalion', 'P1', 3, (168, 169), (20,), (1.25,), (20,), (1.25,))
('K.18 Musicalion', 'P1', 3, (375, 376), (45,), (1.25,), (45,), (1.25,))
('K.18 Musicalion', 'P1', 3, (391, 392), (46,), (1.25,), (46,), (1.25,))

85.    ((-2,), (0.5,), (3,), (0.0,)):
('K.18 Musicalion', 'P1', 1, (298, 299), (26,), (3.0,), (26,), (3.0,))
('K.18 Musicalion', 'P1', 1, (436, 437), (37,), (3.0,), (37,), (3.0,))
('K.18 Musicalion', 'P1', 1, (467, 468), (39,), (3.0,), (39,), (3.0,))
('K.18 Musicalion', 'P1', 2, (204, 205), (52,), (3.0,), (52,), (3.0,))
('K.18 Musicalion', 'P1', 2, (213, 214), (53,), (3.0,), (53,), (3.0,))
('K.18 Musicalion', 'P1', 2, (218, 219), (54,), (3.0,), (54,), (3.0,))
('K.18 Musicalion', 'P1', 3, (250, 251), (30,), (3.0,), (30,), (3.0,))
('K.18 Musicalion', 'P1', 3, (312, 313), (38,), (3.0,), (38,), (3.0,))
('K.18 Musicalion', 'P1', 3, (327, 328), (40,), (3.0,), (40,), (3.0,))
('K.18 Musicalion', 'P1', 3, (407, 408), (48,), (3.0,), (48,), (3.0,))
('K.18 Musicalion', 'P1', 3, (415, 416), (49,), (3.0,), (49,), (3.0,))

86.    ((2,), (0.5,), (2,), (0.5,)):
('K.18 Musicalion', 'P1', 1, (305, 306), (27,), (2.5,), (27,), (2.5,))
('K.18 Musicalion', 'P1', 2, (42, 43), (7,), (2.5,), (7,), (2.5,))
('K.18 Musicalion', 'P1', 2, (66, 67), (13,), (2.5,), (13,), (2.5,))
('K.18 Musicalion', 'P1', 2, (78, 79), (14,), (2.5,), (14,), (2.5,))
('K.18 Musicalion', 'P1', 3, (28, 29), (4,), (2.5,), (4,), (2.5,))
('K.18 Musicalion', 'P1', 3, (217, 218), (24,), (2.5,), (24,), (2.5,))
('K.18 Musicalion', 'P1', 3, (249, 250), (30,), (2.5,), (30,), (2.5,))
('K.18 Musicalion', 'P1', 3, (429, 430), (51,), (2.5,), (51,), (2.5,))
('K.18 Musicalion', 'P1', 3, (437, 438), (52,), (2.5,), (52,), (2.5,))
('K.18 Musicalion', 'P1', 3, (445, 446), (53,), (2.5,), (53,), (2.5,))
('K.18 Musicalion', 'P1', 3, (454, 455), (54,), (2.5,), (54,), (2.5,))

87.    ((-2,), (0.25,), (2,), (0.75,)):
('K.18 Musicalion', 'P1', 1, (369, 370), (32,), (2.75,), (32,), (2.75,))
('K.18 Musicalion', 'P1', 1, (377, 378), (33,), (2.75,), (33,), (2.75,))
('K.18 Musicalion', 'P1', 1, (491, 492), (41,), (2.75,), (41,), (2.75,))
('K.18 Musicalion', 'P1', 1, (499, 500), (42,), (2.75,), (42,), (2.75,))
('K.18 Musicalion', 'P1', 1, (507, 508), (43,), (2.75,), (43,), (2.75,))
('K.18 Musicalion', 'P1', 1, (622, 623), (53,), (2.75,), (53,), (2.75,))
('K.18 Musicalion', 'P1', 1, (630, 631), (54,), (2.75,), (54,), (2.75,))
('K.18 Musicalion', 'P1', 3, (357, 358), (44,), (2.75,), (44,), (2.75,))
('K.18 Musicalion', 'P1', 3, (365, 366), (45,), (2.75,), (45,), (2.75,))
('K.18 Musicalion', 'P1', 3, (381, 382), (46,), (2.75,), (46,), (2.75,))
('K.18 Musicalion', 'P1', 3, (397, 398), (47,), (2.75,), (47,), (2.75,))

88.    ((-2,), (0.25,), (1,), (0.75,)):
('K.18 Musicalion', 'P1', 1, (17, 18), (3,), (1.75,), (3,), (1.75,))
('K.18 Musicalion', 'P1', 1, (25, 26), (4,), (1.75,), (4,), (1.75,))
('K.18 Musicalion', 'P1', 1, (63, 64), (7,), (1.75,), (7,), (1.75,))
('K.18 Musicalion', 'P1', 1, (71, 72), (8,), (1.75,), (8,), (1.75,))
('K.18 Musicalion', 'P1', 1, (145, 146), (13,), (1.75,), (13,), (1.75,))
('K.18 Musicalion', 'P1', 1, (153, 154), (14,), (1.75,), (14,), (1.75,))
('K.18 Musicalion', 'P1', 1, (513, 514), (44,), (1.75,), (44,), (1.75,))
('K.18 Musicalion', 'P1', 3, (138, 139), (18,), (1.75,), (18,), (1.75,))
('K.18 Musicalion', 'P1', 3, (154, 155), (19,), (1.75,), (19,), (1.75,))
('K.18 Musicalion', 'P1', 3, (170, 171), (20,), (1.75,), (20,), (1.75,))

89.    ((-2,), (0.25,), (4,), (0.75,)):
('K.18 Musicalion', 'P1', 1, (96, 97), (9,), (4.75,), (9,), (4.75,))
('K.18 Musicalion', 'P1', 1, (127, 128), (11,), (4.75,), (11,), (4.75,))
('K.18 Musicalion', 'P1', 1, (373, 374), (33,), (4.75,), (33,), (4.75,))
('K.18 Musicalion', 'P1', 1, (381, 382), (34,), (4.75,), (34,), (4.75,))
('K.18 Musicalion', 'P1', 1, (487, 488), (41,), (4.75,), (41,), (4.75,))
('K.18 Musicalion', 'P1', 1, (495, 496), (42,), (4.75,), (42,), (4.75,))
('K.18 Musicalion', 'P1', 1, (503, 504), (43,), (4.75,), (43,), (4.75,))
('K.18 Musicalion', 'P1', 1, (511, 512), (44,), (4.75,), (44,), (4.75,))
('K.18 Musicalion', 'P1', 3, (373, 374), (45,), (4.75,), (45,), (4.75,))
('K.18 Musicalion', 'P1', 3, (389, 390), (46,), (4.75,), (46,), (4.75,))

90.    ((3,), (0.25,), (2,), (0.25,)):
('K.18 Musicalion', 'P1', 1, (39, 40), (5,), (2.25,), (5,), (2.25,))
('K.18 Musicalion', 'P1', 1, (55, 56), (6,), (2.25,), (6,), (2.25,))
('K.18 Musicalion', 'P1', 1, (165, 166), (15,), (2.25,), (15,), (2.25,))
('K.18 Musicalion', 'P1', 1, (181, 182), (16,), (2.25,), (16,), (2.25,))
('K.18 Musicalion', 'P1', 1, (235, 236), (22,), (2.25,), (22,), (2.25,))
('K.18 Musicalion', 'P1', 1, (251, 252), (23,), (2.25,), (23,), (2.25,))
('K.18 Musicalion', 'P1', 1, (433, 434), (37,), (2.25,), (37,), (2.25,))
('K.18 Musicalion', 'P1', 1, (464, 465), (39,), (2.25,), (39,), (2.25,))
('K.18 Musicalion', 'P1', 2, (122, 123), (28,), (2.25,), (28,), (2.25,))

91.    ((3,), (0.25,), (4,), (0.75,)):
('K.18 Musicalion', 'P1', 1, (81, 82), (8,), (4.75,), (8,), (4.75,))
('K.18 Musicalion', 'P1', 1, (112, 113), (10,), (4.75,), (10,), (4.75,))
('K.18 Musicalion', 'P1', 1, (143, 144), (12,), (4.75,), (12,), (4.75,))
('K.18 Musicalion', 'P1', 1, (245, 246), (22,), (4.75,), (22,), (4.75,))
('K.18 Musicalion', 'P1', 1, (363, 364), (32,), (4.75,), (32,), (4.75,))
('K.18 Musicalion', 'P1', 1, (458, 459), (39,), (4.75,), (39,), (4.75,))
('K.18 Musicalion', 'P1', 1, (556, 557), (48,), (4.75,), (48,), (4.75,))
('K.18 Musicalion', 'P1', 1, (572, 573), (49,), (4.75,), (49,), (4.75,))
('K.18 Musicalion', 'P1', 3, (182, 183), (20,), (4.75,), (20,), (4.75,))

92.    ((2,), (0.5,), (3,), (0.5,)):
('K.18 Musicalion', 'P1', 2, (205, 206), (52,), (3.5,), (52,), (3.5,))
('K.18 Musicalion', 'P1', 3, (30, 31), (4,), (3.5,), (4,), (3.5,))
('K.18 Musicalion', 'P1', 3, (85, 86), (11,), (3.5,), (11,), (3.5,))
('K.18 Musicalion', 'P1', 3, (219, 220), (24,), (3.5,), (24,), (3.5,))
('K.18 Musicalion', 'P1', 3, (306, 307), (37,), (3.5,), (37,), (3.5,))
('K.18 Musicalion', 'P1', 3, (321, 322), (39,), (3.5,), (39,), (3.5,))
('K.18 Musicalion', 'P1', 3, (423, 424), (50,), (3.5,), (50,), (3.5,))
('K.18 Musicalion', 'P1', 3, (431, 432), (51,), (3.5,), (51,), (3.5,))

93.    ((-5,), (0.25,), (4,), (0.0,)):
('K.18 Musicalion', 'P1', 1, (188, 189), (16,), (4.0,), (16,), (4.0,))
('K.18 Musicalion', 'P1', 2, (34, 35), (6,), (4.0,), (6,), (4.0,))
('K.18 Musicalion', 'P1', 2, (46, 47), (7,), (4.0,), (7,), (4.0,))
('K.18 Musicalion', 'P1', 2, (70, 71), (13,), (4.0,), (13,), (4.0,))
('K.18 Musicalion', 'P1', 2, (82, 83), (14,), (4.0,), (14,), (4.0,))
('K.18 Musicalion', 'P1', 2, (85, 86), (17,), (4.0,), (17,), (4.0,))

94.    ((2,), (0.25,), (3,), (0.0,)):
('K.18 Musicalion', 'P1', 1, (597, 598), (51,), (3.0,), (51,), (3.0,))
('K.18 Musicalion', 'P1', 2, (112, 113), (27,), (3.0,), (27,), (3.0,))
('K.18 Musicalion', 'P1', 3, (358, 359), (44,), (3.0,), (44,), (3.0,))
('K.18 Musicalion', 'P1', 3, (366, 367), (45,), (3.0,), (45,), (3.0,))
('K.18 Musicalion', 'P1', 3, (382, 383), (46,), (3.0,), (46,), (3.0,))
('K.18 Musicalion', 'P1', 3, (398, 399), (47,), (3.0,), (47,), (3.0,))

95.    (((3, 2),), ((0.0, 0.5),), (3,), (0.0,)):
('K.18 Musicalion', 'P1', 1, (516, 517), (44,), (3.0,), (44,), (3.0,))
('K.18 Musicalion', 'P1', 1, (520, 521), (45,), (3.0,), (45,), (3.0,))
('K.18 Musicalion', 'P1', 1, (536, 537), (47,), (3.0,), (47,), (3.0,))
('K.18 Musicalion', 'P1', 3, (53, 54), (7,), (3.0,), (7,), (3.0,))
('K.18 Musicalion', 'P1', 3, (99, 100), (13,), (3.0,), (13,), (3.0,))
('K.18 Musicalion', 'P1', 3, (107, 108), (14,), (3.0,), (14,), (3.0,))

96.    ((-5,), (0.25,), (3,), (0.0,)):
('K.18 Musicalion', 'P1', 1, (184, 185), (16,), (3.0,), (16,), (3.0,))
('K.18 Musicalion', 'P1', 1, (200, 201), (17,), (3.0,), (17,), (3.0,))
('K.18 Musicalion', 'P1', 2, (164, 165), (41,), (3.0,), (41,), (3.0,))
('K.18 Musicalion', 'P1', 2, (176, 177), (42,), (3.0,), (42,), (3.0,))
('K.18 Musicalion', 'P1', 2, (188, 189), (43,), (3.0,), (43,), (3.0,))

97.    ((2,), (0.5,), (1,), (0.5,)):
('K.18 Musicalion', 'P1', 1, (303, 304), (27,), (1.5,), (27,), (1.5,))
('K.18 Musicalion', 'P1', 2, (136, 137), (33,), (1.5,), (33,), (1.5,))
('K.18 Musicalion', 'P1', 3, (215, 216), (24,), (1.5,), (24,), (1.5,))
('K.18 Musicalion', 'P1', 3, (223, 224), (25,), (1.5,), (25,), (1.5,))
('K.18 Musicalion', 'P1', 3, (427, 428), (50,), (1.5,), (50,), (1.5,))

98.    ((4,), (0.5,), (4,), (0.5,)):
('K.18 Musicalion', 'P1', 2, (157, 158), (41,), (4.5,), (41,), (4.5,))
('K.18 Musicalion', 'P1', 2, (169, 170), (42,), (4.5,), (42,), (4.5,))
('K.18 Musicalion', 'P1', 2, (181, 182), (43,), (4.5,), (43,), (4.5,))
('K.18 Musicalion', 'P1', 2, (193, 194), (44,), (4.5,), (44,), (4.5,))
('K.18 Musicalion', 'P1', 3, (32, 33), (4,), (4.5,), (4,), (4.5,))

99.    ((4,), (0.25,), (2,), (0.75,)):
('K.18 Musicalion', 'P1', 1, (19, 20), (3,), (2.75,), (3,), (2.75,))
('K.18 Musicalion', 'P1', 1, (73, 74), (8,), (2.75,), (8,), (2.75,))
('K.18 Musicalion', 'P1', 1, (199, 200), (17,), (2.75,), (17,), (2.75,))
('K.18 Musicalion', 'P1', 2, (95, 96), (26,), (2.75,), (26,), (2.75,))

100.    (((3, 2),), ((0.0, 0.5),), (2,), (0.5,)):
('K.18 Musicalion', 'P1', 1, (217, 218), (19,), (2.5,), (19,), (2.5,))
('K.18 Musicalion', 'P1', 1, (515, 516), (44,), (2.5,), (44,), (2.5,))
('K.18 Musicalion', 'P1', 3, (68, 69), (9,), (2.5,), (9,), (2.5,))
('K.18 Musicalion', 'P1', 3, (319, 320), (39,), (2.5,), (39,), (2.5,))

101.    ((3,), (0.25,), (1,), (0.25,)):
('K.18 Musicalion', 'P1', 1, (247, 248), (23,), (1.25,), (23,), (1.25,))
('K.18 Musicalion', 'P1', 1, (558, 559), (48,), (1.25,), (48,), (1.25,))
('K.18 Musicalion', 'P1', 1, (574, 575), (49,), (1.25,), (49,), (1.25,))
('K.18 Musicalion', 'P1', 3, (1, 2), (1,), (1.25,), (1,), (1.25,))

102.    ((2,), (0.25,), (2,), (0.0,)):
('K.18 Musicalion', 'P1', 1, (266, 267), (24,), (2.0,), (24,), (2.0,))
('K.18 Musicalion', 'P1', 3, (139, 140), (18,), (2.0,), (18,), (2.0,))
('K.18 Musicalion', 'P1', 3, (155, 156), (19,), (2.0,), (19,), (2.0,))
('K.18 Musicalion', 'P1', 3, (171, 172), (20,), (2.0,), (20,), (2.0,))

103.    ((2,), (0.25,), (4,), (0.0,)):
('K.18 Musicalion', 'P1', 1, (274, 275), (24,), (4.0,), (24,), (4.0,))
('K.18 Musicalion', 'P1', 3, (147, 148), (18,), (4.0,), (18,), (4.0,))
('K.18 Musicalion', 'P1', 3, (163, 164), (19,), (4.0,), (19,), (4.0,))
('K.18 Musicalion', 'P1', 3, (179, 180), (20,), (4.0,), (20,), (4.0,))

104.    ((1,), (0.5,), (2,), (0.0,)):
('K.18 Musicalion', 'P1', 1, (304, 305), (27,), (2.0,), (27,), (2.0,))
('K.18 Musicalion', 'P1', 3, (279, 280), (34,), (2.0,), (34,), (2.0,))
('K.18 Musicalion', 'P1', 3, (287, 288), (35,), (2.0,), (35,), (2.0,))
('K.18 Musicalion', 'P1', 3, (295, 296), (36,), (2.0,), (36,), (2.0,))

105.    ((2,), (0.5,), (1,), (0.0,)):
('K.18 Musicalion', 'P1', 1, (302, 303), (27,), (1.0,), (27,), (1.0,))
('K.18 Musicalion', 'P1', 3, (49, 50), (7,), (1.0,), (7,), (1.0,))
('K.18 Musicalion', 'P1', 3, (57, 58), (8,), (1.0,), (8,), (1.0,))

106.    ((8,), (0.5,), (1,), (0.0,)):
('K.18 Musicalion', 'P1', 3, (33, 34), (5,), (1.0,), (5,), (1.0,))
('K.18 Musicalion', 'P1', 3, (111, 112), (15,), (1.0,), (15,), (1.0,))
('K.18 Musicalion', 'P1', 3, (442, 443), (52,), (1.0,), (52,), (1.0,))

107.    ((8,), (0.5,), (3,), (0.0,)):
('K.18 Musicalion', 'P1', 3, (61, 62), (8,), (3.0,), (8,), (3.0,))
('K.18 Musicalion', 'P1', 3, (211, 212), (23,), (3.0,), (23,), (3.0,))
('K.18 Musicalion', 'P1', 3, (430, 431), (51,), (3.0,), (51,), (3.0,))

108.    ((-8,), (0.5,), (1,), (0.0,)):
('K.18 Musicalion', 'P1', 3, (426, 427), (50,), (1.0,), (50,), (1.0,))
('K.18 Musicalion', 'P1', 3, (434, 435), (51,), (1.0,), (51,), (1.0,))
('K.18 Musicalion', 'P1', 4, (9, 10), (44,), (1.0,), (44,), (1.0,))

109.    ((4,), (0.25,), (1,), (0.75,)):
('K.18 Musicalion', 'P1', 1, (195, 196), (17,), (1.75,), (17,), (1.75,))
('K.18 Musicalion', 'P1', 1, (383, 384), (34,), (1.75,), (34,), (1.75,))

110.    ((4,), (0.25,), (3,), (0.0,)):
('K.18 Musicalion', 'P1', 1, (270, 271), (24,), (3.0,), (24,), (3.0,))
('K.18 Musicalion', 'P1', 1, (609, 610), (52,), (3.0,), (52,), (3.0,))

111.    ((-4,), (0.25,), (3,), (0.0,)):
('K.18 Musicalion', 'P1', 1, (286, 287), (25,), (3.0,), (25,), (3.0,))
('K.18 Musicalion', 'P1', 1, (311, 312), (28,), (3.0,), (28,), (3.0,))

112.    ((5,), (0.25,), (1,), (0.75,)):
('K.18 Musicalion', 'P1', 1, (9, 10), (2,), (1.75,), (2,), (1.75,))
('K.18 Musicalion', 'P1', 2, (107, 108), (27,), (1.75,), (27,), (1.75,))

113.    ((4,), (0.25,), (1,), (0.25,)):
('K.18 Musicalion', 'P1', 1, (193, 194), (17,), (1.25,), (17,), (1.25,))
('K.18 Musicalion', 'P1', 2, (105, 106), (27,), (1.25,), (27,), (1.25,))

114.    ((-3,), (0.25,), (1,), (0.0,)):
('K.18 Musicalion', 'P1', 1, (364, 365), (32,), (1.0,), (32,), (1.0,))
('K.18 Musicalion', 'P1', 2, (104, 105), (27,), (1.0,), (27,), (1.0,))

115.    ((4,), (0.25,), (2,), (0.25,)):
('K.18 Musicalion', 'P1', 1, (197, 198), (17,), (2.25,), (17,), (2.25,))
('K.18 Musicalion', 'P1', 3, (4, 5), (1,), (2.25,), (1,), (2.25,))

116.    ((-2,), (0.5,), (1,), (0.0,)):
('K.18 Musicalion', 'P1', 1, (307, 308), (28,), (1.0,), (28,), (1.0,))
('K.18 Musicalion', 'P1', 3, (269, 270), (33,), (1.0,), (33,), (1.0,))

117.    ((4,), (0.5,), (3,), (0.5,)):
('K.18 Musicalion', 'P1', 2, (178, 179), (42,), (3.5,), (42,), (3.5,))
('K.18 Musicalion', 'P1', 3, (439, 440), (52,), (3.5,), (52,), (3.5,))

118.    ((15,), (0.25,), (1,), (0.0,)):
('K.18 Musicalion', 'P1', 3, (0, 1), (1,), (1.0,), (1,), (1.0,))
('K.18 Musicalion', 'P1', 3, (243, 244), (29,), (1.0,), (29,), (1.0,))

119.    ((-7,), (0.5,), (2,), (0.5,)):
('K.18 Musicalion', 'P1', 3, (12, 13), (2,), (2.5,), (2,), (2.5,))
('K.18 Musicalion', 'P1', 3, (52, 53), (7,), (2.5,), (7,), (2.5,))

120.    ((1,), (0.5,), (4,), (0.0,)):
('K.18 Musicalion', 'P1', 3, (63, 64), (8,), (4.0,), (8,), (4.0,))
('K.18 Musicalion', 'P1', 3, (259, 260), (32,), (4.0,), (32,), (4.0,))

121.    ((2,), (0.5,), (4,), (0.5,)):
('K.18 Musicalion', 'P1', 3, (94, 95), (12,), (4.5,), (12,), (4.5,))
('K.18 Musicalion', 'P1', 3, (441, 442), (52,), (4.5,), (52,), (4.5,))

122.    ((-8,), (0.25,), (4,), (0.75,)):
('K.18 Musicalion', 'P1', 3, (198, 199), (21,), (4.75,), (21,), (4.75,))
('K.18 Musicalion', 'P1', 3, (242, 243), (28,), (4.75,), (28,), (4.75,))

123.    ((-5,), (0.5,), (2,), (0.5,)):
('K.18 Musicalion', 'P1', 3, (225, 226), (25,), (2.5,), (25,), (2.5,))
('K.18 Musicalion', 'P1', 3, (257, 258), (31,), (2.5,), (31,), (2.5,))

124.    ((1,), (2.0,), (3,), (0.0,)):
('K.18 Musicalion', 'P1', 3, (226, 227), (25,), (3.0,), (25,), (3.0,))
('K.18 Musicalion', 'P1', 3, (247, 248), (29,), (3.0,), (29,), (3.0,))

125.    (((4, -2),), ((0.0, 0.5),), (1,), (0.5,)):
('K.18 Musicalion', 'P1', 3, (255, 256), (31,), (1.5,), (31,), (1.5,))
('K.18 Musicalion', 'P1', 3, (348, 349), (43,), (1.5,), (43,), (1.5,))

126.    ((-3,), (0.5,), (2,), (0.0,)):
('K.18 Musicalion', 'P1', 3, (256, 257), (31,), (2.0,), (31,), (2.0,))
('K.18 Musicalion', 'P1', 3, (428, 429), (51,), (2.0,), (51,), (2.0,))

