1 .    ('nomes', 'K.323 Musescore') 

2 .    ('quantidade', 1) 

3 .    ('analise', 'sequÍncias IntDiaDurPcompasso sem contidos e intercalados') 

1 .    (((3, -3, -2, 3, -3, -2, 3, -3, -2, 3, -3, -2, 3, -3, -2), (1.0, 1.0, 1.0, 1.0, 1.0, 1.0, 1.0, 1.0, 1.0, 1.0, 1.0, 1.0, 1.0, 1.0, 1.0), (4.0, 5.0, 6.0, 1.0, 2.0, 3.0, 4.0, 5.0, 6.0, 1.0, 2.0, 3.0, 4.0, 5.0, 6.0)), [[('K.323 Musescore', 'P1', 2, (23, 38), (6, 4.0), (8, 6.0)), ('K.323 Musescore', 'P1', 2, (39, 54), (9, 4.0), (11, 6.0))], [('K.323 Musescore', 'P1', 2, (57, 72), (13, 4.0), (15, 6.0)), ('K.323 Musescore', 'P1', 2, (73, 88), (16, 4.0), (18, 6.0))]]) 

2 .    (((3, -3, -2, 3, -3, -2, 3, -3, -2), (1.0, 1.0, 1.0, 1.0, 1.0, 1.0, 1.0, 1.0, 1.0), (4.0, 5.0, 6.0, 1.0, 2.0, 3.0, 4.0, 5.0, 6.0)), [[('K.323 Musescore', 'P1', 2, (117, 126), (33, 4.0), (34, 6.0)), ('K.323 Musescore', 'P1', 2, (127, 136), (35, 4.0), (36, 6.0))]]) 

3 .    (((-2, 2, -2, 2, -2, -3, 2, 2, -5), (3.0, 3.0, 3.0, 3.0, 3.0, 3.0, 3.0, 3.0, 3.0), (4.0, 1.0, 4.0, 1.0, 4.0, 1.0, 4.0, 1.0, 4.0)), [[('K.323 Musescore', 'P1', 2, (93, 102), (21, 4.0), (25, 4.0)), ('K.323 Musescore', 'P1', 2, (103, 112), (26, 4.0), (30, 4.0))], [('K.323 Musescore', 'P1', 2, (161, 170), (45, 4.0), (49, 4.0)), ('K.323 Musescore', 'P1', 2, (171, 180), (50, 4.0), (54, 4.0))]]) 

4 .    (((3, -3, -2, 3, -3), (1.0, 1.0, 1.0, 1.0, 1.0), (1.0, 2.0, 3.0, 4.0, 5.0)), [[('K.323 Musescore', 'P1', 2, (148, 153), (43, 1.0), (43, 5.0)), ('K.323 Musescore', 'P1', 2, (154, 159), (44, 1.0), (44, 5.0))]]) 

5 .    (((-3, -3, 2, 3), (1.0, 1.0, 2.0, 1.0), (4.0, 5.0, 6.0, 2.0)), [[('K.323 Musescore', 'P1', 1, (77, 81), (21, 4.0), (22, 2.0)), ('K.323 Musescore', 'P1', 1, (82, 86), (22, 4.0), (23, 2.0))], [('K.323 Musescore', 'P1', 1, (105, 109), (26, 4.0), (27, 2.0)), ('K.323 Musescore', 'P1', 1, (110, 114), (27, 4.0), (28, 2.0))], [('K.323 Musescore', 'P1', 1, (195, 199), (45, 4.0), (46, 2.0)), ('K.323 Musescore', 'P1', 1, (200, 204), (46, 4.0), (47, 2.0))], [('K.323 Musescore', 'P1', 1, (222, 226), (50, 4.0), (51, 2.0)), ('K.323 Musescore', 'P1', 1, (227, 231), (51, 4.0), (52, 2.0))]]) 

6 .    (((3, 2, -3, -3), (1.0, 1.0, 1.0, 1.0), (2.0, 3.0, 4.0, 5.0)), [[('K.323 Musescore', 'P1', 1, (75, 79), (21, 2.0), (21, 5.0)), ('K.323 Musescore', 'P1', 1, (80, 84), (22, 2.0), (22, 5.0))]]) 

7 .    (((2, -3, -3, 2), (1.0, 1.0, 1.0, 2.0), (3.0, 4.0, 5.0, 6.0)), [[('K.323 Musescore', 'P1', 1, (104, 108), (26, 3.0), (26, 6.0)), ('K.323 Musescore', 'P1', 1, (109, 113), (27, 3.0), (27, 6.0))]]) 

