1.    nomes:
K.12 Musicalion

2.    quantidade:
1

3.    analise:
[('intDia', 'p1p2'), ('duracao', 'p1p2'), ('Ntempo', 'p1p2'), ('Ptempo', 'p1p2')] SemContInte Distancia: 0

1.    ((-3, 3, -4, 4, -5, 5, -6, 6, -3, 3, -4, 4, -5, 5, -6, 6, -3, 3, -4, 4, -5, 5, -6, 6, -6, 6, -7), (0.25, 0.25, 0.25, 0.25, 0.25, 0.25, 0.25, 0.25, 0.25, 0.25, 0.25, 0.25, 0.25, 0.25, 0.25, 0.25, 0.25, 0.25, 0.25, 0.25, 0.25, 0.25, 0.25, 0.25, 0.25, 0.25, 0.25), (1, 1, 1, 2, 2, 2, 2, 3, 3, 3, 3, 4, 4, 4, 4, 1, 1, 1, 1, 2, 2, 2, 2, 3, 3, 3, 3), (0.25, 0.5, 0.75, 0.0, 0.25, 0.5, 0.75, 0.0, 0.25, 0.5, 0.75, 0.0, 0.25, 0.5, 0.75, 0.0, 0.25, 0.5, 0.75, 0.0, 0.25, 0.5, 0.75, 0.0, 0.25, 0.5, 0.75)):
('K.12 Musicalion', 'P1', 3, (234, 261), (29,), (1.25,), (31,), (3.75,))
('K.12 Musicalion', 'P1', 3, (377, 404), (42,), (1.25,), (43,), (3.75,))

2.    ((-8, 3, -2, -2, 8, -8, 3, -2, -2, 8, -8, 3, -2, -2, 8, -8, 3, -2, -2, 8, -8, 3, -2, -2, 8), (0.25, 1.0, 0.25, 0.25, 0.25, 0.25, 1.0, 0.25, 0.25, 0.25, 0.25, 1.0, 0.25, 0.25, 0.25, 0.25, 1.0, 0.25, 0.25, 0.25, 0.25, 1.0, 0.25, 0.25, 0.25), (1, 2, 3, 3, 3, 3, 4, 1, 1, 1, 1, 2, 3, 3, 3, 3, 4, 1, 1, 1, 1, 2, 3, 3, 3), (0.75, 0.0, 0.0, 0.25, 0.5, 0.75, 0.0, 0.0, 0.25, 0.5, 0.75, 0.0, 0.0, 0.25, 0.5, 0.75, 0.0, 0.0, 0.25, 0.5, 0.75, 0.0, 0.0, 0.25, 0.5)):
('K.12 Musicalion', 'P1', 1, (118, 143), (9,), (1.75,), (11,), (3.5,))
('K.12 Musicalion', 'P1', 1, (423, 448), (37,), (1.75,), (40,), (3.5,))

3.    ((-2, 2, 3, -3, -2, 2, 3, -3, -2, 2, 3, -3, -2, 2, 3, -3, -6, (6, 1), (6, 2)), (0.25, 0.25, 0.25, 0.25, 0.25, 0.25, 0.25, 0.25, 0.25, 0.25, 0.25, 0.25, 0.25, 0.25, 0.25, 0.25, 0.5, (0.0, 0.5), (0.0, 0.5)), (1, 1, 1, 1, 2, 2, 2, 2, 3, 3, 3, 3, 4, 4, 4, 4, 1, 1, 2), (0.0, 0.25, 0.5, 0.75, 0.0, 0.25, 0.5, 0.75, 0.0, 0.25, 0.5, 0.75, 0.0, 0.25, 0.5, 0.75, 0.0, 0.5, 0.0)):
('K.12 Musicalion', 'P1', 1, (161, 180), (13,), (1.0,), (14,), (2.0,))
('K.12 Musicalion', 'P1', 1, (453, 472), (40,), (1.0,), (41,), (2.0,))

4.    ((6, -7, 6, -7, 8, -4, 5, -7, 6, -7, 6, -7, 8, -4), (0.25, 0.25, 0.25, 0.25, 0.25, 0.25, 0.25, 0.25, 0.25, 0.25, 0.25, 0.25, 0.25, 0.25), (1, 1, 2, 2, 2, 2, 3, 3, 3, 3, 4, 4, 4, 4), (0.5, 0.75, 0.0, 0.25, 0.5, 0.75, 0.0, 0.25, 0.5, 0.75, 0.0, 0.25, 0.5, 0.75)):
('K.12 Musicalion', 'P1', 3, (141, 155), (17,), (1.5,), (17,), (4.75,))
('K.12 Musicalion', 'P1', 3, (410, 424), (44,), (1.5,), (44,), (4.75,))

5.    (((4, -3), (6, 1), (6, 2), (5, 2), (4, -3), (8, 1), (8, 2), (7, 2), (6, -3), (8, 1), (8, 2), (7, 2)), ((0.0, 0.5), (0.0, 0.5), (0.0, 0.5), (0.0, 0.5), (0.0, 0.5), (0.0, 0.5), (0.0, 0.5), (0.0, 0.5), (0.0, 0.5), (0.0, 0.5), (0.0, 0.5), (0.0, 0.5)), (1, 1, 2, 2, 3, 3, 4, 4, 1, 1, 2, 2), (0.0, 0.5, 0.0, 0.5, 0.0, 0.5, 0.0, 0.5, 0.0, 0.5, 0.0, 0.5)):
('K.12 Musicalion', 'P1', 1, (185, 197), (15,), (1.0,), (16,), (2.5,))
('K.12 Musicalion', 'P1', 1, (473, 485), (42,), (1.0,), (43,), (2.5,))

6.    (((8, 1), (8, 2), (7, 2), (6, -3), (8, 1), (8, 2), (7, 2), (6, -3), (8, 1), (8, 2), (7, 2)), ((0.0, 0.5), (0.0, 0.5), (0.0, 0.5), (0.0, 0.5), (0.0, 0.5), (0.0, 0.5), (0.0, 0.5), (0.0, 0.5), (0.0, 0.5), (0.0, 0.5), (0.0, 0.5)), (1, 2, 2, 3, 3, 4, 4, 1, 1, 2, 2), (0.5, 0.0, 0.5, 0.0, 0.5, 0.0, 0.5, 0.0, 0.5, 0.0, 0.5)):
('K.12 Musicalion', 'P1', 1, (343, 354), (29,), (1.5,), (30,), (2.5,))
('K.12 Musicalion', 'P1', 1, (367, 378), (32,), (1.5,), (33,), (2.5,))

7.    ((4, -2, -2, -3, -2, 5, -2, -3, 2, 3, -2), (0.25, 0.25, 0.25, 0.25, 0.25, 0.25, 0.25, 0.25, 0.25, 0.25, 0.25), (4, 4, 4, 1, 1, 1, 1, 2, 2, 2, 2), (0.25, 0.5, 0.75, 0.0, 0.25, 0.5, 0.75, 0.0, 0.25, 0.5, 0.75)):
('K.12 Musicalion', 'P1', 1, (504, 515), (45,), (4.25,), (46,), (2.75,))
('K.12 Musicalion', 'P1', 1, (517, 528), (46,), (4.25,), (47,), (2.75,))

8.    ((1, 8, 6, -13, 1, 8, 5, -12, 1, 8, 4), (1.25, 0.25, 0.25, 0.25, 1.25, 0.25, 0.25, 0.25, 1.25, 0.25, 0.25), (1, 2, 2, 2, 3, 4, 4, 4, 1, 2, 2), (0.0, 0.25, 0.5, 0.75, 0.0, 0.25, 0.5, 0.75, 0.0, 0.25, 0.5)):
('K.12 Musicalion', 'P1', 3, (62, 73), (9,), (1.0,), (10,), (2.5,))
('K.12 Musicalion', 'P1', 3, (353, 364), (38,), (1.0,), (39,), (2.5,))

9.    ((1, 8, 6, -13, 1, 8, 5, -12, 1, 8, 4), (1.25, 0.25, 0.25, 0.25, 1.25, 0.25, 0.25, 0.25, 1.25, 0.25, 0.25), (3, 4, 4, 4, 1, 2, 2, 2, 3, 4, 4), (0.0, 0.25, 0.5, 0.75, 0.0, 0.25, 0.5, 0.75, 0.0, 0.25, 0.5)):
('K.12 Musicalion', 'P1', 3, (74, 85), (10,), (3.0,), (11,), (4.5,))
('K.12 Musicalion', 'P1', 3, (341, 352), (37,), (3.0,), (38,), (4.5,))

10.    ((-2, -2, -2, -2, 6, -6, -2, -2, -2, 8), (0.25, 0.0, 0.25, 0.25, 0.25, 0.25, 0.0, 0.25, 0.25, 0.25), (1, 2, 2, 2, 2, 2, 3, 3, 3, 3), (0.75, 0.0, 0.0, 0.25, 0.5, 0.75, 0.0, 0.0, 0.25, 0.5)):
('K.12 Musicalion', 'P1', 1, (33, 43), (4,), (1.75,), (4,), (3.5,))
('K.12 Musicalion', 'P1', 1, (53, 63), (5,), (1.75,), (5,), (3.5,))

11.    ((-5, 4, -5, 4, 2, -4, 2, -2, -2), (0.25, 0.25, 0.25, 0.25, 0.25, 0.25, 0.25, 0.5, 0.5), (1, 2, 2, 2, 2, 3, 3, 3, 4), (0.75, 0.0, 0.25, 0.5, 0.75, 0.0, 0.25, 0.5, 0.0)):
('K.12 Musicalion', 'P1', 1, (268, 277), (23,), (1.75,), (23,), (4.0,))
('K.12 Musicalion', 'P1', 1, (535, 544), (48,), (1.75,), (48,), (4.0,))

12.    ((-4, 6, -2, -2, -4, 8, -2, -2, -3), (0.25, 0.25, 0.25, 0.25, 0.25, 0.25, 0.25, 0.25, 0.25), (3, 3, 3, 3, 4, 4, 4, 4, 1), (0.0, 0.25, 0.5, 0.75, 0.0, 0.25, 0.5, 0.75, 0.0)):
('K.12 Musicalion', 'P1', 1, (294, 303), (26,), (3.0,), (26,), (1.0,))
('K.12 Musicalion', 'P1', 3, (1, 10), (2,), (3.0,), (3,), (1.0,))

13.    ((-2, 2, 2, -3, 2, -3, 2, -3, 2), (0.5, 0.5, 0.5, 0.25, 0.25, 0.25, 0.25, 0.25, 0.25), (2, 2, 3, 3, 3, 4, 4, 4, 4), (0.0, 0.5, 0.0, 0.5, 0.75, 0.0, 0.25, 0.5, 0.75)):
('K.12 Musicalion', 'P1', 2, (25, 34), (23,), (2.0,), (23,), (4.75,))
('K.12 Musicalion', 'P1', 2, (62, 71), (48,), (2.0,), (48,), (4.75,))

14.    ((-2, 3, -2, -2, -2, -2, 2, -2), (0.25, 0.25, 0.25, 0.25, 0.25, 0.25, 0.25, 0.25), (1, 1, 1, 1, 2, 2, 2, 2), (0.0, 0.25, 0.5, 0.75, 0.0, 0.25, 0.5, 0.75)):
('K.12 Musicalion', 'P1', 1, (390, 398), (35,), (1.0,), (35,), (2.75,))
('K.12 Musicalion', 'P1', 1, (406, 414), (36,), (1.0,), (36,), (2.75,))

15.    ((4, 2, -8, 4, 4, 2, -8, 4), (0.5, 0.5, 0.5, 0.5, 0.5, 0.5, 0.5, 0.5), (1, 1, 2, 2, 3, 3, 4, 4), (0.0, 0.5, 0.0, 0.5, 0.0, 0.5, 0.0, 0.5)):
('K.12 Musicalion', 'P1', 3, (196, 204), (23,), (1.0,), (23,), (4.5,))
('K.12 Musicalion', 'P1', 3, (445, 453), (48,), (1.0,), (48,), (4.5,))

16.    ((-2, 1, 2, 1, -2, 1, 2, 1), (0.5, 0.5, 0.5, 0.5, 0.5, 0.5, 0.5, 0.5), (4, 1, 1, 2, 2, 3, 3, 4), (0.5, 0.0, 0.5, 0.0, 0.5, 0.0, 0.5, 0.0)):
('K.12 Musicalion', 'P1', 4, (11, 19), (12,), (4.5,), (13,), (4.0,))
('K.12 Musicalion', 'P1', 4, (22, 30), (40,), (4.5,), (41,), (4.0,))

17.    ((2, -2, 2, 3, -2, 2, 2), (0.25, 0.25, 0.25, 0.25, 0.25, 0.25, 0.25), (3, 4, 4, 4, 4, 1, 1), (0.75, 0.0, 0.25, 0.5, 0.75, 0.0, 0.25)):
('K.12 Musicalion', 'P1', 1, (94, 101), (7,), (3.75,), (8,), (1.25,))
('K.12 Musicalion', 'P1', 1, (110, 117), (8,), (3.75,), (9,), (1.25,))

18.    ((-5, 2, 3, 2, -5, 2, 3), (0.5, 0.5, 0.5, 0.5, 0.5, 0.5, 0.5), (1, 1, 2, 2, 3, 3, 4), (0.0, 0.5, 0.0, 0.5, 0.0, 0.5, 0.0)):
('K.12 Musicalion', 'P1', 3, (42, 49), (6,), (1.0,), (6,), (4.0,))
('K.12 Musicalion', 'P1', 3, (226, 233), (28,), (1.0,), (29,), (4.0,))

19.    ((-8, 8, -7, 6, -5, 6, -5), (0.25, 0.25, 0.25, 0.25, 0.25, 0.25, 0.25), (3, 3, 3, 4, 4, 4, 4), (0.25, 0.5, 0.75, 0.0, 0.25, 0.5, 0.75)):
('K.12 Musicalion', 'P1', 3, (274, 281), (32,), (3.25,), (32,), (4.75,))
('K.12 Musicalion', 'P1', 3, (322, 329), (35,), (3.25,), (35,), (4.75,))

20.    ((-2, -2, -2, 7, -2), (0.0, 0.25, 0.25, 0.25, 0.25), (4, 4, 4, 4, 4), (0.0, 0.0, 0.25, 0.5, 0.75)):
('K.12 Musicalion', 'P1', 1, (64, 69), (5,), (4.0,), (5,), (4.75,))
('K.12 Musicalion', 'P1', 1, (82, 87), (6,), (4.0,), (6,), (4.75,))

21.    ((-2, -2, -2, -2), (0.25, 0.25, 0.25, 0.25), (1, 1, 2, 2), (0.5, 0.75, 0.0, 0.25)):
('K.12 Musicalion', 'P1', 1, (392, 396), (35,), (1.5,), (35,), (2.25,))
('K.12 Musicalion', 'P1', 1, (408, 412), (36,), (1.5,), (36,), (2.25,))
('K.12 Musicalion', 'P1', 3, (216, 220), (27,), (1.5,), (27,), (2.25,))

22.    ((-2, -2, -2, 8), (0.0, 0.25, 0.25, 0.25), (1, 1, 1, 1), (0.0, 0.0, 0.25, 0.5)):
('K.12 Musicalion', 'P1', 1, (49, 53), (5,), (1.0,), (5,), (1.5,))
('K.12 Musicalion', 'P1', 1, (419, 423), (37,), (1.0,), (37,), (1.5,))

23.    ((-2, -2, 6, -3), (0.25, 0.25, 0.25, 0.25), (4, 4, 4, 4), (0.0, 0.25, 0.5, 0.75)):
('K.12 Musicalion', 'P1', 1, (322, 326), (28,), (4.0,), (28,), (4.75,))
('K.12 Musicalion', 'P1', 1, (338, 342), (29,), (4.0,), (29,), (4.75,))

24.    ((16, 2, -2, -2), (1.0, 0.5, 0.5, 0.5), (4, 1, 1, 2), (0.0, 0.0, 0.5, 0.0)):
('K.12 Musicalion', 'P1', 3, (428, 432), (45,), (4.0,), (46,), (2.0,))
('K.12 Musicalion', 'P1', 3, (436, 440), (46,), (4.0,), (47,), (2.0,))

25.    ((2, -2, -2), (0.5, 0.5, 0.5), (3, 3, 4), (0.0, 0.5, 0.0)):
('K.12 Musicalion', 'P1', 1, (263, 266), (22,), (3.0,), (22,), (4.0,))
('K.12 Musicalion', 'P1', 2, (38, 41), (24,), (3.0,), (24,), (4.0,))
('K.12 Musicalion', 'P1', 3, (168, 171), (19,), (3.0,), (19,), (4.0,))
('K.12 Musicalion', 'P1', 3, (176, 179), (20,), (3.0,), (20,), (4.0,))
('K.12 Musicalion', 'P1', 3, (184, 187), (21,), (3.0,), (21,), (4.0,))

26.    ((-2, -2, 2), (0.25, 0.25, 0.25), (2, 2, 2), (0.25, 0.5, 0.75)):
('K.12 Musicalion', 'P1', 1, (21, 24), (2,), (2.25,), (2,), (2.75,))
('K.12 Musicalion', 'P1', 2, (35, 38), (24,), (2.25,), (24,), (2.75,))

27.    ((4, 2, -6), (0.5, 0.5, 0.5), (2, 2, 3), (0.0, 0.5, 0.0)):
('K.12 Musicalion', 'P1', 3, (28, 31), (4,), (2.0,), (4,), (3.0,))
('K.12 Musicalion', 'P1', 3, (36, 39), (5,), (2.0,), (5,), (3.0,))

28.    ((4, -5), (0.25, 0.25), (2, 2), (0.0, 0.25)):
('K.12 Musicalion', 'P1', 1, (269, 271), (23,), (2.0,), (23,), (2.25,))
('K.12 Musicalion', 'P1', 1, (536, 538), (48,), (2.0,), (48,), (2.25,))
('K.12 Musicalion', 'P1', 1, (548, 550), (49,), (2.0,), (49,), (2.25,))
('K.12 Musicalion', 'P1', 3, (95, 97), (14,), (2.0,), (14,), (2.25,))
('K.12 Musicalion', 'P1', 3, (111, 113), (15,), (2.0,), (15,), (2.25,))
('K.12 Musicalion', 'P1', 3, (127, 129), (16,), (2.0,), (16,), (2.25,))
('K.12 Musicalion', 'P1', 3, (237, 239), (29,), (2.0,), (29,), (2.25,))
('K.12 Musicalion', 'P1', 3, (253, 255), (30,), (2.0,), (30,), (2.25,))
('K.12 Musicalion', 'P1', 3, (285, 287), (32,), (2.0,), (32,), (2.25,))
('K.12 Musicalion', 'P1', 3, (301, 303), (33,), (2.0,), (33,), (2.25,))
('K.12 Musicalion', 'P1', 3, (372, 374), (41,), (2.0,), (41,), (2.25,))
('K.12 Musicalion', 'P1', 3, (380, 382), (42,), (2.0,), (42,), (2.25,))
('K.12 Musicalion', 'P1', 3, (396, 398), (43,), (2.0,), (43,), (2.25,))

29.    ((-2, -2), (0.25, 0.25), (1, 1), (0.0, 0.25)):
('K.12 Musicalion', 'P1', 1, (50, 52), (5,), (1.0,), (5,), (1.25,))
('K.12 Musicalion', 'P1', 1, (125, 127), (10,), (1.0,), (10,), (1.25,))
('K.12 Musicalion', 'P1', 1, (135, 137), (11,), (1.0,), (11,), (1.25,))
('K.12 Musicalion', 'P1', 1, (145, 147), (12,), (1.0,), (12,), (1.25,))
('K.12 Musicalion', 'P1', 1, (326, 328), (28,), (1.0,), (28,), (1.25,))
('K.12 Musicalion', 'P1', 1, (420, 422), (37,), (1.0,), (37,), (1.25,))
('K.12 Musicalion', 'P1', 1, (430, 432), (38,), (1.0,), (38,), (1.25,))
('K.12 Musicalion', 'P1', 1, (440, 442), (39,), (1.0,), (39,), (1.25,))
('K.12 Musicalion', 'P1', 3, (25, 27), (4,), (1.0,), (4,), (1.25,))
('K.12 Musicalion', 'P1', 3, (214, 216), (27,), (1.0,), (27,), (1.25,))

30.    ((-3, 2), (0.25, 0.25), (4, 4), (0.0, 0.25)):
('K.12 Musicalion', 'P1', 1, (228, 230), (19,), (4.0,), (19,), (4.25,))
('K.12 Musicalion', 'P1', 1, (241, 243), (20,), (4.0,), (20,), (4.25,))
('K.12 Musicalion', 'P1', 1, (254, 256), (21,), (4.0,), (21,), (4.25,))
('K.12 Musicalion', 'P1', 2, (7, 9), (18,), (4.0,), (18,), (4.25,))
('K.12 Musicalion', 'P1', 2, (18, 20), (22,), (4.0,), (22,), (4.25,))
('K.12 Musicalion', 'P1', 2, (30, 32), (23,), (4.0,), (23,), (4.25,))
('K.12 Musicalion', 'P1', 2, (67, 69), (48,), (4.0,), (48,), (4.25,))

31.    ((-2, -2), (0.25, 0.25), (2, 2), (0.5, 0.75)):
('K.12 Musicalion', 'P1', 1, (6, 8), (1,), (2.5,), (1,), (2.75,))
('K.12 Musicalion', 'P1', 1, (222, 224), (19,), (2.5,), (19,), (2.75,))
('K.12 Musicalion', 'P1', 1, (235, 237), (20,), (2.5,), (20,), (2.75,))
('K.12 Musicalion', 'P1', 1, (248, 250), (21,), (2.5,), (21,), (2.75,))
('K.12 Musicalion', 'P1', 1, (308, 310), (26,), (2.5,), (26,), (2.75,))
('K.12 Musicalion', 'P1', 1, (316, 318), (27,), (2.5,), (27,), (2.75,))
('K.12 Musicalion', 'P1', 3, (220, 222), (27,), (2.5,), (27,), (2.75,))

32.    ((-2, -2), (0.25, 0.25), (2, 2), (0.25, 0.5)):
('K.12 Musicalion', 'P1', 1, (21, 23), (2,), (2.25,), (2,), (2.5,))
('K.12 Musicalion', 'P1', 1, (149, 151), (12,), (2.25,), (12,), (2.5,))
('K.12 Musicalion', 'P1', 1, (260, 262), (22,), (2.25,), (22,), (2.5,))
('K.12 Musicalion', 'P1', 2, (35, 37), (24,), (2.25,), (24,), (2.5,))
('K.12 Musicalion', 'P1', 3, (219, 221), (27,), (2.25,), (27,), (2.5,))

33.    ((-2, -2), (0.25, 0.25), (1, 1), (0.5, 0.75)):
('K.12 Musicalion', 'P1', 1, (2, 4), (1,), (1.5,), (1,), (1.75,))
('K.12 Musicalion', 'P1', 1, (88, 90), (7,), (1.5,), (7,), (1.75,))
('K.12 Musicalion', 'P1', 1, (304, 306), (26,), (1.5,), (26,), (1.75,))
('K.12 Musicalion', 'P1', 3, (11, 13), (3,), (1.5,), (3,), (1.75,))

34.    ((3, 3), (0.25, 0.25), (1, 1), (0.25, 0.5)):
('K.12 Musicalion', 'P1', 2, (11, 13), (19,), (1.25,), (19,), (1.5,))
('K.12 Musicalion', 'P1', 3, (172, 174), (20,), (1.25,), (20,), (1.5,))
('K.12 Musicalion', 'P1', 3, (180, 182), (21,), (1.25,), (21,), (1.5,))
('K.12 Musicalion', 'P1', 3, (188, 190), (22,), (1.25,), (22,), (1.5,))

35.    ((-3, 2), (0.25, 0.25), (2, 2), (0.0, 0.25)):
('K.12 Musicalion', 'P1', 1, (511, 513), (46,), (2.0,), (46,), (2.25,))
('K.12 Musicalion', 'P1', 1, (524, 526), (47,), (2.0,), (47,), (2.25,))
('K.12 Musicalion', 'P1', 2, (52, 54), (45,), (2.0,), (45,), (2.25,))

36.    ((4, -5), (0.25, 0.25), (1, 1), (0.5, 0.75)):
('K.12 Musicalion', 'P1', 1, (534, 536), (48,), (1.5,), (48,), (1.75,))
('K.12 Musicalion', 'P1', 1, (546, 548), (49,), (1.5,), (49,), (1.75,))
('K.12 Musicalion', 'P1', 3, (315, 317), (34,), (1.5,), (34,), (1.75,))

37.    ((-2, -2), (0.5, 0.5), (4, 4), (0.0, 0.5)):
('K.12 Musicalion', 'P1', 1, (265, 267), (22,), (4.0,), (22,), (4.5,))
('K.12 Musicalion', 'P1', 1, (543, 545), (48,), (4.0,), (48,), (4.5,))
('K.12 Musicalion', 'P1', 4, (21, 23), (40,), (4.0,), (40,), (4.5,))

38.    ((3, 3), (0.25, 0.25), (3, 3), (0.25, 0.5)):
('K.12 Musicalion', 'P1', 2, (56, 58), (45,), (3.25,), (45,), (3.5,))
('K.12 Musicalion', 'P1', 3, (433, 435), (46,), (3.25,), (46,), (3.5,))
('K.12 Musicalion', 'P1', 3, (441, 443), (47,), (3.25,), (47,), (3.5,))

39.    ((-2, -2), (0.5, 0.5), (1, 2), (0.5, 0.0)):
('K.12 Musicalion', 'P1', 2, (61, 63), (48,), (1.5,), (48,), (2.0,))
('K.12 Musicalion', 'P1', 3, (430, 432), (46,), (1.5,), (46,), (2.0,))
('K.12 Musicalion', 'P1', 3, (438, 440), (47,), (1.5,), (47,), (2.0,))

40.    ((-2, -2), (0.25, 0.25), (3, 3), (0.0, 0.25)):
('K.12 Musicalion', 'P1', 1, (213, 215), (18,), (3.0,), (18,), (3.25,))
('K.12 Musicalion', 'P1', 1, (398, 400), (36,), (3.0,), (36,), (3.25,))

41.    ((-2, -2), (0.25, 0.25), (3, 3), (0.25, 0.5)):
('K.12 Musicalion', 'P1', 1, (214, 216), (18,), (3.25,), (18,), (3.5,))
('K.12 Musicalion', 'P1', 2, (43, 45), (25,), (3.25,), (25,), (3.5,))

42.    ((-2, -2), (0.25, 0.25), (3, 3), (0.5, 0.75)):
('K.12 Musicalion', 'P1', 1, (10, 12), (1,), (3.5,), (1,), (3.75,))
('K.12 Musicalion', 'P1', 3, (208, 210), (27,), (3.5,), (27,), (3.75,))

43.    ((2, -3), (0.75, 0.25), (4, 1), (0.5, 0.25)):
('K.12 Musicalion', 'P1', 1, (277, 279), (23,), (4.5,), (24,), (1.25,))
('K.12 Musicalion', 'P1', 3, (233, 235), (29,), (4.5,), (29,), (1.25,))

44.    ((2, -6), (0.5, 0.5), (4, 1), (0.5, 0.0)):
('K.12 Musicalion', 'P1', 1, (365, 367), (32,), (4.5,), (32,), (1.0,))
('K.12 Musicalion', 'P1', 3, (33, 35), (4,), (4.5,), (5,), (1.0,))

45.    ((-2, -2), (0.25, 0.25), (4, 4), (0.25, 0.5)):
('K.12 Musicalion', 'P1', 1, (449, 451), (40,), (4.25,), (40,), (4.5,))
('K.12 Musicalion', 'P1', 3, (22, 24), (3,), (4.25,), (3,), (4.5,))

46.    ((-4, -2), (0.25, 0.25), (1, 1), (0.0, 0.25)):
('K.12 Musicalion', 'P1', 2, (59, 61), (48,), (1.0,), (48,), (1.25,))
('K.12 Musicalion', 'P1', 2, (71, 73), (49,), (1.0,), (49,), (1.25,))

47.    ((-8, 8), (0.5, 0.5), (1, 2), (0.5, 0.0)):
('K.12 Musicalion', 'P1', 3, (330, 332), (35,), (1.5,), (35,), (2.0,))
('K.12 Musicalion', 'P1', 3, (338, 340), (36,), (1.5,), (36,), (2.0,))

48.    ((3,), (0.25,), (1,), (0.5,)):
('K.12 Musicalion', 'P1', 1, (18, 19), (2,), (1.5,), (2,), (1.5,))
('K.12 Musicalion', 'P1', 1, (163, 164), (13,), (1.5,), (13,), (1.5,))
('K.12 Musicalion', 'P1', 1, (455, 456), (40,), (1.5,), (40,), (1.5,))
('K.12 Musicalion', 'P1', 2, (12, 13), (19,), (1.5,), (19,), (1.5,))
('K.12 Musicalion', 'P1', 3, (93, 94), (14,), (1.5,), (14,), (1.5,))
('K.12 Musicalion', 'P1', 3, (109, 110), (15,), (1.5,), (15,), (1.5,))
('K.12 Musicalion', 'P1', 3, (125, 126), (16,), (1.5,), (16,), (1.5,))
('K.12 Musicalion', 'P1', 3, (173, 174), (20,), (1.5,), (20,), (1.5,))
('K.12 Musicalion', 'P1', 3, (181, 182), (21,), (1.5,), (21,), (1.5,))
('K.12 Musicalion', 'P1', 3, (189, 190), (22,), (1.5,), (22,), (1.5,))
('K.12 Musicalion', 'P1', 3, (235, 236), (29,), (1.5,), (29,), (1.5,))
('K.12 Musicalion', 'P1', 3, (251, 252), (30,), (1.5,), (30,), (1.5,))
('K.12 Musicalion', 'P1', 3, (283, 284), (32,), (1.5,), (32,), (1.5,))
('K.12 Musicalion', 'P1', 3, (299, 300), (33,), (1.5,), (33,), (1.5,))
('K.12 Musicalion', 'P1', 3, (370, 371), (41,), (1.5,), (41,), (1.5,))
('K.12 Musicalion', 'P1', 3, (378, 379), (42,), (1.5,), (42,), (1.5,))
('K.12 Musicalion', 'P1', 3, (394, 395), (43,), (1.5,), (43,), (1.5,))

49.    ((-2,), (0.25,), (1,), (0.25,)):
('K.12 Musicalion', 'P1', 1, (51, 52), (5,), (1.25,), (5,), (1.25,))
('K.12 Musicalion', 'P1', 1, (126, 127), (10,), (1.25,), (10,), (1.25,))
('K.12 Musicalion', 'P1', 1, (136, 137), (11,), (1.25,), (11,), (1.25,))
('K.12 Musicalion', 'P1', 1, (146, 147), (12,), (1.25,), (12,), (1.25,))
('K.12 Musicalion', 'P1', 1, (327, 328), (28,), (1.25,), (28,), (1.25,))
('K.12 Musicalion', 'P1', 1, (421, 422), (37,), (1.25,), (37,), (1.25,))
('K.12 Musicalion', 'P1', 1, (431, 432), (38,), (1.25,), (38,), (1.25,))
('K.12 Musicalion', 'P1', 1, (441, 442), (39,), (1.25,), (39,), (1.25,))
('K.12 Musicalion', 'P1', 1, (498, 499), (45,), (1.25,), (45,), (1.25,))
('K.12 Musicalion', 'P1', 1, (508, 509), (46,), (1.25,), (46,), (1.25,))
('K.12 Musicalion', 'P1', 1, (521, 522), (47,), (1.25,), (47,), (1.25,))
('K.12 Musicalion', 'P1', 2, (23, 24), (23,), (1.25,), (23,), (1.25,))
('K.12 Musicalion', 'P1', 2, (60, 61), (48,), (1.25,), (48,), (1.25,))
('K.12 Musicalion', 'P1', 2, (72, 73), (49,), (1.25,), (49,), (1.25,))
('K.12 Musicalion', 'P1', 3, (26, 27), (4,), (1.25,), (4,), (1.25,))
('K.12 Musicalion', 'P1', 3, (215, 216), (27,), (1.25,), (27,), (1.25,))

50.    ((3,), (0.25,), (3,), (0.5,)):
('K.12 Musicalion', 'P1', 1, (155, 156), (12,), (3.5,), (12,), (3.5,))
('K.12 Musicalion', 'P1', 1, (171, 172), (13,), (3.5,), (13,), (3.5,))
('K.12 Musicalion', 'P1', 1, (463, 464), (41,), (3.5,), (41,), (3.5,))
('K.12 Musicalion', 'P1', 2, (57, 58), (45,), (3.5,), (45,), (3.5,))
('K.12 Musicalion', 'P1', 3, (19, 20), (3,), (3.5,), (3,), (3.5,))
('K.12 Musicalion', 'P1', 3, (101, 102), (14,), (3.5,), (14,), (3.5,))
('K.12 Musicalion', 'P1', 3, (117, 118), (15,), (3.5,), (15,), (3.5,))
('K.12 Musicalion', 'P1', 3, (133, 134), (16,), (3.5,), (16,), (3.5,))
('K.12 Musicalion', 'P1', 3, (243, 244), (30,), (3.5,), (30,), (3.5,))
('K.12 Musicalion', 'P1', 3, (291, 292), (33,), (3.5,), (33,), (3.5,))
('K.12 Musicalion', 'P1', 3, (386, 387), (42,), (3.5,), (42,), (3.5,))
('K.12 Musicalion', 'P1', 3, (434, 435), (46,), (3.5,), (46,), (3.5,))
('K.12 Musicalion', 'P1', 3, (442, 443), (47,), (3.5,), (47,), (3.5,))

51.    ((-6,), (0.25,), (2,), (0.75,)):
('K.12 Musicalion', 'P1', 1, (38, 39), (4,), (2.75,), (4,), (2.75,))
('K.12 Musicalion', 'P1', 1, (58, 59), (5,), (2.75,), (5,), (2.75,))
('K.12 Musicalion', 'P1', 3, (98, 99), (14,), (2.75,), (14,), (2.75,))
('K.12 Musicalion', 'P1', 3, (114, 115), (15,), (2.75,), (15,), (2.75,))
('K.12 Musicalion', 'P1', 3, (130, 131), (16,), (2.75,), (16,), (2.75,))
('K.12 Musicalion', 'P1', 3, (240, 241), (29,), (2.75,), (29,), (2.75,))
('K.12 Musicalion', 'P1', 3, (256, 257), (30,), (2.75,), (30,), (2.75,))
('K.12 Musicalion', 'P1', 3, (288, 289), (32,), (2.75,), (32,), (2.75,))
('K.12 Musicalion', 'P1', 3, (304, 305), (33,), (2.75,), (33,), (2.75,))
('K.12 Musicalion', 'P1', 3, (383, 384), (42,), (2.75,), (42,), (2.75,))
('K.12 Musicalion', 'P1', 3, (399, 400), (43,), (2.75,), (43,), (2.75,))

52.    ((2,), (0.5,), (3,), (0.5,)):
('K.12 Musicalion', 'P1', 3, (31, 32), (4,), (3.5,), (4,), (3.5,))
('K.12 Musicalion', 'P1', 3, (47, 48), (6,), (3.5,), (6,), (3.5,))
('K.12 Musicalion', 'P1', 3, (164, 165), (18,), (3.5,), (18,), (3.5,))
('K.12 Musicalion', 'P1', 3, (193, 194), (22,), (3.5,), (22,), (3.5,))
('K.12 Musicalion', 'P1', 3, (201, 202), (23,), (3.5,), (23,), (3.5,))
('K.12 Musicalion', 'P1', 3, (223, 224), (28,), (3.5,), (28,), (3.5,))
('K.12 Musicalion', 'P1', 3, (231, 232), (29,), (3.5,), (29,), (3.5,))
('K.12 Musicalion', 'P1', 3, (450, 451), (48,), (3.5,), (48,), (3.5,))
('K.12 Musicalion', 'P1', 4, (9, 10), (12,), (3.5,), (12,), (3.5,))
('K.12 Musicalion', 'P1', 4, (17, 18), (13,), (3.5,), (13,), (3.5,))
('K.12 Musicalion', 'P1', 4, (28, 29), (41,), (3.5,), (41,), (3.5,))

53.    ((-2,), (0.5,), (4,), (0.0,)):
('K.12 Musicalion', 'P1', 1, (217, 218), (18,), (4.0,), (18,), (4.0,))
('K.12 Musicalion', 'P1', 1, (265, 266), (22,), (4.0,), (22,), (4.0,))
('K.12 Musicalion', 'P1', 1, (276, 277), (23,), (4.0,), (23,), (4.0,))
('K.12 Musicalion', 'P1', 1, (543, 544), (48,), (4.0,), (48,), (4.0,))
('K.12 Musicalion', 'P1', 2, (40, 41), (24,), (4.0,), (24,), (4.0,))
('K.12 Musicalion', 'P1', 2, (46, 47), (25,), (4.0,), (25,), (4.0,))
('K.12 Musicalion', 'P1', 3, (170, 171), (19,), (4.0,), (19,), (4.0,))
('K.12 Musicalion', 'P1', 3, (178, 179), (20,), (4.0,), (20,), (4.0,))
('K.12 Musicalion', 'P1', 3, (186, 187), (21,), (4.0,), (21,), (4.0,))
('K.12 Musicalion', 'P1', 4, (21, 22), (40,), (4.0,), (40,), (4.0,))

54.    ((-5,), (0.25,), (4,), (0.25,)):
('K.12 Musicalion', 'P1', 1, (13, 14), (1,), (4.25,), (1,), (4.25,))
('K.12 Musicalion', 'P1', 3, (104, 105), (14,), (4.25,), (14,), (4.25,))
('K.12 Musicalion', 'P1', 3, (120, 121), (15,), (4.25,), (15,), (4.25,))
('K.12 Musicalion', 'P1', 3, (136, 137), (16,), (4.25,), (16,), (4.25,))
('K.12 Musicalion', 'P1', 3, (246, 247), (30,), (4.25,), (30,), (4.25,))
('K.12 Musicalion', 'P1', 3, (278, 279), (32,), (4.25,), (32,), (4.25,))
('K.12 Musicalion', 'P1', 3, (294, 295), (33,), (4.25,), (33,), (4.25,))
('K.12 Musicalion', 'P1', 3, (310, 311), (34,), (4.25,), (34,), (4.25,))
('K.12 Musicalion', 'P1', 3, (326, 327), (35,), (4.25,), (35,), (4.25,))
('K.12 Musicalion', 'P1', 3, (389, 390), (42,), (4.25,), (42,), (4.25,))

55.    ((8,), (0.25,), (3,), (0.5,)):
('K.12 Musicalion', 'P1', 1, (42, 43), (4,), (3.5,), (4,), (3.5,))
('K.12 Musicalion', 'P1', 1, (62, 63), (5,), (3.5,), (5,), (3.5,))
('K.12 Musicalion', 'P1', 1, (122, 123), (9,), (3.5,), (9,), (3.5,))
('K.12 Musicalion', 'P1', 1, (132, 133), (10,), (3.5,), (10,), (3.5,))
('K.12 Musicalion', 'P1', 1, (142, 143), (11,), (3.5,), (11,), (3.5,))
('K.12 Musicalion', 'P1', 1, (427, 428), (38,), (3.5,), (38,), (3.5,))
('K.12 Musicalion', 'P1', 1, (437, 438), (39,), (3.5,), (39,), (3.5,))
('K.12 Musicalion', 'P1', 1, (447, 448), (40,), (3.5,), (40,), (3.5,))
('K.12 Musicalion', 'P1', 3, (275, 276), (32,), (3.5,), (32,), (3.5,))
('K.12 Musicalion', 'P1', 3, (323, 324), (35,), (3.5,), (35,), (3.5,))

56.    ((2,), (0.5,), (1,), (0.5,)):
('K.12 Musicalion', 'P1', 3, (35, 36), (5,), (1.5,), (5,), (1.5,))
('K.12 Musicalion', 'P1', 3, (43, 44), (6,), (1.5,), (6,), (1.5,))
('K.12 Musicalion', 'P1', 3, (51, 52), (7,), (1.5,), (7,), (1.5,))
('K.12 Musicalion', 'P1', 3, (197, 198), (23,), (1.5,), (23,), (1.5,))
('K.12 Musicalion', 'P1', 3, (227, 228), (28,), (1.5,), (28,), (1.5,))
('K.12 Musicalion', 'P1', 3, (425, 426), (45,), (1.5,), (45,), (1.5,))
('K.12 Musicalion', 'P1', 3, (446, 447), (48,), (1.5,), (48,), (1.5,))
('K.12 Musicalion', 'P1', 3, (454, 455), (49,), (1.5,), (49,), (1.5,))
('K.12 Musicalion', 'P1', 4, (13, 14), (13,), (1.5,), (13,), (1.5,))
('K.12 Musicalion', 'P1', 4, (24, 25), (40,), (1.5,), (40,), (1.5,))

57.    ((2,), (0.5,), (4,), (0.5,)):
('K.12 Musicalion', 'P1', 1, (26, 27), (2,), (4.5,), (2,), (4.5,))
('K.12 Musicalion', 'P1', 1, (31, 32), (3,), (4.5,), (3,), (4.5,))
('K.12 Musicalion', 'P1', 1, (365, 366), (32,), (4.5,), (32,), (4.5,))
('K.12 Musicalion', 'P1', 2, (47, 48), (25,), (4.5,), (25,), (4.5,))
('K.12 Musicalion', 'P1', 3, (33, 34), (4,), (4.5,), (4,), (4.5,))
('K.12 Musicalion', 'P1', 3, (41, 42), (5,), (4.5,), (5,), (4.5,))
('K.12 Musicalion', 'P1', 3, (49, 50), (6,), (4.5,), (6,), (4.5,))
('K.12 Musicalion', 'P1', 3, (336, 337), (36,), (4.5,), (36,), (4.5,))

58.    ((-3,), (0.25,), (4,), (0.0,)):
('K.12 Musicalion', 'P1', 1, (228, 229), (19,), (4.0,), (19,), (4.0,))
('K.12 Musicalion', 'P1', 1, (241, 242), (20,), (4.0,), (20,), (4.0,))
('K.12 Musicalion', 'P1', 1, (254, 255), (21,), (4.0,), (21,), (4.0,))
('K.12 Musicalion', 'P1', 2, (7, 8), (18,), (4.0,), (18,), (4.0,))
('K.12 Musicalion', 'P1', 2, (18, 19), (22,), (4.0,), (22,), (4.0,))
('K.12 Musicalion', 'P1', 2, (30, 31), (23,), (4.0,), (23,), (4.0,))
('K.12 Musicalion', 'P1', 2, (67, 68), (48,), (4.0,), (48,), (4.0,))
('K.12 Musicalion', 'P1', 3, (210, 211), (27,), (4.0,), (27,), (4.0,))

59.    ((6,), (0.25,), (4,), (0.5,)):
('K.12 Musicalion', 'P1', 1, (47, 48), (4,), (4.5,), (4,), (4.5,))
('K.12 Musicalion', 'P1', 1, (324, 325), (28,), (4.5,), (28,), (4.5,))
('K.12 Musicalion', 'P1', 1, (340, 341), (29,), (4.5,), (29,), (4.5,))
('K.12 Musicalion', 'P1', 3, (76, 77), (10,), (4.5,), (10,), (4.5,))
('K.12 Musicalion', 'P1', 3, (263, 264), (31,), (4.5,), (31,), (4.5,))
('K.12 Musicalion', 'P1', 3, (279, 280), (32,), (4.5,), (32,), (4.5,))
('K.12 Musicalion', 'P1', 3, (327, 328), (35,), (4.5,), (35,), (4.5,))
('K.12 Musicalion', 'P1', 3, (343, 344), (37,), (4.5,), (37,), (4.5,))

60.    ((3,), (0.25,), (1,), (0.25,)):
('K.12 Musicalion', 'P1', 1, (70, 71), (6,), (1.25,), (6,), (1.25,))
('K.12 Musicalion', 'P1', 1, (391, 392), (35,), (1.25,), (35,), (1.25,))
('K.12 Musicalion', 'P1', 1, (407, 408), (36,), (1.25,), (36,), (1.25,))
('K.12 Musicalion', 'P1', 2, (11, 12), (19,), (1.25,), (19,), (1.25,))
('K.12 Musicalion', 'P1', 3, (172, 173), (20,), (1.25,), (20,), (1.25,))
('K.12 Musicalion', 'P1', 3, (180, 181), (21,), (1.25,), (21,), (1.25,))
('K.12 Musicalion', 'P1', 3, (188, 189), (22,), (1.25,), (22,), (1.25,))

61.    ((8,), (0.25,), (2,), (0.25,)):
('K.12 Musicalion', 'P1', 1, (5, 6), (1,), (2.25,), (1,), (2.25,))
('K.12 Musicalion', 'P1', 3, (63, 64), (9,), (2.25,), (9,), (2.25,))
('K.12 Musicalion', 'P1', 3, (71, 72), (10,), (2.25,), (10,), (2.25,))
('K.12 Musicalion', 'P1', 3, (79, 80), (11,), (2.25,), (11,), (2.25,))
('K.12 Musicalion', 'P1', 3, (346, 347), (37,), (2.25,), (37,), (2.25,))
('K.12 Musicalion', 'P1', 3, (354, 355), (38,), (2.25,), (38,), (2.25,))
('K.12 Musicalion', 'P1', 3, (362, 363), (39,), (2.25,), (39,), (2.25,))

62.    ((-6,), (0.25,), (4,), (0.75,)):
('K.12 Musicalion', 'P1', 1, (48, 49), (4,), (4.75,), (4,), (4.75,))
('K.12 Musicalion', 'P1', 3, (106, 107), (14,), (4.75,), (14,), (4.75,))
('K.12 Musicalion', 'P1', 3, (122, 123), (15,), (4.75,), (15,), (4.75,))
('K.12 Musicalion', 'P1', 3, (138, 139), (16,), (4.75,), (16,), (4.75,))
('K.12 Musicalion', 'P1', 3, (248, 249), (30,), (4.75,), (30,), (4.75,))
('K.12 Musicalion', 'P1', 3, (296, 297), (33,), (4.75,), (33,), (4.75,))
('K.12 Musicalion', 'P1', 3, (391, 392), (42,), (4.75,), (42,), (4.75,))

63.    ((-4,), (0.25,), (3,), (0.75,)):
('K.12 Musicalion', 'P1', 1, (63, 64), (5,), (3.75,), (5,), (3.75,))
('K.12 Musicalion', 'P1', 3, (102, 103), (14,), (3.75,), (14,), (3.75,))
('K.12 Musicalion', 'P1', 3, (118, 119), (15,), (3.75,), (15,), (3.75,))
('K.12 Musicalion', 'P1', 3, (134, 135), (16,), (3.75,), (16,), (3.75,))
('K.12 Musicalion', 'P1', 3, (244, 245), (30,), (3.75,), (30,), (3.75,))
('K.12 Musicalion', 'P1', 3, (292, 293), (33,), (3.75,), (33,), (3.75,))
('K.12 Musicalion', 'P1', 3, (387, 388), (42,), (3.75,), (42,), (3.75,))

64.    ((-5,), (0.5,), (1,), (0.0,)):
('K.12 Musicalion', 'P1', 1, (533, 534), (48,), (1.0,), (48,), (1.0,))
('K.12 Musicalion', 'P1', 1, (545, 546), (49,), (1.0,), (49,), (1.0,))
('K.12 Musicalion', 'P1', 3, (42, 43), (6,), (1.0,), (6,), (1.0,))
('K.12 Musicalion', 'P1', 3, (50, 51), (7,), (1.0,), (7,), (1.0,))
('K.12 Musicalion', 'P1', 3, (226, 227), (28,), (1.0,), (28,), (1.0,))
('K.12 Musicalion', 'P1', 3, (337, 338), (36,), (1.0,), (36,), (1.0,))
('K.12 Musicalion', 'P1', 3, (453, 454), (49,), (1.0,), (49,), (1.0,))

65.    ((2,), (0.5,), (2,), (0.5,)):
('K.12 Musicalion', 'P1', 2, (26, 27), (23,), (2.5,), (23,), (2.5,))
('K.12 Musicalion', 'P1', 2, (63, 64), (48,), (2.5,), (48,), (2.5,))
('K.12 Musicalion', 'P1', 3, (29, 30), (4,), (2.5,), (4,), (2.5,))
('K.12 Musicalion', 'P1', 3, (37, 38), (5,), (2.5,), (5,), (2.5,))
('K.12 Musicalion', 'P1', 3, (45, 46), (6,), (2.5,), (6,), (2.5,))
('K.12 Musicalion', 'P1', 3, (229, 230), (28,), (2.5,), (28,), (2.5,))
('K.12 Musicalion', 'P1', 3, (332, 333), (35,), (2.5,), (35,), (2.5,))

66.    ((2,), (0.25,), (3,), (0.75,)):
('K.12 Musicalion', 'P1', 1, (94, 95), (7,), (3.75,), (7,), (3.75,))
('K.12 Musicalion', 'P1', 1, (110, 111), (8,), (3.75,), (8,), (3.75,))
('K.12 Musicalion', 'P1', 2, (17, 18), (22,), (3.75,), (22,), (3.75,))
('K.12 Musicalion', 'P1', 2, (29, 30), (23,), (3.75,), (23,), (3.75,))
('K.12 Musicalion', 'P1', 2, (45, 46), (25,), (3.75,), (25,), (3.75,))
('K.12 Musicalion', 'P1', 2, (66, 67), (48,), (3.75,), (48,), (3.75,))

67.    ((2,), (0.25,), (1,), (0.25,)):
('K.12 Musicalion', 'P1', 1, (100, 101), (8,), (1.25,), (8,), (1.25,))
('K.12 Musicalion', 'P1', 1, (116, 117), (9,), (1.25,), (9,), (1.25,))
('K.12 Musicalion', 'P1', 1, (162, 163), (13,), (1.25,), (13,), (1.25,))
('K.12 Musicalion', 'P1', 1, (314, 315), (27,), (1.25,), (27,), (1.25,))
('K.12 Musicalion', 'P1', 1, (454, 455), (40,), (1.25,), (40,), (1.25,))
('K.12 Musicalion', 'P1', 2, (1, 2), (7,), (1.25,), (7,), (1.25,))

68.    ((-3,), (0.25,), (3,), (0.0,)):
('K.12 Musicalion', 'P1', 1, (8, 9), (1,), (3.0,), (1,), (3.0,))
('K.12 Musicalion', 'P1', 1, (224, 225), (19,), (3.0,), (19,), (3.0,))
('K.12 Musicalion', 'P1', 1, (237, 238), (20,), (3.0,), (20,), (3.0,))
('K.12 Musicalion', 'P1', 1, (250, 251), (21,), (3.0,), (21,), (3.0,))
('K.12 Musicalion', 'P1', 2, (14, 15), (22,), (3.0,), (22,), (3.0,))
('K.12 Musicalion', 'P1', 3, (206, 207), (27,), (3.0,), (27,), (3.0,))

69.    ((-2,), (0.25,), (3,), (0.5,)):
('K.12 Musicalion', 'P1', 1, (10, 11), (1,), (3.5,), (1,), (3.5,))
('K.12 Musicalion', 'P1', 1, (215, 216), (18,), (3.5,), (18,), (3.5,))
('K.12 Musicalion', 'P1', 1, (296, 297), (26,), (3.5,), (26,), (3.5,))
('K.12 Musicalion', 'P1', 2, (44, 45), (25,), (3.5,), (25,), (3.5,))
('K.12 Musicalion', 'P1', 3, (3, 4), (2,), (3.5,), (2,), (3.5,))
('K.12 Musicalion', 'P1', 3, (208, 209), (27,), (3.5,), (27,), (3.5,))

70.    ((-2,), (0.5,), (2,), (0.0,)):
('K.12 Musicalion', 'P1', 1, (501, 502), (45,), (2.0,), (45,), (2.0,))
('K.12 Musicalion', 'P1', 2, (25, 26), (23,), (2.0,), (23,), (2.0,))
('K.12 Musicalion', 'P1', 2, (62, 63), (48,), (2.0,), (48,), (2.0,))
('K.12 Musicalion', 'P1', 3, (431, 432), (46,), (2.0,), (46,), (2.0,))
('K.12 Musicalion', 'P1', 3, (439, 440), (47,), (2.0,), (47,), (2.0,))
('K.12 Musicalion', 'P1', 4, (6, 7), (12,), (2.0,), (12,), (2.0,))

71.    ((6,), (0.25,), (2,), (0.5,)):
('K.12 Musicalion', 'P1', 1, (37, 38), (4,), (2.5,), (4,), (2.5,))
('K.12 Musicalion', 'P1', 1, (57, 58), (5,), (2.5,), (5,), (2.5,))
('K.12 Musicalion', 'P1', 1, (332, 333), (28,), (2.5,), (28,), (2.5,))
('K.12 Musicalion', 'P1', 3, (64, 65), (9,), (2.5,), (9,), (2.5,))
('K.12 Musicalion', 'P1', 3, (271, 272), (31,), (2.5,), (31,), (2.5,))
('K.12 Musicalion', 'P1', 3, (355, 356), (38,), (2.5,), (38,), (2.5,))

72.    ((3,), (0.25,), (2,), (0.5,)):
('K.12 Musicalion', 'P1', 1, (105, 106), (8,), (2.5,), (8,), (2.5,))
('K.12 Musicalion', 'P1', 1, (167, 168), (13,), (2.5,), (13,), (2.5,))
('K.12 Musicalion', 'P1', 1, (459, 460), (40,), (2.5,), (40,), (2.5,))
('K.12 Musicalion', 'P1', 1, (513, 514), (46,), (2.5,), (46,), (2.5,))
('K.12 Musicalion', 'P1', 1, (526, 527), (47,), (2.5,), (47,), (2.5,))
('K.12 Musicalion', 'P1', 3, (15, 16), (3,), (2.5,), (3,), (2.5,))

73.    ((6,), (0.25,), (3,), (0.5,)):
('K.12 Musicalion', 'P1', 1, (320, 321), (28,), (3.5,), (28,), (3.5,))
('K.12 Musicalion', 'P1', 1, (336, 337), (29,), (3.5,), (29,), (3.5,))
('K.12 Musicalion', 'P1', 3, (149, 150), (17,), (3.5,), (17,), (3.5,))
('K.12 Musicalion', 'P1', 3, (259, 260), (31,), (3.5,), (31,), (3.5,))
('K.12 Musicalion', 'P1', 3, (402, 403), (43,), (3.5,), (43,), (3.5,))
('K.12 Musicalion', 'P1', 3, (418, 419), (44,), (3.5,), (44,), (3.5,))

74.    ((-3,), (0.25,), (3,), (0.5,)):
('K.12 Musicalion', 'P1', 1, (80, 81), (6,), (3.5,), (6,), (3.5,))
('K.12 Musicalion', 'P1', 1, (553, 554), (49,), (3.5,), (49,), (3.5,))
('K.12 Musicalion', 'P1', 2, (16, 17), (22,), (3.5,), (22,), (3.5,))
('K.12 Musicalion', 'P1', 2, (28, 29), (23,), (3.5,), (23,), (3.5,))
('K.12 Musicalion', 'P1', 2, (65, 66), (48,), (3.5,), (48,), (3.5,))

75.    ((2,), (0.25,), (4,), (0.75,)):
('K.12 Musicalion', 'P1', 1, (312, 313), (27,), (4.75,), (27,), (4.75,))
('K.12 Musicalion', 'P1', 2, (21, 22), (22,), (4.75,), (22,), (4.75,))
('K.12 Musicalion', 'P1', 2, (33, 34), (23,), (4.75,), (23,), (4.75,))
('K.12 Musicalion', 'P1', 2, (70, 71), (48,), (4.75,), (48,), (4.75,))
('K.12 Musicalion', 'P1', 3, (24, 25), (3,), (4.75,), (3,), (4.75,))

76.    ((4,), (0.25,), (2,), (0.5,)):
('K.12 Musicalion', 'P1', 1, (271, 272), (23,), (2.5,), (23,), (2.5,))
('K.12 Musicalion', 'P1', 1, (538, 539), (48,), (2.5,), (48,), (2.5,))
('K.12 Musicalion', 'P1', 1, (550, 551), (49,), (2.5,), (49,), (2.5,))
('K.12 Musicalion', 'P1', 3, (72, 73), (10,), (2.5,), (10,), (2.5,))
('K.12 Musicalion', 'P1', 3, (363, 364), (39,), (2.5,), (39,), (2.5,))

77.    ((6,), (0.25,), (1,), (0.5,)):
('K.12 Musicalion', 'P1', 1, (328, 329), (28,), (1.5,), (28,), (1.5,))
('K.12 Musicalion', 'P1', 3, (141, 142), (17,), (1.5,), (17,), (1.5,))
('K.12 Musicalion', 'P1', 3, (157, 158), (18,), (1.5,), (18,), (1.5,))
('K.12 Musicalion', 'P1', 3, (267, 268), (31,), (1.5,), (31,), (1.5,))
('K.12 Musicalion', 'P1', 3, (410, 411), (44,), (1.5,), (44,), (1.5,))

78.    ((-4,), (0.25,), (1,), (0.0,)):
('K.12 Musicalion', 'P1', 1, (0, 1), (1,), (1.0,), (1,), (1.0,))
('K.12 Musicalion', 'P1', 2, (22, 23), (23,), (1.0,), (23,), (1.0,))
('K.12 Musicalion', 'P1', 2, (59, 60), (48,), (1.0,), (48,), (1.0,))
('K.12 Musicalion', 'P1', 2, (71, 72), (49,), (1.0,), (49,), (1.0,))

79.    ((-5,), (0.25,), (4,), (0.75,)):
('K.12 Musicalion', 'P1', 1, (15, 16), (1,), (4.75,), (1,), (4.75,))
('K.12 Musicalion', 'P1', 3, (280, 281), (32,), (4.75,), (32,), (4.75,))
('K.12 Musicalion', 'P1', 3, (312, 313), (34,), (4.75,), (34,), (4.75,))
('K.12 Musicalion', 'P1', 3, (328, 329), (35,), (4.75,), (35,), (4.75,))

80.    ((-5,), (0.25,), (3,), (0.75,)):
('K.12 Musicalion', 'P1', 1, (337, 338), (29,), (3.75,), (29,), (3.75,))
('K.12 Musicalion', 'P1', 3, (20, 21), (3,), (3.75,), (3,), (3.75,))
('K.12 Musicalion', 'P1', 3, (308, 309), (34,), (3.75,), (34,), (3.75,))

81.    ((1,), (0.5,), (1,), (0.0,)):
('K.12 Musicalion', 'P1', 1, (219, 220), (19,), (1.0,), (19,), (1.0,))
('K.12 Musicalion', 'P1', 4, (12, 13), (13,), (1.0,), (13,), (1.0,))
('K.12 Musicalion', 'P1', 4, (23, 24), (40,), (1.0,), (40,), (1.0,))

82.    ((2,), (0.5,), (1,), (0.0,)):
('K.12 Musicalion', 'P1', 2, (48, 49), (25,), (1.0,), (25,), (1.0,))
('K.12 Musicalion', 'P1', 3, (429, 430), (46,), (1.0,), (46,), (1.0,))
('K.12 Musicalion', 'P1', 3, (437, 438), (47,), (1.0,), (47,), (1.0,))

83.    ((2,), (1.0,), (1,), (0.5,)):
('K.12 Musicalion', 'P1', 1, (28, 29), (3,), (1.5,), (3,), (1.5,))
('K.12 Musicalion', 'P1', 1, (315, 316), (27,), (1.5,), (27,), (1.5,))

84.    ((2,), (0.25,), (1,), (0.75,)):
('K.12 Musicalion', 'P1', 1, (102, 103), (8,), (1.75,), (8,), (1.75,))
('K.12 Musicalion', 'P1', 1, (280, 281), (24,), (1.75,), (24,), (1.75,))

85.    ((-2,), (0.5,), (3,), (0.75,)):
('K.12 Musicalion', 'P1', 1, (283, 284), (24,), (3.75,), (24,), (3.75,))
('K.12 Musicalion', 'P1', 1, (448, 449), (40,), (3.75,), (40,), (3.75,))

86.    ((-2,), (0.5,), (4,), (0.25,)):
('K.12 Musicalion', 'P1', 1, (284, 285), (24,), (4.25,), (24,), (4.25,))
('K.12 Musicalion', 'P1', 1, (290, 291), (25,), (4.25,), (25,), (4.25,))

87.    ((2,), (0.25,), (4,), (0.5,)):
('K.12 Musicalion', 'P1', 1, (311, 312), (27,), (4.5,), (27,), (4.5,))
('K.12 Musicalion', 'P1', 1, (404, 405), (36,), (4.5,), (36,), (4.5,))

88.    (((6, 1),), ((0.0, 0.5),), (3,), (0.0,)):
('K.12 Musicalion', 'P1', 1, (378, 379), (34,), (3.0,), (34,), (3.0,))
('K.12 Musicalion', 'P1', 1, (485, 486), (43,), (3.0,), (43,), (3.0,))

89.    ((2,), (0.5,), (2,), (0.75,)):
('K.12 Musicalion', 'P1', 1, (551, 552), (49,), (2.75,), (49,), (2.75,))
('K.12 Musicalion', 'P1', 2, (55, 56), (45,), (2.75,), (45,), (2.75,))

90.    ((-5,), (0.25,), (1,), (0.25,)):
('K.12 Musicalion', 'P1', 1, (17, 18), (2,), (1.25,), (2,), (1.25,))
('K.12 Musicalion', 'P1', 3, (314, 315), (34,), (1.25,), (34,), (1.25,))

91.    ((-2,), (1.0,), (3,), (0.5,)):
('K.12 Musicalion', 'P1', 1, (25, 26), (2,), (3.5,), (2,), (3.5,))
('K.12 Musicalion', 'P1', 3, (60, 61), (8,), (3.5,), (8,), (3.5,))

92.    ((2,), (1.0,), (2,), (0.5,)):
('K.12 Musicalion', 'P1', 1, (29, 30), (3,), (2.5,), (3,), (2.5,))
('K.12 Musicalion', 'P1', 3, (59, 60), (8,), (2.5,), (8,), (2.5,))

93.    ((-2,), (0.5,), (1,), (0.0,)):
('K.12 Musicalion', 'P1', 1, (87, 88), (7,), (1.0,), (7,), (1.0,))
('K.12 Musicalion', 'P1', 3, (424, 425), (45,), (1.0,), (45,), (1.0,))

94.    ((2,), (0.5,), (2,), (0.0,)):
('K.12 Musicalion', 'P1', 1, (90, 91), (7,), (2.0,), (7,), (2.0,))
('K.12 Musicalion', 'P1', 3, (52, 53), (7,), (2.0,), (7,), (2.0,))

95.    ((-4,), (0.5,), (4,), (0.5,)):
('K.12 Musicalion', 'P1', 1, (218, 219), (18,), (4.5,), (18,), (4.5,))
('K.12 Musicalion', 'P1', 3, (61, 62), (8,), (4.5,), (8,), (4.5,))

96.    ((4,), (0.25,), (3,), (0.5,)):
('K.12 Musicalion', 'P1', 1, (416, 417), (37,), (3.5,), (37,), (3.5,))
('K.12 Musicalion', 'P1', 3, (307, 308), (34,), (3.5,), (34,), (3.5,))

97.    ((-4,), (0.25,), (3,), (0.25,)):
('K.12 Musicalion', 'P1', 1, (552, 553), (49,), (3.25,), (49,), (3.25,))
('K.12 Musicalion', 'P1', 3, (306, 307), (34,), (3.25,), (34,), (3.25,))

98.    ((-5,), (0.25,), (2,), (0.75,)):
('K.12 Musicalion', 'P1', 3, (16, 17), (3,), (2.75,), (3,), (2.75,))
('K.12 Musicalion', 'P1', 3, (320, 321), (34,), (2.75,), (34,), (2.75,))

99.    ((8,), (0.5,), (3,), (0.0,)):
('K.12 Musicalion', 'P1', 3, (54, 55), (7,), (3.0,), (7,), (3.0,))
('K.12 Musicalion', 'P1', 3, (222, 223), (28,), (3.0,), (28,), (3.0,))

100.    ((6,), (0.25,), (1,), (0.0,)):
('K.12 Musicalion', 'P1', 3, (313, 314), (34,), (1.0,), (34,), (1.0,))
('K.12 Musicalion', 'P1', 3, (376, 377), (42,), (1.0,), (42,), (1.0,))

101.    ((8,), (1.0,), (3,), (0.0,)):
('K.12 Musicalion', 'P1', 3, (457, 458), (49,), (3.0,), (49,), (3.0,))
('K.12 Musicalion', 'P1', 4, (20, 21), (40,), (3.0,), (40,), (3.0,))

