1.    nomes:
K.51 Musescore

2.    quantidade:
1

3.    analise:
[('intDia', 'p1p2'), ('duracao', 'p1p2')] SemContInte Distancia: 0

1.    ((-6, 4, -2, 8, -6, 5, -7, 6, -7, 6, -7, 6, -7, 6, 2, -6, 4, -2, 8, -6, 5, -7, 6, -7, 6, -7, 6, -7, 6), (0.25, 0.25, 0.25, 0.25, 0.25, 0.25, 0.25, 0.25, 0.25, 0.25, 0.25, 0.25, 0.25, 0.25, 0.5, 0.25, 0.25, 0.25, 0.25, 0.25, 0.25, 0.25, 0.25, 0.25, 0.25, 0.25, 0.25, 0.25, 0.25)):
('K.51 Musescore', 'P1', 1, (1, 30), (1,), (1.25,), (2,), (4.5,))
('K.51 Musescore', 'P1', 1, (280, 309), (23,), (1.25,), (24,), (4.5,))

2.    ((-3, 2, -3, 2, -3, 2, -3, -3, 6, -2, -3, 2, -3, 2, -4, 2, -3, 2, -3, 2, -3, 2, -3, -3, 6, -2), (0.25, 0.25, 0.25, 0.25, 0.25, 0.25, 0.25, 0.25, 0.25, 0.25, 0.25, 0.25, 0.25, 0.25, 0.25, 0.25, 0.25, 0.25, 0.25, 0.25, 0.25, 0.25, 0.25, 0.25, 0.25, 0.25)):
('K.51 Musescore', 'P1', 1, (248, 274), (20,), (1.5,), (21,), (3.75,))
('K.51 Musescore', 'P1', 1, (569, 595), (45,), (3.5,), (46,), (1.75,))

3.    ((-2, 6, -2, -5, 2, 5, -2, -4, -2, 6, -2, -5, 2, 5, -2, -4, -2, 6, -2, -5), (0.25, 0.25, 0.25, 0.25, 0.25, 0.25, 0.25, 0.25, 0.25, 0.25, 0.25, 0.25, 0.25, 0.25, 0.25, 0.25, 0.25, 0.25, 0.25, 0.25)):
('K.51 Musescore', 'P1', 3, (208, 228), (29,), (1.75,), (30,), (2.5,))
('K.51 Musescore', 'P1', 3, (228, 248), (30,), (2.75,), (31,), (3.5,))

4.    ((-2, -2, -2, -2, (3, -4), -3, -3, 9, (3, -2), (3, -4), -3, -3, 9, (3, -2), (3, -4), -3, -3, 9), (0.25, 0.25, 0.25, 0.25, (0.0, 0.25), 0.25, 0.25, 0.25, (0.0, 1.0), (0.0, 0.25), 0.25, 0.25, 0.25, (0.0, 1.0), (0.0, 0.25), 0.25, 0.25, 0.25)):
('K.51 Musescore', 'P1', 1, (50, 68), (4,), (4.0,), (6,), (1.75,))
('K.51 Musescore', 'P1', 1, (199, 217), (15,), (4.0,), (17,), (1.75,))

5.    ((5, -5, 6, -5, 6, -5, 6, -5, 6, -7, 6, -7, 6, -7, 6), (0.25, 0.25, 0.25, 0.25, 0.25, 0.25, 0.25, 0.25, 0.25, 0.25, 0.25, 0.25, 0.25, 0.25, 0.25)):
('K.51 Musescore', 'P1', 1, (310, 325), (25,), (1.0,), (25,), (4.5,))
('K.51 Musescore', 'P1', 1, (326, 341), (26,), (1.0,), (26,), (4.5,))

6.    ((2, 1, 2, 1, 2, -4, 2, 1, 2, 1, 2, 2, 1, -4, 2), (0.25, 0.25, 0.25, 0.25, 0.25, 0.25, 0.25, 0.25, 0.25, 0.25, 0.25, 0.25, 0.25, 0.25, 0.25)):
('K.51 Musescore', 'P1', 1, (343, 358), (27,), (1.25,), (27,), (4.75,))
('K.51 Musescore', 'P1', 1, (423, 438), (33,), (3.25,), (34,), (2.75,))

7.    ((-5, 5, -4, -5, 4, 5, -4, -5, 4, 5, -4, -5, 4), (0.5, 1.25, 0.25, 0.25, 0.25, 1.25, 0.25, 0.25, 0.25, 1.25, 0.25, 0.25, 0.25)):
('K.51 Musescore', 'P1', 3, (29, 42), (4,), (4.5,), (6,), (2.75,))
('K.51 Musescore', 'P1', 3, (114, 127), (15,), (4.5,), (17,), (2.75,))

8.    ((-2, -2, -2, -5, 2, -8, 4, 4, -2, -2, -2), (0.5, 0.5, 0.5, 0.5, 0.5, 0.5, 0.5, 0.5, 0.5, 0.5, 0.5)):
('K.51 Musescore', 'P1', 3, (148, 159), (20,), (1.5,), (21,), (2.5,))
('K.51 Musescore', 'P1', 3, (363, 374), (45,), (3.5,), (46,), (4.5,))

9.    ((-3, -4, -2, 6, -4, -3, -2, 6, -4, -3, -2), (0.25, 0.25, 0.25, 0.25, 0.25, 0.25, 0.25, 0.25, 0.25, 0.25, 0.25)):
('K.51 Musescore', 'P1', 3, (280, 291), (34,), (4.25,), (35,), (2.75,))
('K.51 Musescore', 'P1', 3, (292, 303), (35,), (4.25,), (36,), (2.75,))

10.    ((-2, -2, -2, 1, -2, 6, -2), (0.25, 0.25, 0.25, 0.25, 0.25, 0.25, 0.25)):
('K.51 Musescore', 'P1', 1, (478, 485), (38,), (3.0,), (38,), (4.5,))
('K.51 Musescore', 'P1', 1, (486, 493), (39,), (2.0,), (39,), (3.5,))

11.    ((17, -2, -2, -5, 2, -8, -5), (1.0, 0.5, 0.5, 0.5, 0.5, 0.5, 0.5)):
('K.51 Musescore', 'P1', 3, (0, 7), (1,), (1.0,), (1,), (4.5,))
('K.51 Musescore', 'P1', 3, (7, 14), (2,), (1.0,), (2,), (4.5,))

12.    ((-2, -2, -2, -2, -2, -2), (0.5, 0.5, 0.5, 0.75, 0.5, 0.5)):
('K.51 Musescore', 'P1', 2, (2, 8), (20,), (1.25,), (20,), (4.0,))
('K.51 Musescore', 'P1', 2, (21, 27), (46,), (3.25,), (46,), (2.0,))

13.    ((10, -2, -2, -5, 2, -8), (1.0, 0.5, 0.5, 0.5, 0.5, 0.5)):
('K.51 Musescore', 'P1', 3, (164, 170), (23,), (1.0,), (23,), (4.0,))
('K.51 Musescore', 'P1', 3, (171, 177), (24,), (1.0,), (24,), (4.0,))

14.    ((-2, -2, -2, -2, 2, 2), (0.5, 0.5, 0.5, 0.5, 0.5, 0.5)):
('K.51 Musescore', 'P1', 3, (178, 184), (25,), (1.0,), (25,), (3.5,))
('K.51 Musescore', 'P1', 3, (186, 192), (26,), (1.0,), (26,), (3.5,))

15.    ((1, 2, 2, 1, 2), (0.25, 0.25, 0.25, 0.25, 0.25)):
('K.51 Musescore', 'P1', 1, (366, 371), (28,), (3.0,), (28,), (4.0,))
('K.51 Musescore', 'P1', 1, (461, 466), (37,), (1.25,), (37,), (2.25,))

16.    ((1, 2, 2, -3, 1), (0.5, 0.75, 0.25, 0.25, 0.25)):
('K.51 Musescore', 'P1', 1, (389, 394), (30,), (3.0,), (30,), (4.75,))
('K.51 Musescore', 'P1', 1, (394, 399), (31,), (1.0,), (31,), (2.75,))

17.    ((2, 5, -3, -3), (0.25, 0.25, 0.25, 0.25)):
('K.51 Musescore', 'P1', 1, (437, 441), (34,), (2.75,), (34,), (3.5,))
('K.51 Musescore', 'P1', 3, (256, 260), (32,), (1.75,), (32,), (2.5,))
('K.51 Musescore', 'P1', 3, (264, 268), (32,), (3.75,), (32,), (4.5,))

18.    ((4, 2, -8, 4), (0.5, 0.5, 0.5, 0.5)):
('K.51 Musescore', 'P1', 3, (127, 131), (17,), (3.0,), (17,), (4.5,))
('K.51 Musescore', 'P1', 3, (338, 342), (42,), (3.0,), (42,), (4.5,))

19.    ((2, 1, 1, 2), (0.5, 0.5, 1.0, 0.5)):
('K.51 Musescore', 'P1', 3, (201, 205), (28,), (2.5,), (28,), (4.5,))
('K.51 Musescore', 'P1', 3, (274, 278), (33,), (4.5,), (34,), (2.5,))

20.    ((2, -2, -2, -2), (0.5, 0.5, 0.5, 0.5)):
('K.51 Musescore', 'P1', 3, (269, 273), (33,), (1.0,), (33,), (2.5,))
('K.51 Musescore', 'P1', 3, (307, 311), (37,), (2.5,), (37,), (4.0,))

21.    ((-2, -2, -2), (0.5, 0.5, 0.5)):
('K.51 Musescore', 'P1', 2, (2, 5), (20,), (1.25,), (20,), (2.25,))
('K.51 Musescore', 'P1', 2, (6, 9), (20,), (3.5,), (20,), (4.5,))
('K.51 Musescore', 'P1', 2, (17, 20), (45,), (1.5,), (45,), (2.5,))
('K.51 Musescore', 'P1', 2, (21, 24), (46,), (3.25,), (46,), (4.25,))
('K.51 Musescore', 'P1', 3, (78, 81), (10,), (3.0,), (10,), (4.0,))
('K.51 Musescore', 'P1', 3, (148, 151), (20,), (1.5,), (20,), (2.5,))
('K.51 Musescore', 'P1', 3, (156, 159), (21,), (1.5,), (21,), (2.5,))
('K.51 Musescore', 'P1', 3, (178, 181), (25,), (1.0,), (25,), (2.0,))
('K.51 Musescore', 'P1', 3, (186, 189), (26,), (1.0,), (26,), (2.0,))
('K.51 Musescore', 'P1', 3, (270, 273), (33,), (1.5,), (33,), (2.5,))
('K.51 Musescore', 'P1', 3, (308, 311), (37,), (3.0,), (37,), (4.0,))
('K.51 Musescore', 'P1', 3, (363, 366), (45,), (3.5,), (45,), (4.5,))
('K.51 Musescore', 'P1', 3, (371, 374), (46,), (3.5,), (46,), (4.5,))

22.    ((-2, 6, -2), (0.25, 0.25, 0.25)):
('K.51 Musescore', 'P1', 1, (132, 135), (11,), (4.0,), (11,), (4.5,))
('K.51 Musescore', 'P1', 1, (482, 485), (38,), (4.0,), (38,), (4.5,))
('K.51 Musescore', 'P1', 1, (490, 493), (39,), (3.0,), (39,), (3.5,))
('K.51 Musescore', 'P1', 3, (208, 211), (29,), (1.75,), (29,), (2.25,))
('K.51 Musescore', 'P1', 3, (216, 219), (29,), (3.75,), (29,), (4.25,))
('K.51 Musescore', 'P1', 3, (224, 227), (30,), (1.75,), (30,), (2.25,))
('K.51 Musescore', 'P1', 3, (228, 231), (30,), (2.75,), (30,), (3.25,))
('K.51 Musescore', 'P1', 3, (236, 239), (30,), (4.75,), (31,), (1.25,))
('K.51 Musescore', 'P1', 3, (244, 247), (31,), (2.75,), (31,), (3.25,))

23.    ((2, 5, -2), (0.25, 0.25, 0.25)):
('K.51 Musescore', 'P1', 1, (116, 119), (10,), (3.25,), (10,), (3.75,))
('K.51 Musescore', 'P1', 3, (212, 215), (29,), (2.75,), (29,), (3.25,))
('K.51 Musescore', 'P1', 3, (220, 223), (29,), (4.75,), (30,), (1.25,))
('K.51 Musescore', 'P1', 3, (232, 235), (30,), (3.75,), (30,), (4.25,))
('K.51 Musescore', 'P1', 3, (240, 243), (31,), (1.75,), (31,), (2.25,))

24.    ((-3, -3, 4), (0.25, 0.25, 0.25)):
('K.51 Musescore', 'P1', 1, (227, 230), (18,), (1.25,), (18,), (1.75,))
('K.51 Musescore', 'P1', 1, (237, 240), (19,), (1.25,), (19,), (1.75,))
('K.51 Musescore', 'P1', 3, (23, 26), (4,), (2.25,), (4,), (2.75,))
('K.51 Musescore', 'P1', 3, (63, 66), (8,), (4.25,), (8,), (4.75,))

25.    ((-3, -3), (0.25, 0.25)):
('K.51 Musescore', 'P1', 1, (37, 39), (3,), (3.25,), (3,), (3.5,))
('K.51 Musescore', 'P1', 1, (42, 44), (4,), (1.25,), (4,), (1.5,))
('K.51 Musescore', 'P1', 1, (55, 57), (5,), (1.25,), (5,), (1.5,))
('K.51 Musescore', 'P1', 1, (60, 62), (5,), (3.25,), (5,), (3.5,))
('K.51 Musescore', 'P1', 1, (65, 67), (6,), (1.25,), (6,), (1.5,))
('K.51 Musescore', 'P1', 1, (70, 72), (6,), (3.25,), (6,), (3.5,))
('K.51 Musescore', 'P1', 1, (82, 84), (8,), (1.25,), (8,), (1.5,))
('K.51 Musescore', 'P1', 1, (87, 89), (8,), (3.25,), (8,), (3.5,))
('K.51 Musescore', 'P1', 1, (164, 166), (13,), (3.25,), (13,), (3.5,))
('K.51 Musescore', 'P1', 1, (172, 174), (14,), (1.25,), (14,), (1.5,))
('K.51 Musescore', 'P1', 1, (180, 182), (14,), (3.25,), (14,), (3.5,))
('K.51 Musescore', 'P1', 1, (204, 206), (16,), (1.25,), (16,), (1.5,))
('K.51 Musescore', 'P1', 1, (209, 211), (16,), (3.25,), (16,), (3.5,))
('K.51 Musescore', 'P1', 1, (214, 216), (17,), (1.25,), (17,), (1.5,))
('K.51 Musescore', 'P1', 1, (254, 256), (20,), (3.0,), (20,), (3.25,))
('K.51 Musescore', 'P1', 1, (270, 272), (21,), (3.0,), (21,), (3.25,))
('K.51 Musescore', 'P1', 1, (446, 448), (35,), (3.25,), (35,), (3.5,))
('K.51 Musescore', 'P1', 1, (548, 550), (43,), (3.25,), (43,), (3.5,))
('K.51 Musescore', 'P1', 1, (553, 555), (43,), (1.25,), (43,), (1.5,))
('K.51 Musescore', 'P1', 1, (558, 560), (44,), (3.25,), (44,), (3.5,))
('K.51 Musescore', 'P1', 1, (563, 565), (44,), (1.25,), (44,), (1.5,))
('K.51 Musescore', 'P1', 1, (575, 577), (45,), (1.0,), (45,), (1.25,))
('K.51 Musescore', 'P1', 1, (591, 593), (46,), (1.0,), (46,), (1.25,))
('K.51 Musescore', 'P1', 3, (15, 17), (3,), (2.25,), (3,), (2.5,))
('K.51 Musescore', 'P1', 3, (19, 21), (3,), (4.25,), (3,), (4.5,))
('K.51 Musescore', 'P1', 3, (55, 57), (7,), (4.25,), (7,), (4.5,))
('K.51 Musescore', 'P1', 3, (59, 61), (8,), (2.25,), (8,), (2.5,))
('K.51 Musescore', 'P1', 3, (343, 345), (42,), (2.25,), (42,), (2.5,))
('K.51 Musescore', 'P1', 3, (351, 353), (43,), (2.25,), (43,), (2.5,))
('K.51 Musescore', 'P1', 3, (359, 361), (44,), (2.25,), (44,), (2.5,))

26.    ((-4, -3), (0.25, 0.25)):
('K.51 Musescore', 'P1', 1, (31, 33), (3,), (1.0,), (3,), (1.25,))
('K.51 Musescore', 'P1', 1, (76, 78), (7,), (3.0,), (7,), (3.25,))
('K.51 Musescore', 'P1', 1, (231, 233), (18,), (3.0,), (18,), (3.25,))
('K.51 Musescore', 'P1', 1, (241, 243), (19,), (3.0,), (19,), (3.25,))
('K.51 Musescore', 'P1', 1, (542, 544), (42,), (1.0,), (42,), (1.25,))
('K.51 Musescore', 'P1', 3, (43, 45), (6,), (4.25,), (6,), (4.5,))
('K.51 Musescore', 'P1', 3, (254, 256), (32,), (1.25,), (32,), (1.5,))
('K.51 Musescore', 'P1', 3, (262, 264), (32,), (3.25,), (32,), (3.5,))
('K.51 Musescore', 'P1', 3, (288, 290), (35,), (2.25,), (35,), (2.5,))
('K.51 Musescore', 'P1', 3, (300, 302), (36,), (2.25,), (36,), (2.5,))

27.    ((-2, -2), (0.5, 0.5)):
('K.51 Musescore', 'P1', 2, (14, 16), (45,), (3.75,), (45,), (4.25,))
('K.51 Musescore', 'P1', 2, (25, 27), (46,), (1.5,), (46,), (2.0,))
('K.51 Musescore', 'P1', 3, (1, 3), (1,), (2.0,), (1,), (2.5,))
('K.51 Musescore', 'P1', 3, (8, 10), (2,), (2.0,), (2,), (2.5,))
('K.51 Musescore', 'P1', 3, (26, 28), (4,), (3.0,), (4,), (3.5,))
('K.51 Musescore', 'P1', 3, (165, 167), (23,), (2.0,), (23,), (2.5,))
('K.51 Musescore', 'P1', 3, (172, 174), (24,), (2.0,), (24,), (2.5,))
('K.51 Musescore', 'P1', 3, (329, 331), (40,), (1.0,), (40,), (1.5,))
('K.51 Musescore', 'P1', 3, (335, 337), (41,), (4.5,), (41,), (1.0,))

28.    ((-2, 6), (0.25, 0.25)):
('K.51 Musescore', 'P1', 1, (141, 143), (12,), (2.0,), (12,), (2.25,))
('K.51 Musescore', 'P1', 1, (150, 152), (12,), (4.0,), (12,), (4.25,))
('K.51 Musescore', 'P1', 1, (494, 496), (39,), (4.0,), (39,), (4.25,))
('K.51 Musescore', 'P1', 3, (252, 254), (31,), (4.75,), (32,), (1.0,))
('K.51 Musescore', 'P1', 3, (260, 262), (32,), (2.75,), (32,), (3.0,))
('K.51 Musescore', 'P1', 3, (286, 288), (35,), (1.75,), (35,), (2.0,))
('K.51 Musescore', 'P1', 3, (298, 300), (36,), (1.75,), (36,), (2.0,))

29.    ((6, -2), (0.25, 0.25)):
('K.51 Musescore', 'P1', 1, (195, 197), (15,), (3.0,), (15,), (3.25,))
('K.51 Musescore', 'P1', 1, (256, 258), (20,), (3.5,), (20,), (3.75,))
('K.51 Musescore', 'P1', 1, (272, 274), (21,), (3.5,), (21,), (3.75,))
('K.51 Musescore', 'P1', 1, (340, 342), (26,), (4.5,), (26,), (4.75,))
('K.51 Musescore', 'P1', 1, (577, 579), (45,), (1.5,), (45,), (1.75,))
('K.51 Musescore', 'P1', 1, (593, 595), (46,), (1.5,), (46,), (1.75,))
('K.51 Musescore', 'P1', 3, (249, 251), (31,), (4.0,), (31,), (4.25,))

30.    ((-2, 8), (0.25, 0.25)):
('K.51 Musescore', 'P1', 1, (3, 5), (1,), (1.75,), (1,), (2.0,))
('K.51 Musescore', 'P1', 1, (18, 20), (2,), (1.75,), (2,), (2.0,))
('K.51 Musescore', 'P1', 1, (47, 49), (4,), (3.25,), (4,), (3.5,))
('K.51 Musescore', 'P1', 1, (282, 284), (23,), (1.75,), (23,), (2.0,))
('K.51 Musescore', 'P1', 1, (297, 299), (24,), (1.75,), (24,), (2.0,))
('K.51 Musescore', 'P1', 3, (45, 47), (6,), (4.75,), (7,), (1.0,))

31.    ((6, -4), (0.25, 0.25)):
('K.51 Musescore', 'P1', 1, (308, 310), (24,), (4.5,), (24,), (4.75,))
('K.51 Musescore', 'P1', 3, (50, 52), (7,), (2.0,), (7,), (2.25,))
('K.51 Musescore', 'P1', 3, (283, 285), (35,), (1.0,), (35,), (1.25,))
('K.51 Musescore', 'P1', 3, (295, 297), (36,), (1.0,), (36,), (1.25,))

32.    ((-4, -2), (0.25, 0.25)):
('K.51 Musescore', 'P1', 1, (377, 379), (29,), (2.5,), (29,), (2.75,))
('K.51 Musescore', 'P1', 1, (382, 384), (29,), (4.5,), (29,), (4.75,))
('K.51 Musescore', 'P1', 3, (281, 283), (34,), (4.5,), (34,), (4.75,))
('K.51 Musescore', 'P1', 3, (293, 295), (35,), (4.5,), (35,), (4.75,))

33.    ((-2, -3), (0.25, 0.25)):
('K.51 Musescore', 'P1', 1, (118, 120), (10,), (3.75,), (10,), (4.0,))
('K.51 Musescore', 'P1', 1, (341, 343), (26,), (4.75,), (27,), (1.0,))
('K.51 Musescore', 'P1', 1, (498, 500), (39,), (1.0,), (39,), (1.25,))

34.    ((2, -6), (0.25, 0.25)):
('K.51 Musescore', 'P1', 1, (471, 473), (37,), (4.25,), (37,), (4.5,))
('K.51 Musescore', 'P1', 1, (521, 523), (41,), (2.75,), (41,), (3.0,))

35.    ((1, 1), (0.25, 0.25)):
('K.51 Musescore', 'P1', 1, (496, 498), (39,), (4.5,), (39,), (4.75,))
('K.51 Musescore', 'P1', 1, (500, 502), (39,), (1.5,), (39,), (1.75,))

36.    ((1, -2), (0.25, 0.5)):
('K.51 Musescore', 'P1', 1, (473, 475), (37,), (4.75,), (38,), (1.0,))
('K.51 Musescore', 'P1', 2, (20, 22), (46,), (3.0,), (46,), (3.25,))

37.    ((-6, -2), (0.25, 0.25)):
('K.51 Musescore', 'P1', 1, (522, 524), (41,), (3.0,), (41,), (3.25,))
('K.51 Musescore', 'P1', 3, (48, 50), (7,), (1.5,), (7,), (1.75,))

38.    ((-4, 2), (0.5, 0.5)):
('K.51 Musescore', 'P1', 3, (107, 109), (15,), (1.0,), (15,), (1.5,))
('K.51 Musescore', 'P1', 3, (109, 111), (15,), (2.0,), (15,), (2.5,))

39.    ((2, 1), (0.5, 0.5)):
('K.51 Musescore', 'P1', 3, (195, 197), (27,), (2.5,), (27,), (3.0,))
('K.51 Musescore', 'P1', 3, (304, 306), (36,), (4.5,), (37,), (1.0,))

40.    ((1, -2), (0.5, 0.5)):
('K.51 Musescore', 'P1', 3, (311, 313), (37,), (4.5,), (38,), (1.0,))
('K.51 Musescore', 'P1', 3, (314, 316), (38,), (2.5,), (38,), (3.0,))

41.    ((-2,), (0.25,)):
('K.51 Musescore', 'P1', 1, (3, 4), (1,), (1.75,), (1,), (1.75,))
('K.51 Musescore', 'P1', 1, (18, 19), (2,), (1.75,), (2,), (1.75,))
('K.51 Musescore', 'P1', 1, (47, 48), (4,), (3.25,), (4,), (3.25,))
('K.51 Musescore', 'P1', 1, (50, 51), (4,), (4.0,), (4,), (4.0,))
('K.51 Musescore', 'P1', 1, (51, 52), (4,), (4.25,), (4,), (4.25,))
('K.51 Musescore', 'P1', 1, (52, 53), (4,), (4.5,), (4,), (4.5,))
('K.51 Musescore', 'P1', 1, (53, 54), (4,), (4.75,), (4,), (4.75,))
('K.51 Musescore', 'P1', 1, (118, 119), (10,), (3.75,), (10,), (3.75,))
('K.51 Musescore', 'P1', 1, (125, 126), (11,), (2.5,), (11,), (2.5,))
('K.51 Musescore', 'P1', 1, (127, 128), (11,), (3.0,), (11,), (3.0,))
('K.51 Musescore', 'P1', 1, (128, 129), (11,), (3.25,), (11,), (3.25,))
('K.51 Musescore', 'P1', 1, (129, 130), (11,), (3.5,), (11,), (3.5,))
('K.51 Musescore', 'P1', 1, (132, 133), (11,), (4.0,), (11,), (4.0,))
('K.51 Musescore', 'P1', 1, (134, 135), (11,), (4.5,), (11,), (4.5,))
('K.51 Musescore', 'P1', 1, (136, 137), (12,), (1.0,), (12,), (1.0,))
('K.51 Musescore', 'P1', 1, (137, 138), (12,), (1.25,), (12,), (1.25,))
('K.51 Musescore', 'P1', 1, (138, 139), (12,), (1.5,), (12,), (1.5,))
('K.51 Musescore', 'P1', 1, (141, 142), (12,), (2.0,), (12,), (2.0,))
('K.51 Musescore', 'P1', 1, (150, 151), (12,), (4.0,), (12,), (4.0,))
('K.51 Musescore', 'P1', 1, (159, 160), (13,), (2.0,), (13,), (2.0,))
('K.51 Musescore', 'P1', 1, (196, 197), (15,), (3.25,), (15,), (3.25,))
('K.51 Musescore', 'P1', 1, (197, 198), (15,), (3.5,), (15,), (3.5,))
('K.51 Musescore', 'P1', 1, (199, 200), (15,), (4.0,), (15,), (4.0,))
('K.51 Musescore', 'P1', 1, (200, 201), (15,), (4.25,), (15,), (4.25,))
('K.51 Musescore', 'P1', 1, (201, 202), (15,), (4.5,), (15,), (4.5,))
('K.51 Musescore', 'P1', 1, (202, 203), (15,), (4.75,), (15,), (4.75,))
('K.51 Musescore', 'P1', 1, (257, 258), (20,), (3.75,), (20,), (3.75,))
('K.51 Musescore', 'P1', 1, (273, 274), (21,), (3.75,), (21,), (3.75,))
('K.51 Musescore', 'P1', 1, (274, 275), (21,), (4.0,), (21,), (4.0,))
('K.51 Musescore', 'P1', 1, (275, 276), (21,), (4.25,), (21,), (4.25,))
('K.51 Musescore', 'P1', 1, (276, 277), (21,), (4.5,), (21,), (4.5,))
('K.51 Musescore', 'P1', 1, (282, 283), (23,), (1.75,), (23,), (1.75,))
('K.51 Musescore', 'P1', 1, (297, 298), (24,), (1.75,), (24,), (1.75,))
('K.51 Musescore', 'P1', 1, (341, 342), (26,), (4.75,), (26,), (4.75,))
('K.51 Musescore', 'P1', 1, (378, 379), (29,), (2.75,), (29,), (2.75,))
('K.51 Musescore', 'P1', 1, (383, 384), (29,), (4.75,), (29,), (4.75,))
('K.51 Musescore', 'P1', 1, (476, 477), (38,), (2.5,), (38,), (2.5,))
('K.51 Musescore', 'P1', 1, (478, 479), (38,), (3.0,), (38,), (3.0,))
('K.51 Musescore', 'P1', 1, (479, 480), (38,), (3.25,), (38,), (3.25,))
('K.51 Musescore', 'P1', 1, (480, 481), (38,), (3.5,), (38,), (3.5,))
('K.51 Musescore', 'P1', 1, (482, 483), (38,), (4.0,), (38,), (4.0,))
('K.51 Musescore', 'P1', 1, (484, 485), (38,), (4.5,), (38,), (4.5,))
('K.51 Musescore', 'P1', 1, (486, 487), (39,), (2.0,), (39,), (2.0,))
('K.51 Musescore', 'P1', 1, (487, 488), (39,), (2.25,), (39,), (2.25,))
('K.51 Musescore', 'P1', 1, (488, 489), (39,), (2.5,), (39,), (2.5,))
('K.51 Musescore', 'P1', 1, (490, 491), (39,), (3.0,), (39,), (3.0,))
('K.51 Musescore', 'P1', 1, (492, 493), (39,), (3.5,), (39,), (3.5,))
('K.51 Musescore', 'P1', 1, (494, 495), (39,), (4.0,), (39,), (4.0,))
('K.51 Musescore', 'P1', 1, (498, 499), (39,), (1.0,), (39,), (1.0,))
('K.51 Musescore', 'P1', 1, (504, 505), (40,), (2.5,), (40,), (2.5,))
('K.51 Musescore', 'P1', 1, (505, 506), (40,), (2.75,), (40,), (2.75,))
('K.51 Musescore', 'P1', 1, (506, 507), (40,), (3.0,), (40,), (3.0,))
('K.51 Musescore', 'P1', 1, (508, 509), (40,), (3.5,), (40,), (3.5,))
('K.51 Musescore', 'P1', 1, (510, 511), (40,), (4.0,), (40,), (4.0,))
('K.51 Musescore', 'P1', 1, (511, 512), (40,), (4.25,), (40,), (4.25,))
('K.51 Musescore', 'P1', 1, (512, 513), (40,), (4.5,), (40,), (4.5,))
('K.51 Musescore', 'P1', 1, (514, 515), (40,), (1.0,), (40,), (1.0,))
('K.51 Musescore', 'P1', 1, (516, 517), (40,), (1.5,), (40,), (1.5,))
('K.51 Musescore', 'P1', 1, (523, 524), (41,), (3.25,), (41,), (3.25,))
('K.51 Musescore', 'P1', 1, (524, 525), (41,), (3.5,), (41,), (3.5,))
('K.51 Musescore', 'P1', 1, (578, 579), (45,), (1.75,), (45,), (1.75,))
('K.51 Musescore', 'P1', 1, (594, 595), (46,), (1.75,), (46,), (1.75,))
('K.51 Musescore', 'P1', 2, (12, 13), (37,), (3.75,), (37,), (3.75,))
('K.51 Musescore', 'P1', 3, (45, 46), (6,), (4.75,), (6,), (4.75,))
('K.51 Musescore', 'P1', 3, (49, 50), (7,), (1.75,), (7,), (1.75,))
('K.51 Musescore', 'P1', 3, (53, 54), (7,), (2.75,), (7,), (2.75,))
('K.51 Musescore', 'P1', 3, (206, 207), (29,), (1.25,), (29,), (1.25,))
('K.51 Musescore', 'P1', 3, (208, 209), (29,), (1.75,), (29,), (1.75,))
('K.51 Musescore', 'P1', 3, (210, 211), (29,), (2.25,), (29,), (2.25,))
('K.51 Musescore', 'P1', 3, (214, 215), (29,), (3.25,), (29,), (3.25,))
('K.51 Musescore', 'P1', 3, (216, 217), (29,), (3.75,), (29,), (3.75,))
('K.51 Musescore', 'P1', 3, (218, 219), (29,), (4.25,), (29,), (4.25,))
('K.51 Musescore', 'P1', 3, (222, 223), (30,), (1.25,), (30,), (1.25,))
('K.51 Musescore', 'P1', 3, (224, 225), (30,), (1.75,), (30,), (1.75,))
('K.51 Musescore', 'P1', 3, (226, 227), (30,), (2.25,), (30,), (2.25,))
('K.51 Musescore', 'P1', 3, (228, 229), (30,), (2.75,), (30,), (2.75,))
('K.51 Musescore', 'P1', 3, (230, 231), (30,), (3.25,), (30,), (3.25,))
('K.51 Musescore', 'P1', 3, (234, 235), (30,), (4.25,), (30,), (4.25,))
('K.51 Musescore', 'P1', 3, (236, 237), (30,), (4.75,), (30,), (4.75,))
('K.51 Musescore', 'P1', 3, (238, 239), (31,), (1.25,), (31,), (1.25,))
('K.51 Musescore', 'P1', 3, (242, 243), (31,), (2.25,), (31,), (2.25,))
('K.51 Musescore', 'P1', 3, (244, 245), (31,), (2.75,), (31,), (2.75,))
('K.51 Musescore', 'P1', 3, (246, 247), (31,), (3.25,), (31,), (3.25,))
('K.51 Musescore', 'P1', 3, (250, 251), (31,), (4.25,), (31,), (4.25,))
('K.51 Musescore', 'P1', 3, (252, 253), (31,), (4.75,), (31,), (4.75,))
('K.51 Musescore', 'P1', 3, (260, 261), (32,), (2.75,), (32,), (2.75,))
('K.51 Musescore', 'P1', 3, (268, 269), (32,), (4.75,), (32,), (4.75,))
('K.51 Musescore', 'P1', 3, (282, 283), (34,), (4.75,), (34,), (4.75,))
('K.51 Musescore', 'P1', 3, (286, 287), (35,), (1.75,), (35,), (1.75,))
('K.51 Musescore', 'P1', 3, (290, 291), (35,), (2.75,), (35,), (2.75,))
('K.51 Musescore', 'P1', 3, (294, 295), (35,), (4.75,), (35,), (4.75,))
('K.51 Musescore', 'P1', 3, (298, 299), (36,), (1.75,), (36,), (1.75,))
('K.51 Musescore', 'P1', 3, (302, 303), (36,), (2.75,), (36,), (2.75,))

42.    ((-2,), (0.5,)):
('K.51 Musescore', 'P1', 1, (474, 475), (38,), (1.0,), (38,), (1.0,))
('K.51 Musescore', 'P1', 2, (2, 3), (20,), (1.25,), (20,), (1.25,))
('K.51 Musescore', 'P1', 2, (3, 4), (20,), (1.75,), (20,), (1.75,))
('K.51 Musescore', 'P1', 2, (4, 5), (20,), (2.25,), (20,), (2.25,))
('K.51 Musescore', 'P1', 2, (6, 7), (20,), (3.5,), (20,), (3.5,))
('K.51 Musescore', 'P1', 2, (7, 8), (20,), (4.0,), (20,), (4.0,))
('K.51 Musescore', 'P1', 2, (8, 9), (20,), (4.5,), (20,), (4.5,))
('K.51 Musescore', 'P1', 2, (14, 15), (45,), (3.75,), (45,), (3.75,))
('K.51 Musescore', 'P1', 2, (15, 16), (45,), (4.25,), (45,), (4.25,))
('K.51 Musescore', 'P1', 2, (17, 18), (45,), (1.5,), (45,), (1.5,))
('K.51 Musescore', 'P1', 2, (18, 19), (45,), (2.0,), (45,), (2.0,))
('K.51 Musescore', 'P1', 2, (19, 20), (45,), (2.5,), (45,), (2.5,))
('K.51 Musescore', 'P1', 2, (21, 22), (46,), (3.25,), (46,), (3.25,))
('K.51 Musescore', 'P1', 2, (22, 23), (46,), (3.75,), (46,), (3.75,))
('K.51 Musescore', 'P1', 2, (23, 24), (46,), (4.25,), (46,), (4.25,))
('K.51 Musescore', 'P1', 2, (25, 26), (46,), (1.5,), (46,), (1.5,))
('K.51 Musescore', 'P1', 2, (26, 27), (46,), (2.0,), (46,), (2.0,))
('K.51 Musescore', 'P1', 3, (1, 2), (1,), (2.0,), (1,), (2.0,))
('K.51 Musescore', 'P1', 3, (2, 3), (1,), (2.5,), (1,), (2.5,))
('K.51 Musescore', 'P1', 3, (8, 9), (2,), (2.0,), (2,), (2.0,))
('K.51 Musescore', 'P1', 3, (9, 10), (2,), (2.5,), (2,), (2.5,))
('K.51 Musescore', 'P1', 3, (26, 27), (4,), (3.0,), (4,), (3.0,))
('K.51 Musescore', 'P1', 3, (27, 28), (4,), (3.5,), (4,), (3.5,))
('K.51 Musescore', 'P1', 3, (78, 79), (10,), (3.0,), (10,), (3.0,))
('K.51 Musescore', 'P1', 3, (79, 80), (10,), (3.5,), (10,), (3.5,))
('K.51 Musescore', 'P1', 3, (80, 81), (10,), (4.0,), (10,), (4.0,))
('K.51 Musescore', 'P1', 3, (148, 149), (20,), (1.5,), (20,), (1.5,))
('K.51 Musescore', 'P1', 3, (149, 150), (20,), (2.0,), (20,), (2.0,))
('K.51 Musescore', 'P1', 3, (150, 151), (20,), (2.5,), (20,), (2.5,))
('K.51 Musescore', 'P1', 3, (156, 157), (21,), (1.5,), (21,), (1.5,))
('K.51 Musescore', 'P1', 3, (157, 158), (21,), (2.0,), (21,), (2.0,))
('K.51 Musescore', 'P1', 3, (158, 159), (21,), (2.5,), (21,), (2.5,))
('K.51 Musescore', 'P1', 3, (165, 166), (23,), (2.0,), (23,), (2.0,))
('K.51 Musescore', 'P1', 3, (166, 167), (23,), (2.5,), (23,), (2.5,))
('K.51 Musescore', 'P1', 3, (172, 173), (24,), (2.0,), (24,), (2.0,))
('K.51 Musescore', 'P1', 3, (173, 174), (24,), (2.5,), (24,), (2.5,))
('K.51 Musescore', 'P1', 3, (178, 179), (25,), (1.0,), (25,), (1.0,))
('K.51 Musescore', 'P1', 3, (179, 180), (25,), (1.5,), (25,), (1.5,))
('K.51 Musescore', 'P1', 3, (180, 181), (25,), (2.0,), (25,), (2.0,))
('K.51 Musescore', 'P1', 3, (181, 182), (25,), (2.5,), (25,), (2.5,))
('K.51 Musescore', 'P1', 3, (186, 187), (26,), (1.0,), (26,), (1.0,))
('K.51 Musescore', 'P1', 3, (187, 188), (26,), (1.5,), (26,), (1.5,))
('K.51 Musescore', 'P1', 3, (188, 189), (26,), (2.0,), (26,), (2.0,))
('K.51 Musescore', 'P1', 3, (189, 190), (26,), (2.5,), (26,), (2.5,))
('K.51 Musescore', 'P1', 3, (193, 194), (26,), (4.5,), (26,), (4.5,))
('K.51 Musescore', 'P1', 3, (270, 271), (33,), (1.5,), (33,), (1.5,))
('K.51 Musescore', 'P1', 3, (271, 272), (33,), (2.0,), (33,), (2.0,))
('K.51 Musescore', 'P1', 3, (272, 273), (33,), (2.5,), (33,), (2.5,))
('K.51 Musescore', 'P1', 3, (308, 309), (37,), (3.0,), (37,), (3.0,))
('K.51 Musescore', 'P1', 3, (309, 310), (37,), (3.5,), (37,), (3.5,))
('K.51 Musescore', 'P1', 3, (310, 311), (37,), (4.0,), (37,), (4.0,))
('K.51 Musescore', 'P1', 3, (312, 313), (38,), (1.0,), (38,), (1.0,))
('K.51 Musescore', 'P1', 3, (315, 316), (38,), (3.0,), (38,), (3.0,))
('K.51 Musescore', 'P1', 3, (318, 319), (39,), (2.0,), (39,), (2.0,))
('K.51 Musescore', 'P1', 3, (329, 330), (40,), (1.0,), (40,), (1.0,))
('K.51 Musescore', 'P1', 3, (330, 331), (40,), (1.5,), (40,), (1.5,))
('K.51 Musescore', 'P1', 3, (335, 336), (41,), (4.5,), (41,), (4.5,))
('K.51 Musescore', 'P1', 3, (336, 337), (41,), (1.0,), (41,), (1.0,))
('K.51 Musescore', 'P1', 3, (363, 364), (45,), (3.5,), (45,), (3.5,))
('K.51 Musescore', 'P1', 3, (364, 365), (45,), (4.0,), (45,), (4.0,))
('K.51 Musescore', 'P1', 3, (365, 366), (45,), (4.5,), (45,), (4.5,))
('K.51 Musescore', 'P1', 3, (371, 372), (46,), (3.5,), (46,), (3.5,))
('K.51 Musescore', 'P1', 3, (372, 373), (46,), (4.0,), (46,), (4.0,))
('K.51 Musescore', 'P1', 3, (373, 374), (46,), (4.5,), (46,), (4.5,))

43.    ((1,), (0.25,)):
('K.51 Musescore', 'P1', 1, (49, 50), (4,), (3.75,), (4,), (3.75,))
('K.51 Musescore', 'P1', 1, (98, 99), (9,), (2.75,), (9,), (2.75,))
('K.51 Musescore', 'P1', 1, (106, 107), (9,), (4.75,), (9,), (4.75,))
('K.51 Musescore', 'P1', 1, (114, 115), (10,), (2.75,), (10,), (2.75,))
('K.51 Musescore', 'P1', 1, (126, 127), (11,), (2.75,), (11,), (2.75,))
('K.51 Musescore', 'P1', 1, (135, 136), (11,), (4.75,), (11,), (4.75,))
('K.51 Musescore', 'P1', 1, (144, 145), (12,), (2.75,), (12,), (2.75,))
('K.51 Musescore', 'P1', 1, (153, 154), (12,), (4.75,), (12,), (4.75,))
('K.51 Musescore', 'P1', 1, (162, 163), (13,), (2.75,), (13,), (2.75,))
('K.51 Musescore', 'P1', 1, (166, 167), (13,), (3.75,), (13,), (3.75,))
('K.51 Musescore', 'P1', 1, (170, 171), (13,), (4.75,), (13,), (4.75,))
('K.51 Musescore', 'P1', 1, (174, 175), (14,), (1.75,), (14,), (1.75,))
('K.51 Musescore', 'P1', 1, (178, 179), (14,), (2.75,), (14,), (2.75,))
('K.51 Musescore', 'P1', 1, (182, 183), (14,), (3.75,), (14,), (3.75,))
('K.51 Musescore', 'P1', 1, (184, 185), (14,), (4.25,), (14,), (4.25,))
('K.51 Musescore', 'P1', 1, (186, 187), (14,), (4.75,), (14,), (4.75,))
('K.51 Musescore', 'P1', 1, (188, 189), (15,), (1.25,), (15,), (1.25,))
('K.51 Musescore', 'P1', 1, (190, 191), (15,), (1.75,), (15,), (1.75,))
('K.51 Musescore', 'P1', 1, (192, 193), (15,), (2.25,), (15,), (2.25,))
('K.51 Musescore', 'P1', 1, (277, 278), (21,), (4.75,), (21,), (4.75,))
('K.51 Musescore', 'P1', 1, (344, 345), (27,), (1.5,), (27,), (1.5,))
('K.51 Musescore', 'P1', 1, (346, 347), (27,), (2.0,), (27,), (2.0,))
('K.51 Musescore', 'P1', 1, (350, 351), (27,), (3.0,), (27,), (3.0,))
('K.51 Musescore', 'P1', 1, (352, 353), (27,), (3.5,), (27,), (3.5,))
('K.51 Musescore', 'P1', 1, (355, 356), (27,), (4.25,), (27,), (4.25,))
('K.51 Musescore', 'P1', 1, (360, 361), (28,), (1.5,), (28,), (1.5,))
('K.51 Musescore', 'P1', 1, (363, 364), (28,), (2.25,), (28,), (2.25,))
('K.51 Musescore', 'P1', 1, (366, 367), (28,), (3.0,), (28,), (3.0,))
('K.51 Musescore', 'P1', 1, (369, 370), (28,), (3.75,), (28,), (3.75,))
('K.51 Musescore', 'P1', 1, (371, 372), (28,), (4.25,), (28,), (4.25,))
('K.51 Musescore', 'P1', 1, (393, 394), (30,), (4.75,), (30,), (4.75,))
('K.51 Musescore', 'P1', 1, (398, 399), (31,), (2.75,), (31,), (2.75,))
('K.51 Musescore', 'P1', 1, (424, 425), (33,), (3.5,), (33,), (3.5,))
('K.51 Musescore', 'P1', 1, (426, 427), (33,), (4.0,), (33,), (4.0,))
('K.51 Musescore', 'P1', 1, (430, 431), (34,), (1.0,), (34,), (1.0,))
('K.51 Musescore', 'P1', 1, (432, 433), (34,), (1.5,), (34,), (1.5,))
('K.51 Musescore', 'P1', 1, (435, 436), (34,), (2.25,), (34,), (2.25,))
('K.51 Musescore', 'P1', 1, (454, 455), (36,), (3.5,), (36,), (3.5,))
('K.51 Musescore', 'P1', 1, (456, 457), (36,), (4.0,), (36,), (4.0,))
('K.51 Musescore', 'P1', 1, (461, 462), (37,), (1.25,), (37,), (1.25,))
('K.51 Musescore', 'P1', 1, (464, 465), (37,), (2.0,), (37,), (2.0,))
('K.51 Musescore', 'P1', 1, (473, 474), (37,), (4.75,), (37,), (4.75,))
('K.51 Musescore', 'P1', 1, (477, 478), (38,), (2.75,), (38,), (2.75,))
('K.51 Musescore', 'P1', 1, (481, 482), (38,), (3.75,), (38,), (3.75,))
('K.51 Musescore', 'P1', 1, (489, 490), (39,), (2.75,), (39,), (2.75,))
('K.51 Musescore', 'P1', 1, (493, 494), (39,), (3.75,), (39,), (3.75,))
('K.51 Musescore', 'P1', 1, (496, 497), (39,), (4.5,), (39,), (4.5,))
('K.51 Musescore', 'P1', 1, (497, 498), (39,), (4.75,), (39,), (4.75,))
('K.51 Musescore', 'P1', 1, (500, 501), (39,), (1.5,), (39,), (1.5,))
('K.51 Musescore', 'P1', 1, (501, 502), (39,), (1.75,), (39,), (1.75,))
('K.51 Musescore', 'P1', 1, (502, 503), (40,), (2.0,), (40,), (2.0,))
('K.51 Musescore', 'P1', 1, (507, 508), (40,), (3.25,), (40,), (3.25,))
('K.51 Musescore', 'P1', 1, (513, 514), (40,), (4.75,), (40,), (4.75,))
('K.51 Musescore', 'P1', 2, (20, 21), (46,), (3.0,), (46,), (3.0,))
('K.51 Musescore', 'P1', 3, (248, 249), (31,), (3.75,), (31,), (3.75,))

44.    ((-4,), (0.25,)):
('K.51 Musescore', 'P1', 1, (91, 92), (9,), (1.0,), (9,), (1.0,))
('K.51 Musescore', 'P1', 1, (99, 100), (9,), (3.0,), (9,), (3.0,))
('K.51 Musescore', 'P1', 1, (107, 108), (10,), (1.0,), (10,), (1.0,))
('K.51 Musescore', 'P1', 1, (185, 186), (14,), (4.5,), (14,), (4.5,))
('K.51 Musescore', 'P1', 1, (189, 190), (15,), (1.5,), (15,), (1.5,))
('K.51 Musescore', 'P1', 1, (193, 194), (15,), (2.5,), (15,), (2.5,))
('K.51 Musescore', 'P1', 1, (226, 227), (18,), (1.0,), (18,), (1.0,))
('K.51 Musescore', 'P1', 1, (236, 237), (19,), (1.0,), (19,), (1.0,))
('K.51 Musescore', 'P1', 1, (246, 247), (20,), (1.0,), (20,), (1.0,))
('K.51 Musescore', 'P1', 1, (262, 263), (21,), (1.0,), (21,), (1.0,))
('K.51 Musescore', 'P1', 1, (348, 349), (27,), (2.5,), (27,), (2.5,))
('K.51 Musescore', 'P1', 1, (356, 357), (27,), (4.5,), (27,), (4.5,))
('K.51 Musescore', 'P1', 1, (364, 365), (28,), (2.5,), (28,), (2.5,))
('K.51 Musescore', 'P1', 1, (372, 373), (28,), (4.5,), (28,), (4.5,))
('K.51 Musescore', 'P1', 1, (387, 388), (30,), (2.5,), (30,), (2.5,))
('K.51 Musescore', 'P1', 1, (388, 389), (30,), (2.75,), (30,), (2.75,))
('K.51 Musescore', 'P1', 1, (402, 403), (31,), (4.5,), (31,), (4.5,))
('K.51 Musescore', 'P1', 1, (407, 408), (32,), (2.5,), (32,), (2.5,))
('K.51 Musescore', 'P1', 1, (412, 413), (32,), (4.5,), (32,), (4.5,))
('K.51 Musescore', 'P1', 1, (414, 415), (33,), (1.0,), (33,), (1.0,))
('K.51 Musescore', 'P1', 1, (428, 429), (33,), (4.5,), (33,), (4.5,))
('K.51 Musescore', 'P1', 1, (436, 437), (34,), (2.5,), (34,), (2.5,))
('K.51 Musescore', 'P1', 1, (458, 459), (36,), (4.5,), (36,), (4.5,))
('K.51 Musescore', 'P1', 1, (466, 467), (37,), (2.5,), (37,), (2.5,))
('K.51 Musescore', 'P1', 1, (583, 584), (46,), (3.0,), (46,), (3.0,))
('K.51 Musescore', 'P1', 3, (31, 32), (5,), (2.25,), (5,), (2.25,))
('K.51 Musescore', 'P1', 3, (35, 36), (5,), (4.25,), (5,), (4.25,))
('K.51 Musescore', 'P1', 3, (39, 40), (6,), (2.25,), (6,), (2.25,))
('K.51 Musescore', 'P1', 3, (116, 117), (16,), (2.25,), (16,), (2.25,))
('K.51 Musescore', 'P1', 3, (120, 121), (16,), (4.25,), (16,), (4.25,))
('K.51 Musescore', 'P1', 3, (124, 125), (17,), (2.25,), (17,), (2.25,))
('K.51 Musescore', 'P1', 3, (132, 133), (18,), (2.25,), (18,), (2.25,))
('K.51 Musescore', 'P1', 3, (136, 137), (18,), (4.25,), (18,), (4.25,))
('K.51 Musescore', 'P1', 3, (140, 141), (19,), (2.25,), (19,), (2.25,))
('K.51 Musescore', 'P1', 3, (144, 145), (19,), (4.25,), (19,), (4.25,))
('K.51 Musescore', 'P1', 3, (207, 208), (29,), (1.5,), (29,), (1.5,))
('K.51 Musescore', 'P1', 3, (215, 216), (29,), (3.5,), (29,), (3.5,))
('K.51 Musescore', 'P1', 3, (223, 224), (30,), (1.5,), (30,), (1.5,))
('K.51 Musescore', 'P1', 3, (235, 236), (30,), (4.5,), (30,), (4.5,))
('K.51 Musescore', 'P1', 3, (243, 244), (31,), (2.5,), (31,), (2.5,))
('K.51 Musescore', 'P1', 3, (347, 348), (43,), (4.25,), (43,), (4.25,))
('K.51 Musescore', 'P1', 3, (355, 356), (44,), (4.25,), (44,), (4.25,))

45.    ((2,), (0.5,)):
('K.51 Musescore', 'P1', 1, (15, 16), (1,), (4.75,), (1,), (4.75,))
('K.51 Musescore', 'P1', 1, (294, 295), (23,), (4.75,), (23,), (4.75,))
('K.51 Musescore', 'P1', 2, (0, 1), (4,), (4.0,), (4,), (4.0,))
('K.51 Musescore', 'P1', 3, (4, 5), (1,), (3.5,), (1,), (3.5,))
('K.51 Musescore', 'P1', 3, (11, 12), (2,), (3.5,), (2,), (3.5,))
('K.51 Musescore', 'P1', 3, (84, 85), (11,), (2.5,), (11,), (2.5,))
('K.51 Musescore', 'P1', 3, (87, 88), (11,), (4.5,), (11,), (4.5,))
('K.51 Musescore', 'P1', 3, (90, 91), (12,), (2.5,), (12,), (2.5,))
('K.51 Musescore', 'P1', 3, (93, 94), (12,), (4.5,), (12,), (4.5,))
('K.51 Musescore', 'P1', 3, (96, 97), (13,), (2.5,), (13,), (2.5,))
('K.51 Musescore', 'P1', 3, (99, 100), (13,), (4.5,), (13,), (4.5,))
('K.51 Musescore', 'P1', 3, (102, 103), (14,), (2.5,), (14,), (2.5,))
('K.51 Musescore', 'P1', 3, (108, 109), (15,), (1.5,), (15,), (1.5,))
('K.51 Musescore', 'P1', 3, (110, 111), (15,), (2.5,), (15,), (2.5,))
('K.51 Musescore', 'P1', 3, (128, 129), (17,), (3.5,), (17,), (3.5,))
('K.51 Musescore', 'P1', 3, (152, 153), (20,), (3.5,), (20,), (3.5,))
('K.51 Musescore', 'P1', 3, (160, 161), (21,), (3.5,), (21,), (3.5,))
('K.51 Musescore', 'P1', 3, (168, 169), (23,), (3.5,), (23,), (3.5,))
('K.51 Musescore', 'P1', 3, (175, 176), (24,), (3.5,), (24,), (3.5,))
('K.51 Musescore', 'P1', 3, (182, 183), (25,), (3.0,), (25,), (3.0,))
('K.51 Musescore', 'P1', 3, (183, 184), (25,), (3.5,), (25,), (3.5,))
('K.51 Musescore', 'P1', 3, (184, 185), (25,), (4.0,), (25,), (4.0,))
('K.51 Musescore', 'P1', 3, (185, 186), (25,), (4.5,), (25,), (4.5,))
('K.51 Musescore', 'P1', 3, (190, 191), (26,), (3.0,), (26,), (3.0,))
('K.51 Musescore', 'P1', 3, (191, 192), (26,), (3.5,), (26,), (3.5,))
('K.51 Musescore', 'P1', 3, (195, 196), (27,), (2.5,), (27,), (2.5,))
('K.51 Musescore', 'P1', 3, (201, 202), (28,), (2.5,), (28,), (2.5,))
('K.51 Musescore', 'P1', 3, (204, 205), (28,), (4.5,), (28,), (4.5,))
('K.51 Musescore', 'P1', 3, (269, 270), (33,), (1.0,), (33,), (1.0,))
('K.51 Musescore', 'P1', 3, (274, 275), (33,), (4.5,), (33,), (4.5,))
('K.51 Musescore', 'P1', 3, (277, 278), (34,), (2.5,), (34,), (2.5,))
('K.51 Musescore', 'P1', 3, (304, 305), (36,), (4.5,), (36,), (4.5,))
('K.51 Musescore', 'P1', 3, (307, 308), (37,), (2.5,), (37,), (2.5,))
('K.51 Musescore', 'P1', 3, (333, 334), (41,), (3.5,), (41,), (3.5,))
('K.51 Musescore', 'P1', 3, (339, 340), (42,), (3.5,), (42,), (3.5,))
('K.51 Musescore', 'P1', 3, (367, 368), (45,), (1.5,), (45,), (1.5,))

46.    ((-5,), (0.25,)):
('K.51 Musescore', 'P1', 1, (311, 312), (25,), (1.25,), (25,), (1.25,))
('K.51 Musescore', 'P1', 1, (313, 314), (25,), (1.75,), (25,), (1.75,))
('K.51 Musescore', 'P1', 1, (315, 316), (25,), (2.25,), (25,), (2.25,))
('K.51 Musescore', 'P1', 1, (317, 318), (25,), (2.75,), (25,), (2.75,))
('K.51 Musescore', 'P1', 1, (327, 328), (26,), (1.25,), (26,), (1.25,))
('K.51 Musescore', 'P1', 1, (329, 330), (26,), (1.75,), (26,), (1.75,))
('K.51 Musescore', 'P1', 1, (331, 332), (26,), (2.25,), (26,), (2.25,))
('K.51 Musescore', 'P1', 1, (333, 334), (26,), (2.75,), (26,), (2.75,))
('K.51 Musescore', 'P1', 3, (17, 18), (3,), (2.75,), (3,), (2.75,))
('K.51 Musescore', 'P1', 3, (21, 22), (3,), (4.75,), (3,), (4.75,))
('K.51 Musescore', 'P1', 3, (57, 58), (7,), (4.75,), (7,), (4.75,))
('K.51 Musescore', 'P1', 3, (61, 62), (8,), (2.75,), (8,), (2.75,))
('K.51 Musescore', 'P1', 3, (211, 212), (29,), (2.5,), (29,), (2.5,))
('K.51 Musescore', 'P1', 3, (219, 220), (29,), (4.5,), (29,), (4.5,))
('K.51 Musescore', 'P1', 3, (227, 228), (30,), (2.5,), (30,), (2.5,))
('K.51 Musescore', 'P1', 3, (231, 232), (30,), (3.5,), (30,), (3.5,))
('K.51 Musescore', 'P1', 3, (239, 240), (31,), (1.5,), (31,), (1.5,))
('K.51 Musescore', 'P1', 3, (247, 248), (31,), (3.5,), (31,), (3.5,))
('K.51 Musescore', 'P1', 3, (251, 252), (31,), (4.5,), (31,), (4.5,))
('K.51 Musescore', 'P1', 3, (345, 346), (42,), (2.75,), (42,), (2.75,))
('K.51 Musescore', 'P1', 3, (353, 354), (43,), (2.75,), (43,), (2.75,))
('K.51 Musescore', 'P1', 3, (361, 362), (44,), (2.75,), (44,), (2.75,))

47.    ((-3,), (0.25,)):
('K.51 Musescore', 'P1', 1, (33, 34), (3,), (1.5,), (3,), (1.5,))
('K.51 Musescore', 'P1', 1, (78, 79), (7,), (3.5,), (7,), (3.5,))
('K.51 Musescore', 'P1', 1, (161, 162), (13,), (2.5,), (13,), (2.5,))
('K.51 Musescore', 'P1', 1, (224, 225), (17,), (4.5,), (17,), (4.5,))
('K.51 Musescore', 'P1', 1, (392, 393), (30,), (4.5,), (30,), (4.5,))
('K.51 Musescore', 'P1', 1, (397, 398), (31,), (2.5,), (31,), (2.5,))
('K.51 Musescore', 'P1', 1, (499, 500), (39,), (1.25,), (39,), (1.25,))
('K.51 Musescore', 'P1', 1, (527, 528), (41,), (4.25,), (41,), (4.25,))
('K.51 Musescore', 'P1', 1, (544, 545), (42,), (1.5,), (42,), (1.5,))
('K.51 Musescore', 'P1', 1, (567, 568), (45,), (3.0,), (45,), (3.0,))
('K.51 Musescore', 'P1', 1, (597, 598), (46,), (2.5,), (46,), (2.5,))
('K.51 Musescore', 'P1', 3, (47, 48), (7,), (1.25,), (7,), (1.25,))
('K.51 Musescore', 'P1', 3, (52, 53), (7,), (2.5,), (7,), (2.5,))
('K.51 Musescore', 'P1', 3, (280, 281), (34,), (4.25,), (34,), (4.25,))
('K.51 Musescore', 'P1', 3, (285, 286), (35,), (1.5,), (35,), (1.5,))
('K.51 Musescore', 'P1', 3, (292, 293), (35,), (4.25,), (35,), (4.25,))
('K.51 Musescore', 'P1', 3, (297, 298), (36,), (1.5,), (36,), (1.5,))

48.    ((4,), (0.5,)):
('K.51 Musescore', 'P1', 1, (399, 400), (31,), (3.0,), (31,), (3.0,))
('K.51 Musescore', 'P1', 3, (28, 29), (4,), (4.0,), (4,), (4.0,))
('K.51 Musescore', 'P1', 3, (104, 105), (14,), (3.5,), (14,), (3.5,))
('K.51 Musescore', 'P1', 3, (106, 107), (14,), (4.5,), (14,), (4.5,))
('K.51 Musescore', 'P1', 3, (127, 128), (17,), (3.0,), (17,), (3.0,))
('K.51 Musescore', 'P1', 3, (130, 131), (17,), (4.5,), (17,), (4.5,))
('K.51 Musescore', 'P1', 3, (154, 155), (20,), (4.5,), (20,), (4.5,))
('K.51 Musescore', 'P1', 3, (155, 156), (21,), (1.0,), (21,), (1.0,))
('K.51 Musescore', 'P1', 3, (159, 160), (21,), (3.0,), (21,), (3.0,))
('K.51 Musescore', 'P1', 3, (170, 171), (23,), (4.5,), (23,), (4.5,))
('K.51 Musescore', 'P1', 3, (334, 335), (41,), (4.0,), (41,), (4.0,))
('K.51 Musescore', 'P1', 3, (338, 339), (42,), (3.0,), (42,), (3.0,))
('K.51 Musescore', 'P1', 3, (341, 342), (42,), (4.5,), (42,), (4.5,))
('K.51 Musescore', 'P1', 3, (369, 370), (45,), (2.5,), (45,), (2.5,))
('K.51 Musescore', 'P1', 3, (370, 371), (46,), (3.0,), (46,), (3.0,))

49.    ((1,), (0.5,)):
('K.51 Musescore', 'P1', 1, (389, 390), (30,), (3.0,), (30,), (3.0,))
('K.51 Musescore', 'P1', 1, (394, 395), (31,), (1.0,), (31,), (1.0,))
('K.51 Musescore', 'P1', 1, (404, 405), (32,), (1.0,), (32,), (1.0,))
('K.51 Musescore', 'P1', 1, (409, 410), (32,), (3.0,), (32,), (3.0,))
('K.51 Musescore', 'P1', 3, (196, 197), (27,), (3.0,), (27,), (3.0,))
('K.51 Musescore', 'P1', 3, (198, 199), (27,), (4.5,), (27,), (4.5,))
('K.51 Musescore', 'P1', 3, (199, 200), (28,), (1.0,), (28,), (1.0,))
('K.51 Musescore', 'P1', 3, (202, 203), (28,), (3.0,), (28,), (3.0,))
('K.51 Musescore', 'P1', 3, (275, 276), (34,), (1.0,), (34,), (1.0,))
('K.51 Musescore', 'P1', 3, (305, 306), (37,), (1.0,), (37,), (1.0,))
('K.51 Musescore', 'P1', 3, (311, 312), (37,), (4.5,), (37,), (4.5,))
('K.51 Musescore', 'P1', 3, (314, 315), (38,), (2.5,), (38,), (2.5,))

50.    (((3, 2),), ((0.0, 1.0),)):
('K.51 Musescore', 'P1', 1, (74, 75), (7,), (1.0,), (7,), (1.0,))
('K.51 Musescore', 'P1', 1, (90, 91), (8,), (4.0,), (8,), (4.0,))
('K.51 Musescore', 'P1', 1, (217, 218), (17,), (2.0,), (17,), (2.0,))
('K.51 Musescore', 'P1', 1, (566, 567), (44,), (2.0,), (44,), (2.0,))

51.    ((3,), (0.25,)):
('K.51 Musescore', 'P1', 1, (358, 359), (28,), (1.0,), (28,), (1.0,))
('K.51 Musescore', 'P1', 1, (445, 446), (35,), (3.0,), (35,), (3.0,))
('K.51 Musescore', 'P1', 1, (448, 449), (35,), (3.75,), (35,), (3.75,))
('K.51 Musescore', 'P1', 1, (460, 461), (37,), (1.0,), (37,), (1.0,))

52.    ((-2,), (0.75,)):
('K.51 Musescore', 'P1', 1, (470, 471), (37,), (3.5,), (37,), (3.5,))
('K.51 Musescore', 'P1', 2, (5, 6), (20,), (2.75,), (20,), (2.75,))
('K.51 Musescore', 'P1', 2, (16, 17), (45,), (4.75,), (45,), (4.75,))
('K.51 Musescore', 'P1', 2, (24, 25), (46,), (4.75,), (46,), (4.75,))

53.    ((-8,), (0.5,)):
('K.51 Musescore', 'P1', 3, (82, 83), (11,), (1.0,), (11,), (1.0,))
('K.51 Musescore', 'P1', 3, (278, 279), (34,), (3.0,), (34,), (3.0,))
('K.51 Musescore', 'P1', 3, (376, 377), (46,), (2.0,), (46,), (2.0,))

54.    ((10,), (0.25,)):
('K.51 Musescore', 'P1', 1, (84, 85), (8,), (1.75,), (8,), (1.75,))
('K.51 Musescore', 'P1', 1, (160, 161), (13,), (2.25,), (13,), (2.25,))

55.    ((2,), (0.0,)):
('K.51 Musescore', 'P1', 1, (278, 279), (22,), (1.0,), (22,), (1.0,))
('K.51 Musescore', 'P1', 1, (599, 600), (47,), (1.0,), (47,), (1.0,))

56.    (((3, -2),), ((0.0, 0.5),)):
('K.51 Musescore', 'P1', 1, (123, 124), (11,), (1.0,), (11,), (1.0,))
('K.51 Musescore', 'P1', 3, (328, 329), (40,), (4.5,), (40,), (4.5,))

57.    ((12,), (1.25,)):
('K.51 Musescore', 'P1', 3, (42, 43), (6,), (3.0,), (6,), (3.0,))
('K.51 Musescore', 'P1', 3, (291, 292), (35,), (3.0,), (35,), (3.0,))

58.    ((-3,), (0.5,)):
('K.51 Musescore', 'P1', 3, (111, 112), (15,), (3.0,), (15,), (3.0,))
('K.51 Musescore', 'P1', 3, (331, 332), (41,), (2.0,), (41,), (2.0,))

59.    ((-5,), (0.5,)):
('K.51 Musescore', 'P1', 3, (162, 163), (21,), (4.5,), (21,), (4.5,))
('K.51 Musescore', 'P1', 3, (374, 375), (46,), (1.0,), (46,), (1.0,))

60.    ((2,), (1.0,)):
('K.51 Musescore', 'P1', 3, (197, 198), (27,), (3.5,), (27,), (3.5,))
('K.51 Musescore', 'P1', 3, (316, 317), (38,), (3.5,), (38,), (3.5,))

