1.    nomes:
K.200 KernScores

2.    quantidade:
1

3.    analise:
[('intDia', 'p1p2'), ('duracao', 'p1p2'), ('Ntempo', 'p1'), ('Ptempo', 'p1')] SemContInte Distancia: 0

1.    ((-3, 2, 2, 2, -2, 4, -4, -3, 2, 2, 2, -2, 4, -4, -3, 3, -2, -3, 2, -2, -2, 5, -3, 2, 2, 2, -2, 4, -4, -3, 2, 2, 2, -2, 4, -4, -3, 3, -2, -3, 2, -2, -2, 3, 2, 2, -5, 2, -3, 2, 3, 2, 2, -5, 2, -3, 2, 2, 2, 2, 2, 2, 2, 2, -4, 2, -3, -2, 6, -7, 6, 2, -4, 2, -3, -2, 6, -7, 6, 2, -4, 2, -6), (0.5, 0.12, 0.12, 0.12, 0.12, 0.5, 0.5, 0.5, 0.12, 0.12, 0.12, 0.12, 0.5, 0.5, 0.5, 0.25, 0.25, 0.25, 0.25, 0.5, 0.5, 1.5, 0.5, 0.12, 0.12, 0.12, 0.12, 0.5, 0.5, 0.5, 0.12, 0.12, 0.12, 0.12, 0.5, 0.5, 0.5, 0.25, 0.25, 0.25, 0.25, 0.5, 0.5, 0.5, 0.25, 0.25, 0.25, 0.25, 0.25, 0.25, 0.5, 0.25, 0.25, 0.25, 0.25, 0.25, 0.25, 0.5, 0.25, 0.25, 0.25, 0.25, 0.25, 0.25, 0.25, 0.25, 0.25, 0.25, 0.25, 0.25, 0.25, 0.25, 0.25, 0.25, 0.25, 0.25, 0.25, 0.25, 0.25, 0.25, 0.25, 0.25, 0.25), (2,), (0.5,)):
('K.200 KernScores', 'P1', 1, (207, 290), (36,), (2.5,), (49,), (1.5,))
('K.200 KernScores', 'P1', 1, (430, 513), (83,), (2.5,), (96,), (1.5,))

2.    ((1, 2, 2, -5, 1, 2, 2, -6, 1, 2, 2, -2, 8, -4, 1, 2, 2, -5, 1, 2, 2, -6, 1, 2, 2, -2, 7, -2, -2, -2, -2, 2, 4, -2, -2, -2, -2, 2, 6, -2, -2, -2, -2, 2), (0.25, 0.25, 0.25, 0.25, 0.25, 0.25, 0.25, 0.25, 0.25, 0.25, 0.25, 0.25, 0.5, 0.5, 0.25, 0.25, 0.25, 0.25, 0.25, 0.25, 0.25, 0.25, 0.25, 0.25, 0.25, 0.25, 0.5, 0.5, 0.17, 0.17, 0.17, 0.5, 0.5, 0.5, 0.17, 0.17, 0.17, 0.5, 0.5, 0.5, 0.25, 0.25, 0.25, 0.25), (2,), (0.0,)):
('K.200 KernScores', 'P1', 1, (100, 144), (20,), (2.0,), (26,), (2.75,))
('K.200 KernScores', 'P1', 1, (146, 190), (27,), (2.0,), (33,), (2.75,))

3.    ((2, 2, 2, -2, -2, -2, 2, 2, 2, -2, -2, -2, 4, -2, 2, 2, 2, 2, -2, -2, 2, -2, -2), (0.12, 0.12, 0.12, 0.12, 1.0, 0.5, 0.12, 0.12, 0.12, 0.12, 1.0, 0.5, 0.5, 0.5, 0.5, 0.5, 0.75, 0.12, 0.12, 0.5, 0.5, 0.25, 0.25), (1,), (0.0,)):
('K.200 KernScores', 'P1', 1, (345, 368), (61,), (1.0,), (65,), (1.25,))
('K.200 KernScores', 'P1', 1, (374, 397), (67,), (1.0,), (71,), (1.25,))

4.    ((1, 4, 1, -2, -3, 4, 1, -2, -3, 4, 1, -2, -2, -2, -2, -2, 3, 2, -8, -8), (0.5, 0.5, 0.5, 0.5, 0.5, 0.5, 0.5, 0.5, 0.5, 0.5, 0.5, 0.5, 0.5, 0.5, 0.5, 0.5, 0.5, 0.5, 0.5, 0.5), (2,), (0.0,)):
('K.200 KernScores', 'P2', 1, (187, 207), (60,), (2.0,), (65,), (1.5,))
('K.200 KernScores', 'P2', 1, (209, 229), (66,), (2.0,), (71,), (1.5,))

5.    (((8, 1), (7, 1), (6, 1), (5, 1), (4, 1), (3, 1), (8, 1), (7, 1), (6, 1), (5, 1), (4, 1), (3, 1), (7, 2), (6, -2), (7, 2), (6, -3), 4, -3, 4), ((0.0, 0.5), (0.0, 0.5), (0.0, 0.5), (0.0, 0.5), (0.0, 0.5), (0.0, 1.5), (0.0, 0.5), (0.0, 0.5), (0.0, 0.5), (0.0, 0.5), (0.0, 0.5), (0.0, 1.5), (0.0, 0.5), (0.0, 1.5), (0.0, 0.5), (0.0, 0.5), 0.5, 0.5, 0.5), (2,), (0.5,)):
('K.200 KernScores', 'P2', 1, (60, 79), (20,), (2.5,), (26,), (2.5,))
('K.200 KernScores', 'P2', 1, (80, 99), (27,), (2.5,), (33,), (2.5,))

6.    ((-2, -2, -2, -2, 1, 4, 2, 2, 2, 2, -2, -2, -2), (0.25, 0.25, 0.25, 0.25, 0.5, 0.5, 0.5, 0.5, 0.25, 0.12, 0.12, 0.25, 0.25), (1,), (0.0,)):
('K.200 KernScores', 'P1', 1, (46, 59), (8,), (1.0,), (9,), (2.75,))
('K.200 KernScores', 'P1', 1, (59, 72), (10,), (1.0,), (11,), (2.75,))

7.    (((8, 3), (8, 3), (8, -5), (8, 3), (8, 3), (8, -5), (8, 3), (8, 3), (8, 4), (8, 4), 2, -8, -5), ((0.0, 0.5), (0.0, 0.5), (0.0, 1.0), (0.0, 0.5), (0.0, 0.5), (0.0, 1.0), (0.0, 0.5), (0.0, 0.5), (0.0, 0.5), (0.0, 0.5), 0.5, 0.5, 0.5), (1,), (0.5,)):
('K.200 KernScores', 'P2', 1, (116, 129), (40,), (1.5,), (43,), (2.5,))
('K.200 KernScores', 'P2', 1, (284, 297), (87,), (1.5,), (90,), (2.5,))

8.    (((3, -2), (3, 2), (3, -2), (3, 2), (3, 2), (3, 2), (3, 2), (3, -2), (3, -2), (3, -2), (3, -2), (3, 2)), ((0.0, 0.5), (0.0, 0.5), (0.0, 0.5), (0.0, 0.5), (0.0, 0.5), (0.0, 0.5), (0.0, 1.0), (0.0, 1.0), (0.0, 0.25), (0.0, 0.25), (0.0, 0.5), (0.0, 0.5)), (2,), (0.5,)):
('K.200 KernScores', 'P1', 1, (73, 85), (12,), (2.5,), (15,), (2.5,))
('K.200 KernScores', 'P1', 1, (86, 98), (16,), (2.5,), (19,), (2.5,))

9.    (((8, 2), (8, 2), (8, -2), (8, -2), (8, 2), (8, 2), (8, -2), (8, -2), (8, 2), (8, 2), (8, 1), -5), ((0.0, 0.5), (0.0, 0.5), (0.0, 0.5), (0.0, 0.5), (0.0, 0.5), (0.0, 0.5), (0.0, 0.5), (0.0, 0.5), (0.0, 0.5), (0.0, 0.5), (0.0, 0.5), 0.5), (1,), (0.0,)):
('K.200 KernScores', 'P2', 1, (137, 149), (47,), (1.0,), (49,), (2.5,))
('K.200 KernScores', 'P2', 1, (309, 321), (95,), (1.0,), (97,), (2.5,))

10.    ((-2, -2, 2, 5, -2, -2, -2, -2, -2, -2, 2), (0.25, 0.25, 0.25, 0.25, 0.25, 0.25, 0.25, 0.25, 0.25, 0.25, 0.25), (1,), (0.25,)):
('K.200 KernScores', 'P1', 1, (11, 22), (3,), (1.25,), (4,), (1.75,))
('K.200 KernScores', 'P1', 1, (23, 34), (5,), (1.25,), (6,), (1.75,))

11.    ((7, -2, -2, 2, -2, -2, -2, 2, -5), (1.25, 0.25, 0.25, 0.25, 0.25, 0.25, 0.25, 0.25, 0.5), (1,), (0.0,)):
('K.200 KernScores', 'P2', 1, (18, 27), (8,), (1.0,), (9,), (2.0,))
('K.200 KernScores', 'P2', 1, (28, 37), (10,), (1.0,), (11,), (2.0,))

12.    (((8, 3), (8, 3), (8, -5), (8, 3), (8, 3), (8, 4), (8, 4), 2, -8), ((0.0, 0.5), (0.0, 0.5), (0.0, 1.0), (0.0, 0.5), (0.0, 0.5), (0.0, 0.5), (0.0, 0.5), 0.5, 0.5), (1,), (0.5,)):
('K.200 KernScores', 'P2', 1, (106, 115), (37,), (1.5,), (39,), (2.0,))
('K.200 KernScores', 'P2', 1, (274, 283), (84,), (1.5,), (86,), (2.0,))

13.    (((7, 1), (7, 1), (7, 1), (6, 1), (6, 1), (6, 1), (6, 1)), ((0.0, 0.5), (0.0, 0.5), (0.0, 0.5), (0.0, 0.5), (0.0, 0.5), (0.0, 0.5), (0.0, 0.5)), (1,), (0.5,)):
('K.200 KernScores', 'P2', 1, (154, 161), (52,), (1.5,), (53,), (2.5,))
('K.200 KernScores', 'P2', 1, (231, 238), (72,), (1.5,), (73,), (2.5,))

14.    ((-2, -2, 2, -2, -2, -2), (0.25, 0.25, 0.25, 0.25, 0.25, 0.25), (2,), (0.25,)):
('K.200 KernScores', 'P1', 1, (43, 49), (7,), (2.25,), (8,), (1.5,))
('K.200 KernScores', 'P2', 1, (19, 25), (8,), (2.25,), (9,), (1.5,))
('K.200 KernScores', 'P2', 1, (29, 35), (10,), (2.25,), (11,), (1.5,))

15.    ((-2, -2, -2, -2, -2), (0.25, 0.25, 0.25, 0.25, 0.25), (1,), (0.5,)):
('K.200 KernScores', 'P1', 1, (40, 45), (7,), (1.5,), (7,), (2.5,))
('K.200 KernScores', 'P1', 1, (200, 205), (35,), (1.5,), (35,), (2.5,))
('K.200 KernScores', 'P1', 1, (409, 414), (79,), (1.5,), (79,), (2.5,))

16.    ((1, 1, -3, 1, 1), (0.5, 0.5, 1.0, 0.5, 0.5), (1,), (0.5,)):
('K.200 KernScores', 'P2', 1, (39, 44), (13,), (1.5,), (14,), (2.0,))
('K.200 KernScores', 'P2', 1, (50, 55), (17,), (1.5,), (18,), (2.0,))

17.    (((8, -3), (8, -3), (8, 5), (8, -3), (8, -3)), ((0.0, 0.5), (0.0, 0.5), (0.0, 1.0), (0.0, 0.5), (0.0, 0.5)), (2,), (0.5,)):
('K.200 KernScores', 'P2', 1, (130, 135), (44,), (2.5,), (46,), (1.0,))
('K.200 KernScores', 'P2', 1, (298, 303), (91,), (2.5,), (93,), (1.0,))

18.    (((3, 2), (3, -2), (3, -2), (3, -5)), ((0.0, 0.5), (0.0, 0.5), (0.0, 0.5), (0.0, 0.5)), (2,), (0.5,)):
('K.200 KernScores', 'P2', 1, (3, 7), (2,), (2.5,), (3,), (2.0,))
('K.200 KernScores', 'P2', 1, (9, 13), (4,), (2.5,), (5,), (2.0,))

19.    ((-2, -2, -2), (1.0, 0.25, 0.25), (1,), (0.5,)):
('K.200 KernScores', 'P1', 1, (342, 345), (60,), (1.5,), (60,), (2.75,))
('K.200 KernScores', 'P1', 1, (416, 419), (80,), (1.5,), (80,), (2.75,))

20.    ((-2, -2), (0.5, 0.5), (2,), (0.0,)):
('K.200 KernScores', 'P1', 1, (226, 228), (39,), (2.0,), (39,), (2.5,))
('K.200 KernScores', 'P1', 1, (248, 250), (43,), (2.0,), (43,), (2.5,))
('K.200 KernScores', 'P1', 1, (449, 451), (86,), (2.0,), (86,), (2.5,))
('K.200 KernScores', 'P1', 1, (471, 473), (90,), (2.0,), (90,), (2.5,))
('K.200 KernScores', 'P2', 1, (199, 201), (63,), (2.0,), (63,), (2.5,))
('K.200 KernScores', 'P2', 1, (221, 223), (69,), (2.0,), (69,), (2.5,))

21.    ((1, 4), (0.5, 0.5), (2,), (0.0,)):
('K.200 KernScores', 'P1', 1, (50, 52), (8,), (2.0,), (8,), (2.5,))
('K.200 KernScores', 'P1', 1, (63, 65), (10,), (2.0,), (10,), (2.5,))
('K.200 KernScores', 'P2', 1, (187, 189), (60,), (2.0,), (60,), (2.5,))
('K.200 KernScores', 'P2', 1, (209, 211), (66,), (2.0,), (66,), (2.5,))

22.    ((-8, 8), (0.5, 0.5), (1,), (0.0,)):
('K.200 KernScores', 'P2', 1, (47, 49), (16,), (1.0,), (16,), (1.5,))
('K.200 KernScores', 'P2', 1, (271, 273), (83,), (1.0,), (83,), (1.5,))

23.    (((8, 1), (8, 1)), ((0.0, 0.5), (0.0, 0.5)), (1,), (0.5,)):
('K.200 KernScores', 'P2', 1, (150, 152), (51,), (1.5,), (51,), (2.0,))
('K.200 KernScores', 'P2', 1, (243, 245), (75,), (1.5,), (75,), (2.0,))

24.    ((-2,), (0.5,), (1,), (0.5,)):
('K.200 KernScores', 'P1', 1, (127, 128), (24,), (1.5,), (24,), (1.5,))
('K.200 KernScores', 'P1', 1, (133, 134), (25,), (1.5,), (25,), (1.5,))
('K.200 KernScores', 'P1', 1, (139, 140), (26,), (1.5,), (26,), (1.5,))
('K.200 KernScores', 'P1', 1, (173, 174), (31,), (1.5,), (31,), (1.5,))
('K.200 KernScores', 'P1', 1, (179, 180), (32,), (1.5,), (32,), (1.5,))
('K.200 KernScores', 'P1', 1, (185, 186), (33,), (1.5,), (33,), (1.5,))
('K.200 KernScores', 'P1', 1, (320, 321), (56,), (1.5,), (56,), (1.5,))
('K.200 KernScores', 'P1', 1, (358, 359), (63,), (1.5,), (63,), (1.5,))
('K.200 KernScores', 'P1', 1, (387, 388), (69,), (1.5,), (69,), (1.5,))
('K.200 KernScores', 'P2', 1, (174, 175), (57,), (1.5,), (57,), (1.5,))
('K.200 KernScores', 'P2', 1, (178, 179), (58,), (1.5,), (58,), (1.5,))
('K.200 KernScores', 'P2', 1, (190, 191), (61,), (1.5,), (61,), (1.5,))
('K.200 KernScores', 'P2', 1, (194, 195), (62,), (1.5,), (62,), (1.5,))
('K.200 KernScores', 'P2', 1, (198, 199), (63,), (1.5,), (63,), (1.5,))
('K.200 KernScores', 'P2', 1, (202, 203), (64,), (1.5,), (64,), (1.5,))
('K.200 KernScores', 'P2', 1, (212, 213), (67,), (1.5,), (67,), (1.5,))
('K.200 KernScores', 'P2', 1, (216, 217), (68,), (1.5,), (68,), (1.5,))
('K.200 KernScores', 'P2', 1, (220, 221), (69,), (1.5,), (69,), (1.5,))
('K.200 KernScores', 'P2', 1, (224, 225), (70,), (1.5,), (70,), (1.5,))

25.    ((2,), (0.5,), (2,), (0.5,)):
('K.200 KernScores', 'P1', 1, (131, 132), (24,), (2.5,), (24,), (2.5,))
('K.200 KernScores', 'P1', 1, (137, 138), (25,), (2.5,), (25,), (2.5,))
('K.200 KernScores', 'P1', 1, (177, 178), (31,), (2.5,), (31,), (2.5,))
('K.200 KernScores', 'P1', 1, (183, 184), (32,), (2.5,), (32,), (2.5,))
('K.200 KernScores', 'P1', 1, (291, 292), (49,), (2.5,), (49,), (2.5,))
('K.200 KernScores', 'P1', 1, (360, 361), (63,), (2.5,), (63,), (2.5,))
('K.200 KernScores', 'P1', 1, (365, 366), (64,), (2.5,), (64,), (2.5,))
('K.200 KernScores', 'P1', 1, (389, 390), (69,), (2.5,), (69,), (2.5,))
('K.200 KernScores', 'P1', 1, (394, 395), (70,), (2.5,), (70,), (2.5,))
('K.200 KernScores', 'P1', 1, (515, 516), (96,), (2.5,), (96,), (2.5,))
('K.200 KernScores', 'P1', 1, (520, 521), (97,), (2.5,), (97,), (2.5,))
('K.200 KernScores', 'P2', 1, (15, 16), (6,), (2.5,), (6,), (2.5,))
('K.200 KernScores', 'P2', 1, (27, 28), (9,), (2.5,), (9,), (2.5,))
('K.200 KernScores', 'P2', 1, (44, 45), (14,), (2.5,), (14,), (2.5,))
('K.200 KernScores', 'P2', 1, (100, 101), (34,), (2.5,), (34,), (2.5,))
('K.200 KernScores', 'P2', 1, (184, 185), (59,), (2.5,), (59,), (2.5,))
('K.200 KernScores', 'P2', 1, (204, 205), (64,), (2.5,), (64,), (2.5,))
('K.200 KernScores', 'P2', 1, (226, 227), (70,), (2.5,), (70,), (2.5,))
('K.200 KernScores', 'P2', 1, (259, 260), (79,), (2.5,), (79,), (2.5,))

26.    ((2,), (0.25,), (1,), (0.75,)):
('K.200 KernScores', 'P1', 1, (2, 3), (1,), (1.75,), (1,), (1.75,))
('K.200 KernScores', 'P1', 1, (193, 194), (34,), (1.75,), (34,), (1.75,))
('K.200 KernScores', 'P1', 1, (225, 226), (39,), (1.75,), (39,), (1.75,))
('K.200 KernScores', 'P1', 1, (247, 248), (43,), (1.75,), (43,), (1.75,))
('K.200 KernScores', 'P1', 1, (252, 253), (44,), (1.75,), (44,), (1.75,))
('K.200 KernScores', 'P1', 1, (259, 260), (45,), (1.75,), (45,), (1.75,))
('K.200 KernScores', 'P1', 1, (266, 267), (46,), (1.75,), (46,), (1.75,))
('K.200 KernScores', 'P1', 1, (296, 297), (51,), (1.75,), (51,), (1.75,))
('K.200 KernScores', 'P1', 1, (305, 306), (53,), (1.75,), (53,), (1.75,))
('K.200 KernScores', 'P1', 1, (314, 315), (55,), (1.75,), (55,), (1.75,))
('K.200 KernScores', 'P1', 1, (448, 449), (86,), (1.75,), (86,), (1.75,))
('K.200 KernScores', 'P1', 1, (470, 471), (90,), (1.75,), (90,), (1.75,))
('K.200 KernScores', 'P1', 1, (475, 476), (91,), (1.75,), (91,), (1.75,))
('K.200 KernScores', 'P1', 1, (482, 483), (92,), (1.75,), (92,), (1.75,))
('K.200 KernScores', 'P1', 1, (489, 490), (93,), (1.75,), (93,), (1.75,))
('K.200 KernScores', 'P2', 1, (25, 26), (9,), (1.75,), (9,), (1.75,))
('K.200 KernScores', 'P2', 1, (35, 36), (11,), (1.75,), (11,), (1.75,))

27.    ((4,), (0.5,), (1,), (0.5,)):
('K.200 KernScores', 'P1', 1, (212, 213), (37,), (1.5,), (37,), (1.5,))
('K.200 KernScores', 'P1', 1, (219, 220), (38,), (1.5,), (38,), (1.5,))
('K.200 KernScores', 'P1', 1, (234, 235), (41,), (1.5,), (41,), (1.5,))
('K.200 KernScores', 'P1', 1, (241, 242), (42,), (1.5,), (42,), (1.5,))
('K.200 KernScores', 'P1', 1, (435, 436), (84,), (1.5,), (84,), (1.5,))
('K.200 KernScores', 'P1', 1, (442, 443), (85,), (1.5,), (85,), (1.5,))
('K.200 KernScores', 'P1', 1, (457, 458), (88,), (1.5,), (88,), (1.5,))
('K.200 KernScores', 'P1', 1, (464, 465), (89,), (1.5,), (89,), (1.5,))
('K.200 KernScores', 'P2', 1, (76, 77), (26,), (1.5,), (26,), (1.5,))
('K.200 KernScores', 'P2', 1, (96, 97), (33,), (1.5,), (33,), (1.5,))

28.    (((3, 2),), ((0.0, 0.5),), (2,), (0.5,)):
('K.200 KernScores', 'P1', 1, (77, 78), (13,), (2.5,), (13,), (2.5,))
('K.200 KernScores', 'P1', 1, (84, 85), (15,), (2.5,), (15,), (2.5,))
('K.200 KernScores', 'P1', 1, (90, 91), (17,), (2.5,), (17,), (2.5,))
('K.200 KernScores', 'P1', 1, (97, 98), (19,), (2.5,), (19,), (2.5,))
('K.200 KernScores', 'P2', 1, (3, 4), (2,), (2.5,), (2,), (2.5,))
('K.200 KernScores', 'P2', 1, (9, 10), (4,), (2.5,), (4,), (2.5,))
('K.200 KernScores', 'P2', 1, (172, 173), (56,), (2.5,), (56,), (2.5,))
('K.200 KernScores', 'P2', 1, (176, 177), (57,), (2.5,), (57,), (2.5,))
('K.200 KernScores', 'P2', 1, (180, 181), (58,), (2.5,), (58,), (2.5,))

29.    ((2,), (0.5,), (1,), (0.5,)):
('K.200 KernScores', 'P1', 1, (53, 54), (9,), (1.5,), (9,), (1.5,))
('K.200 KernScores', 'P1', 1, (66, 67), (11,), (1.5,), (11,), (1.5,))
('K.200 KernScores', 'P2', 1, (113, 114), (39,), (1.5,), (39,), (1.5,))
('K.200 KernScores', 'P2', 1, (126, 127), (43,), (1.5,), (43,), (1.5,))
('K.200 KernScores', 'P2', 1, (182, 183), (59,), (1.5,), (59,), (1.5,))
('K.200 KernScores', 'P2', 1, (281, 282), (86,), (1.5,), (86,), (1.5,))
('K.200 KernScores', 'P2', 1, (294, 295), (90,), (1.5,), (90,), (1.5,))

30.    (((3, -2),), ((0.0, 0.5),), (1,), (0.5,)):
('K.200 KernScores', 'P1', 1, (75, 76), (13,), (1.5,), (13,), (1.5,))
('K.200 KernScores', 'P1', 1, (88, 89), (17,), (1.5,), (17,), (1.5,))
('K.200 KernScores', 'P1', 1, (371, 372), (66,), (1.5,), (66,), (1.5,))
('K.200 KernScores', 'P2', 1, (5, 6), (3,), (1.5,), (3,), (1.5,))
('K.200 KernScores', 'P2', 1, (11, 12), (5,), (1.5,), (5,), (1.5,))

31.    ((-8,), (0.5,), (1,), (0.0,)):
('K.200 KernScores', 'P1', 1, (370, 371), (66,), (1.0,), (66,), (1.0,))
('K.200 KernScores', 'P2', 1, (47, 48), (16,), (1.0,), (16,), (1.0,))
('K.200 KernScores', 'P2', 1, (205, 206), (65,), (1.0,), (65,), (1.0,))
('K.200 KernScores', 'P2', 1, (227, 228), (71,), (1.0,), (71,), (1.0,))
('K.200 KernScores', 'P2', 1, (271, 272), (83,), (1.0,), (83,), (1.0,))

32.    ((2,), (1.5,), (1,), (0.0,)):
('K.200 KernScores', 'P1', 1, (419, 420), (81,), (1.0,), (81,), (1.0,))
('K.200 KernScores', 'P2', 1, (14, 15), (6,), (1.0,), (6,), (1.0,))
('K.200 KernScores', 'P2', 1, (16, 17), (7,), (1.0,), (7,), (1.0,))
('K.200 KernScores', 'P2', 1, (99, 100), (34,), (1.0,), (34,), (1.0,))

33.    ((-3,), (0.25,), (1,), (0.0,)):
('K.200 KernScores', 'P1', 1, (38, 39), (7,), (1.0,), (7,), (1.0,))
('K.200 KernScores', 'P1', 1, (190, 191), (34,), (1.0,), (34,), (1.0,))
('K.200 KernScores', 'P1', 1, (407, 408), (79,), (1.0,), (79,), (1.0,))

34.    ((-2,), (0.5,), (1,), (0.0,)):
('K.200 KernScores', 'P1', 1, (0, 1), (1,), (1.0,), (1,), (1.0,))
('K.200 KernScores', 'P2', 1, (201, 202), (64,), (1.0,), (64,), (1.0,))
('K.200 KernScores', 'P2', 1, (223, 224), (70,), (1.0,), (70,), (1.0,))

35.    (((3, 2),), ((0.0, 0.5),), (2,), (0.0,)):
('K.200 KernScores', 'P1', 1, (76, 77), (13,), (2.0,), (13,), (2.0,))
('K.200 KernScores', 'P1', 1, (89, 90), (17,), (2.0,), (17,), (2.0,))
('K.200 KernScores', 'P2', 1, (262, 263), (80,), (2.0,), (80,), (2.0,))

36.    (((8, 1),), ((0.0, 0.5),), (1,), (0.0,)):
('K.200 KernScores', 'P2', 1, (153, 154), (52,), (1.0,), (52,), (1.0,))
('K.200 KernScores', 'P2', 1, (242, 243), (75,), (1.0,), (75,), (1.0,))
('K.200 KernScores', 'P2', 1, (264, 265), (81,), (1.0,), (81,), (1.0,))

37.    ((-5,), (0.5,), (1,), (0.5,)):
('K.200 KernScores', 'P1', 1, (8, 9), (2,), (1.5,), (2,), (1.5,))
('K.200 KernScores', 'P1', 1, (145, 146), (27,), (1.5,), (27,), (1.5,))

38.    ((1,), (0.25,), (1,), (0.75,)):
('K.200 KernScores', 'P1', 1, (425, 426), (82,), (1.75,), (82,), (1.75,))
('K.200 KernScores', 'P1', 1, (513, 514), (96,), (1.75,), (96,), (1.75,))

39.    ((-2,), (1.0,), (2,), (0.0,)):
('K.200 KernScores', 'P1', 1, (321, 322), (56,), (2.0,), (56,), (2.0,))
('K.200 KernScores', 'P2', 1, (270, 271), (82,), (2.0,), (82,), (2.0,))

40.    ((1,), (2.0,), (2,), (0.0,)):
('K.200 KernScores', 'P1', 2, (1, 2), (61,), (2.0,), (61,), (2.0,))
('K.200 KernScores', 'P1', 2, (3, 4), (67,), (2.0,), (67,), (2.0,))

41.    ((-5,), (0.5,), (2,), (0.5,)):
('K.200 KernScores', 'P2', 1, (7, 8), (3,), (2.5,), (3,), (2.5,))
('K.200 KernScores', 'P2', 1, (58, 59), (19,), (2.5,), (19,), (2.5,))

42.    ((-7,), (0.5,), (2,), (0.5,)):
('K.200 KernScores', 'P2', 1, (17, 18), (7,), (2.5,), (7,), (2.5,))
('K.200 KernScores', 'P2', 1, (37, 38), (11,), (2.5,), (11,), (2.5,))

