1.    nomes:
K.152 Musicalion

2.    quantidade:
1

3.    analise:
[('intDia', 'p1p2')] SemContInte Distancia: 0

1.    ((1, 1, 1, 1, 4, -2, -2, -2, -2, -2, 2, 2, 1, 1, 1, 1, 4, -2, -2, -2, -2, -2, 2, 6, 1, 1, 1, 2, 2, -2, -2, -2, -2, 1, -2, 1, -2, 1, -2, 1, -2, 2),):
('K.152 Musicalion', 'P1', 1, (82, 124), (24,), (1.5,), (30,), (3.5,))
('K.152 Musicalion', 'P1', 1, (125, 167), (32,), (1.5,), (38,), (3.5,))

2.    ((1, 1, 1, 1, 4, -2, -2, -2, -2, -2, 2, 2, 1, 1, 1, 1, 4, -2, -2, -2, -2, -2, 2, -3, 1, 1, 1, 2, 2, -2, -2, -2, 7, 1, -2, 1, -2, 1, -2, 1, -2, 2),):
('K.152 Musicalion', 'P1', 1, (301, 343), (64,), (1.5,), (70,), (3.5,))
('K.152 Musicalion', 'P1', 1, (344, 386), (72,), (1.5,), (78,), (3.5,))

3.    ((3, 1, 3, 1, -2, 1, -2, 1, -2, -2, -2, 2, 3, 1, 3, 1, -2, 1, -2, 1, -2, -2, -2, 2),):
('K.152 Musicalion', 'P1', 1, (167, 191), (39,), (1.0,), (42,), (3.5,))
('K.152 Musicalion', 'P1', 1, (386, 410), (79,), (1.0,), (82,), (3.5,))

4.    (((6, 1), (6, 1), (6, -2), (3, 4, 1), (3, 4, 1), (3, 4, 2), (6, 1), (6, 1), (6, -2), (3, 4, 1), (3, 4, 1), (3, 4, 2), (3, 3, 1), (3, 3, 1), (3, 3, -2), (3, 4, 1), (3, 4, 1), (3, 4, 2), 2, -8, 4, 2, 2, 2),):
('K.152 Musicalion', 'P1', 2, (63, 87), (24,), (1.0,), (31,), (3.0,))
('K.152 Musicalion', 'P1', 2, (87, 111), (32,), (1.0,), (39,), (3.0,))

5.    ((3, -2, -2, -2, 3, -2, -4, 6, 3, -2, -2, -2, 3, -2),):
('K.152 Musicalion', 'P1', 1, (0, 14), (1,), (1.0,), (4,), (3.5,))
('K.152 Musicalion', 'P1', 1, (16, 30), (5,), (3.0,), (8,), (3.5,))

6.    (((6, 1), (6, 1), (6, -2), (6, 1), (6, 1), (6, 2), (6, 1), (6, 1), (6, -2), (6, 1), (6, 1), (6, 2), (5, 1), (5, 1)),):
('K.152 Musicalion', 'P1', 2, (178, 192), (64,), (1.0,), (68,), (2.0,))
('K.152 Musicalion', 'P1', 2, (202, 216), (72,), (1.0,), (76,), (2.0,))

7.    ((-3, -2, -2, 1, 2, 5, -6, -2, 2, 1, -2),):
('K.152 Musicalion', 'P1', 1, (58, 69), (16,), (2.0,), (19,), (1.0,))
('K.152 Musicalion', 'P1', 1, (70, 81), (20,), (2.0,), (23,), (1.0,))

8.    (((3, 4, 1), (3, 4, 1), (3, 4, 2), (5, 2, 1), (5, 2, 1), (5, 2, 1), (5, 2, 1), (5, 2, 1), (5, 2, 2), (5, 1), (5, 1)),):
('K.152 Musicalion', 'P1', 2, (39, 50), (16,), (1.0,), (19,), (2.0,))
('K.152 Musicalion', 'P1', 2, (51, 62), (20,), (1.0,), (23,), (2.0,))

9.    (((5, 1), (5, 1), (5, -2), (3, 4, 1), (3, 4, 1)),):
('K.152 Musicalion', 'P1', 2, (27, 32), (12,), (1.0,), (13,), (2.0,))
('K.152 Musicalion', 'P1', 2, (33, 38), (14,), (1.0,), (15,), (2.0,))

10.    (((4, 3, 1), (4, 3, 1), (4, 3, -2), (3, 4, 1), (3, 4, 1)),):
('K.152 Musicalion', 'P1', 2, (155, 160), (56,), (1.0,), (57,), (2.0,))
('K.152 Musicalion', 'P1', 2, (161, 166), (58,), (1.0,), (59,), (2.0,))

11.    ((2, 2, 2, 2),):
('K.152 Musicalion', 'P1', 1, (197, 201), (44,), (1.0,), (44,), (2.5,))
('K.152 Musicalion', 'P1', 1, (206, 210), (46,), (2.5,), (47,), (1.0,))
('K.152 Musicalion', 'P1', 1, (216, 220), (48,), (2.0,), (48,), (3.5,))
('K.152 Musicalion', 'P1', 1, (227, 231), (50,), (2.0,), (50,), (3.5,))
('K.152 Musicalion', 'P1', 2, (108, 112), (39,), (1.0,), (40,), (1.0,))
('K.152 Musicalion', 'P1', 2, (114, 118), (41,), (1.0,), (42,), (1.0,))
('K.152 Musicalion', 'P1', 2, (223, 227), (79,), (1.0,), (80,), (1.0,))
('K.152 Musicalion', 'P1', 2, (229, 233), (81,), (1.0,), (82,), (1.0,))

12.    ((-2, -2, -2),):
('K.152 Musicalion', 'P1', 1, (30, 33), (9,), (1.0,), (9,), (2.0,))
('K.152 Musicalion', 'P1', 1, (297, 300), (62,), (3.5,), (63,), (2.5,))

13.    ((2,),):
('K.152 Musicalion', 'P1', 1, (41, 42), (10,), (3.5,), (10,), (3.5,))
('K.152 Musicalion', 'P1', 1, (43, 44), (11,), (2.0,), (11,), (2.0,))
('K.152 Musicalion', 'P1', 1, (50, 51), (13,), (1.0,), (13,), (1.0,))
('K.152 Musicalion', 'P1', 1, (56, 57), (15,), (1.0,), (15,), (1.0,))
('K.152 Musicalion', 'P1', 1, (62, 63), (17,), (1.0,), (17,), (1.0,))
('K.152 Musicalion', 'P1', 1, (66, 67), (18,), (3.0,), (18,), (3.0,))
('K.152 Musicalion', 'P1', 1, (74, 75), (21,), (1.0,), (21,), (1.0,))
('K.152 Musicalion', 'P1', 1, (78, 79), (22,), (3.0,), (22,), (3.0,))
('K.152 Musicalion', 'P1', 1, (104, 105), (27,), (3.0,), (27,), (3.0,))
('K.152 Musicalion', 'P1', 1, (147, 148), (35,), (3.0,), (35,), (3.0,))
('K.152 Musicalion', 'P1', 1, (166, 167), (38,), (3.5,), (38,), (3.5,))
('K.152 Musicalion', 'P1', 1, (178, 179), (40,), (3.5,), (40,), (3.5,))
('K.152 Musicalion', 'P1', 1, (190, 191), (42,), (3.5,), (42,), (3.5,))
('K.152 Musicalion', 'P1', 1, (202, 203), (44,), (3.5,), (44,), (3.5,))
('K.152 Musicalion', 'P1', 1, (210, 211), (47,), (1.5,), (47,), (1.5,))
('K.152 Musicalion', 'P1', 1, (213, 214), (47,), (3.0,), (47,), (3.0,))
('K.152 Musicalion', 'P1', 1, (224, 225), (49,), (3.0,), (49,), (3.0,))
('K.152 Musicalion', 'P1', 1, (235, 236), (51,), (3.0,), (51,), (3.0,))
('K.152 Musicalion', 'P1', 1, (278, 279), (59,), (3.0,), (59,), (3.0,))
('K.152 Musicalion', 'P1', 1, (323, 324), (67,), (3.0,), (67,), (3.0,))
('K.152 Musicalion', 'P1', 1, (366, 367), (75,), (3.0,), (75,), (3.0,))
('K.152 Musicalion', 'P1', 1, (385, 386), (78,), (3.5,), (78,), (3.5,))
('K.152 Musicalion', 'P1', 1, (397, 398), (80,), (3.5,), (80,), (3.5,))
('K.152 Musicalion', 'P1', 1, (409, 410), (82,), (3.5,), (82,), (3.5,))
('K.152 Musicalion', 'P1', 1, (422, 423), (84,), (3.5,), (84,), (3.5,))
('K.152 Musicalion', 'P1', 2, (81, 82), (30,), (1.0,), (30,), (1.0,))
('K.152 Musicalion', 'P1', 2, (105, 106), (38,), (1.0,), (38,), (1.0,))
('K.152 Musicalion', 'P1', 2, (196, 197), (70,), (1.0,), (70,), (1.0,))
('K.152 Musicalion', 'P1', 2, (220, 221), (78,), (1.0,), (78,), (1.0,))
('K.152 Musicalion', 'P1', 2, (238, 239), (84,), (1.0,), (84,), (1.0,))

14.    ((3,),):
('K.152 Musicalion', 'P1', 1, (0, 1), (1,), (1.0,), (1,), (1.0,))
('K.152 Musicalion', 'P1', 1, (4, 5), (2,), (3.0,), (2,), (3.0,))
('K.152 Musicalion', 'P1', 1, (8, 9), (3,), (3.0,), (3,), (3.0,))
('K.152 Musicalion', 'P1', 1, (12, 13), (4,), (3.0,), (4,), (3.0,))
('K.152 Musicalion', 'P1', 1, (16, 17), (5,), (3.0,), (5,), (3.0,))
('K.152 Musicalion', 'P1', 1, (20, 21), (6,), (3.0,), (6,), (3.0,))
('K.152 Musicalion', 'P1', 1, (24, 25), (7,), (3.0,), (7,), (3.0,))
('K.152 Musicalion', 'P1', 1, (28, 29), (8,), (3.0,), (8,), (3.0,))
('K.152 Musicalion', 'P1', 1, (36, 37), (10,), (1.0,), (10,), (1.0,))
('K.152 Musicalion', 'P1', 1, (81, 82), (23,), (3.0,), (23,), (3.0,))
('K.152 Musicalion', 'P1', 1, (167, 168), (39,), (1.0,), (39,), (1.0,))
('K.152 Musicalion', 'P1', 1, (169, 170), (39,), (2.0,), (39,), (2.0,))
('K.152 Musicalion', 'P1', 1, (179, 180), (41,), (1.0,), (41,), (1.0,))
('K.152 Musicalion', 'P1', 1, (181, 182), (41,), (2.0,), (41,), (2.0,))
('K.152 Musicalion', 'P1', 1, (236, 237), (51,), (3.5,), (51,), (3.5,))
('K.152 Musicalion', 'P1', 1, (255, 256), (55,), (3.0,), (55,), (3.0,))
('K.152 Musicalion', 'P1', 1, (386, 387), (79,), (1.0,), (79,), (1.0,))
('K.152 Musicalion', 'P1', 1, (388, 389), (79,), (2.0,), (79,), (2.0,))
('K.152 Musicalion', 'P1', 1, (398, 399), (81,), (1.0,), (81,), (1.0,))
('K.152 Musicalion', 'P1', 1, (400, 401), (81,), (2.0,), (81,), (2.0,))
('K.152 Musicalion', 'P1', 2, (0, 1), (1,), (1.0,), (1,), (1.0,))
('K.152 Musicalion', 'P1', 2, (5, 6), (3,), (1.0,), (3,), (1.0,))
('K.152 Musicalion', 'P1', 2, (10, 11), (5,), (1.0,), (5,), (1.0,))
('K.152 Musicalion', 'P1', 2, (15, 16), (7,), (1.0,), (7,), (1.0,))

15.    ((4,),):
('K.152 Musicalion', 'P1', 1, (15, 16), (5,), (2.0,), (5,), (2.0,))
('K.152 Musicalion', 'P1', 1, (86, 87), (24,), (3.5,), (24,), (3.5,))
('K.152 Musicalion', 'P1', 1, (98, 99), (26,), (3.5,), (26,), (3.5,))
('K.152 Musicalion', 'P1', 1, (129, 130), (32,), (3.5,), (32,), (3.5,))
('K.152 Musicalion', 'P1', 1, (141, 142), (34,), (3.5,), (34,), (3.5,))
('K.152 Musicalion', 'P1', 1, (193, 194), (43,), (2.0,), (43,), (2.0,))
('K.152 Musicalion', 'P1', 1, (260, 261), (56,), (3.5,), (56,), (3.5,))
('K.152 Musicalion', 'P1', 1, (272, 273), (58,), (3.5,), (58,), (3.5,))
('K.152 Musicalion', 'P1', 1, (305, 306), (64,), (3.5,), (64,), (3.5,))
('K.152 Musicalion', 'P1', 1, (317, 318), (66,), (3.5,), (66,), (3.5,))
('K.152 Musicalion', 'P1', 1, (348, 349), (72,), (3.5,), (72,), (3.5,))
('K.152 Musicalion', 'P1', 1, (360, 361), (74,), (3.5,), (74,), (3.5,))
('K.152 Musicalion', 'P1', 2, (83, 84), (30,), (3.0,), (30,), (3.0,))
('K.152 Musicalion', 'P1', 2, (107, 108), (38,), (3.0,), (38,), (3.0,))
('K.152 Musicalion', 'P1', 2, (113, 114), (40,), (3.0,), (40,), (3.0,))
('K.152 Musicalion', 'P1', 2, (198, 199), (70,), (3.0,), (70,), (3.0,))
('K.152 Musicalion', 'P1', 2, (228, 229), (80,), (3.0,), (80,), (3.0,))
('K.152 Musicalion', 'P1', 2, (240, 241), (84,), (3.0,), (84,), (3.0,))

16.    ((-3,),):
('K.152 Musicalion', 'P1', 1, (44, 45), (11,), (2.5,), (11,), (2.5,))
('K.152 Musicalion', 'P1', 1, (46, 47), (12,), (2.0,), (12,), (2.0,))
('K.152 Musicalion', 'P1', 1, (58, 59), (16,), (2.0,), (16,), (2.0,))
('K.152 Musicalion', 'P1', 1, (70, 71), (20,), (2.0,), (20,), (2.0,))
('K.152 Musicalion', 'P1', 1, (204, 205), (46,), (1.5,), (46,), (1.5,))
('K.152 Musicalion', 'P1', 1, (214, 215), (47,), (3.5,), (47,), (3.5,))
('K.152 Musicalion', 'P1', 1, (225, 226), (49,), (3.5,), (49,), (3.5,))
('K.152 Musicalion', 'P1', 1, (324, 325), (67,), (3.5,), (67,), (3.5,))
('K.152 Musicalion', 'P1', 1, (367, 368), (75,), (3.5,), (75,), (3.5,))
('K.152 Musicalion', 'P1', 2, (1, 2), (1,), (2.0,), (1,), (2.0,))
('K.152 Musicalion', 'P1', 2, (6, 7), (3,), (2.0,), (3,), (2.0,))
('K.152 Musicalion', 'P1', 2, (11, 12), (5,), (2.0,), (5,), (2.0,))
('K.152 Musicalion', 'P1', 2, (16, 17), (7,), (2.0,), (7,), (2.0,))

17.    ((-8,),):
('K.152 Musicalion', 'P1', 1, (195, 196), (43,), (3.0,), (43,), (3.0,))
('K.152 Musicalion', 'P1', 2, (82, 83), (30,), (2.0,), (30,), (2.0,))
('K.152 Musicalion', 'P1', 2, (106, 107), (38,), (2.0,), (38,), (2.0,))
('K.152 Musicalion', 'P1', 2, (112, 113), (40,), (2.0,), (40,), (2.0,))
('K.152 Musicalion', 'P1', 2, (118, 119), (42,), (2.0,), (42,), (2.0,))
('K.152 Musicalion', 'P1', 2, (176, 177), (63,), (1.0,), (63,), (1.0,))
('K.152 Musicalion', 'P1', 2, (197, 198), (70,), (2.0,), (70,), (2.0,))
('K.152 Musicalion', 'P1', 2, (221, 222), (78,), (2.0,), (78,), (2.0,))
('K.152 Musicalion', 'P1', 2, (227, 228), (80,), (2.0,), (80,), (2.0,))
('K.152 Musicalion', 'P1', 2, (233, 234), (82,), (2.0,), (82,), (2.0,))
('K.152 Musicalion', 'P1', 2, (239, 240), (84,), (2.0,), (84,), (2.0,))

18.    ((-5,),):
('K.152 Musicalion', 'P1', 1, (52, 53), (14,), (2.0,), (14,), (2.0,))
('K.152 Musicalion', 'P1', 2, (2, 3), (1,), (3.0,), (1,), (3.0,))
('K.152 Musicalion', 'P1', 2, (7, 8), (3,), (3.0,), (3,), (3.0,))
('K.152 Musicalion', 'P1', 2, (12, 13), (5,), (3.0,), (5,), (3.0,))
('K.152 Musicalion', 'P1', 2, (17, 18), (7,), (3.0,), (7,), (3.0,))
('K.152 Musicalion', 'P1', 2, (119, 120), (42,), (3.0,), (42,), (3.0,))
('K.152 Musicalion', 'P1', 2, (234, 235), (82,), (3.0,), (82,), (3.0,))

19.    ((7,),):
('K.152 Musicalion', 'P1', 1, (333, 334), (69,), (2.0,), (69,), (2.0,))
('K.152 Musicalion', 'P1', 1, (376, 377), (77,), (2.0,), (77,), (2.0,))
('K.152 Musicalion', 'P1', 2, (177, 178), (63,), (3.0,), (63,), (3.0,))

20.    ((-6,),):
('K.152 Musicalion', 'P1', 1, (14, 15), (5,), (1.0,), (5,), (1.0,))
('K.152 Musicalion', 'P1', 1, (201, 202), (44,), (3.0,), (44,), (3.0,))

21.    ((8,),):
('K.152 Musicalion', 'P1', 1, (45, 46), (11,), (3.0,), (11,), (3.0,))
('K.152 Musicalion', 'P1', 1, (288, 289), (61,), (2.0,), (61,), (2.0,))

22.    ((6,),):
('K.152 Musicalion', 'P1', 1, (51, 52), (13,), (3.0,), (13,), (3.0,))
('K.152 Musicalion', 'P1', 1, (69, 70), (19,), (3.0,), (19,), (3.0,))

23.    ((5,),):
('K.152 Musicalion', 'P1', 1, (279, 280), (59,), (3.5,), (59,), (3.5,))
('K.152 Musicalion', 'P1', 1, (300, 301), (63,), (3.0,), (63,), (3.0,))

24.    (((3, 4, 2),),):
('K.152 Musicalion', 'P1', 2, (32, 33), (13,), (3.0,), (13,), (3.0,))
('K.152 Musicalion', 'P1', 2, (160, 161), (57,), (3.0,), (57,), (3.0,))

