1.    nomes:
K.257 Musicalion

2.    quantidade:
1

3.    analise:
[('intDia', 'p1p2'), ('duracao', 'p1p2'), ('Ntempo', 'p1'), ('Ptempo', 'p1')] SemContInte Distancia: 0

1.    ((2, -8, 4, -8, 5, 2, 2, 2, 2, 2, 2, 2, -2, -2, -2, -2, -4, 2, 2, 2, 2, 2, 2, 2, -2, -2, -2, -2, -5, 2, 2, 2, 2, 2, 2, 2, -2, -2, -2, 4, 2, -8), (1.0, 1.0, 1.0, 1.0, 2.25, 0.25, 0.25, 0.25, 0.25, 0.25, 0.25, 0.25, 0.5, 0.5, 1.0, 1.0, 1.25, 0.25, 0.25, 0.25, 0.25, 0.25, 0.25, 0.25, 0.5, 0.5, 1.0, 1.0, 1.25, 0.25, 0.25, 0.25, 0.25, 0.25, 0.25, 0.25, 1.0, 1.0, 1.0, 1.0, 1.0, 1.0), (1,), (0.0,)):
('K.257 Musicalion', 'P1', 3, (61, 103), (26,), (1.0,), (34,), (2.0,))
('K.257 Musicalion', 'P1', 3, (190, 232), (68,), (1.0,), (76,), (2.0,))

2.    ((2, 2, 2, 2, 2, 2, 2, -2, -2, -2, -3, 2, -4, 2, 2, 2, 2, 2, 2, 2, -2, -2, -2, -3, 2, -3, 2, 2, 2, 2, 2, 2, 2), (0.25, 0.25, 0.25, 0.25, 0.25, 0.25, 0.25, 0.5, 0.5, 0.5, 1.0, 1.0, 0.75, 0.25, 0.25, 0.25, 0.25, 0.25, 0.25, 0.25, 0.5, 0.5, 0.5, 1.0, 1.0, 0.75, 0.25, 0.25, 0.25, 0.25, 0.25, 0.25, 0.25), (1,), (0.25,)):
('K.257 Musicalion', 'P1', 1, (73, 106), (20,), (1.25,), (24,), (2.75,))
('K.257 Musicalion', 'P1', 1, (256, 289), (62,), (1.25,), (66,), (2.75,))

3.    ((-2, -2, -2, -2, -2, 1, 2, 3, -6, (5, 4), (3, 2), (3, 2), (3, 1), -6, (5, 4), (3, 2), (3, 2), (3, -5)), (1.0, 1.0, 1.0, 1.0, 1.0, 0.5, 0.0, 3.0, 0.0, (0.0, 3.5), (0.0, 1.0), (0.0, 1.0), (0.0, 0.5), 0.0, (0.0, 3.5), (0.0, 1.0), (0.0, 1.0), (0.0, 0.5)), (1,), (0.5,)):
('K.257 Musicalion', 'P1', 1, (109, 127), (25,), (1.5,), (31,), (3.5,))
('K.257 Musicalion', 'P1', 1, (292, 310), (67,), (1.5,), (73,), (3.5,))

4.    (((6, 5), -2, -2, -2, -2, -2, 2, 2, 2, 2, 2, 1, 2, -8, 4, -2, 2), ((0.0, 0.5), 1.0, 1.0, 1.0, 1.0, 1.0, 0.5, 0.5, 0.5, 0.5, 0.5, 0.5, 0.5, 0.5, 0.5, 1.5, 0.25), (1,), (0.0,)):
('K.257 Musicalion', 'P1', 1, (128, 145), (33,), (1.0,), (36,), (3.5,))
('K.257 Musicalion', 'P1', 1, (312, 329), (75,), (1.0,), (78,), (3.5,))

5.    (((8, 10), (3, 2), (3, 2), (3, 2), (3, -6), 3, (3, 2), (3, 2), (3, 2), (3, -7), 8, -2, -2, -2), ((0.0, 2.0), (0.0, 1.0), (0.0, 1.0), (0.0, 1.0), (0.0, 1.0), 2.0, (0.0, 1.0), (0.0, 1.0), (0.0, 1.0), (0.0, 1.0), 2.0, 1.0, 1.0, 1.0), (1,), (0.0,)):
('K.257 Musicalion', 'P1', 3, (46, 60), (20,), (1.0,), (25,), (2.0,))
('K.257 Musicalion', 'P1', 3, (175, 189), (62,), (1.0,), (67,), (2.0,))

6.    ((2, 2, 2, 2, -8, 4, 2, 2, 2, 2, -8, -5), (1.0, 1.0, 1.0, 1.0, 1.0, 1.0, 1.0, 1.0, 1.0, 1.0, 1.0, 1.0), (1,), (0.0,)):
('K.257 Musicalion', 'P1', 3, (104, 116), (35,), (1.0,), (38,), (3.0,))
('K.257 Musicalion', 'P1', 3, (233, 245), (77,), (1.0,), (80,), (3.0,))

7.    ((-2, -2, -2, 1, 3, -2, -2, -2, 1, 2), (0.0, 0.33, 0.33, 0.33, 2.0, 0.5, 1.0, 1.0, 0.5, 0.0), (1,), (0.0,)):
('K.257 Musicalion', 'P1', 1, (11, 21), (4,), (1.0,), (6,), (1.0,))
('K.257 Musicalion', 'P1', 1, (29, 39), (8,), (1.0,), (10,), (1.0,))

8.    (((3, 2), (3, 2), (3, 2), (3, 2), (3, 2), (3, 2), -2, -2, -2, -8), ((0.0, 1.0), (0.0, 1.0), (0.0, 1.0), (0.0, 1.0), (0.0, 1.0), (0.0, 1.0), 1.0, 1.0, 1.0, 1.0), (1,), (0.0,)):
('K.257 Musicalion', 'P1', 3, (5, 15), (3,), (1.0,), (6,), (1.0,))
('K.257 Musicalion', 'P1', 3, (16, 26), (7,), (1.0,), (10,), (1.0,))

9.    ((2, 2, 2, 2, 2, 2, 2, -2, -2), (0.25, 0.25, 0.25, 0.25, 0.25, 0.25, 0.25, 0.5, 0.5), (1,), (0.25,)):
('K.257 Musicalion', 'P1', 1, (73, 82), (20,), (1.25,), (20,), (3.5,))
('K.257 Musicalion', 'P1', 1, (86, 95), (22,), (1.25,), (22,), (3.5,))
('K.257 Musicalion', 'P1', 1, (177, 186), (46,), (1.25,), (46,), (3.5,))
('K.257 Musicalion', 'P1', 1, (190, 199), (48,), (1.25,), (48,), (3.5,))
('K.257 Musicalion', 'P1', 1, (256, 265), (62,), (1.25,), (62,), (3.5,))
('K.257 Musicalion', 'P1', 1, (269, 278), (64,), (1.25,), (64,), (3.5,))
('K.257 Musicalion', 'P1', 3, (66, 75), (28,), (1.25,), (28,), (3.5,))
('K.257 Musicalion', 'P1', 3, (78, 87), (30,), (1.25,), (30,), (3.5,))
('K.257 Musicalion', 'P1', 3, (195, 204), (70,), (1.25,), (70,), (3.5,))
('K.257 Musicalion', 'P1', 3, (207, 216), (72,), (1.25,), (72,), (3.5,))

10.    ((-2, 2, 2, -2, -2, -2, -2, 2), (1.0, 0.33, 0.33, 0.33, 0.5, 0.5, 0.5, 0.5), (3,), (0.0,)):
('K.257 Musicalion', 'P1', 1, (48, 56), (12,), (3.0,), (13,), (3.5,))
('K.257 Musicalion', 'P1', 1, (59, 67), (14,), (3.0,), (15,), (3.5,))

11.    ((2, 2, 2, 2, 2, 2, 2), (0.25, 0.25, 0.25, 0.25, 0.25, 0.25, 0.25), (1,), (0.25,)):
('K.257 Musicalion', 'P1', 1, (99, 106), (24,), (1.25,), (24,), (2.75,))
('K.257 Musicalion', 'P1', 1, (282, 289), (66,), (1.25,), (66,), (2.75,))
('K.257 Musicalion', 'P1', 3, (90, 97), (32,), (1.25,), (32,), (2.75,))
('K.257 Musicalion', 'P1', 3, (219, 226), (74,), (1.25,), (74,), (2.75,))

12.    ((-2, -2, -2, -2, -2, -2, 2), (0.5, 0.5, 0.5, 0.5, 0.5, 0.5, 1.0), (1,), (0.0,)):
('K.257 Musicalion', 'P1', 3, (34, 41), (14,), (1.0,), (15,), (1.0,))
('K.257 Musicalion', 'P1', 4, (4, 11), (12,), (1.0,), (13,), (1.0,))

13.    ((-2, -2, -2, -2), (0.5, 0.5, 0.5, 0.5), (1,), (0.0,)):
('K.257 Musicalion', 'P1', 2, (0, 4), (16,), (1.0,), (16,), (2.5,))
('K.257 Musicalion', 'P1', 3, (34, 38), (14,), (1.0,), (14,), (2.5,))
('K.257 Musicalion', 'P1', 4, (4, 8), (12,), (1.0,), (12,), (2.5,))

14.    ((1, -2, -2, -2), (0.5, 0.0, 1.5, 0.5), (3,), (0.5,)):
('K.257 Musicalion', 'P1', 1, (172, 176), (44,), (3.5,), (45,), (2.5,))
('K.257 Musicalion', 'P1', 1, (251, 255), (60,), (3.5,), (61,), (2.5,))

15.    ((-2, -2, -2, 2), (0.5, 0.5, 0.5, 0.5), (1,), (0.5,)):
('K.257 Musicalion', 'P1', 1, (168, 172), (44,), (1.5,), (44,), (3.0,))
('K.257 Musicalion', 'P1', 2, (1, 5), (16,), (1.5,), (16,), (3.0,))

16.    ((-2, 2, -2, 2), (0.5, 0.5, 0.5, 0.5), (2,), (0.5,)):
('K.257 Musicalion', 'P1', 2, (3, 7), (16,), (2.5,), (17,), (1.0,))
('K.257 Musicalion', 'P1', 2, (9, 13), (17,), (2.5,), (18,), (1.0,))

17.    ((2, 2, 2), (1.0, 1.0, 1.0), (2,), (0.0,)):
('K.257 Musicalion', 'P1', 2, (22, 25), (42,), (2.0,), (43,), (1.0,))
('K.257 Musicalion', 'P1', 3, (105, 108), (35,), (2.0,), (36,), (1.0,))
('K.257 Musicalion', 'P1', 3, (111, 114), (37,), (2.0,), (38,), (1.0,))
('K.257 Musicalion', 'P1', 3, (234, 237), (77,), (2.0,), (78,), (1.0,))
('K.257 Musicalion', 'P1', 3, (240, 243), (79,), (2.0,), (80,), (1.0,))

18.    ((-2, -2, -2), (0.5, 0.5, 0.5), (1,), (0.5,)):
('K.257 Musicalion', 'P1', 1, (168, 171), (44,), (1.5,), (44,), (2.5,))
('K.257 Musicalion', 'P1', 2, (1, 4), (16,), (1.5,), (16,), (2.5,))
('K.257 Musicalion', 'P1', 3, (35, 38), (14,), (1.5,), (14,), (2.5,))
('K.257 Musicalion', 'P1', 4, (5, 8), (12,), (1.5,), (12,), (2.5,))

19.    ((-2, -2, -2), (0.5, 0.5, 0.5), (2,), (0.0,)):
('K.257 Musicalion', 'P1', 1, (52, 55), (13,), (2.0,), (13,), (3.0,))
('K.257 Musicalion', 'P1', 1, (63, 66), (15,), (2.0,), (15,), (3.0,))
('K.257 Musicalion', 'P1', 3, (36, 39), (14,), (2.0,), (14,), (3.0,))
('K.257 Musicalion', 'P1', 4, (6, 9), (12,), (2.0,), (12,), (3.0,))

20.    ((1, 2, -2), (1.0, 1.5, 0.5), (1,), (0.0,)):
('K.257 Musicalion', 'P1', 1, (158, 161), (40,), (1.0,), (40,), (3.5,))
('K.257 Musicalion', 'P1', 1, (161, 164), (41,), (1.0,), (41,), (3.5,))

21.    ((-8, 1, 8), (1.0, 1.0, 1.0), (1,), (0.0,)):
('K.257 Musicalion', 'P1', 3, (117, 120), (40,), (1.0,), (40,), (3.0,))
('K.257 Musicalion', 'P1', 3, (120, 123), (41,), (1.0,), (41,), (3.0,))

22.    ((2, 2), (1.0, 1.0), (2,), (0.0,)):
('K.257 Musicalion', 'P1', 2, (22, 24), (42,), (2.0,), (42,), (3.0,))
('K.257 Musicalion', 'P1', 3, (105, 107), (35,), (2.0,), (35,), (3.0,))
('K.257 Musicalion', 'P1', 3, (111, 113), (37,), (2.0,), (37,), (3.0,))
('K.257 Musicalion', 'P1', 3, (234, 236), (77,), (2.0,), (77,), (3.0,))
('K.257 Musicalion', 'P1', 3, (240, 242), (79,), (2.0,), (79,), (3.0,))
('K.257 Musicalion', 'P1', 4, (15, 17), (16,), (2.0,), (16,), (3.0,))

23.    ((-2, 2), (1.5, 0.25), (2,), (0.0,)):
('K.257 Musicalion', 'P1', 1, (1, 3), (1,), (2.0,), (1,), (3.5,))
('K.257 Musicalion', 'P1', 1, (143, 145), (36,), (2.0,), (36,), (3.5,))
('K.257 Musicalion', 'P1', 1, (154, 156), (38,), (2.0,), (38,), (3.5,))
('K.257 Musicalion', 'P1', 1, (327, 329), (78,), (2.0,), (78,), (3.5,))
('K.257 Musicalion', 'P1', 2, (14, 16), (18,), (2.0,), (18,), (3.5,))

24.    ((2, 7), (1.0, 1.0), (1,), (0.0,)):
('K.257 Musicalion', 'P1', 3, (31, 33), (13,), (1.0,), (13,), (2.0,))
('K.257 Musicalion', 'P1', 3, (40, 42), (15,), (1.0,), (15,), (2.0,))

25.    ((-2,), (0.5,), (3,), (0.5,)):
('K.257 Musicalion', 'P1', 1, (81, 82), (20,), (3.5,), (20,), (3.5,))
('K.257 Musicalion', 'P1', 1, (94, 95), (22,), (3.5,), (22,), (3.5,))
('K.257 Musicalion', 'P1', 1, (160, 161), (40,), (3.5,), (40,), (3.5,))
('K.257 Musicalion', 'P1', 1, (163, 164), (41,), (3.5,), (41,), (3.5,))
('K.257 Musicalion', 'P1', 1, (185, 186), (46,), (3.5,), (46,), (3.5,))
('K.257 Musicalion', 'P1', 1, (198, 199), (48,), (3.5,), (48,), (3.5,))
('K.257 Musicalion', 'P1', 1, (207, 208), (50,), (3.5,), (50,), (3.5,))
('K.257 Musicalion', 'P1', 1, (221, 222), (53,), (3.5,), (53,), (3.5,))
('K.257 Musicalion', 'P1', 1, (230, 231), (55,), (3.5,), (55,), (3.5,))
('K.257 Musicalion', 'P1', 1, (239, 240), (57,), (3.5,), (57,), (3.5,))
('K.257 Musicalion', 'P1', 1, (264, 265), (62,), (3.5,), (62,), (3.5,))
('K.257 Musicalion', 'P1', 1, (277, 278), (64,), (3.5,), (64,), (3.5,))
('K.257 Musicalion', 'P1', 2, (5, 6), (16,), (3.5,), (16,), (3.5,))
('K.257 Musicalion', 'P1', 2, (11, 12), (17,), (3.5,), (17,), (3.5,))
('K.257 Musicalion', 'P1', 3, (39, 40), (14,), (3.5,), (14,), (3.5,))
('K.257 Musicalion', 'P1', 3, (74, 75), (28,), (3.5,), (28,), (3.5,))
('K.257 Musicalion', 'P1', 3, (86, 87), (30,), (3.5,), (30,), (3.5,))
('K.257 Musicalion', 'P1', 3, (203, 204), (70,), (3.5,), (70,), (3.5,))
('K.257 Musicalion', 'P1', 3, (215, 216), (72,), (3.5,), (72,), (3.5,))
('K.257 Musicalion', 'P1', 4, (9, 10), (12,), (3.5,), (12,), (3.5,))

26.    ((2,), (1.0,), (1,), (0.0,)):
('K.257 Musicalion', 'P1', 2, (24, 25), (43,), (1.0,), (43,), (1.0,))
('K.257 Musicalion', 'P1', 3, (31, 32), (13,), (1.0,), (13,), (1.0,))
('K.257 Musicalion', 'P1', 3, (40, 41), (15,), (1.0,), (15,), (1.0,))
('K.257 Musicalion', 'P1', 3, (61, 62), (26,), (1.0,), (26,), (1.0,))
('K.257 Musicalion', 'P1', 3, (101, 102), (34,), (1.0,), (34,), (1.0,))
('K.257 Musicalion', 'P1', 3, (104, 105), (35,), (1.0,), (35,), (1.0,))
('K.257 Musicalion', 'P1', 3, (107, 108), (36,), (1.0,), (36,), (1.0,))
('K.257 Musicalion', 'P1', 3, (110, 111), (37,), (1.0,), (37,), (1.0,))
('K.257 Musicalion', 'P1', 3, (113, 114), (38,), (1.0,), (38,), (1.0,))
('K.257 Musicalion', 'P1', 3, (146, 147), (52,), (1.0,), (52,), (1.0,))
('K.257 Musicalion', 'P1', 3, (190, 191), (68,), (1.0,), (68,), (1.0,))
('K.257 Musicalion', 'P1', 3, (230, 231), (76,), (1.0,), (76,), (1.0,))
('K.257 Musicalion', 'P1', 3, (233, 234), (77,), (1.0,), (77,), (1.0,))
('K.257 Musicalion', 'P1', 3, (236, 237), (78,), (1.0,), (78,), (1.0,))
('K.257 Musicalion', 'P1', 3, (239, 240), (79,), (1.0,), (79,), (1.0,))
('K.257 Musicalion', 'P1', 3, (242, 243), (80,), (1.0,), (80,), (1.0,))
('K.257 Musicalion', 'P1', 4, (0, 1), (5,), (1.0,), (5,), (1.0,))
('K.257 Musicalion', 'P1', 4, (2, 3), (9,), (1.0,), (9,), (1.0,))
('K.257 Musicalion', 'P1', 4, (10, 11), (13,), (1.0,), (13,), (1.0,))
('K.257 Musicalion', 'P1', 4, (12, 13), (15,), (1.0,), (15,), (1.0,))

27.    (((3, 2),), ((0.0, 1.0),), (3,), (0.0,)):
('K.257 Musicalion', 'P1', 1, (339, 340), (80,), (3.0,), (80,), (3.0,))
('K.257 Musicalion', 'P1', 3, (7, 8), (3,), (3.0,), (3,), (3.0,))
('K.257 Musicalion', 'P1', 3, (10, 11), (4,), (3.0,), (4,), (3.0,))
('K.257 Musicalion', 'P1', 3, (18, 19), (7,), (3.0,), (7,), (3.0,))
('K.257 Musicalion', 'P1', 3, (21, 22), (8,), (3.0,), (8,), (3.0,))
('K.257 Musicalion', 'P1', 3, (47, 48), (20,), (3.0,), (20,), (3.0,))
('K.257 Musicalion', 'P1', 3, (52, 53), (22,), (3.0,), (22,), (3.0,))
('K.257 Musicalion', 'P1', 3, (132, 133), (46,), (3.0,), (46,), (3.0,))
('K.257 Musicalion', 'P1', 3, (137, 138), (48,), (3.0,), (48,), (3.0,))
('K.257 Musicalion', 'P1', 3, (140, 141), (49,), (3.0,), (49,), (3.0,))
('K.257 Musicalion', 'P1', 3, (169, 170), (59,), (3.0,), (59,), (3.0,))
('K.257 Musicalion', 'P1', 3, (176, 177), (62,), (3.0,), (62,), (3.0,))
('K.257 Musicalion', 'P1', 3, (181, 182), (64,), (3.0,), (64,), (3.0,))

28.    ((-2,), (0.5,), (1,), (0.0,)):
('K.257 Musicalion', 'P1', 1, (16, 17), (5,), (1.0,), (5,), (1.0,))
('K.257 Musicalion', 'P1', 1, (34, 35), (9,), (1.0,), (9,), (1.0,))
('K.257 Musicalion', 'P1', 1, (56, 57), (14,), (1.0,), (14,), (1.0,))
('K.257 Musicalion', 'P1', 1, (82, 83), (21,), (1.0,), (21,), (1.0,))
('K.257 Musicalion', 'P1', 1, (95, 96), (23,), (1.0,), (23,), (1.0,))
('K.257 Musicalion', 'P1', 1, (186, 187), (47,), (1.0,), (47,), (1.0,))
('K.257 Musicalion', 'P1', 1, (199, 200), (49,), (1.0,), (49,), (1.0,))
('K.257 Musicalion', 'P1', 1, (265, 266), (63,), (1.0,), (63,), (1.0,))
('K.257 Musicalion', 'P1', 1, (278, 279), (65,), (1.0,), (65,), (1.0,))
('K.257 Musicalion', 'P1', 2, (0, 1), (16,), (1.0,), (16,), (1.0,))
('K.257 Musicalion', 'P1', 3, (34, 35), (14,), (1.0,), (14,), (1.0,))
('K.257 Musicalion', 'P1', 4, (4, 5), (12,), (1.0,), (12,), (1.0,))

29.    ((-2,), (1.0,), (3,), (0.0,)):
('K.257 Musicalion', 'P1', 1, (48, 49), (12,), (3.0,), (12,), (3.0,))
('K.257 Musicalion', 'P1', 1, (59, 60), (14,), (3.0,), (14,), (3.0,))
('K.257 Musicalion', 'P1', 1, (166, 167), (43,), (3.0,), (43,), (3.0,))
('K.257 Musicalion', 'P1', 3, (13, 14), (5,), (3.0,), (5,), (3.0,))
('K.257 Musicalion', 'P1', 3, (24, 25), (9,), (3.0,), (9,), (3.0,))
('K.257 Musicalion', 'P1', 3, (33, 34), (13,), (3.0,), (13,), (3.0,))
('K.257 Musicalion', 'P1', 3, (57, 58), (24,), (3.0,), (24,), (3.0,))
('K.257 Musicalion', 'P1', 3, (97, 98), (32,), (3.0,), (32,), (3.0,))
('K.257 Musicalion', 'P1', 3, (125, 126), (42,), (3.0,), (42,), (3.0,))
('K.257 Musicalion', 'P1', 3, (142, 143), (50,), (3.0,), (50,), (3.0,))
('K.257 Musicalion', 'P1', 3, (186, 187), (66,), (3.0,), (66,), (3.0,))
('K.257 Musicalion', 'P1', 3, (226, 227), (74,), (3.0,), (74,), (3.0,))

30.    ((2,), (1.0,), (2,), (0.0,)):
('K.257 Musicalion', 'P1', 1, (25, 26), (7,), (2.0,), (7,), (2.0,))
('K.257 Musicalion', 'P1', 1, (71, 72), (19,), (2.0,), (19,), (2.0,))
('K.257 Musicalion', 'P1', 1, (165, 166), (43,), (2.0,), (43,), (2.0,))
('K.257 Musicalion', 'P1', 2, (22, 23), (42,), (2.0,), (42,), (2.0,))
('K.257 Musicalion', 'P1', 2, (25, 26), (43,), (2.0,), (43,), (2.0,))
('K.257 Musicalion', 'P1', 3, (105, 106), (35,), (2.0,), (35,), (2.0,))
('K.257 Musicalion', 'P1', 3, (111, 112), (37,), (2.0,), (37,), (2.0,))
('K.257 Musicalion', 'P1', 3, (234, 235), (77,), (2.0,), (77,), (2.0,))
('K.257 Musicalion', 'P1', 3, (240, 241), (79,), (2.0,), (79,), (2.0,))
('K.257 Musicalion', 'P1', 4, (15, 16), (16,), (2.0,), (16,), (2.0,))

31.    ((-8,), (1.0,), (1,), (0.0,)):
('K.257 Musicalion', 'P1', 3, (3, 4), (2,), (1.0,), (2,), (1.0,))
('K.257 Musicalion', 'P1', 3, (14, 15), (6,), (1.0,), (6,), (1.0,))
('K.257 Musicalion', 'P1', 3, (25, 26), (10,), (1.0,), (10,), (1.0,))
('K.257 Musicalion', 'P1', 3, (64, 65), (27,), (1.0,), (27,), (1.0,))
('K.257 Musicalion', 'P1', 3, (117, 118), (40,), (1.0,), (40,), (1.0,))
('K.257 Musicalion', 'P1', 3, (120, 121), (41,), (1.0,), (41,), (1.0,))
('K.257 Musicalion', 'P1', 3, (173, 174), (61,), (1.0,), (61,), (1.0,))
('K.257 Musicalion', 'P1', 3, (193, 194), (69,), (1.0,), (69,), (1.0,))
('K.257 Musicalion', 'P1', 4, (14, 15), (16,), (1.0,), (16,), (1.0,))

32.    ((1,), (1.0,), (1,), (0.0,)):
('K.257 Musicalion', 'P1', 1, (0, 1), (1,), (1.0,), (1,), (1.0,))
('K.257 Musicalion', 'P1', 1, (158, 159), (40,), (1.0,), (40,), (1.0,))
('K.257 Musicalion', 'P1', 1, (161, 162), (41,), (1.0,), (41,), (1.0,))
('K.257 Musicalion', 'P1', 2, (17, 18), (40,), (1.0,), (40,), (1.0,))
('K.257 Musicalion', 'P1', 2, (19, 20), (41,), (1.0,), (41,), (1.0,))
('K.257 Musicalion', 'P1', 2, (21, 22), (42,), (1.0,), (42,), (1.0,))

33.    ((2,), (0.5,), (1,), (0.0,)):
('K.257 Musicalion', 'P1', 1, (135, 136), (35,), (1.0,), (35,), (1.0,))
('K.257 Musicalion', 'P1', 1, (146, 147), (37,), (1.0,), (37,), (1.0,))
('K.257 Musicalion', 'P1', 1, (245, 246), (59,), (1.0,), (59,), (1.0,))
('K.257 Musicalion', 'P1', 1, (319, 320), (77,), (1.0,), (77,), (1.0,))
('K.257 Musicalion', 'P1', 2, (6, 7), (17,), (1.0,), (17,), (1.0,))
('K.257 Musicalion', 'P1', 2, (12, 13), (18,), (1.0,), (18,), (1.0,))

34.    ((3,), (2.0,), (1,), (0.0,)):
('K.257 Musicalion', 'P1', 1, (47, 48), (12,), (1.0,), (12,), (1.0,))
('K.257 Musicalion', 'P1', 3, (51, 52), (22,), (1.0,), (22,), (1.0,))
('K.257 Musicalion', 'P1', 3, (131, 132), (46,), (1.0,), (46,), (1.0,))
('K.257 Musicalion', 'P1', 3, (136, 137), (48,), (1.0,), (48,), (1.0,))
('K.257 Musicalion', 'P1', 3, (180, 181), (64,), (1.0,), (64,), (1.0,))

35.    ((2,), (0.5,), (2,), (0.0,)):
('K.257 Musicalion', 'P1', 1, (137, 138), (35,), (2.0,), (35,), (2.0,))
('K.257 Musicalion', 'P1', 1, (148, 149), (37,), (2.0,), (37,), (2.0,))
('K.257 Musicalion', 'P1', 1, (321, 322), (77,), (2.0,), (77,), (2.0,))
('K.257 Musicalion', 'P1', 2, (8, 9), (17,), (2.0,), (17,), (2.0,))

36.    ((2,), (0.5,), (3,), (0.5,)):
('K.257 Musicalion', 'P1', 1, (107, 108), (24,), (3.5,), (24,), (3.5,))
('K.257 Musicalion', 'P1', 1, (290, 291), (66,), (3.5,), (66,), (3.5,))
('K.257 Musicalion', 'P1', 1, (335, 336), (79,), (3.5,), (79,), (3.5,))

37.    ((-3,), (0.5,), (1,), (0.0,)):
('K.257 Musicalion', 'P1', 1, (212, 213), (52,), (1.0,), (52,), (1.0,))
('K.257 Musicalion', 'P1', 1, (330, 331), (79,), (1.0,), (79,), (1.0,))
('K.257 Musicalion', 'P1', 1, (336, 337), (80,), (1.0,), (80,), (1.0,))

38.    ((1,), (2.0,), (2,), (0.0,)):
('K.257 Musicalion', 'P1', 2, (18, 19), (40,), (2.0,), (40,), (2.0,))
('K.257 Musicalion', 'P1', 2, (20, 21), (41,), (2.0,), (41,), (2.0,))
('K.257 Musicalion', 'P1', 3, (174, 175), (61,), (2.0,), (61,), (2.0,))

39.    ((2,), (0.5,), (1,), (0.5,)):
('K.257 Musicalion', 'P1', 1, (57, 58), (14,), (1.5,), (14,), (1.5,))
('K.257 Musicalion', 'P1', 1, (213, 214), (52,), (1.5,), (52,), (1.5,))

40.    ((-3,), (0.5,), (2,), (0.0,)):
('K.257 Musicalion', 'P1', 1, (204, 205), (50,), (2.0,), (50,), (2.0,))
('K.257 Musicalion', 'P1', 1, (214, 215), (52,), (2.0,), (52,), (2.0,))

41.    ((3,), (1.0,), (2,), (0.0,)):
('K.257 Musicalion', 'P1', 1, (58, 59), (14,), (2.0,), (14,), (2.0,))
('K.257 Musicalion', 'P1', 3, (171, 172), (60,), (2.0,), (60,), (2.0,))

42.    (((3, -2),), ((0.0, 1.0),), (2,), (0.0,)):
('K.257 Musicalion', 'P1', 1, (338, 339), (80,), (2.0,), (80,), (2.0,))
('K.257 Musicalion', 'P1', 3, (1, 2), (1,), (2.0,), (1,), (2.0,))

43.    ((1,), (2.0,), (1,), (0.0,)):
('K.257 Musicalion', 'P1', 1, (67, 68), (16,), (1.0,), (16,), (1.0,))
('K.257 Musicalion', 'P1', 4, (19, 20), (18,), (1.0,), (18,), (1.0,))

44.    ((4,), (1.0,), (3,), (0.0,)):
('K.257 Musicalion', 'P1', 3, (60, 61), (25,), (3.0,), (25,), (3.0,))
('K.257 Musicalion', 'P1', 3, (232, 233), (76,), (3.0,), (76,), (3.0,))

45.    ((-5,), (1.0,), (3,), (0.0,)):
('K.257 Musicalion', 'P1', 3, (103, 104), (34,), (3.0,), (34,), (3.0,))
('K.257 Musicalion', 'P1', 3, (189, 190), (67,), (3.0,), (67,), (3.0,))

46.    ((-8,), (2.0,), (1,), (0.0,)):
('K.257 Musicalion', 'P1', 3, (129, 130), (45,), (1.0,), (45,), (1.0,))
('K.257 Musicalion', 'P1', 3, (141, 142), (50,), (1.0,), (50,), (1.0,))

