1 .    ('nomes', 'K.258 KernScores') 

2 .    ('quantidade', 1) 

3 .    ('analise', 'recorręncias IntDiaDurPcompasso sem contidos e intercalados') 

1 .    (((2, 2, 2, 1, 2, 2, 2, -8, 3, 3, 2, -7, 3, 3, 2, -3, 2, -3, 2, -3, 2, -3, 2, 8, -2, 2, -4, 2, -3, 2, -3, 2, -3, 2, 2, 2, 2, -2, 4, -2, 2, -4, 2, -3, 2, -3, 2, -3, 2, 2, 2, 2, -2, -2, -2, -2, -2, -2, 2, 2, 2, 2, -2, 2, 2, -2, -2, -2, -2, -2, 2, 8, -2, 2, -4, 2, -3, 2, -3, 2, -3, 2, -3, 2, -3, 2, -4, 2, -3, -2, 6, -7, 6), (0.25, 0.25, 0.25, 0.25, 0.25, 0.25, 0.25, 0.25, 0.25, 0.25, 0.25, 0.25, 0.25, 0.25, 0.25, 0.25, 0.25, 0.25, 0.25, 0.25, 0.25, 0.25, 0.25, 0.5, 0.25, 0.25, 0.25, 0.25, 0.25, 0.25, 0.25, 0.25, 0.25, 0.25, 1.5, 0.5, 0.5, 0.5, 0.5, 0.25, 0.25, 0.25, 0.25, 0.25, 0.25, 0.25, 0.25, 0.25, 0.25, 1.5, 0.5, 0.5, 0.5, 0.5, 0.5, 0.5, 0.5, 0.5, 0.5, 0.25, 0.25, 0.25, 0.25, 0.25, 0.25, 0.25, 0.25, 0.25, 0.25, 0.25, 0.25, 0.5, 0.25, 0.25, 0.25, 0.25, 0.25, 0.25, 0.25, 0.25, 0.25, 0.25, 0.25, 0.25, 0.25, 0.25, 0.25, 0.25, 0.25, 0.25, 0.25, 0.25, 0.25), (1.25, 1.5, 1.75, 2.0, 2.25, 2.5, 2.75, 3.0, 3.25, 3.5, 3.75, 1.0, 1.25, 1.5, 1.75, 2.0, 2.25, 2.5, 2.75, 3.0, 3.25, 3.5, 3.75, 1.0, 1.5, 1.75, 2.0, 2.25, 2.5, 2.75, 3.0, 3.25, 3.5, 3.75, 1.0, 2.5, 3.0, 3.5, 1.0, 1.5, 1.75, 2.0, 2.25, 2.5, 2.75, 3.0, 3.25, 3.5, 3.75, 1.0, 2.5, 3.0, 3.5, 1.0, 1.5, 2.0, 2.5, 3.0, 3.5, 1.0, 1.25, 1.5, 1.75, 2.0, 2.25, 2.5, 2.75, 3.0, 3.25, 3.5, 3.75, 1.0, 1.5, 1.75, 2.0, 2.25, 2.5, 2.75, 3.0, 3.25, 3.5, 3.75, 1.0, 1.25, 1.5, 1.75, 2.0, 2.25, 2.5, 2.75, 3.0, 3.25, 3.5)), [('K.258 KernScores', 'P1', 1, (192, 285), (38, 1.25), (47, 3.5)), ('K.258 KernScores', 'P1', 1, (463, 556), (74, 1.25), (83, 3.5))]) 

2 .    (((3, 2, 2, -5, 3, 2, 2, -2, -2, 2, 2, -8, 4, 8, -2, 2, -2, 2, -4, 2, -3, 2, -3, 2, -3, 2, 6, -2, 2, -2, 2, -4, 2, -3, 2, -3, 2, -3, 2, -3, 2, -3, 2, -4, 2, -3, 2, -3, 2, -3, 2, 2, 2, -8, 4, 8, -2, 2, -5, 2), (0.25, 0.25, 0.25, 2.25, 0.25, 0.25, 0.25, 1.5, 0.5, 1.0, 1.0, 1.0, 1.0, 1.0, 1.0, 1.5, 0.25, 0.25, 0.25, 0.25, 0.25, 0.25, 0.25, 0.25, 0.25, 0.25, 1.0, 1.0, 1.5, 0.25, 0.25, 0.25, 0.25, 0.25, 0.25, 0.25, 0.25, 0.25, 0.25, 0.25, 0.25, 0.25, 0.25, 0.25, 0.25, 0.25, 0.25, 0.25, 0.25, 0.25, 0.25, 0.5, 0.5, 1.0, 1.0, 1.0, 1.0, 1.0, 1.0, 1.0), (3.25, 3.5, 3.75, 1.0, 3.25, 3.5, 3.75, 1.0, 2.5, 3.0, 1.0, 2.0, 3.0, 1.0, 2.0, 3.0, 1.5, 1.75, 2.0, 2.25, 2.5, 2.75, 3.0, 3.25, 3.5, 3.75, 1.0, 2.0, 3.0, 1.5, 1.75, 2.0, 2.25, 2.5, 2.75, 3.0, 3.25, 3.5, 3.75, 1.0, 1.25, 1.5, 1.75, 2.0, 2.25, 2.5, 2.75, 3.0, 3.25, 3.5, 3.75, 1.0, 1.5, 2.0, 3.0, 1.0, 2.0, 3.0, 1.0, 2.0)), [('K.258 KernScores', 'P2', 1, (170, 230), (36, 3.25), (47, 2.0)), ('K.258 KernScores', 'P2', 1, (357, 417), (72, 3.25), (83, 2.0))]) 

3 .    (((2, -2, 2, 3, -2, 2, -2, 3, -2, 2, -2, 3, -2, 2, -2, 3, -2, 2, -2, -2, -2, 5, -8, 3), (0.25, 0.25, 0.25, 0.25, 0.25, 0.25, 0.25, 0.25, 0.25, 0.25, 0.25, 0.25, 0.25, 0.25, 0.25, 0.25, 0.25, 0.25, 0.25, 0.5, 0.25, 0.25, 1.0, 1.0), (1.25, 1.5, 1.75, 2.0, 2.25, 2.5, 2.75, 3.0, 3.25, 3.5, 3.75, 1.0, 1.25, 1.5, 1.75, 2.0, 2.25, 2.5, 2.75, 3.0, 3.5, 3.75, 1.0, 2.0)), [('K.258 KernScores', 'P2', 1, (254, 278), (56, 1.25), (58, 2.0)), ('K.258 KernScores', 'P2', 1, (279, 303), (59, 1.25), (61, 2.0))]) 

4 .    (((2, -2, 2, 3, -2, 2, -2, 3, -2, 2, -2, 3, -2, 2, -2, 3, -2, 2, -2, -2, -2, 5), (0.25, 0.25, 0.25, 0.25, 0.25, 0.25, 0.25, 0.25, 0.25, 0.25, 0.25, 0.25, 0.25, 0.25, 0.25, 0.25, 0.25, 0.25, 0.25, 0.5, 0.25, 0.25), (1.25, 1.5, 1.75, 2.0, 2.25, 2.5, 2.75, 3.0, 3.25, 3.5, 3.75, 1.0, 1.25, 1.5, 1.75, 2.0, 2.25, 2.5, 2.75, 3.0, 3.5, 3.75)), [('K.258 KernScores', 'P1', 1, (117, 139), (28, 1.25), (29, 3.75)), ('K.258 KernScores', 'P2', 1, (133, 155), (30, 1.25), (31, 3.75)), ('K.258 KernScores', 'P2', 1, (304, 326), (62, 1.25), (63, 3.75))]) 

5 .    (((2, 2, 2, 1, 2, 2, 2, -8, 3, 3, 2, -7, 3, 3, 2, -3, 2, -3, 2, -3, 2, -3), (0.25, 0.25, 0.25, 0.25, 0.25, 0.25, 0.25, 0.25, 0.25, 0.25, 0.25, 0.25, 0.25, 0.25, 0.25, 0.25, 0.25, 0.25, 0.25, 0.25, 0.25, 0.25), (1.25, 1.5, 1.75, 2.0, 2.25, 2.5, 2.75, 3.0, 3.25, 3.5, 3.75, 1.0, 1.25, 1.5, 1.75, 2.0, 2.25, 2.5, 2.75, 3.0, 3.25, 3.5)), [('K.258 KernScores', 'P1', 1, (156, 178), (34, 1.25), (35, 3.5)), ('K.258 KernScores', 'P1', 1, (435, 457), (70, 1.25), (71, 3.5))]) 

6 .    (((1, 1, 1, 1, 1, 1, -2, -2, -2, -2, 2, 2, 2, 2, 2, 2), (1.0, 1.0, 1.0, 1.0, 1.0, 1.25, 0.25, 0.25, 0.25, 0.25, 0.25, 0.25, 0.25, 0.25, 0.25, 0.25), (1.0, 2.0, 3.0, 1.0, 2.0, 3.0, 1.25, 1.5, 1.75, 2.0, 2.25, 2.5, 2.75, 3.0, 3.25, 3.5)), [('K.258 KernScores', 'P1', 1, (362, 378), (56, 1.0), (58, 3.5)), ('K.258 KernScores', 'P1', 1, (379, 395), (59, 1.0), (61, 3.5))]) 

7 .    (((2, 2, 2, -8, 2, 2, 2, (3, 2), 2, 2, 2, -8, 2, 2, 2), (0.25, 0.25, 0.25, 0.25, 0.25, 0.25, 0.25, (0.0, 1.25), 0.25, 0.25, 0.25, 0.25, 0.25, 0.25, 0.25), (1.25, 1.5, 1.75, 2.0, 2.25, 2.5, 2.75, 3.0, 1.25, 1.5, 1.75, 2.0, 2.25, 2.5, 2.75)), [('K.258 KernScores', 'P1', 2, (63, 78), (68, 1.25), (69, 2.75)), ('K.258 KernScores', 'P1', 2, (80, 95), (72, 1.25), (73, 2.75))]) 

8 .    (((-8, 11, -8, 5, -8, 11, -8, 9, -8, 4, -8, 12, -8, 4), (0.5, 0.5, 0.5, 0.5, 0.5, 0.5, 0.5, 0.5, 0.5, 0.5, 0.5, 0.5, 0.5, 0.5), (2.0, 2.5, 3.0, 3.5, 1.0, 1.5, 2.0, 2.5, 3.0, 3.5, 1.0, 1.5, 2.0, 2.5)), [('K.258 KernScores', 'P2', 1, (77, 91), (19, 2.0), (21, 2.5)), ('K.258 KernScores', 'P2', 1, (101, 115), (23, 2.0), (25, 2.5))]) 

9 .    (((-3, 10, -2, -2, -14, 15, -3, -4, -3, 10, -2, -2, -14), (0.5, 0.5, 0.5, 0.25, 0.25, 3.0, 0.5, 0.5, 0.5, 0.5, 0.5, 0.25, 0.25), (2.0, 2.5, 3.0, 3.5, 3.75, 1.0, 1.0, 1.5, 2.0, 2.5, 3.0, 3.5, 3.75)), [('K.258 KernScores', 'P2', 1, (32, 45), (9, 2.0), (11, 3.75)), ('K.258 KernScores', 'P2', 1, (48, 61), (13, 2.0), (15, 3.75))]) 

10 .    (((3, 2, 2, -5, 3, 2, 2, -2, -2, 2, 2, -8), (0.25, 0.25, 0.25, 2.25, 0.25, 0.25, 0.25, 1.5, 0.5, 1.0, 1.0, 1.0), (3.25, 3.5, 3.75, 1.0, 3.25, 3.5, 3.75, 1.0, 2.5, 3.0, 1.0, 2.0)), [('K.258 KernScores', 'P2', 1, (156, 168), (32, 3.25), (35, 2.0)), ('K.258 KernScores', 'P2', 1, (343, 355), (68, 3.25), (71, 2.0))]) 

11 .    (((-3, 10, -2, -2, -7, 8, -3, -4, -3, 10, -2, -2), (0.5, 0.5, 0.5, 0.25, 0.25, 3.0, 0.5, 0.5, 0.5, 0.5, 0.5, 0.25), (2.0, 2.5, 3.0, 3.5, 3.75, 1.0, 1.0, 1.5, 2.0, 2.5, 3.0, 3.5)), [('K.258 KernScores', 'P1', 1, (2, 14), (1, 2.0), (3, 3.5)), ('K.258 KernScores', 'P1', 1, (18, 30), (5, 2.0), (7, 3.5))]) 

12 .    (((-8, 5, 2, 2, -8, 5, 2, 2, -8, 5, 2), (0.25, 0.25, 0.25, 0.25, 0.25, 0.25, 0.25, 0.25, 0.25, 0.25, 0.25), (1.0, 1.25, 1.5, 1.75, 2.0, 2.25, 2.5, 2.75, 3.0, 3.25, 3.5)), [('K.258 KernScores', 'P1', 1, (314, 325), (52, 1.0), (52, 3.5)), ('K.258 KernScores', 'P1', 1, (326, 337), (53, 1.0), (53, 3.5))]) 

13 .    (((-2, 2, 2, 2, 2, -3, -3, 2), (2.0, 0.5, 0.5, 0.5, 0.5, 0.5, 0.5, 0.5), (3.0, 2.0, 2.5, 3.0, 3.5, 1.0, 1.5, 2.0)), [('K.258 KernScores', 'P1', 1, (42, 50), (9, 3.0), (11, 2.0)), ('K.258 KernScores', 'P1', 1, (51, 59), (11, 3.0), (13, 2.0))]) 

14 .    (((-2, -2, -2, -2, -2, -2, -2, -2), (0.25, 0.25, 0.25, 0.25, 0.25, 0.25, 0.25, 0.25), (1.0, 1.25, 1.5, 1.75, 2.0, 2.25, 2.5, 2.75)), [('K.258 KernScores', 'P1', 1, (105, 113), (26, 1.0), (26, 2.75)), ('K.258 KernScores', 'P2', 1, (116, 124), (27, 1.0), (27, 2.75))]) 

15 .    (((-2, -4, (3, 2), 2, 2, 2, -2, -4), (0.5, 0.5, (0.0, 1.25), 0.25, 0.25, 0.25, 0.5, 0.5), (2.0, 2.5, 3.0, 1.25, 1.5, 1.75, 2.0, 2.5)), [('K.258 KernScores', 'P1', 1, (147, 155), (32, 2.0), (33, 2.5)), ('K.258 KernScores', 'P1', 1, (183, 191), (36, 2.0), (37, 2.5))]) 

16 .    (((3, 2, 2, -8, 3, 2, 2), (0.25, 0.25, 0.25, 0.25, 0.25, 0.25, 0.25), (1.25, 1.5, 1.75, 2.0, 2.25, 2.5, 2.75)), [('K.258 KernScores', 'P1', 1, (288, 295), (49, 1.25), (49, 2.75)), ('K.258 KernScores', 'P1', 1, (296, 303), (50, 1.25), (50, 2.75))]) 

17 .    (((-8, 2, 2, 6, -8, 2, 2), (0.25, 0.25, 0.25, 2.25, 0.25, 0.25, 0.25), (2.0, 2.25, 2.5, 2.75, 2.0, 2.25, 2.5)), [('K.258 KernScores', 'P1', 2, (30, 37), (32, 2.0), (33, 2.5)), ('K.258 KernScores', 'P1', 2, (38, 45), (36, 2.0), (37, 2.5))]) 

18 .    (((1, -2, -2, 2, 2, -9), (1.5, 0.5, 0.5, 0.5, 0.5, 0.5), (3.0, 1.5, 2.0, 2.5, 3.0, 3.5)), [('K.258 KernScores', 'P2', 1, (8, 14), (3, 3.0), (4, 3.5)), ('K.258 KernScores', 'P2', 1, (15, 21), (5, 3.0), (6, 3.5))]) 

19 .    (((-2, -2, -2, -2, -2), (1.0, 0.25, 0.25, 0.25, 0.25), (1.0, 2.0, 2.25, 2.5, 2.75)), [('K.258 KernScores', 'P1', 1, (415, 420), (66, 1.0), (66, 2.75)), ('K.258 KernScores', 'P1', 1, (424, 429), (67, 1.0), (67, 2.75))]) 

20 .    (((2, -4, 2, -3), (0.25, 0.25, 0.25, 0.25), (1.75, 2.0, 2.25, 2.5)), [('K.258 KernScores', 'P1', 1, (559, 563), (84, 1.75), (84, 2.5)), ('K.258 KernScores', 'P1', 1, (571, 575), (85, 1.75), (85, 2.5))]) 

21 .    (((-2, -2, -2, -2), (0.25, 0.25, 0.25, 0.25), (1.0, 1.25, 1.5, 1.75)), [('K.258 KernScores', 'P1', 2, (53, 57), (66, 1.0), (66, 1.75)), ('K.258 KernScores', 'P1', 2, (58, 62), (67, 1.0), (67, 1.75))]) 

22 .    (((-2, 2, -2, -4), (0.5, 2.5, 0.5, 1.5), (2.0, 2.5, 2.0, 2.5)), [('K.258 KernScores', 'P1', 1, (430, 434), (68, 2.0), (69, 2.5)), ('K.258 KernScores', 'P1', 1, (458, 462), (72, 2.0), (73, 2.5))]) 

23 .    (((2, 2, 2), (0.25, 0.25, 0.25), (1.25, 1.5, 1.75)), [('K.258 KernScores', 'P1', 1, (402, 405), (64, 1.25), (64, 1.75)), ('K.258 KernScores', 'P2', 1, (331, 334), (65, 1.25), (65, 1.75))]) 

24 .    (((2, 2, 2), (0.25, 0.25, 0.25), (2.25, 2.5, 2.75)), [('K.258 KernScores', 'P1', 1, (343, 346), (54, 2.25), (54, 2.75)), ('K.258 KernScores', 'P1', 1, (355, 358), (55, 2.25), (55, 2.75)), ('K.258 KernScores', 'P2', 1, (327, 330), (64, 2.25), (64, 2.75))]) 

25 .    (((-2, -2, 2), (0.5, 0.25, 0.25), (3.0, 3.5, 3.75)), [('K.258 KernScores', 'P1', 1, (37, 40), (8, 3.0), (8, 3.75)), ('K.258 KernScores', 'P2', 1, (27, 30), (8, 3.0), (8, 3.75)), ('K.258 KernScores', 'P2', 1, (69, 72), (17, 3.0), (17, 3.75))]) 

26 .    (((-2, -2, 2), (0.25, 0.25, 0.25), (1.25, 1.5, 1.75)), [('K.258 KernScores', 'P1', 1, (339, 342), (54, 1.25), (54, 1.75)), ('K.258 KernScores', 'P1', 1, (351, 354), (55, 1.25), (55, 1.75))]) 

27 .    (((4, 2, 2), (0.25, 0.25, 0.25), (3.0, 3.25, 3.5)), [('K.258 KernScores', 'P2', 1, (232, 235), (49, 3.0), (49, 3.5)), ('K.258 KernScores', 'P2', 1, (236, 239), (50, 3.0), (50, 3.5))]) 

28 .    (((-2, -2), (0.5, 0.25), (3.0, 3.5)), [('K.258 KernScores', 'P1', 1, (144, 146), (31, 3.0), (31, 3.5)), ('K.258 KernScores', 'P1', 1, (311, 313), (51, 3.0), (51, 3.5))]) 

29 .    (((2, 2), (0.25, 0.25), (1.25, 1.5)), [('K.258 KernScores', 'P1', 1, (180, 182), (36, 1.25), (36, 1.5)), ('K.258 KernScores', 'P1', 2, (27, 29), (32, 1.25), (32, 1.5))]) 

30 .    (((2, 2), (0.5, 0.5), (2.5, 3.0)), [('K.258 KernScores', 'P1', 1, (62, 64), (14, 2.5), (14, 3.0)), ('K.258 KernScores', 'P2', 1, (4, 6), (2, 2.5), (2, 3.0))]) 

31 .    (((-2, -2), (0.25, 0.25), (3.25, 3.5)), [('K.258 KernScores', 'P1', 1, (347, 349), (54, 3.25), (54, 3.5)), ('K.258 KernScores', 'P1', 1, (421, 423), (66, 3.25), (66, 3.5)), ('K.258 KernScores', 'P1', 2, (24, 26), (25, 3.25), (25, 3.5)), ('K.258 KernScores', 'P1', 2, (50, 52), (65, 3.25), (65, 3.5)), ('K.258 KernScores', 'P2', 1, (125, 127), (27, 3.25), (27, 3.5))]) 

32 .    (((2, 2), (0.25, 0.25), (3.25, 3.5)), [('K.258 KernScores', 'P1', 1, (359, 361), (55, 3.25), (55, 3.5)), ('K.258 KernScores', 'P1', 1, (408, 410), (64, 3.25), (64, 3.5))]) 

33 .    (((1, 1), (1.0, 1.0), (1.0, 2.0)), [('K.258 KernScores', 'P1', 1, (396, 398), (62, 1.0), (62, 2.0)), ('K.258 KernScores', 'P1', 1, (399, 401), (63, 1.0), (63, 2.0))]) 

34 .    (((2, -5), (1.0, 1.0), (3.0, 1.0)), [('K.258 KernScores', 'P2', 1, (335, 337), (65, 3.0), (66, 1.0)), ('K.258 KernScores', 'P2', 1, (338, 340), (66, 3.0), (67, 1.0)), ('K.258 KernScores', 'P2', 1, (420, 422), (84, 3.0), (85, 1.0))]) 

35 .    (((-2, -2), (0.5, 0.5), (2.5, 3.0)), [('K.258 KernScores', 'P1', 1, (67, 69), (15, 2.5), (15, 3.0)), ('K.258 KernScores', 'P2', 1, (62, 64), (16, 2.5), (16, 3.0))]) 

36 .    (((-2, -2), (0.5, 0.5), (1.0, 1.5)), [('K.258 KernScores', 'P1', 1, (74, 76), (17, 1.0), (17, 1.5)), ('K.258 KernScores', 'P1', 2, (46, 48), (65, 1.0), (65, 1.5))]) 

37 .    (((2, -6), (0.5, 0.5), (1.0, 1.5)), [('K.258 KernScores', 'P1', 2, (0, 2), (10, 1.0), (10, 1.5)), ('K.258 KernScores', 'P1', 2, (3, 5), (12, 1.0), (12, 1.5)), ('K.258 KernScores', 'P1', 2, (6, 8), (14, 1.0), (14, 1.5))]) 

38 .    ((((3, -2), (3, -2)), ((0.0, 1.0), (0.0, 1.0)), (2.0, 3.0)), [('K.258 KernScores', 'P2', 1, (243, 245), (52, 2.0), (52, 3.0)), ('K.258 KernScores', 'P2', 1, (246, 248), (53, 2.0), (53, 3.0))]) 

39 .    (((2,), (0.25,), (1.75,)), [('K.258 KernScores', 'P1', 1, (306, 307), (51, 1.75), (51, 1.75)), ('K.258 KernScores', 'P2', 1, (24, 25), (8, 1.75), (8, 1.75))]) 

40 .    (((2,), (0.25,), (3.25,)), [('K.258 KernScores', 'P1', 1, (114, 115), (26, 3.25), (26, 3.25)), ('K.258 KernScores', 'P1', 1, (565, 566), (84, 3.25), (84, 3.25))]) 

41 .    (((2,), (1.0,), (3.0,)), [('K.258 KernScores', 'P1', 1, (141, 142), (30, 3.0), (30, 3.0)), ('K.258 KernScores', 'P2', 1, (129, 130), (28, 3.0), (28, 3.0))]) 

42 .    (((-2,), (0.5,), (2.5,)), [('K.258 KernScores', 'P1', 1, (77, 78), (17, 2.5), (17, 2.5)), ('K.258 KernScores', 'P1', 1, (406, 407), (64, 2.5), (64, 2.5))]) 

43 .    (((-3,), (0.5,), (1.0,)), [('K.258 KernScores', 'P1', 1, (16, 17), (5, 1.0), (5, 1.0)), ('K.258 KernScores', 'P1', 1, (65, 66), (15, 1.0), (15, 1.0)), ('K.258 KernScores', 'P2', 1, (46, 47), (13, 1.0), (13, 1.0))]) 

44 .    (((-2,), (1.0,), (2.0,)), [('K.258 KernScores', 'P1', 2, (13, 14), (22, 2.0), (22, 2.0)), ('K.258 KernScores', 'P2', 2, (3, 4), (50, 2.0), (50, 2.0))]) 

45 .    (((2,), (1.0,), (1.0,)), [('K.258 KernScores', 'P1', 2, (15, 16), (23, 1.0), (23, 1.0)), ('K.258 KernScores', 'P1', 2, (21, 22), (25, 1.0), (25, 1.0))]) 

46 .    (((-8,), (0.5,), (1.0,)), [('K.258 KernScores', 'P2', 1, (75, 76), (19, 1.0), (19, 1.0)), ('K.258 KernScores', 'P2', 1, (93, 94), (22, 1.0), (22, 1.0)), ('K.258 KernScores', 'P2', 1, (99, 100), (23, 1.0), (23, 1.0))]) 

47 .    (((2,), (0.5,), (1.5,)), [('K.258 KernScores', 'P1', 1, (32, 33), (8, 1.5), (8, 1.5)), ('K.258 KernScores', 'P2', 1, (66, 67), (17, 1.5), (17, 1.5))]) 

48 .    (((-5,), (0.5,), (1.5,)), [('K.258 KernScores', 'P1', 1, (80, 81), (18, 1.5), (18, 1.5)), ('K.258 KernScores', 'P1', 1, (83, 84), (19, 1.5), (19, 1.5))]) 

49 .    (((3,), (0.5,), (1.0,)), [('K.258 KernScores', 'P1', 1, (91, 92), (21, 1.0), (21, 1.0)), ('K.258 KernScores', 'P1', 1, (97, 98), (23, 1.0), (23, 1.0))]) 

50 .    (((1,), (0.5,), (1.0,)), [('K.258 KernScores', 'P1', 1, (103, 104), (25, 1.0), (25, 1.0)), ('K.258 KernScores', 'P1', 1, (557, 558), (84, 1.0), (84, 1.0))]) 

51 .    (((2,), (0.0,), (1.0,)), [('K.258 KernScores', 'P1', 1, (286, 287), (48, 1.0), (48, 1.0)), ('K.258 KernScores', 'P1', 1, (580, 581), (86, 1.0), (86, 1.0))]) 

