1.    nomes:
K.166 KernScores

2.    quantidade:
1

3.    analise:
[('intDia', 'p1p2'), ('duracao', 'p1p2')] SemContInte Distancia: 0

1.    ((2, 1, 2, 2, -3, -3, -3, 4, 2, 1, 2, 2, -3, -3, -3, 4, 2, 1, 2, 1, 2, 1, 2, 2, -4, 1, -3, 4, -3, 1, -3, 4, -3, 1, -3, 2, -2, 2), (0.25, 0.25, 0.25, 0.25, 0.25, 0.25, 0.25, 0.25, 0.25, 0.25, 0.25, 0.25, 0.25, 0.25, 0.25, 0.25, 0.25, 0.25, 0.25, 0.25, 0.25, 0.25, 0.25, 0.25, 0.25, 0.25, 0.25, 0.25, 0.25, 0.25, 0.25, 0.25, 0.25, 0.25, 0.25, 0.25, 0.75, 0.12)):
('K.166 KernScores', 'P1', 1, (102, 140), (23,), (1.0,), (27,), (2.75,))
('K.166 KernScores', 'P1', 1, (141, 179), (28,), (1.0,), (32,), (2.75,))

2.    ((1, -2, 2, 8, -3, -3, -2, 1, -2, -2, 10, -3, -3, -2, 1, -2, -2, 6, -5, 6, -2, -2), (0.25, 0.25, 0.25, 0.25, 0.25, 0.25, 0.5, 0.25, 0.25, 0.25, 0.25, 0.25, 0.25, 0.5, 0.25, 0.25, 0.25, 0.25, 0.25, 0.25, 0.25, 0.5)):
('K.166 KernScores', 'P1', 1, (185, 207), (33,), (2.25,), (36,), (2.0,))
('K.166 KernScores', 'P1', 1, (211, 233), (37,), (2.25,), (40,), (2.0,))

3.    ((8, -3, -3, -2, 1, -2, 2, 6, -5, -3, -2, 1, -2, 2, 5, -5, 6, -4, -2, -2), (0.25, 0.25, 0.25, 0.5, 0.25, 0.25, 0.25, 0.25, 0.25, 0.25, 0.5, 0.25, 0.25, 0.25, 0.25, 0.25, 0.25, 0.25, 0.5, 0.5)):
('K.166 KernScores', 'P1', 1, (431, 451), (73,), (1.0,), (75,), (2.5,))
('K.166 KernScores', 'P1', 1, (451, 471), (76,), (1.0,), (78,), (2.5,))

4.    ((2, 2, -2, -2, -2, -2, -2, -2, 2, -2, 2, 2, 4, 1, -3, 1, 3, 1), (0.12, 0.12, 0.17, 0.17, 0.17, 0.17, 0.17, 0.17, 0.5, 0.38, 0.06, 0.06, 1.5, 0.5, 0.25, 0.25, 1.0, 0.5)):
('K.166 KernScores', 'P1', 1, (29, 47), (6,), (2.75,), (9,), (2.5,))
('K.166 KernScores', 'P1', 1, (270, 288), (47,), (2.75,), (50,), (2.5,))

5.    ((1, -2, -2, 2, -2, -2, 2, -2, -2, 2, -2, -2, 1, -2), (0.5, 0.17, 0.17, 0.17, 0.17, 0.17, 0.17, 0.17, 0.17, 0.17, 0.17, 0.17, 0.17, 0.5)):
('K.166 KernScores', 'P1', 1, (291, 305), (51,), (2.5,), (53,), (1.0,))
('K.166 KernScores', 'P1', 1, (306, 320), (53,), (2.5,), (55,), (1.0,))

6.    ((8, -2, -2, -2, 4, -2, -2, -2, 4, -2, 3), (0.5, 0.5, 0.25, 0.25, 1.0, 0.5, 0.25, 0.25, 1.0, 0.5, 0.5)):
('K.166 KernScores', 'P1', 1, (58, 69), (12,), (2.0,), (15,), (1.0,))
('K.166 KernScores', 'P1', 1, (74, 85), (16,), (2.0,), (19,), (1.0,))

7.    (((8, 1), (7, 1), (7, 1), (8, 1), (8, 2), (8, 1), (8, 2), (6, 2), 2, -8), ((0.0, 0.5), (0.0, 0.5), (0.0, 0.5), (0.0, 0.5), (0.0, 0.5), (0.0, 0.5), (0.0, 0.5), (0.0, 0.5), 0.5, 0.5)):
('K.166 KernScores', 'P2', 1, (254, 264), (73,), (1.5,), (75,), (2.0,))
('K.166 KernScores', 'P2', 1, (266, 276), (76,), (1.5,), (78,), (2.0,))

8.    ((1, -2, -2, -2, 6, -2, -6, -2), (0.5, 0.75, 0.12, 0.12, 0.5, 0.5, 0.5, 0.5)):
('K.166 KernScores', 'P1', 1, (85, 93), (19,), (1.5,), (20,), (2.5,))
('K.166 KernScores', 'P1', 1, (94, 102), (21,), (1.5,), (22,), (2.5,))

9.    ((2, 3, 2, -5, 2, 3, 2, -5), (0.5, 0.5, 0.5, 0.5, 0.5, 0.5, 0.5, 0.5)):
('K.166 KernScores', 'P2', 1, (39, 47), (12,), (2.5,), (14,), (2.0,))
('K.166 KernScores', 'P2', 1, (51, 59), (16,), (2.5,), (18,), (2.0,))

10.    ((2, 2, 2, (3, 1), (3, 1), (3, -2), (3, 1), (3, 1)), (0.5, 0.5, 1.0, (0.0, 0.5), (0.0, 0.5), (0.0, 1.0), (0.0, 0.5), (0.0, 0.5))):
('K.166 KernScores', 'P2', 1, (168, 176), (49,), (1.5,), (51,), (2.0,))
('K.166 KernScores', 'P2', 1, (200, 208), (59,), (1.5,), (61,), (2.0,))

11.    ((2, 1, 2, 1, -3, -4, -3), (0.25, 0.25, 0.25, 0.25, 0.25, 0.25, 0.25)):
('K.166 KernScores', 'P1', 1, (384, 391), (67,), (1.0,), (67,), (2.5,))
('K.166 KernScores', 'P1', 1, (392, 399), (68,), (1.0,), (68,), (2.5,))

12.    ((2, 1, 2, 1, -3, -3, -3), (0.25, 0.25, 0.25, 0.25, 0.25, 0.25, 0.25)):
('K.166 KernScores', 'P1', 1, (400, 407), (69,), (1.0,), (69,), (2.5,))
('K.166 KernScores', 'P1', 1, (408, 415), (70,), (1.0,), (70,), (2.5,))

13.    ((-2, -2, -2, -2, -2, -2), (0.25, 0.25, 0.25, 0.25, 0.25, 0.25)):
('K.166 KernScores', 'P1', 1, (247, 253), (43,), (1.25,), (43,), (2.5,))
('K.166 KernScores', 'P1', 1, (484, 490), (81,), (1.25,), (81,), (2.5,))

14.    ((-3, -3, -3, -3, -2), (0.5, 0.5, 0.5, 0.5, 0.5)):
('K.166 KernScores', 'P1', 1, (52, 57), (11,), (1.0,), (12,), (1.0,))
('K.166 KernScores', 'P1', 1, (69, 74), (15,), (1.5,), (16,), (1.5,))

15.    ((-3, -4, -3, 1, 2), (0.5, 0.5, 0.5, 0.5, 0.5)):
('K.166 KernScores', 'P1', 1, (322, 327), (56,), (1.0,), (57,), (1.0,))
('K.166 KernScores', 'P1', 1, (329, 334), (58,), (1.0,), (59,), (1.0,))

16.    ((1, 1, -2, 1), (0.5, 0.5, 1.0, 0.5)):
('K.166 KernScores', 'P2', 1, (28, 32), (9,), (1.5,), (10,), (1.5,))
('K.166 KernScores', 'P2', 1, (34, 38), (11,), (1.5,), (12,), (1.5,))

17.    (((7, 1), (7, 1), (7, 1), (7, 1)), ((0.0, 0.5), (0.0, 0.5), (0.0, 0.5), (0.0, 0.5))):
('K.166 KernScores', 'P2', 1, (233, 237), (68,), (1.0,), (68,), (2.5,))
('K.166 KernScores', 'P2', 1, (241, 245), (70,), (1.0,), (70,), (2.5,))

18.    ((-3, 2, 2), (0.5, 0.5, 0.5)):
('K.166 KernScores', 'P1', 1, (1, 4), (1,), (1.5,), (1,), (2.5,))
('K.166 KernScores', 'P1', 1, (255, 258), (44,), (1.5,), (44,), (2.5,))
('K.166 KernScores', 'P2', 1, (146, 149), (41,), (2.5,), (42,), (1.5,))

19.    ((1, 2), (0.5, 0.5)):
('K.166 KernScores', 'P1', 1, (325, 327), (56,), (2.5,), (57,), (1.0,))
('K.166 KernScores', 'P1', 1, (332, 334), (58,), (2.5,), (59,), (1.0,))
('K.166 KernScores', 'P2', 1, (14, 16), (5,), (2.0,), (5,), (2.5,))
('K.166 KernScores', 'P2', 1, (16, 18), (6,), (1.0,), (6,), (1.5,))
('K.166 KernScores', 'P2', 1, (18, 20), (6,), (2.0,), (6,), (2.5,))
('K.166 KernScores', 'P2', 1, (20, 22), (7,), (1.0,), (7,), (1.5,))
('K.166 KernScores', 'P2', 1, (88, 90), (27,), (1.0,), (27,), (1.5,))
('K.166 KernScores', 'P2', 1, (108, 110), (32,), (1.0,), (32,), (1.5,))
('K.166 KernScores', 'P2', 1, (164, 166), (48,), (1.0,), (48,), (1.5,))
('K.166 KernScores', 'P2', 1, (225, 227), (66,), (1.0,), (66,), (1.5,))

20.    ((-2, -2), (0.5, 0.5)):
('K.166 KernScores', 'P1', 1, (244, 246), (42,), (2.0,), (42,), (2.5,))
('K.166 KernScores', 'P1', 1, (449, 451), (75,), (2.0,), (75,), (2.5,))
('K.166 KernScores', 'P1', 1, (469, 471), (78,), (2.0,), (78,), (2.5,))
('K.166 KernScores', 'P1', 1, (475, 477), (79,), (2.0,), (79,), (2.5,))
('K.166 KernScores', 'P2', 1, (153, 155), (45,), (1.5,), (45,), (2.0,))

21.    ((3, -3), (0.5, 0.5)):
('K.166 KernScores', 'P1', 1, (68, 70), (15,), (1.0,), (15,), (1.5,))
('K.166 KernScores', 'P2', 1, (60, 62), (19,), (1.5,), (19,), (2.0,))
('K.166 KernScores', 'P2', 1, (66, 68), (21,), (1.5,), (21,), (2.0,))

22.    ((1, 2), (1.0, 0.5)):
('K.166 KernScores', 'P1', 1, (343, 345), (61,), (1.5,), (61,), (2.5,))
('K.166 KernScores', 'P2', 1, (190, 192), (55,), (2.5,), (56,), (1.5,))

23.    ((2, -8), (0.5, 0.5)):
('K.166 KernScores', 'P2', 1, (144, 146), (41,), (1.5,), (41,), (2.0,))
('K.166 KernScores', 'P2', 1, (186, 188), (54,), (2.5,), (55,), (1.0,))

24.    ((-2,), (0.5,)):
('K.166 KernScores', 'P1', 1, (56, 57), (12,), (1.0,), (12,), (1.0,))
('K.166 KernScores', 'P1', 1, (59, 60), (12,), (2.5,), (12,), (2.5,))
('K.166 KernScores', 'P1', 1, (63, 64), (13,), (2.5,), (13,), (2.5,))
('K.166 KernScores', 'P1', 1, (67, 68), (14,), (2.5,), (14,), (2.5,))
('K.166 KernScores', 'P1', 1, (73, 74), (16,), (1.5,), (16,), (1.5,))
('K.166 KernScores', 'P1', 1, (75, 76), (16,), (2.5,), (16,), (2.5,))
('K.166 KernScores', 'P1', 1, (79, 80), (17,), (2.5,), (17,), (2.5,))
('K.166 KernScores', 'P1', 1, (83, 84), (18,), (2.5,), (18,), (2.5,))
('K.166 KernScores', 'P1', 1, (90, 91), (20,), (1.5,), (20,), (1.5,))
('K.166 KernScores', 'P1', 1, (92, 93), (20,), (2.5,), (20,), (2.5,))
('K.166 KernScores', 'P1', 1, (99, 100), (22,), (1.5,), (22,), (1.5,))
('K.166 KernScores', 'P1', 1, (101, 102), (22,), (2.5,), (22,), (2.5,))
('K.166 KernScores', 'P1', 1, (191, 192), (34,), (1.75,), (34,), (1.75,))
('K.166 KernScores', 'P1', 1, (198, 199), (35,), (1.75,), (35,), (1.75,))
('K.166 KernScores', 'P1', 1, (206, 207), (36,), (2.0,), (36,), (2.0,))
('K.166 KernScores', 'P1', 1, (210, 211), (37,), (1.75,), (37,), (1.75,))
('K.166 KernScores', 'P1', 1, (217, 218), (38,), (1.75,), (38,), (1.75,))
('K.166 KernScores', 'P1', 1, (224, 225), (39,), (1.75,), (39,), (1.75,))
('K.166 KernScores', 'P1', 1, (232, 233), (40,), (2.0,), (40,), (2.0,))
('K.166 KernScores', 'P1', 1, (238, 239), (41,), (2.0,), (41,), (2.0,))
('K.166 KernScores', 'P1', 1, (304, 305), (53,), (1.0,), (53,), (1.0,))
('K.166 KernScores', 'P1', 1, (319, 320), (55,), (1.0,), (55,), (1.0,))
('K.166 KernScores', 'P1', 1, (434, 435), (73,), (1.75,), (73,), (1.75,))
('K.166 KernScores', 'P1', 1, (441, 442), (74,), (1.75,), (74,), (1.75,))
('K.166 KernScores', 'P1', 1, (454, 455), (76,), (1.75,), (76,), (1.75,))
('K.166 KernScores', 'P1', 1, (461, 462), (77,), (1.75,), (77,), (1.75,))
('K.166 KernScores', 'P2', 1, (23, 24), (7,), (2.5,), (7,), (2.5,))
('K.166 KernScores', 'P2', 1, (155, 156), (45,), (2.5,), (45,), (2.5,))
('K.166 KernScores', 'P2', 1, (157, 158), (46,), (1.5,), (46,), (1.5,))
('K.166 KernScores', 'P2', 1, (159, 160), (46,), (2.5,), (46,), (2.5,))
('K.166 KernScores', 'P2', 1, (161, 162), (47,), (1.5,), (47,), (1.5,))
('K.166 KernScores', 'P2', 1, (195, 196), (57,), (2.0,), (57,), (2.0,))
('K.166 KernScores', 'P2', 1, (224, 225), (65,), (2.5,), (65,), (2.5,))

25.    ((2,), (0.5,)):
('K.166 KernScores', 'P1', 1, (37, 38), (7,), (2.0,), (7,), (2.0,))
('K.166 KernScores', 'P1', 1, (259, 260), (45,), (2.5,), (45,), (2.5,))
('K.166 KernScores', 'P1', 1, (278, 279), (48,), (2.0,), (48,), (2.0,))
('K.166 KernScores', 'P2', 1, (5, 6), (3,), (1.5,), (3,), (1.5,))
('K.166 KernScores', 'P2', 1, (9, 10), (4,), (1.5,), (4,), (1.5,))
('K.166 KernScores', 'P2', 1, (22, 23), (7,), (2.0,), (7,), (2.0,))
('K.166 KernScores', 'P2', 1, (39, 40), (12,), (2.5,), (12,), (2.5,))
('K.166 KernScores', 'P2', 1, (41, 42), (13,), (1.5,), (13,), (1.5,))
('K.166 KernScores', 'P2', 1, (43, 44), (13,), (2.5,), (13,), (2.5,))
('K.166 KernScores', 'P2', 1, (45, 46), (14,), (1.5,), (14,), (1.5,))
('K.166 KernScores', 'P2', 1, (47, 48), (14,), (2.5,), (14,), (2.5,))
('K.166 KernScores', 'P2', 1, (51, 52), (16,), (2.5,), (16,), (2.5,))
('K.166 KernScores', 'P2', 1, (53, 54), (17,), (1.5,), (17,), (1.5,))
('K.166 KernScores', 'P2', 1, (55, 56), (17,), (2.5,), (17,), (2.5,))
('K.166 KernScores', 'P2', 1, (57, 58), (18,), (1.5,), (18,), (1.5,))
('K.166 KernScores', 'P2', 1, (90, 91), (27,), (2.0,), (27,), (2.0,))
('K.166 KernScores', 'P2', 1, (110, 111), (32,), (2.0,), (32,), (2.0,))
('K.166 KernScores', 'P2', 1, (144, 145), (41,), (1.5,), (41,), (1.5,))
('K.166 KernScores', 'P2', 1, (166, 167), (48,), (2.0,), (48,), (2.0,))
('K.166 KernScores', 'P2', 1, (179, 180), (52,), (2.5,), (52,), (2.5,))
('K.166 KernScores', 'P2', 1, (186, 187), (54,), (2.5,), (54,), (2.5,))
('K.166 KernScores', 'P2', 1, (192, 193), (56,), (2.0,), (56,), (2.0,))
('K.166 KernScores', 'P2', 1, (227, 228), (66,), (2.0,), (66,), (2.0,))
('K.166 KernScores', 'P2', 1, (246, 247), (71,), (1.5,), (71,), (1.5,))
('K.166 KernScores', 'P2', 1, (262, 263), (75,), (1.5,), (75,), (1.5,))
('K.166 KernScores', 'P2', 1, (274, 275), (78,), (1.5,), (78,), (1.5,))

26.    ((1,), (0.5,)):
('K.166 KernScores', 'P1', 1, (42, 43), (8,), (2.5,), (8,), (2.5,))
('K.166 KernScores', 'P1', 1, (46, 47), (9,), (2.5,), (9,), (2.5,))
('K.166 KernScores', 'P1', 1, (85, 86), (19,), (1.5,), (19,), (1.5,))
('K.166 KernScores', 'P1', 1, (94, 95), (21,), (1.5,), (21,), (1.5,))
('K.166 KernScores', 'P1', 1, (283, 284), (49,), (2.5,), (49,), (2.5,))
('K.166 KernScores', 'P1', 1, (287, 288), (50,), (2.5,), (50,), (2.5,))
('K.166 KernScores', 'P1', 1, (291, 292), (51,), (2.5,), (51,), (2.5,))
('K.166 KernScores', 'P1', 1, (306, 307), (53,), (2.5,), (53,), (2.5,))
('K.166 KernScores', 'P1', 1, (335, 336), (59,), (2.5,), (59,), (2.5,))
('K.166 KernScores', 'P1', 1, (339, 340), (60,), (2.5,), (60,), (2.5,))
('K.166 KernScores', 'P2', 1, (28, 29), (9,), (1.5,), (9,), (1.5,))
('K.166 KernScores', 'P2', 1, (29, 30), (9,), (2.0,), (9,), (2.0,))
('K.166 KernScores', 'P2', 1, (31, 32), (10,), (1.5,), (10,), (1.5,))
('K.166 KernScores', 'P2', 1, (32, 33), (10,), (2.0,), (10,), (2.0,))
('K.166 KernScores', 'P2', 1, (34, 35), (11,), (1.5,), (11,), (1.5,))
('K.166 KernScores', 'P2', 1, (35, 36), (11,), (2.0,), (11,), (2.0,))
('K.166 KernScores', 'P2', 1, (37, 38), (12,), (1.5,), (12,), (1.5,))
('K.166 KernScores', 'P2', 1, (156, 157), (46,), (1.0,), (46,), (1.0,))
('K.166 KernScores', 'P2', 1, (158, 159), (46,), (2.0,), (46,), (2.0,))
('K.166 KernScores', 'P2', 1, (160, 161), (47,), (1.0,), (47,), (1.0,))
('K.166 KernScores', 'P2', 1, (162, 163), (47,), (2.0,), (47,), (2.0,))
('K.166 KernScores', 'P2', 1, (188, 189), (55,), (1.5,), (55,), (1.5,))
('K.166 KernScores', 'P2', 1, (189, 190), (55,), (2.0,), (55,), (2.0,))
('K.166 KernScores', 'P2', 1, (194, 195), (57,), (1.5,), (57,), (1.5,))
('K.166 KernScores', 'P2', 1, (223, 224), (65,), (2.0,), (65,), (2.0,))
('K.166 KernScores', 'P2', 1, (265, 266), (76,), (1.0,), (76,), (1.0,))

27.    ((3,), (0.5,)):
('K.166 KernScores', 'P1', 1, (84, 85), (19,), (1.0,), (19,), (1.0,))
('K.166 KernScores', 'P2', 1, (38, 39), (12,), (2.0,), (12,), (2.0,))
('K.166 KernScores', 'P2', 1, (40, 41), (13,), (1.0,), (13,), (1.0,))
('K.166 KernScores', 'P2', 1, (44, 45), (14,), (1.0,), (14,), (1.0,))
('K.166 KernScores', 'P2', 1, (52, 53), (17,), (1.0,), (17,), (1.0,))
('K.166 KernScores', 'P2', 1, (56, 57), (18,), (1.0,), (18,), (1.0,))

28.    ((6,), (0.5,)):
('K.166 KernScores', 'P1', 1, (89, 90), (20,), (1.0,), (20,), (1.0,))
('K.166 KernScores', 'P1', 1, (93, 94), (21,), (1.0,), (21,), (1.0,))
('K.166 KernScores', 'P1', 1, (98, 99), (22,), (1.0,), (22,), (1.0,))
('K.166 KernScores', 'P2', 1, (276, 277), (78,), (2.5,), (78,), (2.5,))
('K.166 KernScores', 'P2', 1, (280, 281), (79,), (2.5,), (79,), (2.5,))

29.    ((4,), (0.5,)):
('K.166 KernScores', 'P1', 1, (239, 240), (41,), (2.5,), (41,), (2.5,))
('K.166 KernScores', 'P2', 1, (127, 128), (36,), (2.5,), (36,), (2.5,))
('K.166 KernScores', 'P2', 1, (150, 151), (42,), (2.5,), (42,), (2.5,))
('K.166 KernScores', 'P2', 1, (249, 250), (72,), (1.0,), (72,), (1.0,))
('K.166 KernScores', 'P2', 1, (264, 265), (75,), (2.5,), (75,), (2.5,))

30.    ((1,), (1.0,)):
('K.166 KernScores', 'P1', 1, (50, 51), (10,), (1.5,), (10,), (1.5,))
('K.166 KernScores', 'P1', 1, (320, 321), (55,), (1.5,), (55,), (1.5,))
('K.166 KernScores', 'P1', 1, (327, 328), (57,), (1.5,), (57,), (1.5,))
('K.166 KernScores', 'P2', 1, (33, 34), (10,), (2.5,), (10,), (2.5,))

31.    ((-4,), (0.5,)):
('K.166 KernScores', 'P1', 1, (323, 324), (56,), (1.5,), (56,), (1.5,))
('K.166 KernScores', 'P1', 1, (330, 331), (58,), (1.5,), (58,), (1.5,))
('K.166 KernScores', 'P2', 1, (6, 7), (3,), (2.0,), (3,), (2.0,))
('K.166 KernScores', 'P2', 1, (10, 11), (4,), (2.0,), (4,), (2.0,))

32.    (((3, 2),), ((0.0, 0.5),)):
('K.166 KernScores', 'P1', 1, (482, 483), (80,), (2.5,), (80,), (2.5,))
('K.166 KernScores', 'P2', 1, (123, 124), (35,), (2.5,), (35,), (2.5,))
('K.166 KernScores', 'P2', 1, (139, 140), (39,), (2.5,), (39,), (2.5,))
('K.166 KernScores', 'P2', 1, (208, 209), (61,), (2.5,), (61,), (2.5,))

33.    ((2,), (0.12,)):
('K.166 KernScores', 'P1', 1, (11, 12), (3,), (2.75,), (3,), (2.75,))
('K.166 KernScores', 'P1', 1, (140, 141), (27,), (2.88,), (27,), (2.88,))
('K.166 KernScores', 'P1', 1, (430, 431), (72,), (2.88,), (72,), (2.88,))

34.    ((-2,), (0.12,)):
('K.166 KernScores', 'P1', 1, (18, 19), (4,), (2.88,), (4,), (2.88,))
('K.166 KernScores', 'P1', 1, (179, 180), (32,), (2.88,), (32,), (2.88,))
('K.166 KernScores', 'P1', 1, (382, 383), (66,), (2.75,), (66,), (2.75,))

35.    ((-2,), (0.75,)):
('K.166 KernScores', 'P1', 1, (28, 29), (6,), (2.0,), (6,), (2.0,))
('K.166 KernScores', 'P1', 1, (207, 208), (36,), (2.5,), (36,), (2.5,))

36.    ((8,), (0.25,)):
('K.166 KernScores', 'P1', 1, (234, 235), (41,), (1.0,), (41,), (1.0,))
('K.166 KernScores', 'P1', 1, (479, 480), (80,), (1.5,), (80,), (1.5,))

37.    ((-8,), (0.25,)):
('K.166 KernScores', 'P1', 1, (241, 242), (42,), (1.25,), (42,), (1.25,))
('K.166 KernScores', 'P1', 1, (480, 481), (80,), (1.75,), (80,), (1.75,))

38.    ((6,), (0.25,)):
('K.166 KernScores', 'P1', 1, (253, 254), (43,), (2.75,), (43,), (2.75,))
('K.166 KernScores', 'P1', 1, (391, 392), (67,), (2.75,), (67,), (2.75,))

39.    ((6,), (1.0,)):
('K.166 KernScores', 'P1', 1, (305, 306), (53,), (1.5,), (53,), (1.5,))
('K.166 KernScores', 'P1', 1, (334, 335), (59,), (1.5,), (59,), (1.5,))

40.    ((5,), (0.25,)):
('K.166 KernScores', 'P1', 1, (407, 408), (69,), (2.75,), (69,), (2.75,))
('K.166 KernScores', 'P1', 1, (490, 491), (81,), (2.75,), (81,), (2.75,))

41.    ((-5,), (0.5,)):
('K.166 KernScores', 'P2', 1, (13, 14), (5,), (1.5,), (5,), (1.5,))
('K.166 KernScores', 'P2', 1, (284, 285), (80,), (2.5,), (80,), (2.5,))

42.    ((1,), (2.0,)):
('K.166 KernScores', 'P2', 1, (151, 152), (43,), (1.0,), (43,), (1.0,))
('K.166 KernScores', 'P2', 1, (285, 286), (81,), (1.0,), (81,), (1.0,))

