1.    nomes:
K.377 Musescore

2.    quantidade:
1

3.    analise:
[('intDia', 'p1p2'), ('duracao', 'p1p2'), ('Ntempo', 'p1'), ('Ptempo', 'p1')] SemContInte Distancia: 0

1.    ((-2, 2, -2, 2, -2, 2, -2, 2, 2, 2, -3, 2, 2, 2, -3, -2, -2, 2, -2, 2, -2, 2, -2, 2, 2, 2, -3, 2, 2, 2, -3), (0.25, 0.25, 0.25, 0.25, 0.25, 0.25, 0.25, 0.25, 0.25, 0.25, 0.25, 0.25, 0.25, 0.25, 0.25, 0.25, 0.25, 0.25, 0.25, 0.25, 0.25, 0.25, 0.25, 0.25, 0.25, 0.25, 0.25, 0.25, 0.25, 0.25, 0.25), (1,), (0.0,)):
('K.377 Musescore', 'P1', 1, (35, 66), (9,), (1.0,), (12,), (2.5,))
('K.377 Musescore', 'P1', 1, (111, 142), (21,), (1.0,), (24,), (2.5,))

2.    ((-8, 4, 2, 2, -3, 4, -3, 4, -2, -2, -2, 2, -3, 4, -3, 4, -2, -2, -2, 2, -3, 4, -3, 4), (0.5, 0.5, 0.5, 0.5, 0.5, 0.5, 0.5, 0.5, 0.5, 0.5, 0.5, 0.5, 0.5, 0.5, 0.5, 0.5, 0.5, 0.5, 0.5, 0.5, 0.5, 0.5, 0.5, 0.5), (2,), (0.0,)):
('K.377 Musescore', 'P1', 2, (127, 151), (34,), (2.0,), (40,), (1.5,))
('K.377 Musescore', 'P1', 2, (151, 175), (40,), (2.0,), (46,), (1.5,))

3.    ((7, -8, 8, -8, 8, -2, -2, -2, 2, -2, -2, -2, 2, -2, -2, -2), (0.25, 0.25, 0.25, 0.25, 0.25, 0.25, 0.25, 0.25, 0.25, 0.25, 0.25, 0.25, 0.25, 0.25, 0.25, 0.25), (2,), (0.75,)):
('K.377 Musescore', 'P1', 1, (142, 158), (24,), (2.75,), (26,), (2.5,))
('K.377 Musescore', 'P1', 1, (158, 174), (26,), (2.75,), (28,), (2.5,))

4.    ((-2, -2, -2, 2, -2, -2, -2, 2, -2, -2, -2, 2, -2, -2, -2), (0.25, 0.25, 0.25, 0.25, 0.25, 0.25, 0.25, 0.25, 0.25, 0.25, 0.25, 0.25, 0.25, 0.25, 0.25), (2,), (0.0,)):
('K.377 Musescore', 'P1', 1, (163, 178), (27,), (2.0,), (29,), (1.5,))
('K.377 Musescore', 'P1', 2, (103, 118), (30,), (2.0,), (32,), (1.5,))

5.    ((8, -2, -6, 1, 2, 8, -4, 2, -4, 2, -3, -2, -2, 2), (0.5, 1.0, 0.25, 0.25, 0.5, 1.0, 0.25, 0.25, 0.25, 0.25, 0.25, 0.25, 0.5, 0.5), (1,), (0.0,)):
('K.377 Musescore', 'P1', 1, (209, 223), (38,), (1.0,), (40,), (2.5,))
('K.377 Musescore', 'P1', 1, (234, 248), (44,), (1.0,), (46,), (2.5,))

6.    ((2, 2, 2, -2, -2, 6, 2), (0.5, 0.5, 0.25, 0.25, 0.5, 0.5, 0.5), (2,), (0.5,)):
('K.377 Musescore', 'P1', 1, (8, 15), (3,), (2.5,), (5,), (1.0,))
('K.377 Musescore', 'P1', 1, (16, 23), (5,), (2.5,), (7,), (1.0,))

7.    ((-2, -2, -2, -2, -2, -2, -2), (0.25, 0.25, 0.25, 0.25, 0.25, 0.25, 0.25), (1,), (0.0,)):
('K.377 Musescore', 'P1', 1, (175, 182), (29,), (1.0,), (29,), (2.5,))
('K.377 Musescore', 'P1', 1, (187, 194), (33,), (1.0,), (33,), (2.5,))

8.    ((2, 2, -3, 4, 2, 2, -3), (0.5, 0.5, 0.5, 0.5, 0.5, 0.5, 0.5), (1,), (0.0,)):
('K.377 Musescore', 'P1', 2, (81, 88), (25,), (1.0,), (26,), (2.0,))
('K.377 Musescore', 'P1', 2, (89, 96), (27,), (1.0,), (28,), (2.0,))

9.    ((6, -3, -3, 1, 2, 1), (0.5, 1.0, 0.25, 0.25, 0.5, 1.0), (1,), (0.0,)):
('K.377 Musescore', 'P1', 1, (201, 207), (36,), (1.0,), (37,), (1.5,))
('K.377 Musescore', 'P1', 1, (226, 232), (42,), (1.0,), (43,), (1.5,))

10.    ((-2, -2), (0.5, 0.5), (2,), (0.0,)):
('K.377 Musescore', 'P1', 1, (252, 254), (47,), (2.0,), (47,), (2.5,))
('K.377 Musescore', 'P1', 2, (2, 4), (2,), (2.0,), (2,), (2.5,))
('K.377 Musescore', 'P1', 2, (10, 12), (4,), (2.0,), (4,), (2.5,))
('K.377 Musescore', 'P1', 2, (18, 20), (6,), (2.0,), (6,), (2.5,))
('K.377 Musescore', 'P1', 2, (26, 28), (8,), (2.0,), (8,), (2.5,))
('K.377 Musescore', 'P1', 2, (34, 36), (10,), (2.0,), (10,), (2.5,))
('K.377 Musescore', 'P1', 2, (71, 73), (22,), (2.0,), (22,), (2.5,))
('K.377 Musescore', 'P1', 2, (135, 137), (36,), (2.0,), (36,), (2.5,))
('K.377 Musescore', 'P1', 2, (143, 145), (38,), (2.0,), (38,), (2.5,))
('K.377 Musescore', 'P1', 2, (159, 161), (42,), (2.0,), (42,), (2.5,))
('K.377 Musescore', 'P1', 2, (167, 169), (44,), (2.0,), (44,), (2.5,))
('K.377 Musescore', 'P1', 2, (175, 177), (46,), (2.0,), (46,), (2.5,))

11.    ((-2, 2), (0.5, 0.5), (2,), (0.0,)):
('K.377 Musescore', 'P1', 1, (221, 223), (40,), (2.0,), (40,), (2.5,))
('K.377 Musescore', 'P1', 1, (246, 248), (46,), (2.0,), (46,), (2.5,))
('K.377 Musescore', 'P1', 2, (46, 48), (14,), (2.0,), (14,), (2.5,))
('K.377 Musescore', 'P1', 2, (51, 53), (16,), (2.0,), (16,), (2.5,))
('K.377 Musescore', 'P1', 2, (56, 58), (18,), (2.0,), (18,), (2.5,))
('K.377 Musescore', 'P1', 2, (67, 69), (21,), (2.0,), (21,), (2.5,))

12.    ((-3, 1), (0.25, 0.25), (2,), (0.5,)):
('K.377 Musescore', 'P1', 1, (199, 201), (35,), (2.5,), (35,), (2.75,))
('K.377 Musescore', 'P1', 1, (207, 209), (37,), (2.5,), (37,), (2.75,))

13.    ((-4, 2), (0.25, 0.25), (2,), (0.5,)):
('K.377 Musescore', 'P1', 1, (224, 226), (41,), (2.5,), (41,), (2.75,))
('K.377 Musescore', 'P1', 1, (232, 234), (43,), (2.5,), (43,), (2.75,))

14.    ((2,), (0.5,), (1,), (0.0,)):
('K.377 Musescore', 'P1', 1, (9, 10), (4,), (1.0,), (4,), (1.0,))
('K.377 Musescore', 'P1', 1, (14, 15), (5,), (1.0,), (5,), (1.0,))
('K.377 Musescore', 'P1', 1, (17, 18), (6,), (1.0,), (6,), (1.0,))
('K.377 Musescore', 'P1', 1, (22, 23), (7,), (1.0,), (7,), (1.0,))
('K.377 Musescore', 'P1', 1, (205, 206), (37,), (1.0,), (37,), (1.0,))
('K.377 Musescore', 'P1', 1, (213, 214), (39,), (1.0,), (39,), (1.0,))
('K.377 Musescore', 'P1', 1, (230, 231), (43,), (1.0,), (43,), (1.0,))
('K.377 Musescore', 'P1', 1, (238, 239), (45,), (1.0,), (45,), (1.0,))
('K.377 Musescore', 'P1', 2, (81, 82), (25,), (1.0,), (25,), (1.0,))
('K.377 Musescore', 'P1', 2, (85, 86), (26,), (1.0,), (26,), (1.0,))
('K.377 Musescore', 'P1', 2, (89, 90), (27,), (1.0,), (27,), (1.0,))
('K.377 Musescore', 'P1', 2, (93, 94), (28,), (1.0,), (28,), (1.0,))
('K.377 Musescore', 'P1', 2, (129, 130), (35,), (1.0,), (35,), (1.0,))
('K.377 Musescore', 'P1', 2, (153, 154), (41,), (1.0,), (41,), (1.0,))
('K.377 Musescore', 'P1', 2, (177, 178), (47,), (1.0,), (47,), (1.0,))

15.    ((-2,), (0.5,), (1,), (0.5,)):
('K.377 Musescore', 'P1', 1, (4, 5), (2,), (1.5,), (2,), (1.5,))
('K.377 Musescore', 'P1', 2, (1, 2), (2,), (1.5,), (2,), (1.5,))
('K.377 Musescore', 'P1', 2, (9, 10), (4,), (1.5,), (4,), (1.5,))
('K.377 Musescore', 'P1', 2, (17, 18), (6,), (1.5,), (6,), (1.5,))
('K.377 Musescore', 'P1', 2, (25, 26), (8,), (1.5,), (8,), (1.5,))
('K.377 Musescore', 'P1', 2, (33, 34), (10,), (1.5,), (10,), (1.5,))
('K.377 Musescore', 'P1', 2, (41, 42), (12,), (1.5,), (12,), (1.5,))
('K.377 Musescore', 'P1', 2, (45, 46), (14,), (1.5,), (14,), (1.5,))
('K.377 Musescore', 'P1', 2, (50, 51), (16,), (1.5,), (16,), (1.5,))
('K.377 Musescore', 'P1', 2, (55, 56), (18,), (1.5,), (18,), (1.5,))
('K.377 Musescore', 'P1', 2, (62, 63), (20,), (1.5,), (20,), (1.5,))
('K.377 Musescore', 'P1', 2, (66, 67), (21,), (1.5,), (21,), (1.5,))
('K.377 Musescore', 'P1', 2, (70, 71), (22,), (1.5,), (22,), (1.5,))
('K.377 Musescore', 'P1', 2, (78, 79), (24,), (1.5,), (24,), (1.5,))

16.    ((2,), (0.5,), (2,), (0.5,)):
('K.377 Musescore', 'P1', 1, (8, 9), (3,), (2.5,), (3,), (2.5,))
('K.377 Musescore', 'P1', 1, (16, 17), (5,), (2.5,), (5,), (2.5,))
('K.377 Musescore', 'P1', 2, (7, 8), (3,), (2.5,), (3,), (2.5,))
('K.377 Musescore', 'P1', 2, (64, 65), (20,), (2.5,), (20,), (2.5,))
('K.377 Musescore', 'P1', 2, (124, 125), (33,), (2.5,), (33,), (2.5,))

17.    ((-2,), (0.25,), (2,), (0.75,)):
('K.377 Musescore', 'P1', 1, (50, 51), (10,), (2.75,), (10,), (2.75,))
('K.377 Musescore', 'P1', 1, (110, 111), (20,), (2.75,), (20,), (2.75,))
('K.377 Musescore', 'P1', 1, (126, 127), (22,), (2.75,), (22,), (2.75,))
('K.377 Musescore', 'P1', 2, (122, 123), (32,), (2.75,), (32,), (2.75,))

18.    ((1,), (1.5,), (1,), (0.0,)):
('K.377 Musescore', 'P1', 1, (198, 199), (35,), (1.0,), (35,), (1.0,))
('K.377 Musescore', 'P1', 1, (223, 224), (41,), (1.0,), (41,), (1.0,))

19.    ((-3,), (0.5,), (1,), (0.0,)):
('K.377 Musescore', 'P1', 2, (61, 62), (20,), (1.0,), (20,), (1.0,))
('K.377 Musescore', 'P1', 2, (125, 126), (34,), (1.0,), (34,), (1.0,))

