1.    nomes:
K.335 Musescore

2.    quantidade:
1

3.    analise:
[('intDia', 'p1p2'), ('duracao', 'p1p2'), ('Ptempo', 'p1p2')] SemContInte Distancia: 0

1.    ((-2, 2, -3, 8, -8, 3, -3, 8, -8, 3, -3, 8, -8, 3, -3, 8, -8, 6, -3, 2, -3, 2, -3, 2, 6, -6, 6, -2, -2, -2, -2, -2, -2, 2, -3, 8, -8, 3, -3, 8, -8, 3, -3, 8, -8, 3, -3, 8, -8, 6, -3, 2, -3, 2, -3, 2, 6, -6, 6, -2, -2, -2, -2, -2, -2, -2), (0.25, 0.25, 0.25, 0.25, 0.25, 0.25, 0.25, 0.25, 0.25, 0.25, 0.25, 0.25, 0.25, 0.25, 0.25, 0.25, 0.25, 0.25, 0.25, 0.25, 0.25, 0.25, 0.25, 0.25, 0.25, 0.25, 0.25, 0.25, 0.25, 0.25, 0.25, 0.25, 0.25, 0.25, 0.25, 0.25, 0.25, 0.25, 0.25, 0.25, 0.25, 0.25, 0.25, 0.25, 0.25, 0.25, 0.25, 0.25, 0.25, 0.25, 0.25, 0.25, 0.25, 0.25, 0.25, 0.25, 0.25, 0.25, 0.25, 0.25, 0.25, 0.25, 0.25, 0.25, 0.25, 0.25), (0.5, 0.75, 0.0, 0.25, 0.5, 0.75, 0.0, 0.25, 0.5, 0.75, 0.0, 0.25, 0.5, 0.75, 0.0, 0.25, 0.5, 0.75, 0.0, 0.25, 0.5, 0.75, 0.0, 0.25, 0.5, 0.75, 0.0, 0.25, 0.5, 0.75, 0.0, 0.25, 0.5, 0.75, 0.0, 0.25, 0.5, 0.75, 0.0, 0.25, 0.5, 0.75, 0.0, 0.25, 0.5, 0.75, 0.0, 0.25, 0.5, 0.75, 0.0, 0.25, 0.5, 0.75, 0.0, 0.25, 0.5, 0.75, 0.0, 0.25, 0.5, 0.75, 0.0, 0.25, 0.5, 0.75)):
('K.335 Musescore', 'P1', 1, (157, 223), (42,), (2.5,), (50,), (2.75,))
('K.335 Musescore', 'P1', 1, (363, 429), (88,), (2.5,), (96,), (2.75,))

2.    ((1, 4, 3, 3, 4, 3, -2, -9, 3, 3, 4, 3, -2, -2, 1, -2, -3, -5, 8, -2, -3, 4, -2, -2, -2, -2, 1, 2, -8, 11, -2, -2, -2, -2, 1, 2, -8, 4), (1.0, 2.0, 0.5, 0.5, 0.5, 0.5, 1.0, 1.0, 0.5, 0.5, 0.5, 0.5, 1.0, 1.0, 1.0, 1.0, 1.0, 1.0, 1.0, 1.0, 1.0, 1.0, 1.0, 1.0, 1.0, 1.0, 1.0, 1.0, 1.0, 1.0, 1.0, 1.0, 1.0, 1.0, 1.0, 1.0, 1.0, 1.0), (0.0, 0.0, 0.0, 0.5, 0.0, 0.5, 0.0, 0.0, 0.0, 0.5, 0.0, 0.5, 0.0, 0.0, 0.0, 0.0, 0.0, 0.0, 0.0, 0.0, 0.0, 0.0, 0.0, 0.0, 0.0, 0.0, 0.0, 0.0, 0.0, 0.0, 0.0, 0.0, 0.0, 0.0, 0.0, 0.0, 0.0, 0.0)):
('K.335 Musescore', 'P1', 2, (82, 120), (33,), (2.0,), (50,), (2.0,))
('K.335 Musescore', 'P1', 2, (189, 227), (79,), (2.0,), (96,), (2.0,))

3.    ((-4, -2, -2, -2, 2, 6, -4, -2, -2, -2, 2, 2, 2, 2), (0.25, 0.25, 0.5, 0.25, 0.25, 2.5, 0.25, 0.25, 0.5, 0.25, 0.25, 0.5, 1.0, 0.25), (0.5, 0.75, 0.0, 0.5, 0.75, 0.0, 0.5, 0.75, 0.0, 0.5, 0.75, 0.0, 0.5, 0.5)):
('K.335 Musescore', 'P1', 1, (128, 142), (36,), (1.5,), (39,), (2.5,))
('K.335 Musescore', 'P1', 1, (338, 352), (82,), (1.5,), (85,), (2.5,))

4.    ((-5, -2, 2, 2, 2, 3, -5, -2, 2, 2, 2), (0.25, 0.25, 0.5, 0.25, 0.25, 2.5, 0.25, 0.25, 0.5, 0.25, 0.25), (0.5, 0.75, 0.0, 0.5, 0.75, 0.0, 0.5, 0.75, 0.0, 0.5, 0.75)):
('K.335 Musescore', 'P1', 1, (64, 75), (19,), (1.5,), (21,), (2.75,))
('K.335 Musescore', 'P1', 1, (84, 95), (25,), (1.5,), (27,), (2.75,))

5.    ((-4, 4, 2, 2, -2, -2, 2, -2, -2, 2, 1), (0.25, 0.25, 0.5, 0.5, 0.5, 0.25, 0.25, 0.5, 0.25, 0.25, 1.0), (0.5, 0.75, 0.0, 0.5, 0.0, 0.5, 0.75, 0.0, 0.5, 0.75, 0.0)):
('K.335 Musescore', 'P1', 2, (10, 21), (7,), (1.5,), (9,), (1.0,))
('K.335 Musescore', 'P1', 2, (154, 165), (65,), (1.5,), (67,), (1.0,))

6.    ((-4, 4, 1, -4, 4, 1, -4, 4, -4, 4), (0.25, 0.25, 0.5, 0.25, 0.25, 0.5, 0.25, 0.25, 0.5, 0.5), (0.5, 0.75, 0.0, 0.5, 0.75, 0.0, 0.5, 0.75, 0.0, 0.5)):
('K.335 Musescore', 'P1', 1, (53, 63), (15,), (1.5,), (16,), (2.5,))
('K.335 Musescore', 'P1', 1, (117, 127), (32,), (1.5,), (33,), (2.5,))
('K.335 Musescore', 'P1', 1, (327, 337), (78,), (1.5,), (79,), (2.5,))

7.    ((-4, 4, 2, 2, 3, -5, 2, -3, 2), (0.25, 0.25, 0.5, 0.5, 0.5, 0.25, 0.25, 0.5, 0.5), (0.5, 0.75, 0.0, 0.5, 0.0, 0.5, 0.75, 0.0, 0.5)):
('K.335 Musescore', 'P1', 1, (1, 10), (1,), (1.5,), (2,), (2.5,))
('K.335 Musescore', 'P1', 1, (11, 20), (3,), (1.5,), (4,), (2.5,))

8.    ((-3, -3, -3, 2, 2, -5), (0.25, 0.25, 0.25, 0.5, 0.25, 0.25), (0.25, 0.5, 0.75, 0.0, 0.5, 0.75)):
('K.335 Musescore', 'P1', 1, (435, 441), (98,), (1.25,), (98,), (2.75,))
('K.335 Musescore', 'P1', 1, (444, 450), (100,), (1.25,), (100,), (2.75,))

9.    ((-2, -2, 3, -2, -2), (2.0, 1.0, 1.0, 2.0, 1.0), (0.0, 0.0, 0.0, 0.0, 0.0)):
('K.335 Musescore', 'P1', 1, (21, 26), (5,), (2.0,), (8,), (2.0,))
('K.335 Musescore', 'P1', 1, (275, 280), (63,), (2.0,), (66,), (2.0,))

10.    ((2, -6, -2, 2, 2), (1.5, 0.25, 0.25, 0.5, 0.5), (0.0, 0.5, 0.75, 0.0, 0.5)):
('K.335 Musescore', 'P1', 1, (39, 44), (11,), (2.0,), (12,), (2.5,))
('K.335 Musescore', 'P1', 1, (47, 52), (13,), (2.0,), (14,), (2.5,))

11.    ((-2, -2, -5, 5, -2), (0.25, 0.25, 0.25, 1.0, 1.0), (0.25, 0.5, 0.75, 0.0, 0.0)):
('K.335 Musescore', 'P1', 1, (254, 259), (57,), (2.25,), (58,), (2.0,))
('K.335 Musescore', 'P1', 1, (460, 465), (102,), (2.25,), (103,), (2.0,))

12.    ((5, -6, 6, -6, 6), (1.0, 0.25, 0.25, 0.5, 1.0), (0.5, 0.5, 0.75, 0.0, 0.5)):
('K.335 Musescore', 'P1', 1, (292, 297), (69,), (2.5,), (70,), (2.5,))
('K.335 Musescore', 'P1', 1, (304, 309), (72,), (2.5,), (73,), (2.5,))

13.    ((1, -4, 4, 2, 2), (0.5, 0.25, 0.25, 0.5, 0.5), (0.0, 0.5, 0.75, 0.0, 0.5)):
('K.335 Musescore', 'P1', 1, (10, 15), (3,), (1.0,), (3,), (2.5,))
('K.335 Musescore', 'P1', 2, (153, 158), (65,), (1.0,), (65,), (2.5,))

14.    ((2, -2, -2, -2, -4), (0.5, 0.5, 0.5, 0.5, 0.5), (0.5, 0.0, 0.5, 0.0, 0.5)):
('K.335 Musescore', 'P1', 2, (25, 30), (11,), (2.5,), (12,), (2.5,))
('K.335 Musescore', 'P1', 2, (31, 36), (13,), (2.5,), (14,), (2.5,))

15.    ((1, -2, 1, -2, 1), (1.0, 1.0, 1.0, 1.0, 1.0), (0.0, 0.0, 0.0, 0.0, 0.0)):
('K.335 Musescore', 'P1', 2, (137, 142), (60,), (1.0,), (62,), (1.0,))
('K.335 Musescore', 'P1', 2, (168, 173), (69,), (1.0,), (71,), (1.0,))

16.    ((-4, 4, 2, 2), (0.25, 0.25, 0.5, 0.5), (0.5, 0.75, 0.0, 0.5)):
('K.335 Musescore', 'P1', 1, (1, 5), (1,), (1.5,), (1,), (2.5,))
('K.335 Musescore', 'P1', 2, (1, 5), (5,), (1.5,), (5,), (2.5,))
('K.335 Musescore', 'P1', 2, (10, 14), (7,), (1.5,), (7,), (2.5,))
('K.335 Musescore', 'P1', 2, (143, 147), (63,), (1.5,), (63,), (2.5,))

17.    ((-4, 6, -6, -2), (0.25, 0.25, 0.5, 0.5), (0.5, 0.75, 0.0, 0.5)):
('K.335 Musescore', 'P1', 1, (27, 31), (9,), (1.5,), (9,), (2.5,))
('K.335 Musescore', 'P1', 1, (32, 36), (10,), (1.5,), (10,), (2.5,))

18.    ((2, 1, 2, 1), (1.0, 1.0, 1.0, 1.0), (0.0, 0.0, 0.0, 0.0)):
('K.335 Musescore', 'P1', 2, (173, 177), (71,), (2.0,), (73,), (1.0,))
('K.335 Musescore', 'P1', 2, (228, 232), (97,), (2.0,), (99,), (1.0,))

19.    ((-2, -2, 2), (0.5, 0.25, 0.25), (0.0, 0.5, 0.75)):
('K.335 Musescore', 'P1', 1, (130, 133), (36,), (2.0,), (36,), (2.75,))
('K.335 Musescore', 'P1', 1, (136, 139), (38,), (2.0,), (38,), (2.75,))
('K.335 Musescore', 'P1', 1, (146, 149), (40,), (2.0,), (40,), (2.75,))
('K.335 Musescore', 'P1', 1, (156, 159), (42,), (2.0,), (42,), (2.75,))
('K.335 Musescore', 'P1', 1, (340, 343), (82,), (2.0,), (82,), (2.75,))
('K.335 Musescore', 'P1', 1, (346, 349), (84,), (2.0,), (84,), (2.75,))
('K.335 Musescore', 'P1', 2, (5, 8), (6,), (1.0,), (6,), (1.75,))
('K.335 Musescore', 'P1', 2, (14, 17), (8,), (1.0,), (8,), (1.75,))
('K.335 Musescore', 'P1', 2, (17, 20), (8,), (2.0,), (8,), (2.75,))
('K.335 Musescore', 'P1', 2, (147, 150), (64,), (1.0,), (64,), (1.75,))
('K.335 Musescore', 'P1', 2, (150, 153), (64,), (2.0,), (64,), (2.75,))
('K.335 Musescore', 'P1', 2, (158, 161), (66,), (1.0,), (66,), (1.75,))
('K.335 Musescore', 'P1', 2, (161, 164), (66,), (2.0,), (66,), (2.75,))

20.    ((1, 2, 1), (1.0, 1.0, 1.0), (0.0, 0.0, 0.0)):
('K.335 Musescore', 'P1', 2, (77, 80), (31,), (1.0,), (32,), (1.0,))
('K.335 Musescore', 'P1', 2, (178, 181), (74,), (1.0,), (75,), (1.0,))

21.    ((2, -8, 4), (1.0, 1.0, 1.0), (0.0, 0.0, 0.0)):
('K.335 Musescore', 'P1', 2, (129, 132), (55,), (2.0,), (56,), (2.0,))
('K.335 Musescore', 'P1', 2, (133, 136), (57,), (2.0,), (58,), (2.0,))

22.    ((3, 3), (0.5, 0.5), (0.0, 0.5)):
('K.335 Musescore', 'P1', 1, (267, 269), (61,), (2.0,), (61,), (2.5,))
('K.335 Musescore', 'P1', 2, (41, 43), (18,), (1.0,), (18,), (1.5,))
('K.335 Musescore', 'P1', 2, (47, 49), (20,), (1.0,), (20,), (1.5,))
('K.335 Musescore', 'P1', 2, (53, 55), (22,), (1.0,), (22,), (1.5,))
('K.335 Musescore', 'P1', 2, (59, 61), (24,), (1.0,), (24,), (1.5,))
('K.335 Musescore', 'P1', 2, (65, 67), (26,), (1.0,), (26,), (1.5,))
('K.335 Musescore', 'P1', 2, (84, 86), (35,), (1.0,), (35,), (1.5,))
('K.335 Musescore', 'P1', 2, (90, 92), (37,), (1.0,), (37,), (1.5,))
('K.335 Musescore', 'P1', 2, (191, 193), (81,), (1.0,), (81,), (1.5,))
('K.335 Musescore', 'P1', 2, (197, 199), (83,), (1.0,), (83,), (1.5,))

23.    ((-2, -2), (0.5, 0.5), (0.0, 0.5)):
('K.335 Musescore', 'P1', 1, (114, 116), (31,), (2.0,), (31,), (2.5,))
('K.335 Musescore', 'P1', 1, (324, 326), (77,), (2.0,), (77,), (2.5,))
('K.335 Musescore', 'P1', 2, (26, 28), (12,), (1.0,), (12,), (1.5,))
('K.335 Musescore', 'P1', 2, (32, 34), (14,), (1.0,), (14,), (1.5,))

24.    ((-2, -2), (0.25, 0.25), (0.25, 0.5)):
('K.335 Musescore', 'P1', 1, (250, 252), (57,), (1.25,), (57,), (1.5,))
('K.335 Musescore', 'P1', 1, (321, 323), (77,), (1.25,), (77,), (1.5,))
('K.335 Musescore', 'P1', 1, (456, 458), (102,), (1.25,), (102,), (1.5,))

25.    ((4, -3), (0.25, 0.25), (0.75, 0.0)):
('K.335 Musescore', 'P1', 1, (242, 244), (55,), (1.75,), (55,), (2.0,))
('K.335 Musescore', 'P1', 1, (458, 460), (102,), (1.75,), (102,), (2.0,))

26.    ((-5, 5), (0.25, 0.25), (0.5, 0.75)):
('K.335 Musescore', 'P1', 1, (289, 291), (69,), (1.5,), (69,), (1.75,))
('K.335 Musescore', 'P1', 1, (430, 432), (97,), (1.5,), (97,), (1.75,))

27.    ((-2, 2), (1.0, 1.0), (0.0, 0.0)):
('K.335 Musescore', 'P1', 1, (247, 249), (56,), (1.0,), (56,), (2.0,))
('K.335 Musescore', 'P1', 2, (236, 238), (101,), (2.0,), (102,), (1.0,))

28.    ((-2,), (1.0,), (0.0,)):
('K.335 Musescore', 'P1', 1, (22, 23), (6,), (2.0,), (6,), (2.0,))
('K.335 Musescore', 'P1', 1, (25, 26), (8,), (2.0,), (8,), (2.0,))
('K.335 Musescore', 'P1', 1, (258, 259), (58,), (2.0,), (58,), (2.0,))
('K.335 Musescore', 'P1', 1, (276, 277), (64,), (2.0,), (64,), (2.0,))
('K.335 Musescore', 'P1', 1, (279, 280), (66,), (2.0,), (66,), (2.0,))
('K.335 Musescore', 'P1', 1, (454, 455), (101,), (2.0,), (101,), (2.0,))
('K.335 Musescore', 'P1', 1, (464, 465), (103,), (2.0,), (103,), (2.0,))
('K.335 Musescore', 'P1', 2, (45, 46), (19,), (1.0,), (19,), (1.0,))
('K.335 Musescore', 'P1', 2, (51, 52), (21,), (1.0,), (21,), (1.0,))
('K.335 Musescore', 'P1', 2, (63, 64), (25,), (1.0,), (25,), (1.0,))
('K.335 Musescore', 'P1', 2, (69, 70), (27,), (1.0,), (27,), (1.0,))
('K.335 Musescore', 'P1', 2, (70, 71), (27,), (2.0,), (27,), (2.0,))
('K.335 Musescore', 'P1', 2, (88, 89), (36,), (1.0,), (36,), (1.0,))
('K.335 Musescore', 'P1', 2, (94, 95), (38,), (1.0,), (38,), (1.0,))
('K.335 Musescore', 'P1', 2, (95, 96), (38,), (2.0,), (38,), (2.0,))
('K.335 Musescore', 'P1', 2, (97, 98), (39,), (2.0,), (39,), (2.0,))
('K.335 Musescore', 'P1', 2, (101, 102), (41,), (2.0,), (41,), (2.0,))
('K.335 Musescore', 'P1', 2, (104, 105), (43,), (1.0,), (43,), (1.0,))
('K.335 Musescore', 'P1', 2, (105, 106), (43,), (2.0,), (43,), (2.0,))
('K.335 Musescore', 'P1', 2, (106, 107), (44,), (1.0,), (44,), (1.0,))
('K.335 Musescore', 'P1', 2, (107, 108), (44,), (2.0,), (44,), (2.0,))
('K.335 Musescore', 'P1', 2, (112, 113), (47,), (1.0,), (47,), (1.0,))
('K.335 Musescore', 'P1', 2, (113, 114), (47,), (2.0,), (47,), (2.0,))
('K.335 Musescore', 'P1', 2, (114, 115), (48,), (1.0,), (48,), (1.0,))
('K.335 Musescore', 'P1', 2, (115, 116), (48,), (2.0,), (48,), (2.0,))
('K.335 Musescore', 'P1', 2, (121, 122), (51,), (2.0,), (51,), (2.0,))
('K.335 Musescore', 'P1', 2, (125, 126), (53,), (2.0,), (53,), (2.0,))
('K.335 Musescore', 'P1', 2, (138, 139), (60,), (2.0,), (60,), (2.0,))
('K.335 Musescore', 'P1', 2, (140, 141), (61,), (2.0,), (61,), (2.0,))
('K.335 Musescore', 'P1', 2, (169, 170), (69,), (2.0,), (69,), (2.0,))
('K.335 Musescore', 'P1', 2, (171, 172), (70,), (2.0,), (70,), (2.0,))
('K.335 Musescore', 'P1', 2, (195, 196), (82,), (1.0,), (82,), (1.0,))
('K.335 Musescore', 'P1', 2, (201, 202), (84,), (1.0,), (84,), (1.0,))
('K.335 Musescore', 'P1', 2, (202, 203), (84,), (2.0,), (84,), (2.0,))
('K.335 Musescore', 'P1', 2, (204, 205), (85,), (2.0,), (85,), (2.0,))
('K.335 Musescore', 'P1', 2, (208, 209), (87,), (2.0,), (87,), (2.0,))
('K.335 Musescore', 'P1', 2, (211, 212), (89,), (1.0,), (89,), (1.0,))
('K.335 Musescore', 'P1', 2, (212, 213), (89,), (2.0,), (89,), (2.0,))
('K.335 Musescore', 'P1', 2, (213, 214), (90,), (1.0,), (90,), (1.0,))
('K.335 Musescore', 'P1', 2, (214, 215), (90,), (2.0,), (90,), (2.0,))
('K.335 Musescore', 'P1', 2, (219, 220), (93,), (1.0,), (93,), (1.0,))
('K.335 Musescore', 'P1', 2, (220, 221), (93,), (2.0,), (93,), (2.0,))
('K.335 Musescore', 'P1', 2, (221, 222), (94,), (1.0,), (94,), (1.0,))
('K.335 Musescore', 'P1', 2, (222, 223), (94,), (2.0,), (94,), (2.0,))
('K.335 Musescore', 'P1', 2, (232, 233), (99,), (2.0,), (99,), (2.0,))
('K.335 Musescore', 'P1', 2, (235, 236), (101,), (1.0,), (101,), (1.0,))

29.    ((4,), (0.5,), (0.0,)):
('K.335 Musescore', 'P1', 1, (31, 32), (10,), (1.0,), (10,), (1.0,))
('K.335 Musescore', 'P1', 1, (52, 53), (15,), (1.0,), (15,), (1.0,))
('K.335 Musescore', 'P1', 1, (223, 224), (51,), (1.0,), (51,), (1.0,))
('K.335 Musescore', 'P1', 1, (318, 319), (76,), (1.0,), (76,), (1.0,))
('K.335 Musescore', 'P1', 2, (43, 44), (18,), (2.0,), (18,), (2.0,))
('K.335 Musescore', 'P1', 2, (49, 50), (20,), (2.0,), (20,), (2.0,))
('K.335 Musescore', 'P1', 2, (55, 56), (22,), (2.0,), (22,), (2.0,))
('K.335 Musescore', 'P1', 2, (61, 62), (24,), (2.0,), (24,), (2.0,))
('K.335 Musescore', 'P1', 2, (67, 68), (26,), (2.0,), (26,), (2.0,))
('K.335 Musescore', 'P1', 2, (86, 87), (35,), (2.0,), (35,), (2.0,))
('K.335 Musescore', 'P1', 2, (92, 93), (37,), (2.0,), (37,), (2.0,))
('K.335 Musescore', 'P1', 2, (193, 194), (81,), (2.0,), (81,), (2.0,))
('K.335 Musescore', 'P1', 2, (199, 200), (83,), (2.0,), (83,), (2.0,))

30.    ((2,), (1.0,), (0.5,)):
('K.335 Musescore', 'P1', 1, (140, 141), (39,), (1.5,), (39,), (1.5,))
('K.335 Musescore', 'P1', 1, (150, 151), (41,), (1.5,), (41,), (1.5,))
('K.335 Musescore', 'P1', 1, (224, 225), (51,), (1.5,), (51,), (1.5,))
('K.335 Musescore', 'P1', 1, (232, 233), (53,), (1.5,), (53,), (1.5,))
('K.335 Musescore', 'P1', 1, (319, 320), (76,), (1.5,), (76,), (1.5,))
('K.335 Musescore', 'P1', 1, (350, 351), (85,), (1.5,), (85,), (1.5,))
('K.335 Musescore', 'P1', 1, (358, 359), (87,), (1.5,), (87,), (1.5,))
('K.335 Musescore', 'P1', 2, (9, 10), (6,), (2.5,), (6,), (2.5,))

31.    ((2,), (0.5,), (0.5,)):
('K.335 Musescore', 'P1', 1, (9, 10), (2,), (2.5,), (2,), (2.5,))
('K.335 Musescore', 'P1', 1, (19, 20), (4,), (2.5,), (4,), (2.5,))
('K.335 Musescore', 'P1', 1, (273, 274), (62,), (2.5,), (62,), (2.5,))
('K.335 Musescore', 'P1', 2, (25, 26), (11,), (2.5,), (11,), (2.5,))
('K.335 Musescore', 'P1', 2, (31, 32), (13,), (2.5,), (13,), (2.5,))

32.    ((5,), (1.0,), (0.0,)):
('K.335 Musescore', 'P1', 1, (20, 21), (5,), (1.0,), (5,), (1.0,))
('K.335 Musescore', 'P1', 1, (257, 258), (58,), (1.0,), (58,), (1.0,))
('K.335 Musescore', 'P1', 1, (463, 464), (103,), (1.0,), (103,), (1.0,))
('K.335 Musescore', 'P1', 2, (72, 73), (28,), (2.0,), (28,), (2.0,))

33.    ((3,), (1.0,), (0.0,)):
('K.335 Musescore', 'P1', 1, (23, 24), (7,), (1.0,), (7,), (1.0,))
('K.335 Musescore', 'P1', 1, (274, 275), (63,), (1.0,), (63,), (1.0,))
('K.335 Musescore', 'P1', 1, (277, 278), (65,), (1.0,), (65,), (1.0,))
('K.335 Musescore', 'P1', 2, (227, 228), (97,), (1.0,), (97,), (1.0,))

34.    ((-3,), (0.5,), (0.0,)):
('K.335 Musescore', 'P1', 1, (26, 27), (9,), (1.0,), (9,), (1.0,))
('K.335 Musescore', 'P1', 1, (264, 265), (61,), (1.0,), (61,), (1.0,))
('K.335 Musescore', 'P1', 1, (326, 327), (78,), (1.0,), (78,), (1.0,))
('K.335 Musescore', 'P1', 2, (8, 9), (6,), (2.0,), (6,), (2.0,))

35.    ((-2,), (0.5,), (0.0,)):
('K.335 Musescore', 'P1', 1, (76, 77), (23,), (1.0,), (23,), (1.0,))
('K.335 Musescore', 'P1', 1, (272, 273), (62,), (2.0,), (62,), (2.0,))
('K.335 Musescore', 'P1', 2, (28, 29), (12,), (2.0,), (12,), (2.0,))
('K.335 Musescore', 'P1', 2, (34, 35), (14,), (2.0,), (14,), (2.0,))

36.    ((-3,), (0.25,), (0.5,)):
('K.335 Musescore', 'P1', 1, (37, 38), (11,), (1.5,), (11,), (1.5,))
('K.335 Musescore', 'P1', 1, (241, 242), (55,), (1.5,), (55,), (1.5,))
('K.335 Musescore', 'P1', 1, (260, 261), (60,), (1.5,), (60,), (1.5,))

37.    ((-3,), (1.0,), (0.0,)):
('K.335 Musescore', 'P1', 2, (22, 23), (10,), (1.0,), (10,), (1.0,))
('K.335 Musescore', 'P1', 2, (167, 168), (68,), (2.0,), (68,), (2.0,))
('K.335 Musescore', 'P1', 2, (177, 178), (73,), (2.0,), (73,), (2.0,))

38.    ((-5,), (1.0,), (0.0,)):
('K.335 Musescore', 'P1', 2, (58, 59), (23,), (2.0,), (23,), (2.0,))
('K.335 Musescore', 'P1', 2, (128, 129), (55,), (1.0,), (55,), (1.0,))
('K.335 Musescore', 'P1', 2, (240, 241), (103,), (2.0,), (103,), (2.0,))

39.    ((3,), (2.5,), (0.0,)):
('K.335 Musescore', 'P1', 1, (83, 84), (24,), (1.0,), (24,), (1.0,))
('K.335 Musescore', 'P1', 1, (259, 260), (59,), (1.0,), (59,), (1.0,))

40.    ((6,), (0.25,), (0.0,)):
('K.335 Musescore', 'P1', 1, (239, 240), (55,), (1.0,), (55,), (1.0,))
('K.335 Musescore', 'P1', 1, (253, 254), (57,), (2.0,), (57,), (2.0,))

41.    ((7,), (0.25,), (0.75,)):
('K.335 Musescore', 'P1', 1, (298, 299), (71,), (1.75,), (71,), (1.75,))
('K.335 Musescore', 'P1', 1, (323, 324), (77,), (1.75,), (77,), (1.75,))

42.    ((5,), (0.5,), (0.0,)):
('K.335 Musescore', 'P1', 1, (429, 430), (97,), (1.0,), (97,), (1.0,))
('K.335 Musescore', 'P1', 1, (441, 442), (99,), (1.0,), (99,), (1.0,))

43.    ((1,), (1.0,), (0.0,)):
('K.335 Musescore', 'P1', 2, (57, 58), (23,), (1.0,), (23,), (1.0,))
('K.335 Musescore', 'P1', 2, (188, 189), (79,), (1.0,), (79,), (1.0,))

44.    ((4,), (1.0,), (0.0,)):
('K.335 Musescore', 'P1', 2, (132, 133), (57,), (1.0,), (57,), (1.0,))
('K.335 Musescore', 'P1', 2, (181, 182), (75,), (2.0,), (75,), (2.0,))

