1.    nomes:
K.28 Musicalion

2.    quantidade:
1

3.    analise:
[('intDia', 'p1p2')] SemContInte Distancia: 0

1.    ((2, 3, -2, 3, -2, -2, -2, 3, -2, 3, -2, -2, -2, 6, -5, 3, -2, -2, -2, 6, -5, 3, -2, -2, -2, 8, -7, 3, -2, -2, -2, 8, -7, 3, -2, -2, -2, 8, -2, -2, -2, -2, 2),):
('K.28 Musicalion', 'P1', 1, (106, 149), (32,), (3.5,), (39,), (3.5,))
('K.28 Musicalion', 'P1', 1, (372, 415), (101,), (3.5,), (108,), (3.5,))

2.    ((-2, -2, -2, -2, 2, 2, 2, 2, -5, 6, -6, 5, 2, 2, 2, 2, -5, 6, -6, 4, 2, 2, 2, 2, -5, 6, -6),):
('K.28 Musicalion', 'P1', 1, (195, 222), (50,), (2.0,), (53,), (3.0,))
('K.28 Musicalion', 'P1', 1, (483, 510), (122,), (2.0,), (125,), (3.0,))

3.    ((3, -2, -3, 2, -4, 2, -4, 2, -3, 2, -4, 2, -4, 9, -2, -2, -2, -2, 2),):
('K.28 Musicalion', 'P1', 1, (0, 19), (1,), (1.0,), (4,), (3.5,))
('K.28 Musicalion', 'P1', 3, (3, 22), (5,), (1.0,), (8,), (3.5,))

4.    ((2, 2, -3, 2, 2, -3, 2, 2, -3, 2, 2, -3, 2, 2, -3, 2, 2, 1),):
('K.28 Musicalion', 'P1', 3, (108, 126), (33,), (2.0,), (39,), (1.0,))
('K.28 Musicalion', 'P1', 3, (305, 323), (102,), (2.0,), (108,), (1.0,))

5.    ((-5, 2, -4, 2, -4, 2, -5, 2, -4, 2, -4, 2, 2, 2, 2, 2),):
('K.28 Musicalion', 'P1', 1, (176, 192), (47,), (1.5,), (49,), (3.0,))
('K.28 Musicalion', 'P1', 1, (466, 482), (119,), (1.5,), (121,), (3.0,))

6.    ((-2, 4, -2, 3, -2, 4, -2, 4, -2),):
('K.28 Musicalion', 'P1', 1, (241, 250), (58,), (1.0,), (59,), (2.0,))
('K.28 Musicalion', 'P1', 3, (169, 178), (62,), (1.0,), (63,), (2.0,))

7.    ((-2, -2, -2, -2, -2, -2, -2, -2, -2),):
('K.28 Musicalion', 'P1', 1, (256, 265), (63,), (1.0,), (65,), (2.0,))
('K.28 Musicalion', 'P1', 3, (181, 190), (65,), (1.0,), (66,), (3.0,))

8.    ((-2, -2, -2, -2, -2, -2, -2, -2, 7),):
('K.28 Musicalion', 'P1', 2, (18, 27), (21,), (1.0,), (22,), (2.0,))
('K.28 Musicalion', 'P1', 2, (28, 37), (30,), (1.0,), (31,), (2.0,))

9.    ((-2, -2, -2, -2, 2, 2, 2, 2),):
('K.28 Musicalion', 'P1', 1, (195, 203), (50,), (2.0,), (51,), (1.75,))
('K.28 Musicalion', 'P1', 1, (483, 491), (122,), (2.0,), (123,), (1.75,))
('K.28 Musicalion', 'P1', 3, (61, 69), (22,), (1.0,), (23,), (3.5,))
('K.28 Musicalion', 'P1', 3, (71, 79), (24,), (2.0,), (25,), (3.5,))
('K.28 Musicalion', 'P1', 3, (81, 89), (26,), (2.0,), (27,), (3.5,))
('K.28 Musicalion', 'P1', 3, (214, 222), (75,), (2.0,), (76,), (3.5,))

10.    ((-2, -2, -2, -2, -2, -2, -2, -2),):
('K.28 Musicalion', 'P1', 1, (256, 264), (63,), (1.0,), (65,), (1.5,))
('K.28 Musicalion', 'P1', 2, (18, 26), (21,), (1.0,), (22,), (1.5,))
('K.28 Musicalion', 'P1', 2, (28, 36), (30,), (1.0,), (31,), (1.5,))
('K.28 Musicalion', 'P1', 2, (95, 103), (72,), (1.0,), (73,), (1.5,))
('K.28 Musicalion', 'P1', 3, (181, 189), (65,), (1.0,), (66,), (2.0,))

11.    ((2, -8, -5, 10, -3, -4, -3, -3),):
('K.28 Musicalion', 'P1', 3, (154, 162), (55,), (1.0,), (57,), (2.5,))
('K.28 Musicalion', 'P1', 3, (364, 372), (127,), (1.0,), (129,), (2.5,))

12.    ((-4, 2, -2, -2, -2, -2, 7),):
('K.28 Musicalion', 'P1', 1, (33, 40), (10,), (1.0,), (11,), (3.5,))
('K.28 Musicalion', 'P1', 1, (40, 47), (12,), (1.0,), (13,), (3.5,))

13.    ((-4, 2, -3, -2, 6, -7, 6),):
('K.28 Musicalion', 'P1', 1, (227, 234), (54,), (3.0,), (55,), (3.0,))
('K.28 Musicalion', 'P1', 1, (458, 465), (117,), (3.0,), (118,), (3.0,))

14.    ((2, -2, -2, -2, -2, -2),):
('K.28 Musicalion', 'P1', 2, (74, 80), (62,), (2.0,), (64,), (3.0,))
('K.28 Musicalion', 'P1', 3, (69, 75), (24,), (1.0,), (24,), (3.5,))
('K.28 Musicalion', 'P1', 3, (79, 85), (26,), (1.0,), (26,), (3.5,))
('K.28 Musicalion', 'P1', 3, (89, 95), (28,), (1.0,), (28,), (3.5,))
('K.28 Musicalion', 'P1', 3, (212, 218), (75,), (1.0,), (75,), (3.5,))
('K.28 Musicalion', 'P1', 3, (222, 228), (77,), (1.0,), (77,), (3.5,))

15.    ((-2, -2, -2, -2, -2, 1),):
('K.28 Musicalion', 'P1', 2, (116, 122), (83,), (1.0,), (83,), (3.5,))
('K.28 Musicalion', 'P1', 2, (129, 135), (89,), (1.0,), (89,), (3.5,))
('K.28 Musicalion', 'P1', 3, (185, 191), (65,), (3.0,), (67,), (1.0,))

16.    ((1, 2, -4, -3, -3, -4),):
('K.28 Musicalion', 'P1', 1, (234, 240), (55,), (3.5,), (56,), (3.0,))
('K.28 Musicalion', 'P1', 1, (524, 530), (127,), (3.5,), (128,), (3.0,))

17.    ((-2, -2, -2, -2, 7, -4),):
('K.28 Musicalion', 'P1', 1, (35, 41), (11,), (1.5,), (12,), (1.0,))
('K.28 Musicalion', 'P1', 2, (32, 38), (30,), (3.0,), (31,), (3.5,))

18.    ((2, -3, 2, -4, 2, -3),):
('K.28 Musicalion', 'P1', 1, (428, 434), (111,), (1.5,), (112,), (1.0,))
('K.28 Musicalion', 'P1', 2, (62, 68), (60,), (1.5,), (61,), (1.0,))

19.    ((2, -2, -2, -2, -2),):
('K.28 Musicalion', 'P1', 1, (34, 39), (10,), (2.0,), (11,), (3.0,))
('K.28 Musicalion', 'P1', 1, (41, 46), (12,), (2.0,), (13,), (3.0,))
('K.28 Musicalion', 'P1', 2, (74, 79), (62,), (2.0,), (64,), (2.5,))
('K.28 Musicalion', 'P1', 3, (60, 65), (21,), (3.0,), (22,), (3.5,))
('K.28 Musicalion', 'P1', 3, (69, 74), (24,), (1.0,), (24,), (3.0,))
('K.28 Musicalion', 'P1', 3, (79, 84), (26,), (1.0,), (26,), (3.0,))
('K.28 Musicalion', 'P1', 3, (89, 94), (28,), (1.0,), (28,), (3.0,))
('K.28 Musicalion', 'P1', 3, (212, 217), (75,), (1.0,), (75,), (3.0,))
('K.28 Musicalion', 'P1', 3, (222, 227), (77,), (1.0,), (77,), (3.0,))

20.    ((-2, 3, -2, -2, -2),):
('K.28 Musicalion', 'P1', 1, (108, 113), (33,), (1.5,), (33,), (3.5,))
('K.28 Musicalion', 'P1', 1, (114, 119), (34,), (1.5,), (34,), (3.5,))
('K.28 Musicalion', 'P1', 1, (374, 379), (102,), (1.5,), (102,), (3.5,))
('K.28 Musicalion', 'P1', 1, (380, 385), (103,), (1.5,), (103,), (3.5,))
('K.28 Musicalion', 'P1', 2, (108, 113), (78,), (3.5,), (81,), (2.0,))

21.    ((5, -2, -2, -2, -2),):
('K.28 Musicalion', 'P1', 1, (194, 199), (50,), (1.5,), (50,), (3.5,))
('K.28 Musicalion', 'P1', 2, (122, 127), (85,), (2.0,), (87,), (2.5,))
('K.28 Musicalion', 'P1', 2, (135, 140), (91,), (2.0,), (93,), (2.5,))
('K.28 Musicalion', 'P1', 2, (142, 147), (94,), (1.0,), (95,), (2.5,))

22.    ((3, -2, -2, -2, -2),):
('K.28 Musicalion', 'P1', 1, (310, 315), (78,), (3.0,), (79,), (3.0,))
('K.28 Musicalion', 'P1', 1, (421, 426), (110,), (1.0,), (110,), (3.0,))
('K.28 Musicalion', 'P1', 1, (439, 444), (113,), (1.0,), (113,), (3.0,))
('K.28 Musicalion', 'P1', 2, (27, 32), (22,), (3.5,), (30,), (2.5,))

23.    ((6, -2, -2, -2, -2),):
('K.28 Musicalion', 'P1', 1, (519, 524), (127,), (1.0,), (127,), (3.0,))
('K.28 Musicalion', 'P1', 2, (94, 99), (71,), (1.0,), (72,), (2.5,))
('K.28 Musicalion', 'P1', 2, (115, 120), (81,), (3.5,), (83,), (2.5,))
('K.28 Musicalion', 'P1', 2, (128, 133), (87,), (3.5,), (89,), (2.5,))

24.    ((4, 2, 2, 2, 2),):
('K.28 Musicalion', 'P1', 1, (24, 29), (5,), (3.5,), (7,), (2.0,))
('K.28 Musicalion', 'P1', 1, (214, 219), (52,), (3.5,), (53,), (1.75,))
('K.28 Musicalion', 'P1', 1, (502, 507), (124,), (3.5,), (125,), (1.75,))
('K.28 Musicalion', 'P1', 3, (346, 351), (116,), (3.0,), (118,), (1.0,))

25.    ((-2, -2, 1, -2, -3),):
('K.28 Musicalion', 'P1', 1, (70, 75), (20,), (3.0,), (22,), (1.0,))
('K.28 Musicalion', 'P1', 1, (96, 101), (29,), (3.0,), (31,), (1.0,))

26.    ((-2, -2, -2, -2, 7),):
('K.28 Musicalion', 'P1', 1, (42, 47), (13,), (1.5,), (13,), (3.5,))
('K.28 Musicalion', 'P1', 2, (22, 27), (21,), (3.0,), (22,), (2.0,))

27.    ((-5, 2, -3, 2, 3),):
('K.28 Musicalion', 'P1', 1, (103, 108), (32,), (2.0,), (33,), (1.0,))
('K.28 Musicalion', 'P1', 2, (150, 155), (100,), (1.0,), (100,), (3.0,))

28.    ((-3, -3, 8, -2, -2),):
('K.28 Musicalion', 'P1', 1, (93, 98), (29,), (1.5,), (29,), (3.5,))
('K.28 Musicalion', 'P1', 3, (160, 165), (57,), (2.0,), (60,), (2.5,))

29.    ((2, 2, 2, 2, 2),):
('K.28 Musicalion', 'P1', 1, (188, 193), (49,), (1.5,), (49,), (3.5,))
('K.28 Musicalion', 'P1', 3, (331, 336), (111,), (3.0,), (113,), (1.0,))

30.    ((-3, -2, -2, -2, -2),):
('K.28 Musicalion', 'P1', 2, (0, 5), (9,), (1.0,), (9,), (3.0,))
('K.28 Musicalion', 'P1', 3, (180, 185), (63,), (3.5,), (65,), (2.5,))

31.    ((2, 2, 2, 2, -8),):
('K.28 Musicalion', 'P1', 3, (332, 337), (112,), (1.0,), (113,), (2.0,))
('K.28 Musicalion', 'P1', 3, (347, 352), (117,), (1.0,), (118,), (2.0,))

32.    ((4, 2, -5, 4, 2),):
('K.28 Musicalion', 'P1', 3, (353, 358), (119,), (1.0,), (123,), (3.0,))
('K.28 Musicalion', 'P1', 4, (0, 5), (43,), (1.0,), (44,), (2.0,))

33.    ((-7, 7, -2, -2),):
('K.28 Musicalion', 'P1', 1, (48, 52), (15,), (1.5,), (15,), (3.0,))
('K.28 Musicalion', 'P1', 1, (55, 59), (17,), (1.5,), (17,), (3.0,))
('K.28 Musicalion', 'P1', 1, (62, 66), (19,), (1.5,), (19,), (3.0,))
('K.28 Musicalion', 'P1', 1, (329, 333), (85,), (1.5,), (85,), (3.0,))
('K.28 Musicalion', 'P1', 1, (347, 351), (91,), (1.5,), (91,), (3.0,))
('K.28 Musicalion', 'P1', 3, (99, 103), (30,), (3.0,), (31,), (3.0,))

34.    ((-2, -2, 3, -2),):
('K.28 Musicalion', 'P1', 1, (151, 155), (40,), (2.0,), (40,), (3.5,))
('K.28 Musicalion', 'P1', 2, (85, 89), (67,), (3.0,), (68,), (3.0,))
('K.28 Musicalion', 'P1', 2, (90, 94), (69,), (3.0,), (70,), (3.0,))

35.    ((4, -4, 2, -3),):
('K.28 Musicalion', 'P1', 1, (457, 461), (117,), (2.5,), (118,), (1.0,))
('K.28 Musicalion', 'P1', 2, (161, 165), (114,), (3.5,), (115,), (2.0,))
('K.28 Musicalion', 'P1', 2, (167, 171), (115,), (3.5,), (116,), (2.0,))

36.    ((-16, 3, 3, 13),):
('K.28 Musicalion', 'P1', 3, (289, 293), (97,), (3.0,), (98,), (2.0,))
('K.28 Musicalion', 'P1', 3, (293, 297), (98,), (3.0,), (99,), (2.0,))

37.    ((3, 3, 4),):
('K.28 Musicalion', 'P1', 1, (20, 23), (5,), (1.5,), (5,), (2.5,))
('K.28 Musicalion', 'P1', 1, (455, 458), (117,), (1.5,), (117,), (2.5,))
('K.28 Musicalion', 'P1', 3, (25, 28), (10,), (1.0,), (10,), (1.67,))
('K.28 Musicalion', 'P1', 3, (31, 34), (12,), (1.0,), (12,), (1.67,))
('K.28 Musicalion', 'P1', 3, (37, 40), (14,), (1.0,), (14,), (1.67,))
('K.28 Musicalion', 'P1', 3, (43, 46), (16,), (1.0,), (16,), (1.67,))
('K.28 Musicalion', 'P1', 3, (49, 52), (18,), (1.0,), (18,), (1.67,))
('K.28 Musicalion', 'P1', 3, (55, 58), (20,), (1.0,), (20,), (1.67,))
('K.28 Musicalion', 'P1', 3, (234, 237), (80,), (1.0,), (80,), (1.67,))
('K.28 Musicalion', 'P1', 3, (240, 243), (82,), (1.0,), (82,), (1.67,))
('K.28 Musicalion', 'P1', 3, (246, 249), (84,), (1.0,), (84,), (1.67,))
('K.28 Musicalion', 'P1', 3, (252, 255), (86,), (1.0,), (86,), (1.67,))
('K.28 Musicalion', 'P1', 3, (258, 261), (88,), (1.0,), (88,), (1.67,))
('K.28 Musicalion', 'P1', 3, (264, 267), (90,), (1.0,), (90,), (1.67,))
('K.28 Musicalion', 'P1', 3, (270, 273), (92,), (1.0,), (92,), (1.67,))
('K.28 Musicalion', 'P1', 3, (276, 279), (94,), (1.0,), (94,), (1.67,))

38.    ((2, -3, 2),):
('K.28 Musicalion', 'P1', 1, (104, 107), (32,), (2.5,), (32,), (3.5,))
('K.28 Musicalion', 'P1', 1, (158, 161), (41,), (2.5,), (41,), (3.5,))
('K.28 Musicalion', 'P1', 2, (68, 71), (61,), (1.5,), (61,), (2.5,))
('K.28 Musicalion', 'P1', 2, (151, 154), (100,), (1.5,), (100,), (2.5,))
('K.28 Musicalion', 'P1', 3, (109, 112), (33,), (3.0,), (34,), (2.0,))
('K.28 Musicalion', 'P1', 3, (112, 115), (34,), (3.0,), (35,), (2.0,))
('K.28 Musicalion', 'P1', 3, (115, 118), (35,), (3.0,), (36,), (2.0,))
('K.28 Musicalion', 'P1', 3, (118, 121), (36,), (3.0,), (37,), (2.0,))
('K.28 Musicalion', 'P1', 3, (121, 124), (37,), (3.0,), (38,), (2.0,))
('K.28 Musicalion', 'P1', 3, (306, 309), (102,), (3.0,), (103,), (2.0,))
('K.28 Musicalion', 'P1', 3, (309, 312), (103,), (3.0,), (104,), (2.0,))
('K.28 Musicalion', 'P1', 3, (312, 315), (104,), (3.0,), (105,), (2.0,))
('K.28 Musicalion', 'P1', 3, (315, 318), (105,), (3.0,), (106,), (2.0,))
('K.28 Musicalion', 'P1', 3, (318, 321), (106,), (3.0,), (107,), (2.0,))

39.    ((-2, 3, -2),):
('K.28 Musicalion', 'P1', 1, (108, 111), (33,), (1.5,), (33,), (2.5,))
('K.28 Musicalion', 'P1', 1, (112, 115), (33,), (3.5,), (34,), (1.5,))
('K.28 Musicalion', 'P1', 1, (243, 246), (58,), (2.0,), (58,), (3.0,))
('K.28 Musicalion', 'P1', 1, (273, 276), (67,), (1.5,), (67,), (2.5,))
('K.28 Musicalion', 'P1', 1, (282, 285), (69,), (1.5,), (69,), (2.5,))
('K.28 Musicalion', 'P1', 1, (290, 293), (71,), (1.5,), (71,), (2.5,))
('K.28 Musicalion', 'P1', 1, (374, 377), (102,), (1.5,), (102,), (2.5,))
('K.28 Musicalion', 'P1', 1, (378, 381), (102,), (3.5,), (103,), (1.5,))
('K.28 Musicalion', 'P1', 2, (81, 84), (66,), (1.0,), (66,), (3.0,))
('K.28 Musicalion', 'P1', 2, (86, 89), (68,), (1.0,), (68,), (3.0,))
('K.28 Musicalion', 'P1', 2, (91, 94), (70,), (1.0,), (70,), (3.0,))
('K.28 Musicalion', 'P1', 3, (171, 174), (62,), (2.0,), (62,), (3.0,))

40.    ((2, -5, 2),):
('K.28 Musicalion', 'P1', 1, (102, 105), (32,), (1.5,), (32,), (2.5,))
('K.28 Musicalion', 'P1', 1, (156, 159), (41,), (1.5,), (41,), (2.5,))
('K.28 Musicalion', 'P1', 1, (181, 184), (48,), (1.0,), (48,), (2.0,))
('K.28 Musicalion', 'P1', 1, (436, 439), (112,), (2.5,), (112,), (3.5,))
('K.28 Musicalion', 'P1', 1, (465, 468), (118,), (3.5,), (119,), (2.0,))
('K.28 Musicalion', 'P1', 1, (471, 474), (120,), (1.0,), (120,), (2.0,))
('K.28 Musicalion', 'P1', 3, (128, 131), (40,), (3.0,), (41,), (2.0,))
('K.28 Musicalion', 'P1', 4, (4, 7), (44,), (2.0,), (45,), (1.0,))

41.    ((-4, -3, -3),):
('K.28 Musicalion', 'P1', 1, (81, 84), (25,), (1.0,), (25,), (1.67,))
('K.28 Musicalion', 'P1', 1, (87, 90), (27,), (1.0,), (27,), (1.67,))
('K.28 Musicalion', 'P1', 1, (236, 239), (56,), (1.5,), (56,), (2.5,))
('K.28 Musicalion', 'P1', 1, (298, 301), (74,), (1.0,), (74,), (1.67,))
('K.28 Musicalion', 'P1', 1, (304, 307), (76,), (1.0,), (76,), (1.67,))
('K.28 Musicalion', 'P1', 1, (526, 529), (128,), (1.5,), (128,), (2.5,))
('K.28 Musicalion', 'P1', 3, (369, 372), (129,), (1.5,), (129,), (2.5,))

42.    ((-2, 2, 2),):
('K.28 Musicalion', 'P1', 1, (154, 157), (40,), (3.5,), (41,), (1.5,))
('K.28 Musicalion', 'P1', 3, (152, 155), (54,), (2.5,), (55,), (1.0,))
('K.28 Musicalion', 'P1', 3, (230, 233), (78,), (3.0,), (79,), (2.5,))
('K.28 Musicalion', 'P1', 3, (299, 302), (100,), (2.5,), (101,), (1.0,))

43.    ((-3, -3, 8),):
('K.28 Musicalion', 'P1', 1, (93, 96), (29,), (1.5,), (29,), (2.5,))
('K.28 Musicalion', 'P1', 2, (104, 107), (78,), (1.5,), (78,), (2.5,))
('K.28 Musicalion', 'P1', 3, (160, 163), (57,), (2.0,), (57,), (3.0,))

44.    ((2, 2, -5),):
('K.28 Musicalion', 'P1', 1, (435, 438), (112,), (2.0,), (112,), (3.0,))
('K.28 Musicalion', 'P1', 3, (22, 25), (9,), (1.0,), (9,), (3.0,))

45.    ((-5, 2, -5),):
('K.28 Musicalion', 'P1', 3, (104, 107), (32,), (1.0,), (32,), (3.0,))
('K.28 Musicalion', 'P1', 3, (129, 132), (41,), (1.0,), (41,), (3.0,))

46.    ((-5, 2, 4),):
('K.28 Musicalion', 'P1', 3, (132, 135), (42,), (1.0,), (42,), (3.0,))
('K.28 Musicalion', 'P1', 3, (344, 347), (116,), (1.0,), (116,), (3.0,))

47.    ((-5, 2, 2),):
('K.28 Musicalion', 'P1', 3, (330, 333), (111,), (2.0,), (112,), (1.0,))
('K.28 Musicalion', 'P1', 4, (5, 8), (44,), (3.0,), (45,), (2.5,))

48.    ((-5, 2),):
('K.28 Musicalion', 'P1', 1, (103, 105), (32,), (2.0,), (32,), (2.5,))
('K.28 Musicalion', 'P1', 1, (157, 159), (41,), (2.0,), (41,), (2.5,))
('K.28 Musicalion', 'P1', 1, (176, 178), (47,), (1.5,), (47,), (2.0,))
('K.28 Musicalion', 'P1', 1, (182, 184), (48,), (1.5,), (48,), (2.0,))
('K.28 Musicalion', 'P1', 1, (437, 439), (112,), (3.0,), (112,), (3.5,))
('K.28 Musicalion', 'P1', 1, (466, 468), (119,), (1.5,), (119,), (2.0,))
('K.28 Musicalion', 'P1', 1, (472, 474), (120,), (1.5,), (120,), (2.0,))
('K.28 Musicalion', 'P1', 2, (150, 152), (100,), (1.0,), (100,), (1.5,))
('K.28 Musicalion', 'P1', 3, (104, 106), (32,), (1.0,), (32,), (2.0,))
('K.28 Musicalion', 'P1', 3, (129, 131), (41,), (1.0,), (41,), (2.0,))
('K.28 Musicalion', 'P1', 3, (132, 134), (42,), (1.0,), (42,), (2.0,))
('K.28 Musicalion', 'P1', 3, (137, 139), (45,), (1.0,), (46,), (1.0,))
('K.28 Musicalion', 'P1', 3, (330, 332), (111,), (2.0,), (111,), (3.0,))
('K.28 Musicalion', 'P1', 3, (338, 340), (114,), (1.0,), (114,), (2.0,))
('K.28 Musicalion', 'P1', 3, (341, 343), (115,), (1.0,), (115,), (2.0,))
('K.28 Musicalion', 'P1', 3, (344, 346), (116,), (1.0,), (116,), (2.0,))
('K.28 Musicalion', 'P1', 4, (5, 7), (44,), (3.0,), (45,), (1.0,))

49.    ((4, 2),):
('K.28 Musicalion', 'P1', 1, (24, 26), (5,), (3.5,), (6,), (1.0,))
('K.28 Musicalion', 'P1', 1, (214, 216), (52,), (3.5,), (53,), (1.0,))
('K.28 Musicalion', 'P1', 1, (444, 446), (113,), (3.5,), (114,), (1.0,))
('K.28 Musicalion', 'P1', 1, (502, 504), (124,), (3.5,), (125,), (1.0,))
('K.28 Musicalion', 'P1', 3, (141, 143), (47,), (1.0,), (50,), (1.0,))
('K.28 Musicalion', 'P1', 3, (304, 306), (102,), (1.0,), (102,), (2.0,))
('K.28 Musicalion', 'P1', 3, (346, 348), (116,), (3.0,), (117,), (1.0,))
('K.28 Musicalion', 'P1', 3, (353, 355), (119,), (1.0,), (122,), (1.0,))
('K.28 Musicalion', 'P1', 3, (356, 358), (123,), (1.0,), (123,), (3.0,))
('K.28 Musicalion', 'P1', 4, (0, 2), (43,), (1.0,), (43,), (2.0,))

50.    ((-5, 3),):
('K.28 Musicalion', 'P1', 1, (120, 122), (35,), (1.5,), (35,), (2.0,))
('K.28 Musicalion', 'P1', 1, (126, 128), (36,), (1.5,), (36,), (2.0,))
('K.28 Musicalion', 'P1', 1, (386, 388), (104,), (1.5,), (104,), (2.0,))
('K.28 Musicalion', 'P1', 1, (392, 394), (105,), (1.5,), (105,), (2.0,))
('K.28 Musicalion', 'P1', 2, (9, 11), (13,), (3.0,), (14,), (1.0,))
('K.28 Musicalion', 'P1', 3, (24, 26), (9,), (3.0,), (10,), (1.0,))

51.    ((2, 1),):
('K.28 Musicalion', 'P1', 1, (148, 150), (39,), (3.5,), (40,), (1.0,))
('K.28 Musicalion', 'P1', 1, (294, 296), (71,), (3.5,), (72,), (1.0,))
('K.28 Musicalion', 'P1', 1, (445, 447), (114,), (1.0,), (114,), (2.0,))
('K.28 Musicalion', 'P1', 1, (448, 450), (115,), (1.0,), (115,), (2.0,))
('K.28 Musicalion', 'P1', 1, (451, 453), (116,), (1.0,), (116,), (2.0,))
('K.28 Musicalion', 'P1', 3, (126, 128), (39,), (3.0,), (40,), (1.0,))

52.    ((8, -7),):
('K.28 Musicalion', 'P1', 1, (131, 133), (37,), (1.0,), (37,), (1.5,))
('K.28 Musicalion', 'P1', 1, (137, 139), (38,), (1.0,), (38,), (1.5,))
('K.28 Musicalion', 'P1', 1, (397, 399), (106,), (1.0,), (106,), (1.5,))
('K.28 Musicalion', 'P1', 1, (403, 405), (107,), (1.0,), (107,), (1.5,))
('K.28 Musicalion', 'P1', 3, (202, 204), (72,), (1.0,), (72,), (3.0,))

53.    ((-3, 4),):
('K.28 Musicalion', 'P1', 1, (276, 278), (67,), (3.5,), (68,), (1.0,))
('K.28 Musicalion', 'P1', 1, (285, 287), (69,), (3.5,), (70,), (1.0,))
('K.28 Musicalion', 'P1', 2, (158, 160), (114,), (2.0,), (114,), (2.5,))
('K.28 Musicalion', 'P1', 2, (172, 174), (116,), (3.0,), (116,), (3.5,))

54.    ((-2, -3),):
('K.28 Musicalion', 'P1', 1, (73, 75), (21,), (3.0,), (22,), (1.0,))
('K.28 Musicalion', 'P1', 1, (170, 172), (46,), (1.5,), (46,), (2.0,))
('K.28 Musicalion', 'P1', 1, (453, 455), (116,), (3.0,), (117,), (1.0,))
('K.28 Musicalion', 'P1', 3, (199, 201), (70,), (3.0,), (71,), (1.0,))

55.    ((4, -2),):
('K.28 Musicalion', 'P1', 1, (277, 279), (68,), (1.0,), (68,), (1.5,))
('K.28 Musicalion', 'P1', 1, (286, 288), (70,), (1.0,), (70,), (1.5,))
('K.28 Musicalion', 'P1', 1, (358, 360), (94,), (2.0,), (94,), (3.5,))
('K.28 Musicalion', 'P1', 3, (178, 180), (63,), (2.5,), (63,), (3.0,))

56.    ((1, 1),):
('K.28 Musicalion', 'P1', 2, (12, 14), (15,), (2.0,), (16,), (1.0,))
('K.28 Musicalion', 'P1', 2, (14, 16), (17,), (2.0,), (18,), (1.0,))
('K.28 Musicalion', 'P1', 3, (135, 137), (43,), (1.0,), (44,), (1.0,))

57.    ((-5, -2),):
('K.28 Musicalion', 'P1', 1, (240, 242), (56,), (3.5,), (58,), (1.0,))
('K.28 Musicalion', 'P1', 1, (370, 372), (101,), (2.5,), (101,), (3.0,))

58.    ((-4, -5),):
('K.28 Musicalion', 'P1', 1, (239, 241), (56,), (3.0,), (56,), (3.5,))
('K.28 Musicalion', 'P1', 3, (0, 2), (1,), (1.0,), (1,), (2.0,))

59.    ((5, -5),):
('K.28 Musicalion', 'P1', 2, (6, 8), (10,), (1.0,), (11,), (3.0,))
('K.28 Musicalion', 'P1', 2, (8, 10), (12,), (1.0,), (13,), (3.0,))

60.    (((8, 4), (8, 2)),):
('K.28 Musicalion', 'P1', 3, (149, 151), (53,), (1.0,), (53,), (3.0,))
('K.28 Musicalion', 'P1', 3, (360, 362), (125,), (1.0,), (125,), (3.0,))

61.    ((2,),):
('K.28 Musicalion', 'P1', 1, (3, 4), (2,), (2.0,), (2,), (2.0,))
('K.28 Musicalion', 'P1', 1, (5, 6), (2,), (3.0,), (2,), (3.0,))
('K.28 Musicalion', 'P1', 1, (7, 8), (3,), (1.0,), (3,), (1.0,))
('K.28 Musicalion', 'P1', 1, (9, 10), (3,), (2.0,), (3,), (2.0,))
('K.28 Musicalion', 'P1', 1, (11, 12), (3,), (3.0,), (3,), (3.0,))
('K.28 Musicalion', 'P1', 1, (18, 19), (4,), (3.5,), (4,), (3.5,))
('K.28 Musicalion', 'P1', 1, (30, 31), (8,), (2.0,), (8,), (2.0,))
('K.28 Musicalion', 'P1', 1, (32, 33), (9,), (3.0,), (9,), (3.0,))
('K.28 Musicalion', 'P1', 1, (34, 35), (10,), (2.0,), (10,), (2.0,))
('K.28 Musicalion', 'P1', 1, (41, 42), (12,), (2.0,), (12,), (2.0,))
('K.28 Musicalion', 'P1', 1, (67, 68), (20,), (1.0,), (20,), (1.0,))
('K.28 Musicalion', 'P1', 1, (106, 107), (32,), (3.5,), (32,), (3.5,))
('K.28 Musicalion', 'P1', 1, (148, 149), (39,), (3.5,), (39,), (3.5,))
('K.28 Musicalion', 'P1', 1, (160, 161), (41,), (3.5,), (41,), (3.5,))
('K.28 Musicalion', 'P1', 1, (162, 163), (42,), (3.0,), (42,), (3.0,))
('K.28 Musicalion', 'P1', 1, (164, 165), (43,), (3.0,), (43,), (3.0,))
('K.28 Musicalion', 'P1', 1, (166, 167), (44,), (3.0,), (44,), (3.0,))
('K.28 Musicalion', 'P1', 1, (174, 175), (46,), (3.5,), (46,), (3.5,))
('K.28 Musicalion', 'P1', 1, (179, 180), (47,), (3.0,), (47,), (3.0,))
('K.28 Musicalion', 'P1', 1, (181, 182), (48,), (1.0,), (48,), (1.0,))
('K.28 Musicalion', 'P1', 1, (185, 186), (48,), (3.0,), (48,), (3.0,))
('K.28 Musicalion', 'P1', 1, (226, 227), (54,), (2.5,), (54,), (2.5,))
('K.28 Musicalion', 'P1', 1, (228, 229), (54,), (3.5,), (54,), (3.5,))
('K.28 Musicalion', 'P1', 1, (235, 236), (56,), (1.0,), (56,), (1.0,))
('K.28 Musicalion', 'P1', 1, (252, 253), (59,), (3.5,), (59,), (3.5,))
('K.28 Musicalion', 'P1', 1, (254, 255), (61,), (3.0,), (61,), (3.0,))
('K.28 Musicalion', 'P1', 1, (270, 271), (66,), (2.5,), (66,), (2.5,))
('K.28 Musicalion', 'P1', 1, (279, 280), (68,), (2.5,), (68,), (2.5,))
('K.28 Musicalion', 'P1', 1, (288, 289), (70,), (2.5,), (70,), (2.5,))
('K.28 Musicalion', 'P1', 1, (294, 295), (71,), (3.5,), (71,), (3.5,))
('K.28 Musicalion', 'P1', 1, (315, 316), (79,), (3.5,), (79,), (3.5,))
('K.28 Musicalion', 'P1', 1, (320, 321), (81,), (3.0,), (81,), (3.0,))
('K.28 Musicalion', 'P1', 1, (325, 326), (83,), (3.0,), (83,), (3.0,))
('K.28 Musicalion', 'P1', 1, (333, 334), (85,), (3.5,), (85,), (3.5,))
('K.28 Musicalion', 'P1', 1, (338, 339), (87,), (3.0,), (87,), (3.0,))
('K.28 Musicalion', 'P1', 1, (343, 344), (89,), (3.0,), (89,), (3.0,))
('K.28 Musicalion', 'P1', 1, (351, 352), (91,), (3.5,), (91,), (3.5,))
('K.28 Musicalion', 'P1', 1, (361, 362), (95,), (3.0,), (95,), (3.0,))
('K.28 Musicalion', 'P1', 1, (372, 373), (101,), (3.5,), (101,), (3.5,))
('K.28 Musicalion', 'P1', 1, (414, 415), (108,), (3.5,), (108,), (3.5,))
('K.28 Musicalion', 'P1', 1, (420, 421), (109,), (3.5,), (109,), (3.5,))
('K.28 Musicalion', 'P1', 1, (426, 427), (110,), (3.5,), (110,), (3.5,))
('K.28 Musicalion', 'P1', 1, (428, 429), (111,), (1.5,), (111,), (1.5,))
('K.28 Musicalion', 'P1', 1, (430, 431), (111,), (2.5,), (111,), (2.5,))
('K.28 Musicalion', 'P1', 1, (432, 433), (111,), (3.5,), (111,), (3.5,))
('K.28 Musicalion', 'P1', 1, (445, 446), (114,), (1.0,), (114,), (1.0,))
('K.28 Musicalion', 'P1', 1, (448, 449), (115,), (1.0,), (115,), (1.0,))
('K.28 Musicalion', 'P1', 1, (451, 452), (116,), (1.0,), (116,), (1.0,))
('K.28 Musicalion', 'P1', 1, (459, 460), (117,), (3.5,), (117,), (3.5,))
('K.28 Musicalion', 'P1', 1, (465, 466), (118,), (3.5,), (118,), (3.5,))
('K.28 Musicalion', 'P1', 1, (469, 470), (119,), (3.0,), (119,), (3.0,))
('K.28 Musicalion', 'P1', 1, (471, 472), (120,), (1.0,), (120,), (1.0,))
('K.28 Musicalion', 'P1', 1, (475, 476), (120,), (3.0,), (120,), (3.0,))
('K.28 Musicalion', 'P1', 1, (481, 482), (121,), (3.0,), (121,), (3.0,))
('K.28 Musicalion', 'P1', 1, (518, 519), (126,), (3.5,), (126,), (3.5,))
('K.28 Musicalion', 'P1', 1, (525, 526), (128,), (1.0,), (128,), (1.0,))
('K.28 Musicalion', 'P1', 2, (5, 6), (9,), (3.5,), (9,), (3.5,))
('K.28 Musicalion', 'P1', 2, (39, 40), (42,), (1.5,), (42,), (1.5,))
('K.28 Musicalion', 'P1', 2, (41, 42), (42,), (2.5,), (42,), (2.5,))
('K.28 Musicalion', 'P1', 2, (45, 46), (43,), (1.5,), (43,), (1.5,))
('K.28 Musicalion', 'P1', 2, (47, 48), (43,), (2.5,), (43,), (2.5,))
('K.28 Musicalion', 'P1', 2, (51, 52), (44,), (1.5,), (44,), (1.5,))
('K.28 Musicalion', 'P1', 2, (53, 54), (44,), (2.5,), (44,), (2.5,))
('K.28 Musicalion', 'P1', 2, (62, 63), (60,), (1.5,), (60,), (1.5,))
('K.28 Musicalion', 'P1', 2, (64, 65), (60,), (2.5,), (60,), (2.5,))
('K.28 Musicalion', 'P1', 2, (66, 67), (60,), (3.5,), (60,), (3.5,))
('K.28 Musicalion', 'P1', 2, (68, 69), (61,), (1.5,), (61,), (1.5,))
('K.28 Musicalion', 'P1', 2, (70, 71), (61,), (2.5,), (61,), (2.5,))
('K.28 Musicalion', 'P1', 2, (72, 73), (61,), (3.5,), (61,), (3.5,))
('K.28 Musicalion', 'P1', 2, (74, 75), (62,), (2.0,), (62,), (2.0,))
('K.28 Musicalion', 'P1', 2, (148, 149), (95,), (3.5,), (95,), (3.5,))
('K.28 Musicalion', 'P1', 2, (153, 154), (100,), (2.5,), (100,), (2.5,))
('K.28 Musicalion', 'P1', 2, (157, 158), (114,), (1.5,), (114,), (1.5,))
('K.28 Musicalion', 'P1', 2, (163, 164), (115,), (1.5,), (115,), (1.5,))
('K.28 Musicalion', 'P1', 2, (169, 170), (116,), (1.5,), (116,), (1.5,))
('K.28 Musicalion', 'P1', 3, (6, 7), (6,), (2.0,), (6,), (2.0,))
('K.28 Musicalion', 'P1', 3, (8, 9), (6,), (3.0,), (6,), (3.0,))
('K.28 Musicalion', 'P1', 3, (10, 11), (7,), (1.0,), (7,), (1.0,))
('K.28 Musicalion', 'P1', 3, (12, 13), (7,), (2.0,), (7,), (2.0,))
('K.28 Musicalion', 'P1', 3, (14, 15), (7,), (3.0,), (7,), (3.0,))
('K.28 Musicalion', 'P1', 3, (23, 24), (9,), (2.0,), (9,), (2.0,))
('K.28 Musicalion', 'P1', 3, (60, 61), (21,), (3.0,), (21,), (3.0,))
('K.28 Musicalion', 'P1', 3, (69, 70), (24,), (1.0,), (24,), (1.0,))
('K.28 Musicalion', 'P1', 3, (79, 80), (26,), (1.0,), (26,), (1.0,))
('K.28 Musicalion', 'P1', 3, (89, 90), (28,), (1.0,), (28,), (1.0,))
('K.28 Musicalion', 'P1', 3, (126, 127), (39,), (3.0,), (39,), (3.0,))
('K.28 Musicalion', 'P1', 3, (128, 129), (40,), (3.0,), (40,), (3.0,))
('K.28 Musicalion', 'P1', 3, (142, 143), (50,), (1.0,), (50,), (1.0,))
('K.28 Musicalion', 'P1', 3, (212, 213), (75,), (1.0,), (75,), (1.0,))
('K.28 Musicalion', 'P1', 3, (222, 223), (77,), (1.0,), (77,), (1.0,))
('K.28 Musicalion', 'P1', 3, (326, 327), (110,), (1.0,), (110,), (1.0,))
('K.28 Musicalion', 'P1', 3, (354, 355), (122,), (1.0,), (122,), (1.0,))
('K.28 Musicalion', 'P1', 3, (357, 358), (123,), (3.0,), (123,), (3.0,))
('K.28 Musicalion', 'P1', 3, (364, 365), (127,), (1.0,), (127,), (1.0,))
('K.28 Musicalion', 'P1', 4, (1, 2), (43,), (2.0,), (43,), (2.0,))
('K.28 Musicalion', 'P1', 4, (4, 5), (44,), (2.0,), (44,), (2.0,))
('K.28 Musicalion', 'P1', 4, (7, 8), (45,), (2.5,), (45,), (2.5,))

62.    ((4,),):
('K.28 Musicalion', 'P1', 1, (22, 23), (5,), (2.5,), (5,), (2.5,))
('K.28 Musicalion', 'P1', 1, (24, 25), (5,), (3.5,), (5,), (3.5,))
('K.28 Musicalion', 'P1', 1, (69, 70), (20,), (2.5,), (20,), (2.5,))
('K.28 Musicalion', 'P1', 1, (214, 215), (52,), (3.5,), (52,), (3.5,))
('K.28 Musicalion', 'P1', 1, (242, 243), (58,), (1.5,), (58,), (1.5,))
('K.28 Musicalion', 'P1', 1, (246, 247), (58,), (3.5,), (58,), (3.5,))
('K.28 Musicalion', 'P1', 1, (248, 249), (59,), (1.5,), (59,), (1.5,))
('K.28 Musicalion', 'P1', 1, (268, 269), (66,), (1.0,), (66,), (1.0,))
('K.28 Musicalion', 'P1', 1, (277, 278), (68,), (1.0,), (68,), (1.0,))
('K.28 Musicalion', 'P1', 1, (286, 287), (70,), (1.0,), (70,), (1.0,))
('K.28 Musicalion', 'P1', 1, (297, 298), (73,), (1.0,), (73,), (1.0,))
('K.28 Musicalion', 'P1', 1, (358, 359), (94,), (2.0,), (94,), (2.0,))
('K.28 Musicalion', 'P1', 1, (444, 445), (113,), (3.5,), (113,), (3.5,))
('K.28 Musicalion', 'P1', 1, (457, 458), (117,), (2.5,), (117,), (2.5,))
('K.28 Musicalion', 'P1', 1, (502, 503), (124,), (3.5,), (124,), (3.5,))
('K.28 Musicalion', 'P1', 2, (159, 160), (114,), (2.5,), (114,), (2.5,))
('K.28 Musicalion', 'P1', 2, (161, 162), (114,), (3.5,), (114,), (3.5,))
('K.28 Musicalion', 'P1', 2, (165, 166), (115,), (2.5,), (115,), (2.5,))
('K.28 Musicalion', 'P1', 2, (167, 168), (115,), (3.5,), (115,), (3.5,))
('K.28 Musicalion', 'P1', 2, (171, 172), (116,), (2.5,), (116,), (2.5,))
('K.28 Musicalion', 'P1', 2, (173, 174), (116,), (3.5,), (116,), (3.5,))
('K.28 Musicalion', 'P1', 3, (27, 28), (10,), (1.67,), (10,), (1.67,))
('K.28 Musicalion', 'P1', 3, (30, 31), (11,), (1.0,), (11,), (1.0,))
('K.28 Musicalion', 'P1', 3, (33, 34), (12,), (1.67,), (12,), (1.67,))
('K.28 Musicalion', 'P1', 3, (36, 37), (13,), (1.0,), (13,), (1.0,))
('K.28 Musicalion', 'P1', 3, (39, 40), (14,), (1.67,), (14,), (1.67,))
('K.28 Musicalion', 'P1', 3, (42, 43), (15,), (1.0,), (15,), (1.0,))
('K.28 Musicalion', 'P1', 3, (45, 46), (16,), (1.67,), (16,), (1.67,))
('K.28 Musicalion', 'P1', 3, (48, 49), (17,), (1.0,), (17,), (1.0,))
('K.28 Musicalion', 'P1', 3, (51, 52), (18,), (1.67,), (18,), (1.67,))
('K.28 Musicalion', 'P1', 3, (54, 55), (19,), (1.0,), (19,), (1.0,))
('K.28 Musicalion', 'P1', 3, (57, 58), (20,), (1.67,), (20,), (1.67,))
('K.28 Musicalion', 'P1', 3, (134, 135), (42,), (3.0,), (42,), (3.0,))
('K.28 Musicalion', 'P1', 3, (140, 141), (46,), (3.0,), (46,), (3.0,))
('K.28 Musicalion', 'P1', 3, (141, 142), (47,), (1.0,), (47,), (1.0,))
('K.28 Musicalion', 'P1', 3, (144, 145), (50,), (3.0,), (50,), (3.0,))
('K.28 Musicalion', 'P1', 3, (145, 146), (51,), (1.0,), (51,), (1.0,))
('K.28 Musicalion', 'P1', 3, (168, 169), (61,), (3.0,), (61,), (3.0,))
('K.28 Musicalion', 'P1', 3, (170, 171), (62,), (1.5,), (62,), (1.5,))
('K.28 Musicalion', 'P1', 3, (174, 175), (62,), (3.5,), (62,), (3.5,))
('K.28 Musicalion', 'P1', 3, (176, 177), (63,), (1.5,), (63,), (1.5,))
('K.28 Musicalion', 'P1', 3, (178, 179), (63,), (2.5,), (63,), (2.5,))
('K.28 Musicalion', 'P1', 3, (236, 237), (80,), (1.67,), (80,), (1.67,))
('K.28 Musicalion', 'P1', 3, (239, 240), (81,), (1.0,), (81,), (1.0,))
('K.28 Musicalion', 'P1', 3, (242, 243), (82,), (1.67,), (82,), (1.67,))
('K.28 Musicalion', 'P1', 3, (245, 246), (83,), (1.0,), (83,), (1.0,))
('K.28 Musicalion', 'P1', 3, (248, 249), (84,), (1.67,), (84,), (1.67,))
('K.28 Musicalion', 'P1', 3, (251, 252), (85,), (1.0,), (85,), (1.0,))
('K.28 Musicalion', 'P1', 3, (254, 255), (86,), (1.67,), (86,), (1.67,))
('K.28 Musicalion', 'P1', 3, (257, 258), (87,), (1.0,), (87,), (1.0,))
('K.28 Musicalion', 'P1', 3, (260, 261), (88,), (1.67,), (88,), (1.67,))
('K.28 Musicalion', 'P1', 3, (263, 264), (89,), (1.0,), (89,), (1.0,))
('K.28 Musicalion', 'P1', 3, (266, 267), (90,), (1.67,), (90,), (1.67,))
('K.28 Musicalion', 'P1', 3, (269, 270), (91,), (1.0,), (91,), (1.0,))
('K.28 Musicalion', 'P1', 3, (272, 273), (92,), (1.67,), (92,), (1.67,))
('K.28 Musicalion', 'P1', 3, (275, 276), (93,), (1.0,), (93,), (1.0,))
('K.28 Musicalion', 'P1', 3, (278, 279), (94,), (1.67,), (94,), (1.67,))
('K.28 Musicalion', 'P1', 3, (281, 282), (95,), (1.0,), (95,), (1.0,))
('K.28 Musicalion', 'P1', 3, (303, 304), (101,), (3.0,), (101,), (3.0,))
('K.28 Musicalion', 'P1', 3, (304, 305), (102,), (1.0,), (102,), (1.0,))
('K.28 Musicalion', 'P1', 3, (328, 329), (110,), (3.0,), (110,), (3.0,))
('K.28 Musicalion', 'P1', 3, (329, 330), (111,), (1.0,), (111,), (1.0,))
('K.28 Musicalion', 'P1', 3, (337, 338), (113,), (3.0,), (113,), (3.0,))
('K.28 Musicalion', 'P1', 3, (340, 341), (114,), (3.0,), (114,), (3.0,))
('K.28 Musicalion', 'P1', 3, (343, 344), (115,), (3.0,), (115,), (3.0,))
('K.28 Musicalion', 'P1', 3, (346, 347), (116,), (3.0,), (116,), (3.0,))
('K.28 Musicalion', 'P1', 3, (353, 354), (119,), (1.0,), (119,), (1.0,))
('K.28 Musicalion', 'P1', 3, (356, 357), (123,), (1.0,), (123,), (1.0,))
('K.28 Musicalion', 'P1', 3, (358, 359), (124,), (1.0,), (124,), (1.0,))
('K.28 Musicalion', 'P1', 4, (0, 1), (43,), (1.0,), (43,), (1.0,))
('K.28 Musicalion', 'P1', 4, (3, 4), (44,), (1.0,), (44,), (1.0,))

63.    ((3,),):
('K.28 Musicalion', 'P1', 1, (20, 21), (5,), (1.5,), (5,), (1.5,))
('K.28 Musicalion', 'P1', 1, (21, 22), (5,), (2.0,), (5,), (2.0,))
('K.28 Musicalion', 'P1', 1, (68, 69), (20,), (1.0,), (20,), (1.0,))
('K.28 Musicalion', 'P1', 1, (75, 76), (23,), (1.0,), (23,), (1.0,))
('K.28 Musicalion', 'P1', 1, (107, 108), (33,), (1.0,), (33,), (1.0,))
('K.28 Musicalion', 'P1', 1, (115, 116), (34,), (2.0,), (34,), (2.0,))
('K.28 Musicalion', 'P1', 1, (133, 134), (37,), (2.0,), (37,), (2.0,))
('K.28 Musicalion', 'P1', 1, (139, 140), (38,), (2.0,), (38,), (2.0,))
('K.28 Musicalion', 'P1', 1, (167, 168), (45,), (1.0,), (45,), (1.0,))
('K.28 Musicalion', 'P1', 1, (222, 223), (53,), (3.5,), (53,), (3.5,))
('K.28 Musicalion', 'P1', 1, (289, 290), (70,), (3.5,), (70,), (3.5,))
('K.28 Musicalion', 'P1', 1, (310, 311), (78,), (3.0,), (78,), (3.0,))
('K.28 Musicalion', 'P1', 1, (369, 370), (101,), (2.0,), (101,), (2.0,))
('K.28 Musicalion', 'P1', 1, (373, 374), (102,), (1.0,), (102,), (1.0,))
('K.28 Musicalion', 'P1', 1, (381, 382), (103,), (2.0,), (103,), (2.0,))
('K.28 Musicalion', 'P1', 1, (399, 400), (106,), (2.0,), (106,), (2.0,))
('K.28 Musicalion', 'P1', 1, (405, 406), (107,), (2.0,), (107,), (2.0,))
('K.28 Musicalion', 'P1', 1, (421, 422), (110,), (1.0,), (110,), (1.0,))
('K.28 Musicalion', 'P1', 1, (434, 435), (112,), (1.5,), (112,), (1.5,))
('K.28 Musicalion', 'P1', 1, (439, 440), (113,), (1.0,), (113,), (1.0,))
('K.28 Musicalion', 'P1', 1, (455, 456), (117,), (1.5,), (117,), (1.5,))
('K.28 Musicalion', 'P1', 1, (456, 457), (117,), (2.0,), (117,), (2.0,))
('K.28 Musicalion', 'P1', 2, (27, 28), (22,), (3.5,), (22,), (3.5,))
('K.28 Musicalion', 'P1', 2, (73, 74), (62,), (1.0,), (62,), (1.0,))
('K.28 Musicalion', 'P1', 2, (154, 155), (100,), (3.0,), (100,), (3.0,))
('K.28 Musicalion', 'P1', 3, (26, 27), (10,), (1.33,), (10,), (1.33,))
('K.28 Musicalion', 'P1', 3, (31, 32), (12,), (1.0,), (12,), (1.0,))
('K.28 Musicalion', 'P1', 3, (32, 33), (12,), (1.33,), (12,), (1.33,))
('K.28 Musicalion', 'P1', 3, (37, 38), (14,), (1.0,), (14,), (1.0,))
('K.28 Musicalion', 'P1', 3, (38, 39), (14,), (1.33,), (14,), (1.33,))
('K.28 Musicalion', 'P1', 3, (43, 44), (16,), (1.0,), (16,), (1.0,))
('K.28 Musicalion', 'P1', 3, (44, 45), (16,), (1.33,), (16,), (1.33,))
('K.28 Musicalion', 'P1', 3, (49, 50), (18,), (1.0,), (18,), (1.0,))
('K.28 Musicalion', 'P1', 3, (50, 51), (18,), (1.33,), (18,), (1.33,))
('K.28 Musicalion', 'P1', 3, (55, 56), (20,), (1.0,), (20,), (1.0,))
('K.28 Musicalion', 'P1', 3, (56, 57), (20,), (1.33,), (20,), (1.33,))
('K.28 Musicalion', 'P1', 3, (234, 235), (80,), (1.0,), (80,), (1.0,))
('K.28 Musicalion', 'P1', 3, (235, 236), (80,), (1.33,), (80,), (1.33,))
('K.28 Musicalion', 'P1', 3, (240, 241), (82,), (1.0,), (82,), (1.0,))
('K.28 Musicalion', 'P1', 3, (241, 242), (82,), (1.33,), (82,), (1.33,))
('K.28 Musicalion', 'P1', 3, (246, 247), (84,), (1.0,), (84,), (1.0,))
('K.28 Musicalion', 'P1', 3, (247, 248), (84,), (1.33,), (84,), (1.33,))
('K.28 Musicalion', 'P1', 3, (252, 253), (86,), (1.0,), (86,), (1.0,))
('K.28 Musicalion', 'P1', 3, (253, 254), (86,), (1.33,), (86,), (1.33,))
('K.28 Musicalion', 'P1', 3, (258, 259), (88,), (1.0,), (88,), (1.0,))
('K.28 Musicalion', 'P1', 3, (259, 260), (88,), (1.33,), (88,), (1.33,))
('K.28 Musicalion', 'P1', 3, (264, 265), (90,), (1.0,), (90,), (1.0,))
('K.28 Musicalion', 'P1', 3, (265, 266), (90,), (1.33,), (90,), (1.33,))
('K.28 Musicalion', 'P1', 3, (270, 271), (92,), (1.0,), (92,), (1.0,))
('K.28 Musicalion', 'P1', 3, (271, 272), (92,), (1.33,), (92,), (1.33,))
('K.28 Musicalion', 'P1', 3, (276, 277), (94,), (1.0,), (94,), (1.0,))
('K.28 Musicalion', 'P1', 3, (277, 278), (94,), (1.33,), (94,), (1.33,))
('K.28 Musicalion', 'P1', 3, (282, 283), (96,), (1.5,), (96,), (1.5,))
('K.28 Musicalion', 'P1', 3, (283, 284), (96,), (1.75,), (96,), (1.75,))
('K.28 Musicalion', 'P1', 3, (286, 287), (97,), (1.5,), (97,), (1.5,))
('K.28 Musicalion', 'P1', 3, (287, 288), (97,), (1.75,), (97,), (1.75,))
('K.28 Musicalion', 'P1', 3, (290, 291), (98,), (1.5,), (98,), (1.5,))
('K.28 Musicalion', 'P1', 3, (291, 292), (98,), (1.75,), (98,), (1.75,))
('K.28 Musicalion', 'P1', 3, (294, 295), (99,), (1.5,), (99,), (1.5,))
('K.28 Musicalion', 'P1', 3, (295, 296), (99,), (1.75,), (99,), (1.75,))

64.    ((-5,),):
('K.28 Musicalion', 'P1', 1, (120, 121), (35,), (1.5,), (35,), (1.5,))
('K.28 Musicalion', 'P1', 1, (126, 127), (36,), (1.5,), (36,), (1.5,))
('K.28 Musicalion', 'P1', 1, (168, 169), (45,), (3.5,), (45,), (3.5,))
('K.28 Musicalion', 'P1', 1, (203, 204), (51,), (2.0,), (51,), (2.0,))
('K.28 Musicalion', 'P1', 1, (211, 212), (52,), (2.0,), (52,), (2.0,))
('K.28 Musicalion', 'P1', 1, (219, 220), (53,), (2.0,), (53,), (2.0,))
('K.28 Musicalion', 'P1', 1, (240, 241), (56,), (3.5,), (56,), (3.5,))
('K.28 Musicalion', 'P1', 1, (370, 371), (101,), (2.5,), (101,), (2.5,))
('K.28 Musicalion', 'P1', 1, (386, 387), (104,), (1.5,), (104,), (1.5,))
('K.28 Musicalion', 'P1', 1, (392, 393), (105,), (1.5,), (105,), (1.5,))
('K.28 Musicalion', 'P1', 1, (491, 492), (123,), (2.0,), (123,), (2.0,))
('K.28 Musicalion', 'P1', 1, (499, 500), (124,), (2.0,), (124,), (2.0,))
('K.28 Musicalion', 'P1', 1, (507, 508), (125,), (2.0,), (125,), (2.0,))
('K.28 Musicalion', 'P1', 1, (515, 516), (126,), (2.0,), (126,), (2.0,))
('K.28 Musicalion', 'P1', 2, (7, 8), (11,), (3.0,), (11,), (3.0,))
('K.28 Musicalion', 'P1', 2, (9, 10), (13,), (3.0,), (13,), (3.0,))
('K.28 Musicalion', 'P1', 3, (1, 2), (1,), (2.0,), (1,), (2.0,))
('K.28 Musicalion', 'P1', 3, (24, 25), (9,), (3.0,), (9,), (3.0,))
('K.28 Musicalion', 'P1', 3, (58, 59), (20,), (2.0,), (20,), (2.0,))
('K.28 Musicalion', 'P1', 3, (106, 107), (32,), (3.0,), (32,), (3.0,))
('K.28 Musicalion', 'P1', 3, (131, 132), (41,), (3.0,), (41,), (3.0,))
('K.28 Musicalion', 'P1', 3, (156, 157), (55,), (3.0,), (55,), (3.0,))
('K.28 Musicalion', 'P1', 3, (201, 202), (71,), (3.0,), (71,), (3.0,))
('K.28 Musicalion', 'P1', 3, (352, 353), (118,), (3.0,), (118,), (3.0,))
('K.28 Musicalion', 'P1', 3, (355, 356), (122,), (2.0,), (122,), (2.0,))
('K.28 Musicalion', 'P1', 3, (366, 367), (127,), (3.0,), (127,), (3.0,))
('K.28 Musicalion', 'P1', 4, (2, 3), (43,), (3.0,), (43,), (3.0,))

65.    ((1,),):
('K.28 Musicalion', 'P1', 1, (47, 48), (14,), (1.0,), (14,), (1.0,))
('K.28 Musicalion', 'P1', 1, (149, 150), (40,), (1.0,), (40,), (1.0,))
('K.28 Musicalion', 'P1', 1, (234, 235), (55,), (3.5,), (55,), (3.5,))
('K.28 Musicalion', 'P1', 1, (255, 256), (62,), (1.0,), (62,), (1.0,))
('K.28 Musicalion', 'P1', 1, (295, 296), (72,), (1.0,), (72,), (1.0,))
('K.28 Musicalion', 'P1', 1, (328, 329), (84,), (3.5,), (84,), (3.5,))
('K.28 Musicalion', 'P1', 1, (346, 347), (90,), (3.5,), (90,), (3.5,))
('K.28 Musicalion', 'P1', 1, (446, 447), (114,), (2.0,), (114,), (2.0,))
('K.28 Musicalion', 'P1', 1, (449, 450), (115,), (2.0,), (115,), (2.0,))
('K.28 Musicalion', 'P1', 1, (452, 453), (116,), (2.0,), (116,), (2.0,))
('K.28 Musicalion', 'P1', 1, (482, 483), (121,), (3.5,), (121,), (3.5,))
('K.28 Musicalion', 'P1', 2, (12, 13), (15,), (2.0,), (15,), (2.0,))
('K.28 Musicalion', 'P1', 2, (13, 14), (16,), (1.0,), (16,), (1.0,))
('K.28 Musicalion', 'P1', 2, (14, 15), (17,), (2.0,), (17,), (2.0,))
('K.28 Musicalion', 'P1', 2, (15, 16), (18,), (1.0,), (18,), (1.0,))
('K.28 Musicalion', 'P1', 2, (16, 17), (19,), (2.0,), (19,), (2.0,))
('K.28 Musicalion', 'P1', 2, (121, 122), (83,), (3.5,), (83,), (3.5,))
('K.28 Musicalion', 'P1', 2, (134, 135), (89,), (3.5,), (89,), (3.5,))
('K.28 Musicalion', 'P1', 3, (125, 126), (39,), (1.0,), (39,), (1.0,))
('K.28 Musicalion', 'P1', 3, (127, 128), (40,), (1.0,), (40,), (1.0,))
('K.28 Musicalion', 'P1', 3, (135, 136), (43,), (1.0,), (43,), (1.0,))
('K.28 Musicalion', 'P1', 3, (136, 137), (44,), (1.0,), (44,), (1.0,))
('K.28 Musicalion', 'P1', 3, (322, 323), (108,), (1.0,), (108,), (1.0,))

66.    ((-2,),):
('K.28 Musicalion', 'P1', 1, (73, 74), (21,), (3.0,), (21,), (3.0,))
('K.28 Musicalion', 'P1', 1, (99, 100), (30,), (3.0,), (30,), (3.0,))
('K.28 Musicalion', 'P1', 1, (111, 112), (33,), (3.0,), (33,), (3.0,))
('K.28 Musicalion', 'P1', 1, (170, 171), (46,), (1.5,), (46,), (1.5,))
('K.28 Musicalion', 'P1', 1, (230, 231), (55,), (1.5,), (55,), (1.5,))
('K.28 Musicalion', 'P1', 1, (241, 242), (58,), (1.0,), (58,), (1.0,))
('K.28 Musicalion', 'P1', 1, (247, 248), (59,), (1.0,), (59,), (1.0,))
('K.28 Musicalion', 'P1', 1, (249, 250), (59,), (2.0,), (59,), (2.0,))
('K.28 Musicalion', 'P1', 1, (296, 297), (72,), (3.0,), (72,), (3.0,))
('K.28 Musicalion', 'P1', 1, (356, 357), (93,), (3.0,), (93,), (3.0,))
('K.28 Musicalion', 'P1', 1, (377, 378), (102,), (3.0,), (102,), (3.0,))
('K.28 Musicalion', 'P1', 1, (453, 454), (116,), (3.0,), (116,), (3.0,))
('K.28 Musicalion', 'P1', 1, (461, 462), (118,), (1.5,), (118,), (1.5,))
('K.28 Musicalion', 'P1', 2, (79, 80), (64,), (3.0,), (64,), (3.0,))
('K.28 Musicalion', 'P1', 2, (85, 86), (67,), (3.0,), (67,), (3.0,))
('K.28 Musicalion', 'P1', 2, (90, 91), (69,), (3.0,), (69,), (3.0,))
('K.28 Musicalion', 'P1', 2, (176, 177), (122,), (1.5,), (122,), (1.5,))
('K.28 Musicalion', 'P1', 3, (169, 170), (62,), (1.0,), (62,), (1.0,))
('K.28 Musicalion', 'P1', 3, (175, 176), (63,), (1.0,), (63,), (1.0,))
('K.28 Musicalion', 'P1', 3, (177, 178), (63,), (2.0,), (63,), (2.0,))
('K.28 Musicalion', 'P1', 3, (179, 180), (63,), (3.0,), (63,), (3.0,))

67.    ((-4,),):
('K.28 Musicalion', 'P1', 1, (12, 13), (3,), (3.5,), (3,), (3.5,))
('K.28 Musicalion', 'P1', 1, (23, 24), (5,), (3.0,), (5,), (3.0,))
('K.28 Musicalion', 'P1', 1, (40, 41), (12,), (1.0,), (12,), (1.0,))
('K.28 Musicalion', 'P1', 1, (79, 80), (23,), (3.0,), (23,), (3.0,))
('K.28 Musicalion', 'P1', 1, (85, 86), (25,), (3.0,), (25,), (3.0,))
('K.28 Musicalion', 'P1', 1, (91, 92), (27,), (3.0,), (27,), (3.0,))
('K.28 Musicalion', 'P1', 1, (239, 240), (56,), (3.0,), (56,), (3.0,))
('K.28 Musicalion', 'P1', 1, (271, 272), (66,), (3.5,), (66,), (3.5,))
('K.28 Musicalion', 'P1', 1, (280, 281), (68,), (3.5,), (68,), (3.5,))
('K.28 Musicalion', 'P1', 1, (302, 303), (74,), (3.0,), (74,), (3.0,))
('K.28 Musicalion', 'P1', 1, (308, 309), (76,), (3.0,), (76,), (3.0,))
('K.28 Musicalion', 'P1', 1, (357, 358), (94,), (1.0,), (94,), (1.0,))
('K.28 Musicalion', 'P1', 1, (366, 367), (100,), (1.0,), (100,), (1.0,))
('K.28 Musicalion', 'P1', 1, (529, 530), (128,), (3.0,), (128,), (3.0,))
('K.28 Musicalion', 'P1', 2, (11, 12), (14,), (2.0,), (14,), (2.0,))
('K.28 Musicalion', 'P1', 2, (37, 38), (31,), (3.5,), (31,), (3.5,))
('K.28 Musicalion', 'P1', 2, (56, 57), (45,), (1.0,), (45,), (1.0,))
('K.28 Musicalion', 'P1', 2, (107, 108), (78,), (3.0,), (78,), (3.0,))
('K.28 Musicalion', 'P1', 3, (0, 1), (1,), (1.0,), (1,), (1.0,))
('K.28 Musicalion', 'P1', 3, (15, 16), (7,), (3.5,), (7,), (3.5,))

68.    ((-6,),):
('K.28 Musicalion', 'P1', 1, (29, 30), (7,), (3.0,), (7,), (3.0,))
('K.28 Musicalion', 'P1', 1, (173, 174), (46,), (3.0,), (46,), (3.0,))
('K.28 Musicalion', 'P1', 1, (193, 194), (50,), (1.0,), (50,), (1.0,))
('K.28 Musicalion', 'P1', 1, (205, 206), (51,), (3.0,), (51,), (3.0,))
('K.28 Musicalion', 'P1', 1, (213, 214), (52,), (3.0,), (52,), (3.0,))
('K.28 Musicalion', 'P1', 1, (221, 222), (53,), (3.0,), (53,), (3.0,))
('K.28 Musicalion', 'P1', 1, (316, 317), (80,), (1.0,), (80,), (1.0,))
('K.28 Musicalion', 'P1', 1, (321, 322), (82,), (1.0,), (82,), (1.0,))
('K.28 Musicalion', 'P1', 1, (326, 327), (84,), (1.0,), (84,), (1.0,))
('K.28 Musicalion', 'P1', 1, (334, 335), (86,), (1.0,), (86,), (1.0,))
('K.28 Musicalion', 'P1', 1, (339, 340), (88,), (1.0,), (88,), (1.0,))
('K.28 Musicalion', 'P1', 1, (344, 345), (90,), (1.0,), (90,), (1.0,))
('K.28 Musicalion', 'P1', 1, (352, 353), (92,), (1.0,), (92,), (1.0,))
('K.28 Musicalion', 'P1', 1, (493, 494), (123,), (3.0,), (123,), (3.0,))
('K.28 Musicalion', 'P1', 1, (501, 502), (124,), (3.0,), (124,), (3.0,))
('K.28 Musicalion', 'P1', 1, (509, 510), (125,), (3.0,), (125,), (3.0,))
('K.28 Musicalion', 'P1', 1, (517, 518), (126,), (3.0,), (126,), (3.0,))
('K.28 Musicalion', 'P1', 2, (80, 81), (64,), (3.5,), (64,), (3.5,))
('K.28 Musicalion', 'P1', 2, (175, 176), (122,), (1.0,), (122,), (1.0,))

69.    ((7,),):
('K.28 Musicalion', 'P1', 1, (39, 40), (11,), (3.5,), (11,), (3.5,))
('K.28 Musicalion', 'P1', 1, (46, 47), (13,), (3.5,), (13,), (3.5,))
('K.28 Musicalion', 'P1', 1, (49, 50), (15,), (2.0,), (15,), (2.0,))
('K.28 Musicalion', 'P1', 1, (56, 57), (17,), (2.0,), (17,), (2.0,))
('K.28 Musicalion', 'P1', 1, (63, 64), (19,), (2.0,), (19,), (2.0,))
('K.28 Musicalion', 'P1', 1, (330, 331), (85,), (2.0,), (85,), (2.0,))
('K.28 Musicalion', 'P1', 1, (348, 349), (91,), (2.0,), (91,), (2.0,))
('K.28 Musicalion', 'P1', 2, (26, 27), (22,), (2.0,), (22,), (2.0,))
('K.28 Musicalion', 'P1', 2, (36, 37), (31,), (2.0,), (31,), (2.0,))
('K.28 Musicalion', 'P1', 2, (43, 44), (42,), (3.5,), (42,), (3.5,))
('K.28 Musicalion', 'P1', 2, (49, 50), (43,), (3.5,), (43,), (3.5,))
('K.28 Musicalion', 'P1', 2, (55, 56), (44,), (3.5,), (44,), (3.5,))
('K.28 Musicalion', 'P1', 2, (149, 150), (96,), (1.0,), (96,), (1.0,))
('K.28 Musicalion', 'P1', 3, (100, 101), (31,), (1.0,), (31,), (1.0,))
('K.28 Musicalion', 'P1', 3, (151, 152), (54,), (1.0,), (54,), (1.0,))
('K.28 Musicalion', 'P1', 3, (191, 192), (67,), (3.0,), (67,), (3.0,))
('K.28 Musicalion', 'P1', 3, (196, 197), (69,), (3.0,), (69,), (3.0,))
('K.28 Musicalion', 'P1', 3, (204, 205), (73,), (1.0,), (73,), (1.0,))
('K.28 Musicalion', 'P1', 3, (298, 299), (100,), (1.0,), (100,), (1.0,))

70.    ((-3,),):
('K.28 Musicalion', 'P1', 1, (74, 75), (22,), (1.0,), (22,), (1.0,))
('K.28 Musicalion', 'P1', 1, (83, 84), (25,), (1.67,), (25,), (1.67,))
('K.28 Musicalion', 'P1', 1, (89, 90), (27,), (1.67,), (27,), (1.67,))
('K.28 Musicalion', 'P1', 1, (171, 172), (46,), (2.0,), (46,), (2.0,))
('K.28 Musicalion', 'P1', 1, (276, 277), (67,), (3.5,), (67,), (3.5,))
('K.28 Musicalion', 'P1', 1, (285, 286), (69,), (3.5,), (69,), (3.5,))
('K.28 Musicalion', 'P1', 1, (300, 301), (74,), (1.67,), (74,), (1.67,))
('K.28 Musicalion', 'P1', 1, (306, 307), (76,), (1.67,), (76,), (1.67,))
('K.28 Musicalion', 'P1', 1, (454, 455), (117,), (1.0,), (117,), (1.0,))
('K.28 Musicalion', 'P1', 2, (0, 1), (9,), (1.0,), (9,), (1.0,))
('K.28 Musicalion', 'P1', 2, (61, 62), (60,), (1.0,), (60,), (1.0,))
('K.28 Musicalion', 'P1', 2, (67, 68), (61,), (1.0,), (61,), (1.0,))
('K.28 Musicalion', 'P1', 2, (155, 156), (100,), (3.5,), (100,), (3.5,))
('K.28 Musicalion', 'P1', 2, (160, 161), (114,), (3.0,), (114,), (3.0,))
('K.28 Musicalion', 'P1', 2, (166, 167), (115,), (3.0,), (115,), (3.0,))
('K.28 Musicalion', 'P1', 2, (172, 173), (116,), (3.0,), (116,), (3.0,))
('K.28 Musicalion', 'P1', 2, (174, 175), (117,), (1.0,), (117,), (1.0,))
('K.28 Musicalion', 'P1', 3, (180, 181), (63,), (3.5,), (63,), (3.5,))
('K.28 Musicalion', 'P1', 3, (200, 201), (71,), (1.0,), (71,), (1.0,))

71.    ((8,),):
('K.28 Musicalion', 'P1', 1, (131, 132), (37,), (1.0,), (37,), (1.0,))
('K.28 Musicalion', 'P1', 1, (137, 138), (38,), (1.0,), (38,), (1.0,))
('K.28 Musicalion', 'P1', 1, (143, 144), (39,), (1.0,), (39,), (1.0,))
('K.28 Musicalion', 'P1', 1, (175, 176), (47,), (1.0,), (47,), (1.0,))
('K.28 Musicalion', 'P1', 1, (397, 398), (106,), (1.0,), (106,), (1.0,))
('K.28 Musicalion', 'P1', 1, (403, 404), (107,), (1.0,), (107,), (1.0,))
('K.28 Musicalion', 'P1', 1, (409, 410), (108,), (1.0,), (108,), (1.0,))
('K.28 Musicalion', 'P1', 1, (415, 416), (109,), (1.0,), (109,), (1.0,))
('K.28 Musicalion', 'P1', 2, (103, 104), (73,), (2.0,), (73,), (2.0,))
('K.28 Musicalion', 'P1', 3, (59, 60), (21,), (1.0,), (21,), (1.0,))
('K.28 Musicalion', 'P1', 3, (98, 99), (30,), (1.0,), (30,), (1.0,))
('K.28 Musicalion', 'P1', 3, (202, 203), (72,), (1.0,), (72,), (1.0,))

72.    ((5,),):
('K.28 Musicalion', 'P1', 1, (172, 173), (46,), (2.5,), (46,), (2.5,))
('K.28 Musicalion', 'P1', 1, (206, 207), (51,), (3.5,), (51,), (3.5,))
('K.28 Musicalion', 'P1', 1, (494, 495), (123,), (3.5,), (123,), (3.5,))
('K.28 Musicalion', 'P1', 1, (510, 511), (125,), (3.5,), (125,), (3.5,))
('K.28 Musicalion', 'P1', 2, (6, 7), (10,), (1.0,), (10,), (1.0,))
('K.28 Musicalion', 'P1', 2, (8, 9), (12,), (1.0,), (12,), (1.0,))
('K.28 Musicalion', 'P1', 2, (89, 90), (69,), (1.0,), (69,), (1.0,))

73.    ((-7,),):
('K.28 Musicalion', 'P1', 1, (224, 225), (54,), (1.5,), (54,), (1.5,))
('K.28 Musicalion', 'P1', 1, (232, 233), (55,), (2.5,), (55,), (2.5,))
('K.28 Musicalion', 'P1', 1, (362, 363), (96,), (1.0,), (96,), (1.0,))
('K.28 Musicalion', 'P1', 1, (463, 464), (118,), (2.5,), (118,), (2.5,))
('K.28 Musicalion', 'P1', 3, (97, 98), (29,), (3.0,), (29,), (3.0,))
('K.28 Musicalion', 'P1', 3, (146, 147), (51,), (3.0,), (51,), (3.0,))
('K.28 Musicalion', 'P1', 3, (233, 234), (79,), (3.0,), (79,), (3.0,))

74.    (((8, 4),),):
('K.28 Musicalion', 'P1', 3, (147, 148), (52,), (1.0,), (52,), (1.0,))
('K.28 Musicalion', 'P1', 3, (362, 363), (126,), (1.0,), (126,), (1.0,))
('K.28 Musicalion', 'P1', 3, (363, 364), (126,), (3.0,), (126,), (3.0,))

75.    ((15,),):
('K.28 Musicalion', 'P1', 3, (2, 3), (1,), (3.0,), (1,), (3.0,))
('K.28 Musicalion', 'P1', 3, (284, 285), (96,), (2.0,), (96,), (2.0,))

76.    (((3, 2),),):
('K.28 Musicalion', 'P1', 3, (323, 324), (108,), (3.0,), (108,), (3.0,))
('K.28 Musicalion', 'P1', 3, (324, 325), (109,), (1.0,), (109,), (1.0,))

