1.    nomes:
K.442 KernScores

2.    quantidade:
1

3.    analise:
[('intDia', 'p1p2'), ('duracao', 'p1p2'), ('Ntempo', 'p1'), ('Ptempo', 'p1')] SemContInte Distancia: 0

1.    ((2, 2, 2, 1, -2, 1, -2, -2, -2, 2, 2, 2, 2, 1, -2, 1, -2, -2, -2, 2, 2, 2, 2, -2, -2, -2, -2, -2, 3, -2, 3, -2, 3, -2, -2), (1.5, 0.5, 0.5, 0.5, 0.5, 0.5, 0.5, 0.5, 0.5, 0.5, 1.5, 0.5, 0.5, 0.5, 0.5, 0.5, 0.5, 0.5, 0.5, 0.5, 1.5, 0.5, 0.5, 0.5, 0.5, 0.5, 0.5, 0.5, 0.5, 0.5, 0.5, 0.5, 0.5, 0.5, 0.5), (1,), (0.0,)):
('K.442 KernScores', 'P1', 1, (123, 158), (33,), (1.0,), (39,), (3.0,))
('K.442 KernScores', 'P1', 1, (165, 200), (41,), (1.0,), (47,), (3.0,))

2.    (((8, 7), -2, -2, -2, -2, -2, 5, -6, -2, 6, 1, 2, 1, 2, -7, (8, 7), -2, -2, -2, -2, -2, 5, -6, -2, 6, 1, 2, 1, 2), ((0.0, 2.0), 0.5, 0.5, 0.5, 0.5, 0.5, 0.5, 0.5, 0.5, 0.5, 0.5, 0.5, 0.5, 1.0, 3.0, (0.0, 2.0), 0.5, 0.5, 0.5, 0.5, 0.5, 0.5, 0.5, 0.5, 0.5, 0.5, 0.5, 0.5, 1.0), (2,), (0.0,)):
('K.442 KernScores', 'P1', 1, (36, 65), (12,), (2.0,), (19,), (1.0,))
('K.442 KernScores', 'P1', 1, (66, 95), (20,), (2.0,), (27,), (1.0,))

3.    ((-4, -3, -3, -12, -4, 22, -4, -3, -3, -12, -4, 22, -4, -3, -3, -12, -4, 8, 2, -3, 2, -5), (0.5, 0.5, 0.5, 0.5, 1.0, 3.0, 0.5, 0.5, 0.5, 0.5, 1.0, 3.0, 0.5, 0.5, 0.5, 0.5, 1.0, 2.0, 1.0, 1.0, 1.0, 1.0), (1,), (0.0,)):
('K.442 KernScores', 'P2', 1, (82, 104), (33,), (1.0,), (39,), (3.0,))
('K.442 KernScores', 'P2', 1, (105, 127), (41,), (1.0,), (47,), (3.0,))

4.    ((-4, -3, -3, -8, -5, 19, -4, -3, -3, -8, -5, 19, -4, -3, -3, -8, -5, 2, 2, 2, 2, 1), (0.5, 0.5, 0.5, 0.5, 1.0, 3.0, 0.5, 0.5, 0.5, 0.5, 1.0, 3.0, 0.5, 0.5, 0.5, 0.5, 1.0, 1.0, 1.0, 1.0, 1.0, 1.0), (1,), (0.0,)):
('K.442 KernScores', 'P2', 1, (195, 217), (78,), (1.0,), (84,), (2.0,))
('K.442 KernScores', 'P2', 1, (219, 241), (86,), (1.0,), (92,), (2.0,))

5.    ((8, -7, 8, -7, 8, -7, 8, -7, 8, -7, 10, -2, -2, -2, -2, 1, -2, -2, -2, 1, -2), (0.5, 0.5, 0.5, 0.5, 0.5, 0.5, 0.5, 0.5, 0.5, 0.5, 0.5, 1.5, 0.5, 0.5, 0.5, 0.5, 0.5, 0.5, 0.5, 0.5, 0.5), (1,), (0.0,)):
('K.442 KernScores', 'P1', 1, (201, 222), (48,), (1.0,), (51,), (3.0,))
('K.442 KernScores', 'P1', 1, (223, 244), (52,), (1.0,), (55,), (3.0,))

6.    ((-8, 1, 1, 1, 1, 8, -8, 1, 1, 1, 1, 8, -8, 1, 1, 1, 1), (0.5, 0.5, 0.5, 0.5, 0.5, 3.5, 0.5, 0.5, 0.5, 0.5, 0.5, 3.5, 0.5, 0.5, 0.5, 0.5, 0.5), (1,), (0.0,)):
('K.442 KernScores', 'P1', 2, (0, 17), (78,), (1.0,), (82,), (3.0,))
('K.442 KernScores', 'P1', 2, (18, 35), (86,), (1.0,), (90,), (3.0,))

7.    ((2, 2, -8, -2, 7, -2, -2, -2, -2, -2, -2, -2, 8, 2, 2, -8), (2.0, 1.0, 2.0, 1.0, 1.5, 0.5, 0.5, 0.5, 1.5, 0.5, 0.5, 0.5, 1.0, 1.0, 1.0, 2.0), (1,), (0.0,)):
('K.442 KernScores', 'P2', 1, (28, 44), (13,), (1.0,), (18,), (1.0,))
('K.442 KernScores', 'P2', 1, (53, 69), (21,), (1.0,), (26,), (1.0,))

8.    ((11, 2, 2, 2, 2, 2, -9, 2, 2, -7, 2, 2, 2, 2, -8), (1.0, 1.0, 1.0, 1.0, 1.0, 1.0, 1.0, 1.0, 1.0, 1.0, 1.0, 1.0, 1.0, 1.0, 1.0), (3,), (0.0,)):
('K.442 KernScores', 'P2', 1, (241, 256), (92,), (3.0,), (97,), (2.0,))
('K.442 KernScores', 'P2', 1, (256, 271), (97,), (3.0,), (102,), (2.0,))

9.    ((14, 2, -3, -4, 2, -7, 8, 2, -3, 2), (1.0, 1.0, 1.0, 1.0, 1.0, 1.0, 2.0, 1.0, 1.0, 1.0), (1,), (0.0,)):
('K.442 KernScores', 'P2', 1, (127, 137), (48,), (1.0,), (51,), (2.0,))
('K.442 KernScores', 'P2', 1, (138, 148), (52,), (1.0,), (55,), (2.0,))

10.    ((2, 2, -3, -2, -2, 4, 2, 2), (0.5, 0.5, 0.5, 0.5, 0.5, 0.5, 0.5, 0.5), (1,), (0.0,)):
('K.442 KernScores', 'P1', 1, (323, 331), (71,), (1.0,), (72,), (1.5,))
('K.442 KernScores', 'P1', 1, (335, 343), (73,), (1.0,), (74,), (1.5,))

11.    (((3, -2), (3, -2), (3, -2), (3, -2), (3, -2), (3, 2), 2, -8), ((0.0, 1.0), (0.0, 2.0), (0.0, 1.0), (0.0, 2.0), (0.0, 1.0), (0.0, 1.0), 1.0, 1.0), (2,), (0.0,)):
('K.442 KernScores', 'P2', 1, (1, 9), (1,), (2.0,), (4,), (2.0,))
('K.442 KernScores', 'P2', 1, (10, 18), (5,), (2.0,), (8,), (2.0,))

12.    ((-3, -2, -2, -2, -2, -2), (0.5, 0.5, 0.5, 0.5, 0.5, 0.5), (1,), (0.0,)):
('K.442 KernScores', 'P1', 1, (18, 24), (8,), (1.0,), (8,), (3.5,))
('K.442 KernScores', 'P1', 1, (24, 30), (9,), (1.0,), (9,), (3.5,))
('K.442 KernScores', 'P1', 1, (245, 251), (56,), (1.0,), (56,), (3.5,))
('K.442 KernScores', 'P1', 1, (482, 488), (103,), (1.0,), (103,), (3.5,))
('K.442 KernScores', 'P2', 1, (20, 26), (11,), (1.0,), (11,), (3.5,))

13.    ((6, -5, 6, -5, 6, -5), (0.5, 0.5, 0.5, 0.5, 0.5, 0.5), (1,), (0.0,)):
('K.442 KernScores', 'P1', 1, (108, 114), (30,), (1.0,), (30,), (3.5,))
('K.442 KernScores', 'P1', 1, (347, 353), (75,), (1.0,), (75,), (3.5,))

14.    ((-2, -2, -2, -2, -2), (0.5, 0.5, 0.5, 1.5, 0.5), (2,), (0.5,)):
('K.442 KernScores', 'P1', 1, (297, 302), (65,), (2.5,), (66,), (2.5,))
('K.442 KernScores', 'P2', 1, (33, 38), (15,), (2.5,), (16,), (2.5,))
('K.442 KernScores', 'P2', 1, (58, 63), (23,), (2.5,), (24,), (2.5,))

15.    ((8, -2, -2, -3, 3), (1.0, 1.0, 1.0, 1.0, 1.0), (1,), (0.0,)):
('K.442 KernScores', 'P2', 1, (176, 181), (71,), (1.0,), (72,), (2.0,))
('K.442 KernScores', 'P2', 1, (182, 187), (73,), (1.0,), (74,), (2.0,))

16.    ((2, 3, -7, 3, 2), (1.0, 2.0, 1.0, 1.0, 1.0), (3,), (0.0,)):
('K.442 KernScores', 'P2', 2, (6, 11), (61,), (3.0,), (63,), (2.0,))
('K.442 KernScores', 'P2', 2, (11, 16), (63,), (3.0,), (65,), (2.0,))

17.    ((-4, -3, -3), (0.5, 0.5, 0.5), (1,), (0.0,)):
('K.442 KernScores', 'P1', 1, (389, 392), (85,), (1.0,), (85,), (2.0,))
('K.442 KernScores', 'P2', 1, (82, 85), (33,), (1.0,), (33,), (2.0,))
('K.442 KernScores', 'P2', 1, (88, 91), (35,), (1.0,), (35,), (2.0,))
('K.442 KernScores', 'P2', 1, (94, 97), (37,), (1.0,), (37,), (2.0,))
('K.442 KernScores', 'P2', 1, (105, 108), (41,), (1.0,), (41,), (2.0,))
('K.442 KernScores', 'P2', 1, (111, 114), (43,), (1.0,), (43,), (2.0,))
('K.442 KernScores', 'P2', 1, (117, 120), (45,), (1.0,), (45,), (2.0,))
('K.442 KernScores', 'P2', 1, (164, 167), (67,), (1.0,), (67,), (2.0,))
('K.442 KernScores', 'P2', 1, (170, 173), (69,), (1.0,), (69,), (2.0,))
('K.442 KernScores', 'P2', 1, (195, 198), (78,), (1.0,), (78,), (2.0,))
('K.442 KernScores', 'P2', 1, (201, 204), (80,), (1.0,), (80,), (2.0,))
('K.442 KernScores', 'P2', 1, (207, 210), (82,), (1.0,), (82,), (2.0,))
('K.442 KernScores', 'P2', 1, (219, 222), (86,), (1.0,), (86,), (2.0,))
('K.442 KernScores', 'P2', 1, (225, 228), (88,), (1.0,), (88,), (2.0,))
('K.442 KernScores', 'P2', 1, (231, 234), (90,), (1.0,), (90,), (2.0,))

18.    ((-2, -2, -2), (0.5, 0.5, 0.5), (2,), (0.5,)):
('K.442 KernScores', 'P1', 1, (99, 102), (28,), (2.5,), (28,), (3.5,))
('K.442 KernScores', 'P1', 1, (105, 108), (29,), (2.5,), (29,), (3.5,))
('K.442 KernScores', 'P1', 1, (156, 159), (39,), (2.5,), (39,), (3.5,))
('K.442 KernScores', 'P1', 1, (254, 257), (57,), (2.5,), (57,), (3.5,))
('K.442 KernScores', 'P1', 1, (261, 264), (59,), (2.5,), (59,), (3.5,))
('K.442 KernScores', 'P1', 1, (273, 276), (61,), (2.5,), (61,), (3.5,))
('K.442 KernScores', 'P1', 1, (285, 288), (63,), (2.5,), (63,), (3.5,))
('K.442 KernScores', 'P2', 1, (46, 49), (19,), (2.5,), (19,), (3.5,))
('K.442 KernScores', 'P2', 1, (50, 53), (20,), (2.5,), (20,), (3.5,))

19.    ((2, 2, 2), (1.0, 1.0, 1.0), (3,), (0.0,)):
('K.442 KernScores', 'P2', 1, (151, 154), (56,), (3.0,), (57,), (2.0,))
('K.442 KernScores', 'P2', 1, (187, 190), (74,), (3.0,), (75,), (2.0,))
('K.442 KernScores', 'P2', 1, (244, 247), (93,), (3.0,), (94,), (2.0,))
('K.442 KernScores', 'P2', 1, (259, 262), (98,), (3.0,), (99,), (2.0,))
('K.442 KernScores', 'P2', 2, (1, 4), (59,), (3.0,), (60,), (2.0,))

20.    ((1, 1, 1), (3.0, 3.0, 3.0), (1,), (0.0,)):
('K.442 KernScores', 'P1', 1, (0, 3), (1,), (1.0,), (3,), (1.0,))
('K.442 KernScores', 'P2', 1, (156, 159), (59,), (1.0,), (61,), (1.0,))

21.    ((3, 2, 3), (2.0, 1.0, 2.0), (1,), (0.0,)):
('K.442 KernScores', 'P2', 1, (71, 74), (28,), (1.0,), (29,), (1.0,))
('K.442 KernScores', 'P2', 2, (5, 8), (61,), (1.0,), (62,), (1.0,))

22.    ((-2, -2), (0.5, 0.5), (3,), (0.0,)):
('K.442 KernScores', 'P1', 1, (381, 383), (83,), (3.0,), (83,), (3.5,))
('K.442 KernScores', 'P1', 1, (414, 416), (91,), (3.0,), (91,), (3.5,))
('K.442 KernScores', 'P2', 1, (38, 40), (16,), (3.0,), (16,), (3.5,))
('K.442 KernScores', 'P2', 1, (63, 65), (24,), (3.0,), (24,), (3.5,))

23.    ((2, 2), (1.0, 1.0), (2,), (0.0,)):
('K.442 KernScores', 'P2', 1, (41, 43), (17,), (2.0,), (17,), (3.0,))
('K.442 KernScores', 'P2', 1, (66, 68), (25,), (2.0,), (25,), (3.0,))
('K.442 KernScores', 'P2', 2, (10, 12), (63,), (2.0,), (63,), (3.0,))

24.    ((2,), (1.0,), (1,), (0.0,)):
('K.442 KernScores', 'P1', 1, (49, 50), (15,), (1.0,), (15,), (1.0,))
('K.442 KernScores', 'P1', 1, (64, 65), (19,), (1.0,), (19,), (1.0,))
('K.442 KernScores', 'P1', 1, (79, 80), (23,), (1.0,), (23,), (1.0,))
('K.442 KernScores', 'P1', 1, (94, 95), (27,), (1.0,), (27,), (1.0,))
('K.442 KernScores', 'P2', 1, (7, 8), (4,), (1.0,), (4,), (1.0,))
('K.442 KernScores', 'P2', 1, (16, 17), (8,), (1.0,), (8,), (1.0,))
('K.442 KernScores', 'P2', 1, (152, 153), (57,), (1.0,), (57,), (1.0,))
('K.442 KernScores', 'P2', 1, (188, 189), (75,), (1.0,), (75,), (1.0,))
('K.442 KernScores', 'P2', 1, (191, 192), (76,), (1.0,), (76,), (1.0,))
('K.442 KernScores', 'P2', 1, (212, 213), (83,), (1.0,), (83,), (1.0,))
('K.442 KernScores', 'P2', 1, (215, 216), (84,), (1.0,), (84,), (1.0,))
('K.442 KernScores', 'P2', 1, (236, 237), (91,), (1.0,), (91,), (1.0,))
('K.442 KernScores', 'P2', 1, (239, 240), (92,), (1.0,), (92,), (1.0,))
('K.442 KernScores', 'P2', 1, (242, 243), (93,), (1.0,), (93,), (1.0,))
('K.442 KernScores', 'P2', 1, (245, 246), (94,), (1.0,), (94,), (1.0,))
('K.442 KernScores', 'P2', 1, (248, 249), (95,), (1.0,), (95,), (1.0,))
('K.442 KernScores', 'P2', 1, (251, 252), (96,), (1.0,), (96,), (1.0,))
('K.442 KernScores', 'P2', 1, (254, 255), (97,), (1.0,), (97,), (1.0,))
('K.442 KernScores', 'P2', 1, (257, 258), (98,), (1.0,), (98,), (1.0,))
('K.442 KernScores', 'P2', 1, (260, 261), (99,), (1.0,), (99,), (1.0,))
('K.442 KernScores', 'P2', 1, (263, 264), (100,), (1.0,), (100,), (1.0,))
('K.442 KernScores', 'P2', 1, (266, 267), (101,), (1.0,), (101,), (1.0,))
('K.442 KernScores', 'P2', 1, (269, 270), (102,), (1.0,), (102,), (1.0,))
('K.442 KernScores', 'P2', 1, (272, 273), (103,), (1.0,), (103,), (1.0,))
('K.442 KernScores', 'P2', 1, (275, 276), (104,), (1.0,), (104,), (1.0,))
('K.442 KernScores', 'P2', 2, (2, 3), (60,), (1.0,), (60,), (1.0,))

25.    ((1,), (0.5,), (2,), (0.5,)):
('K.442 KernScores', 'P1', 1, (46, 47), (14,), (2.5,), (14,), (2.5,))
('K.442 KernScores', 'P1', 1, (61, 62), (18,), (2.5,), (18,), (2.5,))
('K.442 KernScores', 'P1', 1, (76, 77), (22,), (2.5,), (22,), (2.5,))
('K.442 KernScores', 'P1', 1, (91, 92), (26,), (2.5,), (26,), (2.5,))
('K.442 KernScores', 'P1', 1, (220, 221), (51,), (2.5,), (51,), (2.5,))
('K.442 KernScores', 'P1', 1, (242, 243), (55,), (2.5,), (55,), (2.5,))
('K.442 KernScores', 'P1', 1, (380, 381), (83,), (2.5,), (83,), (2.5,))
('K.442 KernScores', 'P1', 1, (413, 414), (91,), (2.5,), (91,), (2.5,))
('K.442 KernScores', 'P1', 2, (3, 4), (78,), (2.5,), (78,), (2.5,))
('K.442 KernScores', 'P1', 2, (9, 10), (80,), (2.5,), (80,), (2.5,))
('K.442 KernScores', 'P1', 2, (15, 16), (82,), (2.5,), (82,), (2.5,))
('K.442 KernScores', 'P1', 2, (21, 22), (86,), (2.5,), (86,), (2.5,))
('K.442 KernScores', 'P1', 2, (27, 28), (88,), (2.5,), (88,), (2.5,))
('K.442 KernScores', 'P1', 2, (33, 34), (90,), (2.5,), (90,), (2.5,))

26.    ((1,), (0.5,), (1,), (0.5,)):
('K.442 KernScores', 'P1', 1, (128, 129), (34,), (1.5,), (34,), (1.5,))
('K.442 KernScores', 'P1', 1, (138, 139), (36,), (1.5,), (36,), (1.5,))
('K.442 KernScores', 'P1', 1, (170, 171), (42,), (1.5,), (42,), (1.5,))
('K.442 KernScores', 'P1', 1, (180, 181), (44,), (1.5,), (44,), (1.5,))
('K.442 KernScores', 'P1', 1, (308, 309), (68,), (1.5,), (68,), (1.5,))
('K.442 KernScores', 'P1', 1, (318, 319), (70,), (1.5,), (70,), (1.5,))
('K.442 KernScores', 'P1', 1, (384, 385), (84,), (1.5,), (84,), (1.5,))
('K.442 KernScores', 'P1', 1, (417, 418), (92,), (1.5,), (92,), (1.5,))
('K.442 KernScores', 'P1', 2, (1, 2), (78,), (1.5,), (78,), (1.5,))
('K.442 KernScores', 'P1', 2, (7, 8), (80,), (1.5,), (80,), (1.5,))
('K.442 KernScores', 'P1', 2, (13, 14), (82,), (1.5,), (82,), (1.5,))
('K.442 KernScores', 'P1', 2, (19, 20), (86,), (1.5,), (86,), (1.5,))
('K.442 KernScores', 'P1', 2, (25, 26), (88,), (1.5,), (88,), (1.5,))
('K.442 KernScores', 'P1', 2, (31, 32), (90,), (1.5,), (90,), (1.5,))

27.    ((2,), (1.0,), (2,), (0.0,)):
('K.442 KernScores', 'P2', 1, (76, 77), (30,), (2.0,), (30,), (2.0,))
('K.442 KernScores', 'P2', 1, (79, 80), (31,), (2.0,), (31,), (2.0,))
('K.442 KernScores', 'P2', 1, (102, 103), (39,), (2.0,), (39,), (2.0,))
('K.442 KernScores', 'P2', 1, (125, 126), (47,), (2.0,), (47,), (2.0,))
('K.442 KernScores', 'P2', 1, (128, 129), (48,), (2.0,), (48,), (2.0,))
('K.442 KernScores', 'P2', 1, (131, 132), (49,), (2.0,), (49,), (2.0,))
('K.442 KernScores', 'P2', 1, (136, 137), (51,), (2.0,), (51,), (2.0,))
('K.442 KernScores', 'P2', 1, (139, 140), (52,), (2.0,), (52,), (2.0,))
('K.442 KernScores', 'P2', 1, (142, 143), (53,), (2.0,), (53,), (2.0,))
('K.442 KernScores', 'P2', 1, (147, 148), (55,), (2.0,), (55,), (2.0,))
('K.442 KernScores', 'P2', 1, (150, 151), (56,), (2.0,), (56,), (2.0,))
('K.442 KernScores', 'P2', 2, (15, 16), (65,), (2.0,), (65,), (2.0,))

28.    ((-7,), (1.0,), (3,), (0.0,)):
('K.442 KernScores', 'P2', 1, (80, 81), (31,), (3.0,), (31,), (3.0,))
('K.442 KernScores', 'P2', 1, (132, 133), (49,), (3.0,), (49,), (3.0,))
('K.442 KernScores', 'P2', 1, (143, 144), (53,), (3.0,), (53,), (3.0,))
('K.442 KernScores', 'P2', 1, (181, 182), (72,), (3.0,), (72,), (3.0,))
('K.442 KernScores', 'P2', 1, (190, 191), (75,), (3.0,), (75,), (3.0,))
('K.442 KernScores', 'P2', 1, (193, 194), (76,), (3.0,), (76,), (3.0,))
('K.442 KernScores', 'P2', 1, (250, 251), (95,), (3.0,), (95,), (3.0,))
('K.442 KernScores', 'P2', 1, (265, 266), (100,), (3.0,), (100,), (3.0,))
('K.442 KernScores', 'P2', 2, (8, 9), (62,), (3.0,), (62,), (3.0,))
('K.442 KernScores', 'P2', 2, (13, 14), (64,), (3.0,), (64,), (3.0,))

29.    ((2,), (3.0,), (1,), (0.0,)):
('K.442 KernScores', 'P1', 1, (362, 363), (78,), (1.0,), (78,), (1.0,))
('K.442 KernScores', 'P1', 1, (369, 370), (80,), (1.0,), (80,), (1.0,))
('K.442 KernScores', 'P1', 1, (376, 377), (82,), (1.0,), (82,), (1.0,))
('K.442 KernScores', 'P1', 1, (395, 396), (86,), (1.0,), (86,), (1.0,))
('K.442 KernScores', 'P1', 1, (402, 403), (88,), (1.0,), (88,), (1.0,))
('K.442 KernScores', 'P1', 1, (409, 410), (90,), (1.0,), (90,), (1.0,))
('K.442 KernScores', 'P2', 1, (160, 161), (63,), (1.0,), (63,), (1.0,))

30.    ((-5,), (1.0,), (3,), (0.0,)):
('K.442 KernScores', 'P2', 1, (18, 19), (8,), (3.0,), (8,), (3.0,))
('K.442 KernScores', 'P2', 1, (148, 149), (55,), (3.0,), (55,), (3.0,))
('K.442 KernScores', 'P2', 1, (154, 155), (57,), (3.0,), (57,), (3.0,))
('K.442 KernScores', 'P2', 1, (277, 278), (104,), (3.0,), (104,), (3.0,))

31.    ((15,), (3.0,), (1,), (0.0,)):
('K.442 KernScores', 'P2', 1, (81, 82), (32,), (1.0,), (32,), (1.0,))
('K.442 KernScores', 'P2', 1, (155, 156), (58,), (1.0,), (58,), (1.0,))
('K.442 KernScores', 'P2', 1, (175, 176), (70,), (1.0,), (70,), (1.0,))

32.    ((-7,), (0.5,), (3,), (0.5,)):
('K.442 KernScores', 'P1', 1, (119, 120), (31,), (3.5,), (31,), (3.5,))
('K.442 KernScores', 'P1', 1, (222, 223), (51,), (3.5,), (51,), (3.5,))

33.    ((2,), (0.5,), (3,), (0.5,)):
('K.442 KernScores', 'P1', 1, (164, 165), (40,), (3.5,), (40,), (3.5,))
('K.442 KernScores', 'P1', 1, (244, 245), (55,), (3.5,), (55,), (3.5,))

34.    ((-2,), (3.0,), (1,), (0.0,)):
('K.442 KernScores', 'P2', 1, (159, 160), (62,), (1.0,), (62,), (1.0,))
('K.442 KernScores', 'P2', 1, (161, 162), (64,), (1.0,), (64,), (1.0,))

