1 .    ('nomes', 'K.200 KernScores') 

2 .    ('quantidade', 1) 

3 .    ('analise', 'recorręncias IntDiaDur sem contidos e intercalados') 

1 .    (((-3, 2, 2, 2, -2, 4, -4, -3, 2, 2, 2, -2, 4, -4, -3, 3, -2, -3, 2, -2, -2, 5, -3, 2, 2, 2, -2, 4, -4, -3, 2, 2, 2, -2, 4, -4, -3, 3, -2, -3, 2, -2, -2, 3, 2, 2, -5, 2, -3, 2, 3, 2, 2, -5, 2, -3, 2, 2, 2, 2, 2, 2, 2, 2, -4, 2, -3, -2, 6, -7, 6, 2, -4, 2, -3, -2, 6, -7, 6, 2, -4, 2, -6), (0.5, 0.12, 0.12, 0.12, 0.12, 0.5, 0.5, 0.5, 0.12, 0.12, 0.12, 0.12, 0.5, 0.5, 0.5, 0.25, 0.25, 0.25, 0.25, 0.5, 0.5, 1.5, 0.5, 0.12, 0.12, 0.12, 0.12, 0.5, 0.5, 0.5, 0.12, 0.12, 0.12, 0.12, 0.5, 0.5, 0.5, 0.25, 0.25, 0.25, 0.25, 0.5, 0.5, 0.5, 0.25, 0.25, 0.25, 0.25, 0.25, 0.25, 0.5, 0.25, 0.25, 0.25, 0.25, 0.25, 0.25, 0.5, 0.25, 0.25, 0.25, 0.25, 0.25, 0.25, 0.25, 0.25, 0.25, 0.25, 0.25, 0.25, 0.25, 0.25, 0.25, 0.25, 0.25, 0.25, 0.25, 0.25, 0.25, 0.25, 0.25, 0.25, 0.25)), [('K.200 KernScores', 'P1', 1, (207, 290), (36, 2.5), (49, 1.5)), ('K.200 KernScores', 'P1', 1, (430, 513), (83, 2.5), (96, 1.5))]) 

2 .    (((1, 2, 2, -5, 1, 2, 2, -6, 1, 2, 2, -2, 8, -4, 1, 2, 2, -5, 1, 2, 2, -6, 1, 2, 2, -2, 7, -2, -2, -2, -2, 2, 4, -2, -2, -2, -2, 2, 6, -2, -2, -2, -2, 2), (0.25, 0.25, 0.25, 0.25, 0.25, 0.25, 0.25, 0.25, 0.25, 0.25, 0.25, 0.25, 0.5, 0.5, 0.25, 0.25, 0.25, 0.25, 0.25, 0.25, 0.25, 0.25, 0.25, 0.25, 0.25, 0.25, 0.5, 0.5, 0.17, 0.17, 0.17, 0.5, 0.5, 0.5, 0.17, 0.17, 0.17, 0.5, 0.5, 0.5, 0.25, 0.25, 0.25, 0.25)), [('K.200 KernScores', 'P1', 1, (100, 144), (20, 2.0), (26, 2.75)), ('K.200 KernScores', 'P1', 1, (146, 190), (27, 2.0), (33, 2.75))]) 

3 .    (((2, 2, 2, -2, -2, -2, 2, 2, 2, -2, -2, -2, 4, -2, 2, 2, 2, 2, -2, -2, 2, -2, -2), (0.12, 0.12, 0.12, 0.12, 1.0, 0.5, 0.12, 0.12, 0.12, 0.12, 1.0, 0.5, 0.5, 0.5, 0.5, 0.5, 0.75, 0.12, 0.12, 0.5, 0.5, 0.25, 0.25)), [('K.200 KernScores', 'P1', 1, (345, 368), (61, 1.0), (65, 1.25)), ('K.200 KernScores', 'P1', 1, (374, 397), (67, 1.0), (71, 1.25))]) 

4 .    (((1, 4, 1, -2, -3, 4, 1, -2, -3, 4, 1, -2, -2, -2, -2, -2, 3, 2, -8, -8), (0.5, 0.5, 0.5, 0.5, 0.5, 0.5, 0.5, 0.5, 0.5, 0.5, 0.5, 0.5, 0.5, 0.5, 0.5, 0.5, 0.5, 0.5, 0.5, 0.5)), [('K.200 KernScores', 'P2', 1, (187, 207), (60, 2.0), (65, 1.5)), ('K.200 KernScores', 'P2', 1, (209, 229), (66, 2.0), (71, 1.5))]) 

5 .    ((((8, 1), (7, 1), (6, 1), (5, 1), (4, 1), (3, 1), (8, 1), (7, 1), (6, 1), (5, 1), (4, 1), (3, 1), (7, 2), (6, -2), (7, 2), (6, -3), 4, -3, 4), ((0.0, 0.5), (0.0, 0.5), (0.0, 0.5), (0.0, 0.5), (0.0, 0.5), (0.0, 1.5), (0.0, 0.5), (0.0, 0.5), (0.0, 0.5), (0.0, 0.5), (0.0, 0.5), (0.0, 1.5), (0.0, 0.5), (0.0, 1.5), (0.0, 0.5), (0.0, 0.5), 0.5, 0.5, 0.5)), [('K.200 KernScores', 'P2', 1, (60, 79), (20, 2.5), (26, 2.5)), ('K.200 KernScores', 'P2', 1, (80, 99), (27, 2.5), (33, 2.5))]) 

6 .    ((((8, 3), (8, 3), (8, -5), (8, 3), (8, 3), (8, -5), (8, 3), (8, 3), (8, 4), (8, 4), 2, -8, -5), ((0.0, 0.5), (0.0, 0.5), (0.0, 1.0), (0.0, 0.5), (0.0, 0.5), (0.0, 1.0), (0.0, 0.5), (0.0, 0.5), (0.0, 0.5), (0.0, 0.5), 0.5, 0.5, 0.5)), [('K.200 KernScores', 'P2', 1, (116, 129), (40, 1.5), (43, 2.5)), ('K.200 KernScores', 'P2', 1, (284, 297), (87, 1.5), (90, 2.5))]) 

7 .    (((-2, -2, -2, -2, 1, 4, 2, 2, 2, 2, -2, -2), (0.25, 0.25, 0.25, 0.25, 0.5, 0.5, 0.5, 0.5, 0.25, 0.12, 0.12, 0.25)), [('K.200 KernScores', 'P1', 1, (46, 58), (8, 1.0), (9, 2.5)), ('K.200 KernScores', 'P1', 1, (59, 71), (10, 1.0), (11, 2.5))]) 

8 .    ((((3, -2), (3, 2), (3, -2), (3, 2), (3, 2), (3, 2), (3, 2), (3, -2), (3, -2), (3, -2), (3, -2), (3, 2)), ((0.0, 0.5), (0.0, 0.5), (0.0, 0.5), (0.0, 0.5), (0.0, 0.5), (0.0, 0.5), (0.0, 1.0), (0.0, 1.0), (0.0, 0.25), (0.0, 0.25), (0.0, 0.5), (0.0, 0.5))), [('K.200 KernScores', 'P1', 1, (73, 85), (12, 2.5), (15, 2.5)), ('K.200 KernScores', 'P1', 1, (86, 98), (16, 2.5), (19, 2.5))]) 

9 .    ((((8, 2), (8, 2), (8, -2), (8, -2), (8, 2), (8, 2), (8, -2), (8, -2), (8, 2), (8, 2), (8, 1), -5), ((0.0, 0.5), (0.0, 0.5), (0.0, 0.5), (0.0, 0.5), (0.0, 0.5), (0.0, 0.5), (0.0, 0.5), (0.0, 0.5), (0.0, 0.5), (0.0, 0.5), (0.0, 0.5), 0.5)), [('K.200 KernScores', 'P2', 1, (137, 149), (47, 1.0), (49, 2.5)), ('K.200 KernScores', 'P2', 1, (309, 321), (95, 1.0), (97, 2.5))]) 

10 .    (((-2, -2, 2, 5, -2, -2, -2, -2, -2, -2, 2), (0.25, 0.25, 0.25, 0.25, 0.25, 0.25, 0.25, 0.25, 0.25, 0.25, 0.25)), [('K.200 KernScores', 'P1', 1, (11, 22), (3, 1.25), (4, 1.75)), ('K.200 KernScores', 'P1', 1, (23, 34), (5, 1.25), (6, 1.75))]) 

11 .    ((((8, 3), (8, 3), (8, -5), (8, 3), (8, 3), (8, 4), (8, 4), 2, -8), ((0.0, 0.5), (0.0, 0.5), (0.0, 1.0), (0.0, 0.5), (0.0, 0.5), (0.0, 0.5), (0.0, 0.5), 0.5, 0.5)), [('K.200 KernScores', 'P2', 1, (106, 115), (37, 1.5), (39, 2.0)), ('K.200 KernScores', 'P2', 1, (274, 283), (84, 1.5), (86, 2.0))]) 

12 .    (((7, -2, -2, 2, -2, -2, -2, 2, -5), (1.25, 0.25, 0.25, 0.25, 0.25, 0.25, 0.25, 0.25, 0.5)), [('K.200 KernScores', 'P2', 1, (18, 27), (8, 1.0), (9, 2.0)), ('K.200 KernScores', 'P2', 1, (28, 37), (10, 1.0), (11, 2.0))]) 

13 .    (((-2, 2, 2, 2, 2, 2, 2, -7), (0.25, 0.25, 0.25, 0.25, 0.25, 0.25, 0.25, 0.25)), [('K.200 KernScores', 'P1', 1, (293, 301), (51, 1.0), (51, 2.75)), ('K.200 KernScores', 'P1', 1, (302, 310), (53, 1.0), (53, 2.75))]) 

14 .    (((2, 2, 2, 2, 2, 2, 2), (0.25, 0.25, 0.25, 0.25, 0.25, 0.25, 0.25)), [('K.200 KernScores', 'P1', 1, (191, 198), (34, 1.25), (34, 2.75)), ('K.200 KernScores', 'P1', 1, (312, 319), (55, 1.25), (55, 2.75))]) 

15 .    (((6, -2, 2, 2, -6, -2, 2), (0.5, 0.17, 0.17, 0.17, 0.5, 0.17, 0.17)), [('K.200 KernScores', 'P1', 1, (322, 329), (57, 1.0), (57, 2.67)), ('K.200 KernScores', 'P1', 1, (330, 337), (58, 1.0), (58, 2.67))]) 

16 .    ((((7, 1), (7, 1), (7, 1), (6, 1), (6, 1), (6, 1), (6, 1)), ((0.0, 0.5), (0.0, 0.5), (0.0, 0.5), (0.0, 0.5), (0.0, 0.5), (0.0, 0.5), (0.0, 0.5))), [('K.200 KernScores', 'P2', 1, (154, 161), (52, 1.5), (53, 2.5)), ('K.200 KernScores', 'P2', 1, (231, 238), (72, 1.5), (73, 2.5))]) 

17 .    (((-2, -2, -2, -2, -2, -2), (0.25, 0.25, 0.25, 0.25, 0.25, 0.25)), [('K.200 KernScores', 'P1', 1, (199, 205), (35, 1.25), (35, 2.5)), ('K.200 KernScores', 'P1', 1, (409, 415), (79, 1.5), (79, 2.75))]) 

18 .    (((1, 1, -3, 1, 1), (0.5, 0.5, 1.0, 0.5, 0.5)), [('K.200 KernScores', 'P2', 1, (39, 44), (13, 1.5), (14, 2.0)), ('K.200 KernScores', 'P2', 1, (50, 55), (17, 1.5), (18, 2.0))]) 

19 .    ((((8, -3), (8, -3), (8, 5), (8, -3), (8, -3)), ((0.0, 0.5), (0.0, 0.5), (0.0, 1.0), (0.0, 0.5), (0.0, 0.5))), [('K.200 KernScores', 'P2', 1, (130, 135), (44, 2.5), (46, 1.0)), ('K.200 KernScores', 'P2', 1, (298, 303), (91, 2.5), (93, 1.0))]) 

20 .    (((-2, -2, -2, -2), (0.25, 0.25, 0.25, 0.25)), [('K.200 KernScores', 'P1', 1, (40, 44), (7, 1.5), (7, 2.25)), ('K.200 KernScores', 'P1', 1, (421, 425), (81, 2.75), (82, 1.5))]) 

21 .    ((((6, 1), (6, 1), (6, 1), (6, -2)), ((0.0, 0.5), (0.0, 0.5), (0.0, 0.5), (0.0, 0.5))), [('K.200 KernScores', 'P2', 1, (246, 250), (76, 1.0), (76, 2.5)), ('K.200 KernScores', 'P2', 1, (254, 258), (78, 1.0), (78, 2.5))]) 

22 .    ((((3, 2), (3, -2), (3, -2), (3, -5)), ((0.0, 0.5), (0.0, 0.5), (0.0, 0.5), (0.0, 0.5))), [('K.200 KernScores', 'P2', 1, (3, 7), (2, 2.5), (3, 2.0)), ('K.200 KernScores', 'P2', 1, (9, 13), (4, 2.5), (5, 2.0))]) 

23 .    (((2, 2, 2), (0.25, 0.25, 0.25)), [('K.200 KernScores', 'P1', 1, (1, 4), (1, 1.5), (1, 2.0)), ('K.200 KernScores', 'P1', 1, (35, 38), (6, 2.25), (6, 2.75))]) 

24 .    ((((8, 1), (8, 1), (8, 1)), ((0.0, 0.5), (0.0, 0.5), (0.0, 0.5))), [('K.200 KernScores', 'P2', 1, (150, 153), (51, 1.5), (51, 2.5)), ('K.200 KernScores', 'P2', 1, (242, 245), (75, 1.0), (75, 2.0))]) 

25 .    ((((3, 1), (3, 2), 1), ((0.0, 0.5), (0.0, 0.5), 0.5)), [('K.200 KernScores', 'P2', 1, (171, 174), (56, 2.0), (57, 1.0)), ('K.200 KernScores', 'P2', 1, (175, 178), (57, 2.0), (58, 1.0)), ('K.200 KernScores', 'P2', 1, (179, 182), (58, 2.0), (59, 1.0))]) 

26 .    ((((8, 2), (8, 2)), ((0.0, 0.5), (0.0, 0.5))), [('K.200 KernScores', 'P2', 1, (103, 105), (36, 1.5), (36, 2.0)), ('K.200 KernScores', 'P2', 1, (304, 306), (93, 2.5), (94, 1.0))]) 

27 .    (((2, 1), (0.5, 0.5)), [('K.200 KernScores', 'P2', 1, (184, 186), (59, 2.5), (60, 1.0)), ('K.200 KernScores', 'P2', 1, (259, 261), (79, 2.5), (80, 1.0))]) 

28 .    (((-2, -2), (1.0, 0.25)), [('K.200 KernScores', 'P1', 1, (342, 344), (60, 1.5), (60, 2.5)), ('K.200 KernScores', 'P1', 1, (416, 418), (80, 1.5), (80, 2.5))]) 

29 .    (((-8, 8), (0.5, 0.5)), [('K.200 KernScores', 'P2', 1, (47, 49), (16, 1.0), (16, 1.5)), ('K.200 KernScores', 'P2', 1, (271, 273), (83, 1.0), (83, 1.5))]) 

30 .    (((2,), (0.25,)), [('K.200 KernScores', 'P1', 1, (5, 6), (1, 2.5), (1, 2.5)), ('K.200 KernScores', 'P1', 1, (517, 518), (97, 1.25), (97, 1.25))]) 

31 .    (((-2,), (0.5,)), [('K.200 KernScores', 'P1', 1, (320, 321), (56, 1.5), (56, 1.5)), ('K.200 KernScores', 'P1', 1, (514, 515), (96, 2.0), (96, 2.0))]) 

32 .    (((2,), (0.5,)), [('K.200 KernScores', 'P1', 1, (291, 292), (49, 2.5), (49, 2.5)), ('K.200 KernScores', 'P1', 1, (520, 521), (97, 2.5), (97, 2.5)), ('K.200 KernScores', 'P2', 1, (15, 16), (6, 2.5), (6, 2.5)), ('K.200 KernScores', 'P2', 1, (100, 101), (34, 2.5), (34, 2.5))]) 

33 .    ((((6, 1),), ((0.0, 0.5),)), [('K.200 KernScores', 'P2', 1, (251, 252), (77, 1.5), (77, 1.5)), ('K.200 KernScores', 'P2', 1, (266, 267), (81, 2.0), (81, 2.0))]) 

34 .    (((-5,), (0.5,)), [('K.200 KernScores', 'P1', 1, (8, 9), (2, 1.5), (2, 1.5)), ('K.200 KernScores', 'P2', 1, (58, 59), (19, 2.5), (19, 2.5))]) 

35 .    ((((5, 1),), ((0.0, 0.5),)), [('K.200 KernScores', 'P2', 1, (162, 163), (54, 1.5), (54, 1.5)), ('K.200 KernScores', 'P2', 1, (164, 165), (54, 2.5), (54, 2.5)), ('K.200 KernScores', 'P2', 1, (268, 269), (82, 1.0), (82, 1.0))]) 

36 .    (((1,), (2.0,)), [('K.200 KernScores', 'P1', 2, (1, 2), (61, 2.0), (61, 2.0)), ('K.200 KernScores', 'P1', 2, (3, 4), (67, 2.0), (67, 2.0))]) 

