1 .    ('nomes', 'K.436 Musicalion') 

2 .    ('quantidade', 1) 

3 .    ('analise', 'sequências IntDiaDurPcompasso sem contidos e intercalados') 

1 .    ((((6, 1), (6, 1), (6, -5), 2, 2, 2, 2, 2, -2, (6, 1), (6, 1), (6, -5), 2, 2, 2, 2, 2, 5, -6, 2, -3, 4, -3, 4, -3, -2, -2, -2, -2), ((0.0, 1.0), (0.0, 1.0), (0.0, 1.0), 0.5, 0.5, 0.5, 0.5, 0.5, 0.5, (0.0, 1.0), (0.0, 1.0), (0.0, 1.0), 0.5, 0.5, 0.5, 0.5, 0.5, 0.5, 0.5, 0.5, 0.5, 0.5, 0.5, 0.5, 0.5, 0.5, 0.5, 0.5, 0.5), (1.0, 2.0, 3.0, 1.0, 1.5, 2.0, 2.5, 3.0, 3.5, 1.0, 2.0, 3.0, 1.0, 1.5, 2.0, 2.5, 3.0, 3.5, 1.0, 1.5, 2.0, 2.5, 3.0, 3.5, 1.0, 1.5, 2.0, 2.5, 3.0)), [[('K.436 Musicalion', 'P1', 1, (120, 149), (42, 1.0), (47, 3.0)), ('K.436 Musicalion', 'P1', 1, (150, 179), (48, 1.0), (53, 3.0))], [('K.436 Musicalion', 'P1', 1, (294, 323), (95, 1.0), (100, 3.0)), ('K.436 Musicalion', 'P1', 1, (324, 353), (101, 1.0), (106, 3.0))]]) 

2 .    (((3, 3, 4, 3, 2, -2, -2), (0.5, 0.5, 0.5, 0.5, 0.5, 1.0, 1.0), (1.5, 2.0, 2.5, 3.0, 3.5, 1.0, 2.0)), [[('K.436 Musicalion', 'P1', 3, (131, 138), (42, 1.5), (43, 2.0)), ('K.436 Musicalion', 'P1', 3, (139, 146), (44, 1.5), (45, 2.0))], [('K.436 Musicalion', 'P1', 3, (153, 160), (48, 1.5), (49, 2.0)), ('K.436 Musicalion', 'P1', 3, (161, 168), (50, 1.5), (51, 2.0))], [('K.436 Musicalion', 'P1', 3, (335, 342), (95, 1.5), (96, 2.0)), ('K.436 Musicalion', 'P1', 3, (343, 350), (97, 1.5), (98, 2.0))]]) 

3 .    (((-2, -2, -2, -2, -2), (0.5, 0.5, 0.5, 0.5, 0.5), (2.0, 2.5, 3.0, 3.5, 1.0)), [[('K.436 Musicalion', 'P1', 3, (73, 78), (27, 2.0), (28, 1.0)), ('K.436 Musicalion', 'P1', 3, (79, 84), (28, 2.0), (29, 1.0))], [('K.436 Musicalion', 'P1', 3, (93, 98), (31, 2.0), (32, 1.0)), ('K.436 Musicalion', 'P1', 3, (99, 104), (32, 2.0), (33, 1.0))]]) 

4 .    (((8, -9, 8, -9, 8), (0.5, 0.5, 0.5, 0.5, 0.5), (2.0, 2.5, 3.0, 3.5, 1.0)), [[('K.436 Musicalion', 'P1', 3, (176, 181), (54, 2.0), (55, 1.0)), ('K.436 Musicalion', 'P1', 3, (182, 187), (55, 2.0), (56, 1.0))], [('K.436 Musicalion', 'P1', 3, (196, 201), (58, 2.0), (59, 1.0)), ('K.436 Musicalion', 'P1', 3, (202, 207), (59, 2.0), (60, 1.0))], [('K.436 Musicalion', 'P1', 3, (380, 385), (107, 2.0), (108, 1.0)), ('K.436 Musicalion', 'P1', 3, (386, 391), (108, 2.0), (109, 1.0))], [('K.436 Musicalion', 'P1', 3, (400, 405), (111, 2.0), (112, 1.0)), ('K.436 Musicalion', 'P1', 3, (406, 411), (112, 2.0), (113, 1.0))]]) 

5 .    (((-2, -2, -2, -2), (0.5, 0.5, 0.5, 0.5), (2.0, 2.5, 3.0, 3.5)), [[('K.436 Musicalion', 'P1', 3, (268, 272), (79, 2.0), (79, 3.5)), ('K.436 Musicalion', 'P1', 3, (273, 277), (80, 2.0), (80, 3.5))], [('K.436 Musicalion', 'P1', 3, (279, 283), (81, 2.0), (81, 3.5)), ('K.436 Musicalion', 'P1', 3, (284, 288), (82, 2.0), (82, 3.5))], [('K.436 Musicalion', 'P1', 3, (290, 294), (83, 2.0), (83, 3.5)), ('K.436 Musicalion', 'P1', 3, (295, 299), (84, 2.0), (84, 3.5))], [('K.436 Musicalion', 'P1', 3, (301, 305), (85, 2.0), (85, 3.5)), ('K.436 Musicalion', 'P1', 3, (306, 310), (86, 2.0), (86, 3.5))]]) 

6 .    ((((3, 1), (3, 1)), ((0.0, 1.0), (0.0, 1.0)), (2.0, 3.0)), [[('K.436 Musicalion', 'P1', 1, (73, 75), (27, 2.0), (27, 3.0)), ('K.436 Musicalion', 'P1', 1, (76, 78), (28, 2.0), (28, 3.0)), ('K.436 Musicalion', 'P1', 1, (79, 81), (29, 2.0), (29, 3.0))], [('K.436 Musicalion', 'P1', 1, (85, 87), (31, 2.0), (31, 3.0)), ('K.436 Musicalion', 'P1', 1, (88, 90), (32, 2.0), (32, 3.0)), ('K.436 Musicalion', 'P1', 1, (91, 93), (33, 2.0), (33, 3.0))], [('K.436 Musicalion', 'P1', 1, (193, 195), (58, 2.0), (58, 3.0)), ('K.436 Musicalion', 'P1', 1, (196, 198), (59, 2.0), (59, 3.0))], [('K.436 Musicalion', 'P1', 1, (355, 357), (107, 2.0), (107, 3.0)), ('K.436 Musicalion', 'P1', 1, (358, 360), (108, 2.0), (108, 3.0))]]) 

7 .    (((1, 1), (1.0, 1.0), (1.0, 2.0)), [[('K.436 Musicalion', 'P1', 1, (36, 38), (16, 1.0), (16, 2.0)), ('K.436 Musicalion', 'P1', 1, (39, 41), (17, 1.0), (17, 2.0))], [('K.436 Musicalion', 'P1', 3, (43, 45), (19, 1.0), (19, 2.0)), ('K.436 Musicalion', 'P1', 3, (46, 48), (20, 1.0), (20, 2.0)), ('K.436 Musicalion', 'P1', 3, (49, 51), (21, 1.0), (21, 2.0))], [('K.436 Musicalion', 'P1', 3, (66, 68), (25, 1.0), (25, 2.0)), ('K.436 Musicalion', 'P1', 3, (69, 71), (26, 1.0), (26, 2.0))], [('K.436 Musicalion', 'P1', 3, (109, 111), (34, 1.0), (34, 2.0)), ('K.436 Musicalion', 'P1', 3, (112, 114), (35, 1.0), (35, 2.0)), ('K.436 Musicalion', 'P1', 3, (115, 117), (36, 1.0), (36, 2.0))], [('K.436 Musicalion', 'P1', 3, (238, 240), (72, 1.0), (72, 2.0)), ('K.436 Musicalion', 'P1', 3, (241, 243), (73, 1.0), (73, 2.0))], [('K.436 Musicalion', 'P1', 3, (316, 318), (88, 1.0), (88, 2.0)), ('K.436 Musicalion', 'P1', 3, (319, 321), (89, 1.0), (89, 2.0))]]) 

8 .    ((((3, 1), (3, 1)), ((0.0, 1.0), (0.0, 1.0)), (1.0, 2.0)), [[('K.436 Musicalion', 'P1', 1, (72, 74), (27, 1.0), (27, 2.0)), ('K.436 Musicalion', 'P1', 1, (75, 77), (28, 1.0), (28, 2.0)), ('K.436 Musicalion', 'P1', 1, (78, 80), (29, 1.0), (29, 2.0))], [('K.436 Musicalion', 'P1', 1, (84, 86), (31, 1.0), (31, 2.0)), ('K.436 Musicalion', 'P1', 1, (87, 89), (32, 1.0), (32, 2.0)), ('K.436 Musicalion', 'P1', 1, (90, 92), (33, 1.0), (33, 2.0))]]) 

9 .    (((1, 1), (1.0, 1.0), (2.0, 3.0)), [[('K.436 Musicalion', 'P1', 1, (34, 36), (15, 2.0), (15, 3.0)), ('K.436 Musicalion', 'P1', 1, (37, 39), (16, 2.0), (16, 3.0))]]) 

10 .    ((((6, 1), (6, 1)), ((0.0, 1.0), (0.0, 1.0)), (2.0, 3.0)), [[('K.436 Musicalion', 'P1', 1, (7, 9), (3, 2.0), (3, 3.0)), ('K.436 Musicalion', 'P1', 1, (10, 12), (4, 2.0), (4, 3.0))], [('K.436 Musicalion', 'P1', 1, (181, 183), (54, 2.0), (54, 3.0)), ('K.436 Musicalion', 'P1', 1, (184, 186), (55, 2.0), (55, 3.0))], [('K.436 Musicalion', 'P1', 1, (228, 230), (74, 2.0), (74, 3.0)), ('K.436 Musicalion', 'P1', 1, (231, 233), (75, 2.0), (75, 3.0))], [('K.436 Musicalion', 'P1', 1, (367, 369), (111, 2.0), (111, 3.0)), ('K.436 Musicalion', 'P1', 1, (370, 372), (112, 2.0), (112, 3.0))], [('K.436 Musicalion', 'P1', 3, (7, 9), (9, 2.0), (9, 3.0)), ('K.436 Musicalion', 'P1', 3, (10, 12), (10, 2.0), (10, 3.0))]]) 

