1.    nomes:
K.50 Musicalion

2.    quantidade:
1

3.    analise:
[('intDia', 'p1p2'), ('duracao', 'p1p2'), ('Ntempo', 'p1'), ('Ptempo', 'p1')] SemContInte Distancia: 0

1.    ((1, -3, 4, -4, 5, -5, 6, -6, 5, -5, 4, -4, 3, -3, 4, -4, 5, -5, 6, -6, 5, -5, 4, -4, 3, -3, 4, -4, 5, -5, 6, -6, 4, -4, 8, -8, 3, -3, 4, -4, 5, -5, 6, -6, 5, -5, 6, -6, 7, -7, 7, -2, -2, -2, -4, 8, -8, 3, -3, 4, -4, 5, -5, 6, -6, 5, -5, 4, -4, 3, -3, 4, -4, 5, -5, 6, -6, 5, -5, 4, -4, 3, -3, 4, -4, 5, -5, 6, -6, 4, -4, 8, -8, 3, -3, 4, -4, 5, -5, 6, -6, 5, -5, 6, -6, 7, -7, 7, -2, -2), (2.0, 0.5, 0.5, 0.5, 0.5, 0.5, 0.5, 0.5, 0.5, 0.5, 0.5, 0.5, 0.5, 0.5, 0.5, 0.5, 0.5, 0.5, 0.5, 0.5, 0.5, 0.5, 0.5, 0.5, 0.5, 0.5, 0.5, 0.5, 0.5, 0.5, 0.5, 0.5, 0.5, 0.5, 0.5, 0.5, 0.5, 0.5, 0.5, 0.5, 0.5, 0.5, 0.5, 0.5, 0.5, 0.5, 0.5, 0.5, 0.5, 0.5, 0.5, 1.0, 1.0, 1.0, 0.5, 0.5, 0.5, 0.5, 0.5, 0.5, 0.5, 0.5, 0.5, 0.5, 0.5, 0.5, 0.5, 0.5, 0.5, 0.5, 0.5, 0.5, 0.5, 0.5, 0.5, 0.5, 0.5, 0.5, 0.5, 0.5, 0.5, 0.5, 0.5, 0.5, 0.5, 0.5, 0.5, 0.5, 0.5, 0.5, 0.5, 0.5, 0.5, 0.5, 0.5, 0.5, 0.5, 0.5, 0.5, 0.5, 0.5, 0.5, 0.5, 0.5, 0.5, 0.5, 0.5, 0.5, 1.0, 1.0), (1,), (0.0,)):
('K.50 Musicalion', 'P1', 1, (181, 291), (46,), (1.0,), (65,), (2.0,))
('K.50 Musicalion', 'P1', 1, (527, 637), (114,), (1.0,), (133,), (2.0,))

2.    ((21, -2, -2, -2, -18, 21, -2, -2, -2, -19, 22, -2, -2, -2, -20, 23, -2, -2, -2, -19, 2, 2, -2, -2, 2, -5, 25, -2, -2, -2, -18, 21, -2, -2, -2, -19, 22, -2, -2, -2, -20, 23, -2, -2, -2, -19, 2, 2, -2, -2, 2), (2.0, 1.0, 1.0, 1.0, 1.0, 2.0, 1.0, 1.0, 1.0, 1.0, 2.0, 1.0, 1.0, 1.0, 1.0, 2.0, 1.0, 1.0, 1.0, 1.0, 1.0, 1.0, 1.0, 1.0, 1.0, 1.0, 2.0, 1.0, 1.0, 1.0, 1.0, 2.0, 1.0, 1.0, 1.0, 1.0, 2.0, 1.0, 1.0, 1.0, 1.0, 2.0, 1.0, 1.0, 1.0, 1.0, 1.0, 1.0, 1.0, 1.0, 1.0), (1,), (0.0,)):
('K.50 Musicalion', 'P1', 3, (138, 189), (46,), (1.0,), (65,), (2.0,))
('K.50 Musicalion', 'P1', 3, (318, 369), (114,), (1.0,), (133,), (2.0,))

3.    ((2, -3, 2, -3, -3, 5, 2, -3, 2, -3, -3, 5, 2, -3, 2, -3, -3, 5, 2, -3, 2, -3, -3, 7, -2, -2, 2, 2, 2, -5, 2, -3, 2), (0.5, 0.5, 0.5, 0.5, 0.5, 0.5, 0.5, 0.5, 0.5, 0.5, 0.5, 0.5, 0.5, 0.5, 0.5, 0.5, 0.5, 0.5, 0.5, 0.5, 0.5, 0.5, 0.5, 0.5, 0.5, 0.5, 0.5, 0.5, 0.5, 0.5, 0.5, 0.5, 0.5), (2,), (0.5,)):
('K.50 Musicalion', 'P1', 1, (675, 708), (144,), (2.5,), (149,), (3.5,))
('K.50 Musicalion', 'P1', 1, (717, 750), (151,), (2.5,), (156,), (3.5,))

4.    ((5, 3, -2, -2, -2, -4, 5, 3, -2, -2, -2, -4, 5, 3, -2, 2, 2, -3, -2, -2, 2, 2, 2, -3, -2, -2, 2), (1.0, 1.0, 1.0, 1.0, 1.0, 1.0, 1.0, 1.0, 1.0, 1.0, 1.0, 1.0, 1.0, 1.0, 1.0, 0.5, 0.5, 0.5, 0.5, 0.5, 0.5, 0.5, 0.5, 0.5, 0.5, 0.5, 0.5), (1,), (0.0,)):
('K.50 Musicalion', 'P1', 1, (86, 113), (21,), (1.0,), (27,), (3.5,))
('K.50 Musicalion', 'P1', 1, (114, 141), (29,), (1.0,), (35,), (3.5,))

5.    ((2, (6, 5), -2, -2, -2, 2, -4, -2, 2, 2, -2, -2, -2, -2, 2), (1.0, (0.0, 1.0), 0.5, 0.5, 0.5, 0.5, 2.0, 1.0, 0.5, 0.25, 0.25, 0.5, 0.5, 0.5, 0.5), (3,), (0.0,)):
('K.50 Musicalion', 'P1', 1, (142, 157), (36,), (3.0,), (39,), (3.5,))
('K.50 Musicalion', 'P1', 1, (158, 173), (40,), (3.0,), (43,), (3.5,))

6.    ((1, 2, 2, -2, -2, 2, 1, -2, 4, -3, -2, -2, -2, 2), (1.0, 0.5, 0.25, 0.25, 1.5, 0.25, 0.25, 1.0, 1.0, 0.5, 0.5, 1.0, 1.5, 0.25), (3,), (0.0,)):
('K.50 Musicalion', 'P1', 1, (495, 509), (106,), (3.0,), (109,), (3.5,))
('K.50 Musicalion', 'P1', 1, (512, 526), (110,), (3.0,), (113,), (3.5,))

7.    ((3, 3, -2, -2, -2, -2, -2, -2, -2, -2, -2, -2, -2), (3.0, 3.0, 0.5, 0.5, 0.5, 0.5, 0.5, 0.5, 0.5, 0.5, 0.5, 0.5, 0.5), (1,), (0.0,)):
('K.50 Musicalion', 'P1', 1, (0, 13), (1,), (1.0,), (4,), (3.0,))
('K.50 Musicalion', 'P1', 1, (20, 33), (6,), (1.0,), (9,), (3.0,))

8.    ((-4, 4, -6, 3, -5, 3, -6, 4, -6, 3, -5, 4), (0.5, 0.5, 0.5, 0.5, 0.5, 0.5, 0.5, 0.5, 0.5, 0.5, 0.5, 3.0), (1,), (0.5,)):
('K.50 Musicalion', 'P1', 3, (1, 13), (1,), (1.5,), (3,), (1.0,))
('K.50 Musicalion', 'P1', 3, (15, 27), (6,), (1.5,), (8,), (1.0,))

9.    (((3, 1), (4, 1), (4, 1), (4, 1), (3, 1), (3, 1), (3, 1), (2, -2), -3, -5, 8, 1), ((0.0, 1.0), (0.0, 1.0), (0.0, 1.0), (0.0, 1.0), (0.0, 1.0), (0.0, 1.0), (0.0, 1.0), (0.0, 1.0), 1.0, 1.0, 1.0, 1.0), (3,), (0.0,)):
('K.50 Musicalion', 'P1', 3, (110, 122), (36,), (3.0,), (40,), (2.0,))
('K.50 Musicalion', 'P1', 3, (122, 134), (40,), (3.0,), (44,), (2.0,))

10.    ((-5, 4, -4, 3, -3, 5, -5, 4, -4, 3, -3), (0.5, 0.5, 0.5, 0.5, 0.5, 27.5, 0.5, 0.5, 0.5, 0.5, 0.5), (1,), (0.0,)):
('K.50 Musicalion', 'P1', 2, (0, 11), (55,), (1.0,), (65,), (3.0,))
('K.50 Musicalion', 'P1', 2, (17, 28), (123,), (1.0,), (133,), (3.0,))

11.    ((2, 2, -2, -2, 5, 2, 2, -2, -2, 4), (0.5, 0.25, 0.25, 1.5, 0.5, 0.5, 0.25, 0.25, 1.5, 0.5), (1,), (0.0,)):
('K.50 Musicalion', 'P1', 1, (360, 370), (82,), (1.0,), (83,), (3.5,))
('K.50 Musicalion', 'P1', 1, (370, 380), (84,), (1.0,), (85,), (3.5,))

12.    ((8, 1, (4, 1), (4, 1), (3, 1), (3, 1), (3, 1), (2, -2), (3, 1), (3, -7)), (2.0, 2.0, (0.0, 1.0), (0.0, 1.0), (0.0, 1.0), (0.0, 1.0), (0.0, 1.0), (0.0, 1.0), (0.0, 1.0), (0.0, 1.0)), (1,), (0.0,)):
('K.50 Musicalion', 'P1', 3, (298, 308), (106,), (1.0,), (109,), (3.0,))
('K.50 Musicalion', 'P1', 3, (308, 318), (110,), (1.0,), (113,), (3.0,))

13.    ((-2, -2, -2, 1, 2, 5, 3, -6, (6, -2)), (0.5, 0.5, 0.5, 0.5, 1.0, 1.0, 3.0, 1.0, (0.0, 1.0)), (2,), (0.0,)):
('K.50 Musicalion', 'P1', 1, (643, 652), (135,), (2.0,), (138,), (1.0,))
('K.50 Musicalion', 'P1', 1, (657, 666), (139,), (2.0,), (142,), (1.0,))

14.    ((3, -2, -2, -2, -2, -2, 4), (2.0, 1.0, 2.0, 1.0, 1.0, 1.0, 1.0), (1,), (0.0,)):
('K.50 Musicalion', 'P1', 3, (277, 284), (97,), (1.0,), (99,), (3.0,))
('K.50 Musicalion', 'P1', 3, (285, 292), (101,), (1.0,), (103,), (3.0,))

15.    ((2, 2, -2, -2, -2, -2), (0.25, 0.25, 0.5, 0.5, 0.5, 0.5), (1,), (0.0,)):
('K.50 Musicalion', 'P1', 1, (654, 660), (139,), (1.0,), (139,), (3.0,))
('K.50 Musicalion', 'P1', 2, (29, 35), (137,), (1.0,), (137,), (3.0,))
('K.50 Musicalion', 'P1', 2, (36, 42), (141,), (1.0,), (141,), (3.0,))

16.    ((-2, -2, -2, -2, -2, -2), (0.5, 0.5, 0.5, 0.5, 0.5, 0.5), (1,), (0.0,)):
('K.50 Musicalion', 'P1', 1, (79, 85), (19,), (1.0,), (19,), (3.5,))
('K.50 Musicalion', 'P1', 1, (668, 674), (143,), (1.0,), (143,), (3.5,))

17.    ((-5, 4, -4, 3, -3), (0.5, 0.5, 0.5, 0.5, 0.5), (1,), (0.0,)):
('K.50 Musicalion', 'P1', 1, (190, 195), (48,), (1.0,), (48,), (3.0,))
('K.50 Musicalion', 'P1', 1, (202, 207), (50,), (1.0,), (50,), (3.0,))
('K.50 Musicalion', 'P1', 1, (247, 252), (58,), (1.0,), (58,), (3.0,))
('K.50 Musicalion', 'P1', 1, (259, 264), (60,), (1.0,), (60,), (3.0,))
('K.50 Musicalion', 'P1', 1, (401, 406), (90,), (1.0,), (90,), (3.0,))
('K.50 Musicalion', 'P1', 1, (413, 418), (92,), (1.0,), (92,), (3.0,))
('K.50 Musicalion', 'P1', 1, (536, 541), (116,), (1.0,), (116,), (3.0,))
('K.50 Musicalion', 'P1', 1, (548, 553), (118,), (1.0,), (118,), (3.0,))
('K.50 Musicalion', 'P1', 1, (593, 598), (126,), (1.0,), (126,), (3.0,))
('K.50 Musicalion', 'P1', 1, (605, 610), (128,), (1.0,), (128,), (3.0,))
('K.50 Musicalion', 'P1', 2, (0, 5), (55,), (1.0,), (55,), (3.0,))
('K.50 Musicalion', 'P1', 2, (6, 11), (65,), (1.0,), (65,), (3.0,))
('K.50 Musicalion', 'P1', 2, (17, 22), (123,), (1.0,), (123,), (3.0,))
('K.50 Musicalion', 'P1', 2, (23, 28), (133,), (1.0,), (133,), (3.0,))

18.    ((-2, -2, 2, 3, -5), (0.5, 0.5, 0.5, 0.5, 0.5), (2,), (0.5,)):
('K.50 Musicalion', 'P1', 1, (328, 333), (74,), (2.5,), (75,), (1.5,))
('K.50 Musicalion', 'P1', 1, (349, 354), (79,), (2.5,), (80,), (1.5,))

19.    ((-6, 3, -5, 3), (0.5, 0.5, 0.5, 0.5), (2,), (0.5,)):
('K.50 Musicalion', 'P1', 1, (322, 326), (73,), (2.5,), (74,), (1.0,))
('K.50 Musicalion', 'P1', 3, (3, 7), (1,), (2.5,), (2,), (1.0,))
('K.50 Musicalion', 'P1', 3, (17, 21), (6,), (2.5,), (7,), (1.0,))
('K.50 Musicalion', 'P1', 3, (202, 206), (71,), (2.5,), (72,), (1.0,))

20.    ((7, -2, -2, -2), (1.5, 0.5, 0.5, 0.5), (1,), (0.0,)):
('K.50 Musicalion', 'P1', 3, (215, 219), (75,), (1.0,), (75,), (3.5,))
('K.50 Musicalion', 'P1', 3, (223, 227), (77,), (1.0,), (77,), (3.5,))
('K.50 Musicalion', 'P1', 3, (229, 233), (80,), (1.0,), (80,), (3.5,))

21.    ((3, -5, 3, -5), (0.5, 0.5, 0.5, 0.5), (3,), (0.0,)):
('K.50 Musicalion', 'P1', 1, (323, 327), (73,), (3.0,), (74,), (1.5,))
('K.50 Musicalion', 'P1', 1, (344, 348), (78,), (3.0,), (79,), (1.5,))

22.    ((-2, -2, -2, 2), (0.5, 0.5, 0.5, 0.5), (2,), (0.0,)):
('K.50 Musicalion', 'P1', 1, (710, 714), (150,), (2.0,), (150,), (3.5,))
('K.50 Musicalion', 'P1', 1, (752, 756), (157,), (2.0,), (157,), (3.5,))

23.    ((2, -5, 2, -5), (1.0, 1.0, 1.0, 1.0), (3,), (0.0,)):
('K.50 Musicalion', 'P1', 3, (195, 199), (68,), (3.0,), (69,), (3.0,))
('K.50 Musicalion', 'P1', 3, (431, 435), (157,), (3.0,), (158,), (3.0,))

24.    ((19, 2, -2, -2), (2.0, 1.0, 1.0, 1.0), (1,), (0.0,)):
('K.50 Musicalion', 'P1', 3, (255, 259), (88,), (1.0,), (89,), (2.0,))
('K.50 Musicalion', 'P1', 3, (260, 264), (90,), (1.0,), (91,), (2.0,))

25.    ((-2, -2, -2), (1.0, 1.0, 1.0), (3,), (0.0,)):
('K.50 Musicalion', 'P1', 1, (88, 91), (21,), (3.0,), (22,), (2.0,))
('K.50 Musicalion', 'P1', 1, (94, 97), (23,), (3.0,), (24,), (2.0,))
('K.50 Musicalion', 'P1', 1, (116, 119), (29,), (3.0,), (30,), (2.0,))
('K.50 Musicalion', 'P1', 1, (122, 125), (31,), (3.0,), (32,), (2.0,))
('K.50 Musicalion', 'P1', 3, (139, 142), (46,), (3.0,), (47,), (2.0,))
('K.50 Musicalion', 'P1', 3, (144, 147), (48,), (3.0,), (49,), (2.0,))
('K.50 Musicalion', 'P1', 3, (149, 152), (50,), (3.0,), (51,), (2.0,))
('K.50 Musicalion', 'P1', 3, (154, 157), (52,), (3.0,), (53,), (2.0,))
('K.50 Musicalion', 'P1', 3, (165, 168), (56,), (3.0,), (57,), (2.0,))
('K.50 Musicalion', 'P1', 3, (170, 173), (58,), (3.0,), (59,), (2.0,))
('K.50 Musicalion', 'P1', 3, (175, 178), (60,), (3.0,), (61,), (2.0,))
('K.50 Musicalion', 'P1', 3, (180, 183), (62,), (3.0,), (63,), (2.0,))
('K.50 Musicalion', 'P1', 3, (280, 283), (98,), (3.0,), (99,), (2.0,))
('K.50 Musicalion', 'P1', 3, (288, 291), (102,), (3.0,), (103,), (2.0,))
('K.50 Musicalion', 'P1', 3, (319, 322), (114,), (3.0,), (115,), (2.0,))
('K.50 Musicalion', 'P1', 3, (324, 327), (116,), (3.0,), (117,), (2.0,))
('K.50 Musicalion', 'P1', 3, (329, 332), (118,), (3.0,), (119,), (2.0,))
('K.50 Musicalion', 'P1', 3, (334, 337), (120,), (3.0,), (121,), (2.0,))
('K.50 Musicalion', 'P1', 3, (345, 348), (124,), (3.0,), (125,), (2.0,))
('K.50 Musicalion', 'P1', 3, (350, 353), (126,), (3.0,), (127,), (2.0,))
('K.50 Musicalion', 'P1', 3, (355, 358), (128,), (3.0,), (129,), (2.0,))
('K.50 Musicalion', 'P1', 3, (360, 363), (130,), (3.0,), (131,), (2.0,))

26.    ((-2, -2, -2), (0.5, 0.5, 0.5), (2,), (0.5,)):
('K.50 Musicalion', 'P1', 1, (5, 8), (3,), (2.5,), (3,), (3.5,))
('K.50 Musicalion', 'P1', 1, (11, 14), (4,), (2.5,), (4,), (3.5,))
('K.50 Musicalion', 'P1', 1, (25, 28), (8,), (2.5,), (8,), (3.5,))
('K.50 Musicalion', 'P1', 1, (82, 85), (19,), (2.5,), (19,), (3.5,))
('K.50 Musicalion', 'P1', 1, (357, 360), (81,), (2.5,), (81,), (3.5,))
('K.50 Musicalion', 'P1', 1, (383, 386), (86,), (2.5,), (86,), (3.5,))
('K.50 Musicalion', 'P1', 1, (389, 392), (87,), (2.5,), (87,), (3.5,))
('K.50 Musicalion', 'P1', 1, (671, 674), (143,), (2.5,), (143,), (3.5,))
('K.50 Musicalion', 'P1', 3, (216, 219), (75,), (2.5,), (75,), (3.5,))
('K.50 Musicalion', 'P1', 3, (224, 227), (77,), (2.5,), (77,), (3.5,))
('K.50 Musicalion', 'P1', 3, (230, 233), (80,), (2.5,), (80,), (3.5,))
('K.50 Musicalion', 'P1', 3, (234, 237), (81,), (2.5,), (81,), (3.5,))

27.    ((3, 3, 4), (0.5, 0.5, 0.5), (1,), (0.0,)):
('K.50 Musicalion', 'P1', 1, (298, 301), (67,), (1.0,), (67,), (2.0,))
('K.50 Musicalion', 'P1', 1, (304, 307), (68,), (1.0,), (68,), (2.0,))

28.    ((-2, -2, -4), (0.5, 0.5, 0.5), (2,), (0.5,)):
('K.50 Musicalion', 'P1', 1, (31, 34), (9,), (2.5,), (9,), (3.5,))
('K.50 Musicalion', 'P1', 3, (220, 223), (76,), (2.5,), (76,), (3.5,))

29.    ((2, 2, -8), (1.0, 1.0, 1.0), (3,), (0.0,)):
('K.50 Musicalion', 'P1', 3, (78, 81), (26,), (3.0,), (27,), (2.0,))
('K.50 Musicalion', 'P1', 3, (104, 107), (34,), (3.0,), (35,), (2.0,))

30.    ((-2, -2, 4), (1.0, 1.0, 1.0), (1,), (0.0,)):
('K.50 Musicalion', 'P1', 3, (271, 274), (95,), (1.0,), (95,), (3.0,))
('K.50 Musicalion', 'P1', 3, (274, 277), (96,), (1.0,), (96,), (3.0,))

31.    ((-2, -2), (0.5, 0.5), (2,), (0.5,)):
('K.50 Musicalion', 'P1', 1, (5, 7), (3,), (2.5,), (3,), (3.0,))
('K.50 Musicalion', 'P1', 1, (11, 13), (4,), (2.5,), (4,), (3.0,))
('K.50 Musicalion', 'P1', 1, (17, 19), (5,), (2.5,), (5,), (3.0,))
('K.50 Musicalion', 'P1', 1, (25, 27), (8,), (2.5,), (8,), (3.0,))
('K.50 Musicalion', 'P1', 1, (31, 33), (9,), (2.5,), (9,), (3.0,))
('K.50 Musicalion', 'P1', 1, (82, 84), (19,), (2.5,), (19,), (3.0,))
('K.50 Musicalion', 'P1', 1, (104, 106), (26,), (2.5,), (26,), (3.0,))
('K.50 Musicalion', 'P1', 1, (110, 112), (27,), (2.5,), (27,), (3.0,))
('K.50 Musicalion', 'P1', 1, (132, 134), (34,), (2.5,), (34,), (3.0,))
('K.50 Musicalion', 'P1', 1, (138, 140), (35,), (2.5,), (35,), (3.0,))
('K.50 Musicalion', 'P1', 1, (145, 147), (37,), (2.5,), (37,), (3.0,))
('K.50 Musicalion', 'P1', 1, (154, 156), (39,), (2.5,), (39,), (3.0,))
('K.50 Musicalion', 'P1', 1, (161, 163), (41,), (2.5,), (41,), (3.0,))
('K.50 Musicalion', 'P1', 1, (170, 172), (43,), (2.5,), (43,), (3.0,))
('K.50 Musicalion', 'P1', 1, (313, 315), (69,), (2.5,), (69,), (3.0,))
('K.50 Musicalion', 'P1', 1, (328, 330), (74,), (2.5,), (74,), (3.0,))
('K.50 Musicalion', 'P1', 1, (349, 351), (79,), (2.5,), (79,), (3.0,))
('K.50 Musicalion', 'P1', 1, (357, 359), (81,), (2.5,), (81,), (3.0,))
('K.50 Musicalion', 'P1', 1, (383, 385), (86,), (2.5,), (86,), (3.0,))
('K.50 Musicalion', 'P1', 1, (389, 391), (87,), (2.5,), (87,), (3.0,))
('K.50 Musicalion', 'P1', 1, (644, 646), (135,), (2.5,), (135,), (3.0,))
('K.50 Musicalion', 'P1', 1, (658, 660), (139,), (2.5,), (139,), (3.0,))
('K.50 Musicalion', 'P1', 1, (671, 673), (143,), (2.5,), (143,), (3.0,))
('K.50 Musicalion', 'P1', 1, (699, 701), (148,), (2.5,), (148,), (3.0,))
('K.50 Musicalion', 'P1', 1, (711, 713), (150,), (2.5,), (150,), (3.0,))
('K.50 Musicalion', 'P1', 1, (741, 743), (155,), (2.5,), (155,), (3.0,))
('K.50 Musicalion', 'P1', 1, (753, 755), (157,), (2.5,), (157,), (3.0,))
('K.50 Musicalion', 'P1', 2, (33, 35), (137,), (2.5,), (137,), (3.0,))
('K.50 Musicalion', 'P1', 2, (40, 42), (141,), (2.5,), (141,), (3.0,))
('K.50 Musicalion', 'P1', 3, (216, 218), (75,), (2.5,), (75,), (3.0,))
('K.50 Musicalion', 'P1', 3, (220, 222), (76,), (2.5,), (76,), (3.0,))
('K.50 Musicalion', 'P1', 3, (224, 226), (77,), (2.5,), (77,), (3.0,))
('K.50 Musicalion', 'P1', 3, (230, 232), (80,), (2.5,), (80,), (3.0,))
('K.50 Musicalion', 'P1', 3, (234, 236), (81,), (2.5,), (81,), (3.0,))

32.    ((-2, -2), (1.0, 1.0), (1,), (0.0,)):
('K.50 Musicalion', 'P1', 1, (232, 234), (55,), (1.0,), (55,), (2.0,))
('K.50 Musicalion', 'P1', 1, (289, 291), (65,), (1.0,), (65,), (2.0,))
('K.50 Musicalion', 'P1', 1, (491, 493), (105,), (1.0,), (105,), (2.0,))
('K.50 Musicalion', 'P1', 1, (578, 580), (123,), (1.0,), (123,), (2.0,))
('K.50 Musicalion', 'P1', 1, (635, 637), (133,), (1.0,), (133,), (2.0,))
('K.50 Musicalion', 'P1', 3, (257, 259), (89,), (1.0,), (89,), (2.0,))
('K.50 Musicalion', 'P1', 3, (262, 264), (91,), (1.0,), (91,), (2.0,))
('K.50 Musicalion', 'P1', 3, (267, 269), (93,), (1.0,), (93,), (2.0,))
('K.50 Musicalion', 'P1', 3, (271, 273), (95,), (1.0,), (95,), (2.0,))
('K.50 Musicalion', 'P1', 3, (274, 276), (96,), (1.0,), (96,), (2.0,))

33.    ((3, -2), (1.0, 1.0), (2,), (0.0,)):
('K.50 Musicalion', 'P1', 1, (99, 101), (25,), (2.0,), (25,), (3.0,))
('K.50 Musicalion', 'P1', 1, (127, 129), (33,), (2.0,), (33,), (3.0,))
('K.50 Musicalion', 'P1', 3, (45, 47), (16,), (2.0,), (16,), (3.0,))

34.    ((6, -7), (0.5, 0.5), (3,), (0.0,)):
('K.50 Musicalion', 'P1', 1, (302, 304), (67,), (3.0,), (67,), (3.5,))
('K.50 Musicalion', 'P1', 1, (760, 762), (158,), (3.0,), (158,), (3.5,))

35.    ((3, 2), (2.0, 1.0), (1,), (0.0,)):
('K.50 Musicalion', 'P1', 1, (157, 159), (40,), (1.0,), (40,), (3.0,))
('K.50 Musicalion', 'P1', 3, (77, 79), (26,), (1.0,), (26,), (3.0,))

36.    ((-8, 1), (1.0, 1.0), (1,), (0.0,)):
('K.50 Musicalion', 'P1', 3, (50, 52), (18,), (1.0,), (18,), (2.0,))
('K.50 Musicalion', 'P1', 3, (53, 55), (19,), (1.0,), (19,), (2.0,))

37.    ((1, 4), (2.0, 1.0), (1,), (0.0,)):
('K.50 Musicalion', 'P1', 3, (408, 410), (148,), (1.0,), (148,), (3.0,))
('K.50 Musicalion', 'P1', 3, (424, 426), (155,), (1.0,), (155,), (3.0,))

38.    ((2,), (1.0,), (3,), (0.0,)):
('K.50 Musicalion', 'P1', 1, (142, 143), (36,), (3.0,), (36,), (3.0,))
('K.50 Musicalion', 'P1', 1, (639, 640), (134,), (3.0,), (134,), (3.0,))
('K.50 Musicalion', 'P1', 1, (653, 654), (138,), (3.0,), (138,), (3.0,))
('K.50 Musicalion', 'P1', 3, (34, 35), (12,), (3.0,), (12,), (3.0,))
('K.50 Musicalion', 'P1', 3, (40, 41), (14,), (3.0,), (14,), (3.0,))
('K.50 Musicalion', 'P1', 3, (43, 44), (15,), (3.0,), (15,), (3.0,))
('K.50 Musicalion', 'P1', 3, (49, 50), (17,), (3.0,), (17,), (3.0,))
('K.50 Musicalion', 'P1', 3, (55, 56), (19,), (3.0,), (19,), (3.0,))
('K.50 Musicalion', 'P1', 3, (104, 105), (34,), (3.0,), (34,), (3.0,))
('K.50 Musicalion', 'P1', 3, (191, 192), (66,), (3.0,), (66,), (3.0,))
('K.50 Musicalion', 'P1', 3, (193, 194), (67,), (3.0,), (67,), (3.0,))
('K.50 Musicalion', 'P1', 3, (195, 196), (68,), (3.0,), (68,), (3.0,))
('K.50 Musicalion', 'P1', 3, (256, 257), (88,), (3.0,), (88,), (3.0,))
('K.50 Musicalion', 'P1', 3, (261, 262), (90,), (3.0,), (90,), (3.0,))
('K.50 Musicalion', 'P1', 3, (266, 267), (92,), (3.0,), (92,), (3.0,))
('K.50 Musicalion', 'P1', 3, (399, 400), (143,), (3.0,), (143,), (3.0,))
('K.50 Musicalion', 'P1', 3, (428, 429), (156,), (3.0,), (156,), (3.0,))
('K.50 Musicalion', 'P1', 3, (431, 432), (157,), (3.0,), (157,), (3.0,))

39.    ((-3,), (0.5,), (1,), (0.5,)):
('K.50 Musicalion', 'P1', 1, (679, 680), (145,), (1.5,), (145,), (1.5,))
('K.50 Musicalion', 'P1', 1, (685, 686), (146,), (1.5,), (146,), (1.5,))
('K.50 Musicalion', 'P1', 1, (691, 692), (147,), (1.5,), (147,), (1.5,))
('K.50 Musicalion', 'P1', 1, (697, 698), (148,), (1.5,), (148,), (1.5,))
('K.50 Musicalion', 'P1', 1, (715, 716), (151,), (1.5,), (151,), (1.5,))
('K.50 Musicalion', 'P1', 1, (721, 722), (152,), (1.5,), (152,), (1.5,))
('K.50 Musicalion', 'P1', 1, (727, 728), (153,), (1.5,), (153,), (1.5,))
('K.50 Musicalion', 'P1', 1, (733, 734), (154,), (1.5,), (154,), (1.5,))
('K.50 Musicalion', 'P1', 1, (739, 740), (155,), (1.5,), (155,), (1.5,))
('K.50 Musicalion', 'P1', 3, (58, 59), (21,), (1.5,), (21,), (1.5,))
('K.50 Musicalion', 'P1', 3, (65, 66), (23,), (1.5,), (23,), (1.5,))
('K.50 Musicalion', 'P1', 3, (72, 73), (25,), (1.5,), (25,), (1.5,))
('K.50 Musicalion', 'P1', 3, (84, 85), (29,), (1.5,), (29,), (1.5,))
('K.50 Musicalion', 'P1', 3, (91, 92), (31,), (1.5,), (31,), (1.5,))
('K.50 Musicalion', 'P1', 3, (98, 99), (33,), (1.5,), (33,), (1.5,))

40.    ((-5,), (1.0,), (3,), (0.0,)):
('K.50 Musicalion', 'P1', 1, (291, 292), (65,), (3.0,), (65,), (3.0,))
('K.50 Musicalion', 'P1', 3, (107, 108), (35,), (3.0,), (35,), (3.0,))
('K.50 Musicalion', 'P1', 3, (119, 120), (39,), (3.0,), (39,), (3.0,))
('K.50 Musicalion', 'P1', 3, (131, 132), (43,), (3.0,), (43,), (3.0,))
('K.50 Musicalion', 'P1', 3, (163, 164), (55,), (3.0,), (55,), (3.0,))
('K.50 Musicalion', 'P1', 3, (198, 199), (69,), (3.0,), (69,), (3.0,))
('K.50 Musicalion', 'P1', 3, (214, 215), (74,), (3.0,), (74,), (3.0,))
('K.50 Musicalion', 'P1', 3, (239, 240), (82,), (3.0,), (82,), (3.0,))
('K.50 Musicalion', 'P1', 3, (297, 298), (105,), (3.0,), (105,), (3.0,))
('K.50 Musicalion', 'P1', 3, (343, 344), (123,), (3.0,), (123,), (3.0,))
('K.50 Musicalion', 'P1', 3, (369, 370), (133,), (3.0,), (133,), (3.0,))
('K.50 Musicalion', 'P1', 3, (412, 413), (149,), (3.0,), (149,), (3.0,))
('K.50 Musicalion', 'P1', 3, (434, 435), (158,), (3.0,), (158,), (3.0,))

41.    ((-2,), (1.0,), (3,), (0.0,)):
('K.50 Musicalion', 'P1', 1, (149, 150), (38,), (3.0,), (38,), (3.0,))
('K.50 Musicalion', 'P1', 1, (165, 166), (42,), (3.0,), (42,), (3.0,))
('K.50 Musicalion', 'P1', 1, (174, 175), (44,), (3.0,), (44,), (3.0,))
('K.50 Musicalion', 'P1', 1, (234, 235), (55,), (3.0,), (55,), (3.0,))
('K.50 Musicalion', 'P1', 1, (493, 494), (105,), (3.0,), (105,), (3.0,))
('K.50 Musicalion', 'P1', 1, (580, 581), (123,), (3.0,), (123,), (3.0,))
('K.50 Musicalion', 'P1', 1, (637, 638), (133,), (3.0,), (133,), (3.0,))
('K.50 Musicalion', 'P1', 1, (667, 668), (142,), (3.0,), (142,), (3.0,))
('K.50 Musicalion', 'P1', 3, (31, 32), (11,), (3.0,), (11,), (3.0,))
('K.50 Musicalion', 'P1', 3, (37, 38), (13,), (3.0,), (13,), (3.0,))
('K.50 Musicalion', 'P1', 3, (278, 279), (97,), (3.0,), (97,), (3.0,))
('K.50 Musicalion', 'P1', 3, (286, 287), (101,), (3.0,), (101,), (3.0,))

42.    ((-3,), (0.5,), (2,), (0.0,)):
('K.50 Musicalion', 'P1', 1, (103, 104), (26,), (2.0,), (26,), (2.0,))
('K.50 Musicalion', 'P1', 1, (109, 110), (27,), (2.0,), (27,), (2.0,))
('K.50 Musicalion', 'P1', 1, (131, 132), (34,), (2.0,), (34,), (2.0,))
('K.50 Musicalion', 'P1', 1, (137, 138), (35,), (2.0,), (35,), (2.0,))
('K.50 Musicalion', 'P1', 3, (59, 60), (21,), (2.0,), (21,), (2.0,))
('K.50 Musicalion', 'P1', 3, (66, 67), (23,), (2.0,), (23,), (2.0,))
('K.50 Musicalion', 'P1', 3, (73, 74), (25,), (2.0,), (25,), (2.0,))
('K.50 Musicalion', 'P1', 3, (85, 86), (29,), (2.0,), (29,), (2.0,))
('K.50 Musicalion', 'P1', 3, (92, 93), (31,), (2.0,), (31,), (2.0,))
('K.50 Musicalion', 'P1', 3, (99, 100), (33,), (2.0,), (33,), (2.0,))

43.    ((2,), (1.0,), (1,), (0.0,)):
('K.50 Musicalion', 'P1', 1, (647, 648), (136,), (1.0,), (136,), (1.0,))
('K.50 Musicalion', 'P1', 1, (661, 662), (140,), (1.0,), (140,), (1.0,))
('K.50 Musicalion', 'P1', 3, (79, 80), (27,), (1.0,), (27,), (1.0,))
('K.50 Musicalion', 'P1', 3, (105, 106), (35,), (1.0,), (35,), (1.0,))
('K.50 Musicalion', 'P1', 3, (158, 159), (54,), (1.0,), (54,), (1.0,))
('K.50 Musicalion', 'P1', 3, (184, 185), (64,), (1.0,), (64,), (1.0,))
('K.50 Musicalion', 'P1', 3, (292, 293), (104,), (1.0,), (104,), (1.0,))
('K.50 Musicalion', 'P1', 3, (338, 339), (122,), (1.0,), (122,), (1.0,))
('K.50 Musicalion', 'P1', 3, (364, 365), (132,), (1.0,), (132,), (1.0,))

44.    ((4,), (0.5,), (2,), (0.0,)):
('K.50 Musicalion', 'P1', 1, (300, 301), (67,), (2.0,), (67,), (2.0,))
('K.50 Musicalion', 'P1', 1, (306, 307), (68,), (2.0,), (68,), (2.0,))
('K.50 Musicalion', 'P1', 3, (2, 3), (1,), (2.0,), (1,), (2.0,))
('K.50 Musicalion', 'P1', 3, (8, 9), (2,), (2.0,), (2,), (2.0,))
('K.50 Musicalion', 'P1', 3, (16, 17), (6,), (2.0,), (6,), (2.0,))
('K.50 Musicalion', 'P1', 3, (22, 23), (7,), (2.0,), (7,), (2.0,))
('K.50 Musicalion', 'P1', 3, (201, 202), (71,), (2.0,), (71,), (2.0,))
('K.50 Musicalion', 'P1', 3, (207, 208), (72,), (2.0,), (72,), (2.0,))

45.    ((3,), (1.0,), (2,), (0.0,)):
('K.50 Musicalion', 'P1', 1, (87, 88), (21,), (2.0,), (21,), (2.0,))
('K.50 Musicalion', 'P1', 1, (93, 94), (23,), (2.0,), (23,), (2.0,))
('K.50 Musicalion', 'P1', 1, (115, 116), (29,), (2.0,), (29,), (2.0,))
('K.50 Musicalion', 'P1', 1, (121, 122), (31,), (2.0,), (31,), (2.0,))
('K.50 Musicalion', 'P1', 1, (511, 512), (110,), (2.0,), (110,), (2.0,))
('K.50 Musicalion', 'P1', 3, (48, 49), (17,), (2.0,), (17,), (2.0,))

46.    ((1,), (2.0,), (1,), (0.0,)):
('K.50 Musicalion', 'P1', 1, (173, 174), (44,), (1.0,), (44,), (1.0,))
('K.50 Musicalion', 'P1', 1, (181, 182), (46,), (1.0,), (46,), (1.0,))
('K.50 Musicalion', 'P1', 1, (527, 528), (114,), (1.0,), (114,), (1.0,))
('K.50 Musicalion', 'P1', 1, (638, 639), (134,), (1.0,), (134,), (1.0,))
('K.50 Musicalion', 'P1', 3, (408, 409), (148,), (1.0,), (148,), (1.0,))
('K.50 Musicalion', 'P1', 3, (424, 425), (155,), (1.0,), (155,), (1.0,))

47.    ((3,), (0.5,), (2,), (0.0,)):
('K.50 Musicalion', 'P1', 1, (294, 295), (66,), (2.0,), (66,), (2.0,))
('K.50 Musicalion', 'P1', 1, (321, 322), (73,), (2.0,), (73,), (2.0,))
('K.50 Musicalion', 'P1', 1, (342, 343), (78,), (2.0,), (78,), (2.0,))

48.    ((3,), (2.0,), (1,), (0.0,)):
('K.50 Musicalion', 'P1', 1, (392, 393), (88,), (1.0,), (88,), (1.0,))
('K.50 Musicalion', 'P1', 3, (277, 278), (97,), (1.0,), (97,), (1.0,))
('K.50 Musicalion', 'P1', 3, (285, 286), (101,), (1.0,), (101,), (1.0,))

49.    ((4,), (1.0,), (2,), (0.0,)):
('K.50 Musicalion', 'P1', 1, (503, 504), (108,), (2.0,), (108,), (2.0,))
('K.50 Musicalion', 'P1', 1, (520, 521), (112,), (2.0,), (112,), (2.0,))
('K.50 Musicalion', 'P1', 3, (430, 431), (157,), (2.0,), (157,), (2.0,))

50.    ((4,), (1.0,), (3,), (0.0,)):
('K.50 Musicalion', 'P1', 3, (52, 53), (18,), (3.0,), (18,), (3.0,))
('K.50 Musicalion', 'P1', 3, (81, 82), (27,), (3.0,), (27,), (3.0,))
('K.50 Musicalion', 'P1', 3, (189, 190), (65,), (3.0,), (65,), (3.0,))

51.    ((2,), (0.5,), (3,), (0.5,)):
('K.50 Musicalion', 'P1', 1, (59, 60), (15,), (3.5,), (15,), (3.5,))
('K.50 Musicalion', 'P1', 1, (78, 79), (18,), (3.5,), (18,), (3.5,))

52.    ((2,), (0.5,), (2,), (0.5,)):
('K.50 Musicalion', 'P1', 1, (76, 77), (18,), (2.5,), (18,), (2.5,))
('K.50 Musicalion', 'P1', 1, (178, 179), (45,), (2.5,), (45,), (2.5,))

53.    ((-4,), (2.0,), (1,), (0.0,)):
('K.50 Musicalion', 'P1', 1, (141, 142), (36,), (1.0,), (36,), (1.0,))
('K.50 Musicalion', 'P1', 1, (494, 495), (106,), (1.0,), (106,), (1.0,))

54.    ((-5,), (0.5,), (2,), (0.5,)):
('K.50 Musicalion', 'P1', 1, (307, 308), (68,), (2.5,), (68,), (2.5,))
('K.50 Musicalion', 'P1', 1, (343, 344), (78,), (2.5,), (78,), (2.5,))

55.    ((6,), (0.5,), (1,), (0.0,)):
('K.50 Musicalion', 'P1', 1, (310, 311), (69,), (1.0,), (69,), (1.0,))
('K.50 Musicalion', 'P1', 1, (750, 751), (157,), (1.0,), (157,), (1.0,))

56.    ((1,), (3.0,), (1,), (0.0,)):
('K.50 Musicalion', 'P1', 1, (316, 317), (70,), (1.0,), (70,), (1.0,))
('K.50 Musicalion', 'P1', 3, (270, 271), (94,), (1.0,), (94,), (1.0,))

57.    ((2,), (3.0,), (1,), (0.0,)):
('K.50 Musicalion', 'P1', 3, (13, 14), (4,), (1.0,), (4,), (1.0,))
('K.50 Musicalion', 'P1', 3, (284, 285), (100,), (1.0,), (100,), (1.0,))

58.    ((-7,), (1.0,), (3,), (0.0,)):
('K.50 Musicalion', 'P1', 3, (137, 138), (45,), (3.0,), (45,), (3.0,))
('K.50 Musicalion', 'P1', 3, (415, 416), (150,), (3.0,), (150,), (3.0,))

