1 .    ('nomes', 'K.2 Musicalion') 

2 .    ('quantidade', 1) 

3 .    ('analise', 'recorręncias IntDiaDurPcompasso sem contidos e intercalados') 

1 .    (((5, -6, 2, -4, -3, -3, 3, 3, 4, 5, -6, 2, -4, -3, -3, 3, 3, 4, 5, -6, 2, -4, -3, -3, 3, 3, 4), (1.0, 1.0, 1.0, 0.5, 0.5, 0.5, 0.5, 0.5, -1.5, 1.0, 1.0, 1.0, 0.5, 0.5, 0.5, 0.5, 0.5, -1.5, 1.0, 1.0, 1.0, 0.5, 0.5, 0.5, 0.5, 0.5, -1.5), (2.0, 3.0, 1.0, 2.0, 2.5, 3.0, 3.5, 1.0, 1.5, 3.0, 1.0, 2.0, 3.0, 3.5, 1.0, 1.5, 2.0, 2.5, 1.0, 2.0, 3.0, 1.0, 1.5, 2.0, 2.5, 3.0, 3.5)), [('K.2 Musicalion', 'P1', 1, (90, 117), (23, 2.0), (28, 3.5)), ('K.2 Musicalion', 'P1', 1, (250, 277), (62, 2.0), (67, 3.5))]) 

2 .    (((6, -7, 6, -7, 6, -7, 4, 6, -7, 6, -7, 6, -7, 4, 6, -7, 6, -7, 6, -7, 4, 6, -7, 6, -7, 6, -7), (0.5, 0.5, 0.5, 0.5, 0.5, 0.5, 1.0, 0.5, 0.5, 0.5, 0.5, 0.5, 0.5, 1.0, 0.5, 0.5, 0.5, 0.5, 0.5, 0.5, 1.0, 0.5, 0.5, 0.5, 0.5, 0.5, 0.5), (2.0, 2.5, 3.0, 3.5, 1.0, 1.5, 2.0, 3.0, 3.5, 1.0, 1.5, 2.0, 2.5, 3.0, 1.0, 1.5, 2.0, 2.5, 3.0, 3.5, 1.0, 2.0, 2.5, 3.0, 3.5, 1.0, 1.5)), [('K.2 Musicalion', 'P1', 3, (24, 51), (23, 2.0), (29, 1.5)), ('K.2 Musicalion', 'P1', 3, (114, 141), (62, 2.0), (68, 1.5))]) 

3 .    (((-2, -2, 4, -5, 2, -3, 2, -4, 7, -2, -2, 4, -5, 2, -3, 2, -4), (1.0, 1.0, 1.0, 0.5, 0.5, 0.5, 0.5, 0.5, 0.5, 1.0, 1.0, 1.0, 0.5, 0.5, 0.5, 0.5, 0.5), (1.0, 2.0, 3.0, 1.0, 1.5, 2.0, 2.5, 3.0, 3.5, 1.0, 2.0, 3.0, 1.0, 1.5, 2.0, 2.5, 3.0)), [('K.2 Musicalion', 'P1', 1, (45, 62), (13, 1.0), (16, 3.0)), ('K.2 Musicalion', 'P1', 1, (63, 80), (17, 1.0), (20, 3.0))]) 

4 .    (((-2, -2, 4, -5, 2, -3, 2, -4, 7, -2, -2, 4, -5, 2, -3, 2, -4), (1.0, 1.0, 1.0, 0.5, 0.5, 0.5, 0.5, 0.5, 0.5, 1.0, 1.0, 1.0, 0.5, 0.5, 0.5, 0.5, 0.5), (2.0, 3.0, 1.0, 2.0, 2.5, 3.0, 3.5, 1.0, 1.5, 2.0, 3.0, 1.0, 2.0, 2.5, 3.0, 3.5, 1.0)), [('K.2 Musicalion', 'P1', 1, (196, 213), (50, 2.0), (53, 1.0)), ('K.2 Musicalion', 'P1', 1, (214, 231), (54, 2.0), (57, 1.0))]) 

5 .    (((2, 2, 1, -2, -2, 2, 6, -7, 6, -7, 6, -5, 6, -7, 6, 2), (1.0, 1.0, 1.0, 0.0, 2.0, 1.0, 0.5, 0.5, 0.5, 0.5, 0.5, 0.5, 0.5, 0.5, 0.5, 0.5), (1.0, 2.0, 3.0, 1.0, 1.0, 3.0, 1.0, 1.5, 2.0, 2.5, 3.0, 3.5, 1.0, 1.5, 2.0, 2.5)), [('K.2 Musicalion', 'P1', 1, (11, 27), (5, 1.0), (8, 2.5)), ('K.2 Musicalion', 'P1', 1, (28, 44), (9, 1.0), (12, 2.5))]) 

6 .    (((2, 2, 1, -2, -2, 2, 6, -7, 6, -7, 6, -5, 6, -7, 6, 2), (1.0, 1.0, 1.0, 0.0, 2.0, 1.0, 0.5, 0.5, 0.5, 0.5, 0.5, 0.5, 0.5, 0.5, 0.5, 0.5), (2.0, 3.0, 1.0, 2.0, 2.0, 1.0, 2.0, 2.5, 3.0, 3.5, 1.0, 1.5, 2.0, 2.5, 3.0, 3.5)), [('K.2 Musicalion', 'P1', 1, (162, 178), (42, 2.0), (45, 3.5)), ('K.2 Musicalion', 'P1', 1, (179, 195), (46, 2.0), (49, 3.5))]) 

7 .    (((3, -4, 4, -5, 4, -5, 4, 3, -4, 4, -5, 4, -5), (0.5, 0.5, 0.5, 0.5, 0.5, 0.5, 3.0, 0.5, 0.5, 0.5, 0.5, 0.5, 0.5), (1.0, 1.5, 2.0, 2.5, 3.0, 3.5, 1.0, 1.0, 1.5, 2.0, 2.5, 3.0, 3.5)), [('K.2 Musicalion', 'P1', 2, (18, 31), (13, 1.0), (15, 3.5)), ('K.2 Musicalion', 'P1', 2, (32, 45), (17, 1.0), (19, 3.5))]) 

8 .    (((3, -4, 4, -5, 4, -5, 4, 3, -4, 4, -5, 4, -5), (0.5, 0.5, 0.5, 0.5, 0.5, 0.5, 3.0, 0.5, 0.5, 0.5, 0.5, 0.5, 0.5), (2.0, 2.5, 3.0, 3.5, 1.0, 1.5, 2.0, 2.0, 2.5, 3.0, 3.5, 1.0, 1.5)), [('K.2 Musicalion', 'P1', 2, (46, 59), (50, 2.0), (52, 1.5)), ('K.2 Musicalion', 'P1', 2, (60, 73), (54, 2.0), (56, 1.5))]) 

9 .    (((6, -7, 6, -7, 6, -7, 6, -7, 6, -7, 8, -5), (0.5, 0.5, 0.5, 0.5, 0.5, 0.5, 0.5, 0.5, 0.5, 0.5, 0.5, 0.5), (2.0, 2.5, 3.0, 3.5, 1.0, 1.5, 2.0, 2.5, 3.0, 3.5, 1.0, 1.5)), [('K.2 Musicalion', 'P1', 3, (60, 72), (32, 2.0), (33, 1.5)), ('K.2 Musicalion', 'P1', 2, (74, 86), (58, 2.0), (59, 1.5))]) 

10 .    (((6, -7, 6, -7, 6, -7, 6, -7, 6, -7, 8), (0.5, 0.5, 0.5, 0.5, 0.5, 0.5, 0.5, 0.5, 0.5, 0.5, 0.5), (3.0, 3.5, 1.0, 1.5, 2.0, 2.5, 3.0, 3.5, 1.0, 1.5, 2.0)), [('K.2 Musicalion', 'P1', 3, (145, 156), (73, 3.0), (74, 2.0)), ('K.2 Musicalion', 'P1', 2, (90, 101), (70, 3.0), (71, 2.0))]) 

11 .    (((2, 2, -2, -3, 2, -5, 2), (1.0, 1.0, 1.0, 1.0, 1.0, 1.0, 1.0), (2.0, 3.0, 1.0, 2.0, 3.0, 1.0, 2.0)), [('K.2 Musicalion', 'P1', 3, (90, 97), (42, 2.0), (44, 2.0)), ('K.2 Musicalion', 'P1', 3, (102, 109), (46, 2.0), (48, 2.0))]) 

12 .    (((-4, 6, -3, 5, -3, 6), (0.5, 0.5, 0.5, 0.5, 0.5, 0.5), (2.0, 2.5, 3.0, 3.5, 1.0, 1.5)), [('K.2 Musicalion', 'P1', 1, (138, 144), (35, 2.0), (35, 1.5)), ('K.2 Musicalion', 'P1', 1, (155, 161), (40, 2.0), (40, 1.5))]) 

13 .    (((-2, -2, -2, -2, -2), (1.0, 1.0, 1.0, 1.0, 1.0), (3.0, 1.0, 2.0, 3.0, 1.0)), [('K.2 Musicalion', 'P1', 1, (233, 238), (58, 3.0), (59, 1.0)), ('K.2 Musicalion', 'P1', 1, (286, 291), (70, 3.0), (71, 1.0)), ('K.2 Musicalion', 'P1', 1, (298, 303), (73, 3.0), (74, 1.0))]) 

14 .    (((-4, 6, -3, 5, -3), (0.5, 0.5, 0.5, 0.5, 0.5), (1.0, 1.5, 2.0, 2.5, 3.0)), [('K.2 Musicalion', 'P1', 1, (4, 9), (3, 1.0), (3, 3.0)), ('K.2 Musicalion', 'P1', 3, (5, 10), (4, 1.0), (4, 3.0))]) 

15 .    (((-3, 2, -3, 2, -3), (0.5, 0.5, 0.5, 0.5, 0.5), (2.0, 2.5, 3.0, 3.5, 1.0)), [('K.2 Musicalion', 'P1', 1, (123, 128), (31, 2.0), (31, 1.0)), ('K.2 Musicalion', 'P1', 1, (244, 249), (61, 2.0), (61, 1.0))]) 

16 .    (((2, 2, -2, -3, 2), (1.0, 1.0, 1.0, 1.0, 1.0), (1.0, 2.0, 3.0, 1.0, 2.0)), [('K.2 Musicalion', 'P1', 2, (0, 5), (5, 1.0), (6, 2.0)), ('K.2 Musicalion', 'P1', 2, (12, 17), (9, 1.0), (10, 2.0))]) 

17 .    (((-7, 6, -7), (0.5, 0.5, 0.5), (2.5, 3.0, 3.5)), [('K.2 Musicalion', 'P1', 3, (20, 23), (21, 2.5), (21, 3.5)), ('K.2 Musicalion', 'P1', 3, (52, 55), (30, 2.5), (30, 3.5))]) 

18 .    (((-2, -2, -2), (1.0, 1.0, 1.0), (3.0, 1.0, 2.0)), [('K.2 Musicalion', 'P1', 1, (118, 121), (29, 3.0), (30, 2.0)), ('K.2 Musicalion', 'P1', 1, (133, 136), (33, 3.0), (34, 2.0))]) 

19 .    (((6, -3, 5), (0.5, 0.5, 0.5), (2.5, 3.0, 3.5)), [('K.2 Musicalion', 'P1', 1, (145, 148), (36, 2.5), (36, 3.5)), ('K.2 Musicalion', 'P1', 3, (85, 88), (41, 2.5), (41, 3.5))]) 

20 .    (((-8, 1, 1), (1.0, 1.0, 1.0), (1.0, 2.0, 3.0)), [('K.2 Musicalion', 'P1', 1, (0, 3), (1, 1.0), (1, 3.0)), ('K.2 Musicalion', 'P1', 3, (1, 4), (2, 1.0), (2, 3.0))]) 

21 .    (((-8, 1, 1), (1.0, 1.0, 1.0), (2.0, 3.0, 1.0)), [('K.2 Musicalion', 'P1', 1, (151, 154), (38, 2.0), (38, 1.0)), ('K.2 Musicalion', 'P1', 3, (80, 83), (39, 2.0), (39, 1.0))]) 

22 .    (((6, -7), (0.5, 0.5), (1.0, 1.5)), [('K.2 Musicalion', 'P1', 1, (306, 308), (75, 1.0), (75, 1.5)), ('K.2 Musicalion', 'P1', 3, (17, 19), (21, 1.0), (21, 1.5))]) 

23 .    (((-4, -5), (1.0, 1.0), (1.0, 2.0)), [('K.2 Musicalion', 'P1', 3, (14, 16), (12, 1.0), (12, 2.0)), ('K.2 Musicalion', 'P1', 2, (9, 11), (8, 1.0), (8, 2.0))]) 

24 .    (((-4, -5), (1.0, 1.0), (2.0, 3.0)), [('K.2 Musicalion', 'P1', 3, (99, 101), (45, 2.0), (45, 3.0)), ('K.2 Musicalion', 'P1', 3, (111, 113), (49, 2.0), (49, 3.0))]) 

25 .    (((2, -8), (1.0, 1.0), (3.0, 1.0)), [('K.2 Musicalion', 'P1', 3, (142, 144), (72, 3.0), (72, 1.0)), ('K.2 Musicalion', 'P1', 3, (157, 159), (75, 3.0), (75, 1.0))]) 

26 .    (((-3,), (0.5,), (3.0,)), [('K.2 Musicalion', 'P1', 1, (282, 283), (69, 3.0), (69, 3.0)), ('K.2 Musicalion', 'P1', 1, (292, 293), (72, 3.0), (72, 3.0))]) 

27 .    (((-2,), (1.0,), (1.0,)), [('K.2 Musicalion', 'P1', 1, (131, 132), (32, 1.0), (32, 1.0)), ('K.2 Musicalion', 'P1', 2, (88, 89), (60, 1.0), (60, 1.0))]) 

28 .    (((2,), (0.5,), (2.5,)), [('K.2 Musicalion', 'P1', 1, (239, 240), (60, 2.5), (60, 2.5)), ('K.2 Musicalion', 'P1', 1, (309, 310), (75, 2.5), (75, 2.5))]) 

29 .    (((2,), (1.0,), (1.0,)), [('K.2 Musicalion', 'P1', 1, (279, 280), (68, 1.0), (68, 1.0)), ('K.2 Musicalion', 'P1', 3, (11, 12), (11, 1.0), (11, 1.0)), ('K.2 Musicalion', 'P1', 2, (6, 7), (7, 1.0), (7, 1.0))]) 

30 .    (((-3,), (0.5,), (2.0,)), [('K.2 Musicalion', 'P1', 1, (86, 87), (22, 2.0), (22, 2.0)), ('K.2 Musicalion', 'P1', 1, (296, 297), (72, 2.0), (72, 2.0))]) 

31 .    (((-3,), (0.5,), (1.0,)), [('K.2 Musicalion', 'P1', 1, (294, 295), (72, 1.0), (72, 1.0)), ('K.2 Musicalion', 'P1', 1, (312, 313), (76, 1.0), (76, 1.0)), ('K.2 Musicalion', 'P1', 1, (318, 319), (77, 1.0), (77, 1.0))]) 

32 .    (((3,), (0.5,), (3.0,)), [('K.2 Musicalion', 'P1', 1, (88, 89), (22, 3.0), (22, 3.0)), ('K.2 Musicalion', 'P1', 1, (304, 305), (75, 3.0), (75, 3.0))]) 

33 .    (((-2,), (0.5,), (3.5,)), [('K.2 Musicalion', 'P1', 1, (241, 242), (60, 3.5), (60, 3.5)), ('K.2 Musicalion', 'P1', 3, (75, 76), (34, 3.5), (34, 3.5))]) 

34 .    (((4,), (0.5,), (2.5,)), [('K.2 Musicalion', 'P1', 1, (315, 316), (76, 2.5), (76, 2.5)), ('K.2 Musicalion', 'P1', 1, (321, 322), (77, 2.5), (77, 2.5))]) 

