1.    nomes:
K.14 Musicalion

2.    quantidade:
1

3.    analise:
[('intDia', 'p1p2'), ('duracao', 'p1p2'), ('Ntempo', 'p1p2'), ('Ptempo', 'p1p2')] SemContInte Distancia: 0

1.    ((2, 2, 2, 2, 2, -3, -3, -3, 2, 2, 2, 2, 2, -3, -3, -3, 2, 2, 2, 2, 2, -3, -3, -3, 2, 2, 2, 2, 2, -4, 3), (0.5, 0.5, 0.5, 0.25, 0.25, 1.0, 1.0, 2.0, 0.5, 0.5, 0.5, 0.25, 0.25, 1.0, 1.0, 2.0, 0.5, 0.5, 0.5, 0.25, 0.25, 1.0, 1.0, 2.0, 0.5, 0.5, 0.5, 0.25, 0.25, 1.0, 1.0), (1, 1, 2, 2, 2, 3, 4, 5, 7, 7, 8, 8, 8, 9, 10, 11, 1, 1, 2, 2, 2, 3, 4, 5, 7, 7, 8, 8, 8, 9, 10), (0.0, 0.5, 0.0, 0.5, 0.75, 0.0, 0.0, 0.0, 0.0, 0.5, 0.0, 0.5, 0.75, 0.0, 0.0, 0.0, 0.0, 0.5, 0.0, 0.5, 0.75, 0.0, 0.0, 0.0, 0.0, 0.5, 0.0, 0.5, 0.75, 0.0, 0.0)):
('K.14 Musicalion', 'P1', 1, (11, 42), (2,), (1.0,), (3,), (10.0,))
('K.14 Musicalion', 'P1', 1, (64, 95), (7,), (1.0,), (8,), (10.0,))

2.    ((2, 2, 2, 2, 2, -2, -2, -2, -2, 2, 4, -2, -2, -2, -2, 2, 4, -2, -2), (0.5, 0.5, 0.5, 0.25, 0.25, 1.0, 1.0, 1.0, 1.0, 1.0, 1.0, 1.0, 1.0, 1.0, 1.0, 1.0, 1.0, 1.0, 1.0), (2, 2, 3, 3, 3, 4, 5, 6, 7, 8, 9, 10, 11, 12, 1, 2, 3, 4, 5), (0.0, 0.5, 0.0, 0.5, 0.75, 0.0, 0.0, 0.0, 0.0, 0.0, 0.0, 0.0, 0.0, 0.0, 0.0, 0.0, 0.0, 0.0, 0.0)):
('K.14 Musicalion', 'P1', 1, (198, 217), (22,), (2.0,), (23,), (5.0,))
('K.14 Musicalion', 'P1', 1, (226, 245), (24,), (2.0,), (25,), (5.0,))

3.    ((2, 2, 2, 2, 2, -2, -2, -2, -2, -2, -2, 2, 2, -5, 7, -2, -2, -2, -2), (0.5, 0.5, 0.5, 0.25, 0.25, 1.0, 1.0, 1.0, 1.0, 1.0, 1.0, 1.0, 1.0, 1.0, 3.0, 1.0, 1.0, 1.0, 1.0), (10, 10, 11, 11, 11, 12, 1, 2, 3, 4, 5, 6, 7, 8, 9, 12, 1, 2, 3), (0.0, 0.5, 0.0, 0.5, 0.75, 0.0, 0.0, 0.0, 0.0, 0.0, 0.0, 0.0, 0.0, 0.0, 0.0, 0.0, 0.0, 0.0, 0.0)):
('K.14 Musicalion', 'P1', 1, (102, 121), (9,), (10.0,), (11,), (3.0,))
('K.14 Musicalion', 'P1', 3, (38, 57), (10,), (10.0,), (12,), (3.0,))

4.    ((2, 2, 1, 2, 2, 1, 2, 2, 1, 2, 2), (1.0, 1.0, 1.0, 1.0, 1.0, 1.0, 1.0, 1.0, 1.0, 1.0, 1.0), (4, 5, 6, 7, 8, 9, 10, 11, 12, 1, 2), (0.0, 0.0, 0.0, 0.0, 0.0, 0.0, 0.0, 0.0, 0.0, 0.0, 0.0)):
('K.14 Musicalion', 'P1', 3, (79, 90), (15,), (4.0,), (15,), (2.0,))
('K.14 Musicalion', 'P1', 3, (91, 102), (16,), (4.0,), (16,), (2.0,))

5.    ((2, 2, 1, 2, 2, 1, 2, 2, 1, 2, 2), (1.0, 1.0, 1.0, 1.0, 1.0, 1.0, 1.0, 1.0, 1.0, 1.0, 1.0), (2, 3, 4, 5, 6, 7, 8, 9, 10, 11, 12), (0.0, 0.0, 0.0, 0.0, 0.0, 0.0, 0.0, 0.0, 0.0, 0.0, 0.0)):
('K.14 Musicalion', 'P1', 3, (267, 278), (39,), (2.0,), (39,), (12.0,))
('K.14 Musicalion', 'P1', 3, (279, 290), (40,), (2.0,), (40,), (12.0,))

6.    ((2, -2, -2, 2, 2, -2, -2, 2, 2), (1.0, 2.0, 1.0, 2.0, 1.0, 2.0, 1.0, 2.0, 1.0), (6, 7, 9, 10, 12, 1, 3, 4, 6), (0.0, 0.0, 0.0, 0.0, 0.0, 0.0, 0.0, 0.0, 0.0)):
('K.14 Musicalion', 'P1', 3, (137, 146), (22,), (6.0,), (23,), (6.0,))
('K.14 Musicalion', 'P1', 3, (225, 234), (34,), (6.0,), (35,), (6.0,))

7.    ((-2, -2, 4, -2, -2, -2, -2, -2), (1.0, 1.0, 1.0, 1.0, 1.0, 1.0, 1.0, 1.0), (4, 5, 6, 7, 8, 9, 10, 11), (0.0, 0.0, 0.0, 0.0, 0.0, 0.0, 0.0, 0.0)):
('K.14 Musicalion', 'P1', 1, (296, 304), (31,), (4.0,), (31,), (11.0,))
('K.14 Musicalion', 'P1', 3, (199, 207), (31,), (4.0,), (31,), (11.0,))

8.    ((-3, 2, -3, 2, -3, 2, 3, 2), (3.0, 3.0, 3.0, 3.0, 3.0, 3.0, 3.0, 3.0), (12, 3, 6, 9, 12, 3, 6, 9), (0.0, 0.0, 0.0, 0.0, 0.0, 0.0, 0.0, 0.0)):
('K.14 Musicalion', 'P1', 2, (0, 8), (2,), (12.0,), (3,), (9.0,))
('K.14 Musicalion', 'P1', 3, (25, 33), (7,), (12.0,), (8,), (9.0,))

9.    ((-2, -2, 2, -2, -2, 2, -3), (1.0, 1.0, 1.0, 1.0, 1.0, 1.0, 1.0), (1, 2, 3, 4, 5, 6, 7), (0.0, 0.0, 0.0, 0.0, 0.0, 0.0, 0.0)):
('K.14 Musicalion', 'P1', 1, (255, 262), (28,), (1.0,), (28,), (7.0,))
('K.14 Musicalion', 'P1', 1, (362, 369), (41,), (1.0,), (41,), (7.0,))

10.    ((-4, -3, -10, 15, -3, -3, -11), (1.0, 1.0, 1.0, 3.0, 1.0, 1.0, 1.0), (1, 2, 3, 4, 7, 8, 9), (0.0, 0.0, 0.0, 0.0, 0.0, 0.0, 0.0)):
('K.14 Musicalion', 'P1', 3, (208, 215), (32,), (1.0,), (32,), (9.0,))
('K.14 Musicalion', 'P1', 3, (216, 223), (33,), (1.0,), (33,), (9.0,))

11.    ((-2, -2, -2, 2, -3, -4), (1.0, 1.0, 1.0, 1.0, 1.0, 1.0), (7, 8, 9, 10, 11, 12), (0.0, 0.0, 0.0, 0.0, 0.0, 0.0)):
('K.14 Musicalion', 'P1', 1, (246, 252), (25,), (7.0,), (25,), (12.0,))
('K.14 Musicalion', 'P1', 1, (348, 354), (38,), (7.0,), (38,), (12.0,))

12.    ((4, -8, 6, 3, -8, 5), (4.0, 1.0, 1.0, 4.0, 1.0, 1.0), (1, 5, 6, 7, 11, 12), (0.0, 0.0, 0.0, 0.0, 0.0, 0.0)):
('K.14 Musicalion', 'P1', 1, (305, 311), (32,), (1.0,), (32,), (12.0,))
('K.14 Musicalion', 'P1', 1, (311, 317), (33,), (1.0,), (33,), (12.0,))

13.    ((-4, -3, -3, -4, -3, -3), (1.0, 1.0, 1.0, 1.0, 1.0, 1.0), (6, 7, 8, 9, 10, 11), (0.0, 0.0, 0.0, 0.0, 0.0, 0.0)):
('K.14 Musicalion', 'P1', 3, (118, 124), (19,), (6.0,), (19,), (11.0,))
('K.14 Musicalion', 'P1', 3, (125, 131), (20,), (6.0,), (20,), (11.0,))

14.    ((2, 2, 2, 2, 2), (2.0, 1.0, 2.0, 1.0, 2.0), (3, 5, 6, 8, 9), (0.0, 0.0, 0.0, 0.0, 0.0)):
('K.14 Musicalion', 'P1', 3, (63, 68), (13,), (3.0,), (13,), (9.0,))
('K.14 Musicalion', 'P1', 3, (71, 76), (14,), (3.0,), (14,), (9.0,))

15.    ((4, -2, -2), (1.0, 1.0, 1.0), (3, 4, 5), (0.0, 0.0, 0.0)):
('K.14 Musicalion', 'P1', 1, (214, 217), (23,), (3.0,), (23,), (5.0,))
('K.14 Musicalion', 'P1', 1, (329, 332), (35,), (3.0,), (35,), (5.0,))
('K.14 Musicalion', 'P1', 3, (242, 245), (36,), (3.0,), (36,), (5.0,))

16.    ((-2, -2, 2), (1.0, 1.0, 1.0), (6, 7, 8), (0.0, 0.0, 0.0)):
('K.14 Musicalion', 'P1', 1, (156, 159), (17,), (6.0,), (17,), (8.0,))
('K.14 Musicalion', 'P1', 1, (332, 335), (35,), (6.0,), (35,), (8.0,))

17.    ((-3, 6, -5), (1.0, 1.0, 1.0), (9, 10, 11), (0.0, 0.0, 0.0)):
('K.14 Musicalion', 'P1', 1, (159, 162), (17,), (9.0,), (17,), (11.0,))
('K.14 Musicalion', 'P1', 1, (167, 170), (18,), (9.0,), (18,), (11.0,))

18.    ((4, 2, -8), (2.0, 1.0, 2.0), (9, 11, 12), (0.0, 0.0, 0.0)):
('K.14 Musicalion', 'P1', 3, (106, 109), (17,), (9.0,), (17,), (12.0,))
('K.14 Musicalion', 'P1', 3, (114, 117), (18,), (9.0,), (18,), (12.0,))

19.    ((2, 2, -5), (1.0, 2.0, 1.0), (9, 10, 12), (0.0, 0.0, 0.0)):
('K.14 Musicalion', 'P1', 3, (295, 298), (41,), (9.0,), (41,), (12.0,))
('K.14 Musicalion', 'P1', 3, (303, 306), (42,), (9.0,), (42,), (12.0,))

20.    ((-3, -3), (1.0, 1.0), (9, 10), (0.0, 0.0)):
('K.14 Musicalion', 'P1', 1, (24, 26), (2,), (9.0,), (2,), (10.0,))
('K.14 Musicalion', 'P1', 1, (77, 79), (7,), (9.0,), (7,), (10.0,))
('K.14 Musicalion', 'P1', 3, (2, 4), (1,), (9.0,), (1,), (10.0,))

21.    ((2, 2), (1.0, 1.0), (4, 5), (0.0, 0.0)):
('K.14 Musicalion', 'P1', 1, (121, 123), (11,), (4.0,), (11,), (5.0,))
('K.14 Musicalion', 'P1', 3, (79, 81), (15,), (4.0,), (15,), (5.0,))
('K.14 Musicalion', 'P1', 3, (91, 93), (16,), (4.0,), (16,), (5.0,))

22.    ((-3, -3), (1.0, 1.0), (10, 11), (0.0, 0.0)):
('K.14 Musicalion', 'P1', 1, (195, 197), (21,), (10.0,), (21,), (11.0,))
('K.14 Musicalion', 'P1', 3, (122, 124), (19,), (10.0,), (19,), (11.0,))
('K.14 Musicalion', 'P1', 3, (129, 131), (20,), (10.0,), (20,), (11.0,))

23.    ((2, 2), (1.0, 1.0), (1, 2), (0.0, 0.0)):
('K.14 Musicalion', 'P1', 1, (339, 341), (36,), (1.0,), (36,), (2.0,))
('K.14 Musicalion', 'P1', 3, (88, 90), (15,), (1.0,), (15,), (2.0,))
('K.14 Musicalion', 'P1', 3, (100, 102), (16,), (1.0,), (16,), (2.0,))

24.    ((-4, -3), (1.0, 1.0), (1, 2), (0.0, 0.0)):
('K.14 Musicalion', 'P1', 1, (380, 382), (43,), (1.0,), (43,), (2.0,))
('K.14 Musicalion', 'P1', 3, (208, 210), (32,), (1.0,), (32,), (2.0,))
('K.14 Musicalion', 'P1', 3, (216, 218), (33,), (1.0,), (33,), (2.0,))

25.    (((8, 1), (8, 1)), ((0.0, 3.0), (0.0, 3.0)), (3, 6), (0.0, 0.0)):
('K.14 Musicalion', 'P1', 1, (145, 147), (15,), (3.0,), (15,), (6.0,))
('K.14 Musicalion', 'P1', 1, (149, 151), (16,), (3.0,), (16,), (6.0,))

26.    ((-4, -3), (1.0, 1.0), (3, 4), (0.0, 0.0)):
('K.14 Musicalion', 'P1', 1, (171, 173), (19,), (3.0,), (19,), (4.0,))
('K.14 Musicalion', 'P1', 1, (177, 179), (20,), (3.0,), (20,), (4.0,))

27.    (((8, 1), (8, 1)), ((0.0, 3.0), (0.0, 3.0)), (1, 4), (0.0, 0.0)):
('K.14 Musicalion', 'P1', 1, (354, 356), (39,), (1.0,), (39,), (4.0,))
('K.14 Musicalion', 'P1', 1, (358, 360), (40,), (1.0,), (40,), (4.0,))

28.    ((2,), (1.0,), (8,), (0.0,)):
('K.14 Musicalion', 'P1', 1, (158, 159), (17,), (8.0,), (17,), (8.0,))
('K.14 Musicalion', 'P1', 1, (207, 208), (22,), (8.0,), (22,), (8.0,))
('K.14 Musicalion', 'P1', 1, (235, 236), (24,), (8.0,), (24,), (8.0,))
('K.14 Musicalion', 'P1', 1, (322, 323), (34,), (8.0,), (34,), (8.0,))
('K.14 Musicalion', 'P1', 1, (334, 335), (35,), (8.0,), (35,), (8.0,))
('K.14 Musicalion', 'P1', 3, (60, 61), (12,), (8.0,), (12,), (8.0,))
('K.14 Musicalion', 'P1', 3, (66, 67), (13,), (8.0,), (13,), (8.0,))
('K.14 Musicalion', 'P1', 3, (74, 75), (14,), (8.0,), (14,), (8.0,))
('K.14 Musicalion', 'P1', 3, (83, 84), (15,), (8.0,), (15,), (8.0,))
('K.14 Musicalion', 'P1', 3, (95, 96), (16,), (8.0,), (16,), (8.0,))
('K.14 Musicalion', 'P1', 3, (246, 247), (36,), (8.0,), (36,), (8.0,))
('K.14 Musicalion', 'P1', 3, (273, 274), (39,), (8.0,), (39,), (8.0,))
('K.14 Musicalion', 'P1', 3, (285, 286), (40,), (8.0,), (40,), (8.0,))

29.    ((2,), (1.0,), (11,), (0.0,)):
('K.14 Musicalion', 'P1', 1, (141, 142), (14,), (11.0,), (14,), (11.0,))
('K.14 Musicalion', 'P1', 3, (68, 69), (13,), (11.0,), (13,), (11.0,))
('K.14 Musicalion', 'P1', 3, (86, 87), (15,), (11.0,), (15,), (11.0,))
('K.14 Musicalion', 'P1', 3, (98, 99), (16,), (11.0,), (16,), (11.0,))
('K.14 Musicalion', 'P1', 3, (107, 108), (17,), (11.0,), (17,), (11.0,))
('K.14 Musicalion', 'P1', 3, (115, 116), (18,), (11.0,), (18,), (11.0,))
('K.14 Musicalion', 'P1', 3, (161, 162), (25,), (11.0,), (25,), (11.0,))
('K.14 Musicalion', 'P1', 3, (265, 266), (38,), (11.0,), (38,), (11.0,))
('K.14 Musicalion', 'P1', 3, (276, 277), (39,), (11.0,), (39,), (11.0,))
('K.14 Musicalion', 'P1', 3, (288, 289), (40,), (11.0,), (40,), (11.0,))

30.    ((-3,), (1.0,), (7,), (0.0,)):
('K.14 Musicalion', 'P1', 1, (261, 262), (28,), (7.0,), (28,), (7.0,))
('K.14 Musicalion', 'P1', 1, (368, 369), (41,), (7.0,), (41,), (7.0,))
('K.14 Musicalion', 'P1', 1, (376, 377), (42,), (7.0,), (42,), (7.0,))
('K.14 Musicalion', 'P1', 3, (6, 7), (4,), (7.0,), (4,), (7.0,))
('K.14 Musicalion', 'P1', 3, (14, 15), (5,), (7.0,), (5,), (7.0,))
('K.14 Musicalion', 'P1', 3, (22, 23), (6,), (7.0,), (6,), (7.0,))
('K.14 Musicalion', 'P1', 3, (119, 120), (19,), (7.0,), (19,), (7.0,))
('K.14 Musicalion', 'P1', 3, (126, 127), (20,), (7.0,), (20,), (7.0,))
('K.14 Musicalion', 'P1', 3, (212, 213), (32,), (7.0,), (32,), (7.0,))
('K.14 Musicalion', 'P1', 3, (220, 221), (33,), (7.0,), (33,), (7.0,))

31.    ((2,), (1.0,), (12,), (0.0,)):
('K.14 Musicalion', 'P1', 1, (304, 305), (31,), (12.0,), (31,), (12.0,))
('K.14 Musicalion', 'P1', 3, (141, 142), (22,), (12.0,), (22,), (12.0,))
('K.14 Musicalion', 'P1', 3, (153, 154), (24,), (12.0,), (24,), (12.0,))
('K.14 Musicalion', 'P1', 3, (170, 171), (26,), (12.0,), (26,), (12.0,))
('K.14 Musicalion', 'P1', 3, (178, 179), (27,), (12.0,), (27,), (12.0,))
('K.14 Musicalion', 'P1', 3, (229, 230), (34,), (12.0,), (34,), (12.0,))
('K.14 Musicalion', 'P1', 3, (249, 250), (36,), (12.0,), (36,), (12.0,))
('K.14 Musicalion', 'P1', 3, (257, 258), (37,), (12.0,), (37,), (12.0,))
('K.14 Musicalion', 'P1', 3, (277, 278), (39,), (12.0,), (39,), (12.0,))
('K.14 Musicalion', 'P1', 3, (289, 290), (40,), (12.0,), (40,), (12.0,))

32.    ((-2,), (1.0,), (2,), (0.0,)):
('K.14 Musicalion', 'P1', 1, (109, 110), (10,), (2.0,), (10,), (2.0,))
('K.14 Musicalion', 'P1', 1, (119, 120), (11,), (2.0,), (11,), (2.0,))
('K.14 Musicalion', 'P1', 1, (132, 133), (12,), (2.0,), (12,), (2.0,))
('K.14 Musicalion', 'P1', 1, (256, 257), (28,), (2.0,), (28,), (2.0,))
('K.14 Musicalion', 'P1', 1, (363, 364), (41,), (2.0,), (41,), (2.0,))
('K.14 Musicalion', 'P1', 2, (9, 10), (4,), (2.0,), (4,), (2.0,))
('K.14 Musicalion', 'P1', 3, (45, 46), (11,), (2.0,), (11,), (2.0,))
('K.14 Musicalion', 'P1', 3, (55, 56), (12,), (2.0,), (12,), (2.0,))
('K.14 Musicalion', 'P1', 3, (241, 242), (36,), (2.0,), (36,), (2.0,))

33.    ((2,), (1.0,), (3,), (0.0,)):
('K.14 Musicalion', 'P1', 1, (257, 258), (28,), (3.0,), (28,), (3.0,))
('K.14 Musicalion', 'P1', 1, (364, 365), (41,), (3.0,), (41,), (3.0,))
('K.14 Musicalion', 'P1', 3, (164, 165), (26,), (3.0,), (26,), (3.0,))
('K.14 Musicalion', 'P1', 3, (172, 173), (27,), (3.0,), (27,), (3.0,))
('K.14 Musicalion', 'P1', 3, (251, 252), (37,), (3.0,), (37,), (3.0,))
('K.14 Musicalion', 'P1', 3, (259, 260), (38,), (3.0,), (38,), (3.0,))
('K.14 Musicalion', 'P1', 3, (268, 269), (39,), (3.0,), (39,), (3.0,))
('K.14 Musicalion', 'P1', 3, (280, 281), (40,), (3.0,), (40,), (3.0,))
('K.14 Musicalion', 'P1', 3, (299, 300), (42,), (3.0,), (42,), (3.0,))

34.    ((2,), (1.0,), (2,), (0.0,)):
('K.14 Musicalion', 'P1', 1, (213, 214), (23,), (2.0,), (23,), (2.0,))
('K.14 Musicalion', 'P1', 1, (241, 242), (25,), (2.0,), (25,), (2.0,))
('K.14 Musicalion', 'P1', 1, (328, 329), (35,), (2.0,), (35,), (2.0,))
('K.14 Musicalion', 'P1', 3, (70, 71), (13,), (2.0,), (13,), (2.0,))
('K.14 Musicalion', 'P1', 3, (163, 164), (26,), (2.0,), (26,), (2.0,))
('K.14 Musicalion', 'P1', 3, (267, 268), (39,), (2.0,), (39,), (2.0,))
('K.14 Musicalion', 'P1', 3, (279, 280), (40,), (2.0,), (40,), (2.0,))

35.    ((2,), (1.0,), (10,), (0.0,)):
('K.14 Musicalion', 'P1', 1, (221, 222), (23,), (10.0,), (23,), (10.0,))
('K.14 Musicalion', 'P1', 1, (249, 250), (25,), (10.0,), (25,), (10.0,))
('K.14 Musicalion', 'P1', 1, (351, 352), (38,), (10.0,), (38,), (10.0,))
('K.14 Musicalion', 'P1', 3, (85, 86), (15,), (10.0,), (15,), (10.0,))
('K.14 Musicalion', 'P1', 3, (97, 98), (16,), (10.0,), (16,), (10.0,))
('K.14 Musicalion', 'P1', 3, (160, 161), (25,), (10.0,), (25,), (10.0,))
('K.14 Musicalion', 'P1', 3, (264, 265), (38,), (10.0,), (38,), (10.0,))

36.    ((2,), (1.0,), (5,), (0.0,)):
('K.14 Musicalion', 'P1', 1, (155, 156), (17,), (5.0,), (17,), (5.0,))
('K.14 Musicalion', 'P1', 3, (64, 65), (13,), (5.0,), (13,), (5.0,))
('K.14 Musicalion', 'P1', 3, (72, 73), (14,), (5.0,), (14,), (5.0,))
('K.14 Musicalion', 'P1', 3, (111, 112), (18,), (5.0,), (18,), (5.0,))
('K.14 Musicalion', 'P1', 3, (270, 271), (39,), (5.0,), (39,), (5.0,))
('K.14 Musicalion', 'P1', 3, (282, 283), (40,), (5.0,), (40,), (5.0,))

37.    ((-3,), (1.0,), (11,), (0.0,)):
('K.14 Musicalion', 'P1', 1, (222, 223), (23,), (11.0,), (23,), (11.0,))
('K.14 Musicalion', 'P1', 1, (250, 251), (25,), (11.0,), (25,), (11.0,))
('K.14 Musicalion', 'P1', 1, (352, 353), (38,), (11.0,), (38,), (11.0,))
('K.14 Musicalion', 'P1', 3, (184, 185), (28,), (11.0,), (28,), (11.0,))
('K.14 Musicalion', 'P1', 3, (190, 191), (29,), (11.0,), (29,), (11.0,))
('K.14 Musicalion', 'P1', 3, (196, 197), (30,), (11.0,), (30,), (11.0,))

38.    ((-4,), (1.0,), (6,), (0.0,)):
('K.14 Musicalion', 'P1', 1, (344, 345), (36,), (6.0,), (36,), (6.0,))
('K.14 Musicalion', 'P1', 3, (5, 6), (4,), (6.0,), (4,), (6.0,))
('K.14 Musicalion', 'P1', 3, (13, 14), (5,), (6.0,), (5,), (6.0,))
('K.14 Musicalion', 'P1', 3, (21, 22), (6,), (6.0,), (6,), (6.0,))
('K.14 Musicalion', 'P1', 3, (118, 119), (19,), (6.0,), (19,), (6.0,))
('K.14 Musicalion', 'P1', 3, (125, 126), (20,), (6.0,), (20,), (6.0,))

39.    ((-4,), (1.0,), (9,), (0.0,)):
('K.14 Musicalion', 'P1', 1, (40, 41), (3,), (9.0,), (3,), (9.0,))
('K.14 Musicalion', 'P1', 1, (93, 94), (8,), (9.0,), (8,), (9.0,))
('K.14 Musicalion', 'P1', 1, (335, 336), (35,), (9.0,), (35,), (9.0,))
('K.14 Musicalion', 'P1', 3, (121, 122), (19,), (9.0,), (19,), (9.0,))
('K.14 Musicalion', 'P1', 3, (128, 129), (20,), (9.0,), (20,), (9.0,))

40.    ((-3,), (1.0,), (5,), (0.0,)):
('K.14 Musicalion', 'P1', 1, (188, 189), (21,), (5.0,), (21,), (5.0,))
('K.14 Musicalion', 'P1', 1, (384, 385), (43,), (5.0,), (43,), (5.0,))
('K.14 Musicalion', 'P1', 3, (187, 188), (29,), (5.0,), (29,), (5.0,))
('K.14 Musicalion', 'P1', 3, (193, 194), (30,), (5.0,), (30,), (5.0,))

41.    ((4,), (1.0,), (9,), (0.0,)):
('K.14 Musicalion', 'P1', 1, (208, 209), (22,), (9.0,), (22,), (9.0,))
('K.14 Musicalion', 'P1', 1, (236, 237), (24,), (9.0,), (24,), (9.0,))
('K.14 Musicalion', 'P1', 1, (323, 324), (34,), (9.0,), (34,), (9.0,))
('K.14 Musicalion', 'P1', 3, (159, 160), (25,), (9.0,), (25,), (9.0,))

42.    ((-2,), (1.0,), (9,), (0.0,)):
('K.14 Musicalion', 'P1', 1, (378, 379), (42,), (9.0,), (42,), (9.0,))
('K.14 Musicalion', 'P1', 3, (139, 140), (22,), (9.0,), (22,), (9.0,))
('K.14 Musicalion', 'P1', 3, (151, 152), (24,), (9.0,), (24,), (9.0,))
('K.14 Musicalion', 'P1', 3, (227, 228), (34,), (9.0,), (34,), (9.0,))

43.    ((-3,), (1.0,), (9,), (0.0,)):
('K.14 Musicalion', 'P1', 1, (159, 160), (17,), (9.0,), (17,), (9.0,))
('K.14 Musicalion', 'P1', 1, (167, 168), (18,), (9.0,), (18,), (9.0,))
('K.14 Musicalion', 'P1', 3, (309, 310), (43,), (9.0,), (43,), (9.0,))

44.    ((-5,), (1.0,), (11,), (0.0,)):
('K.14 Musicalion', 'P1', 1, (161, 162), (17,), (11.0,), (17,), (11.0,))
('K.14 Musicalion', 'P1', 1, (169, 170), (18,), (11.0,), (18,), (11.0,))
('K.14 Musicalion', 'P1', 3, (76, 77), (14,), (11.0,), (14,), (11.0,))

45.    ((2,), (3.0,), (10,), (0.0,)):
('K.14 Musicalion', 'P1', 1, (371, 372), (41,), (10.0,), (41,), (10.0,))
('K.14 Musicalion', 'P1', 3, (135, 136), (21,), (10.0,), (21,), (10.0,))
('K.14 Musicalion', 'P1', 3, (147, 148), (23,), (10.0,), (23,), (10.0,))

46.    ((-3,), (1.0,), (1,), (0.0,)):
('K.14 Musicalion', 'P1', 1, (372, 373), (42,), (1.0,), (42,), (1.0,))
('K.14 Musicalion', 'P1', 3, (10, 11), (5,), (1.0,), (5,), (1.0,))
('K.14 Musicalion', 'P1', 3, (18, 19), (6,), (1.0,), (6,), (1.0,))

47.    ((-4,), (1.0,), (5,), (0.0,)):
('K.14 Musicalion', 'P1', 1, (6, 7), (1,), (5.0,), (1,), (5.0,))
('K.14 Musicalion', 'P1', 1, (135, 136), (12,), (5.0,), (12,), (5.0,))

48.    ((-3,), (1.0,), (3,), (0.0,)):
('K.14 Musicalion', 'P1', 1, (163, 164), (18,), (3.0,), (18,), (3.0,))
('K.14 Musicalion', 'P1', 1, (382, 383), (43,), (3.0,), (43,), (3.0,))

49.    ((-3,), (1.0,), (6,), (0.0,)):
('K.14 Musicalion', 'P1', 1, (7, 8), (1,), (6.0,), (1,), (6.0,))
('K.14 Musicalion', 'P1', 3, (157, 158), (25,), (6.0,), (25,), (6.0,))

50.    ((1,), (3.0,), (12,), (0.0,)):
('K.14 Musicalion', 'P1', 1, (152, 153), (16,), (12.0,), (16,), (12.0,))
('K.14 Musicalion', 'P1', 3, (33, 34), (9,), (12.0,), (9,), (12.0,))

51.    ((-5,), (1.0,), (5,), (0.0,)):
('K.14 Musicalion', 'P1', 1, (165, 166), (18,), (5.0,), (18,), (5.0,))
('K.14 Musicalion', 'P1', 3, (103, 104), (17,), (5.0,), (17,), (5.0,))

52.    ((1,), (3.0,), (10,), (0.0,)):
('K.14 Musicalion', 'P1', 1, (361, 362), (40,), (10.0,), (40,), (10.0,))
('K.14 Musicalion', 'P1', 3, (223, 224), (33,), (10.0,), (33,), (10.0,))

53.    ((2,), (3.0,), (4,), (0.0,)):
('K.14 Musicalion', 'P1', 1, (375, 376), (42,), (4.0,), (42,), (4.0,))
('K.14 Musicalion', 'P1', 3, (133, 134), (21,), (4.0,), (21,), (4.0,))

54.    ((2,), (2.0,), (12,), (0.0,)):
('K.14 Musicalion', 'P1', 3, (69, 70), (13,), (12.0,), (13,), (12.0,))
('K.14 Musicalion', 'P1', 3, (77, 78), (14,), (12.0,), (14,), (12.0,))

