1.    nomes:
K.34 Musescore

2.    quantidade:
1

3.    analise:
[('intDia', 'p1p2'), ('duracao', 'p1p2'), ('Ptempo', 'p1')] SemContInte Distancia: 0

1.    ((3, -3, -3, -2, -2, 7, -3, 2, -5, 2, 5, -3, -3, -2, -2, 2, 2, 2, 2, -2, -2, -2, 2, 2, 2, -2, -2, -2, 6, -2, -2, -2, -2, -2, -2, 1, 2), (1.0, 0.5, 0.5, 0.5, 0.5, 1.0, 0.5, 0.5, 0.5, 0.5, 1.0, 0.5, 0.5, 0.5, 0.5, 2.0, 1.0, 0.25, 0.25, 0.5, 0.5, 0.5, 1.0, 0.25, 0.25, 0.5, 0.5, 0.5, 1.0, 0.25, 0.25, 0.5, 0.5, 0.5, 0.5, 0.5, 1.0), (0.0,)):
('K.34 Musescore', 'P1', 1, (19, 56), (5,), (1.0,), (12,), (1.0,))
('K.34 Musescore', 'P1', 1, (95, 132), (21,), (1.0,), (28,), (1.0,))

2.    ((-4, 2, 2, 2, 2, 6, 2, 2, -10, 2, -8), (1.0, 1.0, 1.0, 1.0, 1.0, 1.0, 1.0, 1.0, 1.0, 1.0, 1.0), (0.0,)):
('K.34 Musescore', 'P1', 2, (19, 30), (8,), (1.0,), (11,), (2.0,))
('K.34 Musescore', 'P1', 2, (62, 73), (24,), (1.0,), (27,), (2.0,))

3.    ((-2, 1, -2, -2, 2), (0.5, 0.5, 1.0, 0.5, 0.5), (0.0,)):
('K.34 Musescore', 'P1', 1, (13, 18), (3,), (3.0,), (4,), (2.5,))
('K.34 Musescore', 'P1', 1, (70, 75), (15,), (3.0,), (16,), (2.5,))

4.    ((-3, -3, -4, 2), (0.5, 0.5, 0.5, 0.5), (0.0,)):
('K.34 Musescore', 'P1', 1, (1, 5), (1,), (2.0,), (1,), (3.5,))
('K.34 Musescore', 'P1', 1, (6, 10), (2,), (2.0,), (2,), (3.5,))

5.    ((-5, 2, -4, 2), (1.0, 0.5, 0.5, 0.5), (0.0,)):
('K.34 Musescore', 'P1', 1, (76, 80), (17,), (1.0,), (17,), (3.0,))
('K.34 Musescore', 'P1', 1, (81, 85), (18,), (1.0,), (18,), (3.0,))

6.    ((3, 2, -4, -5), (1.0, 1.0, 1.0, 1.0), (0.0,)):
('K.34 Musescore', 'P1', 2, (41, 45), (15,), (2.0,), (16,), (2.0,))
('K.34 Musescore', 'P1', 2, (49, 53), (19,), (2.0,), (20,), (2.0,))

7.    ((4, -4, -5), (1.0, 1.0, 1.0), (0.0,)):
('K.34 Musescore', 'P1', 2, (6, 9), (3,), (3.0,), (4,), (2.0,))
('K.34 Musescore', 'P1', 2, (73, 76), (27,), (3.0,), (28,), (2.0,))

8.    ((8, -6, -2), (1.0, 1.0, 1.0), (0.0,)):
('K.34 Musescore', 'P1', 2, (10, 13), (5,), (1.0,), (5,), (3.0,))
('K.34 Musescore', 'P1', 2, (16, 19), (7,), (1.0,), (7,), (3.0,))

9.    ((2,), (1.0,), (0.0,)):
('K.34 Musescore', 'P1', 1, (35, 36), (8,), (3.0,), (8,), (3.0,))
('K.34 Musescore', 'P1', 1, (41, 42), (9,), (3.0,), (9,), (3.0,))
('K.34 Musescore', 'P1', 1, (55, 56), (12,), (1.0,), (12,), (1.0,))
('K.34 Musescore', 'P1', 1, (111, 112), (24,), (3.0,), (24,), (3.0,))
('K.34 Musescore', 'P1', 1, (117, 118), (25,), (3.0,), (25,), (3.0,))
('K.34 Musescore', 'P1', 1, (131, 132), (28,), (1.0,), (28,), (1.0,))
('K.34 Musescore', 'P1', 2, (4, 5), (2,), (3.0,), (2,), (3.0,))
('K.34 Musescore', 'P1', 2, (15, 16), (6,), (3.0,), (6,), (3.0,))
('K.34 Musescore', 'P1', 2, (20, 21), (8,), (2.0,), (8,), (2.0,))
('K.34 Musescore', 'P1', 2, (21, 22), (8,), (3.0,), (8,), (3.0,))
('K.34 Musescore', 'P1', 2, (22, 23), (9,), (1.0,), (9,), (1.0,))
('K.34 Musescore', 'P1', 2, (23, 24), (9,), (2.0,), (9,), (2.0,))
('K.34 Musescore', 'P1', 2, (25, 26), (10,), (1.0,), (10,), (1.0,))
('K.34 Musescore', 'P1', 2, (26, 27), (10,), (2.0,), (10,), (2.0,))
('K.34 Musescore', 'P1', 2, (28, 29), (11,), (1.0,), (11,), (1.0,))
('K.34 Musescore', 'P1', 2, (36, 37), (13,), (3.0,), (13,), (3.0,))
('K.34 Musescore', 'P1', 2, (42, 43), (15,), (3.0,), (15,), (3.0,))
('K.34 Musescore', 'P1', 2, (50, 51), (19,), (3.0,), (19,), (3.0,))
('K.34 Musescore', 'P1', 2, (58, 59), (22,), (3.0,), (22,), (3.0,))
('K.34 Musescore', 'P1', 2, (61, 62), (23,), (3.0,), (23,), (3.0,))
('K.34 Musescore', 'P1', 2, (63, 64), (24,), (2.0,), (24,), (2.0,))
('K.34 Musescore', 'P1', 2, (64, 65), (24,), (3.0,), (24,), (3.0,))
('K.34 Musescore', 'P1', 2, (65, 66), (25,), (1.0,), (25,), (1.0,))
('K.34 Musescore', 'P1', 2, (66, 67), (25,), (2.0,), (25,), (2.0,))
('K.34 Musescore', 'P1', 2, (68, 69), (26,), (1.0,), (26,), (1.0,))
('K.34 Musescore', 'P1', 2, (69, 70), (26,), (2.0,), (26,), (2.0,))
('K.34 Musescore', 'P1', 2, (71, 72), (27,), (1.0,), (27,), (1.0,))

10.    ((-2,), (1.0,), (0.0,)):
('K.34 Musescore', 'P1', 1, (15, 16), (4,), (1.0,), (4,), (1.0,))
('K.34 Musescore', 'P1', 1, (72, 73), (16,), (1.0,), (16,), (1.0,))
('K.34 Musescore', 'P1', 1, (86, 87), (19,), (1.0,), (19,), (1.0,))
('K.34 Musescore', 'P1', 1, (91, 92), (20,), (1.0,), (20,), (1.0,))
('K.34 Musescore', 'P1', 2, (12, 13), (5,), (3.0,), (5,), (3.0,))
('K.34 Musescore', 'P1', 2, (13, 14), (6,), (1.0,), (6,), (1.0,))
('K.34 Musescore', 'P1', 2, (14, 15), (6,), (2.0,), (6,), (2.0,))
('K.34 Musescore', 'P1', 2, (18, 19), (7,), (3.0,), (7,), (3.0,))
('K.34 Musescore', 'P1', 2, (55, 56), (21,), (3.0,), (21,), (3.0,))
('K.34 Musescore', 'P1', 2, (57, 58), (22,), (2.0,), (22,), (2.0,))

11.    ((8,), (1.0,), (0.0,)):
('K.34 Musescore', 'P1', 1, (75, 76), (16,), (3.0,), (16,), (3.0,))
('K.34 Musescore', 'P1', 1, (94, 95), (20,), (3.0,), (20,), (3.0,))
('K.34 Musescore', 'P1', 2, (9, 10), (4,), (3.0,), (4,), (3.0,))
('K.34 Musescore', 'P1', 2, (10, 11), (5,), (1.0,), (5,), (1.0,))
('K.34 Musescore', 'P1', 2, (16, 17), (7,), (1.0,), (7,), (1.0,))
('K.34 Musescore', 'P1', 2, (33, 34), (12,), (3.0,), (12,), (3.0,))
('K.34 Musescore', 'P1', 2, (38, 39), (14,), (2.0,), (14,), (2.0,))
('K.34 Musescore', 'P1', 2, (45, 46), (16,), (3.0,), (16,), (3.0,))
('K.34 Musescore', 'P1', 2, (60, 61), (23,), (2.0,), (23,), (2.0,))

12.    ((-5,), (1.0,), (0.0,)):
('K.34 Musescore', 'P1', 1, (76, 77), (17,), (1.0,), (17,), (1.0,))
('K.34 Musescore', 'P1', 1, (81, 82), (18,), (1.0,), (18,), (1.0,))
('K.34 Musescore', 'P1', 2, (2, 3), (2,), (1.0,), (2,), (1.0,))
('K.34 Musescore', 'P1', 2, (8, 9), (4,), (2.0,), (4,), (2.0,))
('K.34 Musescore', 'P1', 2, (32, 33), (12,), (2.0,), (12,), (2.0,))
('K.34 Musescore', 'P1', 2, (40, 41), (15,), (1.0,), (15,), (1.0,))
('K.34 Musescore', 'P1', 2, (44, 45), (16,), (2.0,), (16,), (2.0,))
('K.34 Musescore', 'P1', 2, (52, 53), (20,), (2.0,), (20,), (2.0,))
('K.34 Musescore', 'P1', 2, (75, 76), (28,), (2.0,), (28,), (2.0,))

13.    ((3,), (1.0,), (0.0,)):
('K.34 Musescore', 'P1', 1, (19, 20), (5,), (1.0,), (5,), (1.0,))
('K.34 Musescore', 'P1', 1, (62, 63), (14,), (1.0,), (14,), (1.0,))
('K.34 Musescore', 'P1', 1, (95, 96), (21,), (1.0,), (21,), (1.0,))
('K.34 Musescore', 'P1', 2, (0, 1), (1,), (1.0,), (1,), (1.0,))
('K.34 Musescore', 'P1', 2, (3, 4), (2,), (2.0,), (2,), (2.0,))
('K.34 Musescore', 'P1', 2, (35, 36), (13,), (2.0,), (13,), (2.0,))
('K.34 Musescore', 'P1', 2, (41, 42), (15,), (2.0,), (15,), (2.0,))
('K.34 Musescore', 'P1', 2, (49, 50), (19,), (2.0,), (19,), (2.0,))

14.    ((6,), (1.0,), (0.0,)):
('K.34 Musescore', 'P1', 1, (5, 6), (2,), (1.0,), (2,), (1.0,))
('K.34 Musescore', 'P1', 1, (18, 19), (4,), (3.0,), (4,), (3.0,))
('K.34 Musescore', 'P1', 1, (47, 48), (10,), (3.0,), (10,), (3.0,))
('K.34 Musescore', 'P1', 1, (67, 68), (15,), (1.0,), (15,), (1.0,))
('K.34 Musescore', 'P1', 1, (123, 124), (26,), (3.0,), (26,), (3.0,))
('K.34 Musescore', 'P1', 2, (24, 25), (9,), (3.0,), (9,), (3.0,))
('K.34 Musescore', 'P1', 2, (67, 68), (25,), (3.0,), (25,), (3.0,))

15.    ((7,), (1.0,), (0.0,)):
('K.34 Musescore', 'P1', 1, (24, 25), (6,), (1.0,), (6,), (1.0,))
('K.34 Musescore', 'P1', 1, (100, 101), (22,), (1.0,), (22,), (1.0,))
('K.34 Musescore', 'P1', 2, (56, 57), (22,), (1.0,), (22,), (1.0,))

16.    ((2,), (2.0,), (0.0,)):
('K.34 Musescore', 'P1', 1, (34, 35), (8,), (1.0,), (8,), (1.0,))
('K.34 Musescore', 'P1', 1, (110, 111), (24,), (1.0,), (24,), (1.0,))
('K.34 Musescore', 'P1', 2, (1, 2), (1,), (2.0,), (1,), (2.0,))

17.    ((4,), (1.0,), (0.0,)):
('K.34 Musescore', 'P1', 1, (57, 58), (13,), (1.0,), (13,), (1.0,))
('K.34 Musescore', 'P1', 2, (6, 7), (3,), (3.0,), (3,), (3.0,))
('K.34 Musescore', 'P1', 2, (73, 74), (27,), (3.0,), (27,), (3.0,))

18.    ((5,), (1.0,), (0.0,)):
('K.34 Musescore', 'P1', 1, (0, 1), (1,), (1.0,), (1,), (1.0,))
('K.34 Musescore', 'P1', 1, (10, 11), (3,), (1.0,), (3,), (1.0,))

19.    ((-4,), (0.5,), (0.0,)):
('K.34 Musescore', 'P1', 1, (11, 12), (3,), (2.0,), (3,), (2.0,))
('K.34 Musescore', 'P1', 1, (58, 59), (13,), (2.0,), (13,), (2.0,))

20.    ((-2,), (0.5,), (0.5,)):
('K.34 Musescore', 'P1', 1, (12, 13), (3,), (2.5,), (3,), (2.5,))
('K.34 Musescore', 'P1', 1, (64, 65), (14,), (2.5,), (14,), (2.5,))

21.    ((-3,), (0.5,), (0.5,)):
('K.34 Musescore', 'P1', 1, (59, 60), (13,), (2.5,), (13,), (2.5,))
('K.34 Musescore', 'P1', 1, (93, 94), (20,), (2.5,), (20,), (2.5,))

22.    ((-3,), (0.5,), (0.0,)):
('K.34 Musescore', 'P1', 1, (60, 61), (13,), (3.0,), (13,), (3.0,))
('K.34 Musescore', 'P1', 1, (65, 66), (14,), (3.0,), (14,), (3.0,))

23.    ((6,), (0.5,), (0.5,)):
('K.34 Musescore', 'P1', 1, (61, 62), (13,), (3.5,), (13,), (3.5,))
('K.34 Musescore', 'P1', 1, (80, 81), (17,), (3.5,), (17,), (3.5,))

24.    ((-3,), (1.0,), (0.0,)):
('K.34 Musescore', 'P1', 2, (39, 40), (14,), (3.0,), (14,), (3.0,))
('K.34 Musescore', 'P1', 2, (48, 49), (19,), (1.0,), (19,), (1.0,))

25.    ((1,), (3.0,), (0.0,)):
('K.34 Musescore', 'P1', 2, (46, 47), (17,), (1.0,), (17,), (1.0,))
('K.34 Musescore', 'P1', 2, (47, 48), (18,), (1.0,), (18,), (1.0,))

