1.    nomes:
K.84 KernScores

2.    quantidade:
1

3.    analise:
[('intDia', 'p1p2')] SemContInte Distancia: 0

1.    ((2, 2, 2, 2, 2, 2, 2, 2, -3, -7, 2, 2, 2, 2, 2, 2, 2, 2, -3),):
('K.84 KernScores', 'P1', 1, (285, 304), (62,), (1.25,), (63,), (3.0,))
('K.84 KernScores', 'P1', 1, (310, 329), (65,), (1.25,), (66,), (3.0,))

2.    ((2, 2, -5, (6, -2), (6, 2), (6, -2), (6, 2), (6, 3), 1, 1, 2, 2, -5, (6, -2), (6, 2), (6, -2), (6, 2)),):
('K.84 KernScores', 'P1', 1, (13, 30), (5,), (1.25,), (7,), (3.5,))
('K.84 KernScores', 'P2', 1, (15, 32), (6,), (1.25,), (8,), (3.5,))

3.    ((2, 2, 2, 2, 2, 2, 2, 2, 2, 2, 2, 2, 2, -4),):
('K.84 KernScores', 'P1', 1, (125, 139), (28,), (3.25,), (30,), (1.25,))
('K.84 KernScores', 'P1', 1, (337, 351), (68,), (3.25,), (70,), (1.25,))

4.    ((2, -3, 2, -4, 2, -4, 2, -4, 2, -3, 2, -4, 2),):
('K.84 KernScores', 'P1', 1, (35, 48), (9,), (2.75,), (11,), (2.75,))
('K.84 KernScores', 'P1', 2, (0, 13), (9,), (2.5,), (11,), (2.5,))

5.    ((3, 3, 4, 3, 3, 4, -4, -3, -3, -4, -5, 12),):
('K.84 KernScores', 'P1', 1, (1, 13), (1,), (1.5,), (3,), (1.0,))
('K.84 KernScores', 'P2', 1, (1, 13), (3,), (1.5,), (5,), (1.0,))

6.    (((6, 1), (6, -2), (6, 1), (6, -2), (6, 1), (6, -2), (6, 1), (6, -2), (6, 1), (6, -2), (6, 1)),):
('K.84 KernScores', 'P1', 1, (151, 162), (34,), (1.5,), (35,), (3.5,))
('K.84 KernScores', 'P2', 1, (172, 183), (60,), (1.5,), (61,), (3.5,))

7.    ((1, 1, 2, 2, -5, (6, -2), (6, 2), (6, -2), (6, 2), (6, 2)),):
('K.84 KernScores', 'P2', 1, (23, 33), (7,), (2.0,), (9,), (1.0,))
('K.84 KernScores', 'P2', 1, (48, 58), (14,), (2.0,), (16,), (1.0,))

8.    ((2, 2, 2, 2, 2, 2, 2),):
('K.84 KernScores', 'P1', 1, (125, 132), (28,), (3.25,), (29,), (2.0,))
('K.84 KernScores', 'P1', 1, (285, 292), (62,), (1.25,), (62,), (2.5,))
('K.84 KernScores', 'P1', 1, (295, 302), (63,), (1.25,), (63,), (2.5,))
('K.84 KernScores', 'P1', 1, (310, 317), (65,), (1.25,), (65,), (2.5,))
('K.84 KernScores', 'P1', 1, (320, 327), (66,), (1.25,), (66,), (2.5,))
('K.84 KernScores', 'P1', 1, (337, 344), (68,), (3.25,), (69,), (2.0,))
('K.84 KernScores', 'P2', 1, (79, 86), (28,), (1.25,), (28,), (2.75,))
('K.84 KernScores', 'P2', 1, (202, 209), (68,), (1.25,), (68,), (2.75,))

9.    (((6, -2), (6, 2), (6, -2), (6, 2), (6, 3), 1, -3),):
('K.84 KernScores', 'P1', 1, (61, 68), (14,), (2.0,), (15,), (3.0,))
('K.84 KernScores', 'P1', 1, (69, 76), (16,), (2.0,), (17,), (3.0,))

10.    ((-4, 2, -4, 2, -3, 2),):
('K.84 KernScores', 'P1', 1, (40, 46), (10,), (2.25,), (11,), (1.75,))
('K.84 KernScores', 'P1', 1, (179, 185), (41,), (1.25,), (41,), (3.75,))
('K.84 KernScores', 'P1', 2, (5, 11), (10,), (2.0,), (11,), (1.5,))
('K.84 KernScores', 'P2', 1, (111, 117), (39,), (1.0,), (39,), (3.5,))

11.    (((6, 1), (6, 2), (5, -2), (6, 6), 1, -2),):
('K.84 KernScores', 'P2', 1, (183, 189), (62,), (1.0,), (63,), (3.0,))
('K.84 KernScores', 'P2', 1, (192, 198), (65,), (1.0,), (66,), (3.0,))

12.    ((2, 2, 2, 2, -3),):
('K.84 KernScores', 'P1', 1, (289, 294), (62,), (2.25,), (62,), (3.0,))
('K.84 KernScores', 'P1', 1, (299, 304), (63,), (2.25,), (63,), (3.0,))
('K.84 KernScores', 'P1', 1, (314, 319), (65,), (2.25,), (65,), (3.0,))
('K.84 KernScores', 'P1', 1, (324, 329), (66,), (2.25,), (66,), (3.0,))
('K.84 KernScores', 'P1', 2, (62, 67), (42,), (2.0,), (43,), (3.0,))

13.    ((-4, -3, -3, -4, -3),):
('K.84 KernScores', 'P1', 1, (350, 355), (70,), (1.25,), (70,), (3.25,))
('K.84 KernScores', 'P1', 2, (40, 45), (30,), (1.0,), (30,), (3.0,))
('K.84 KernScores', 'P1', 2, (101, 106), (70,), (1.0,), (70,), (3.0,))

14.    ((-2, -2, 2, -2, -2),):
('K.84 KernScores', 'P1', 1, (225, 230), (49,), (3.0,), (50,), (2.0,))
('K.84 KernScores', 'P2', 1, (157, 162), (53,), (1.0,), (54,), (2.0,))
('K.84 KernScores', 'P2', 1, (163, 168), (55,), (1.0,), (56,), (2.0,))

15.    ((3, 3, 4, 3, 3),):
('K.84 KernScores', 'P1', 1, (145, 150), (32,), (1.5,), (32,), (3.5,))
('K.84 KernScores', 'P2', 1, (93, 98), (33,), (1.5,), (33,), (3.5,))

16.    ((2, 2, 2, 2),):
('K.84 KernScores', 'P1', 1, (125, 129), (28,), (3.25,), (29,), (1.0,))
('K.84 KernScores', 'P1', 1, (129, 133), (29,), (1.5,), (29,), (2.25,))
('K.84 KernScores', 'P1', 1, (133, 137), (29,), (2.5,), (29,), (3.5,))
('K.84 KernScores', 'P1', 1, (275, 279), (59,), (3.0,), (59,), (3.75,))
('K.84 KernScores', 'P1', 1, (285, 289), (62,), (1.25,), (62,), (2.0,))
('K.84 KernScores', 'P1', 1, (289, 293), (62,), (2.25,), (62,), (2.75,))
('K.84 KernScores', 'P1', 1, (295, 299), (63,), (1.25,), (63,), (2.0,))
('K.84 KernScores', 'P1', 1, (299, 303), (63,), (2.25,), (63,), (2.75,))
('K.84 KernScores', 'P1', 1, (310, 314), (65,), (1.25,), (65,), (2.0,))
('K.84 KernScores', 'P1', 1, (314, 318), (65,), (2.25,), (65,), (2.75,))
('K.84 KernScores', 'P1', 1, (320, 324), (66,), (1.25,), (66,), (2.0,))
('K.84 KernScores', 'P1', 1, (324, 328), (66,), (2.25,), (66,), (2.75,))
('K.84 KernScores', 'P1', 1, (337, 341), (68,), (3.25,), (69,), (1.0,))
('K.84 KernScores', 'P1', 1, (341, 345), (69,), (1.5,), (69,), (2.25,))
('K.84 KernScores', 'P1', 1, (345, 349), (69,), (2.5,), (69,), (3.5,))
('K.84 KernScores', 'P1', 2, (62, 66), (42,), (2.0,), (43,), (2.0,))
('K.84 KernScores', 'P2', 1, (79, 83), (28,), (1.25,), (28,), (2.0,))
('K.84 KernScores', 'P2', 1, (202, 206), (68,), (1.25,), (68,), (2.0,))

17.    ((-3, 2, -4, 2),):
('K.84 KernScores', 'P1', 1, (164, 168), (38,), (2.0,), (38,), (3.75,))
('K.84 KernScores', 'P1', 1, (175, 179), (40,), (2.0,), (40,), (3.75,))
('K.84 KernScores', 'P1', 2, (1, 5), (9,), (3.0,), (10,), (1.5,))
('K.84 KernScores', 'P1', 2, (14, 18), (23,), (2.0,), (23,), (3.5,))
('K.84 KernScores', 'P1', 2, (92, 96), (59,), (1.0,), (59,), (2.25,))
('K.84 KernScores', 'P2', 1, (33, 37), (11,), (1.0,), (11,), (2.5,))

18.    ((-4, -3, -3, -4),):
('K.84 KernScores', 'P1', 1, (7, 11), (2,), (1.5,), (2,), (3.0,))
('K.84 KernScores', 'P1', 1, (350, 354), (70,), (1.25,), (70,), (2.75,))
('K.84 KernScores', 'P1', 2, (40, 44), (30,), (1.0,), (30,), (2.5,))
('K.84 KernScores', 'P1', 2, (101, 105), (70,), (1.0,), (70,), (2.5,))
('K.84 KernScores', 'P2', 1, (7, 11), (4,), (1.5,), (4,), (3.0,))

19.    ((2, 2, -4, 1),):
('K.84 KernScores', 'P1', 1, (136, 140), (29,), (3.5,), (30,), (1.5,))
('K.84 KernScores', 'P2', 2, (1, 5), (44,), (2.0,), (46,), (1.0,))
('K.84 KernScores', 'P2', 2, (5, 9), (46,), (2.0,), (48,), (1.0,))

20.    ((1, 1, 1, 1),):
('K.84 KernScores', 'P1', 1, (279, 283), (60,), (1.0,), (61,), (1.0,))
('K.84 KernScores', 'P2', 2, (12, 16), (52,), (1.0,), (55,), (1.0,))

21.    ((1, 2, 2),):
('K.84 KernScores', 'P1', 1, (22, 25), (6,), (3.0,), (7,), (1.5,))
('K.84 KernScores', 'P2', 1, (14, 17), (5,), (3.0,), (6,), (1.5,))
('K.84 KernScores', 'P2', 1, (24, 27), (7,), (3.0,), (8,), (1.5,))
('K.84 KernScores', 'P2', 1, (49, 52), (14,), (3.0,), (15,), (1.5,))
('K.84 KernScores', 'P2', 1, (59, 62), (16,), (3.0,), (17,), (1.5,))
('K.84 KernScores', 'P2', 2, (0, 3), (44,), (1.0,), (44,), (3.0,))
('K.84 KernScores', 'P2', 2, (4, 7), (46,), (1.0,), (46,), (3.0,))
('K.84 KernScores', 'P2', 2, (8, 11), (48,), (1.0,), (48,), (3.0,))

22.    ((-3, 2, -3),):
('K.84 KernScores', 'P1', 1, (306, 309), (64,), (2.0,), (64,), (3.0,))
('K.84 KernScores', 'P1', 2, (20, 23), (24,), (2.0,), (24,), (3.0,))
('K.84 KernScores', 'P1', 2, (34, 37), (26,), (3.0,), (27,), (1.0,))
('K.84 KernScores', 'P1', 2, (68, 71), (45,), (3.0,), (47,), (3.0,))
('K.84 KernScores', 'P1', 2, (88, 91), (58,), (2.0,), (58,), (3.0,))

23.    ((2, 2, -4),):
('K.84 KernScores', 'P1', 1, (136, 139), (29,), (3.5,), (30,), (1.25,))
('K.84 KernScores', 'P1', 1, (348, 351), (69,), (3.5,), (70,), (1.25,))
('K.84 KernScores', 'P1', 2, (71, 74), (49,), (2.0,), (50,), (1.0,))
('K.84 KernScores', 'P2', 2, (1, 4), (44,), (2.0,), (44,), (3.5,))
('K.84 KernScores', 'P2', 2, (5, 8), (46,), (2.0,), (46,), (3.5,))

24.    ((2, -3, -2),):
('K.84 KernScores', 'P1', 1, (109, 112), (23,), (3.0,), (24,), (2.0,))
('K.84 KernScores', 'P1', 1, (116, 119), (26,), (1.0,), (26,), (3.0,))
('K.84 KernScores', 'P1', 1, (269, 272), (57,), (3.0,), (58,), (2.0,))
('K.84 KernScores', 'P1', 2, (74, 77), (50,), (1.5,), (50,), (2.5,))

25.    ((-2, 1, -2),):
('K.84 KernScores', 'P1', 1, (186, 189), (42,), (2.0,), (42,), (3.0,))
('K.84 KernScores', 'P1', 1, (203, 206), (45,), (2.0,), (45,), (3.0,))
('K.84 KernScores', 'P1', 1, (213, 216), (47,), (2.0,), (47,), (3.0,))
('K.84 KernScores', 'P2', 1, (153, 156), (50,), (3.0,), (52,), (2.0,))

26.    ((1, -2, 1),):
('K.84 KernScores', 'P1', 1, (192, 195), (43,), (1.5,), (43,), (2.5,))
('K.84 KernScores', 'P2', 1, (130, 133), (44,), (1.5,), (44,), (2.5,))
('K.84 KernScores', 'P2', 1, (137, 140), (46,), (1.5,), (46,), (2.5,))
('K.84 KernScores', 'P2', 1, (144, 147), (48,), (1.5,), (48,), (2.5,))

27.    (((3, -2), (3, -2), (3, 2)),):
('K.84 KernScores', 'P1', 1, (103, 106), (22,), (3.0,), (22,), (3.75,))
('K.84 KernScores', 'P1', 1, (122, 125), (27,), (3.5,), (28,), (1.0,))

28.    ((-4, 2, 3),):
('K.84 KernScores', 'P1', 2, (59, 62), (41,), (2.0,), (41,), (3.0,))
('K.84 KernScores', 'P2', 2, (19, 22), (63,), (3.5,), (66,), (3.0,))

29.    ((2, 2),):
('K.84 KernScores', 'P1', 1, (13, 15), (5,), (1.25,), (5,), (1.5,))
('K.84 KernScores', 'P1', 1, (23, 25), (7,), (1.25,), (7,), (1.5,))
('K.84 KernScores', 'P1', 1, (47, 49), (11,), (2.75,), (11,), (3.25,))
('K.84 KernScores', 'P1', 1, (50, 52), (12,), (1.25,), (12,), (1.5,))
('K.84 KernScores', 'P1', 1, (125, 127), (28,), (3.25,), (28,), (3.5,))
('K.84 KernScores', 'P1', 1, (127, 129), (28,), (3.75,), (29,), (1.0,))
('K.84 KernScores', 'P1', 1, (129, 131), (29,), (1.5,), (29,), (1.75,))
('K.84 KernScores', 'P1', 1, (131, 133), (29,), (2.0,), (29,), (2.25,))
('K.84 KernScores', 'P1', 1, (133, 135), (29,), (2.5,), (29,), (2.75,))
('K.84 KernScores', 'P1', 1, (135, 137), (29,), (3.0,), (29,), (3.5,))
('K.84 KernScores', 'P1', 1, (275, 277), (59,), (3.0,), (59,), (3.25,))
('K.84 KernScores', 'P1', 1, (277, 279), (59,), (3.5,), (59,), (3.75,))
('K.84 KernScores', 'P1', 1, (286, 288), (62,), (1.5,), (62,), (1.75,))
('K.84 KernScores', 'P1', 1, (288, 290), (62,), (2.0,), (62,), (2.25,))
('K.84 KernScores', 'P1', 1, (290, 292), (62,), (2.38,), (62,), (2.5,))
('K.84 KernScores', 'P1', 1, (295, 297), (63,), (1.25,), (63,), (1.5,))
('K.84 KernScores', 'P1', 1, (297, 299), (63,), (1.75,), (63,), (2.0,))
('K.84 KernScores', 'P1', 1, (299, 301), (63,), (2.25,), (63,), (2.38,))
('K.84 KernScores', 'P1', 1, (301, 303), (63,), (2.5,), (63,), (2.75,))
('K.84 KernScores', 'P1', 1, (310, 312), (65,), (1.25,), (65,), (1.5,))
('K.84 KernScores', 'P1', 1, (312, 314), (65,), (1.75,), (65,), (2.0,))
('K.84 KernScores', 'P1', 1, (314, 316), (65,), (2.25,), (65,), (2.38,))
('K.84 KernScores', 'P1', 1, (316, 318), (65,), (2.5,), (65,), (2.75,))
('K.84 KernScores', 'P1', 1, (320, 322), (66,), (1.25,), (66,), (1.5,))
('K.84 KernScores', 'P1', 1, (322, 324), (66,), (1.75,), (66,), (2.0,))
('K.84 KernScores', 'P1', 1, (324, 326), (66,), (2.25,), (66,), (2.38,))
('K.84 KernScores', 'P1', 1, (326, 328), (66,), (2.5,), (66,), (2.75,))
('K.84 KernScores', 'P1', 1, (337, 339), (68,), (3.25,), (68,), (3.5,))
('K.84 KernScores', 'P1', 1, (339, 341), (68,), (3.75,), (69,), (1.0,))
('K.84 KernScores', 'P1', 1, (341, 343), (69,), (1.5,), (69,), (1.75,))
('K.84 KernScores', 'P1', 1, (343, 345), (69,), (2.0,), (69,), (2.25,))
('K.84 KernScores', 'P1', 1, (345, 347), (69,), (2.5,), (69,), (2.75,))
('K.84 KernScores', 'P1', 1, (347, 349), (69,), (3.0,), (69,), (3.5,))
('K.84 KernScores', 'P1', 2, (62, 64), (42,), (2.0,), (42,), (3.0,))
('K.84 KernScores', 'P1', 2, (64, 66), (43,), (1.0,), (43,), (2.0,))
('K.84 KernScores', 'P1', 2, (71, 73), (49,), (2.0,), (49,), (3.0,))
('K.84 KernScores', 'P1', 2, (95, 97), (59,), (2.25,), (59,), (2.5,))
('K.84 KernScores', 'P2', 1, (15, 17), (6,), (1.25,), (6,), (1.5,))
('K.84 KernScores', 'P2', 1, (25, 27), (8,), (1.25,), (8,), (1.5,))
('K.84 KernScores', 'P2', 1, (40, 42), (13,), (1.25,), (13,), (1.5,))
('K.84 KernScores', 'P2', 1, (50, 52), (15,), (1.25,), (15,), (1.5,))
('K.84 KernScores', 'P2', 1, (60, 62), (17,), (1.25,), (17,), (1.5,))
('K.84 KernScores', 'P2', 1, (79, 81), (28,), (1.25,), (28,), (1.5,))
('K.84 KernScores', 'P2', 1, (81, 83), (28,), (1.75,), (28,), (2.0,))
('K.84 KernScores', 'P2', 1, (83, 85), (28,), (2.25,), (28,), (2.5,))
('K.84 KernScores', 'P2', 1, (116, 118), (39,), (3.5,), (40,), (1.0,))
('K.84 KernScores', 'P2', 1, (202, 204), (68,), (1.25,), (68,), (1.5,))
('K.84 KernScores', 'P2', 1, (204, 206), (68,), (1.75,), (68,), (2.0,))
('K.84 KernScores', 'P2', 1, (206, 208), (68,), (2.25,), (68,), (2.5,))
('K.84 KernScores', 'P2', 2, (1, 3), (44,), (2.0,), (44,), (3.0,))
('K.84 KernScores', 'P2', 2, (5, 7), (46,), (2.0,), (46,), (3.0,))
('K.84 KernScores', 'P2', 2, (9, 11), (48,), (2.0,), (48,), (3.0,))

30.    ((-2, -2),):
('K.84 KernScores', 'P1', 1, (111, 113), (24,), (2.0,), (24,), (3.0,))
('K.84 KernScores', 'P1', 1, (118, 120), (26,), (3.0,), (27,), (1.0,))
('K.84 KernScores', 'P1', 1, (188, 190), (42,), (3.0,), (42,), (3.5,))
('K.84 KernScores', 'P1', 1, (195, 197), (43,), (3.0,), (43,), (3.5,))
('K.84 KernScores', 'P1', 1, (205, 207), (45,), (3.0,), (45,), (3.5,))
('K.84 KernScores', 'P1', 1, (215, 217), (47,), (3.0,), (47,), (3.5,))
('K.84 KernScores', 'P1', 1, (225, 227), (49,), (3.0,), (49,), (3.5,))
('K.84 KernScores', 'P1', 1, (228, 230), (50,), (1.0,), (50,), (2.0,))
('K.84 KernScores', 'P1', 1, (271, 273), (58,), (2.0,), (58,), (3.0,))
('K.84 KernScores', 'P1', 2, (98, 100), (64,), (1.0,), (64,), (2.0,))
('K.84 KernScores', 'P2', 1, (157, 159), (53,), (1.0,), (53,), (2.0,))
('K.84 KernScores', 'P2', 1, (160, 162), (54,), (1.0,), (54,), (2.0,))
('K.84 KernScores', 'P2', 1, (163, 165), (55,), (1.0,), (55,), (2.0,))
('K.84 KernScores', 'P2', 1, (166, 168), (56,), (1.0,), (56,), (2.0,))

31.    ((-4, 2),):
('K.84 KernScores', 'P1', 1, (34, 36), (9,), (2.0,), (9,), (2.75,))
('K.84 KernScores', 'P1', 1, (284, 286), (61,), (3.0,), (62,), (1.25,))
('K.84 KernScores', 'P1', 2, (73, 75), (50,), (1.0,), (50,), (1.5,))
('K.84 KernScores', 'P2', 1, (111, 113), (39,), (1.0,), (39,), (1.5,))
('K.84 KernScores', 'P2', 1, (113, 115), (39,), (2.0,), (39,), (2.5,))
('K.84 KernScores', 'P2', 2, (19, 21), (63,), (3.5,), (66,), (2.5,))

32.    (((6, 1), (6, 2)),):
('K.84 KernScores', 'P1', 1, (84, 86), (19,), (2.5,), (19,), (3.0,))
('K.84 KernScores', 'P1', 1, (86, 88), (19,), (3.5,), (20,), (1.0,))
('K.84 KernScores', 'P1', 1, (88, 90), (20,), (1.5,), (20,), (2.0,))
('K.84 KernScores', 'P1', 1, (90, 92), (20,), (2.5,), (20,), (3.0,))
('K.84 KernScores', 'P2', 1, (183, 185), (62,), (1.0,), (62,), (2.5,))
('K.84 KernScores', 'P2', 1, (192, 194), (65,), (1.0,), (65,), (2.5,))

33.    ((1, 1),):
('K.84 KernScores', 'P1', 1, (31, 33), (8,), (2.0,), (8,), (3.0,))
('K.84 KernScores', 'P1', 1, (279, 281), (60,), (1.0,), (60,), (2.0,))
('K.84 KernScores', 'P1', 1, (281, 283), (60,), (3.0,), (61,), (1.0,))
('K.84 KernScores', 'P2', 1, (127, 129), (43,), (1.0,), (43,), (2.0,))
('K.84 KernScores', 'P2', 2, (12, 14), (52,), (1.0,), (53,), (1.0,))
('K.84 KernScores', 'P2', 2, (14, 16), (54,), (1.0,), (55,), (1.0,))

34.    ((-3, 4),):
('K.84 KernScores', 'P1', 1, (329, 331), (66,), (3.5,), (67,), (1.0,))
('K.84 KernScores', 'P1', 2, (32, 34), (26,), (2.0,), (26,), (2.5,))
('K.84 KernScores', 'P1', 2, (86, 88), (58,), (1.0,), (58,), (1.5,))

35.    ((12, 2),):
('K.84 KernScores', 'P1', 1, (12, 14), (3,), (1.0,), (5,), (1.25,))
('K.84 KernScores', 'P1', 1, (173, 175), (39,), (3.75,), (40,), (1.5,))

36.    ((-7, 6),):
('K.84 KernScores', 'P1', 1, (331, 333), (67,), (1.5,), (67,), (2.0,))
('K.84 KernScores', 'P1', 1, (333, 335), (67,), (2.5,), (67,), (3.0,))

37.    ((5, 2),):
('K.84 KernScores', 'P2', 1, (39, 41), (12,), (1.0,), (13,), (1.25,))
('K.84 KernScores', 'P2', 1, (118, 120), (41,), (1.0,), (41,), (1.5,))

38.    ((2, -8),):
('K.84 KernScores', 'P2', 1, (85, 87), (28,), (2.75,), (28,), (3.0,))
('K.84 KernScores', 'P2', 1, (189, 191), (64,), (1.0,), (64,), (2.0,))

39.    ((-5, 1),):
('K.84 KernScores', 'P2', 1, (91, 93), (31,), (3.5,), (32,), (1.0,))
('K.84 KernScores', 'P2', 1, (126, 128), (42,), (3.0,), (43,), (1.0,))

40.    ((1, 3),):
('K.84 KernScores', 'P2', 1, (92, 94), (32,), (1.0,), (33,), (1.5,))
('K.84 KernScores', 'P2', 2, (15, 17), (55,), (1.0,), (56,), (1.0,))

41.    ((2,),):
('K.84 KernScores', 'P1', 1, (43, 44), (10,), (3.75,), (10,), (3.75,))
('K.84 KernScores', 'P1', 1, (109, 110), (23,), (3.0,), (23,), (3.0,))
('K.84 KernScores', 'P1', 1, (116, 117), (26,), (1.0,), (26,), (1.0,))
('K.84 KernScores', 'P1', 1, (163, 164), (38,), (1.5,), (38,), (1.5,))
('K.84 KernScores', 'P1', 1, (171, 172), (39,), (2.75,), (39,), (2.75,))
('K.84 KernScores', 'P1', 1, (174, 175), (40,), (1.5,), (40,), (1.5,))
('K.84 KernScores', 'P1', 1, (182, 183), (41,), (2.75,), (41,), (2.75,))
('K.84 KernScores', 'P1', 1, (184, 185), (41,), (3.75,), (41,), (3.75,))
('K.84 KernScores', 'P1', 1, (190, 191), (42,), (3.75,), (42,), (3.75,))
('K.84 KernScores', 'P1', 1, (227, 228), (49,), (3.75,), (49,), (3.75,))
('K.84 KernScores', 'P1', 1, (269, 270), (57,), (3.0,), (57,), (3.0,))
('K.84 KernScores', 'P1', 1, (292, 293), (62,), (2.75,), (62,), (2.75,))
('K.84 KernScores', 'P1', 1, (307, 308), (64,), (2.5,), (64,), (2.5,))
('K.84 KernScores', 'P1', 2, (0, 1), (9,), (2.5,), (9,), (2.5,))
('K.84 KernScores', 'P1', 2, (8, 9), (10,), (3.5,), (10,), (3.5,))
('K.84 KernScores', 'P1', 2, (12, 13), (11,), (2.5,), (11,), (2.5,))
('K.84 KernScores', 'P1', 2, (17, 18), (23,), (3.5,), (23,), (3.5,))
('K.84 KernScores', 'P1', 2, (21, 22), (24,), (2.5,), (24,), (2.5,))
('K.84 KernScores', 'P1', 2, (23, 24), (24,), (3.5,), (24,), (3.5,))
('K.84 KernScores', 'P1', 2, (27, 28), (25,), (2.5,), (25,), (2.5,))
('K.84 KernScores', 'P1', 2, (31, 32), (26,), (1.5,), (26,), (1.5,))
('K.84 KernScores', 'P1', 2, (35, 36), (26,), (3.5,), (26,), (3.5,))
('K.84 KernScores', 'P1', 2, (37, 38), (27,), (1.5,), (27,), (1.5,))
('K.84 KernScores', 'P1', 2, (52, 53), (39,), (2.5,), (39,), (2.5,))
('K.84 KernScores', 'P1', 2, (60, 61), (41,), (2.5,), (41,), (2.5,))
('K.84 KernScores', 'P1', 2, (67, 68), (45,), (2.0,), (45,), (2.0,))
('K.84 KernScores', 'P1', 2, (69, 70), (47,), (2.0,), (47,), (2.0,))
('K.84 KernScores', 'P1', 2, (81, 82), (57,), (1.5,), (57,), (1.5,))
('K.84 KernScores', 'P1', 2, (85, 86), (57,), (3.5,), (57,), (3.5,))
('K.84 KernScores', 'P1', 2, (89, 90), (58,), (2.5,), (58,), (2.5,))
('K.84 KernScores', 'P1', 2, (91, 92), (58,), (3.5,), (58,), (3.5,))
('K.84 KernScores', 'P2', 1, (36, 37), (11,), (2.5,), (11,), (2.5,))
('K.84 KernScores', 'P2', 1, (85, 86), (28,), (2.75,), (28,), (2.75,))
('K.84 KernScores', 'P2', 1, (121, 122), (41,), (2.5,), (41,), (2.5,))
('K.84 KernScores', 'P2', 1, (123, 124), (41,), (3.5,), (41,), (3.5,))
('K.84 KernScores', 'P2', 1, (156, 157), (52,), (3.0,), (52,), (3.0,))
('K.84 KernScores', 'P2', 1, (159, 160), (53,), (3.0,), (53,), (3.0,))
('K.84 KernScores', 'P2', 1, (162, 163), (54,), (3.0,), (54,), (3.0,))
('K.84 KernScores', 'P2', 1, (165, 166), (55,), (3.0,), (55,), (3.0,))
('K.84 KernScores', 'P2', 1, (189, 190), (64,), (1.0,), (64,), (1.0,))
('K.84 KernScores', 'P2', 1, (208, 209), (68,), (2.75,), (68,), (2.75,))
('K.84 KernScores', 'P2', 2, (17, 18), (63,), (2.5,), (63,), (2.5,))

42.    ((3,),):
('K.84 KernScores', 'P1', 1, (1, 2), (1,), (1.5,), (1,), (1.5,))
('K.84 KernScores', 'P1', 1, (2, 3), (1,), (2.0,), (1,), (2.0,))
('K.84 KernScores', 'P1', 1, (4, 5), (1,), (3.0,), (1,), (3.0,))
('K.84 KernScores', 'P1', 1, (5, 6), (1,), (3.5,), (1,), (3.5,))
('K.84 KernScores', 'P1', 1, (145, 146), (32,), (1.5,), (32,), (1.5,))
('K.84 KernScores', 'P1', 1, (146, 147), (32,), (2.0,), (32,), (2.0,))
('K.84 KernScores', 'P1', 1, (148, 149), (32,), (3.0,), (32,), (3.0,))
('K.84 KernScores', 'P1', 1, (149, 150), (32,), (3.5,), (32,), (3.5,))
('K.84 KernScores', 'P1', 2, (61, 62), (41,), (3.0,), (41,), (3.0,))
('K.84 KernScores', 'P2', 1, (1, 2), (3,), (1.5,), (3,), (1.5,))
('K.84 KernScores', 'P2', 1, (2, 3), (3,), (2.0,), (3,), (2.0,))
('K.84 KernScores', 'P2', 1, (4, 5), (3,), (3.0,), (3,), (3.0,))
('K.84 KernScores', 'P2', 1, (5, 6), (3,), (3.5,), (3,), (3.5,))
('K.84 KernScores', 'P2', 1, (90, 91), (31,), (3.0,), (31,), (3.0,))
('K.84 KernScores', 'P2', 1, (93, 94), (33,), (1.5,), (33,), (1.5,))
('K.84 KernScores', 'P2', 1, (94, 95), (33,), (2.0,), (33,), (2.0,))
('K.84 KernScores', 'P2', 1, (96, 97), (33,), (3.0,), (33,), (3.0,))
('K.84 KernScores', 'P2', 1, (97, 98), (33,), (3.5,), (33,), (3.5,))
('K.84 KernScores', 'P2', 1, (152, 153), (50,), (2.0,), (50,), (2.0,))
('K.84 KernScores', 'P2', 1, (191, 192), (64,), (3.0,), (64,), (3.0,))
('K.84 KernScores', 'P2', 2, (16, 17), (56,), (1.0,), (56,), (1.0,))
('K.84 KernScores', 'P2', 2, (18, 19), (63,), (3.0,), (63,), (3.0,))
('K.84 KernScores', 'P2', 2, (21, 22), (66,), (3.0,), (66,), (3.0,))

43.    ((-3,),):
('K.84 KernScores', 'P1', 1, (67, 68), (15,), (3.0,), (15,), (3.0,))
('K.84 KernScores', 'P1', 1, (75, 76), (17,), (3.0,), (17,), (3.0,))
('K.84 KernScores', 'P1', 1, (267, 268), (57,), (1.0,), (57,), (1.0,))
('K.84 KernScores', 'P1', 1, (293, 294), (62,), (3.0,), (62,), (3.0,))
('K.84 KernScores', 'P1', 1, (303, 304), (63,), (3.0,), (63,), (3.0,))
('K.84 KernScores', 'P1', 1, (318, 319), (65,), (3.0,), (65,), (3.0,))
('K.84 KernScores', 'P1', 1, (354, 355), (70,), (3.25,), (70,), (3.25,))
('K.84 KernScores', 'P1', 2, (18, 19), (24,), (1.0,), (24,), (1.0,))
('K.84 KernScores', 'P1', 2, (20, 21), (24,), (2.0,), (24,), (2.0,))
('K.84 KernScores', 'P1', 2, (24, 25), (25,), (1.0,), (25,), (1.0,))
('K.84 KernScores', 'P1', 2, (34, 35), (26,), (3.0,), (26,), (3.0,))
('K.84 KernScores', 'P1', 2, (38, 39), (27,), (2.0,), (27,), (2.0,))
('K.84 KernScores', 'P1', 2, (44, 45), (30,), (3.0,), (30,), (3.0,))
('K.84 KernScores', 'P1', 2, (68, 69), (45,), (3.0,), (45,), (3.0,))
('K.84 KernScores', 'P1', 2, (88, 89), (58,), (2.0,), (58,), (2.0,))
('K.84 KernScores', 'P1', 2, (105, 106), (70,), (3.0,), (70,), (3.0,))
('K.84 KernScores', 'P2', 1, (98, 99), (34,), (1.0,), (34,), (1.0,))
('K.84 KernScores', 'P2', 1, (168, 169), (56,), (3.0,), (56,), (3.0,))

44.    ((-4,),):
('K.84 KernScores', 'P1', 1, (7, 8), (2,), (1.5,), (2,), (1.5,))
('K.84 KernScores', 'P1', 1, (10, 11), (2,), (3.0,), (2,), (3.0,))
('K.84 KernScores', 'P1', 1, (121, 122), (27,), (3.0,), (27,), (3.0,))
('K.84 KernScores', 'P1', 1, (142, 143), (30,), (2.75,), (30,), (2.75,))
('K.84 KernScores', 'P1', 1, (353, 354), (70,), (2.75,), (70,), (2.75,))
('K.84 KernScores', 'P1', 2, (40, 41), (30,), (1.0,), (30,), (1.0,))
('K.84 KernScores', 'P1', 2, (43, 44), (30,), (2.5,), (30,), (2.5,))
('K.84 KernScores', 'P1', 2, (101, 102), (70,), (1.0,), (70,), (1.0,))
('K.84 KernScores', 'P1', 2, (104, 105), (70,), (2.5,), (70,), (2.5,))
('K.84 KernScores', 'P2', 1, (7, 8), (4,), (1.5,), (4,), (1.5,))
('K.84 KernScores', 'P2', 1, (10, 11), (4,), (3.0,), (4,), (3.0,))
('K.84 KernScores', 'P2', 1, (88, 89), (31,), (2.0,), (31,), (2.0,))
('K.84 KernScores', 'P2', 1, (133, 134), (44,), (3.0,), (44,), (3.0,))
('K.84 KernScores', 'P2', 1, (140, 141), (46,), (3.0,), (46,), (3.0,))
('K.84 KernScores', 'P2', 1, (147, 148), (48,), (3.0,), (48,), (3.0,))
('K.84 KernScores', 'P2', 1, (211, 212), (71,), (2.0,), (71,), (2.0,))
('K.84 KernScores', 'P2', 2, (3, 4), (44,), (3.5,), (44,), (3.5,))
('K.84 KernScores', 'P2', 2, (7, 8), (46,), (3.5,), (46,), (3.5,))

45.    ((4,),):
('K.84 KernScores', 'P1', 1, (3, 4), (1,), (2.5,), (1,), (2.5,))
('K.84 KernScores', 'P1', 1, (6, 7), (2,), (1.0,), (2,), (1.0,))
('K.84 KernScores', 'P1', 1, (33, 34), (9,), (1.5,), (9,), (1.5,))
('K.84 KernScores', 'P1', 1, (107, 108), (23,), (1.5,), (23,), (1.5,))
('K.84 KernScores', 'P1', 1, (147, 148), (32,), (2.5,), (32,), (2.5,))
('K.84 KernScores', 'P1', 1, (304, 305), (63,), (3.5,), (63,), (3.5,))
('K.84 KernScores', 'P1', 1, (330, 331), (67,), (1.0,), (67,), (1.0,))
('K.84 KernScores', 'P1', 2, (19, 20), (24,), (1.5,), (24,), (1.5,))
('K.84 KernScores', 'P1', 2, (33, 34), (26,), (2.5,), (26,), (2.5,))
('K.84 KernScores', 'P1', 2, (87, 88), (58,), (1.5,), (58,), (1.5,))
('K.84 KernScores', 'P2', 1, (3, 4), (3,), (2.5,), (3,), (2.5,))
('K.84 KernScores', 'P2', 1, (6, 7), (4,), (1.0,), (4,), (1.0,))
('K.84 KernScores', 'P2', 1, (95, 96), (33,), (2.5,), (33,), (2.5,))
('K.84 KernScores', 'P2', 1, (150, 151), (49,), (3.0,), (49,), (3.0,))
('K.84 KernScores', 'P2', 1, (151, 152), (50,), (1.0,), (50,), (1.0,))
('K.84 KernScores', 'P2', 1, (201, 202), (67,), (3.0,), (67,), (3.0,))

46.    ((-7,),):
('K.84 KernScores', 'P1', 1, (60, 61), (14,), (1.5,), (14,), (1.5,))
('K.84 KernScores', 'P1', 1, (230, 231), (50,), (3.0,), (50,), (3.0,))
('K.84 KernScores', 'P1', 1, (294, 295), (62,), (3.5,), (62,), (3.5,))
('K.84 KernScores', 'P1', 1, (319, 320), (65,), (3.5,), (65,), (3.5,))
('K.84 KernScores', 'P1', 1, (331, 332), (67,), (1.5,), (67,), (1.5,))
('K.84 KernScores', 'P1', 1, (333, 334), (67,), (2.5,), (67,), (2.5,))
('K.84 KernScores', 'P2', 1, (38, 39), (11,), (3.5,), (11,), (3.5,))
('K.84 KernScores', 'P2', 2, (11, 12), (48,), (3.5,), (48,), (3.5,))

47.    (((8, 8),),):
('K.84 KernScores', 'P1', 1, (185, 186), (42,), (1.5,), (42,), (1.5,))
('K.84 KernScores', 'P1', 1, (202, 203), (45,), (1.5,), (45,), (1.5,))
('K.84 KernScores', 'P1', 1, (212, 213), (47,), (1.5,), (47,), (1.5,))
('K.84 KernScores', 'P1', 1, (222, 223), (49,), (1.5,), (49,), (1.5,))
('K.84 KernScores', 'P2', 1, (0, 1), (1,), (1.0,), (1,), (1.0,))
('K.84 KernScores', 'P2', 1, (171, 172), (59,), (1.0,), (59,), (1.0,))

48.    ((12,),):
('K.84 KernScores', 'P1', 1, (12, 13), (3,), (1.0,), (3,), (1.0,))
('K.84 KernScores', 'P1', 1, (173, 174), (39,), (3.75,), (39,), (3.75,))
('K.84 KernScores', 'P1', 1, (231, 232), (51,), (1.0,), (51,), (1.0,))
('K.84 KernScores', 'P1', 2, (100, 101), (64,), (3.0,), (64,), (3.0,))
('K.84 KernScores', 'P2', 1, (12, 13), (5,), (1.0,), (5,), (1.0,))

49.    (((6, 2),),):
('K.84 KernScores', 'P1', 1, (83, 84), (19,), (2.0,), (19,), (2.0,))
('K.84 KernScores', 'P2', 1, (32, 33), (9,), (1.0,), (9,), (1.0,))
('K.84 KernScores', 'P2', 1, (57, 58), (16,), (1.0,), (16,), (1.0,))

50.    (((8, 1),),):
('K.84 KernScores', 'P2', 1, (68, 69), (18,), (2.0,), (18,), (2.0,))
('K.84 KernScores', 'P2', 1, (78, 79), (27,), (1.0,), (27,), (1.0,))
('K.84 KernScores', 'P2', 1, (109, 110), (37,), (3.5,), (37,), (3.5,))

51.    ((-8,),):
('K.84 KernScores', 'P2', 1, (198, 199), (67,), (1.0,), (67,), (1.0,))
('K.84 KernScores', 'P2', 1, (200, 201), (67,), (2.0,), (67,), (2.0,))
('K.84 KernScores', 'P2', 1, (214, 215), (71,), (3.5,), (71,), (3.5,))

52.    ((-6,),):
('K.84 KernScores', 'P1', 1, (150, 151), (33,), (1.0,), (33,), (1.0,))
('K.84 KernScores', 'P1', 1, (309, 310), (64,), (3.5,), (64,), (3.5,))

53.    ((13,),):
('K.84 KernScores', 'P1', 2, (13, 14), (11,), (3.0,), (11,), (3.0,))
('K.84 KernScores', 'P1', 2, (39, 40), (27,), (2.5,), (27,), (2.5,))

54.    ((9,),):
('K.84 KernScores', 'P1', 2, (53, 54), (39,), (3.0,), (39,), (3.0,))
('K.84 KernScores', 'P2', 1, (199, 200), (67,), (1.5,), (67,), (1.5,))

