1.    nomes:
K.492 KernScores

2.    quantidade:
1

3.    analise:
[('intDia', 'p1p2'), ('duracao', 'p1p2'), ('Ntempo', 'p1'), ('Ptempo', 'p1')] SemContInte Distancia: 0

1.    ((-3, -3, -2, -2, 9, -2, -2, -2, -2, -2, -2, -2, 6, -2, -2, -2, -2, -2, -2, -2, 7, -2, -2, -2, -2, -2, -2, -2, 7, -2, -2, -2, 2, -3), (1.0, 1.0, 2.0, 1.0, 1.0, 3.5, 0.5, 0.5, 0.5, 0.25, 0.25, 0.25, 0.25, 3.5, 0.5, 0.5, 0.5, 0.25, 0.25, 0.25, 0.25, 3.5, 0.5, 0.5, 0.5, 0.25, 0.25, 0.25, 0.25, 1.0, 1.0, 1.0, 1.0, 1.0), (1,), (0.0,)):
('K.492 KernScores', 'P1', 1, (153, 187), (35,), (1.0,), (39,), (5.0,))
('K.492 KernScores', 'P1', 1, (433, 467), (90,), (1.0,), (94,), (5.0,))

2.    ((2, 2, 2, 2, 2, 2, 2, -5, 2, 2, 2, 2, 2, 2, 2, -11, 2, 2, 2, 2, 2, 2, 2, -12, (8, 2), (8, 4), 3, 3, 4, -8, 3, 3, -5), (0.5, 0.5, 0.5, 0.25, 0.25, 0.25, 0.25, 3.5, 0.5, 0.5, 0.5, 0.25, 0.25, 0.25, 0.25, 3.5, 0.5, 0.5, 0.5, 0.25, 0.25, 0.25, 0.25, 3.0, (0.0, 3.0), (0.0, 3.0), 4.0, 1.0, 1.0, 1.0, 3.0, 1.0, 1.0), (1,), (0.5,)):
('K.492 KernScores', 'P2', 1, (172, 205), (40,), (1.5,), (45,), (6.0,))
('K.492 KernScores', 'P2', 1, (382, 415), (95,), (1.5,), (100,), (6.0,))

3.    ((-12, (8, 2), (8, 4), 2, 2, 2, 2, 2, 2, 2, -5, 2, 2, 2, 2, 2, 2, 2, -11, 2, 2, 2, 2, 2, 2, 2, -12, (8, 2)), (3.0, (0.0, 3.0), (0.0, 3.5), 0.5, 0.5, 0.5, 0.25, 0.25, 0.25, 0.25, 3.5, 0.5, 0.5, 0.5, 0.25, 0.25, 0.25, 0.25, 3.5, 0.5, 0.5, 0.5, 0.25, 0.25, 0.25, 0.25, 3.0, (0.0, 3.0)), (4,), (0.0,)):
('K.492 KernScores', 'P2', 1, (143, 171), (34,), (4.0,), (39,), (1.0,))
('K.492 KernScores', 'P2', 1, (353, 381), (89,), (4.0,), (94,), (1.0,))

4.    ((11, 2, 2, -4, 2, 2, -5, 3, (3, -2), (3, -2), (3, -2), (3, 2), -2, 2, 2, -4, 2, 2, -2, 2, -2, 2, -2, -7), (1.0, 1.0, 1.0, 1.0, 1.0, 1.0, 1.0, 1.0, (0.0, 1.0), (0.0, 1.0), (0.0, 1.0), (0.0, 1.0), 1.0, 1.0, 1.0, 1.0, 1.0, 1.0, 5.0, 1.0, 5.0, 1.0, 5.0, 1.0), (1,), (0.0,)):
('K.492 KernScores', 'P1', 1, (236, 260), (47,), (1.0,), (52,), (6.0,))
('K.492 KernScores', 'P1', 1, (516, 540), (102,), (1.0,), (107,), (6.0,))

5.    (((8, 2), (8, -5), (8, 4), (8, -2), (8, 2), (8, 2), (8, 1), -5, (8, 4), (8, -2), (8, 2), (8, 2), (8, -2), (8, -2), (8, 2), (8, 2), (8, -2), (8, -2), (8, 2), (8, 2), (8, 1), (8, -5)), ((0.0, 2.0), (0.0, 1.0), (0.0, 3.0), (0.0, 3.0), (0.0, 2.0), (0.0, 1.0), (0.0, 2.0), 1.0, (0.0, 3.0), (0.0, 3.0), (0.0, 2.0), (0.0, 1.0), (0.0, 2.0), (0.0, 1.0), (0.0, 2.0), (0.0, 1.0), (0.0, 2.0), (0.0, 1.0), (0.0, 2.0), (0.0, 1.0), (0.0, 2.0), (0.0, 1.0)), (4,), (0.0,)):
('K.492 KernScores', 'P2', 1, (206, 228), (46,), (4.0,), (52,), (6.0,))
('K.492 KernScores', 'P2', 1, (416, 438), (101,), (4.0,), (107,), (6.0,))

6.    ((1, 2, -2, -2, 1, 2, -2, -2, 1, 2, 5, 1, 2, -2, -2, 1, 2, -2, -2, 1, 2), (1.0, 1.0, 0.0, 1.0, 1.0, 1.0, 0.0, 1.0, 1.0, 1.0, 1.0, 1.0, 1.0, 0.0, 1.0, 1.0, 1.0, 0.0, 1.0, 1.0, 1.0), (5,), (0.0,)):
('K.492 KernScores', 'P1', 1, (101, 122), (20,), (5.0,), (23,), (3.0,))
('K.492 KernScores', 'P1', 1, (384, 405), (75,), (5.0,), (78,), (3.0,))

7.    ((1, (3, 2), (3, 2), (3, -3), 1, (3, 2), (3, 2), (3, -5), 2, 2, 2, -2, -2, 2, 8, -4, -3, -3, -4, 4), (3.0, (0.0, 1.0), (0.0, 1.0), (0.0, 1.0), 3.0, (0.0, 1.0), (0.0, 1.0), (0.0, 1.0), 1.0, 1.0, 1.0, 1.0, 1.0, 1.0, 1.0, 1.0, 1.0, 1.0, 1.0, 1.0), (1,), (0.0,)):
('K.492 KernScores', 'P1', 1, (0, 20), (1,), (1.0,), (4,), (6.0,))
('K.492 KernScores', 'P1', 1, (20, 40), (5,), (1.0,), (8,), (6.0,))

8.    ((-4, -3, -3, -4, -3, 13, -4, -3, -3, -4, -5, (3, -2), (3, 2), (3, 2), (3, -2), (3, -2)), (1.0, 1.0, 1.0, 1.0, 1.0, 1.0, 1.0, 1.0, 1.0, 1.0, 1.0, (0.0, 1.0), (0.0, 1.0), (0.0, 1.0), (0.0, 1.0), (0.0, 1.0)), (2,), (0.0,)):
('K.492 KernScores', 'P1', 1, (219, 235), (44,), (2.0,), (46,), (5.0,))
('K.492 KernScores', 'P1', 1, (499, 515), (99,), (2.0,), (101,), (5.0,))

9.    ((2, -4, 2, -3, 4, 2, -4, 2, -3, 4, 2, -4, 2, -3), (1.0, 1.0, 1.0, 1.0, 2.0, 1.0, 1.0, 1.0, 1.0, 2.0, 1.0, 1.0, 1.0, 1.0), (2,), (0.0,)):
('K.492 KernScores', 'P1', 2, (8, 22), (50,), (2.0,), (52,), (5.0,))
('K.492 KernScores', 'P1', 2, (31, 45), (105,), (2.0,), (107,), (5.0,))

10.    (((3, 2), (3, 2), (3, -3), (3, 2), (3, 2), (3, 2), -2, -2, 3, -2, -2, -2, 1), ((0.0, 1.0), (0.0, 1.0), (0.0, 4.0), (0.0, 1.0), (0.0, 1.0), (0.0, 4.0), 1.0, 1.0, 1.0, 1.0, 1.0, 1.0, 6.0), (1,), (0.0,)):
('K.492 KernScores', 'P2', 1, (0, 13), (1,), (1.0,), (4,), (1.0,))
('K.492 KernScores', 'P2', 1, (13, 26), (5,), (1.0,), (8,), (1.0,))

11.    ((-2, -4, (3, -2), (3, 2), (3, 2), (3, -2), (3, -2), (3, 2), 3, 1, 2), (1.0, 1.0, (0.0, 1.0), (0.0, 1.0), (0.0, 1.0), (0.0, 1.0), (0.0, 1.0), (0.0, 1.0), 1.0, 1.0, 1.0), (5,), (0.0,)):
('K.492 KernScores', 'P1', 1, (89, 100), (18,), (5.0,), (20,), (3.0,))
('K.492 KernScores', 'P1', 1, (371, 382), (73,), (5.0,), (75,), (3.0,))

12.    ((2, 2, 2, 2, 2, 2, 2, -12), (0.5, 0.5, 0.5, 0.25, 0.25, 0.25, 0.25, 3.0), (1,), (0.5,)):
('K.492 KernScores', 'P2', 1, (58, 66), (18,), (1.5,), (18,), (4.0,))
('K.492 KernScores', 'P2', 1, (269, 277), (73,), (1.5,), (73,), (4.0,))

13.    ((4, 2, -5, 6, -2), (1.0, 1.0, 1.0, 1.0, 1.0), (2,), (0.0,)):
('K.492 KernScores', 'P1', 1, (359, 364), (71,), (2.0,), (71,), (6.0,))
('K.492 KernScores', 'P1', 1, (365, 370), (72,), (2.0,), (72,), (6.0,))

14.    ((1, -2, -2, -2), (1.0, 3.0, 1.0, 2.0), (5,), (0.0,)):
('K.492 KernScores', 'P2', 1, (229, 233), (54,), (5.0,), (55,), (4.0,))
('K.492 KernScores', 'P2', 1, (234, 238), (56,), (5.0,), (57,), (4.0,))

15.    ((2, 2, 2), (1.0, 1.0, 1.0), (1,), (0.0,)):
('K.492 KernScores', 'P1', 1, (8, 11), (3,), (1.0,), (3,), (3.0,))
('K.492 KernScores', 'P1', 1, (28, 31), (7,), (1.0,), (7,), (3.0,))
('K.492 KernScores', 'P2', 1, (26, 29), (9,), (1.0,), (9,), (3.0,))
('K.492 KernScores', 'P2', 1, (30, 33), (10,), (1.0,), (10,), (3.0,))
('K.492 KernScores', 'P2', 1, (34, 37), (11,), (1.0,), (11,), (3.0,))
('K.492 KernScores', 'P2', 1, (38, 41), (12,), (1.0,), (12,), (3.0,))
('K.492 KernScores', 'P2', 1, (42, 45), (13,), (1.0,), (13,), (3.0,))
('K.492 KernScores', 'P2', 1, (46, 49), (14,), (1.0,), (14,), (3.0,))
('K.492 KernScores', 'P2', 1, (50, 53), (15,), (1.0,), (15,), (3.0,))

16.    ((-2, -2, -2), (1.0, 1.0, 1.0), (4,), (0.0,)):
('K.492 KernScores', 'P1', 1, (85, 88), (17,), (4.0,), (17,), (6.0,))
('K.492 KernScores', 'P1', 1, (301, 304), (61,), (4.0,), (61,), (6.0,))
('K.492 KernScores', 'P1', 1, (319, 322), (64,), (4.0,), (64,), (6.0,))
('K.492 KernScores', 'P1', 1, (337, 340), (67,), (4.0,), (67,), (6.0,))
('K.492 KernScores', 'P2', 1, (9, 12), (3,), (4.0,), (3,), (6.0,))
('K.492 KernScores', 'P2', 1, (22, 25), (7,), (4.0,), (7,), (6.0,))

17.    ((-2, -2, -2), (1.0, 1.0, 1.0), (2,), (0.0,)):
('K.492 KernScores', 'P1', 1, (299, 302), (61,), (2.0,), (61,), (4.0,))
('K.492 KernScores', 'P1', 1, (317, 320), (64,), (2.0,), (64,), (4.0,))
('K.492 KernScores', 'P1', 1, (335, 338), (67,), (2.0,), (67,), (4.0,))
('K.492 KernScores', 'P1', 1, (353, 356), (70,), (2.0,), (70,), (4.0,))
('K.492 KernScores', 'P1', 3, (1, 4), (80,), (2.0,), (80,), (4.0,))

18.    (((8, 6), (6, -2), (6, -2)), ((0.0, 2.0), (0.0, 1.0), (0.0, 2.0)), (1,), (0.0,)):
('K.492 KernScores', 'P2', 1, (261, 264), (71,), (1.0,), (71,), (4.0,))
('K.492 KernScores', 'P2', 1, (265, 268), (72,), (1.0,), (72,), (4.0,))

19.    ((2, -3), (1.0, 1.0), (4,), (0.0,)):
('K.492 KernScores', 'P1', 1, (185, 187), (39,), (4.0,), (39,), (5.0,))
('K.492 KernScores', 'P1', 1, (215, 217), (43,), (4.0,), (43,), (5.0,))
('K.492 KernScores', 'P1', 1, (465, 467), (94,), (4.0,), (94,), (5.0,))
('K.492 KernScores', 'P1', 1, (495, 497), (98,), (4.0,), (98,), (5.0,))
('K.492 KernScores', 'P1', 2, (10, 12), (50,), (4.0,), (50,), (5.0,))
('K.492 KernScores', 'P1', 2, (15, 17), (51,), (4.0,), (51,), (5.0,))
('K.492 KernScores', 'P1', 2, (20, 22), (52,), (4.0,), (52,), (5.0,))
('K.492 KernScores', 'P1', 2, (33, 35), (105,), (4.0,), (105,), (5.0,))
('K.492 KernScores', 'P1', 2, (38, 40), (106,), (4.0,), (106,), (5.0,))
('K.492 KernScores', 'P1', 2, (43, 45), (107,), (4.0,), (107,), (5.0,))

20.    (((3, -2), (3, -2)), ((0.0, 2.0), (0.0, 1.0)), (1,), (0.0,)):
('K.492 KernScores', 'P1', 1, (40, 42), (9,), (1.0,), (9,), (3.0,))
('K.492 KernScores', 'P1', 1, (45, 47), (10,), (1.0,), (10,), (3.0,))
('K.492 KernScores', 'P1', 1, (50, 52), (11,), (1.0,), (11,), (3.0,))
('K.492 KernScores', 'P1', 1, (55, 57), (12,), (1.0,), (12,), (3.0,))
('K.492 KernScores', 'P1', 1, (60, 62), (13,), (1.0,), (13,), (3.0,))
('K.492 KernScores', 'P1', 1, (65, 67), (14,), (1.0,), (14,), (3.0,))
('K.492 KernScores', 'P1', 1, (70, 72), (15,), (1.0,), (15,), (3.0,))
('K.492 KernScores', 'P2', 1, (79, 81), (25,), (1.0,), (25,), (3.0,))
('K.492 KernScores', 'P2', 1, (290, 292), (80,), (1.0,), (80,), (3.0,))

21.    ((-2, -2), (1.0, 1.0), (1,), (0.0,)):
('K.492 KernScores', 'P1', 1, (133, 135), (25,), (1.0,), (25,), (2.0,))
('K.492 KernScores', 'P1', 1, (182, 184), (39,), (1.0,), (39,), (2.0,))
('K.492 KernScores', 'P1', 1, (212, 214), (43,), (1.0,), (43,), (2.0,))
('K.492 KernScores', 'P1', 1, (462, 464), (94,), (1.0,), (94,), (2.0,))
('K.492 KernScores', 'P1', 1, (492, 494), (98,), (1.0,), (98,), (2.0,))
('K.492 KernScores', 'P2', 1, (6, 8), (3,), (1.0,), (3,), (2.0,))
('K.492 KernScores', 'P2', 1, (19, 21), (7,), (1.0,), (7,), (2.0,))

22.    ((-2, -2), (0.0, 1.0), (4,), (0.0,)):
('K.492 KernScores', 'P1', 1, (84, 86), (17,), (4.0,), (17,), (4.0,))
('K.492 KernScores', 'P1', 1, (382, 384), (75,), (4.0,), (75,), (4.0,))

23.    ((-2, 2), (1.0, 1.0), (4,), (0.0,)):
('K.492 KernScores', 'P1', 2, (1, 3), (25,), (4.0,), (25,), (5.0,))
('K.492 KernScores', 'P1', 3, (3, 5), (80,), (4.0,), (80,), (5.0,))

24.    ((2,), (1.0,), (3,), (0.0,)):
('K.492 KernScores', 'P1', 1, (99, 100), (20,), (3.0,), (20,), (3.0,))
('K.492 KernScores', 'P1', 1, (106, 107), (21,), (3.0,), (21,), (3.0,))
('K.492 KernScores', 'P1', 1, (113, 114), (22,), (3.0,), (22,), (3.0,))
('K.492 KernScores', 'P1', 1, (121, 122), (23,), (3.0,), (23,), (3.0,))
('K.492 KernScores', 'P1', 1, (128, 129), (24,), (3.0,), (24,), (3.0,))
('K.492 KernScores', 'P1', 1, (138, 139), (29,), (3.0,), (29,), (3.0,))
('K.492 KernScores', 'P1', 1, (149, 150), (34,), (3.0,), (34,), (3.0,))
('K.492 KernScores', 'P1', 1, (262, 263), (54,), (3.0,), (54,), (3.0,))
('K.492 KernScores', 'P1', 1, (266, 267), (55,), (3.0,), (55,), (3.0,))
('K.492 KernScores', 'P1', 1, (272, 273), (56,), (3.0,), (56,), (3.0,))
('K.492 KernScores', 'P1', 1, (276, 277), (57,), (3.0,), (57,), (3.0,))
('K.492 KernScores', 'P1', 1, (282, 283), (58,), (3.0,), (58,), (3.0,))
('K.492 KernScores', 'P1', 1, (288, 289), (59,), (3.0,), (59,), (3.0,))
('K.492 KernScores', 'P1', 1, (306, 307), (62,), (3.0,), (62,), (3.0,))
('K.492 KernScores', 'P1', 1, (312, 313), (63,), (3.0,), (63,), (3.0,))
('K.492 KernScores', 'P1', 1, (324, 325), (65,), (3.0,), (65,), (3.0,))
('K.492 KernScores', 'P1', 1, (330, 331), (66,), (3.0,), (66,), (3.0,))
('K.492 KernScores', 'P1', 1, (342, 343), (68,), (3.0,), (68,), (3.0,))
('K.492 KernScores', 'P1', 1, (348, 349), (69,), (3.0,), (69,), (3.0,))
('K.492 KernScores', 'P1', 1, (360, 361), (71,), (3.0,), (71,), (3.0,))
('K.492 KernScores', 'P1', 1, (366, 367), (72,), (3.0,), (72,), (3.0,))
('K.492 KernScores', 'P1', 1, (381, 382), (75,), (3.0,), (75,), (3.0,))
('K.492 KernScores', 'P1', 1, (389, 390), (76,), (3.0,), (76,), (3.0,))
('K.492 KernScores', 'P1', 1, (396, 397), (77,), (3.0,), (77,), (3.0,))
('K.492 KernScores', 'P1', 1, (404, 405), (78,), (3.0,), (78,), (3.0,))
('K.492 KernScores', 'P1', 1, (412, 413), (79,), (3.0,), (79,), (3.0,))
('K.492 KernScores', 'P1', 1, (429, 430), (89,), (3.0,), (89,), (3.0,))
('K.492 KernScores', 'P2', 1, (110, 111), (29,), (3.0,), (29,), (3.0,))
('K.492 KernScores', 'P2', 1, (142, 143), (34,), (3.0,), (34,), (3.0,))
('K.492 KernScores', 'P2', 1, (321, 322), (84,), (3.0,), (84,), (3.0,))

25.    ((-2,), (1.0,), (4,), (0.0,)):
('K.492 KernScores', 'P1', 1, (11, 12), (3,), (4.0,), (3,), (4.0,))
('K.492 KernScores', 'P1', 1, (31, 32), (7,), (4.0,), (7,), (4.0,))
('K.492 KernScores', 'P1', 1, (85, 86), (17,), (4.0,), (17,), (4.0,))
('K.492 KernScores', 'P1', 1, (108, 109), (21,), (4.0,), (21,), (4.0,))
('K.492 KernScores', 'P1', 1, (115, 116), (22,), (4.0,), (22,), (4.0,))
('K.492 KernScores', 'P1', 1, (283, 284), (58,), (4.0,), (58,), (4.0,))
('K.492 KernScores', 'P1', 1, (289, 290), (59,), (4.0,), (59,), (4.0,))
('K.492 KernScores', 'P1', 1, (301, 302), (61,), (4.0,), (61,), (4.0,))
('K.492 KernScores', 'P1', 1, (307, 308), (62,), (4.0,), (62,), (4.0,))
('K.492 KernScores', 'P1', 1, (313, 314), (63,), (4.0,), (63,), (4.0,))
('K.492 KernScores', 'P1', 1, (319, 320), (64,), (4.0,), (64,), (4.0,))
('K.492 KernScores', 'P1', 1, (325, 326), (65,), (4.0,), (65,), (4.0,))
('K.492 KernScores', 'P1', 1, (331, 332), (66,), (4.0,), (66,), (4.0,))
('K.492 KernScores', 'P1', 1, (337, 338), (67,), (4.0,), (67,), (4.0,))
('K.492 KernScores', 'P1', 1, (343, 344), (68,), (4.0,), (68,), (4.0,))
('K.492 KernScores', 'P1', 1, (349, 350), (69,), (4.0,), (69,), (4.0,))
('K.492 KernScores', 'P1', 1, (355, 356), (70,), (4.0,), (70,), (4.0,))
('K.492 KernScores', 'P1', 1, (383, 384), (75,), (4.0,), (75,), (4.0,))
('K.492 KernScores', 'P1', 1, (391, 392), (76,), (4.0,), (76,), (4.0,))
('K.492 KernScores', 'P1', 1, (398, 399), (77,), (4.0,), (77,), (4.0,))
('K.492 KernScores', 'P1', 1, (406, 407), (78,), (4.0,), (78,), (4.0,))
('K.492 KernScores', 'P1', 1, (414, 415), (79,), (4.0,), (79,), (4.0,))
('K.492 KernScores', 'P1', 2, (1, 2), (25,), (4.0,), (25,), (4.0,))
('K.492 KernScores', 'P1', 3, (3, 4), (80,), (4.0,), (80,), (4.0,))
('K.492 KernScores', 'P2', 1, (9, 10), (3,), (4.0,), (3,), (4.0,))
('K.492 KernScores', 'P2', 1, (22, 23), (7,), (4.0,), (7,), (4.0,))

26.    ((2,), (1.0,), (2,), (0.0,)):
('K.492 KernScores', 'P1', 1, (9, 10), (3,), (2.0,), (3,), (2.0,))
('K.492 KernScores', 'P1', 1, (29, 30), (7,), (2.0,), (7,), (2.0,))
('K.492 KernScores', 'P1', 1, (82, 83), (17,), (2.0,), (17,), (2.0,))
('K.492 KernScores', 'P1', 1, (237, 238), (47,), (2.0,), (47,), (2.0,))
('K.492 KernScores', 'P1', 1, (249, 250), (49,), (2.0,), (49,), (2.0,))
('K.492 KernScores', 'P1', 1, (293, 294), (60,), (2.0,), (60,), (2.0,))
('K.492 KernScores', 'P1', 1, (517, 518), (102,), (2.0,), (102,), (2.0,))
('K.492 KernScores', 'P1', 1, (529, 530), (104,), (2.0,), (104,), (2.0,))
('K.492 KernScores', 'P1', 2, (8, 9), (50,), (2.0,), (50,), (2.0,))
('K.492 KernScores', 'P1', 2, (13, 14), (51,), (2.0,), (51,), (2.0,))
('K.492 KernScores', 'P1', 2, (18, 19), (52,), (2.0,), (52,), (2.0,))
('K.492 KernScores', 'P1', 2, (31, 32), (105,), (2.0,), (105,), (2.0,))
('K.492 KernScores', 'P1', 2, (36, 37), (106,), (2.0,), (106,), (2.0,))
('K.492 KernScores', 'P1', 2, (41, 42), (107,), (2.0,), (107,), (2.0,))
('K.492 KernScores', 'P2', 1, (27, 28), (9,), (2.0,), (9,), (2.0,))
('K.492 KernScores', 'P2', 1, (31, 32), (10,), (2.0,), (10,), (2.0,))
('K.492 KernScores', 'P2', 1, (35, 36), (11,), (2.0,), (11,), (2.0,))
('K.492 KernScores', 'P2', 1, (39, 40), (12,), (2.0,), (12,), (2.0,))
('K.492 KernScores', 'P2', 1, (43, 44), (13,), (2.0,), (13,), (2.0,))
('K.492 KernScores', 'P2', 1, (47, 48), (14,), (2.0,), (14,), (2.0,))
('K.492 KernScores', 'P2', 1, (51, 52), (15,), (2.0,), (15,), (2.0,))

27.    ((1,), (1.0,), (5,), (0.0,)):
('K.492 KernScores', 'P1', 1, (101, 102), (20,), (5.0,), (20,), (5.0,))
('K.492 KernScores', 'P1', 1, (109, 110), (21,), (5.0,), (21,), (5.0,))
('K.492 KernScores', 'P1', 1, (116, 117), (22,), (5.0,), (22,), (5.0,))
('K.492 KernScores', 'P1', 1, (123, 124), (23,), (5.0,), (23,), (5.0,))
('K.492 KernScores', 'P1', 1, (130, 131), (24,), (5.0,), (24,), (5.0,))
('K.492 KernScores', 'P1', 1, (284, 285), (58,), (5.0,), (58,), (5.0,))
('K.492 KernScores', 'P1', 1, (290, 291), (59,), (5.0,), (59,), (5.0,))
('K.492 KernScores', 'P1', 1, (308, 309), (62,), (5.0,), (62,), (5.0,))
('K.492 KernScores', 'P1', 1, (314, 315), (63,), (5.0,), (63,), (5.0,))
('K.492 KernScores', 'P1', 1, (326, 327), (65,), (5.0,), (65,), (5.0,))
('K.492 KernScores', 'P1', 1, (332, 333), (66,), (5.0,), (66,), (5.0,))
('K.492 KernScores', 'P1', 1, (344, 345), (68,), (5.0,), (68,), (5.0,))
('K.492 KernScores', 'P1', 1, (350, 351), (69,), (5.0,), (69,), (5.0,))
('K.492 KernScores', 'P1', 1, (384, 385), (75,), (5.0,), (75,), (5.0,))
('K.492 KernScores', 'P1', 1, (392, 393), (76,), (5.0,), (76,), (5.0,))
('K.492 KernScores', 'P1', 1, (399, 400), (77,), (5.0,), (77,), (5.0,))
('K.492 KernScores', 'P1', 1, (407, 408), (78,), (5.0,), (78,), (5.0,))
('K.492 KernScores', 'P1', 1, (415, 416), (79,), (5.0,), (79,), (5.0,))
('K.492 KernScores', 'P2', 1, (229, 230), (54,), (5.0,), (54,), (5.0,))
('K.492 KernScores', 'P2', 1, (234, 235), (56,), (5.0,), (56,), (5.0,))

28.    ((-2,), (1.0,), (3,), (0.0,)):
('K.492 KernScores', 'P1', 1, (83, 84), (17,), (3.0,), (17,), (3.0,))
('K.492 KernScores', 'P1', 1, (184, 185), (39,), (3.0,), (39,), (3.0,))
('K.492 KernScores', 'P1', 1, (214, 215), (43,), (3.0,), (43,), (3.0,))
('K.492 KernScores', 'P1', 1, (300, 301), (61,), (3.0,), (61,), (3.0,))
('K.492 KernScores', 'P1', 1, (318, 319), (64,), (3.0,), (64,), (3.0,))
('K.492 KernScores', 'P1', 1, (336, 337), (67,), (3.0,), (67,), (3.0,))
('K.492 KernScores', 'P1', 1, (354, 355), (70,), (3.0,), (70,), (3.0,))
('K.492 KernScores', 'P1', 1, (418, 419), (84,), (3.0,), (84,), (3.0,))
('K.492 KernScores', 'P1', 1, (464, 465), (94,), (3.0,), (94,), (3.0,))
('K.492 KernScores', 'P1', 1, (494, 495), (98,), (3.0,), (98,), (3.0,))
('K.492 KernScores', 'P1', 3, (2, 3), (80,), (3.0,), (80,), (3.0,))
('K.492 KernScores', 'P2', 1, (231, 232), (55,), (3.0,), (55,), (3.0,))
('K.492 KernScores', 'P2', 1, (236, 237), (57,), (3.0,), (57,), (3.0,))

29.    ((-2,), (1.0,), (2,), (0.0,)):
('K.492 KernScores', 'P1', 1, (134, 135), (25,), (2.0,), (25,), (2.0,))
('K.492 KernScores', 'P1', 1, (183, 184), (39,), (2.0,), (39,), (2.0,))
('K.492 KernScores', 'P1', 1, (213, 214), (43,), (2.0,), (43,), (2.0,))
('K.492 KernScores', 'P1', 1, (299, 300), (61,), (2.0,), (61,), (2.0,))
('K.492 KernScores', 'P1', 1, (317, 318), (64,), (2.0,), (64,), (2.0,))
('K.492 KernScores', 'P1', 1, (335, 336), (67,), (2.0,), (67,), (2.0,))
('K.492 KernScores', 'P1', 1, (353, 354), (70,), (2.0,), (70,), (2.0,))
('K.492 KernScores', 'P1', 1, (463, 464), (94,), (2.0,), (94,), (2.0,))
('K.492 KernScores', 'P1', 1, (493, 494), (98,), (2.0,), (98,), (2.0,))
('K.492 KernScores', 'P1', 3, (1, 2), (80,), (2.0,), (80,), (2.0,))
('K.492 KernScores', 'P2', 1, (7, 8), (3,), (2.0,), (3,), (2.0,))
('K.492 KernScores', 'P2', 1, (20, 21), (7,), (2.0,), (7,), (2.0,))

30.    (((3, 2),), ((0.0, 1.0),), (2,), (0.0,)):
('K.492 KernScores', 'P1', 1, (76, 77), (16,), (2.0,), (16,), (2.0,))
('K.492 KernScores', 'P1', 1, (92, 93), (19,), (2.0,), (19,), (2.0,))
('K.492 KernScores', 'P1', 1, (231, 232), (46,), (2.0,), (46,), (2.0,))
('K.492 KernScores', 'P1', 1, (374, 375), (74,), (2.0,), (74,), (2.0,))
('K.492 KernScores', 'P1', 1, (511, 512), (101,), (2.0,), (101,), (2.0,))
('K.492 KernScores', 'P2', 1, (1, 2), (1,), (2.0,), (1,), (2.0,))
('K.492 KernScores', 'P2', 1, (4, 5), (2,), (2.0,), (2,), (2.0,))
('K.492 KernScores', 'P2', 1, (14, 15), (5,), (2.0,), (5,), (2.0,))
('K.492 KernScores', 'P2', 1, (17, 18), (6,), (2.0,), (6,), (2.0,))

31.    ((-3,), (1.0,), (1,), (0.0,)):
('K.492 KernScores', 'P1', 1, (142, 143), (30,), (1.0,), (30,), (1.0,))
('K.492 KernScores', 'P1', 1, (153, 154), (35,), (1.0,), (35,), (1.0,))
('K.492 KernScores', 'P1', 1, (264, 265), (55,), (1.0,), (55,), (1.0,))
('K.492 KernScores', 'P1', 1, (274, 275), (57,), (1.0,), (57,), (1.0,))
('K.492 KernScores', 'P1', 1, (358, 359), (71,), (1.0,), (71,), (1.0,))
('K.492 KernScores', 'P1', 1, (422, 423), (85,), (1.0,), (85,), (1.0,))
('K.492 KernScores', 'P1', 1, (433, 434), (90,), (1.0,), (90,), (1.0,))
('K.492 KernScores', 'P1', 3, (0, 1), (80,), (1.0,), (80,), (1.0,))

32.    ((2,), (1.0,), (5,), (0.0,)):
('K.492 KernScores', 'P1', 1, (240, 241), (47,), (5.0,), (47,), (5.0,))
('K.492 KernScores', 'P1', 1, (252, 253), (49,), (5.0,), (49,), (5.0,))
('K.492 KernScores', 'P1', 1, (296, 297), (60,), (5.0,), (60,), (5.0,))
('K.492 KernScores', 'P1', 1, (520, 521), (102,), (5.0,), (102,), (5.0,))
('K.492 KernScores', 'P1', 1, (532, 533), (104,), (5.0,), (104,), (5.0,))
('K.492 KernScores', 'P1', 2, (2, 3), (25,), (5.0,), (25,), (5.0,))
('K.492 KernScores', 'P1', 3, (4, 5), (80,), (5.0,), (80,), (5.0,))

33.    ((-4,), (1.0,), (3,), (0.0,)):
('K.492 KernScores', 'P1', 2, (9, 10), (50,), (3.0,), (50,), (3.0,))
('K.492 KernScores', 'P1', 2, (14, 15), (51,), (3.0,), (51,), (3.0,))
('K.492 KernScores', 'P1', 2, (19, 20), (52,), (3.0,), (52,), (3.0,))
('K.492 KernScores', 'P1', 2, (32, 33), (105,), (3.0,), (105,), (3.0,))
('K.492 KernScores', 'P1', 2, (37, 38), (106,), (3.0,), (106,), (3.0,))
('K.492 KernScores', 'P1', 2, (42, 43), (107,), (3.0,), (107,), (3.0,))
('K.492 KernScores', 'P2', 1, (352, 353), (89,), (3.0,), (89,), (3.0,))

34.    ((4,), (1.0,), (6,), (0.0,)):
('K.492 KernScores', 'P1', 1, (19, 20), (4,), (6.0,), (4,), (6.0,))
('K.492 KernScores', 'P1', 1, (39, 40), (8,), (6.0,), (8,), (6.0,))
('K.492 KernScores', 'P1', 1, (357, 358), (70,), (6.0,), (70,), (6.0,))
('K.492 KernScores', 'P1', 1, (432, 433), (89,), (6.0,), (89,), (6.0,))
('K.492 KernScores', 'P2', 1, (200, 201), (44,), (6.0,), (44,), (6.0,))
('K.492 KernScores', 'P2', 1, (410, 411), (99,), (6.0,), (99,), (6.0,))

35.    ((-5,), (1.0,), (6,), (0.0,)):
('K.492 KernScores', 'P1', 1, (229, 230), (45,), (6.0,), (45,), (6.0,))
('K.492 KernScores', 'P1', 1, (509, 510), (100,), (6.0,), (100,), (6.0,))
('K.492 KernScores', 'P2', 1, (204, 205), (45,), (6.0,), (45,), (6.0,))
('K.492 KernScores', 'P2', 1, (213, 214), (48,), (6.0,), (48,), (6.0,))
('K.492 KernScores', 'P2', 1, (414, 415), (100,), (6.0,), (100,), (6.0,))
('K.492 KernScores', 'P2', 1, (423, 424), (103,), (6.0,), (103,), (6.0,))

36.    ((-2,), (3.0,), (1,), (0.0,)):
('K.492 KernScores', 'P1', 2, (4, 5), (39,), (1.0,), (39,), (1.0,))
('K.492 KernScores', 'P1', 2, (6, 7), (43,), (1.0,), (43,), (1.0,))
('K.492 KernScores', 'P1', 2, (27, 28), (94,), (1.0,), (94,), (1.0,))
('K.492 KernScores', 'P1', 2, (29, 30), (98,), (1.0,), (98,), (1.0,))
('K.492 KernScores', 'P2', 1, (54, 55), (16,), (1.0,), (16,), (1.0,))

37.    ((1,), (6.0,), (1,), (0.0,)):
('K.492 KernScores', 'P2', 1, (12, 13), (4,), (1.0,), (4,), (1.0,))
('K.492 KernScores', 'P2', 1, (25, 26), (8,), (1.0,), (8,), (1.0,))
('K.492 KernScores', 'P2', 2, (4, 5), (54,), (1.0,), (54,), (1.0,))
('K.492 KernScores', 'P2', 2, (5, 6), (55,), (1.0,), (55,), (1.0,))
('K.492 KernScores', 'P2', 2, (6, 7), (56,), (1.0,), (56,), (1.0,))

38.    ((3,), (1.0,), (1,), (0.0,)):
('K.492 KernScores', 'P1', 1, (97, 98), (20,), (1.0,), (20,), (1.0,))
('K.492 KernScores', 'P1', 1, (379, 380), (75,), (1.0,), (75,), (1.0,))
('K.492 KernScores', 'P2', 1, (114, 115), (31,), (1.0,), (31,), (1.0,))
('K.492 KernScores', 'P2', 1, (325, 326), (86,), (1.0,), (86,), (1.0,))

39.    ((-3,), (1.0,), (4,), (0.0,)):
('K.492 KernScores', 'P1', 1, (100, 101), (20,), (4.0,), (20,), (4.0,))
('K.492 KernScores', 'P1', 1, (122, 123), (23,), (4.0,), (23,), (4.0,))
('K.492 KernScores', 'P1', 1, (419, 420), (84,), (4.0,), (84,), (4.0,))

40.    ((-4,), (1.0,), (6,), (0.0,)):
('K.492 KernScores', 'P1', 1, (90, 91), (18,), (6.0,), (18,), (6.0,))
('K.492 KernScores', 'P1', 1, (372, 373), (73,), (6.0,), (73,), (6.0,))
('K.492 KernScores', 'P2', 1, (238, 239), (57,), (6.0,), (57,), (6.0,))

41.    ((2,), (3.0,), (4,), (0.0,)):
('K.492 KernScores', 'P1', 1, (263, 264), (54,), (4.0,), (54,), (4.0,))
('K.492 KernScores', 'P1', 1, (273, 274), (56,), (4.0,), (56,), (4.0,))
('K.492 KernScores', 'P2', 1, (55, 56), (16,), (4.0,), (16,), (4.0,))

42.    ((2,), (3.0,), (1,), (0.0,)):
('K.492 KernScores', 'P1', 2, (25, 26), (80,), (1.0,), (80,), (1.0,))
('K.492 KernScores', 'P2', 2, (0, 1), (3,), (1.0,), (3,), (1.0,))
('K.492 KernScores', 'P2', 2, (2, 3), (7,), (1.0,), (7,), (1.0,))

43.    ((2,), (1.0,), (6,), (0.0,)):
('K.492 KernScores', 'P1', 1, (235, 236), (46,), (6.0,), (46,), (6.0,))
('K.492 KernScores', 'P1', 1, (467, 468), (94,), (6.0,), (94,), (6.0,))

44.    ((-5,), (1.0,), (1,), (0.0,)):
('K.492 KernScores', 'P1', 1, (270, 271), (56,), (1.0,), (56,), (1.0,))
('K.492 KernScores', 'P1', 1, (364, 365), (72,), (1.0,), (72,), (1.0,))

45.    (((8,),), ((0.0,),), (1,), (0.0,)):
('K.492 KernScores', 'P1', 1, (540, 541), (108,), (1.0,), (108,), (1.0,))
('K.492 KernScores', 'P2', 1, (438, 439), (108,), (1.0,), (108,), (1.0,))

