1.    nomes:
K.235 KernScores

2.    quantidade:
1

3.    analise:
[('intDia', 'p1p2')] SemContInte Distancia: 0

1.    ((-6, -2, 6, -2, -6, 2, 6, -2, -6, -2, 6, 4, -6, -2, 6, -2, -6, 2, 6, -2, -6, -2, 6),):
('K.235 KernScores', 'P1', 1, (196, 219), (72,), (1.0,), (75,), (3.0,))
('K.235 KernScores', 'P1', 1, (442, 465), (124,), (1.0,), (127,), (3.0,))

2.    ((-6, -2, 6, -2, -6, -2, 6, -2, -6, -2, 6, -2, -6, -2, 6, -7, 6, 2),):
('K.235 KernScores', 'P1', 1, (109, 127), (49,), (1.0,), (51,), (3.5,))
('K.235 KernScores', 'P1', 1, (128, 146), (53,), (1.0,), (55,), (3.5,))

3.    ((4, -6, 3, -5, 3, -5, 3, -5, 3, -5, 3, -5, 7, -2, -2, -2, -2, 2),):
('K.235 KernScores', 'P1', 1, (37, 55), (25,), (1.0,), (27,), (3.5,))
('K.235 KernScores', 'P2', 1, (76, 94), (33,), (1.0,), (35,), (3.5,))

4.    ((3, -5, 3, -5, 3, -5, 3, -5, 3, -5, 3, -5, 9, -2, -2, -2, -2),):
('K.235 KernScores', 'P1', 1, (333, 350), (101,), (1.0,), (103,), (3.0,))
('K.235 KernScores', 'P1', 1, (354, 371), (105,), (1.0,), (107,), (3.0,))

5.    ((2, 2, 2, 2, 2, 2, 2, 2, 2, 2, 2, 2, -2, -2, -4, -8),):
('K.235 KernScores', 'P2', 1, (134, 150), (57,), (1.0,), (60,), (1.0,))
('K.235 KernScores', 'P2', 1, (150, 166), (61,), (1.0,), (64,), (1.0,))

6.    ((1, 2, 2, 2, 2, 2, -2, -2, -2, 3, -2, -2, -2, -2),):
('K.235 KernScores', 'P1', 1, (181, 195), (68,), (2.5,), (71,), (3.0,))
('K.235 KernScores', 'P1', 1, (427, 441), (120,), (2.5,), (123,), (3.0,))

7.    ((-6, -2, 8, -7, 6, -5, 6, -7, 6, -7, 8, -5, 2, -8),):
('K.235 KernScores', 'P2', 1, (170, 184), (69,), (1.0,), (71,), (2.0,))
('K.235 KernScores', 'P2', 1, (310, 324), (121,), (1.0,), (123,), (2.0,))

8.    ((2, 2, 2, 2, 2, 2, 2, 2, 2, 2, 2, -2),):
('K.235 KernScores', 'P1', 1, (16, 28), (17,), (1.0,), (18,), (3.5,))
('K.235 KernScores', 'P2', 1, (53, 65), (21,), (1.5,), (23,), (1.0,))
('K.235 KernScores', 'P2', 1, (135, 147), (57,), (1.5,), (59,), (1.0,))
('K.235 KernScores', 'P2', 1, (151, 163), (61,), (1.5,), (63,), (1.0,))

9.    ((-4, -3, -3, -4, -3, 7, -2, -2, 2, 2, 7),):
('K.235 KernScores', 'P1', 1, (87, 98), (41,), (1.0,), (44,), (1.0,))
('K.235 KernScores', 'P1', 1, (98, 109), (45,), (1.0,), (48,), (1.0,))

10.    ((-4, (6, -3), (6, 3), (6, -3), (6, 3), (6, -3), (6, 3), (6, -3), (6, 3), (8, 2)),):
('K.235 KernScores', 'P1', 1, (300, 310), (93,), (4.0,), (95,), (6.0,))
('K.235 KernScores', 'P1', 1, (317, 327), (97,), (4.0,), (99,), (6.0,))

11.    ((-2, -2, -2, -2, -2, -2, -2, -2, -2),):
('K.235 KernScores', 'P1', 1, (373, 382), (110,), (1.5,), (111,), (2.5,))
('K.235 KernScores', 'P1', 1, (388, 397), (112,), (3.0,), (115,), (2.0,))

12.    ((2, 2, 2, -4, 2, 3, -2, -8, 4),):
('K.235 KernScores', 'P2', 1, (261, 270), (93,), (5.0,), (96,), (6.0,))
('K.235 KernScores', 'P2', 1, (271, 280), (97,), (4.0,), (100,), (6.0,))

13.    ((12, 4, -6, 3, -5, 3, -14, 2, 4),):
('K.235 KernScores', 'P2', 1, (287, 296), (108,), (1.0,), (111,), (1.0,))
('K.235 KernScores', 'P2', 1, (296, 305), (112,), (1.0,), (115,), (1.0,))

14.    ((-6, -2, 6, -2, -6, -2, 6, -2),):
('K.235 KernScores', 'P1', 1, (109, 117), (49,), (1.0,), (50,), (1.5,))
('K.235 KernScores', 'P1', 1, (128, 136), (53,), (1.0,), (54,), (1.5,))
('K.235 KernScores', 'P1', 2, (0, 8), (19,), (1.0,), (89,), (1.0,))

15.    (((8, 15), -4, -3, -3, -4, -5, 6, -2),):
('K.235 KernScores', 'P2', 1, (108, 116), (41,), (1.0,), (43,), (1.0,))
('K.235 KernScores', 'P2', 1, (117, 125), (45,), (1.0,), (47,), (1.0,))

16.    ((1, 2, 2, 2, 2, 2, -2),):
('K.235 KernScores', 'P1', 1, (181, 188), (68,), (2.5,), (70,), (1.0,))
('K.235 KernScores', 'P1', 1, (427, 434), (120,), (2.5,), (122,), (1.0,))
('K.235 KernScores', 'P2', 1, (11, 18), (4,), (3.0,), (6,), (3.0,))
('K.235 KernScores', 'P2', 1, (23, 30), (8,), (3.0,), (10,), (3.0,))
('K.235 KernScores', 'P2', 1, (35, 42), (12,), (3.0,), (14,), (3.0,))

17.    ((-3, -3, -2, 3, 2, -5, -2),):
('K.235 KernScores', 'P1', 1, (0, 7), (1,), (1.0,), (7,), (1.0,))
('K.235 KernScores', 'P1', 1, (8, 15), (9,), (1.0,), (15,), (1.0,))

18.    (((6, 2), (5, -7), (8, -5), (8, 10), (6, 2), (5, -7), (8, -5)),):
('K.235 KernScores', 'P2', 1, (68, 75), (25,), (1.0,), (31,), (1.0,))
('K.235 KernScores', 'P2', 1, (126, 133), (49,), (1.0,), (55,), (1.0,))

19.    ((-2, -2, 2, 2, -2),):
('K.235 KernScores', 'P1', 1, (77, 82), (36,), (1.5,), (39,), (1.5,))
('K.235 KernScores', 'P1', 1, (228, 233), (78,), (3.0,), (79,), (1.0,))

20.    ((1, 1, -2, -2, -2),):
('K.235 KernScores', 'P1', 1, (148, 153), (57,), (2.0,), (59,), (3.5,))
('K.235 KernScores', 'P1', 1, (154, 159), (61,), (2.0,), (63,), (3.5,))

21.    ((-4, -3, -3, -4),):
('K.235 KernScores', 'P1', 1, (87, 91), (41,), (1.0,), (41,), (2.5,))
('K.235 KernScores', 'P1', 1, (98, 102), (45,), (1.0,), (45,), (2.5,))
('K.235 KernScores', 'P2', 1, (109, 113), (42,), (1.0,), (42,), (2.5,))
('K.235 KernScores', 'P2', 1, (118, 122), (46,), (1.0,), (46,), (2.5,))

22.    (((4, 3, 3, 1), (4, 3, 3, -2), (5, 2, 1), (5, 2, 2)),):
('K.235 KernScores', 'P2', 1, (215, 219), (81,), (4.0,), (82,), (3.0,))
('K.235 KernScores', 'P2', 1, (219, 223), (82,), (4.0,), (83,), (3.0,))

23.    ((2, -2, 2),):
('K.235 KernScores', 'P1', 1, (54, 57), (27,), (3.5,), (28,), (2.5,))
('K.235 KernScores', 'P1', 1, (350, 353), (103,), (3.5,), (104,), (2.5,))
('K.235 KernScores', 'P1', 2, (8, 11), (89,), (3.0,), (89,), (5.5,))
('K.235 KernScores', 'P2', 1, (4, 7), (2,), (2.0,), (3,), (1.0,))
('K.235 KernScores', 'P2', 1, (16, 19), (6,), (2.0,), (7,), (1.0,))
('K.235 KernScores', 'P2', 1, (28, 31), (10,), (2.0,), (11,), (1.0,))
('K.235 KernScores', 'P2', 1, (40, 43), (14,), (2.0,), (15,), (1.0,))

24.    ((6, -7, 6),):
('K.235 KernScores', 'P1', 1, (123, 126), (51,), (2.0,), (51,), (3.0,))
('K.235 KernScores', 'P1', 1, (142, 145), (55,), (2.0,), (55,), (3.0,))
('K.235 KernScores', 'P1', 1, (162, 165), (65,), (2.0,), (65,), (3.0,))
('K.235 KernScores', 'P1', 1, (174, 177), (67,), (2.0,), (67,), (3.0,))
('K.235 KernScores', 'P2', 1, (176, 179), (70,), (1.0,), (70,), (2.0,))
('K.235 KernScores', 'P2', 1, (316, 319), (122,), (1.0,), (122,), (2.0,))

25.    ((8, -7, 6),):
('K.235 KernScores', 'P1', 1, (408, 411), (117,), (2.0,), (117,), (3.0,))
('K.235 KernScores', 'P1', 1, (420, 423), (119,), (2.0,), (119,), (3.0,))
('K.235 KernScores', 'P2', 1, (172, 175), (69,), (2.0,), (69,), (3.0,))
('K.235 KernScores', 'P2', 1, (312, 315), (121,), (2.0,), (121,), (3.0,))

26.    (((3, -2), (3, 2), (3, 2)),):
('K.235 KernScores', 'P1', 1, (284, 287), (90,), (1.0,), (90,), (3.0,))
('K.235 KernScores', 'P1', 1, (287, 290), (90,), (4.0,), (90,), (6.0,))
('K.235 KernScores', 'P1', 1, (297, 300), (92,), (5.5,), (93,), (1.0,))

27.    (((7, 2), (5, 2), (3, 1)),):
('K.235 KernScores', 'P1', 1, (293, 296), (92,), (1.0,), (92,), (3.0,))
('K.235 KernScores', 'P1', 1, (310, 313), (96,), (1.0,), (96,), (3.0,))

28.    ((7, -6, -2),):
('K.235 KernScores', 'P1', 1, (108, 111), (48,), (1.0,), (49,), (1.5,))
('K.235 KernScores', 'P2', 1, (309, 312), (120,), (1.0,), (121,), (1.5,))

29.    (((3, 4, 1), (3, 4, -2), (6, 3, 1)),):
('K.235 KernScores', 'P2', 1, (223, 226), (83,), (4.0,), (84,), (1.0,))
('K.235 KernScores', 'P2', 1, (227, 230), (84,), (4.0,), (85,), (1.0,))

30.    ((-6, -2),):
('K.235 KernScores', 'P1', 1, (109, 111), (49,), (1.0,), (49,), (1.5,))
('K.235 KernScores', 'P1', 1, (113, 115), (49,), (3.0,), (49,), (3.5,))
('K.235 KernScores', 'P1', 1, (117, 119), (50,), (2.0,), (50,), (2.5,))
('K.235 KernScores', 'P1', 1, (121, 123), (51,), (1.0,), (51,), (1.5,))
('K.235 KernScores', 'P1', 1, (128, 130), (53,), (1.0,), (53,), (1.5,))
('K.235 KernScores', 'P1', 1, (132, 134), (53,), (3.0,), (53,), (3.5,))
('K.235 KernScores', 'P1', 1, (136, 138), (54,), (2.0,), (54,), (2.5,))
('K.235 KernScores', 'P1', 1, (140, 142), (55,), (1.0,), (55,), (1.5,))
('K.235 KernScores', 'P1', 1, (166, 168), (66,), (1.0,), (66,), (1.5,))
('K.235 KernScores', 'P1', 1, (178, 180), (68,), (1.0,), (68,), (1.5,))
('K.235 KernScores', 'P1', 1, (196, 198), (72,), (1.0,), (72,), (1.5,))
('K.235 KernScores', 'P1', 1, (204, 206), (73,), (2.0,), (73,), (2.5,))
('K.235 KernScores', 'P1', 1, (208, 210), (74,), (1.0,), (74,), (1.5,))
('K.235 KernScores', 'P1', 1, (216, 218), (75,), (2.0,), (75,), (2.5,))
('K.235 KernScores', 'P1', 1, (442, 444), (124,), (1.0,), (124,), (1.5,))
('K.235 KernScores', 'P1', 1, (450, 452), (125,), (2.0,), (125,), (2.5,))
('K.235 KernScores', 'P1', 1, (454, 456), (126,), (1.0,), (126,), (1.5,))
('K.235 KernScores', 'P1', 1, (462, 464), (127,), (2.0,), (127,), (2.5,))
('K.235 KernScores', 'P1', 2, (0, 2), (19,), (1.0,), (19,), (1.5,))
('K.235 KernScores', 'P1', 2, (4, 6), (19,), (3.0,), (19,), (3.5,))
('K.235 KernScores', 'P2', 1, (170, 172), (69,), (1.0,), (69,), (1.5,))
('K.235 KernScores', 'P2', 1, (310, 312), (121,), (1.0,), (121,), (1.5,))

31.    ((6, -2),):
('K.235 KernScores', 'P1', 1, (111, 113), (49,), (2.0,), (49,), (2.5,))
('K.235 KernScores', 'P1', 1, (115, 117), (50,), (1.0,), (50,), (1.5,))
('K.235 KernScores', 'P1', 1, (119, 121), (50,), (3.0,), (50,), (3.5,))
('K.235 KernScores', 'P1', 1, (130, 132), (53,), (2.0,), (53,), (2.5,))
('K.235 KernScores', 'P1', 1, (134, 136), (54,), (1.0,), (54,), (1.5,))
('K.235 KernScores', 'P1', 1, (138, 140), (54,), (3.0,), (54,), (3.5,))
('K.235 KernScores', 'P1', 1, (198, 200), (72,), (2.0,), (72,), (2.5,))
('K.235 KernScores', 'P1', 1, (202, 204), (73,), (1.0,), (73,), (1.5,))
('K.235 KernScores', 'P1', 1, (210, 212), (74,), (2.0,), (74,), (2.5,))
('K.235 KernScores', 'P1', 1, (214, 216), (75,), (1.0,), (75,), (1.5,))
('K.235 KernScores', 'P1', 1, (444, 446), (124,), (2.0,), (124,), (2.5,))
('K.235 KernScores', 'P1', 1, (448, 450), (125,), (1.0,), (125,), (1.5,))
('K.235 KernScores', 'P1', 1, (456, 458), (126,), (2.0,), (126,), (2.5,))
('K.235 KernScores', 'P1', 1, (460, 462), (127,), (1.0,), (127,), (1.5,))
('K.235 KernScores', 'P1', 2, (2, 4), (19,), (2.0,), (19,), (2.5,))
('K.235 KernScores', 'P1', 2, (6, 8), (20,), (1.0,), (89,), (1.0,))
('K.235 KernScores', 'P2', 1, (114, 116), (42,), (3.5,), (43,), (1.0,))
('K.235 KernScores', 'P2', 1, (123, 125), (46,), (3.5,), (47,), (1.0,))

32.    ((-2, -4),):
('K.235 KernScores', 'P1', 1, (14, 16), (15,), (1.0,), (16,), (1.0,))
('K.235 KernScores', 'P2', 1, (65, 67), (23,), (2.0,), (23,), (3.0,))
('K.235 KernScores', 'P2', 1, (147, 149), (59,), (2.0,), (59,), (3.0,))
('K.235 KernScores', 'P2', 1, (163, 165), (63,), (2.0,), (63,), (3.0,))

33.    ((2, -8),):
('K.235 KernScores', 'P1', 1, (411, 413), (117,), (3.5,), (118,), (1.0,))
('K.235 KernScores', 'P1', 1, (423, 425), (119,), (3.5,), (120,), (1.0,))
('K.235 KernScores', 'P2', 1, (182, 184), (71,), (1.0,), (71,), (2.0,))
('K.235 KernScores', 'P2', 1, (322, 324), (123,), (1.0,), (123,), (2.0,))

34.    ((2, -5),):
('K.235 KernScores', 'P1', 1, (4, 6), (5,), (1.0,), (6,), (1.0,))
('K.235 KernScores', 'P1', 1, (12, 14), (13,), (1.0,), (14,), (1.0,))
('K.235 KernScores', 'P2', 1, (105, 107), (38,), (3.0,), (39,), (1.0,))

35.    ((1, 2),):
('K.235 KernScores', 'P1', 1, (169, 171), (66,), (2.5,), (66,), (3.0,))
('K.235 KernScores', 'P1', 1, (415, 417), (118,), (2.5,), (118,), (3.0,))
('K.235 KernScores', 'P2', 1, (51, 53), (20,), (1.0,), (21,), (1.0,))

36.    ((1, -2),):
('K.235 KernScores', 'P1', 1, (222, 224), (77,), (3.0,), (77,), (4.0,))
('K.235 KernScores', 'P1', 1, (282, 284), (89,), (4.0,), (89,), (6.0,))
('K.235 KernScores', 'P2', 1, (258, 260), (92,), (4.0,), (92,), (6.0,))

37.    ((-8, 2),):
('K.235 KernScores', 'P1', 1, (406, 408), (117,), (1.0,), (117,), (1.5,))
('K.235 KernScores', 'P1', 1, (418, 420), (119,), (1.0,), (119,), (1.5,))
('K.235 KernScores', 'P2', 1, (149, 151), (60,), (1.0,), (61,), (1.0,))

38.    ((2, 4),):
('K.235 KernScores', 'P1', 2, (10, 12), (89,), (5.5,), (89,), (6.0,))
('K.235 KernScores', 'P2', 1, (294, 296), (110,), (1.0,), (111,), (1.0,))
('K.235 KernScores', 'P2', 1, (303, 305), (114,), (1.0,), (115,), (1.0,))

39.    ((5, 1),):
('K.235 KernScores', 'P1', 1, (146, 148), (56,), (1.0,), (56,), (2.0,))
('K.235 KernScores', 'P1', 1, (281, 283), (88,), (6.0,), (89,), (4.0,))

40.    (((4, 3, 1), (4, 3, 1)),):
('K.235 KernScores', 'P2', 1, (199, 201), (77,), (4.0,), (77,), (6.0,))
('K.235 KernScores', 'P2', 1, (241, 243), (88,), (1.0,), (88,), (3.0,))

41.    ((-4,),):
('K.235 KernScores', 'P1', 1, (15, 16), (16,), (1.0,), (16,), (1.0,))
('K.235 KernScores', 'P1', 1, (87, 88), (41,), (1.0,), (41,), (1.0,))
('K.235 KernScores', 'P1', 1, (90, 91), (41,), (2.5,), (41,), (2.5,))
('K.235 KernScores', 'P1', 1, (98, 99), (45,), (1.0,), (45,), (1.0,))
('K.235 KernScores', 'P1', 1, (101, 102), (45,), (2.5,), (45,), (2.5,))
('K.235 KernScores', 'P1', 1, (300, 301), (93,), (4.0,), (93,), (4.0,))
('K.235 KernScores', 'P1', 1, (317, 318), (97,), (4.0,), (97,), (4.0,))
('K.235 KernScores', 'P1', 2, (14, 15), (91,), (4.0,), (91,), (4.0,))
('K.235 KernScores', 'P2', 1, (9, 10), (4,), (1.0,), (4,), (1.0,))
('K.235 KernScores', 'P2', 1, (21, 22), (8,), (1.0,), (8,), (1.0,))
('K.235 KernScores', 'P2', 1, (33, 34), (12,), (1.0,), (12,), (1.0,))
('K.235 KernScores', 'P2', 1, (45, 46), (16,), (1.0,), (16,), (1.0,))
('K.235 KernScores', 'P2', 1, (66, 67), (23,), (3.0,), (23,), (3.0,))
('K.235 KernScores', 'P2', 1, (109, 110), (42,), (1.0,), (42,), (1.0,))
('K.235 KernScores', 'P2', 1, (112, 113), (42,), (2.5,), (42,), (2.5,))
('K.235 KernScores', 'P2', 1, (118, 119), (46,), (1.0,), (46,), (1.0,))
('K.235 KernScores', 'P2', 1, (121, 122), (46,), (2.5,), (46,), (2.5,))
('K.235 KernScores', 'P2', 1, (148, 149), (59,), (3.0,), (59,), (3.0,))
('K.235 KernScores', 'P2', 1, (164, 165), (63,), (3.0,), (63,), (3.0,))
('K.235 KernScores', 'P2', 1, (264, 265), (95,), (2.0,), (95,), (2.0,))
('K.235 KernScores', 'P2', 1, (274, 275), (99,), (1.0,), (99,), (1.0,))
('K.235 KernScores', 'P2', 1, (305, 306), (116,), (1.0,), (116,), (1.0,))

42.    ((4,),):
('K.235 KernScores', 'P1', 1, (32, 33), (20,), (3.0,), (20,), (3.0,))
('K.235 KernScores', 'P1', 1, (37, 38), (25,), (1.0,), (25,), (1.0,))
('K.235 KernScores', 'P1', 1, (58, 59), (29,), (1.0,), (29,), (1.0,))
('K.235 KernScores', 'P1', 1, (153, 154), (60,), (1.0,), (60,), (1.0,))
('K.235 KernScores', 'P1', 1, (195, 196), (71,), (3.5,), (71,), (3.5,))
('K.235 KernScores', 'P1', 1, (207, 208), (73,), (3.5,), (73,), (3.5,))
('K.235 KernScores', 'P1', 1, (387, 388), (112,), (2.5,), (112,), (2.5,))
('K.235 KernScores', 'P1', 1, (453, 454), (125,), (3.5,), (125,), (3.5,))
('K.235 KernScores', 'P1', 2, (11, 12), (89,), (6.0,), (89,), (6.0,))
('K.235 KernScores', 'P2', 1, (76, 77), (33,), (1.0,), (33,), (1.0,))
('K.235 KernScores', 'P2', 1, (95, 96), (37,), (1.0,), (37,), (1.0,))
('K.235 KernScores', 'P2', 1, (184, 185), (71,), (3.0,), (71,), (3.0,))
('K.235 KernScores', 'P2', 1, (190, 191), (73,), (3.0,), (73,), (3.0,))
('K.235 KernScores', 'P2', 1, (269, 270), (96,), (6.0,), (96,), (6.0,))
('K.235 KernScores', 'P2', 1, (279, 280), (100,), (6.0,), (100,), (6.0,))
('K.235 KernScores', 'P2', 1, (288, 289), (109,), (1.0,), (109,), (1.0,))
('K.235 KernScores', 'P2', 1, (295, 296), (111,), (1.0,), (111,), (1.0,))
('K.235 KernScores', 'P2', 1, (297, 298), (113,), (1.0,), (113,), (1.0,))
('K.235 KernScores', 'P2', 1, (304, 305), (115,), (1.0,), (115,), (1.0,))
('K.235 KernScores', 'P2', 1, (336, 337), (127,), (3.0,), (127,), (3.0,))

43.    ((3,),):
('K.235 KernScores', 'P1', 1, (3, 4), (4,), (1.0,), (4,), (1.0,))
('K.235 KernScores', 'P1', 1, (11, 12), (12,), (1.0,), (12,), (1.0,))
('K.235 KernScores', 'P1', 1, (190, 191), (71,), (1.0,), (71,), (1.0,))
('K.235 KernScores', 'P1', 1, (241, 242), (80,), (6.0,), (80,), (6.0,))
('K.235 KernScores', 'P1', 1, (246, 247), (81,), (6.0,), (81,), (6.0,))
('K.235 KernScores', 'P1', 1, (251, 252), (82,), (6.0,), (82,), (6.0,))
('K.235 KernScores', 'P1', 1, (256, 257), (83,), (6.0,), (83,), (6.0,))
('K.235 KernScores', 'P1', 1, (261, 262), (84,), (6.0,), (84,), (6.0,))
('K.235 KernScores', 'P1', 1, (266, 267), (85,), (6.0,), (85,), (6.0,))
('K.235 KernScores', 'P1', 1, (271, 272), (86,), (6.0,), (86,), (6.0,))
('K.235 KernScores', 'P1', 1, (276, 277), (87,), (6.0,), (87,), (6.0,))
('K.235 KernScores', 'P1', 1, (385, 386), (112,), (1.5,), (112,), (1.5,))
('K.235 KernScores', 'P1', 1, (386, 387), (112,), (2.0,), (112,), (2.0,))
('K.235 KernScores', 'P1', 1, (398, 399), (115,), (3.0,), (115,), (3.0,))
('K.235 KernScores', 'P1', 1, (436, 437), (123,), (1.0,), (123,), (1.0,))
('K.235 KernScores', 'P2', 1, (257, 258), (92,), (3.0,), (92,), (3.0,))

44.    ((1,),):
('K.235 KernScores', 'P1', 1, (28, 29), (19,), (3.0,), (19,), (3.0,))
('K.235 KernScores', 'P1', 1, (36, 37), (24,), (1.0,), (24,), (1.0,))
('K.235 KernScores', 'P1', 1, (147, 148), (56,), (2.0,), (56,), (2.0,))
('K.235 KernScores', 'P1', 1, (148, 149), (57,), (2.0,), (57,), (2.0,))
('K.235 KernScores', 'P1', 1, (149, 150), (58,), (2.0,), (58,), (2.0,))
('K.235 KernScores', 'P1', 1, (154, 155), (61,), (2.0,), (61,), (2.0,))
('K.235 KernScores', 'P1', 1, (155, 156), (62,), (2.0,), (62,), (2.0,))
('K.235 KernScores', 'P1', 1, (220, 221), (76,), (1.0,), (76,), (1.0,))
('K.235 KernScores', 'P1', 1, (221, 222), (77,), (1.0,), (77,), (1.0,))
('K.235 KernScores', 'P1', 1, (316, 317), (97,), (1.0,), (97,), (1.0,))
('K.235 KernScores', 'P2', 1, (47, 48), (16,), (3.0,), (16,), (3.0,))
('K.235 KernScores', 'P2', 1, (245, 246), (89,), (1.0,), (89,), (1.0,))
('K.235 KernScores', 'P2', 1, (256, 257), (92,), (1.0,), (92,), (1.0,))

45.    ((8,),):
('K.235 KernScores', 'P1', 1, (86, 87), (40,), (1.0,), (40,), (1.0,))
('K.235 KernScores', 'P1', 1, (127, 128), (52,), (1.0,), (52,), (1.0,))
('K.235 KernScores', 'P1', 1, (353, 354), (104,), (3.0,), (104,), (3.0,))
('K.235 KernScores', 'P2', 1, (180, 181), (70,), (3.0,), (70,), (3.0,))
('K.235 KernScores', 'P2', 1, (320, 321), (122,), (3.0,), (122,), (3.0,))

46.    (((3, 1),),):
('K.235 KernScores', 'P1', 1, (295, 296), (92,), (3.0,), (92,), (3.0,))
('K.235 KernScores', 'P1', 1, (312, 313), (96,), (3.0,), (96,), (3.0,))
('K.235 KernScores', 'P1', 2, (13, 14), (91,), (3.0,), (91,), (3.0,))
('K.235 KernScores', 'P2', 1, (205, 206), (79,), (1.0,), (79,), (1.0,))

47.    ((-3,),):
('K.235 KernScores', 'P1', 1, (91, 92), (41,), (3.0,), (41,), (3.0,))
('K.235 KernScores', 'P1', 1, (102, 103), (45,), (3.0,), (45,), (3.0,))
('K.235 KernScores', 'P1', 1, (384, 385), (112,), (1.0,), (112,), (1.0,))
('K.235 KernScores', 'P2', 1, (260, 261), (93,), (1.0,), (93,), (1.0,))

48.    (((5, 2),),):
('K.235 KernScores', 'P1', 1, (294, 295), (92,), (2.5,), (92,), (2.5,))
('K.235 KernScores', 'P1', 1, (311, 312), (96,), (2.5,), (96,), (2.5,))
('K.235 KernScores', 'P2', 1, (234, 235), (86,), (3.0,), (86,), (3.0,))
('K.235 KernScores', 'P2', 1, (281, 282), (102,), (1.0,), (102,), (1.0,))

49.    (((8, 4),),):
('K.235 KernScores', 'P2', 1, (280, 281), (101,), (1.0,), (101,), (1.0,))
('K.235 KernScores', 'P2', 1, (286, 287), (107,), (1.0,), (107,), (1.0,))
('K.235 KernScores', 'P2', 1, (306, 307), (117,), (1.0,), (117,), (1.0,))
('K.235 KernScores', 'P2', 1, (308, 309), (119,), (1.0,), (119,), (1.0,))

50.    ((-7,),):
('K.235 KernScores', 'P1', 1, (292, 293), (91,), (6.0,), (91,), (6.0,))
('K.235 KernScores', 'P2', 1, (179, 180), (70,), (2.5,), (70,), (2.5,))
('K.235 KernScores', 'P2', 1, (319, 320), (122,), (2.5,), (122,), (2.5,))

51.    (((4, 1),),):
('K.235 KernScores', 'P2', 1, (203, 204), (78,), (4.0,), (78,), (4.0,))
('K.235 KernScores', 'P2', 1, (204, 205), (78,), (6.0,), (78,), (6.0,))
('K.235 KernScores', 'P2', 1, (206, 207), (79,), (3.0,), (79,), (3.0,))

52.    (((5, 2, 1),),):
('K.235 KernScores', 'P2', 1, (213, 214), (81,), (1.0,), (81,), (1.0,))
('K.235 KernScores', 'P2', 1, (237, 238), (87,), (1.0,), (87,), (1.0,))
('K.235 KernScores', 'P2', 1, (238, 239), (87,), (3.0,), (87,), (3.0,))

53.    (((4, 2, 3, 1),),):
('K.235 KernScores', 'P2', 1, (239, 240), (87,), (4.0,), (87,), (4.0,))
('K.235 KernScores', 'P2', 1, (240, 241), (87,), (6.0,), (87,), (6.0,))
('K.235 KernScores', 'P2', 1, (243, 244), (88,), (4.0,), (88,), (4.0,))

54.    ((-9,),):
('K.235 KernScores', 'P1', 1, (171, 172), (66,), (3.5,), (66,), (3.5,))
('K.235 KernScores', 'P1', 1, (417, 418), (118,), (3.5,), (118,), (3.5,))

55.    (((3, 2),),):
('K.235 KernScores', 'P1', 1, (313, 314), (96,), (4.0,), (96,), (4.0,))
('K.235 KernScores', 'P1', 1, (315, 316), (96,), (6.0,), (96,), (6.0,))

56.    (((3, -3),),):
('K.235 KernScores', 'P1', 1, (314, 315), (96,), (5.5,), (96,), (5.5,))
('K.235 KernScores', 'P1', 2, (12, 13), (91,), (1.0,), (91,), (1.0,))

57.    ((11,),):
('K.235 KernScores', 'P1', 1, (441, 442), (123,), (3.5,), (123,), (3.5,))
('K.235 KernScores', 'P2', 1, (324, 325), (123,), (3.0,), (123,), (3.0,))

58.    (((8,),),):
('K.235 KernScores', 'P1', 1, (466, 467), (128,), (1.0,), (128,), (1.0,))
('K.235 KernScores', 'P2', 1, (337, 338), (128,), (1.0,), (128,), (1.0,))

59.    (((6, 2),),):
('K.235 KernScores', 'P2', 1, (49, 50), (19,), (2.0,), (19,), (2.0,))
('K.235 KernScores', 'P2', 1, (255, 256), (91,), (6.0,), (91,), (6.0,))

60.    (((5, 4, 4),),):
('K.235 KernScores', 'P2', 1, (166, 167), (65,), (1.0,), (65,), (1.0,))
('K.235 KernScores', 'P2', 1, (168, 169), (67,), (1.0,), (67,), (1.0,))

61.    (((8, 3),),):
('K.235 KernScores', 'P2', 1, (253, 254), (91,), (3.0,), (91,), (3.0,))
('K.235 KernScores', 'P2', 1, (270, 271), (97,), (1.0,), (97,), (1.0,))

