1.    nomes:
K.93 KernScores

2.    quantidade:
1

3.    analise:
[('intDia', 'p1p2')] SemContInte Distancia: 0

1.    ((2, 2, 2, -2, -2, -2, -2, -2, -2, -2, -2, -3, 1, 1, 4, 2, 2, 2, 2, 2, 2, -3, 2),):
('K.93 KernScores', 'P2', 1, (18, 41), (4,), (2.25,), (7,), (2.75,))
('K.93 KernScores', 'P2', 1, (46, 69), (8,), (2.25,), (11,), (2.75,))

2.    ((2, 2, 2, 2, 2, 2, 2, 2, -2, -2, -2, -2, -2, -2, -2, -2, -2, -2, 4),):
('K.93 KernScores', 'P2', 1, (71, 90), (13,), (1.0,), (15,), (2.0,))
('K.93 KernScores', 'P2', 1, (425, 444), (73,), (1.0,), (75,), (2.0,))

3.    ((2, 2, -3, -2, -2, -2, -2, -2, -2, -2, -2, -2, 2, 2, 2, 2),):
('K.93 KernScores', 'P1', 1, (76, 92), (20,), (2.0,), (22,), (1.75,))
('K.93 KernScores', 'P1', 1, (268, 284), (62,), (2.0,), (64,), (1.75,))

4.    (((3, -2), (3, -2), (3, -2), (6, -2), (6, 3), (3, -2), (3, -2), (6, -2), (6, -2), (6, -2), (6, 3), (3, -2), (3, -2), (6, -2), (6, 3), (3, -2)),):
('K.93 KernScores', 'P1', 1, (493, 509), (105,), (1.0,), (106,), (2.75,))
('K.93 KernScores', 'P1', 1, (509, 525), (107,), (1.0,), (108,), (2.75,))

5.    ((2, 2, 2, 2, 2, 2, -3, 2, -2, -2, 2, 2, 2, 2, 2, 2),):
('K.93 KernScores', 'P1', 1, (22, 38), (10,), (1.0,), (12,), (2.25,))
('K.93 KernScores', 'P2', 1, (61, 77), (11,), (1.0,), (13,), (2.25,))

6.    ((2, 2, 2, 5, -3, -3, -3, -2, 2, 2, 2, 2, 2, 2, -3),):
('K.93 KernScores', 'P1', 1, (94, 109), (23,), (1.25,), (26,), (1.5,))
('K.93 KernScores', 'P2', 1, (233, 248), (43,), (2.25,), (46,), (2.5,))

7.    ((4, -2, -3, -3, -2, 2, 2, 2, 2, 2, 2, -3, 2, -2),):
('K.93 KernScores', 'P1', 1, (1, 15), (4,), (1.0,), (7,), (1.0,))
('K.93 KernScores', 'P2', 1, (289, 303), (52,), (1.0,), (55,), (1.0,))

8.    ((-2, -2, -2, 2, 2, 2, 2, -2, -2, -2, -2, -2, -2, -2),):
('K.93 KernScores', 'P1', 1, (356, 370), (79,), (1.25,), (81,), (1.0,))
('K.93 KernScores', 'P2', 1, (14, 28), (4,), (1.25,), (5,), (2.5,))

9.    ((5, -3, -3, -3, -2, 2, 2, 2, 2, 2, 2, -3, 2, 2),):
('K.93 KernScores', 'P2', 1, (0, 14), (1,), (1.0,), (4,), (1.0,))
('K.93 KernScores', 'P2', 1, (355, 369), (62,), (2.0,), (65,), (2.0,))

10.    (((6, 2), (6, 2), (6, -2), (6, -2), (6, -2), (8, 9), 2, -2, (3, -2), (3, -2), (3, 2), (3, 2)),):
('K.93 KernScores', 'P1', 1, (405, 417), (87,), (2.5,), (89,), (2.0,))
('K.93 KernScores', 'P1', 1, (423, 435), (90,), (2.5,), (92,), (2.0,))

11.    (((3, 2), (3, 2), (3, 2), (3, -3), (3, 2), (3, 2), (3, 2), (3, -3), (6, 2), (6, 2), (6, 2), (6, -3)),):
('K.93 KernScores', 'P1', 1, (472, 484), (102,), (1.75,), (103,), (2.5,))
('K.93 KernScores', 'P1', 1, (536, 548), (110,), (1.75,), (111,), (2.5,))

12.    ((2, 2, 2, 2, 2, 2, -3, 2, -2, -2, -2, -2),):
('K.93 KernScores', 'P2', 1, (177, 189), (33,), (1.0,), (34,), (2.75,))
('K.93 KernScores', 'P2', 1, (294, 306), (54,), (1.0,), (55,), (1.75,))

13.    ((-2, -2, -2, -2, -2, -2, -2, -2, -2, -2, 4),):
('K.93 KernScores', 'P1', 2, (86, 97), (60,), (1.0,), (61,), (1.5,))
('K.93 KernScores', 'P2', 1, (79, 90), (14,), (1.0,), (15,), (2.0,))
('K.93 KernScores', 'P2', 1, (343, 354), (61,), (1.0,), (62,), (1.5,))
('K.93 KernScores', 'P2', 1, (433, 444), (74,), (1.0,), (75,), (2.0,))

14.    ((-2, -2, -2, -2, -2, -2, 4, -2, -2, -2, -2),):
('K.93 KernScores', 'P1', 1, (443, 454), (96,), (2.0,), (98,), (1.25,))
('K.93 KernScores', 'P1', 2, (90, 101), (60,), (2.0,), (62,), (1.25,))
('K.93 KernScores', 'P1', 2, (179, 190), (96,), (1.0,), (97,), (1.75,))

15.    ((-2, -2, -2, -2, -2, -2, -2, -2, -2, 2),):
('K.93 KernScores', 'P1', 1, (79, 89), (20,), (2.75,), (22,), (1.0,))
('K.93 KernScores', 'P1', 1, (271, 281), (62,), (2.75,), (64,), (1.0,))
('K.93 KernScores', 'P1', 1, (327, 337), (74,), (1.0,), (75,), (1.25,))
('K.93 KernScores', 'P2', 1, (562, 572), (95,), (2.75,), (97,), (1.0,))

16.    ((-2, 2, 2, 2, 2, 2, 2, -3, -2, (3, -2)),):
('K.93 KernScores', 'P1', 1, (31, 41), (11,), (2.0,), (13,), (1.0,))
('K.93 KernScores', 'P1', 1, (101, 111), (25,), (1.0,), (26,), (2.0,))

17.    ((-2, -2, -2, -2, -2, -2, -2, -2, -2),):
('K.93 KernScores', 'P1', 1, (79, 88), (20,), (2.75,), (21,), (2.75,))
('K.93 KernScores', 'P1', 1, (271, 280), (62,), (2.75,), (63,), (2.75,))
('K.93 KernScores', 'P1', 1, (327, 336), (74,), (1.0,), (75,), (1.0,))
('K.93 KernScores', 'P1', 2, (86, 95), (60,), (1.0,), (61,), (1.0,))
('K.93 KernScores', 'P2', 1, (79, 88), (14,), (1.0,), (15,), (1.0,))
('K.93 KernScores', 'P2', 1, (130, 139), (24,), (2.0,), (25,), (2.0,))
('K.93 KernScores', 'P2', 1, (331, 340), (59,), (1.5,), (60,), (1.5,))
('K.93 KernScores', 'P2', 1, (343, 352), (61,), (1.0,), (62,), (1.0,))
('K.93 KernScores', 'P2', 1, (384, 393), (67,), (2.0,), (68,), (2.75,))
('K.93 KernScores', 'P2', 1, (394, 403), (69,), (1.25,), (70,), (1.25,))
('K.93 KernScores', 'P2', 1, (433, 442), (74,), (1.0,), (75,), (1.5,))
('K.93 KernScores', 'P2', 1, (560, 569), (95,), (2.25,), (96,), (2.25,))
('K.93 KernScores', 'P2', 1, (583, 592), (100,), (2.0,), (101,), (2.0,))

18.    ((-2, -2, -2, -2, 5, -2, -2, -2, -2),):
('K.93 KernScores', 'P1', 1, (256, 265), (59,), (2.0,), (61,), (2.25,))
('K.93 KernScores', 'P1', 1, (302, 311), (68,), (1.75,), (69,), (2.25,))

19.    ((-2, -2, -2, -2, -2, (8, 7), -2, -2, -2),):
('K.93 KernScores', 'P1', 1, (123, 132), (29,), (2.75,), (30,), (2.75,))
('K.93 KernScores', 'P2', 1, (546, 555), (93,), (2.75,), (94,), (2.75,))

20.    ((2, 2, 2, 2, 2, -2, -2, -2),):
('K.93 KernScores', 'P1', 1, (296, 304), (66,), (2.0,), (68,), (2.0,))
('K.93 KernScores', 'P1', 2, (20, 28), (32,), (1.0,), (37,), (1.5,))
('K.93 KernScores', 'P2', 1, (151, 159), (27,), (1.75,), (28,), (2.0,))

21.    ((2, 2, 2, -5, 2, 2, 2, 2),):
('K.93 KernScores', 'P1', 1, (184, 192), (42,), (2.0,), (43,), (1.75,))
('K.93 KernScores', 'P1', 2, (16, 24), (29,), (1.25,), (32,), (1.75,))

22.    ((2, 2, -5, 8, -2, -2, -2, -2),):
('K.93 KernScores', 'P1', 1, (350, 358), (78,), (1.25,), (79,), (1.5,))
('K.93 KernScores', 'P1', 2, (47, 55), (43,), (2.25,), (45,), (1.75,))

23.    ((-2, -2, -2, -2, -2, -2, 5, 2),):
('K.93 KernScores', 'P1', 1, (364, 372), (80,), (2.0,), (81,), (2.0,))
('K.93 KernScores', 'P1', 2, (31, 39), (37,), (2.5,), (41,), (1.25,))

24.    ((-2, -2, 2, 2, 2, -5, 2, 2),):
('K.93 KernScores', 'P1', 1, (182, 190), (42,), (1.0,), (43,), (1.25,))
('K.93 KernScores', 'P2', 1, (187, 195), (34,), (2.5,), (35,), (2.25,))

25.    ((-2, -2, -2, -2, -2, 3, 2, 2),):
('K.93 KernScores', 'P1', 1, (197, 205), (44,), (1.75,), (46,), (1.25,))
('K.93 KernScores', 'P2', 1, (398, 406), (69,), (2.25,), (70,), (2.0,))

26.    ((4, -2, -2, -2, -2, -2, -2, 5),):
('K.93 KernScores', 'P1', 2, (30, 38), (37,), (2.25,), (38,), (2.75,))
('K.93 KernScores', 'P1', 2, (185, 193), (96,), (2.5,), (97,), (2.5,))

27.    ((-2, -2, -2, -2, -2, -2, 3, -2),):
('K.93 KernScores', 'P1', 2, (75, 83), (58,), (1.0,), (58,), (2.75,))
('K.93 KernScores', 'P1', 2, (148, 156), (83,), (1.25,), (90,), (1.0,))

28.    ((2, 2, -2, -2, -2, 2, 2, 2),):
('K.93 KernScores', 'P1', 2, (38, 46), (41,), (1.25,), (42,), (1.75,))
('K.93 KernScores', 'P2', 1, (12, 20), (3,), (2.75,), (4,), (2.5,))

29.    ((3, 2, 2, 2, 2, 2, 2, 2),):
('K.93 KernScores', 'P1', 2, (102, 110), (62,), (2.0,), (67,), (2.5,))
('K.93 KernScores', 'P2', 1, (418, 426), (72,), (1.25,), (73,), (1.0,))

30.    ((-2, -2, -2, -2, 3, 2, 2, 2),):
('K.93 KernScores', 'P1', 2, (125, 133), (79,), (1.0,), (80,), (1.5,))
('K.93 KernScores', 'P2', 1, (399, 407), (69,), (2.5,), (70,), (2.25,))

31.    ((2, 2, 2, 2, -2, 2, -3, 2),):
('K.93 KernScores', 'P1', 2, (135, 143), (81,), (2.0,), (82,), (1.75,))
('K.93 KernScores', 'P2', 1, (472, 480), (81,), (2.0,), (82,), (1.75,))

32.    ((2, 2, 2, 2, 2, 2, 2),):
('K.93 KernScores', 'P1', 1, (58, 65), (17,), (2.0,), (18,), (2.0,))
('K.93 KernScores', 'P1', 1, (280, 287), (64,), (1.0,), (65,), (1.0,))
('K.93 KernScores', 'P1', 2, (103, 110), (67,), (1.0,), (67,), (2.5,))
('K.93 KernScores', 'P2', 1, (71, 78), (13,), (1.0,), (13,), (2.5,))
('K.93 KernScores', 'P2', 1, (141, 148), (26,), (1.25,), (26,), (2.75,))
('K.93 KernScores', 'P2', 1, (168, 175), (31,), (2.0,), (32,), (1.5,))
('K.93 KernScores', 'P2', 1, (281, 288), (51,), (1.0,), (51,), (2.5,))
('K.93 KernScores', 'P2', 1, (310, 317), (56,), (1.0,), (56,), (2.5,))
('K.93 KernScores', 'P2', 1, (367, 374), (65,), (1.75,), (66,), (1.25,))
('K.93 KernScores', 'P2', 1, (375, 382), (66,), (1.75,), (67,), (1.25,))
('K.93 KernScores', 'P2', 1, (419, 426), (72,), (1.5,), (73,), (1.0,))
('K.93 KernScores', 'P2', 1, (426, 433), (73,), (1.25,), (73,), (2.75,))

33.    ((-2, -2, -2, -2, -2, -2, 4),):
('K.93 KernScores', 'P1', 1, (443, 450), (96,), (2.0,), (97,), (2.0,))
('K.93 KernScores', 'P1', 2, (179, 186), (96,), (1.0,), (96,), (2.5,))
('K.93 KernScores', 'P2', 1, (197, 204), (36,), (1.0,), (37,), (1.0,))
('K.93 KernScores', 'P2', 1, (302, 309), (55,), (1.0,), (55,), (2.5,))
('K.93 KernScores', 'P2', 1, (322, 329), (57,), (2.0,), (58,), (2.0,))

34.    ((4, -2, -2, -2, -2, -2, -2),):
('K.93 KernScores', 'P1', 2, (30, 37), (37,), (2.25,), (38,), (2.5,))
('K.93 KernScores', 'P1', 2, (185, 192), (96,), (2.5,), (97,), (2.25,))
('K.93 KernScores', 'P2', 1, (196, 203), (35,), (2.75,), (36,), (2.75,))
('K.93 KernScores', 'P2', 1, (451, 458), (77,), (2.0,), (79,), (1.0,))

35.    ((-2, -2, -2, -2, 3, -2, -2),):
('K.93 KernScores', 'P1', 1, (192, 199), (43,), (2.0,), (44,), (2.0,))
('K.93 KernScores', 'P1', 2, (59, 66), (53,), (1.0,), (53,), (2.5,))
('K.93 KernScores', 'P1', 2, (150, 157), (83,), (1.75,), (90,), (1.25,))

36.    ((3, 2, 2, -2, -2, 3, -2),):
('K.93 KernScores', 'P1', 1, (202, 209), (45,), (1.0,), (46,), (2.75,))
('K.93 KernScores', 'P1', 1, (235, 242), (53,), (1.0,), (54,), (2.75,))

37.    ((2, 2, 2, 2, -6, -2, -2),):
('K.93 KernScores', 'P1', 2, (0, 7), (15,), (1.0,), (15,), (2.5,))
('K.93 KernScores', 'P1', 2, (106, 113), (67,), (1.75,), (69,), (1.25,))

38.    ((2, 2, 2, -2, -2, -2, 2),):
('K.93 KernScores', 'P1', 2, (22, 29), (32,), (1.5,), (37,), (1.75,))
('K.93 KernScores', 'P1', 2, (218, 225), (114,), (1.0,), (115,), (2.0,))

39.    ((2, -2, -2, -2, 2, 2, 2),):
('K.93 KernScores', 'P1', 2, (214, 221), (113,), (1.25,), (114,), (1.5,))
('K.93 KernScores', 'P2', 1, (277, 284), (50,), (2.0,), (51,), (1.5,))

40.    ((-2, -2, -2, -2, -2, -2),):
('K.93 KernScores', 'P1', 1, (316, 322), (70,), (2.0,), (71,), (1.75,))
('K.93 KernScores', 'P1', 2, (75, 81), (58,), (1.0,), (58,), (2.25,))
('K.93 KernScores', 'P1', 2, (148, 154), (83,), (1.25,), (83,), (2.5,))
('K.93 KernScores', 'P1', 2, (165, 171), (94,), (1.0,), (94,), (2.25,))
('K.93 KernScores', 'P1', 2, (172, 178), (95,), (1.0,), (95,), (2.25,))
('K.93 KernScores', 'P2', 1, (452, 458), (78,), (1.0,), (79,), (1.0,))

41.    ((-2, -2, -2, 2, 2, 2),):
('K.93 KernScores', 'P1', 1, (133, 139), (31,), (1.25,), (31,), (2.5,))
('K.93 KernScores', 'P1', 2, (40, 46), (41,), (1.75,), (42,), (1.75,))
('K.93 KernScores', 'P1', 2, (215, 221), (113,), (1.5,), (114,), (1.5,))
('K.93 KernScores', 'P2', 1, (14, 20), (4,), (1.25,), (4,), (2.5,))
('K.93 KernScores', 'P2', 1, (186, 192), (34,), (2.25,), (35,), (1.5,))

42.    ((2, 2, 2, 2, -2, 2),):
('K.93 KernScores', 'P1', 1, (88, 94), (22,), (1.0,), (23,), (1.0,))
('K.93 KernScores', 'P1', 1, (167, 173), (39,), (1.0,), (40,), (1.0,))
('K.93 KernScores', 'P1', 2, (135, 141), (81,), (2.0,), (82,), (1.25,))
('K.93 KernScores', 'P2', 1, (472, 478), (81,), (2.0,), (82,), (1.25,))

43.    (((3, 2), -2, -2, -2, -2, -2),):
('K.93 KernScores', 'P1', 1, (326, 332), (73,), (2.0,), (74,), (2.0,))
('K.93 KernScores', 'P1', 2, (158, 164), (93,), (1.0,), (93,), (2.25,))

44.    ((-4, 2, -2, -2, -2, 2),):
('K.93 KernScores', 'P1', 1, (549, 555), (112,), (1.0,), (113,), (1.0,))
('K.93 KernScores', 'P1', 2, (213, 219), (113,), (1.0,), (114,), (1.0,))

45.    ((-5, 2, 2, 2, 2, 2),):
('K.93 KernScores', 'P1', 2, (19, 25), (29,), (2.0,), (32,), (2.0,))
('K.93 KernScores', 'P2', 1, (309, 315), (55,), (2.75,), (56,), (2.0,))

46.    ((-2, -2, -2, -2, 2),):
('K.93 KernScores', 'P1', 1, (249, 254), (57,), (2.25,), (58,), (2.5,))
('K.93 KernScores', 'P1', 2, (67, 72), (55,), (1.5,), (55,), (2.5,))
('K.93 KernScores', 'P2', 1, (641, 646), (114,), (1.5,), (114,), (2.75,))

47.    ((4, -2, -2, -2, -2),):
('K.93 KernScores', 'P1', 1, (255, 260), (59,), (1.5,), (59,), (2.75,))
('K.93 KernScores', 'P1', 2, (96, 101), (61,), (1.5,), (62,), (1.25,))
('K.93 KernScores', 'P2', 1, (534, 539), (92,), (1.5,), (92,), (2.75,))

48.    ((-2, 3, -2, -2, 2),):
('K.93 KernScores', 'P1', 1, (180, 185), (41,), (2.0,), (42,), (2.0,))
('K.93 KernScores', 'P1', 1, (460, 465), (99,), (1.0,), (99,), (2.75,))

49.    ((-2, 2, -3, 2, -2),):
('K.93 KernScores', 'P1', 1, (50, 55), (16,), (2.0,), (17,), (1.0,))
('K.93 KernScores', 'P1', 2, (139, 144), (82,), (1.0,), (82,), (2.0,))

50.    ((-2, -2, 5, -2, -2),):
('K.93 KernScores', 'P1', 1, (417, 422), (89,), (2.25,), (90,), (1.75,))
('K.93 KernScores', 'P1', 2, (190, 195), (97,), (2.0,), (98,), (2.5,))

51.    ((-2, -2, -2, 5, -3),):
('K.93 KernScores', 'P1', 2, (201, 206), (99,), (2.25,), (100,), (2.0,))
('K.93 KernScores', 'P2', 1, (160, 165), (28,), (2.5,), (30,), (1.0,))

52.    ((2, -3, 2, -3, 2),):
('K.93 KernScores', 'P1', 2, (206, 211), (112,), (1.0,), (112,), (2.25,))
('K.93 KernScores', 'P2', 1, (100, 105), (18,), (2.25,), (19,), (1.25,))

53.    ((-3, 2, -3, 2),):
('K.93 KernScores', 'P1', 1, (556, 560), (113,), (2.0,), (113,), (2.75,))
('K.93 KernScores', 'P1', 2, (205, 209), (100,), (2.0,), (112,), (1.75,))
('K.93 KernScores', 'P1', 2, (209, 213), (112,), (2.0,), (112,), (2.75,))
('K.93 KernScores', 'P2', 1, (101, 105), (18,), (2.5,), (19,), (1.25,))

54.    ((2, 3, 2, 2),):
('K.93 KernScores', 'P1', 1, (234, 238), (52,), (2.75,), (54,), (1.25,))
('K.93 KernScores', 'P1', 2, (101, 105), (62,), (1.5,), (67,), (1.25,))

55.    ((1, 1, 1),):
('K.93 KernScores', 'P2', 1, (596, 599), (102,), (1.5,), (102,), (2.5,))
('K.93 KernScores', 'P2', 1, (599, 602), (103,), (1.0,), (103,), (2.0,))
('K.93 KernScores', 'P2', 1, (602, 605), (103,), (2.5,), (104,), (1.5,))
('K.93 KernScores', 'P2', 1, (605, 608), (104,), (2.0,), (105,), (1.0,))
('K.93 KernScores', 'P2', 1, (608, 611), (105,), (1.5,), (105,), (2.5,))
('K.93 KernScores', 'P2', 1, (611, 614), (106,), (1.0,), (106,), (2.0,))
('K.93 KernScores', 'P2', 1, (614, 617), (106,), (2.5,), (107,), (1.5,))
('K.93 KernScores', 'P2', 1, (617, 620), (107,), (2.0,), (108,), (1.0,))
('K.93 KernScores', 'P2', 1, (620, 623), (108,), (1.5,), (108,), (2.5,))
('K.93 KernScores', 'P2', 1, (623, 626), (109,), (1.0,), (109,), (2.0,))
('K.93 KernScores', 'P2', 1, (626, 629), (109,), (2.5,), (110,), (1.5,))
('K.93 KernScores', 'P2', 2, (3, 6), (114,), (1.0,), (115,), (1.0,))

56.    ((-2, -2, -2),):
('K.93 KernScores', 'P1', 1, (55, 58), (17,), (1.25,), (17,), (1.75,))
('K.93 KernScores', 'P1', 2, (9, 12), (28,), (1.0,), (28,), (1.5,))
('K.93 KernScores', 'P2', 1, (490, 493), (85,), (1.25,), (85,), (1.75,))
('K.93 KernScores', 'P2', 1, (516, 519), (89,), (2.25,), (89,), (2.75,))
('K.93 KernScores', 'P2', 1, (540, 543), (93,), (1.25,), (93,), (1.75,))
('K.93 KernScores', 'P2', 1, (592, 595), (101,), (2.25,), (101,), (2.75,))

57.    ((2, -3, 4),):
('K.93 KernScores', 'P1', 2, (144, 147), (82,), (2.25,), (82,), (2.75,))
('K.93 KernScores', 'P2', 1, (258, 261), (48,), (1.25,), (48,), (1.75,))
('K.93 KernScores', 'P2', 1, (274, 277), (50,), (1.25,), (50,), (1.75,))
('K.93 KernScores', 'P2', 1, (410, 413), (71,), (1.25,), (71,), (1.75,))
('K.93 KernScores', 'P2', 1, (469, 472), (81,), (1.25,), (81,), (1.75,))

58.    ((-3, 2, -2),):
('K.93 KernScores', 'P1', 1, (12, 15), (6,), (2.5,), (7,), (1.0,))
('K.93 KernScores', 'P1', 2, (141, 144), (82,), (1.5,), (82,), (2.0,))
('K.93 KernScores', 'P2', 1, (67, 70), (11,), (2.5,), (12,), (1.0,))
('K.93 KernScores', 'P2', 1, (183, 186), (34,), (1.0,), (34,), (2.0,))

59.    (((3, -2), (3, -2), (3, 2)),):
('K.93 KernScores', 'P1', 1, (338, 341), (75,), (2.25,), (75,), (2.75,))
('K.93 KernScores', 'P1', 1, (341, 344), (76,), (1.25,), (76,), (1.75,))
('K.93 KernScores', 'P1', 2, (119, 122), (77,), (1.25,), (77,), (1.75,))

60.    ((-2, 2, 2),):
('K.93 KernScores', 'P1', 1, (349, 352), (77,), (2.5,), (78,), (1.5,))
('K.93 KernScores', 'P1', 2, (82, 85), (58,), (2.75,), (59,), (1.25,))
('K.93 KernScores', 'P2', 1, (208, 211), (39,), (1.0,), (39,), (2.25,))

61.    ((-2, -2, 2),):
('K.93 KernScores', 'P1', 1, (462, 465), (99,), (2.25,), (99,), (2.75,))
('K.93 KernScores', 'P1', 2, (5, 8), (15,), (2.25,), (15,), (2.75,))
('K.93 KernScores', 'P2', 1, (569, 572), (96,), (2.5,), (97,), (1.0,))

62.    ((-2, -2, 7),):
('K.93 KernScores', 'P1', 1, (151, 154), (34,), (1.25,), (34,), (1.75,))
('K.93 KernScores', 'P1', 1, (457, 460), (98,), (2.25,), (98,), (2.75,))

63.    ((-3, -3, 2),):
('K.93 KernScores', 'P1', 1, (211, 214), (48,), (1.0,), (48,), (2.0,))
('K.93 KernScores', 'P1', 1, (232, 235), (52,), (2.25,), (52,), (2.75,))

64.    ((4, -2, 2),):
('K.93 KernScores', 'P1', 1, (348, 351), (77,), (2.25,), (78,), (1.25,))
('K.93 KernScores', 'P1', 1, (373, 376), (82,), (2.0,), (83,), (1.5,))

65.    ((-2, -2, -7),):
('K.93 KernScores', 'P1', 1, (377, 380), (83,), (2.25,), (83,), (2.75,))
('K.93 KernScores', 'P1', 1, (420, 423), (90,), (1.0,), (90,), (2.0,))

66.    ((-3, 4, -2),):
('K.93 KernScores', 'P1', 1, (43, 46), (14,), (1.5,), (15,), (2.0,))
('K.93 KernScores', 'P2', 1, (195, 198), (35,), (2.5,), (36,), (1.0,))

67.    ((5, 2, -2),):
('K.93 KernScores', 'P1', 1, (370, 373), (81,), (1.5,), (82,), (1.0,))
('K.93 KernScores', 'P2', 1, (578, 581), (99,), (1.0,), (100,), (1.25,))

68.    ((-2, 4),):
('K.93 KernScores', 'P1', 1, (372, 374), (82,), (1.0,), (82,), (2.0,))
('K.93 KernScores', 'P1', 1, (448, 450), (97,), (1.75,), (97,), (2.0,))
('K.93 KernScores', 'P1', 2, (95, 97), (61,), (1.25,), (61,), (1.5,))
('K.93 KernScores', 'P1', 2, (184, 186), (96,), (2.25,), (96,), (2.5,))
('K.93 KernScores', 'P1', 2, (194, 196), (98,), (2.5,), (98,), (2.75,))
('K.93 KernScores', 'P2', 1, (88, 90), (15,), (1.75,), (15,), (2.0,))
('K.93 KernScores', 'P2', 1, (202, 204), (36,), (2.75,), (37,), (1.0,))
('K.93 KernScores', 'P2', 1, (307, 309), (55,), (2.25,), (55,), (2.5,))
('K.93 KernScores', 'P2', 1, (327, 329), (58,), (1.75,), (58,), (2.0,))
('K.93 KernScores', 'P2', 1, (352, 354), (62,), (1.25,), (62,), (1.5,))
('K.93 KernScores', 'P2', 1, (442, 444), (75,), (1.75,), (75,), (2.0,))
('K.93 KernScores', 'P2', 1, (500, 502), (86,), (1.75,), (86,), (2.0,))
('K.93 KernScores', 'P2', 1, (506, 508), (87,), (2.75,), (88,), (1.0,))
('K.93 KernScores', 'P2', 1, (512, 514), (88,), (2.75,), (89,), (1.0,))
('K.93 KernScores', 'P2', 1, (526, 528), (90,), (2.75,), (91,), (1.0,))
('K.93 KernScores', 'P2', 1, (532, 534), (91,), (2.75,), (92,), (1.0,))
('K.93 KernScores', 'P2', 2, (0, 2), (82,), (1.0,), (82,), (2.0,))

69.    (((3, -2), (3, -2)),):
('K.93 KernScores', 'P1', 1, (344, 346), (76,), (2.25,), (76,), (2.5,))
('K.93 KernScores', 'P1', 1, (493, 495), (105,), (1.0,), (105,), (1.25,))
('K.93 KernScores', 'P1', 1, (498, 500), (105,), (2.25,), (105,), (2.5,))
('K.93 KernScores', 'P1', 1, (504, 506), (106,), (1.75,), (106,), (2.0,))
('K.93 KernScores', 'P1', 1, (508, 510), (106,), (2.75,), (107,), (1.0,))
('K.93 KernScores', 'P1', 1, (510, 512), (107,), (1.25,), (107,), (1.5,))
('K.93 KernScores', 'P1', 1, (514, 516), (107,), (2.25,), (107,), (2.5,))
('K.93 KernScores', 'P1', 1, (520, 522), (108,), (1.75,), (108,), (2.0,))
('K.93 KernScores', 'P1', 2, (73, 75), (56,), (1.5,), (56,), (2.0,))

70.    ((2, 2),):
('K.93 KernScores', 'P1', 1, (15, 17), (7,), (2.0,), (7,), (2.5,))
('K.93 KernScores', 'P1', 1, (336, 338), (75,), (1.25,), (75,), (1.5,))
('K.93 KernScores', 'P1', 2, (38, 40), (41,), (1.25,), (41,), (1.5,))
('K.93 KernScores', 'P1', 2, (132, 134), (80,), (1.5,), (80,), (1.75,))
('K.93 KernScores', 'P2', 1, (382, 384), (67,), (1.5,), (67,), (1.75,))

71.    ((-2, -3),):
('K.93 KernScores', 'P1', 1, (215, 217), (49,), (2.0,), (50,), (1.0,))
('K.93 KernScores', 'P1', 1, (555, 557), (113,), (1.75,), (113,), (2.0,))
('K.93 KernScores', 'P2', 1, (28, 30), (5,), (2.75,), (6,), (1.0,))
('K.93 KernScores', 'P2', 1, (264, 266), (48,), (2.75,), (49,), (1.0,))
('K.93 KernScores', 'P2', 1, (594, 596), (101,), (2.75,), (102,), (1.0,))

72.    ((2, -6),):
('K.93 KernScores', 'P1', 1, (464, 466), (99,), (2.75,), (100,), (1.0,))
('K.93 KernScores', 'P1', 2, (3, 5), (15,), (1.75,), (15,), (2.0,))
('K.93 KernScores', 'P1', 2, (109, 111), (67,), (2.5,), (67,), (2.75,))
('K.93 KernScores', 'P1', 2, (133, 135), (80,), (1.75,), (80,), (2.0,))

73.    ((2, -3),):
('K.93 KernScores', 'P1', 1, (121, 123), (29,), (2.25,), (29,), (2.5,))
('K.93 KernScores', 'P1', 1, (287, 289), (65,), (1.25,), (65,), (1.5,))
('K.93 KernScores', 'P1', 2, (144, 146), (82,), (2.25,), (82,), (2.5,))
('K.93 KernScores', 'P2', 1, (121, 123), (23,), (1.0,), (23,), (2.0,))

74.    ((-2, -4),):
('K.93 KernScores', 'P1', 1, (45, 47), (15,), (2.0,), (16,), (1.0,))
('K.93 KernScores', 'P1', 2, (11, 13), (28,), (1.5,), (28,), (1.75,))

75.    ((2, 4),):
('K.93 KernScores', 'P1', 2, (71, 73), (55,), (2.5,), (56,), (1.0,))
('K.93 KernScores', 'P2', 1, (288, 290), (51,), (2.75,), (52,), (1.0,))

76.    ((2, 1),):
('K.93 KernScores', 'P1', 2, (123, 125), (77,), (2.75,), (78,), (1.0,))
('K.93 KernScores', 'P2', 1, (645, 647), (114,), (2.75,), (115,), (1.0,))

77.    ((5, 4),):
('K.93 KernScores', 'P2', 1, (576, 578), (98,), (1.0,), (98,), (2.0,))
('K.93 KernScores', 'P2', 1, (631, 633), (111,), (1.0,), (111,), (2.0,))

78.    ((1,),):
('K.93 KernScores', 'P1', 1, (265, 266), (61,), (2.5,), (61,), (2.5,))
('K.93 KernScores', 'P1', 1, (438, 439), (93,), (2.75,), (93,), (2.75,))
('K.93 KernScores', 'P1', 1, (440, 441), (94,), (2.75,), (94,), (2.75,))
('K.93 KernScores', 'P1', 1, (442, 443), (95,), (2.75,), (95,), (2.75,))
('K.93 KernScores', 'P1', 2, (124, 125), (78,), (1.0,), (78,), (1.0,))
('K.93 KernScores', 'P2', 1, (30, 31), (6,), (1.5,), (6,), (1.5,))
('K.93 KernScores', 'P2', 1, (31, 32), (6,), (2.0,), (6,), (2.0,))
('K.93 KernScores', 'P2', 1, (58, 59), (10,), (1.5,), (10,), (1.5,))
('K.93 KernScores', 'P2', 1, (59, 60), (10,), (2.0,), (10,), (2.0,))
('K.93 KernScores', 'P2', 1, (596, 597), (102,), (1.5,), (102,), (1.5,))
('K.93 KernScores', 'P2', 1, (597, 598), (102,), (2.0,), (102,), (2.0,))
('K.93 KernScores', 'P2', 1, (598, 599), (102,), (2.5,), (102,), (2.5,))
('K.93 KernScores', 'P2', 1, (599, 600), (103,), (1.0,), (103,), (1.0,))
('K.93 KernScores', 'P2', 1, (600, 601), (103,), (1.5,), (103,), (1.5,))
('K.93 KernScores', 'P2', 1, (601, 602), (103,), (2.0,), (103,), (2.0,))
('K.93 KernScores', 'P2', 1, (602, 603), (103,), (2.5,), (103,), (2.5,))
('K.93 KernScores', 'P2', 1, (603, 604), (104,), (1.0,), (104,), (1.0,))
('K.93 KernScores', 'P2', 1, (604, 605), (104,), (1.5,), (104,), (1.5,))
('K.93 KernScores', 'P2', 1, (605, 606), (104,), (2.0,), (104,), (2.0,))
('K.93 KernScores', 'P2', 1, (606, 607), (104,), (2.5,), (104,), (2.5,))
('K.93 KernScores', 'P2', 1, (607, 608), (105,), (1.0,), (105,), (1.0,))
('K.93 KernScores', 'P2', 1, (608, 609), (105,), (1.5,), (105,), (1.5,))
('K.93 KernScores', 'P2', 1, (609, 610), (105,), (2.0,), (105,), (2.0,))
('K.93 KernScores', 'P2', 1, (610, 611), (105,), (2.5,), (105,), (2.5,))
('K.93 KernScores', 'P2', 1, (611, 612), (106,), (1.0,), (106,), (1.0,))
('K.93 KernScores', 'P2', 1, (612, 613), (106,), (1.5,), (106,), (1.5,))
('K.93 KernScores', 'P2', 1, (613, 614), (106,), (2.0,), (106,), (2.0,))
('K.93 KernScores', 'P2', 1, (614, 615), (106,), (2.5,), (106,), (2.5,))
('K.93 KernScores', 'P2', 1, (615, 616), (107,), (1.0,), (107,), (1.0,))
('K.93 KernScores', 'P2', 1, (616, 617), (107,), (1.5,), (107,), (1.5,))
('K.93 KernScores', 'P2', 1, (617, 618), (107,), (2.0,), (107,), (2.0,))
('K.93 KernScores', 'P2', 1, (618, 619), (107,), (2.5,), (107,), (2.5,))
('K.93 KernScores', 'P2', 1, (619, 620), (108,), (1.0,), (108,), (1.0,))
('K.93 KernScores', 'P2', 1, (620, 621), (108,), (1.5,), (108,), (1.5,))
('K.93 KernScores', 'P2', 1, (621, 622), (108,), (2.0,), (108,), (2.0,))
('K.93 KernScores', 'P2', 1, (622, 623), (108,), (2.5,), (108,), (2.5,))
('K.93 KernScores', 'P2', 1, (623, 624), (109,), (1.0,), (109,), (1.0,))
('K.93 KernScores', 'P2', 1, (624, 625), (109,), (1.5,), (109,), (1.5,))
('K.93 KernScores', 'P2', 1, (625, 626), (109,), (2.0,), (109,), (2.0,))
('K.93 KernScores', 'P2', 1, (626, 627), (109,), (2.5,), (109,), (2.5,))
('K.93 KernScores', 'P2', 1, (627, 628), (110,), (1.0,), (110,), (1.0,))
('K.93 KernScores', 'P2', 1, (628, 629), (110,), (1.5,), (110,), (1.5,))
('K.93 KernScores', 'P2', 1, (629, 630), (110,), (2.0,), (110,), (2.0,))
('K.93 KernScores', 'P2', 1, (646, 647), (115,), (1.0,), (115,), (1.0,))
('K.93 KernScores', 'P2', 2, (3, 4), (114,), (1.0,), (114,), (1.0,))
('K.93 KernScores', 'P2', 2, (4, 5), (114,), (2.0,), (114,), (2.0,))
('K.93 KernScores', 'P2', 2, (5, 6), (115,), (1.0,), (115,), (1.0,))

79.    ((-5,),):
('K.93 KernScores', 'P1', 1, (187, 188), (42,), (2.75,), (42,), (2.75,))
('K.93 KernScores', 'P1', 1, (563, 564), (115,), (2.75,), (115,), (2.75,))
('K.93 KernScores', 'P1', 2, (19, 20), (29,), (2.0,), (29,), (2.0,))
('K.93 KernScores', 'P2', 1, (175, 176), (32,), (1.75,), (32,), (1.75,))
('K.93 KernScores', 'P2', 1, (309, 310), (55,), (2.75,), (55,), (2.75,))
('K.93 KernScores', 'P2', 1, (354, 355), (62,), (1.75,), (62,), (1.75,))
('K.93 KernScores', 'P2', 1, (444, 445), (75,), (2.5,), (75,), (2.5,))
('K.93 KernScores', 'P2', 1, (446, 447), (76,), (1.5,), (76,), (1.5,))
('K.93 KernScores', 'P2', 1, (448, 449), (76,), (2.5,), (76,), (2.5,))
('K.93 KernScores', 'P2', 1, (450, 451), (77,), (1.5,), (77,), (1.5,))
('K.93 KernScores', 'P2', 1, (482, 483), (83,), (1.5,), (83,), (1.5,))
('K.93 KernScores', 'P2', 1, (483, 484), (83,), (2.0,), (83,), (2.0,))
('K.93 KernScores', 'P2', 1, (514, 515), (89,), (1.5,), (89,), (1.5,))
('K.93 KernScores', 'P2', 1, (633, 634), (112,), (1.0,), (112,), (1.0,))
('K.93 KernScores', 'P2', 1, (647, 648), (115,), (2.0,), (115,), (2.0,))

80.    ((2,),):
('K.93 KernScores', 'P1', 1, (139, 140), (31,), (2.75,), (31,), (2.75,))
('K.93 KernScores', 'P1', 2, (28, 29), (37,), (1.75,), (37,), (1.75,))
('K.93 KernScores', 'P1', 2, (101, 102), (62,), (1.5,), (62,), (1.5,))
('K.93 KernScores', 'P2', 1, (20, 21), (4,), (2.75,), (4,), (2.75,))
('K.93 KernScores', 'P2', 1, (78, 79), (13,), (2.75,), (13,), (2.75,))
('K.93 KernScores', 'P2', 1, (111, 112), (20,), (1.75,), (20,), (1.75,))
('K.93 KernScores', 'P2', 1, (217, 218), (40,), (2.75,), (40,), (2.75,))
('K.93 KernScores', 'P2', 1, (288, 289), (51,), (2.75,), (51,), (2.75,))
('K.93 KernScores', 'P2', 1, (317, 318), (56,), (2.75,), (56,), (2.75,))
('K.93 KernScores', 'P2', 1, (508, 509), (88,), (1.5,), (88,), (1.5,))
('K.93 KernScores', 'P2', 1, (528, 529), (91,), (1.5,), (91,), (1.5,))
('K.93 KernScores', 'P2', 1, (582, 583), (100,), (1.75,), (100,), (1.75,))

81.    ((3,),):
('K.93 KernScores', 'P1', 1, (231, 232), (52,), (2.0,), (52,), (2.0,))
('K.93 KernScores', 'P1', 1, (235, 236), (53,), (1.0,), (53,), (1.0,))
('K.93 KernScores', 'P1', 1, (240, 241), (54,), (2.5,), (54,), (2.5,))
('K.93 KernScores', 'P1', 1, (347, 348), (77,), (2.0,), (77,), (2.0,))
('K.93 KernScores', 'P1', 2, (29, 30), (37,), (2.0,), (37,), (2.0,))
('K.93 KernScores', 'P1', 2, (55, 56), (45,), (2.0,), (45,), (2.0,))
('K.93 KernScores', 'P1', 2, (81, 82), (58,), (2.5,), (58,), (2.5,))
('K.93 KernScores', 'P1', 2, (102, 103), (62,), (2.0,), (62,), (2.0,))
('K.93 KernScores', 'P1', 2, (147, 148), (83,), (1.0,), (83,), (1.0,))
('K.93 KernScores', 'P1', 2, (154, 155), (83,), (2.75,), (83,), (2.75,))
('K.93 KernScores', 'P2', 1, (403, 404), (70,), (1.5,), (70,), (1.5,))
('K.93 KernScores', 'P2', 1, (418, 419), (72,), (1.25,), (72,), (1.25,))

82.    ((-4,),):
('K.93 KernScores', 'P1', 1, (46, 47), (16,), (1.0,), (16,), (1.0,))
('K.93 KernScores', 'P1', 1, (217, 218), (50,), (1.5,), (50,), (1.5,))
('K.93 KernScores', 'P1', 1, (254, 255), (59,), (1.0,), (59,), (1.0,))
('K.93 KernScores', 'P1', 1, (549, 550), (112,), (1.0,), (112,), (1.0,))
('K.93 KernScores', 'P1', 2, (12, 13), (28,), (1.75,), (28,), (1.75,))
('K.93 KernScores', 'P2', 1, (176, 177), (32,), (2.0,), (32,), (2.0,))

83.    (((3, 3),),):
('K.93 KernScores', 'P1', 1, (111, 112), (27,), (1.0,), (27,), (1.0,))
('K.93 KernScores', 'P1', 1, (323, 324), (72,), (1.0,), (72,), (1.0,))
('K.93 KernScores', 'P1', 1, (346, 347), (76,), (2.75,), (76,), (2.75,))

84.    ((-7,),):
('K.93 KernScores', 'P1', 1, (379, 380), (83,), (2.75,), (83,), (2.75,))
('K.93 KernScores', 'P1', 1, (422, 423), (90,), (2.0,), (90,), (2.0,))
('K.93 KernScores', 'P2', 1, (480, 481), (82,), (2.0,), (82,), (2.0,))

85.    (((6, 2),),):
('K.93 KernScores', 'P1', 1, (395, 396), (86,), (1.75,), (86,), (1.75,))
('K.93 KernScores', 'P1', 1, (484, 485), (103,), (2.75,), (103,), (2.75,))

86.    (((5, 4),),):
('K.93 KernScores', 'P2', 1, (636, 637), (112,), (2.5,), (112,), (2.5,))
('K.93 KernScores', 'P2', 1, (648, 649), (116,), (1.0,), (116,), (1.0,))

