1 .    ('nomes', 'K.461 KernScores') 

2 .    ('quantidade', 1) 

3 .    ('analise', 'recorręncias IntDiaDurPcompasso sem contidos e intercalados') 

1 .    (((-2, -2, -2, -2, -2, 2, -2, -2, -2, -2, -2, 10, -2, -2, -2, -2, -2, 2, -2, -2, -2, -2, -2, 2, -2, -2, -2, -2, -2, -2, 4, 4, 2, -8, 4, 14, 2, -4, 2, -4, 2, 3, -2, -2, -2, -2, -2, 7, 2, -4, 2, -4, 2, 3, -2, -2, -2, -2, -2, 7, 2, -4, 2, -4, 2, 3, -2, -2, -2, -2), (0.5, 0.5, 0.5, 0.5, 0.5, 0.5, 0.5, 0.5, 0.5, 0.5, 0.5, 0.5, 0.5, 0.5, 0.5, 0.5, 0.5, 0.5, 0.5, 0.5, 0.5, 0.5, 0.5, 0.5, 0.5, 0.5, 0.5, 0.5, 0.5, 0.5, 2.0, 1.0, 1.0, 1.0, 1.0, 0.5, 0.5, 0.5, 0.5, 0.5, 0.5, 0.5, 0.5, 0.5, 0.5, 0.5, 0.5, 0.5, 0.5, 0.5, 0.5, 0.5, 0.5, 0.5, 0.5, 0.5, 0.5, 0.5, 0.5, 0.5, 0.5, 0.5, 0.5, 0.5, 0.5, 0.5, 0.5, 0.5, 0.5, 0.5), (1.0, 1.5, 2.0, 2.5, 3.0, 3.5, 1.0, 1.5, 2.0, 2.5, 3.0, 3.5, 1.0, 1.5, 2.0, 2.5, 3.0, 3.5, 1.0, 1.5, 2.0, 2.5, 3.0, 3.5, 1.0, 1.5, 2.0, 2.5, 3.0, 3.5, 1.0, 3.0, 1.0, 2.0, 3.0, 1.0, 1.5, 2.0, 2.5, 3.0, 3.5, 1.0, 1.5, 2.0, 2.5, 3.0, 3.5, 1.0, 1.5, 2.0, 2.5, 3.0, 3.5, 1.0, 1.5, 2.0, 2.5, 3.0, 3.5, 1.0, 1.5, 2.0, 2.5, 3.0, 3.5, 1.0, 1.5, 2.0, 2.5, 3.0)), [('K.461 KernScores', 'P2', 1, (128, 198), (37, 1.0), (49, 3.0)), ('K.461 KernScores', 'P2', 1, (501, 571), (115, 1.0), (127, 3.0))]) 

2 .    (((2, -4, -3, 3, -5, 6, -7, 2, 2, 2, 2, 2, -3, 2, 2, 2, 2, 2, -9, 2, 2, 2, 2, 2, -3, 2, 2, 2, 2, 2, -3, 2, 2, 2, 2, 2, -7, 7, -2, -2, 2, -3), (0.5, 0.5, 0.5, 0.5, 0.5, 0.5, 0.5, 0.5, 0.5, 0.5, 0.5, 0.5, 0.5, 0.5, 0.5, 0.5, 0.5, 0.5, 0.5, 0.5, 0.5, 0.5, 0.5, 0.5, 0.5, 0.5, 0.5, 0.5, 0.5, 0.5, 0.5, 0.5, 0.5, 0.5, 0.5, 0.5, 0.5, 0.5, 0.5, 0.5, 0.5, 0.5), (3.5, 1.0, 1.5, 2.0, 2.5, 3.0, 3.5, 1.0, 1.5, 2.0, 2.5, 3.0, 3.5, 1.0, 1.5, 2.0, 2.5, 3.0, 3.5, 1.0, 1.5, 2.0, 2.5, 3.0, 3.5, 1.0, 1.5, 2.0, 2.5, 3.0, 3.5, 1.0, 1.5, 2.0, 2.5, 3.0, 3.5, 1.0, 1.5, 2.0, 2.5, 3.0)), [('K.461 KernScores', 'P1', 1, (158, 200), (35, 3.5), (42, 3.0)), ('K.461 KernScores', 'P1', 1, (446, 488), (113, 3.5), (120, 3.0))]) 

3 .    (((8, -4, 4, -8, 8, -11, 8, -4, 4, -8, 8, -7, 6, -4, 4, -6, 6, -7, 8, -4, 4, -8, 8, -7, 6, -4, 4, -6, 6, -7, 8, -4, 4, -8, 8, -7, 6, -4, 4, -6, 6), (0.5, 0.5, 0.5, 0.5, 0.5, 0.5, 0.5, 0.5, 0.5, 0.5, 0.5, 0.5, 0.5, 0.5, 0.5, 0.5, 0.5, 0.5, 0.5, 0.5, 0.5, 0.5, 0.5, 0.5, 0.5, 0.5, 0.5, 0.5, 0.5, 0.5, 0.5, 0.5, 0.5, 0.5, 0.5, 0.5, 0.5, 0.5, 0.5, 0.5, 0.5), (1.0, 1.5, 2.0, 2.5, 3.0, 3.5, 1.0, 1.5, 2.0, 2.5, 3.0, 3.5, 1.0, 1.5, 2.0, 2.5, 3.0, 3.5, 1.0, 1.5, 2.0, 2.5, 3.0, 3.5, 1.0, 1.5, 2.0, 2.5, 3.0, 3.5, 1.0, 1.5, 2.0, 2.5, 3.0, 3.5, 1.0, 1.5, 2.0, 2.5, 3.0)), [('K.461 KernScores', 'P2', 1, (283, 324), (67, 1.0), (73, 3.0)), ('K.461 KernScores', 'P2', 1, (399, 440), (87, 1.0), (93, 3.0))]) 

4 .    (((1, 1, -2, (2, 1), (2, 1), (2, -2), (3, 1), (3, 1), (3, -2), (4, 1), (4, 1), (4, -2), (4, 1), (4, 1), (3, 1), (2, -2), (3, 2), (3, 5), 1, 1, -2, (2, 1), (2, 1), (2, -2), (3, 1), (3, 1), (3, -2), (6, 1), (6, 1), (6, -2), (6, 1), (6, 1), (6, -2), (6, 1), (6, 1), (6, -2), (6, 1), (6, 1), (6, -2)), (1.0, 1.0, 1.0, (0.0, 1.0), (0.0, 1.0), (0.0, 1.0), (0.0, 1.0), (0.0, 1.0), (0.0, 1.0), (0.0, 1.0), (0.0, 1.0), (0.0, 1.0), (0.0, 1.0), (0.0, 1.0), (0.0, 1.0), (0.0, 1.0), (0.0, 1.0), (0.0, 1.0), 1.0, 1.0, 1.0, (0.0, 1.0), (0.0, 1.0), (0.0, 1.0), (0.0, 1.0), (0.0, 1.0), (0.0, 1.0), (0.0, 1.0), (0.0, 1.0), (0.0, 1.0), (0.0, 1.0), (0.0, 1.0), (0.0, 1.0), (0.0, 1.0), (0.0, 1.0), (0.0, 1.0), (0.0, 1.0), (0.0, 1.0), (0.0, 1.0)), (2.0, 3.0, 1.0, 2.0, 3.0, 1.0, 2.0, 3.0, 1.0, 2.0, 3.0, 1.0, 2.0, 3.0, 1.0, 2.0, 3.0, 1.0, 2.0, 3.0, 1.0, 2.0, 3.0, 1.0, 2.0, 3.0, 1.0, 2.0, 3.0, 1.0, 2.0, 3.0, 1.0, 2.0, 3.0, 1.0, 2.0, 3.0, 1.0)), [('K.461 KernScores', 'P1', 1, (241, 280), (55, 2.0), (68, 1.0)), ('K.461 KernScores', 'P1', 1, (301, 340), (75, 2.0), (88, 1.0))]) 

5 .    (((2, 2, 2, 2, 2, -3, 2, 2, 2, 2, 2, -9, 2, 2, 2, 2, 2, -3, 2, 2, 2, 2, 2, -3, 2, 2, 2, 2, 2, -7, 7, -2, -2, 2, -3), (0.5, 0.5, 0.5, 0.5, 0.5, 0.5, 0.5, 0.5, 0.5, 0.5, 0.5, 0.5, 0.5, 0.5, 0.5, 0.5, 0.5, 0.5, 0.5, 0.5, 0.5, 0.5, 0.5, 0.5, 0.5, 0.5, 0.5, 0.5, 0.5, 0.5, 0.5, 0.5, 0.5, 0.5, 0.5), (1.0, 1.5, 2.0, 2.5, 3.0, 3.5, 1.0, 1.5, 2.0, 2.5, 3.0, 3.5, 1.0, 1.5, 2.0, 2.5, 3.0, 3.5, 1.0, 1.5, 2.0, 2.5, 3.0, 3.5, 1.0, 1.5, 2.0, 2.5, 3.0, 3.5, 1.0, 1.5, 2.0, 2.5, 3.0)), [('K.461 KernScores', 'P1', 1, (117, 152), (29, 1.0), (34, 3.0)), ('K.461 KernScores', 'P1', 1, (405, 440), (107, 1.0), (112, 3.0))]) 

6 .    (((-2, -2, -2, -2, -2, 2, -2, -2, -2, -2, -2, 10, -2, -2, -2, -2, -2, 2, -2, -2, -2, -2, -2, 2, -2, -2, -2, -2, -2, -2, 4, 4, 2, -8), (0.5, 0.5, 0.5, 0.5, 0.5, 0.5, 0.5, 0.5, 0.5, 0.5, 0.5, 0.5, 0.5, 0.5, 0.5, 0.5, 0.5, 0.5, 0.5, 0.5, 0.5, 0.5, 0.5, 0.5, 0.5, 0.5, 0.5, 0.5, 0.5, 0.5, 2.0, 1.0, 1.0, 1.0), (1.0, 1.5, 2.0, 2.5, 3.0, 3.5, 1.0, 1.5, 2.0, 2.5, 3.0, 3.5, 1.0, 1.5, 2.0, 2.5, 3.0, 3.5, 1.0, 1.5, 2.0, 2.5, 3.0, 3.5, 1.0, 1.5, 2.0, 2.5, 3.0, 3.5, 1.0, 3.0, 1.0, 2.0)), [('K.461 KernScores', 'P2', 1, (92, 126), (29, 1.0), (35, 2.0)), ('K.461 KernScores', 'P2', 1, (465, 499), (107, 1.0), (113, 2.0))]) 

7 .    (((6, -7, 8, -4, 4, -8, 8, -5, 5, -3, 3, -5, 5, -6, 6, -4, 4, -6, 6, -5, 5, -3, 3, -5, 5, -8, 8, -3, 3, -8, 8, -7), (0.5, 0.5, 0.5, 0.5, 0.5, 0.5, 0.5, 0.5, 0.5, 0.5, 0.5, 0.5, 0.5, 0.5, 0.5, 0.5, 0.5, 0.5, 0.5, 0.5, 0.5, 0.5, 0.5, 0.5, 0.5, 0.5, 0.5, 0.5, 0.5, 0.5, 0.5, 0.5), (3.0, 3.5, 1.0, 1.5, 2.0, 2.5, 3.0, 3.5, 1.0, 1.5, 2.0, 2.5, 3.0, 3.5, 1.0, 1.5, 2.0, 2.5, 3.0, 3.5, 1.0, 1.5, 2.0, 2.5, 3.0, 3.5, 1.0, 1.5, 2.0, 2.5, 3.0, 3.5)), [('K.461 KernScores', 'P2', 1, (239, 271), (59, 3.0), (64, 3.5)), ('K.461 KernScores', 'P2', 1, (355, 387), (79, 3.0), (84, 3.5))]) 

8 .    (((5, -3, 3, -5, 5, -6, 6, -4, 4, -6, 6, -5, 5, -3, 3, -5, 5, -8, 8, -4, 4, -8, 8, -7), (0.5, 0.5, 0.5, 0.5, 0.5, 0.5, 0.5, 0.5, 0.5, 0.5, 0.5, 0.5, 0.5, 0.5, 0.5, 0.5, 0.5, 0.5, 0.5, 0.5, 0.5, 0.5, 0.5, 0.5), (1.0, 1.5, 2.0, 2.5, 3.0, 3.5, 1.0, 1.5, 2.0, 2.5, 3.0, 3.5, 1.0, 1.5, 2.0, 2.5, 3.0, 3.5, 1.0, 1.5, 2.0, 2.5, 3.0, 3.5)), [('K.461 KernScores', 'P2', 1, (211, 235), (55, 1.0), (58, 3.5)), ('K.461 KernScores', 'P2', 1, (327, 351), (75, 1.0), (78, 3.5))]) 

9 .    (((-2, -2, -2, -2, -2, -2, -8, 3, 3, -2, 11, -2, -2, -2, -2, -2, -2, -8, 3, 3, -2), (0.5, 0.5, 0.5, 0.5, 0.5, 0.5, 0.5, 0.5, 0.5, 0.5, 1.0, 0.5, 0.5, 0.5, 0.5, 0.5, 0.5, 0.5, 0.5, 0.5, 0.5), (1.0, 1.5, 2.0, 2.5, 3.0, 3.5, 1.0, 1.5, 2.0, 2.5, 3.0, 1.0, 1.5, 2.0, 2.5, 3.0, 3.5, 1.0, 1.5, 2.0, 2.5)), [('K.461 KernScores', 'P2', 1, (18, 39), (9, 1.0), (12, 2.5)), ('K.461 KernScores', 'P2', 1, (40, 61), (13, 1.0), (16, 2.5))]) 

10 .    (((2, 2, 2, 2, 2, 3, -2, -2, -6, 2, 2, 2, 2, 2, 3, -2, -2), (0.5, 0.5, 0.5, 0.5, 0.5, 0.5, 0.0, 2.0, 1.0, 0.5, 0.5, 0.5, 0.5, 0.5, 0.5, 0.0, 2.0), (1.0, 1.5, 2.0, 2.5, 3.0, 3.5, 1.0, 1.0, 3.0, 1.0, 1.5, 2.0, 2.5, 3.0, 3.5, 1.0, 1.0)), [('K.461 KernScores', 'P1', 1, (14, 31), (9, 1.0), (12, 1.0)), ('K.461 KernScores', 'P1', 1, (32, 49), (13, 1.0), (16, 1.0))]) 

11 .    (((2, 2, -4, -2, 2, 2, -4, -2, 2, 2, -4, -2, 2, 2, -4, -2, 2), (0.5, 0.5, 0.5, 0.5, 0.5, 0.5, 0.5, 0.5, 0.5, 0.5, 0.5, 0.5, 0.5, 0.5, 0.5, 0.5, 0.5), (1.0, 1.5, 2.0, 2.5, 3.0, 3.5, 1.0, 1.5, 2.0, 2.5, 3.0, 3.5, 1.0, 1.5, 2.0, 2.5, 3.0)), [('K.461 KernScores', 'P1', 1, (50, 67), (17, 1.0), (19, 3.0)), ('K.461 KernScores', 'P1', 1, (361, 378), (95, 1.0), (97, 3.0))]) 

12 .    ((((4, 1), (2, 1), (3, -2), (3, 1), (6, 2), (5, 1), (4, 2), (7, 7), -2, 2, 2, 1, -2, 1, -2, 2, 2), ((0.0, 1.0), (0.0, 1.0), (0.0, 1.0), (0.0, 1.0), (0.0, 1.0), (0.0, 1.0), (0.0, 1.0), (0.0, 1.0), 1.0, 0.5, 0.5, 1.0, 1.0, 1.0, 2.0, 0.5, 0.5), (2.0, 3.0, 1.0, 2.0, 3.0, 1.0, 2.0, 3.0, 1.0, 2.0, 2.5, 3.0, 1.0, 2.0, 3.0, 2.0, 2.5)), [('K.461 KernScores', 'P1', 1, (283, 300), (69, 2.0), (74, 2.5)), ('K.461 KernScores', 'P1', 1, (343, 360), (89, 2.0), (94, 2.5))]) 

13 .    (((-2, 2, -4, 2, -4, 2, 3, -2, -2, -2, -2, -2), (0.5, 0.5, 0.5, 0.5, 0.5, 0.5, 0.5, 0.5, 0.5, 0.5, 0.5, 0.5), (1.0, 1.5, 2.0, 2.5, 3.0, 3.5, 1.0, 1.5, 2.0, 2.5, 3.0, 3.5)), [('K.461 KernScores', 'P1', 1, (228, 240), (52, 1.0), (53, 3.5)), ('K.461 KernScores', 'P2', 1, (584, 596), (132, 1.0), (133, 3.5))]) 

14 .    (((-2, -2, -2, -2, -2, -2, -2, -2, -2, -2, -2, -2), (1.0, 1.0, 1.0, 1.0, 1.0, 1.0, 1.0, 1.0, 1.0, 1.0, 1.0, 1.0), (1.0, 2.0, 3.0, 1.0, 2.0, 3.0, 1.0, 2.0, 3.0, 1.0, 2.0, 3.0)), [('K.461 KernScores', 'P2', 1, (62, 74), (17, 1.0), (20, 3.0)), ('K.461 KernScores', 'P2', 1, (77, 89), (22, 1.0), (25, 3.0))]) 

15 .    (((2, -4, 2, -4, 2, 3, -2, -2, -2, -2), (0.5, 0.5, 0.5, 0.5, 0.5, 0.5, 0.5, 0.5, 0.5, 0.5), (2.5, 3.0, 3.5, 1.0, 1.5, 2.0, 2.5, 3.0, 3.5, 1.0)), [('K.461 KernScores', 'P1', 1, (505, 515), (128, 2.5), (129, 1.0)), ('K.461 KernScores', 'P1', 1, (517, 527), (130, 2.5), (131, 1.0))]) 

16 .    (((2, -2, -2, -2, -2, -2, 2, 2, 2, 2), (0.5, 0.5, 0.5, 0.5, 0.5, 0.5, 0.5, 0.5, 0.5, 0.5), (1.0, 1.5, 2.0, 2.5, 3.0, 3.5, 1.0, 1.5, 2.0, 2.5)), [('K.461 KernScores', 'P1', 2, (27, 37), (102, 1.0), (103, 2.5)), ('K.461 KernScores', 'P1', 2, (39, 49), (104, 1.0), (105, 2.5))]) 

17 .    (((-4, -2, 2, 2, -4, -2, 2, 2, -4), (0.5, 0.5, 0.5, 0.5, 0.5, 0.5, 0.5, 0.5, 0.5), (1.0, 1.5, 2.0, 2.5, 3.0, 3.5, 1.0, 1.5, 2.0)), [('K.461 KernScores', 'P1', 1, (68, 77), (20, 1.0), (21, 2.0)), ('K.461 KernScores', 'P1', 1, (80, 89), (22, 1.0), (23, 2.0))]) 

18 .    (((2, -8, 4, 3, 2, -8, 2), (1.0, 1.0, 1.0, 1.0, 1.0, 1.0, 1.0), (1.0, 2.0, 3.0, 1.0, 2.0, 3.0, 1.0)), [('K.461 KernScores', 'P2', 1, (202, 209), (51, 1.0), (53, 1.0)), ('K.461 KernScores', 'P2', 1, (575, 582), (129, 1.0), (131, 1.0))]) 

19 .    (((-5, (6, 6), (2, -2), (5, 2), (3, 1), (2, -2)), (0.5, (0.0, 4.0), (0.0, 1.0), (0.0, 1.0), (0.0, 4.0), (0.0, 1.0)), (3.5, 1.0, 2.0, 3.0, 1.0, 2.0)), [('K.461 KernScores', 'P1', 1, (206, 212), (43, 3.5), (47, 2.0)), ('K.461 KernScores', 'P1', 1, (494, 500), (121, 3.5), (125, 2.0))]) 

20 .    (((-2, -2, -2, -2, -2), (0.5, 0.5, 0.5, 0.5, 0.5), (1.0, 1.5, 2.0, 2.5, 3.0)), [('K.461 KernScores', 'P1', 1, (391, 396), (100, 1.0), (100, 3.0)), ('K.461 KernScores', 'P1', 2, (21, 26), (101, 1.0), (101, 3.0))]) 

21 .    (((-2, -2, -2, -2, -2), (1.0, 1.0, 1.0, 1.0, 1.0), (1.0, 2.0, 3.0, 1.0, 2.0)), [('K.461 KernScores', 'P2', 1, (443, 448), (95, 1.0), (96, 2.0)), ('K.461 KernScores', 'P2', 1, (449, 454), (97, 1.0), (98, 2.0))]) 

22 .    (((8, -4, 4, -8), (0.5, 0.5, 0.5, 0.5), (1.0, 1.5, 2.0, 2.5)), [('K.461 KernScores', 'P2', 1, (277, 281), (66, 1.0), (66, 2.5)), ('K.461 KernScores', 'P2', 1, (393, 397), (86, 1.0), (86, 2.5))]) 

23 .    (((4, -5, 4, -5), (0.5, 0.5, 0.5, 0.5), (1.0, 1.5, 2.0, 2.5)), [('K.461 KernScores', 'P1', 1, (153, 157), (35, 1.0), (35, 2.5)), ('K.461 KernScores', 'P1', 1, (201, 205), (43, 1.0), (43, 2.5))]) 

24 .    (((6, -7, 6, -7), (0.5, 0.5, 0.5, 0.5), (1.0, 1.5, 2.0, 2.5)), [('K.461 KernScores', 'P1', 1, (441, 445), (113, 1.0), (113, 2.5)), ('K.461 KernScores', 'P1', 1, (489, 493), (121, 1.0), (121, 2.5))]) 

25 .    ((((6, 2), (6, 2), (6, 7), -2), ((0.0, 1.0), (0.0, 1.0), (0.0, 1.0), 2.0), (1.0, 2.0, 3.0, 1.0)), [('K.461 KernScores', 'P2', 1, (8, 12), (5, 1.0), (6, 1.0)), ('K.461 KernScores', 'P2', 1, (13, 17), (7, 1.0), (8, 1.0))]) 

26 .    (((2, -3, -3), (1.0, 0.5, 0.5), (3.5, 1.5, 2.0)), [('K.461 KernScores', 'P1', 1, (103, 106), (25, 3.5), (26, 2.0)), ('K.461 KernScores', 'P1', 1, (108, 111), (26, 3.5), (27, 2.0))]) 

27 .    (((3, -2, -2), (1.0, 1.0, 1.0), (1.0, 2.0, 3.0)), [('K.461 KernScores', 'P1', 2, (6, 9), (72, 1.0), (72, 3.0)), ('K.461 KernScores', 'P1', 2, (13, 16), (92, 1.0), (92, 3.0))]) 

28 .    (((-2, 2, -4), (1.0, 1.0, 1.0), (1.0, 2.0, 3.0)), [('K.461 KernScores', 'P2', 1, (0, 3), (1, 1.0), (1, 3.0)), ('K.461 KernScores', 'P2', 1, (4, 7), (3, 1.0), (3, 3.0))]) 

29 .    (((-2, -2), (0.5, 0.5), (1.5, 2.0)), [('K.461 KernScores', 'P1', 1, (223, 225), (51, 1.5), (51, 2.0)), ('K.461 KernScores', 'P1', 1, (386, 388), (99, 1.5), (99, 2.0))]) 

30 .    (((2, 2), (0.5, 0.5), (2.0, 2.5)), [('K.461 KernScores', 'P1', 1, (381, 383), (98, 2.0), (98, 2.5)), ('K.461 KernScores', 'P1', 1, (402, 404), (106, 2.0), (106, 2.5))]) 

31 .    (((2, -4), (0.5, 0.5), (1.5, 2.0)), [('K.461 KernScores', 'P1', 1, (99, 101), (25, 1.5), (25, 2.0)), ('K.461 KernScores', 'P1', 1, (217, 219), (50, 1.5), (50, 2.0))]) 

32 .    (((-2, -2), (1.0, 1.0), (1.0, 2.0)), [('K.461 KernScores', 'P1', 2, (0, 2), (35, 1.0), (35, 2.0)), ('K.461 KernScores', 'P1', 2, (3, 5), (43, 1.0), (43, 2.0)), ('K.461 KernScores', 'P2', 1, (455, 457), (99, 1.0), (99, 2.0))]) 

33 .    (((-2, -2), (1.0, 1.0), (3.0, 1.0)), [('K.461 KernScores', 'P1', 2, (10, 12), (73, 3.0), (74, 1.0)), ('K.461 KernScores', 'P1', 2, (18, 20), (93, 3.0), (94, 1.0))]) 

34 .    (((3, 2), (1.0, 1.0), (1.0, 2.0)), [('K.461 KernScores', 'P2', 1, (199, 201), (50, 1.0), (50, 2.0)), ('K.461 KernScores', 'P2', 1, (572, 574), (128, 1.0), (128, 2.0)), ('K.461 KernScores', 'P2', 2, (12, 14), (132, 1.0), (132, 2.0))]) 

35 .    (((-2, 2), (1.0, 1.0), (1.0, 2.0)), [('K.461 KernScores', 'P1', 1, (0, 2), (1, 1.0), (1, 2.0)), ('K.461 KernScores', 'P1', 1, (5, 7), (3, 1.0), (3, 2.0))]) 

36 .    (((2, 2), (1.0, 1.0), (1.0, 2.0)), [('K.461 KernScores', 'P2', 2, (0, 2), (6, 1.0), (6, 2.0)), ('K.461 KernScores', 'P2', 2, (3, 5), (8, 1.0), (8, 2.0)), ('K.461 KernScores', 'P2', 2, (6, 8), (100, 1.0), (100, 2.0)), ('K.461 KernScores', 'P2', 2, (9, 11), (101, 1.0), (101, 2.0))]) 

37 .    (((-2,), (0.5,), (3.0,)), [('K.461 KernScores', 'P1', 1, (226, 227), (51, 3.0), (51, 3.0)), ('K.461 KernScores', 'P1', 1, (389, 390), (99, 3.0), (99, 3.0))]) 

38 .    (((2,), (0.5,), (3.0,)), [('K.461 KernScores', 'P1', 1, (78, 79), (21, 3.0), (21, 3.0)), ('K.461 KernScores', 'P1', 1, (90, 91), (23, 3.0), (23, 3.0))]) 

39 .    (((2,), (0.5,), (3.5,)), [('K.461 KernScores', 'P1', 1, (221, 222), (50, 3.5), (50, 3.5)), ('K.461 KernScores', 'P1', 2, (50, 51), (105, 3.5), (105, 3.5))]) 

40 .    (((4,), (0.5,), (2.0,)), [('K.461 KernScores', 'P1', 1, (94, 95), (24, 2.0), (24, 2.0)), ('K.461 KernScores', 'P2', 1, (353, 354), (79, 2.0), (79, 2.0))]) 

41 .    (((-2,), (1.0,), (2.0,)), [('K.461 KernScores', 'P1', 1, (10, 11), (6, 2.0), (6, 2.0)), ('K.461 KernScores', 'P1', 1, (12, 13), (8, 2.0), (8, 2.0)), ('K.461 KernScores', 'P2', 1, (75, 76), (21, 2.0), (21, 2.0))]) 

42 .    (((5,), (0.5,), (3.0,)), [('K.461 KernScores', 'P1', 1, (112, 113), (27, 3.0), (27, 3.0)), ('K.461 KernScores', 'P2', 1, (391, 392), (85, 3.0), (85, 3.0))]) 

43 .    (((-2,), (3.0,), (1.0,)), [('K.461 KernScores', 'P1', 1, (397, 398), (101, 1.0), (101, 1.0)), ('K.461 KernScores', 'P1', 1, (399, 400), (103, 1.0), (103, 1.0))]) 

44 .    (((1,), (3.0,), (1.0,)), [('K.461 KernScores', 'P2', 1, (90, 91), (27, 1.0), (27, 1.0)), ('K.461 KernScores', 'P2', 1, (458, 459), (100, 1.0), (100, 1.0))]) 

45 .    (((8,), (1.0,), (1.0,)), [('K.461 KernScores', 'P2', 1, (325, 326), (74, 1.0), (74, 1.0)), ('K.461 KernScores', 'P2', 1, (441, 442), (94, 1.0), (94, 1.0))]) 

46 .    ((((8, 2),), ((0.0, 3.0),), (1.0,)), [('K.461 KernScores', 'P2', 1, (460, 461), (102, 1.0), (102, 1.0)), ('K.461 KernScores', 'P2', 1, (462, 463), (104, 1.0), (104, 1.0))]) 

