1.    nomes:
K.191 Musescore

2.    quantidade:
1

3.    analise:
[('intDia', 'p1p2'), ('duracao', 'p1p2'), ('Ptempo', 'p1')] SemContInte Distancia: 0

1.    ((-2, -2, -2, 2, 3, -2, -2, 6, 1, -2, -2, -2, -2, -2, -2, 2, 3, -2, -2, 6, 1, -2, -2, -2, -2, -2, -2, 2, 3, -2, -2, 8, 1, -2, -2, -2, -2, -2, -2, -2, 1), (0.25, 0.25, 0.25, -1.75, 0.25, 0.25, 0.25, 0.25, 0.25, 0.25, 0.25, 0.25, 0.25, 0.25, 0.25, 0.25, 0.25, 0.25, 0.25, 0.25, 0.25, 0.25, 0.25, 0.25, 0.25, 0.25, 0.25, 0.25, 0.25, 0.25, 0.25, 0.25, 0.25, 0.25, 0.25, 0.25, 0.25, 0.25, 0.25, 0.25, 0.25), (0.0,)):
('K.191 Musescore', 'P1', 1, (220, 261), (32,), (3.0,), (36,), (2.0,))
('K.191 Musescore', 'P1', 1, (518, 559), (69,), (1.0,), (73,), (3.0,))

2.    ((2, 2, 2, 2, 2, 2, 2, 2, 2, -3, 4, 2, 2, 2, 2, 2, 2, -3, 4, -8, -11, 2, 2, 2, 2, 2, 2, 2, 2, 2, -3, 4, 2, 2, 2, 2, 2, 2, -3, 4, -8), (0.25, 0.25, 0.25, 0.25, 0.25, 0.25, 0.25, 0.25, 0.25, 0.25, 0.25, 0.25, 0.25, 0.25, 0.25, 0.25, 0.25, 0.25, 0.25, 0.5, 0.75, 0.25, 0.25, 0.25, 0.25, 0.25, 0.25, 0.25, 0.25, 0.25, 0.25, 0.25, 0.25, 0.25, 0.25, 0.25, 0.25, 0.25, 0.25, 0.25, 0.5), (0.25,)):
('K.191 Musescore', 'P1', 2, (150, 191), (21,), (1.25,), (24,), (3.0,))
('K.191 Musescore', 'P1', 2, (322, 363), (51,), (2.25,), (54,), (1.0,))

3.    ((-2, -3, 2, -2, 3, -2, -2, 4, -2, -3, 2, -2, 3, -2, -2, 2, 2, 2, 2, -7, 2, 2, 2, 2, 2, -8, 2, 2, 2), (0.5, 0.5, 0.5, 1.0, 0.5, 0.5, 1.0, 1.5, 0.5, 0.5, 0.5, 1.0, 0.5, 0.5, 1.0, 1.5, 0.5, 0.5, 0.5, 0.5, 0.5, 0.5, 0.5, 0.5, 0.5, 0.25, 0.25, 0.25, 0.25), (0.5,)):
('K.191 Musescore', 'P1', 1, (145, 174), (21,), (2.5,), (27,), (1.75,))
('K.191 Musescore', 'P1', 1, (389, 418), (51,), (3.5,), (57,), (2.75,))

4.    ((-2, 2, 2, -2, -2, -2, -2, -2, -2, -2, 2, 2, 2, 4, -2, 2, 2, -2, -2, -2, -2, -2, -2, -2, 2, 2), (0.25, 0.25, 0.25, 0.25, 0.25, 0.25, 0.25, 0.25, 0.25, 0.25, 0.25, 1.0, 1.0, 1.25, 0.25, 0.25, 0.25, 0.25, 0.25, 0.25, 0.25, 0.25, 0.25, 0.25, 0.25, 1.0), (0.25,)):
('K.191 Musescore', 'P1', 1, (9, 35), (3,), (1.25,), (6,), (1.0,))
('K.191 Musescore', 'P1', 2, (10, 36), (4,), (1.25,), (7,), (1.0,))

5.    ((2, 2, 2, 2, 2, 2, -3, 4, 2, 2, 2, 2, 2, 2, -3, 4, 2, 2, 2, 2, 2, 2, -3, 4), (0.25, 0.25, 0.25, 0.25, 0.25, 0.25, 0.25, 0.25, 0.25, 0.25, 0.25, 0.25, 0.25, 0.25, 0.25, 0.25, 0.25, 0.25, 0.25, 0.25, 0.25, 0.25, 0.25, 0.25), (0.0,)):
('K.191 Musescore', 'P1', 2, (394, 418), (59,), (2.0,), (60,), (1.75,))
('K.191 Musescore', 'P1', 2, (419, 443), (62,), (2.0,), (63,), (1.75,))

6.    ((-2, 2, 2, -3, -2, 2, 2, -3, -2, 2, 2, 1, -2, 2, 2, -3, -2, 2, 2, -3, -2, 2, 2), (0.25, 0.25, 0.25, 0.25, 0.25, 0.25, 0.25, 0.25, 0.25, 0.25, 0.25, 0.25, 0.25, 0.25, 0.25, 0.25, 0.25, 0.25, 0.25, 0.25, 0.25, 0.25, 0.25), (0.25,)):
('K.191 Musescore', 'P1', 1, (103, 126), (16,), (1.25,), (17,), (3.75,))
('K.191 Musescore', 'P1', 2, (118, 141), (18,), (1.25,), (19,), (3.75,))

7.    ((-2, 2, 2, -3, 2, -3, 2, -3, 2, -3, 2, -3, 2, -3, 2, -3, 4, -4, 5, -5, 6, -6), (0.25, 0.25, 0.25, 0.25, 0.25, 0.25, 0.25, 0.25, 0.25, 0.25, 0.25, 0.25, 0.25, 0.25, 0.25, 0.25, 0.25, 0.25, 0.25, 0.25, 0.25, 0.25), (0.25,)):
('K.191 Musescore', 'P1', 1, (273, 295), (37,), (2.25,), (38,), (1.5,))
('K.191 Musescore', 'P1', 2, (242, 264), (39,), (2.25,), (40,), (1.5,))

8.    ((3, 2, 2, -4, 2, 2, 2, -6, 2, 2, -5, 6, -2, -2, 2), (1.0, 1.0, 1.0, 0.25, 0.25, 0.25, 0.25, 0.25, 0.25, 0.25, 0.25, 0.25, 0.25, 0.25, 0.25), (0.0,)):
('K.191 Musescore', 'P1', 2, (287, 302), (45,), (2.0,), (46,), (1.75,))
('K.191 Musescore', 'P1', 2, (302, 317), (47,), (2.0,), (48,), (1.75,))

9.    ((2, 2, 2, -6, 2, 2, -5, 8, -2, -2, 2, 3, 4, -2), (0.25, 0.25, 0.25, 0.25, 0.25, 0.25, 0.25, 0.25, 0.25, 0.25, 0.25, 1.0, 1.0, 1.0), (0.25,)):
('K.191 Musescore', 'P1', 1, (335, 349), (45,), (2.25,), (46,), (1.0,))
('K.191 Musescore', 'P1', 1, (350, 364), (47,), (2.25,), (48,), (1.0,))

10.    ((2, -2, -2, 2, 2, -2, -2, 2, 2, -3, 3, 3, 4), (0.5, 0.25, 0.25, 1.0, 0.5, 0.25, 0.25, 1.0, 0.5, 0.25, 0.25, 0.25, 0.25), (0.5,)):
('K.191 Musescore', 'P1', 1, (439, 452), (59,), (3.5,), (61,), (2.75,))
('K.191 Musescore', 'P1', 1, (463, 476), (62,), (3.5,), (64,), (2.75,))

11.    ((-2, 2, 2, -2, -2, -2, 2, -2, -2, -2, -2, 2), (0.25, 0.25, 0.25, 0.25, 0.25, 0.25, 0.25, 0.25, 0.25, 0.25, 0.25, 1.0), (0.25,)):
('K.191 Musescore', 'P1', 1, (37, 49), (7,), (1.25,), (8,), (1.0,))
('K.191 Musescore', 'P1', 2, (38, 50), (8,), (1.25,), (9,), (1.0,))

12.    ((-2, -2, -2, -2, -2, -2, -2, -2, -2, -2, 2), (0.25, 0.25, 0.25, 0.25, 0.25, 0.25, 0.25, 0.25, 0.25, 0.25, 0.25), (0.25,)):
('K.191 Musescore', 'P1', 1, (67, 78), (11,), (1.25,), (11,), (3.75,))
('K.191 Musescore', 'P1', 1, (80, 91), (13,), (1.25,), (13,), (3.75,))

13.    ((4, 2, 2, -6, 5, 2, 2, -7, 6, 2, 2), (0.25, 0.25, 0.25, 1.25, 0.25, 0.25, 0.25, 1.25, 0.25, 0.25, 0.25), (0.25,)):
('K.191 Musescore', 'P1', 1, (310, 321), (41,), (1.25,), (43,), (2.75,))
('K.191 Musescore', 'P1', 2, (265, 276), (41,), (3.25,), (42,), (1.75,))

14.    ((-2, -2, -2, -2, -2, -2, -2, -2, -2, -2, -2), (0.25, 0.25, 0.25, 0.25, 0.25, 0.25, 0.25, 0.25, 0.25, 0.25, 0.25), (0.25,)):
('K.191 Musescore', 'P1', 1, (323, 334), (44,), (2.25,), (44,), (1.75,))
('K.191 Musescore', 'P1', 2, (67, 78), (12,), (1.25,), (12,), (3.75,))

15.    ((-2, -2, 2, -2, -2, -2, 2, -2, -2, -2), (0.25, 0.25, 0.25, 0.25, 0.25, 0.25, 0.25, 0.25, 0.25, 0.25), (0.25,)):
('K.191 Musescore', 'P1', 1, (365, 375), (49,), (2.25,), (49,), (1.5,))
('K.191 Musescore', 'P1', 1, (481, 491), (65,), (2.25,), (65,), (1.5,))

16.    ((-2, -2, -2, -2, -2, -2, 2, -2, -2, -2), (0.25, 0.25, 0.25, 0.25, 0.25, 0.25, 0.25, 0.25, 0.25, 0.25), (0.25,)):
('K.191 Musescore', 'P1', 1, (427, 437), (58,), (2.25,), (58,), (1.5,))
('K.191 Musescore', 'P1', 1, (559, 569), (73,), (3.25,), (73,), (2.5,))

17.    ((-2, -2, -2, 2, -2, -2, -2, 2), (0.25, 0.25, 0.25, 0.25, 0.25, 0.25, 0.25, 0.25), (0.0,)):
('K.191 Musescore', 'P1', 1, (430, 438), (58,), (3.0,), (58,), (1.75,))
('K.191 Musescore', 'P1', 2, (141, 149), (20,), (1.0,), (20,), (2.75,))

18.    (((5, 2, 3, 2), (4, 2, 3, 2), (3, 2, 3, -2), (4, 2, 3, -2), (5, 2, 3, 2), (4, 2, 3, 7), -7, (4, 3, 1)), ((0.0, 0.0, 0.0, 1.0), (0.0, 0.0, 0.0, 2.0), (0.0, 0.0, 0.0, 1.0), (0.0, 0.0, 0.0, 2.0), (0.0, 0.0, 0.0, 1.0), (0.0, 0.0, 0.0, 1.0), 1.0, (0.0, 0.0, 1.0)), (0.0,)):
('K.191 Musescore', 'P1', 2, (222, 230), (29,), (2.0,), (32,), (2.0,))
('K.191 Musescore', 'P1', 2, (452, 460), (66,), (3.0,), (69,), (3.0,))

19.    ((2, 2, 2, 2, 2, -3, 4), (0.25, 0.25, 0.25, 0.25, 0.25, 0.25, 0.25), (0.25,)):
('K.191 Musescore', 'P1', 1, (51, 58), (9,), (1.25,), (9,), (2.75,))
('K.191 Musescore', 'P1', 2, (52, 59), (10,), (1.25,), (10,), (2.75,))
('K.191 Musescore', 'P1', 2, (162, 169), (22,), (1.25,), (22,), (2.75,))
('K.191 Musescore', 'P1', 2, (183, 190), (24,), (1.25,), (24,), (2.75,))
('K.191 Musescore', 'P1', 2, (334, 341), (52,), (2.25,), (52,), (3.75,))
('K.191 Musescore', 'P1', 2, (355, 362), (54,), (2.25,), (54,), (3.75,))
('K.191 Musescore', 'P1', 2, (395, 402), (59,), (2.25,), (59,), (3.75,))
('K.191 Musescore', 'P1', 2, (403, 410), (59,), (1.25,), (60,), (2.75,))
('K.191 Musescore', 'P1', 2, (411, 418), (60,), (3.25,), (60,), (1.75,))
('K.191 Musescore', 'P1', 2, (420, 427), (62,), (2.25,), (62,), (3.75,))
('K.191 Musescore', 'P1', 2, (428, 435), (62,), (1.25,), (63,), (2.75,))
('K.191 Musescore', 'P1', 2, (436, 443), (63,), (3.25,), (63,), (1.75,))

20.    ((2, 2, 2, 2, 2, 2, 2), (0.25, 0.25, 0.25, 0.25, 0.25, 0.25, 0.25), (0.25,)):
('K.191 Musescore', 'P1', 1, (171, 178), (27,), (1.25,), (27,), (2.75,))
('K.191 Musescore', 'P1', 2, (150, 157), (21,), (1.25,), (21,), (2.75,))
('K.191 Musescore', 'P1', 2, (171, 178), (23,), (1.25,), (23,), (2.75,))
('K.191 Musescore', 'P1', 2, (322, 329), (51,), (2.25,), (51,), (3.75,))
('K.191 Musescore', 'P1', 2, (343, 350), (53,), (2.25,), (53,), (3.75,))

21.    ((2, 2, 2, -6, 2, 2, -5), (0.25, 0.25, 0.25, 0.25, 0.25, 0.25, 0.25), (0.25,)):
('K.191 Musescore', 'P1', 1, (335, 342), (45,), (2.25,), (45,), (3.75,))
('K.191 Musescore', 'P1', 1, (350, 357), (47,), (2.25,), (47,), (3.75,))
('K.191 Musescore', 'P1', 1, (415, 422), (57,), (2.25,), (57,), (3.75,))
('K.191 Musescore', 'P1', 2, (291, 298), (46,), (2.25,), (46,), (3.75,))
('K.191 Musescore', 'P1', 2, (306, 313), (48,), (2.25,), (48,), (3.75,))

22.    ((1, 2, -3, 2, -3, 2), (0.5, 0.5, 0.5, 0.5, 0.5, 0.5), (0.0,)):
('K.191 Musescore', 'P1', 1, (126, 132), (18,), (1.0,), (18,), (3.5,))
('K.191 Musescore', 'P1', 1, (132, 138), (19,), (1.0,), (19,), (3.5,))

23.    ((-3, -3, -3, -3, (3, 2)), (0.25, 0.25, 0.25, 0.75, (0.0, 1.0)), (0.0,)):
('K.191 Musescore', 'P1', 1, (492, 497), (66,), (2.0,), (66,), (3.5,))
('K.191 Musescore', 'P1', 1, (504, 509), (68,), (2.0,), (68,), (3.5,))

24.    ((3, 3, 4, -4, 5), (0.5, 0.5, 0.5, 0.5, 0.5), (0.0,)):
('K.191 Musescore', 'P1', 1, (0, 5), (1,), (1.0,), (1,), (3.0,))
('K.191 Musescore', 'P1', 2, (1, 6), (2,), (1.0,), (2,), (3.0,))

25.    ((6, -2, -2, 2), (0.25, 0.25, 0.25, 0.25), (0.0,)):
('K.191 Musescore', 'P1', 1, (182, 186), (28,), (1.0,), (28,), (1.75,))
('K.191 Musescore', 'P1', 2, (298, 302), (46,), (1.0,), (46,), (1.75,))
('K.191 Musescore', 'P1', 2, (313, 317), (48,), (1.0,), (48,), (1.75,))

26.    (((3, 4), 3, -2, -2), ((0.0, 0.5), 0.25, 0.25, 0.25), (0.5,)):
('K.191 Musescore', 'P1', 1, (211, 215), (31,), (3.5,), (32,), (1.5,))
('K.191 Musescore', 'P1', 1, (509, 513), (68,), (1.5,), (69,), (2.5,))

27.    ((6, -7, 6, -7), (0.5, 0.5, 0.5, 0.5), (0.0,)):
('K.191 Musescore', 'P1', 2, (107, 111), (16,), (2.0,), (16,), (3.5,))
('K.191 Musescore', 'P1', 2, (113, 117), (17,), (2.0,), (17,), (3.5,))

28.    (((5, 2, 2), (4, 2, -10), (8, 2), (8, 2)), ((0.0, 0.0, 1.0), (0.0, 0.0, 1.0), (0.0, 1.0), (0.0, 1.0)), (0.0,)):
('K.191 Musescore', 'P1', 2, (235, 239), (34,), (3.0,), (35,), (3.0,))
('K.191 Musescore', 'P1', 2, (468, 472), (72,), (1.0,), (73,), (1.0,))

29.    ((3, -2), (0.25, 0.25), (0.0,)):
('K.191 Musescore', 'P1', 1, (224, 226), (33,), (2.0,), (33,), (2.25,))
('K.191 Musescore', 'P1', 1, (236, 238), (34,), (2.0,), (34,), (2.25,))
('K.191 Musescore', 'P1', 1, (248, 250), (35,), (2.0,), (35,), (2.25,))
('K.191 Musescore', 'P1', 1, (376, 378), (50,), (2.0,), (50,), (2.25,))
('K.191 Musescore', 'P1', 1, (510, 512), (69,), (2.0,), (69,), (2.25,))
('K.191 Musescore', 'P1', 1, (522, 524), (70,), (3.0,), (70,), (3.25,))
('K.191 Musescore', 'P1', 1, (534, 536), (71,), (3.0,), (71,), (3.25,))
('K.191 Musescore', 'P1', 1, (546, 548), (72,), (3.0,), (72,), (3.25,))
('K.191 Musescore', 'P1', 2, (81, 83), (14,), (1.0,), (14,), (1.25,))
('K.191 Musescore', 'P1', 2, (85, 87), (14,), (2.0,), (14,), (2.25,))
('K.191 Musescore', 'P1', 2, (89, 91), (14,), (3.0,), (14,), (3.25,))
('K.191 Musescore', 'P1', 2, (93, 95), (15,), (1.0,), (15,), (1.25,))
('K.191 Musescore', 'P1', 2, (192, 194), (25,), (1.0,), (25,), (1.25,))
('K.191 Musescore', 'P1', 2, (196, 198), (25,), (2.0,), (25,), (2.25,))
('K.191 Musescore', 'P1', 2, (200, 202), (25,), (3.0,), (25,), (3.25,))
('K.191 Musescore', 'P1', 2, (204, 206), (26,), (1.0,), (26,), (1.25,))
('K.191 Musescore', 'P1', 2, (208, 210), (26,), (2.0,), (26,), (2.25,))
('K.191 Musescore', 'P1', 2, (212, 214), (26,), (3.0,), (26,), (3.25,))
('K.191 Musescore', 'P1', 2, (364, 366), (55,), (2.0,), (55,), (2.25,))
('K.191 Musescore', 'P1', 2, (368, 370), (55,), (3.0,), (55,), (3.25,))
('K.191 Musescore', 'P1', 2, (372, 374), (55,), (1.0,), (55,), (1.25,))
('K.191 Musescore', 'P1', 2, (376, 378), (56,), (2.0,), (56,), (2.25,))
('K.191 Musescore', 'P1', 2, (380, 382), (56,), (3.0,), (56,), (3.25,))
('K.191 Musescore', 'P1', 2, (384, 386), (56,), (1.0,), (56,), (1.25,))

30.    ((2, 2), (0.5, 0.5), (0.0,)):
('K.191 Musescore', 'P1', 1, (91, 93), (14,), (1.0,), (14,), (1.5,))
('K.191 Musescore', 'P1', 1, (93, 95), (14,), (2.0,), (14,), (2.5,))
('K.191 Musescore', 'P1', 1, (95, 97), (14,), (3.0,), (14,), (3.5,))
('K.191 Musescore', 'P1', 1, (97, 99), (15,), (1.0,), (15,), (1.5,))
('K.191 Musescore', 'P1', 1, (138, 140), (20,), (1.0,), (20,), (1.5,))
('K.191 Musescore', 'P1', 1, (162, 164), (25,), (3.0,), (25,), (3.5,))
('K.191 Musescore', 'P1', 1, (166, 168), (26,), (2.0,), (26,), (2.5,))
('K.191 Musescore', 'P1', 1, (168, 170), (26,), (3.0,), (26,), (3.5,))
('K.191 Musescore', 'P1', 1, (298, 300), (39,), (1.0,), (39,), (1.5,))
('K.191 Musescore', 'P1', 1, (300, 302), (40,), (2.0,), (40,), (2.5,))
('K.191 Musescore', 'P1', 1, (406, 408), (55,), (1.0,), (55,), (1.5,))
('K.191 Musescore', 'P1', 1, (410, 412), (56,), (3.0,), (56,), (3.5,))
('K.191 Musescore', 'P1', 1, (412, 414), (56,), (1.0,), (56,), (1.5,))
('K.191 Musescore', 'P1', 2, (448, 450), (65,), (2.0,), (65,), (2.5,))

31.    ((2, -2), (0.5, 1.0), (0.5,)):
('K.191 Musescore', 'P1', 1, (147, 149), (21,), (3.5,), (22,), (1.0,))
('K.191 Musescore', 'P1', 1, (155, 157), (23,), (3.5,), (24,), (1.0,))
('K.191 Musescore', 'P1', 1, (391, 393), (51,), (1.5,), (52,), (2.0,))
('K.191 Musescore', 'P1', 1, (399, 401), (53,), (1.5,), (54,), (2.0,))
('K.191 Musescore', 'P1', 2, (6, 8), (2,), (3.5,), (3,), (1.0,))

32.    ((3, 2), (1.0, 1.0), (0.0,)):
('K.191 Musescore', 'P1', 2, (79, 81), (13,), (2.0,), (13,), (3.0,))
('K.191 Musescore', 'P1', 2, (284, 286), (44,), (2.0,), (44,), (3.0,))

33.    ((3,), (0.25,), (0.5,)):
('K.191 Musescore', 'P1', 1, (450, 451), (61,), (2.5,), (61,), (2.5,))
('K.191 Musescore', 'P1', 1, (474, 475), (64,), (2.5,), (64,), (2.5,))
('K.191 Musescore', 'P1', 2, (83, 84), (14,), (1.5,), (14,), (1.5,))
('K.191 Musescore', 'P1', 2, (87, 88), (14,), (2.5,), (14,), (2.5,))
('K.191 Musescore', 'P1', 2, (91, 92), (14,), (3.5,), (14,), (3.5,))
('K.191 Musescore', 'P1', 2, (95, 96), (15,), (1.5,), (15,), (1.5,))
('K.191 Musescore', 'P1', 2, (99, 100), (15,), (2.5,), (15,), (2.5,))
('K.191 Musescore', 'P1', 2, (194, 195), (25,), (1.5,), (25,), (1.5,))
('K.191 Musescore', 'P1', 2, (198, 199), (25,), (2.5,), (25,), (2.5,))
('K.191 Musescore', 'P1', 2, (202, 203), (25,), (3.5,), (25,), (3.5,))
('K.191 Musescore', 'P1', 2, (206, 207), (26,), (1.5,), (26,), (1.5,))
('K.191 Musescore', 'P1', 2, (210, 211), (26,), (2.5,), (26,), (2.5,))
('K.191 Musescore', 'P1', 2, (214, 215), (26,), (3.5,), (26,), (3.5,))
('K.191 Musescore', 'P1', 2, (366, 367), (55,), (2.5,), (55,), (2.5,))
('K.191 Musescore', 'P1', 2, (370, 371), (55,), (3.5,), (55,), (3.5,))
('K.191 Musescore', 'P1', 2, (374, 375), (55,), (1.5,), (55,), (1.5,))
('K.191 Musescore', 'P1', 2, (378, 379), (56,), (2.5,), (56,), (2.5,))
('K.191 Musescore', 'P1', 2, (382, 383), (56,), (3.5,), (56,), (3.5,))
('K.191 Musescore', 'P1', 2, (386, 387), (56,), (1.5,), (56,), (1.5,))

34.    ((-2,), (0.5,), (0.5,)):
('K.191 Musescore', 'P1', 1, (63, 64), (10,), (2.5,), (10,), (2.5,))
('K.191 Musescore', 'P1', 1, (65, 66), (10,), (3.5,), (10,), (3.5,))
('K.191 Musescore', 'P1', 1, (145, 146), (21,), (2.5,), (21,), (2.5,))
('K.191 Musescore', 'P1', 1, (150, 151), (22,), (2.5,), (22,), (2.5,))
('K.191 Musescore', 'P1', 1, (153, 154), (23,), (2.5,), (23,), (2.5,))
('K.191 Musescore', 'P1', 1, (158, 159), (24,), (2.5,), (24,), (2.5,))
('K.191 Musescore', 'P1', 1, (297, 298), (39,), (3.5,), (39,), (3.5,))
('K.191 Musescore', 'P1', 1, (303, 304), (40,), (3.5,), (40,), (3.5,))
('K.191 Musescore', 'P1', 1, (389, 390), (51,), (3.5,), (51,), (3.5,))
('K.191 Musescore', 'P1', 1, (394, 395), (52,), (3.5,), (52,), (3.5,))
('K.191 Musescore', 'P1', 1, (397, 398), (53,), (3.5,), (53,), (3.5,))
('K.191 Musescore', 'P1', 1, (402, 403), (54,), (3.5,), (54,), (3.5,))
('K.191 Musescore', 'P1', 2, (106, 107), (16,), (1.5,), (16,), (1.5,))

35.    ((2,), (0.25,), (0.0,)):
('K.191 Musescore', 'P1', 1, (480, 481), (65,), (2.0,), (65,), (2.0,))
('K.191 Musescore', 'P1', 2, (161, 162), (22,), (1.0,), (22,), (1.0,))
('K.191 Musescore', 'P1', 2, (182, 183), (24,), (1.0,), (24,), (1.0,))
('K.191 Musescore', 'P1', 2, (333, 334), (52,), (2.0,), (52,), (2.0,))
('K.191 Musescore', 'P1', 2, (354, 355), (54,), (2.0,), (54,), (2.0,))
('K.191 Musescore', 'P1', 2, (394, 395), (59,), (2.0,), (59,), (2.0,))
('K.191 Musescore', 'P1', 2, (402, 403), (59,), (1.0,), (59,), (1.0,))
('K.191 Musescore', 'P1', 2, (410, 411), (60,), (3.0,), (60,), (3.0,))
('K.191 Musescore', 'P1', 2, (419, 420), (62,), (2.0,), (62,), (2.0,))
('K.191 Musescore', 'P1', 2, (427, 428), (62,), (1.0,), (62,), (1.0,))
('K.191 Musescore', 'P1', 2, (435, 436), (63,), (3.0,), (63,), (3.0,))

36.    ((-3,), (0.5,), (0.0,)):
('K.191 Musescore', 'P1', 1, (99, 100), (15,), (2.0,), (15,), (2.0,))
('K.191 Musescore', 'P1', 1, (128, 129), (18,), (2.0,), (18,), (2.0,))
('K.191 Musescore', 'P1', 1, (130, 131), (18,), (3.0,), (18,), (3.0,))
('K.191 Musescore', 'P1', 1, (134, 135), (19,), (2.0,), (19,), (2.0,))
('K.191 Musescore', 'P1', 1, (136, 137), (19,), (3.0,), (19,), (3.0,))
('K.191 Musescore', 'P1', 1, (146, 147), (21,), (3.0,), (21,), (3.0,))
('K.191 Musescore', 'P1', 1, (154, 155), (23,), (3.0,), (23,), (3.0,))
('K.191 Musescore', 'P1', 1, (390, 391), (51,), (1.0,), (51,), (1.0,))
('K.191 Musescore', 'P1', 1, (398, 399), (53,), (1.0,), (53,), (1.0,))
('K.191 Musescore', 'P1', 3, (0, 1), (32,), (1.0,), (32,), (1.0,))
('K.191 Musescore', 'P1', 3, (4, 5), (69,), (2.0,), (69,), (2.0,))

37.    ((-2,), (1.0,), (0.0,)):
('K.191 Musescore', 'P1', 1, (151, 152), (22,), (3.0,), (22,), (3.0,))
('K.191 Musescore', 'P1', 1, (159, 160), (24,), (3.0,), (24,), (3.0,))
('K.191 Musescore', 'P1', 1, (348, 349), (46,), (1.0,), (46,), (1.0,))
('K.191 Musescore', 'P1', 1, (363, 364), (48,), (1.0,), (48,), (1.0,))
('K.191 Musescore', 'P1', 1, (395, 396), (52,), (1.0,), (52,), (1.0,))
('K.191 Musescore', 'P1', 1, (403, 404), (54,), (1.0,), (54,), (1.0,))
('K.191 Musescore', 'P1', 2, (447, 448), (64,), (1.0,), (64,), (1.0,))

38.    ((2,), (1.0,), (0.0,)):
('K.191 Musescore', 'P1', 1, (35, 36), (6,), (2.0,), (6,), (2.0,))
('K.191 Musescore', 'P1', 1, (140, 141), (20,), (2.0,), (20,), (2.0,))
('K.191 Musescore', 'P1', 2, (80, 81), (13,), (3.0,), (13,), (3.0,))
('K.191 Musescore', 'P1', 2, (218, 219), (27,), (3.0,), (27,), (3.0,))
('K.191 Musescore', 'P1', 2, (285, 286), (44,), (3.0,), (44,), (3.0,))
('K.191 Musescore', 'P1', 2, (390, 391), (57,), (1.0,), (57,), (1.0,))

39.    ((3,), (0.25,), (0.0,)):
('K.191 Musescore', 'P1', 1, (212, 213), (32,), (1.0,), (32,), (1.0,))
('K.191 Musescore', 'P1', 1, (426, 427), (58,), (2.0,), (58,), (2.0,))
('K.191 Musescore', 'P1', 2, (97, 98), (15,), (2.0,), (15,), (2.0,))
('K.191 Musescore', 'P1', 2, (101, 102), (15,), (3.0,), (15,), (3.0,))

40.    ((8,), (0.25,), (0.0,)):
('K.191 Musescore', 'P1', 1, (272, 273), (37,), (2.0,), (37,), (2.0,))
('K.191 Musescore', 'P1', 1, (342, 343), (45,), (1.0,), (45,), (1.0,))
('K.191 Musescore', 'P1', 1, (357, 358), (47,), (1.0,), (47,), (1.0,))
('K.191 Musescore', 'P1', 2, (66, 67), (12,), (1.0,), (12,), (1.0,))

41.    ((-2,), (1.25,), (0.0,)):
('K.191 Musescore', 'P1', 1, (8, 9), (2,), (3.0,), (2,), (3.0,))
('K.191 Musescore', 'P1', 1, (322, 323), (43,), (1.0,), (43,), (1.0,))
('K.191 Musescore', 'P1', 2, (51, 52), (9,), (3.0,), (9,), (3.0,))

42.    ((2,), (0.25,), (0.75,)):
('K.191 Musescore', 'P1', 1, (77, 78), (11,), (3.75,), (11,), (3.75,))
('K.191 Musescore', 'P1', 1, (90, 91), (13,), (3.75,), (13,), (3.75,))
('K.191 Musescore', 'P1', 2, (62, 63), (10,), (3.75,), (10,), (3.75,))

43.    ((-5,), (1.0,), (0.0,)):
('K.191 Musescore', 'P1', 2, (8, 9), (3,), (2.0,), (3,), (2.0,))
('K.191 Musescore', 'P1', 2, (286, 287), (44,), (1.0,), (44,), (1.0,))
('K.191 Musescore', 'P1', 2, (393, 394), (58,), (1.0,), (58,), (1.0,))

44.    ((-8,), (1.0,), (0.0,)):
('K.191 Musescore', 'P1', 2, (317, 318), (49,), (2.0,), (49,), (2.0,))
('K.191 Musescore', 'P1', 2, (392, 393), (58,), (3.0,), (58,), (3.0,))
('K.191 Musescore', 'P1', 2, (450, 451), (65,), (3.0,), (65,), (3.0,))

45.    ((2,), (0.0,), (0.0,)):
('K.191 Musescore', 'P1', 1, (6, 7), (2,), (1.0,), (2,), (1.0,))
('K.191 Musescore', 'P1', 1, (570, 571), (74,), (3.0,), (74,), (3.0,))

46.    ((4,), (1.0,), (0.0,)):
('K.191 Musescore', 'P1', 1, (49, 50), (8,), (2.0,), (8,), (2.0,))
('K.191 Musescore', 'P1', 1, (321, 322), (43,), (3.0,), (43,), (3.0,))

47.    ((2,), (0.75,), (0.5,)):
('K.191 Musescore', 'P1', 1, (102, 103), (15,), (3.5,), (15,), (3.5,))
('K.191 Musescore', 'P1', 1, (305, 306), (40,), (1.5,), (40,), (1.5,))

48.    ((-2,), (2.0,), (0.0,)):
('K.191 Musescore', 'P1', 1, (7, 8), (2,), (1.0,), (2,), (1.0,))
('K.191 Musescore', 'P1', 2, (319, 320), (49,), (1.0,), (49,), (1.0,))

49.    ((-7,), (1.25,), (0.0,)):
('K.191 Musescore', 'P1', 1, (50, 51), (8,), (3.0,), (8,), (3.0,))
('K.191 Musescore', 'P1', 2, (321, 322), (50,), (1.0,), (50,), (1.0,))

50.    ((5,), (0.25,), (0.0,)):
('K.191 Musescore', 'P1', 1, (334, 335), (45,), (2.0,), (45,), (2.0,))
('K.191 Musescore', 'P1', 2, (117, 118), (18,), (1.0,), (18,), (1.0,))

51.    ((-3,), (1.0,), (0.0,)):
('K.191 Musescore', 'P1', 2, (50, 51), (9,), (2.0,), (9,), (2.0,))
('K.191 Musescore', 'P1', 2, (78, 79), (13,), (1.0,), (13,), (1.0,))

