1.    nomes:
K.408 KernScores

2.    quantidade:
1

3.    analise:
[('intDia', 'p1p2'), ('duracao', 'p1p2'), ('Ptempo', 'p1')] SemContInte Distancia: 0

1.    ((-2, -2, -2, -2, -2, 4, -2, 2, 4, -3, -2, -2, 1, 2, -2, 2, 4, -3, -2, -2, 2, 4, -2, 2, -2, 6, -2, 2, -4, -2, 2, -4, 2, 2, -2, 6, -2, 2, -4, -2, 2, -4, 2, 2, -2, 2, 2, -2, -2, -2, -2, -2, 2, 3, -2, -2, 2, 1, (3, -2), (3, -2), (3, 2), 3, -2, -2, 2, 1, (3, -2), (3, -2), (3, 4), 2, 2), (0.5, 0.25, 0.25, 0.25, 0.25, 1.25, 0.25, 0.25, 0.25, 0.25, 0.25, 0.25, 0.25, 0.25, 0.25, 0.25, 0.25, 0.25, 0.25, 0.25, 0.25, 1.5, 0.5, 1.5, 0.5, 0.5, 0.17, 0.17, 0.17, 0.17, 0.17, 0.17, 0.17, 0.17, 0.17, 2.5, 0.17, 0.17, 0.17, 0.17, 0.17, 0.17, 0.17, 0.17, 0.17, 0.17, 0.17, 0.17, 0.17, 0.17, 0.17, 0.5, 0.5, 0.5, 0.5, 0.5, 0.5, 0.5, (0.0, 0.5), (0.0, 0.5), (0.0, 0.5), 0.5, 0.5, 0.5, 0.5, 0.5, (0.0, 0.5), (0.0, 0.5), (0.0, 0.5), 0.17, 0.17), (0.5,)):
('K.408 KernScores', 'P1', 1, (72, 143), (13,), (2.5,), (27,), (1.17,))
('K.408 KernScores', 'P1', 1, (249, 320), (43,), (1.5,), (57,), (2.17,))

2.    ((-3, -2, 2, 4, -3, -2, -2, 1, 2, -2, 2, 4, -3, -2, -2, 2, 8, -2, -3, -5, 8, -2, 2, -4, -2, 2, -4, 2, 2, -2, -3, -2, -3, 4, -5, 2, -8, 4), (0.25, 0.25, 0.25, 0.25, 0.25, 0.25, 0.25, 0.25, 0.25, 0.25, 0.25, 0.25, 0.25, 0.25, 0.25, 0.25, 0.5, 0.5, 0.5, 0.5, 0.5, 0.17, 0.17, 0.17, 0.17, 0.17, 0.17, 0.17, 0.17, 0.17, 0.5, 0.5, 0.5, 0.5, 0.5, 0.5, 0.5, 0.5), (0.0,)):
('K.408 KernScores', 'P2', 1, (67, 105), (17,), (1.0,), (22,), (2.5,))
('K.408 KernScores', 'P2', 1, (212, 250), (47,), (1.0,), (52,), (2.5,))

3.    ((8, -2, 2, -4, -2, 2, -5, -2, 2, -4, 8, -2, 2, -5, -2, 2, -4, -2, 2), (0.5, 0.17, 0.17, 0.17, 0.17, 0.17, 0.17, 0.17, 0.17, 0.17, 0.5, 0.17, 0.17, 0.17, 0.17, 0.17, 0.17, 0.17, 0.17), (0.0,)):
('K.408 KernScores', 'P2', 1, (105, 124), (23,), (1.0,), (24,), (2.67,))
('K.408 KernScores', 'P2', 1, (270, 289), (55,), (1.0,), (56,), (2.67,))

4.    ((-2, 2, 4, -3, -2, -2, 1, 2, -2, 2, 4, -3, -2, -2, 2), (0.25, 0.25, 0.25, 0.25, 0.25, 0.25, 0.25, 0.25, 0.25, 0.25, 0.25, 0.25, 0.25, 0.25, 0.25), (0.25,)):
('K.408 KernScores', 'P1', 1, (78, 93), (15,), (1.25,), (16,), (2.75,))
('K.408 KernScores', 'P1', 1, (255, 270), (45,), (2.25,), (46,), (1.75,))
('K.408 KernScores', 'P2', 1, (68, 83), (17,), (1.25,), (18,), (2.75,))
('K.408 KernScores', 'P2', 1, (213, 228), (47,), (1.25,), (48,), (2.75,))

5.    ((-2, 2, 2, -3, -2, -2, 2, 3, -2, 2, 2, -3, -2, -2, 2), (0.25, 0.25, 0.25, 0.25, 0.25, 0.25, 0.25, 0.25, 0.25, 0.25, 0.25, 0.25, 0.25, 0.25, 0.25), (0.25,)):
('K.408 KernScores', 'P1', 1, (196, 211), (36,), (2.25,), (37,), (1.75,))
('K.408 KernScores', 'P1', 1, (228, 243), (40,), (2.25,), (41,), (1.75,))

6.    ((1, 2, 2, 2, 2, 2, 1, 2, 1, -2, 1, -2, -2, -2, 2), (0.25, 0.25, 0.25, 0.25, 0.25, 0.25, 0.25, 0.25, 0.25, 0.25, 0.25, 0.25, 0.25, 0.25, 0.25), (0.25,)):
('K.408 KernScores', 'P1', 1, (18, 33), (5,), (1.25,), (6,), (2.75,))
('K.408 KernScores', 'P2', 1, (21, 36), (7,), (1.25,), (8,), (2.75,))

7.    ((-3, -3, -4, 4, -2, 3, -2, 3, -2, 3, -2, 3), (0.25, 0.25, 0.5, 0.5, 0.25, 0.25, 0.25, 0.25, 0.25, 0.25, 0.25, 0.25), (0.5,)):
('K.408 KernScores', 'P1', 1, (1, 13), (1,), (1.5,), (2,), (2.75,))
('K.408 KernScores', 'P2', 1, (1, 13), (3,), (1.5,), (4,), (2.75,))

8.    ((-2, 2, 3, -2, 2, 1, (6, -2), (6, 2), (6, 2), (6, 2)), (0.17, 0.17, 0.17, 0.17, 0.17, 0.17, (0.0, 0.5), (0.0, 0.5), (0.0, 0.5), (0.0, 0.5)), (0.5,)):
('K.408 KernScores', 'P1', 1, (148, 158), (30,), (2.5,), (31,), (1.0,))
('K.408 KernScores', 'P1', 1, (160, 170), (32,), (2.5,), (33,), (1.0,))

9.    ((-2, 2, -4, -2, 2, -4, 2, 2, -2), (0.17, 0.17, 0.17, 0.17, 0.17, 0.17, 0.17, 0.17, 0.17), (0.5,)):
('K.408 KernScores', 'P1', 1, (98, 107), (19,), (1.5,), (19,), (2.83,))
('K.408 KernScores', 'P1', 1, (108, 117), (21,), (1.5,), (21,), (2.83,))
('K.408 KernScores', 'P1', 1, (275, 284), (49,), (2.5,), (49,), (1.83,))
('K.408 KernScores', 'P1', 1, (285, 294), (51,), (2.5,), (51,), (1.83,))
('K.408 KernScores', 'P2', 1, (88, 97), (20,), (1.5,), (20,), (2.83,))
('K.408 KernScores', 'P2', 1, (233, 242), (50,), (1.5,), (50,), (2.83,))

10.    ((1, -5, 1, -2, -2, -2, 2), (0.25, 0.25, 0.25, 0.25, 0.25, 0.25, 0.25), (0.25,)):
('K.408 KernScores', 'P1', 1, (38, 45), (9,), (1.25,), (9,), (2.75,))
('K.408 KernScores', 'P1', 1, (46, 53), (10,), (1.25,), (10,), (2.75,))

11.    ((1, -5, 1, -2, 1, -2, 1), (0.25, 0.25, 0.25, 0.25, 0.25, 0.25, 0.25), (0.25,)):
('K.408 KernScores', 'P1', 1, (54, 61), (11,), (1.25,), (11,), (2.75,))
('K.408 KernScores', 'P1', 1, (62, 69), (12,), (1.25,), (12,), (2.75,))

12.    ((-2, 2, 3, -3, -2, -2, 2), (0.25, 0.25, 0.25, 0.25, 0.25, 0.25, 0.25), (0.25,)):
('K.408 KernScores', 'P1', 1, (212, 219), (38,), (2.25,), (38,), (1.75,))
('K.408 KernScores', 'P1', 1, (220, 227), (39,), (2.25,), (39,), (1.75,))

13.    ((2, -8, 9, -3, 2, -8, -5), (0.5, 0.5, 0.5, 0.5, 0.5, 0.5, 0.5), (0.5,)):
('K.408 KernScores', 'P2', 1, (146, 153), (27,), (1.5,), (28,), (2.5,))
('K.408 KernScores', 'P2', 1, (291, 298), (57,), (1.5,), (58,), (2.5,))

14.    ((-2, -2, -2, -2, -2), (0.17, 0.17, 0.17, 0.17, 0.5), (0.33,)):
('K.408 KernScores', 'P1', 1, (119, 124), (22,), (1.33,), (22,), (2.0,))
('K.408 KernScores', 'P1', 1, (296, 301), (52,), (2.33,), (52,), (1.0,))
('K.408 KernScores', 'P1', 2, (8, 13), (28,), (1.33,), (28,), (2.0,))

15.    ((-2, -2, -3, 4), (0.5, 0.5, 0.5, 0.5), (0.0,)):
('K.408 KernScores', 'P2', 1, (16, 20), (6,), (1.0,), (6,), (2.5,))
('K.408 KernScores', 'P2', 1, (38, 42), (10,), (1.0,), (10,), (2.5,))

16.    ((7, -2, -2, -2), (1.25, 0.25, 0.25, 0.25), (0.0,)):
('K.408 KernScores', 'P2', 1, (56, 60), (14,), (1.0,), (14,), (2.75,))
('K.408 KernScores', 'P2', 1, (203, 207), (44,), (1.0,), (44,), (2.75,))

17.    (((8, 5), (8, -2), (8, -2), (8, -2)), ((0.0, 2.5), (0.0, 0.5), (0.0, 0.5), (0.0, 0.5)), (0.0,)):
('K.408 KernScores', 'P2', 1, (154, 158), (30,), (1.0,), (31,), (2.5,))
('K.408 KernScores', 'P2', 1, (158, 162), (32,), (1.0,), (33,), (2.5,))

18.    ((2, 3, -2), (0.5, 0.5, 0.5), (0.5,)):
('K.408 KernScores', 'P1', 1, (124, 127), (22,), (2.5,), (23,), (1.5,))
('K.408 KernScores', 'P1', 1, (301, 304), (52,), (1.5,), (53,), (2.5,))
('K.408 KernScores', 'P2', 1, (64, 67), (16,), (1.5,), (16,), (2.5,))

19.    ((-2, -2, -2), (0.5, 1.0, 0.5), (0.0,)):
('K.408 KernScores', 'P1', 1, (247, 250), (43,), (2.0,), (43,), (1.5,))
('K.408 KernScores', 'P2', 1, (13, 16), (5,), (1.0,), (5,), (2.5,))

20.    ((4, -2, -2), (0.5, 0.17, 0.17), (0.0,)):
('K.408 KernScores', 'P1', 2, (0, 3), (27,), (1.0,), (27,), (1.67,))
('K.408 KernScores', 'P1', 2, (14, 17), (57,), (2.0,), (57,), (2.67,))

21.    (((8, 2), (8, 2), (8, 1)), ((0.0, 0.5), (0.0, 0.5), (0.0, 0.5)), (0.0,)):
('K.408 KernScores', 'P2', 1, (162, 165), (34,), (1.0,), (34,), (2.0,))
('K.408 KernScores', 'P2', 1, (166, 169), (35,), (1.0,), (35,), (2.0,))

22.    (((3, 4), -2, -3), ((0.0, 0.5), 0.5, 1.0), (0.5,)):
('K.408 KernScores', 'P2', 1, (171, 174), (36,), (2.5,), (37,), (1.5,))
('K.408 KernScores', 'P2', 1, (174, 177), (37,), (2.5,), (38,), (1.5,))

23.    ((-2, 2), (0.17, 0.17), (0.5,)):
('K.408 KernScores', 'P1', 1, (148, 150), (30,), (2.5,), (30,), (2.67,))
('K.408 KernScores', 'P1', 1, (160, 162), (32,), (2.5,), (32,), (2.67,))
('K.408 KernScores', 'P1', 1, (192, 194), (35,), (1.5,), (35,), (1.67,))
('K.408 KernScores', 'P2', 1, (116, 118), (24,), (1.5,), (24,), (1.67,))
('K.408 KernScores', 'P2', 1, (122, 124), (24,), (2.5,), (24,), (2.67,))
('K.408 KernScores', 'P2', 1, (136, 138), (26,), (1.5,), (26,), (1.67,))
('K.408 KernScores', 'P2', 1, (142, 144), (26,), (2.5,), (26,), (2.67,))
('K.408 KernScores', 'P2', 1, (261, 263), (54,), (1.5,), (54,), (1.67,))
('K.408 KernScores', 'P2', 1, (267, 269), (54,), (2.5,), (54,), (2.67,))
('K.408 KernScores', 'P2', 1, (281, 283), (56,), (1.5,), (56,), (1.67,))
('K.408 KernScores', 'P2', 1, (287, 289), (56,), (2.5,), (56,), (2.67,))

24.    ((-2, -2), (0.17, 0.17), (0.67,)):
('K.408 KernScores', 'P1', 1, (121, 123), (22,), (1.67,), (22,), (1.83,))
('K.408 KernScores', 'P1', 1, (298, 300), (52,), (2.67,), (52,), (2.83,))
('K.408 KernScores', 'P1', 1, (327, 329), (58,), (2.67,), (58,), (2.83,))
('K.408 KernScores', 'P1', 2, (2, 4), (27,), (1.67,), (27,), (1.83,))
('K.408 KernScores', 'P1', 2, (10, 12), (28,), (1.67,), (28,), (1.83,))
('K.408 KernScores', 'P2', 1, (252, 254), (53,), (1.67,), (53,), (1.83,))

25.    ((3, -2), (0.5, 0.5), (0.0,)):
('K.408 KernScores', 'P1', 1, (133, 135), (25,), (1.0,), (25,), (1.5,))
('K.408 KernScores', 'P1', 1, (310, 312), (55,), (2.0,), (55,), (2.5,))
('K.408 KernScores', 'P2', 1, (61, 63), (15,), (2.0,), (15,), (2.5,))

26.    ((-2, -2), (0.17, 0.17), (0.83,)):
('K.408 KernScores', 'P1', 1, (188, 190), (35,), (2.83,), (35,), (1.0,))
('K.408 KernScores', 'P2', 1, (253, 255), (53,), (1.83,), (53,), (2.0,))

27.    (((3, -2), (3, 1)), ((0.0, 0.5), (0.0, 1.0)), (0.0,)):
('K.408 KernScores', 'P2', 1, (178, 180), (39,), (1.0,), (39,), (1.5,))
('K.408 KernScores', 'P2', 1, (184, 186), (41,), (1.0,), (41,), (1.5,))

28.    ((-2,), (0.17,), (0.5,)):
('K.408 KernScores', 'P1', 1, (98, 99), (19,), (1.5,), (19,), (1.5,))
('K.408 KernScores', 'P1', 1, (108, 109), (21,), (1.5,), (21,), (1.5,))
('K.408 KernScores', 'P1', 1, (120, 121), (22,), (1.5,), (22,), (1.5,))
('K.408 KernScores', 'P1', 1, (148, 149), (30,), (2.5,), (30,), (2.5,))
('K.408 KernScores', 'P1', 1, (160, 161), (32,), (2.5,), (32,), (2.5,))
('K.408 KernScores', 'P1', 1, (192, 193), (35,), (1.5,), (35,), (1.5,))
('K.408 KernScores', 'P1', 1, (275, 276), (49,), (2.5,), (49,), (2.5,))
('K.408 KernScores', 'P1', 1, (285, 286), (51,), (2.5,), (51,), (2.5,))
('K.408 KernScores', 'P1', 1, (297, 298), (52,), (2.5,), (52,), (2.5,))
('K.408 KernScores', 'P1', 1, (326, 327), (58,), (2.5,), (58,), (2.5,))
('K.408 KernScores', 'P1', 2, (1, 2), (27,), (1.5,), (27,), (1.5,))
('K.408 KernScores', 'P1', 2, (9, 10), (28,), (1.5,), (28,), (1.5,))
('K.408 KernScores', 'P1', 2, (15, 16), (57,), (2.5,), (57,), (2.5,))
('K.408 KernScores', 'P2', 1, (88, 89), (20,), (1.5,), (20,), (1.5,))
('K.408 KernScores', 'P2', 1, (106, 107), (23,), (1.5,), (23,), (1.5,))
('K.408 KernScores', 'P2', 1, (112, 113), (23,), (2.5,), (23,), (2.5,))
('K.408 KernScores', 'P2', 1, (116, 117), (24,), (1.5,), (24,), (1.5,))
('K.408 KernScores', 'P2', 1, (122, 123), (24,), (2.5,), (24,), (2.5,))
('K.408 KernScores', 'P2', 1, (126, 127), (25,), (1.5,), (25,), (1.5,))
('K.408 KernScores', 'P2', 1, (132, 133), (25,), (2.5,), (25,), (2.5,))
('K.408 KernScores', 'P2', 1, (136, 137), (26,), (1.5,), (26,), (1.5,))
('K.408 KernScores', 'P2', 1, (142, 143), (26,), (2.5,), (26,), (2.5,))
('K.408 KernScores', 'P2', 1, (233, 234), (50,), (1.5,), (50,), (1.5,))
('K.408 KernScores', 'P2', 1, (257, 258), (53,), (2.5,), (53,), (2.5,))
('K.408 KernScores', 'P2', 1, (261, 262), (54,), (1.5,), (54,), (1.5,))
('K.408 KernScores', 'P2', 1, (267, 268), (54,), (2.5,), (54,), (2.5,))
('K.408 KernScores', 'P2', 1, (271, 272), (55,), (1.5,), (55,), (1.5,))
('K.408 KernScores', 'P2', 1, (277, 278), (55,), (2.5,), (55,), (2.5,))
('K.408 KernScores', 'P2', 1, (281, 282), (56,), (1.5,), (56,), (1.5,))
('K.408 KernScores', 'P2', 1, (287, 288), (56,), (2.5,), (56,), (2.5,))

29.    ((2,), (0.5,), (0.5,)):
('K.408 KernScores', 'P1', 1, (70, 71), (13,), (1.5,), (13,), (1.5,))
('K.408 KernScores', 'P1', 1, (124, 125), (22,), (2.5,), (22,), (2.5,))
('K.408 KernScores', 'P1', 1, (128, 129), (23,), (2.5,), (23,), (2.5,))
('K.408 KernScores', 'P1', 1, (136, 137), (25,), (2.5,), (25,), (2.5,))
('K.408 KernScores', 'P1', 1, (244, 245), (42,), (2.5,), (42,), (2.5,))
('K.408 KernScores', 'P1', 1, (301, 302), (52,), (1.5,), (52,), (1.5,))
('K.408 KernScores', 'P1', 1, (305, 306), (53,), (1.5,), (53,), (1.5,))
('K.408 KernScores', 'P1', 1, (313, 314), (55,), (1.5,), (55,), (1.5,))
('K.408 KernScores', 'P1', 1, (322, 323), (57,), (1.5,), (57,), (1.5,))
('K.408 KernScores', 'P1', 2, (5, 6), (27,), (2.5,), (27,), (2.5,))
('K.408 KernScores', 'P2', 1, (43, 44), (11,), (2.5,), (11,), (2.5,))
('K.408 KernScores', 'P2', 1, (64, 65), (16,), (1.5,), (16,), (1.5,))
('K.408 KernScores', 'P2', 1, (102, 103), (22,), (1.5,), (22,), (1.5,))
('K.408 KernScores', 'P2', 1, (146, 147), (27,), (1.5,), (27,), (1.5,))
('K.408 KernScores', 'P2', 1, (150, 151), (28,), (1.5,), (28,), (1.5,))
('K.408 KernScores', 'P2', 1, (247, 248), (52,), (1.5,), (52,), (1.5,))
('K.408 KernScores', 'P2', 1, (291, 292), (57,), (1.5,), (57,), (1.5,))
('K.408 KernScores', 'P2', 1, (295, 296), (58,), (1.5,), (58,), (1.5,))

30.    ((-2,), (0.5,), (0.0,)):
('K.408 KernScores', 'P1', 1, (15, 16), (4,), (1.0,), (4,), (1.0,))
('K.408 KernScores', 'P1', 1, (123, 124), (22,), (2.0,), (22,), (2.0,))
('K.408 KernScores', 'P1', 1, (127, 128), (23,), (2.0,), (23,), (2.0,))
('K.408 KernScores', 'P1', 1, (135, 136), (25,), (2.0,), (25,), (2.0,))
('K.408 KernScores', 'P1', 1, (247, 248), (43,), (2.0,), (43,), (2.0,))
('K.408 KernScores', 'P1', 1, (300, 301), (52,), (1.0,), (52,), (1.0,))
('K.408 KernScores', 'P1', 1, (304, 305), (53,), (1.0,), (53,), (1.0,))
('K.408 KernScores', 'P1', 1, (312, 313), (55,), (1.0,), (55,), (1.0,))
('K.408 KernScores', 'P1', 1, (321, 322), (57,), (1.0,), (57,), (1.0,))
('K.408 KernScores', 'P1', 2, (4, 5), (27,), (2.0,), (27,), (2.0,))
('K.408 KernScores', 'P1', 2, (12, 13), (28,), (2.0,), (28,), (2.0,))
('K.408 KernScores', 'P2', 1, (13, 14), (5,), (1.0,), (5,), (1.0,))
('K.408 KernScores', 'P2', 1, (16, 17), (6,), (1.0,), (6,), (1.0,))
('K.408 KernScores', 'P2', 1, (38, 39), (10,), (1.0,), (10,), (1.0,))
('K.408 KernScores', 'P2', 1, (44, 45), (12,), (1.0,), (12,), (1.0,))
('K.408 KernScores', 'P2', 1, (172, 173), (37,), (1.0,), (37,), (1.0,))
('K.408 KernScores', 'P2', 1, (175, 176), (38,), (1.0,), (38,), (1.0,))

31.    ((-2,), (0.5,), (0.5,)):
('K.408 KernScores', 'P1', 1, (72, 73), (13,), (2.5,), (13,), (2.5,))
('K.408 KernScores', 'P1', 1, (94, 95), (17,), (2.5,), (17,), (2.5,))
('K.408 KernScores', 'P1', 1, (96, 97), (18,), (2.5,), (18,), (2.5,))
('K.408 KernScores', 'P1', 1, (246, 247), (42,), (1.5,), (42,), (1.5,))
('K.408 KernScores', 'P1', 1, (271, 272), (47,), (1.5,), (47,), (1.5,))
('K.408 KernScores', 'P1', 1, (273, 274), (48,), (1.5,), (48,), (1.5,))
('K.408 KernScores', 'P2', 1, (17, 18), (6,), (1.5,), (6,), (1.5,))
('K.408 KernScores', 'P2', 1, (39, 40), (10,), (1.5,), (10,), (1.5,))
('K.408 KernScores', 'P2', 1, (45, 46), (12,), (1.5,), (12,), (1.5,))
('K.408 KernScores', 'P2', 1, (84, 85), (19,), (1.5,), (19,), (1.5,))
('K.408 KernScores', 'P2', 1, (98, 99), (21,), (1.5,), (21,), (1.5,))
('K.408 KernScores', 'P2', 1, (229, 230), (49,), (1.5,), (49,), (1.5,))
('K.408 KernScores', 'P2', 1, (243, 244), (51,), (1.5,), (51,), (1.5,))

32.    ((2,), (0.17,), (0.17,)):
('K.408 KernScores', 'P1', 1, (118, 119), (22,), (1.17,), (22,), (1.17,))
('K.408 KernScores', 'P1', 1, (142, 143), (27,), (1.17,), (27,), (1.17,))
('K.408 KernScores', 'P1', 1, (295, 296), (52,), (2.17,), (52,), (2.17,))
('K.408 KernScores', 'P1', 1, (319, 320), (57,), (2.17,), (57,), (2.17,))
('K.408 KernScores', 'P1', 1, (324, 325), (58,), (2.17,), (58,), (2.17,))
('K.408 KernScores', 'P2', 1, (255, 256), (53,), (2.17,), (53,), (2.17,))

33.    (((3, -2),), ((0.0, 0.5),), (0.0,)):
('K.408 KernScores', 'P1', 1, (131, 132), (24,), (2.0,), (24,), (2.0,))
('K.408 KernScores', 'P1', 1, (139, 140), (26,), (2.0,), (26,), (2.0,))
('K.408 KernScores', 'P1', 1, (308, 309), (54,), (1.0,), (54,), (1.0,))
('K.408 KernScores', 'P1', 1, (316, 317), (56,), (1.0,), (56,), (1.0,))
('K.408 KernScores', 'P2', 1, (178, 179), (39,), (1.0,), (39,), (1.0,))
('K.408 KernScores', 'P2', 1, (184, 185), (41,), (1.0,), (41,), (1.0,))

34.    (((3, 2),), ((0.0, 0.5),), (0.5,)):
('K.408 KernScores', 'P1', 1, (132, 133), (24,), (2.5,), (24,), (2.5,))
('K.408 KernScores', 'P1', 1, (309, 310), (54,), (1.5,), (54,), (1.5,))
('K.408 KernScores', 'P2', 1, (183, 184), (40,), (2.5,), (40,), (2.5,))
('K.408 KernScores', 'P2', 1, (186, 187), (41,), (2.5,), (41,), (2.5,))
('K.408 KernScores', 'P2', 1, (208, 209), (45,), (2.5,), (45,), (2.5,))
('K.408 KernScores', 'P2', 1, (211, 212), (46,), (2.5,), (46,), (2.5,))

35.    (((3, 4),), ((0.0, 0.5),), (0.5,)):
('K.408 KernScores', 'P1', 1, (140, 141), (26,), (2.5,), (26,), (2.5,))
('K.408 KernScores', 'P1', 1, (317, 318), (56,), (1.5,), (56,), (1.5,))
('K.408 KernScores', 'P2', 1, (171, 172), (36,), (2.5,), (36,), (2.5,))
('K.408 KernScores', 'P2', 1, (174, 175), (37,), (2.5,), (37,), (2.5,))

36.    ((2,), (1.5,), (0.0,)):
('K.408 KernScores', 'P1', 1, (95, 96), (18,), (1.0,), (18,), (1.0,))
('K.408 KernScores', 'P1', 1, (272, 273), (48,), (2.0,), (48,), (2.0,))
('K.408 KernScores', 'P2', 1, (207, 208), (45,), (1.0,), (45,), (1.0,))

37.    (((8, 1),), ((0.0, 0.5),), (0.0,)):
('K.408 KernScores', 'P1', 1, (147, 148), (30,), (2.0,), (30,), (2.0,))
('K.408 KernScores', 'P2', 1, (164, 165), (34,), (2.0,), (34,), (2.0,))
('K.408 KernScores', 'P2', 1, (168, 169), (35,), (2.0,), (35,), (2.0,))

38.    ((4,), (0.5,), (0.0,)):
('K.408 KernScores', 'P1', 2, (0, 1), (27,), (1.0,), (27,), (1.0,))
('K.408 KernScores', 'P1', 2, (14, 15), (57,), (2.0,), (57,), (2.0,))
('K.408 KernScores', 'P2', 1, (290, 291), (57,), (1.0,), (57,), (1.0,))

39.    ((6,), (0.25,), (0.0,)):
('K.408 KernScores', 'P1', 1, (45, 46), (10,), (1.0,), (10,), (1.0,))
('K.408 KernScores', 'P1', 1, (195, 196), (36,), (2.0,), (36,), (2.0,))

40.    (((6, -2),), ((0.0, 0.0),), (0.0,)):
('K.408 KernScores', 'P1', 1, (145, 146), (29,), (1.0,), (29,), (1.0,))
('K.408 KernScores', 'P1', 1, (331, 332), (59,), (2.0,), (59,), (2.0,))

41.    (((8,),), ((0.0,),), (0.0,)):
('K.408 KernScores', 'P1', 1, (332, 333), (59,), (2.0,), (59,), (2.0,))
('K.408 KernScores', 'P2', 1, (298, 299), (59,), (1.0,), (59,), (1.0,))

42.    ((-8,), (0.25,), (0.5,)):
('K.408 KernScores', 'P2', 1, (54, 55), (13,), (2.5,), (13,), (2.5,))
('K.408 KernScores', 'P2', 1, (201, 202), (43,), (2.5,), (43,), (2.5,))

43.    (((3, 3, 2),), ((0.0, 0.0, 0.5),), (0.5,)):
('K.408 KernScores', 'P2', 1, (177, 178), (38,), (2.5,), (38,), (2.5,))
('K.408 KernScores', 'P2', 1, (180, 181), (39,), (2.5,), (39,), (2.5,))

