1.    nomes:
K.28 Musicalion

2.    quantidade:
1

3.    analise:
[('intDia', 'p1p2'), ('duracao', 'p1p2'), ('Ntempo', 'p1'), ('Ptempo', 'p1')] SemContInte Distancia: 0

1.    ((2, 3, -2, 3, -2, -2, -2, 3, -2, 3, -2, -2, -2, 6, -5, 3, -2, -2, -2, 6, -5, 3, -2, -2, -2, 8, -7, 3, -2, -2, -2, 8, -7, 3, -2, -2, -2, 8, -2, -2, -2, -2, 2), (0.5, 0.5, 0.5, 0.5, 0.5, 0.5, 0.5, 0.5, 0.5, 0.5, 0.5, 0.5, 0.5, 0.5, 0.5, 0.5, 0.5, 0.5, 0.5, 0.5, 0.5, 0.5, 0.5, 0.5, 0.5, 0.5, 0.5, 0.5, 0.5, 0.5, 0.5, 0.5, 0.5, 0.5, 0.5, 0.5, 0.5, 0.5, 0.5, 0.5, 0.5, 0.5, 0.5), (3,), (0.5,)):
('K.28 Musicalion', 'P1', 1, (106, 149), (32,), (3.5,), (39,), (3.5,))
('K.28 Musicalion', 'P1', 1, (372, 415), (101,), (3.5,), (108,), (3.5,))

2.    ((-2, -2, -2, -2, 2, 2, 2, 2, -5, 6, -6, 5, 2, 2, 2, 2, -5, 6, -6, 4, 2, 2, 2, 2, -5, 6, -6), (0.5, 0.5, 0.5, 0.5, 0.25, 0.25, 0.25, 0.25, 0.5, 0.5, 0.5, 0.5, 0.25, 0.25, 0.25, 0.25, 0.5, 0.5, 0.5, 0.5, 0.25, 0.25, 0.25, 0.25, 0.5, 0.5, 0.5), (2,), (0.0,)):
('K.28 Musicalion', 'P1', 1, (195, 222), (50,), (2.0,), (53,), (3.0,))
('K.28 Musicalion', 'P1', 1, (483, 510), (122,), (2.0,), (125,), (3.0,))

3.    ((-2, -2, -2, 2, 2, 2, 2, 2, -2, -2, -2, -2, -2, 2, 2, 2, 2, 2, -2, -2, -2, -2, -2, 2, 2), (0.5, 0.5, 0.5, 1.5, 0.5, 0.5, 0.5, 0.5, 0.5, 0.5, 0.5, 0.5, 0.5, 1.5, 0.5, 0.5, 0.5, 0.5, 0.5, 0.5, 0.5, 0.5, 0.5, 1.5, 0.5), (2,), (0.5,)):
('K.28 Musicalion', 'P1', 3, (62, 87), (22,), (2.5,), (27,), (2.5,))
('K.28 Musicalion', 'P1', 3, (205, 230), (73,), (2.5,), (78,), (2.5,))

4.    ((3, -2, -3, 2, -4, 2, -4, 2, -3, 2, -4, 2, -4, 9, -2, -2, -2, -2, 2), (3.0, 0.5, 0.5, 0.5, 0.5, 0.5, 0.5, 0.5, 0.5, 0.5, 0.5, 0.5, 0.5, 0.5, 0.5, 0.5, 0.5, 0.5, 0.5), (1,), (0.0,)):
('K.28 Musicalion', 'P1', 1, (0, 19), (1,), (1.0,), (4,), (3.5,))
('K.28 Musicalion', 'P1', 3, (3, 22), (5,), (1.0,), (8,), (3.5,))

5.    ((2, 2, -3, 2, 2, -3, 2, 2, -3, 2, 2, -3, 2, 2, -3, 2, 2, 1), (1.0, 1.0, 1.0, 1.0, 1.0, 1.0, 1.0, 1.0, 1.0, 1.0, 1.0, 1.0, 1.0, 1.0, 1.0, 1.0, 1.0, 2.0), (2,), (0.0,)):
('K.28 Musicalion', 'P1', 3, (108, 126), (33,), (2.0,), (39,), (1.0,))
('K.28 Musicalion', 'P1', 3, (305, 323), (102,), (2.0,), (108,), (1.0,))

6.    ((-5, 2, -4, 2, -4, 2, -5, 2, -4, 2, -4, 2, 2, 2, 2, 2), (0.5, 0.5, 0.5, 0.5, 0.5, 0.5, 0.5, 0.5, 0.5, 0.5, 0.5, 0.5, 0.5, 0.5, 0.5, 0.5), (1,), (0.5,)):
('K.28 Musicalion', 'P1', 1, (176, 192), (47,), (1.5,), (49,), (3.0,))
('K.28 Musicalion', 'P1', 1, (466, 482), (119,), (1.5,), (121,), (3.0,))

7.    ((-4, -3, -3, -15, -4, 25, -4, -3, -3, -15, -4), (0.33, 0.33, 0.33, 1.0, 1.0, 3.0, 0.33, 0.33, 0.33, 1.0, 1.0), (1,), (0.0,)):
('K.28 Musicalion', 'P1', 1, (81, 92), (25,), (1.0,), (27,), (3.0,))
('K.28 Musicalion', 'P1', 1, (298, 309), (74,), (1.0,), (76,), (3.0,))

8.    ((-2, 4, -2, 3, -2, 4, -2, 4, -2), (0.5, 0.5, 0.5, 0.5, 0.5, 0.5, 0.5, 0.5, 0.5), (1,), (0.0,)):
('K.28 Musicalion', 'P1', 1, (241, 250), (58,), (1.0,), (59,), (2.0,))
('K.28 Musicalion', 'P1', 3, (169, 178), (62,), (1.0,), (63,), (2.0,))

9.    ((-2, -2, -2, -2, -2, -2, -2, -2, 7), (0.5, 0.5, 0.5, 0.5, 0.5, 0.5, 0.5, 0.5, 1.5), (1,), (0.0,)):
('K.28 Musicalion', 'P1', 2, (18, 27), (21,), (1.0,), (22,), (2.0,))
('K.28 Musicalion', 'P1', 2, (28, 37), (30,), (1.0,), (31,), (2.0,))

10.    ((2, -8, -5, 10, -3, -4, -3, -3), (1.0, 1.0, 1.0, 3.0, 0.5, 0.5, 0.5, 0.5), (1,), (0.0,)):
('K.28 Musicalion', 'P1', 3, (154, 162), (55,), (1.0,), (57,), (2.5,))
('K.28 Musicalion', 'P1', 3, (364, 372), (127,), (1.0,), (129,), (2.5,))

11.    ((-2, -2, -2, -2, -2, -2, -2), (0.5, 0.5, 0.5, 0.5, 0.5, 0.5, 0.5), (1,), (0.5,)):
('K.28 Musicalion', 'P1', 1, (257, 264), (64,), (1.5,), (65,), (1.5,))
('K.28 Musicalion', 'P1', 2, (19, 26), (21,), (1.5,), (22,), (1.5,))
('K.28 Musicalion', 'P1', 2, (29, 36), (30,), (1.5,), (31,), (1.5,))
('K.28 Musicalion', 'P1', 2, (96, 103), (72,), (1.5,), (73,), (1.5,))

12.    ((-4, 2, -2, -2, -2, -2, 7), (1.0, 2.5, 0.5, 0.5, 0.5, 0.5, 0.5), (1,), (0.0,)):
('K.28 Musicalion', 'P1', 1, (33, 40), (10,), (1.0,), (11,), (3.5,))
('K.28 Musicalion', 'P1', 1, (40, 47), (12,), (1.0,), (13,), (3.5,))

13.    ((-4, 2, -3, -2, 6, -7, 6), (0.5, 0.5, 0.5, 0.5, 0.5, 0.5, 0.5), (3,), (0.0,)):
('K.28 Musicalion', 'P1', 1, (227, 234), (54,), (3.0,), (55,), (3.0,))
('K.28 Musicalion', 'P1', 1, (458, 465), (117,), (3.0,), (118,), (3.0,))

14.    ((-2, -2, -2, -2, -2, -2), (0.5, 0.5, 0.5, 0.5, 0.5, 0.5), (1,), (0.0,)):
('K.28 Musicalion', 'P1', 1, (262, 268), (65,), (1.0,), (65,), (3.5,))
('K.28 Musicalion', 'P1', 2, (18, 24), (21,), (1.0,), (21,), (3.5,))
('K.28 Musicalion', 'P1', 2, (28, 34), (30,), (1.0,), (30,), (3.5,))
('K.28 Musicalion', 'P1', 2, (95, 101), (72,), (1.0,), (72,), (3.5,))
('K.28 Musicalion', 'P1', 2, (136, 142), (93,), (1.0,), (93,), (3.5,))
('K.28 Musicalion', 'P1', 3, (181, 187), (65,), (1.0,), (65,), (3.5,))

15.    ((1, 2, -4, -3, -3, -4), (0.5, 0.5, 0.5, 0.5, 0.5, 0.5), (3,), (0.5,)):
('K.28 Musicalion', 'P1', 1, (234, 240), (55,), (3.5,), (56,), (3.0,))
('K.28 Musicalion', 'P1', 1, (524, 530), (127,), (3.5,), (128,), (3.0,))

16.    ((2, -3, 2, -4, 2, -3), (0.5, 0.5, 0.5, 0.5, 0.5, 0.5), (1,), (0.5,)):
('K.28 Musicalion', 'P1', 1, (428, 434), (111,), (1.5,), (112,), (1.0,))
('K.28 Musicalion', 'P1', 2, (62, 68), (60,), (1.5,), (61,), (1.0,))

17.    ((-2, -2, -2, -2, 2), (0.5, 0.5, 0.5, 0.5, 0.5), (1,), (0.5,)):
('K.28 Musicalion', 'P1', 1, (14, 19), (4,), (1.5,), (4,), (3.5,))
('K.28 Musicalion', 'P1', 1, (144, 149), (39,), (1.5,), (39,), (3.5,))
('K.28 Musicalion', 'P1', 1, (311, 316), (79,), (1.5,), (79,), (3.5,))
('K.28 Musicalion', 'P1', 1, (410, 415), (108,), (1.5,), (108,), (3.5,))
('K.28 Musicalion', 'P1', 1, (416, 421), (109,), (1.5,), (109,), (3.5,))
('K.28 Musicalion', 'P1', 1, (422, 427), (110,), (1.5,), (110,), (3.5,))
('K.28 Musicalion', 'P1', 2, (1, 6), (9,), (1.5,), (9,), (3.5,))
('K.28 Musicalion', 'P1', 3, (17, 22), (8,), (1.5,), (8,), (3.5,))

18.    ((-2, -2, 1, -2, -3), (0.5, 0.5, 2.0, 1.0, 3.0), (3,), (0.0,)):
('K.28 Musicalion', 'P1', 1, (70, 75), (20,), (3.0,), (22,), (1.0,))
('K.28 Musicalion', 'P1', 1, (96, 101), (29,), (3.0,), (31,), (1.0,))

19.    ((2, 2, 2, 2, -8), (1.5, 0.5, 1.0, 1.0, 1.0), (1,), (0.0,)):
('K.28 Musicalion', 'P1', 3, (332, 337), (112,), (1.0,), (113,), (2.0,))
('K.28 Musicalion', 'P1', 3, (347, 352), (117,), (1.0,), (118,), (2.0,))

20.    ((-3, 2, -3, 2), (0.5, 0.5, 0.5, 0.5), (1,), (0.0,)):
('K.28 Musicalion', 'P1', 2, (61, 65), (60,), (1.0,), (60,), (2.5,))
('K.28 Musicalion', 'P1', 2, (67, 71), (61,), (1.0,), (61,), (2.5,))

21.    ((-16, 3, 3, 13), (1.5, 0.25, 0.25, 1.0), (3,), (0.0,)):
('K.28 Musicalion', 'P1', 3, (289, 293), (97,), (3.0,), (98,), (2.0,))
('K.28 Musicalion', 'P1', 3, (293, 297), (98,), (3.0,), (99,), (2.0,))

22.    ((2, 2, 2), (0.5, 0.5, 0.5), (2,), (0.5,)):
('K.28 Musicalion', 'P1', 1, (190, 193), (49,), (2.5,), (49,), (3.5,))
('K.28 Musicalion', 'P1', 3, (66, 69), (23,), (2.5,), (23,), (3.5,))
('K.28 Musicalion', 'P1', 3, (76, 79), (25,), (2.5,), (25,), (3.5,))
('K.28 Musicalion', 'P1', 3, (86, 89), (27,), (2.5,), (27,), (3.5,))
('K.28 Musicalion', 'P1', 3, (209, 212), (74,), (2.5,), (74,), (3.5,))
('K.28 Musicalion', 'P1', 3, (219, 222), (76,), (2.5,), (76,), (3.5,))

23.    ((-4, -3, -3), (0.5, 0.5, 0.5), (1,), (0.5,)):
('K.28 Musicalion', 'P1', 1, (236, 239), (56,), (1.5,), (56,), (2.5,))
('K.28 Musicalion', 'P1', 1, (526, 529), (128,), (1.5,), (128,), (2.5,))
('K.28 Musicalion', 'P1', 3, (159, 162), (57,), (1.5,), (57,), (2.5,))
('K.28 Musicalion', 'P1', 3, (369, 372), (129,), (1.5,), (129,), (2.5,))

24.    ((-3, -3, 8), (0.5, 0.5, 0.5), (1,), (0.5,)):
('K.28 Musicalion', 'P1', 1, (93, 96), (29,), (1.5,), (29,), (2.5,))
('K.28 Musicalion', 'P1', 2, (104, 107), (78,), (1.5,), (78,), (2.5,))

25.    ((-2, -2, -2), (1.5, 0.5, 0.5), (1,), (0.0,)):
('K.28 Musicalion', 'P1', 2, (77, 80), (64,), (1.0,), (64,), (3.0,))
('K.28 Musicalion', 'P1', 3, (61, 64), (22,), (1.0,), (22,), (3.0,))

26.    ((-5, 2, -5), (1.0, 1.0, 1.0), (1,), (0.0,)):
('K.28 Musicalion', 'P1', 3, (104, 107), (32,), (1.0,), (32,), (3.0,))
('K.28 Musicalion', 'P1', 3, (129, 132), (41,), (1.0,), (41,), (3.0,))

27.    ((-5, 2, 4), (1.0, 1.0, 1.0), (1,), (0.0,)):
('K.28 Musicalion', 'P1', 3, (132, 135), (42,), (1.0,), (42,), (3.0,))
('K.28 Musicalion', 'P1', 3, (344, 347), (116,), (1.0,), (116,), (3.0,))

28.    ((2, -8, 4), (1.0, 1.0, 1.0), (1,), (0.0,)):
('K.28 Musicalion', 'P1', 3, (138, 141), (46,), (1.0,), (46,), (3.0,))
('K.28 Musicalion', 'P1', 3, (142, 145), (50,), (1.0,), (50,), (3.0,))

29.    ((3, 3, 15), (0.25, 0.25, 1.0), (1,), (0.5,)):
('K.28 Musicalion', 'P1', 3, (282, 285), (96,), (1.5,), (96,), (2.0,))
('K.28 Musicalion', 'P1', 3, (286, 289), (97,), (1.5,), (97,), (2.0,))

30.    ((4, 2, -5), (1.0, 1.0, 1.0), (1,), (0.0,)):
('K.28 Musicalion', 'P1', 4, (0, 3), (43,), (1.0,), (43,), (3.0,))
('K.28 Musicalion', 'P1', 4, (3, 6), (44,), (1.0,), (44,), (3.0,))

31.    ((2, 2), (1.5, 0.5), (1,), (0.0,)):
('K.28 Musicalion', 'P1', 3, (65, 67), (23,), (1.0,), (23,), (2.5,))
('K.28 Musicalion', 'P1', 3, (75, 77), (25,), (1.0,), (25,), (2.5,))
('K.28 Musicalion', 'P1', 3, (85, 87), (27,), (1.0,), (27,), (2.5,))
('K.28 Musicalion', 'P1', 3, (95, 97), (29,), (1.0,), (29,), (2.5,))
('K.28 Musicalion', 'P1', 3, (208, 210), (74,), (1.0,), (74,), (2.5,))
('K.28 Musicalion', 'P1', 3, (218, 220), (76,), (1.0,), (76,), (2.5,))
('K.28 Musicalion', 'P1', 3, (228, 230), (78,), (1.0,), (78,), (2.5,))
('K.28 Musicalion', 'P1', 3, (231, 233), (79,), (1.0,), (79,), (2.5,))
('K.28 Musicalion', 'P1', 3, (332, 334), (112,), (1.0,), (112,), (2.5,))
('K.28 Musicalion', 'P1', 3, (347, 349), (117,), (1.0,), (117,), (2.5,))
('K.28 Musicalion', 'P1', 4, (6, 8), (45,), (1.0,), (45,), (2.5,))

32.    ((1, 2), (2.0, 1.0), (1,), (0.0,)):
('K.28 Musicalion', 'P1', 1, (319, 321), (81,), (1.0,), (81,), (3.0,))
('K.28 Musicalion', 'P1', 1, (324, 326), (83,), (1.0,), (83,), (3.0,))
('K.28 Musicalion', 'P1', 1, (337, 339), (87,), (1.0,), (87,), (3.0,))
('K.28 Musicalion', 'P1', 1, (342, 344), (89,), (1.0,), (89,), (3.0,))
('K.28 Musicalion', 'P1', 1, (360, 362), (95,), (1.0,), (95,), (3.0,))
('K.28 Musicalion', 'P1', 3, (125, 127), (39,), (1.0,), (39,), (3.0,))
('K.28 Musicalion', 'P1', 3, (127, 129), (40,), (1.0,), (40,), (3.0,))

33.    ((-3, 2), (0.5, 0.5), (1,), (0.5,)):
('K.28 Musicalion', 'P1', 1, (2, 4), (2,), (1.5,), (2,), (2.0,))
('K.28 Musicalion', 'P1', 1, (8, 10), (3,), (1.5,), (3,), (2.0,))
('K.28 Musicalion', 'P1', 2, (57, 59), (45,), (1.5,), (45,), (2.0,))
('K.28 Musicalion', 'P1', 3, (5, 7), (6,), (1.5,), (6,), (2.0,))
('K.28 Musicalion', 'P1', 3, (11, 13), (7,), (1.5,), (7,), (2.0,))

34.    ((2, 2), (0.5, 0.5), (2,), (0.0,)):
('K.28 Musicalion', 'P1', 1, (189, 191), (49,), (2.0,), (49,), (2.5,))
('K.28 Musicalion', 'P1', 1, (435, 437), (112,), (2.0,), (112,), (2.5,))
('K.28 Musicalion', 'P1', 1, (479, 481), (121,), (2.0,), (121,), (2.5,))
('K.28 Musicalion', 'P1', 2, (58, 60), (45,), (2.0,), (45,), (2.5,))

35.    ((4, 2), (1.0, 1.0), (1,), (0.0,)):
('K.28 Musicalion', 'P1', 3, (304, 306), (102,), (1.0,), (102,), (2.0,))
('K.28 Musicalion', 'P1', 4, (0, 2), (43,), (1.0,), (43,), (2.0,))
('K.28 Musicalion', 'P1', 4, (3, 5), (44,), (1.0,), (44,), (2.0,))

36.    ((-2, 2), (2.0, 1.0), (1,), (0.0,)):
('K.28 Musicalion', 'P1', 1, (31, 33), (9,), (1.0,), (9,), (3.0,))
('K.28 Musicalion', 'P1', 1, (165, 167), (44,), (1.0,), (44,), (3.0,))

37.    ((6, -2), (0.5, 0.5), (1,), (0.0,)):
('K.28 Musicalion', 'P1', 1, (169, 171), (46,), (1.0,), (46,), (1.5,))
('K.28 Musicalion', 'P1', 1, (519, 521), (127,), (1.0,), (127,), (1.5,))

38.    ((2, 2), (1.0, 1.0), (1,), (0.0,)):
('K.28 Musicalion', 'P1', 1, (25, 27), (6,), (1.0,), (6,), (2.0,))
('K.28 Musicalion', 'P1', 3, (22, 24), (9,), (1.0,), (9,), (2.0,))

39.    ((4, -2), (0.5, 0.5), (2,), (0.5,)):
('K.28 Musicalion', 'P1', 1, (69, 71), (20,), (2.5,), (20,), (3.0,))
('K.28 Musicalion', 'P1', 3, (178, 180), (63,), (2.5,), (63,), (3.0,))

40.    ((5, -5), (5.0, 1.0), (1,), (0.0,)):
('K.28 Musicalion', 'P1', 2, (6, 8), (10,), (1.0,), (11,), (3.0,))
('K.28 Musicalion', 'P1', 2, (8, 10), (12,), (1.0,), (13,), (3.0,))

41.    (((8, 4), (8, 2)), ((0.0, 2.0), (0.0, 1.0)), (1,), (0.0,)):
('K.28 Musicalion', 'P1', 3, (149, 151), (53,), (1.0,), (53,), (3.0,))
('K.28 Musicalion', 'P1', 3, (360, 362), (125,), (1.0,), (125,), (3.0,))

42.    ((2,), (0.5,), (2,), (0.5,)):
('K.28 Musicalion', 'P1', 1, (104, 105), (32,), (2.5,), (32,), (2.5,))
('K.28 Musicalion', 'P1', 1, (158, 159), (41,), (2.5,), (41,), (2.5,))
('K.28 Musicalion', 'P1', 1, (190, 191), (49,), (2.5,), (49,), (2.5,))
('K.28 Musicalion', 'P1', 1, (226, 227), (54,), (2.5,), (54,), (2.5,))
('K.28 Musicalion', 'P1', 1, (430, 431), (111,), (2.5,), (111,), (2.5,))
('K.28 Musicalion', 'P1', 1, (436, 437), (112,), (2.5,), (112,), (2.5,))
('K.28 Musicalion', 'P1', 1, (480, 481), (121,), (2.5,), (121,), (2.5,))
('K.28 Musicalion', 'P1', 2, (41, 42), (42,), (2.5,), (42,), (2.5,))
('K.28 Musicalion', 'P1', 2, (47, 48), (43,), (2.5,), (43,), (2.5,))
('K.28 Musicalion', 'P1', 2, (53, 54), (44,), (2.5,), (44,), (2.5,))
('K.28 Musicalion', 'P1', 2, (59, 60), (45,), (2.5,), (45,), (2.5,))
('K.28 Musicalion', 'P1', 2, (64, 65), (60,), (2.5,), (60,), (2.5,))
('K.28 Musicalion', 'P1', 2, (70, 71), (61,), (2.5,), (61,), (2.5,))
('K.28 Musicalion', 'P1', 2, (153, 154), (100,), (2.5,), (100,), (2.5,))
('K.28 Musicalion', 'P1', 3, (66, 67), (23,), (2.5,), (23,), (2.5,))
('K.28 Musicalion', 'P1', 3, (76, 77), (25,), (2.5,), (25,), (2.5,))
('K.28 Musicalion', 'P1', 3, (86, 87), (27,), (2.5,), (27,), (2.5,))
('K.28 Musicalion', 'P1', 3, (96, 97), (29,), (2.5,), (29,), (2.5,))
('K.28 Musicalion', 'P1', 3, (209, 210), (74,), (2.5,), (74,), (2.5,))
('K.28 Musicalion', 'P1', 3, (219, 220), (76,), (2.5,), (76,), (2.5,))
('K.28 Musicalion', 'P1', 3, (229, 230), (78,), (2.5,), (78,), (2.5,))
('K.28 Musicalion', 'P1', 3, (232, 233), (79,), (2.5,), (79,), (2.5,))
('K.28 Musicalion', 'P1', 3, (333, 334), (112,), (2.5,), (112,), (2.5,))
('K.28 Musicalion', 'P1', 3, (348, 349), (117,), (2.5,), (117,), (2.5,))
('K.28 Musicalion', 'P1', 4, (7, 8), (45,), (2.5,), (45,), (2.5,))

43.    ((2,), (1.0,), (3,), (0.0,)):
('K.28 Musicalion', 'P1', 1, (32, 33), (9,), (3.0,), (9,), (3.0,))
('K.28 Musicalion', 'P1', 1, (162, 163), (42,), (3.0,), (42,), (3.0,))
('K.28 Musicalion', 'P1', 1, (164, 165), (43,), (3.0,), (43,), (3.0,))
('K.28 Musicalion', 'P1', 1, (166, 167), (44,), (3.0,), (44,), (3.0,))
('K.28 Musicalion', 'P1', 1, (254, 255), (61,), (3.0,), (61,), (3.0,))
('K.28 Musicalion', 'P1', 3, (60, 61), (21,), (3.0,), (21,), (3.0,))
('K.28 Musicalion', 'P1', 3, (109, 110), (33,), (3.0,), (33,), (3.0,))
('K.28 Musicalion', 'P1', 3, (112, 113), (34,), (3.0,), (34,), (3.0,))
('K.28 Musicalion', 'P1', 3, (115, 116), (35,), (3.0,), (35,), (3.0,))
('K.28 Musicalion', 'P1', 3, (118, 119), (36,), (3.0,), (36,), (3.0,))
('K.28 Musicalion', 'P1', 3, (121, 122), (37,), (3.0,), (37,), (3.0,))
('K.28 Musicalion', 'P1', 3, (124, 125), (38,), (3.0,), (38,), (3.0,))
('K.28 Musicalion', 'P1', 3, (153, 154), (54,), (3.0,), (54,), (3.0,))
('K.28 Musicalion', 'P1', 3, (165, 166), (60,), (3.0,), (60,), (3.0,))
('K.28 Musicalion', 'P1', 3, (300, 301), (100,), (3.0,), (100,), (3.0,))
('K.28 Musicalion', 'P1', 3, (306, 307), (102,), (3.0,), (102,), (3.0,))
('K.28 Musicalion', 'P1', 3, (309, 310), (103,), (3.0,), (103,), (3.0,))
('K.28 Musicalion', 'P1', 3, (312, 313), (104,), (3.0,), (104,), (3.0,))
('K.28 Musicalion', 'P1', 3, (315, 316), (105,), (3.0,), (105,), (3.0,))
('K.28 Musicalion', 'P1', 3, (318, 319), (106,), (3.0,), (106,), (3.0,))
('K.28 Musicalion', 'P1', 3, (321, 322), (107,), (3.0,), (107,), (3.0,))
('K.28 Musicalion', 'P1', 3, (331, 332), (111,), (3.0,), (111,), (3.0,))
('K.28 Musicalion', 'P1', 3, (334, 335), (112,), (3.0,), (112,), (3.0,))
('K.28 Musicalion', 'P1', 3, (349, 350), (117,), (3.0,), (117,), (3.0,))
('K.28 Musicalion', 'P1', 3, (357, 358), (123,), (3.0,), (123,), (3.0,))

44.    ((2,), (1.0,), (2,), (0.0,)):
('K.28 Musicalion', 'P1', 1, (26, 27), (6,), (2.0,), (6,), (2.0,))
('K.28 Musicalion', 'P1', 1, (28, 29), (7,), (2.0,), (7,), (2.0,))
('K.28 Musicalion', 'P1', 2, (74, 75), (62,), (2.0,), (62,), (2.0,))
('K.28 Musicalion', 'P1', 3, (23, 24), (9,), (2.0,), (9,), (2.0,))
('K.28 Musicalion', 'P1', 3, (105, 106), (32,), (2.0,), (32,), (2.0,))
('K.28 Musicalion', 'P1', 3, (108, 109), (33,), (2.0,), (33,), (2.0,))
('K.28 Musicalion', 'P1', 3, (111, 112), (34,), (2.0,), (34,), (2.0,))
('K.28 Musicalion', 'P1', 3, (114, 115), (35,), (2.0,), (35,), (2.0,))
('K.28 Musicalion', 'P1', 3, (117, 118), (36,), (2.0,), (36,), (2.0,))
('K.28 Musicalion', 'P1', 3, (120, 121), (37,), (2.0,), (37,), (2.0,))
('K.28 Musicalion', 'P1', 3, (123, 124), (38,), (2.0,), (38,), (2.0,))
('K.28 Musicalion', 'P1', 3, (130, 131), (41,), (2.0,), (41,), (2.0,))
('K.28 Musicalion', 'P1', 3, (133, 134), (42,), (2.0,), (42,), (2.0,))
('K.28 Musicalion', 'P1', 3, (305, 306), (102,), (2.0,), (102,), (2.0,))
('K.28 Musicalion', 'P1', 3, (308, 309), (103,), (2.0,), (103,), (2.0,))
('K.28 Musicalion', 'P1', 3, (311, 312), (104,), (2.0,), (104,), (2.0,))
('K.28 Musicalion', 'P1', 3, (314, 315), (105,), (2.0,), (105,), (2.0,))
('K.28 Musicalion', 'P1', 3, (317, 318), (106,), (2.0,), (106,), (2.0,))
('K.28 Musicalion', 'P1', 3, (320, 321), (107,), (2.0,), (107,), (2.0,))
('K.28 Musicalion', 'P1', 3, (339, 340), (114,), (2.0,), (114,), (2.0,))
('K.28 Musicalion', 'P1', 3, (342, 343), (115,), (2.0,), (115,), (2.0,))
('K.28 Musicalion', 'P1', 3, (345, 346), (116,), (2.0,), (116,), (2.0,))
('K.28 Musicalion', 'P1', 4, (1, 2), (43,), (2.0,), (43,), (2.0,))
('K.28 Musicalion', 'P1', 4, (4, 5), (44,), (2.0,), (44,), (2.0,))

45.    ((-3,), (0.5,), (2,), (0.0,)):
('K.28 Musicalion', 'P1', 1, (94, 95), (29,), (2.0,), (29,), (2.0,))
('K.28 Musicalion', 'P1', 1, (171, 172), (46,), (2.0,), (46,), (2.0,))
('K.28 Musicalion', 'P1', 1, (237, 238), (56,), (2.0,), (56,), (2.0,))
('K.28 Musicalion', 'P1', 1, (429, 430), (111,), (2.0,), (111,), (2.0,))
('K.28 Musicalion', 'P1', 1, (527, 528), (128,), (2.0,), (128,), (2.0,))
('K.28 Musicalion', 'P1', 2, (40, 41), (42,), (2.0,), (42,), (2.0,))
('K.28 Musicalion', 'P1', 2, (46, 47), (43,), (2.0,), (43,), (2.0,))
('K.28 Musicalion', 'P1', 2, (52, 53), (44,), (2.0,), (44,), (2.0,))
('K.28 Musicalion', 'P1', 2, (63, 64), (60,), (2.0,), (60,), (2.0,))
('K.28 Musicalion', 'P1', 2, (69, 70), (61,), (2.0,), (61,), (2.0,))
('K.28 Musicalion', 'P1', 2, (105, 106), (78,), (2.0,), (78,), (2.0,))
('K.28 Musicalion', 'P1', 2, (152, 153), (100,), (2.0,), (100,), (2.0,))
('K.28 Musicalion', 'P1', 2, (158, 159), (114,), (2.0,), (114,), (2.0,))
('K.28 Musicalion', 'P1', 2, (164, 165), (115,), (2.0,), (115,), (2.0,))
('K.28 Musicalion', 'P1', 2, (170, 171), (116,), (2.0,), (116,), (2.0,))
('K.28 Musicalion', 'P1', 3, (160, 161), (57,), (2.0,), (57,), (2.0,))
('K.28 Musicalion', 'P1', 3, (370, 371), (129,), (2.0,), (129,), (2.0,))

46.    ((2,), (0.5,), (3,), (0.5,)):
('K.28 Musicalion', 'P1', 1, (106, 107), (32,), (3.5,), (32,), (3.5,))
('K.28 Musicalion', 'P1', 1, (160, 161), (41,), (3.5,), (41,), (3.5,))
('K.28 Musicalion', 'P1', 1, (174, 175), (46,), (3.5,), (46,), (3.5,))
('K.28 Musicalion', 'P1', 1, (192, 193), (49,), (3.5,), (49,), (3.5,))
('K.28 Musicalion', 'P1', 1, (228, 229), (54,), (3.5,), (54,), (3.5,))
('K.28 Musicalion', 'P1', 1, (432, 433), (111,), (3.5,), (111,), (3.5,))
('K.28 Musicalion', 'P1', 1, (438, 439), (112,), (3.5,), (112,), (3.5,))
('K.28 Musicalion', 'P1', 1, (459, 460), (117,), (3.5,), (117,), (3.5,))
('K.28 Musicalion', 'P1', 1, (518, 519), (126,), (3.5,), (126,), (3.5,))
('K.28 Musicalion', 'P1', 2, (66, 67), (60,), (3.5,), (60,), (3.5,))
('K.28 Musicalion', 'P1', 2, (72, 73), (61,), (3.5,), (61,), (3.5,))
('K.28 Musicalion', 'P1', 2, (148, 149), (95,), (3.5,), (95,), (3.5,))
('K.28 Musicalion', 'P1', 3, (68, 69), (23,), (3.5,), (23,), (3.5,))
('K.28 Musicalion', 'P1', 3, (78, 79), (25,), (3.5,), (25,), (3.5,))
('K.28 Musicalion', 'P1', 3, (88, 89), (27,), (3.5,), (27,), (3.5,))
('K.28 Musicalion', 'P1', 3, (211, 212), (74,), (3.5,), (74,), (3.5,))
('K.28 Musicalion', 'P1', 3, (221, 222), (76,), (3.5,), (76,), (3.5,))

47.    ((-2,), (1.0,), (3,), (0.0,)):
('K.28 Musicalion', 'P1', 1, (73, 74), (21,), (3.0,), (21,), (3.0,))
('K.28 Musicalion', 'P1', 1, (99, 100), (30,), (3.0,), (30,), (3.0,))
('K.28 Musicalion', 'P1', 1, (296, 297), (72,), (3.0,), (72,), (3.0,))
('K.28 Musicalion', 'P1', 1, (356, 357), (93,), (3.0,), (93,), (3.0,))
('K.28 Musicalion', 'P1', 1, (447, 448), (114,), (3.0,), (114,), (3.0,))
('K.28 Musicalion', 'P1', 1, (450, 451), (115,), (3.0,), (115,), (3.0,))
('K.28 Musicalion', 'P1', 1, (453, 454), (116,), (3.0,), (116,), (3.0,))
('K.28 Musicalion', 'P1', 2, (83, 84), (66,), (3.0,), (66,), (3.0,))
('K.28 Musicalion', 'P1', 2, (85, 86), (67,), (3.0,), (67,), (3.0,))
('K.28 Musicalion', 'P1', 2, (88, 89), (68,), (3.0,), (68,), (3.0,))
('K.28 Musicalion', 'P1', 2, (90, 91), (69,), (3.0,), (69,), (3.0,))
('K.28 Musicalion', 'P1', 2, (93, 94), (70,), (3.0,), (70,), (3.0,))
('K.28 Musicalion', 'P1', 3, (189, 190), (66,), (3.0,), (66,), (3.0,))
('K.28 Musicalion', 'P1', 3, (194, 195), (68,), (3.0,), (68,), (3.0,))
('K.28 Musicalion', 'P1', 3, (199, 200), (70,), (3.0,), (70,), (3.0,))
('K.28 Musicalion', 'P1', 3, (230, 231), (78,), (3.0,), (78,), (3.0,))

48.    ((3,), (0.33,), (1,), (0.0,)):
('K.28 Musicalion', 'P1', 1, (75, 76), (23,), (1.0,), (23,), (1.0,))
('K.28 Musicalion', 'P1', 3, (25, 26), (10,), (1.0,), (10,), (1.0,))
('K.28 Musicalion', 'P1', 3, (31, 32), (12,), (1.0,), (12,), (1.0,))
('K.28 Musicalion', 'P1', 3, (37, 38), (14,), (1.0,), (14,), (1.0,))
('K.28 Musicalion', 'P1', 3, (43, 44), (16,), (1.0,), (16,), (1.0,))
('K.28 Musicalion', 'P1', 3, (49, 50), (18,), (1.0,), (18,), (1.0,))
('K.28 Musicalion', 'P1', 3, (55, 56), (20,), (1.0,), (20,), (1.0,))
('K.28 Musicalion', 'P1', 3, (234, 235), (80,), (1.0,), (80,), (1.0,))
('K.28 Musicalion', 'P1', 3, (240, 241), (82,), (1.0,), (82,), (1.0,))
('K.28 Musicalion', 'P1', 3, (246, 247), (84,), (1.0,), (84,), (1.0,))
('K.28 Musicalion', 'P1', 3, (252, 253), (86,), (1.0,), (86,), (1.0,))
('K.28 Musicalion', 'P1', 3, (258, 259), (88,), (1.0,), (88,), (1.0,))
('K.28 Musicalion', 'P1', 3, (264, 265), (90,), (1.0,), (90,), (1.0,))
('K.28 Musicalion', 'P1', 3, (270, 271), (92,), (1.0,), (92,), (1.0,))
('K.28 Musicalion', 'P1', 3, (276, 277), (94,), (1.0,), (94,), (1.0,))

49.    ((4,), (3.0,), (1,), (0.0,)):
('K.28 Musicalion', 'P1', 1, (297, 298), (73,), (1.0,), (73,), (1.0,))
('K.28 Musicalion', 'P1', 3, (30, 31), (11,), (1.0,), (11,), (1.0,))
('K.28 Musicalion', 'P1', 3, (36, 37), (13,), (1.0,), (13,), (1.0,))
('K.28 Musicalion', 'P1', 3, (42, 43), (15,), (1.0,), (15,), (1.0,))
('K.28 Musicalion', 'P1', 3, (48, 49), (17,), (1.0,), (17,), (1.0,))
('K.28 Musicalion', 'P1', 3, (54, 55), (19,), (1.0,), (19,), (1.0,))
('K.28 Musicalion', 'P1', 3, (239, 240), (81,), (1.0,), (81,), (1.0,))
('K.28 Musicalion', 'P1', 3, (245, 246), (83,), (1.0,), (83,), (1.0,))
('K.28 Musicalion', 'P1', 3, (251, 252), (85,), (1.0,), (85,), (1.0,))
('K.28 Musicalion', 'P1', 3, (257, 258), (87,), (1.0,), (87,), (1.0,))
('K.28 Musicalion', 'P1', 3, (263, 264), (89,), (1.0,), (89,), (1.0,))
('K.28 Musicalion', 'P1', 3, (269, 270), (91,), (1.0,), (91,), (1.0,))
('K.28 Musicalion', 'P1', 3, (275, 276), (93,), (1.0,), (93,), (1.0,))

50.    ((2,), (1.0,), (1,), (0.0,)):
('K.28 Musicalion', 'P1', 1, (445, 446), (114,), (1.0,), (114,), (1.0,))
('K.28 Musicalion', 'P1', 1, (448, 449), (115,), (1.0,), (115,), (1.0,))
('K.28 Musicalion', 'P1', 1, (451, 452), (116,), (1.0,), (116,), (1.0,))
('K.28 Musicalion', 'P1', 3, (138, 139), (46,), (1.0,), (46,), (1.0,))
('K.28 Musicalion', 'P1', 3, (142, 143), (50,), (1.0,), (50,), (1.0,))
('K.28 Musicalion', 'P1', 3, (154, 155), (55,), (1.0,), (55,), (1.0,))
('K.28 Musicalion', 'P1', 3, (166, 167), (61,), (1.0,), (61,), (1.0,))
('K.28 Musicalion', 'P1', 3, (301, 302), (101,), (1.0,), (101,), (1.0,))
('K.28 Musicalion', 'P1', 3, (326, 327), (110,), (1.0,), (110,), (1.0,))
('K.28 Musicalion', 'P1', 3, (335, 336), (113,), (1.0,), (113,), (1.0,))
('K.28 Musicalion', 'P1', 3, (350, 351), (118,), (1.0,), (118,), (1.0,))
('K.28 Musicalion', 'P1', 3, (354, 355), (122,), (1.0,), (122,), (1.0,))
('K.28 Musicalion', 'P1', 3, (364, 365), (127,), (1.0,), (127,), (1.0,))

51.    ((-5,), (1.0,), (3,), (0.0,)):
('K.28 Musicalion', 'P1', 2, (7, 8), (11,), (3.0,), (11,), (3.0,))
('K.28 Musicalion', 'P1', 2, (9, 10), (13,), (3.0,), (13,), (3.0,))
('K.28 Musicalion', 'P1', 3, (24, 25), (9,), (3.0,), (9,), (3.0,))
('K.28 Musicalion', 'P1', 3, (106, 107), (32,), (3.0,), (32,), (3.0,))
('K.28 Musicalion', 'P1', 3, (131, 132), (41,), (3.0,), (41,), (3.0,))
('K.28 Musicalion', 'P1', 3, (156, 157), (55,), (3.0,), (55,), (3.0,))
('K.28 Musicalion', 'P1', 3, (201, 202), (71,), (3.0,), (71,), (3.0,))
('K.28 Musicalion', 'P1', 3, (352, 353), (118,), (3.0,), (118,), (3.0,))
('K.28 Musicalion', 'P1', 3, (366, 367), (127,), (3.0,), (127,), (3.0,))
('K.28 Musicalion', 'P1', 4, (2, 3), (43,), (3.0,), (43,), (3.0,))
('K.28 Musicalion', 'P1', 4, (5, 6), (44,), (3.0,), (44,), (3.0,))

52.    ((-3,), (0.5,), (1,), (0.0,)):
('K.28 Musicalion', 'P1', 1, (19, 20), (5,), (1.0,), (5,), (1.0,))
('K.28 Musicalion', 'P1', 1, (229, 230), (55,), (1.0,), (55,), (1.0,))
('K.28 Musicalion', 'P1', 1, (433, 434), (112,), (1.0,), (112,), (1.0,))
('K.28 Musicalion', 'P1', 1, (454, 455), (117,), (1.0,), (117,), (1.0,))
('K.28 Musicalion', 'P1', 1, (460, 461), (118,), (1.0,), (118,), (1.0,))
('K.28 Musicalion', 'P1', 2, (0, 1), (9,), (1.0,), (9,), (1.0,))
('K.28 Musicalion', 'P1', 2, (61, 62), (60,), (1.0,), (60,), (1.0,))
('K.28 Musicalion', 'P1', 2, (67, 68), (61,), (1.0,), (61,), (1.0,))
('K.28 Musicalion', 'P1', 3, (158, 159), (57,), (1.0,), (57,), (1.0,))
('K.28 Musicalion', 'P1', 3, (368, 369), (129,), (1.0,), (129,), (1.0,))

53.    ((4,), (0.5,), (3,), (0.5,)):
('K.28 Musicalion', 'P1', 1, (24, 25), (5,), (3.5,), (5,), (3.5,))
('K.28 Musicalion', 'P1', 1, (214, 215), (52,), (3.5,), (52,), (3.5,))
('K.28 Musicalion', 'P1', 1, (246, 247), (58,), (3.5,), (58,), (3.5,))
('K.28 Musicalion', 'P1', 1, (444, 445), (113,), (3.5,), (113,), (3.5,))
('K.28 Musicalion', 'P1', 1, (502, 503), (124,), (3.5,), (124,), (3.5,))
('K.28 Musicalion', 'P1', 2, (161, 162), (114,), (3.5,), (114,), (3.5,))
('K.28 Musicalion', 'P1', 2, (167, 168), (115,), (3.5,), (115,), (3.5,))
('K.28 Musicalion', 'P1', 2, (173, 174), (116,), (3.5,), (116,), (3.5,))
('K.28 Musicalion', 'P1', 3, (174, 175), (62,), (3.5,), (62,), (3.5,))

54.    ((2,), (0.5,), (1,), (0.0,)):
('K.28 Musicalion', 'P1', 1, (101, 102), (32,), (1.0,), (32,), (1.0,))
('K.28 Musicalion', 'P1', 1, (155, 156), (41,), (1.0,), (41,), (1.0,))
('K.28 Musicalion', 'P1', 1, (235, 236), (56,), (1.0,), (56,), (1.0,))
('K.28 Musicalion', 'P1', 1, (525, 526), (128,), (1.0,), (128,), (1.0,))
('K.28 Musicalion', 'P1', 3, (69, 70), (24,), (1.0,), (24,), (1.0,))
('K.28 Musicalion', 'P1', 3, (79, 80), (26,), (1.0,), (26,), (1.0,))
('K.28 Musicalion', 'P1', 3, (89, 90), (28,), (1.0,), (28,), (1.0,))
('K.28 Musicalion', 'P1', 3, (212, 213), (75,), (1.0,), (75,), (1.0,))
('K.28 Musicalion', 'P1', 3, (222, 223), (77,), (1.0,), (77,), (1.0,))

55.    ((4,), (0.5,), (2,), (0.5,)):
('K.28 Musicalion', 'P1', 1, (22, 23), (5,), (2.5,), (5,), (2.5,))
('K.28 Musicalion', 'P1', 1, (69, 70), (20,), (2.5,), (20,), (2.5,))
('K.28 Musicalion', 'P1', 1, (457, 458), (117,), (2.5,), (117,), (2.5,))
('K.28 Musicalion', 'P1', 2, (159, 160), (114,), (2.5,), (114,), (2.5,))
('K.28 Musicalion', 'P1', 2, (165, 166), (115,), (2.5,), (115,), (2.5,))
('K.28 Musicalion', 'P1', 2, (171, 172), (116,), (2.5,), (116,), (2.5,))
('K.28 Musicalion', 'P1', 3, (178, 179), (63,), (2.5,), (63,), (2.5,))

56.    ((1,), (2.0,), (1,), (0.0,)):
('K.28 Musicalion', 'P1', 1, (72, 73), (21,), (1.0,), (21,), (1.0,))
('K.28 Musicalion', 'P1', 1, (98, 99), (30,), (1.0,), (30,), (1.0,))
('K.28 Musicalion', 'P1', 1, (295, 296), (72,), (1.0,), (72,), (1.0,))
('K.28 Musicalion', 'P1', 1, (355, 356), (93,), (1.0,), (93,), (1.0,))
('K.28 Musicalion', 'P1', 3, (190, 191), (67,), (1.0,), (67,), (1.0,))
('K.28 Musicalion', 'P1', 3, (195, 196), (69,), (1.0,), (69,), (1.0,))
('K.28 Musicalion', 'P1', 3, (322, 323), (108,), (1.0,), (108,), (1.0,))

57.    ((-2,), (1.0,), (1,), (0.0,)):
('K.28 Musicalion', 'P1', 2, (81, 82), (66,), (1.0,), (66,), (1.0,))
('K.28 Musicalion', 'P1', 2, (86, 87), (68,), (1.0,), (68,), (1.0,))
('K.28 Musicalion', 'P1', 2, (91, 92), (70,), (1.0,), (70,), (1.0,))
('K.28 Musicalion', 'P1', 3, (187, 188), (66,), (1.0,), (66,), (1.0,))
('K.28 Musicalion', 'P1', 3, (192, 193), (68,), (1.0,), (68,), (1.0,))
('K.28 Musicalion', 'P1', 3, (197, 198), (70,), (1.0,), (70,), (1.0,))

58.    ((7,), (0.5,), (3,), (0.5,)):
('K.28 Musicalion', 'P1', 1, (39, 40), (11,), (3.5,), (11,), (3.5,))
('K.28 Musicalion', 'P1', 1, (46, 47), (13,), (3.5,), (13,), (3.5,))
('K.28 Musicalion', 'P1', 2, (43, 44), (42,), (3.5,), (42,), (3.5,))
('K.28 Musicalion', 'P1', 2, (49, 50), (43,), (3.5,), (43,), (3.5,))
('K.28 Musicalion', 'P1', 2, (55, 56), (44,), (3.5,), (44,), (3.5,))

59.    ((-4,), (0.5,), (3,), (0.0,)):
('K.28 Musicalion', 'P1', 1, (23, 24), (5,), (3.0,), (5,), (3.0,))
('K.28 Musicalion', 'P1', 1, (239, 240), (56,), (3.0,), (56,), (3.0,))
('K.28 Musicalion', 'P1', 1, (529, 530), (128,), (3.0,), (128,), (3.0,))
('K.28 Musicalion', 'P1', 2, (107, 108), (78,), (3.0,), (78,), (3.0,))

60.    ((-4,), (1.0,), (1,), (0.0,)):
('K.28 Musicalion', 'P1', 1, (33, 34), (10,), (1.0,), (10,), (1.0,))
('K.28 Musicalion', 'P1', 1, (40, 41), (12,), (1.0,), (12,), (1.0,))
('K.28 Musicalion', 'P1', 1, (357, 358), (94,), (1.0,), (94,), (1.0,))
('K.28 Musicalion', 'P1', 3, (0, 1), (1,), (1.0,), (1,), (1.0,))

61.    ((1,), (3.0,), (1,), (0.0,)):
('K.28 Musicalion', 'P1', 1, (255, 256), (62,), (1.0,), (62,), (1.0,))
('K.28 Musicalion', 'P1', 3, (135, 136), (43,), (1.0,), (43,), (1.0,))
('K.28 Musicalion', 'P1', 3, (136, 137), (44,), (1.0,), (44,), (1.0,))

62.    ((4,), (2.0,), (1,), (0.0,)):
('K.28 Musicalion', 'P1', 3, (145, 146), (51,), (1.0,), (51,), (1.0,))
('K.28 Musicalion', 'P1', 3, (356, 357), (123,), (1.0,), (123,), (1.0,))
('K.28 Musicalion', 'P1', 3, (358, 359), (124,), (1.0,), (124,), (1.0,))

63.    ((5,), (0.5,), (2,), (0.5,)):
('K.28 Musicalion', 'P1', 1, (172, 173), (46,), (2.5,), (46,), (2.5,))
('K.28 Musicalion', 'P1', 1, (250, 251), (59,), (2.5,), (59,), (2.5,))

64.    ((3,), (0.5,), (3,), (0.0,)):
('K.28 Musicalion', 'P1', 1, (153, 154), (40,), (3.0,), (40,), (3.0,))
('K.28 Musicalion', 'P1', 2, (154, 155), (100,), (3.0,), (100,), (3.0,))

65.    ((-6,), (0.5,), (1,), (0.0,)):
('K.28 Musicalion', 'P1', 1, (193, 194), (50,), (1.0,), (50,), (1.0,))
('K.28 Musicalion', 'P1', 2, (175, 176), (122,), (1.0,), (122,), (1.0,))

66.    ((-4,), (0.5,), (1,), (0.0,)):
('K.28 Musicalion', 'P1', 1, (427, 428), (111,), (1.0,), (111,), (1.0,))
('K.28 Musicalion', 'P1', 2, (56, 57), (45,), (1.0,), (45,), (1.0,))

67.    ((3,), (1.0,), (1,), (0.0,)):
('K.28 Musicalion', 'P1', 2, (10, 11), (14,), (1.0,), (14,), (1.0,))
('K.28 Musicalion', 'P1', 2, (73, 74), (62,), (1.0,), (62,), (1.0,))

68.    ((-5,), (1.0,), (2,), (0.0,)):
('K.28 Musicalion', 'P1', 3, (1, 2), (1,), (2.0,), (1,), (2.0,))
('K.28 Musicalion', 'P1', 3, (330, 331), (111,), (2.0,), (111,), (2.0,))

69.    ((-5,), (2.0,), (2,), (0.0,)):
('K.28 Musicalion', 'P1', 3, (58, 59), (20,), (2.0,), (20,), (2.0,))
('K.28 Musicalion', 'P1', 3, (355, 356), (122,), (2.0,), (122,), (2.0,))

70.    ((-7,), (1.0,), (3,), (0.0,)):
('K.28 Musicalion', 'P1', 3, (97, 98), (29,), (3.0,), (29,), (3.0,))
('K.28 Musicalion', 'P1', 3, (146, 147), (51,), (3.0,), (51,), (3.0,))

71.    (((8, 4),), ((0.0, 2.0),), (1,), (0.0,)):
('K.28 Musicalion', 'P1', 3, (147, 148), (52,), (1.0,), (52,), (1.0,))
('K.28 Musicalion', 'P1', 3, (362, 363), (126,), (1.0,), (126,), (1.0,))

