1 .    ('nomes', 'K.247 Musescore') 

2 .    ('quantidade', 1) 

3 .    ('analise', 'recorręncias IntDiaDurPcompasso sem contidos e intercalados') 

1 .    (((-2, -2, -2, -2, 2, 4, -2, -2, -2, -2, 2, 2, -2, -2, -2, -2, 2, 4, -2, -2, -2, -2, 2), (0.5, 0.0, 0.25, 0.25, 1.0, 1.0, 0.5, 0.0, 0.25, 0.25, 1.0, 1.0, 0.5, 0.0, 0.25, 0.25, 1.0, 1.0, 0.5, 0.0, 0.25, 0.25, 1.0), (2.5, 3.0, 3.0, 3.25, 3.5, 1.5, 2.5, 3.0, 3.0, 3.25, 3.5, 1.5, 2.5, 3.0, 3.0, 3.25, 3.5, 1.5, 2.5, 3.0, 3.0, 3.25, 3.5)), [('K.247 Musescore', 'P1', 1, (291, 314), (60, 2.5), (63, 3.5)), ('K.247 Musescore', 'P1', 1, (315, 338), (64, 2.5), (67, 3.5))]) 

2 .    (((-2, -2, -2, -2, 2, 4, -2, -2, -2, -2, 2, 2, -2, -2, -2, -2, 2, 4, -2, -2, -2, -2), (0.5, 0.0, 0.25, 0.25, 1.0, 1.0, 0.5, 0.0, 0.25, 0.25, 1.0, 1.0, 0.5, 0.0, 0.25, 0.25, 1.0, 1.0, 0.5, 0.0, 0.25, 0.25), (1.5, 2.0, 2.0, 2.25, 2.5, 3.5, 1.5, 2.0, 2.0, 2.25, 2.5, 3.5, 1.5, 2.0, 2.0, 2.25, 2.5, 3.5, 1.5, 2.0, 2.0, 2.25)), [('K.247 Musescore', 'P1', 1, (89, 111), (21, 1.5), (24, 2.25)), ('K.247 Musescore', 'P1', 1, (113, 135), (25, 1.5), (28, 2.25))]) 

3 .    ((((3, 1), (3, 2), (3, -2), (3, 1), (3, 2), (3, -4), (3, 1), (3, 2), (3, -2), (3, 1), (3, 2), (3, -2), -2, -2, 2, 2, -8, 4), ((0.0, 1.5), (0.0, 0.5), (0.0, 1.0), (0.0, 1.5), (0.0, 0.5), (0.0, 1.0), (0.0, 1.5), (0.0, 0.5), (0.0, 1.0), (0.0, 1.5), (0.0, 0.5), (0.0, 1.0), 1.5, 0.5, 1.0, 1.0, 1.0, 1.0), (1.0, 2.5, 3.0, 1.0, 2.5, 3.0, 1.0, 2.5, 3.0, 1.0, 2.5, 3.0, 1.0, 2.5, 3.0, 1.0, 2.0, 3.0)), [('K.247 Musescore', 'P1', 3, (90, 108), (32, 1.0), (37, 3.0)), ('K.247 Musescore', 'P1', 3, (109, 127), (39, 1.0), (44, 3.0))]) 

4 .    (((-2, -2, -2, -2, -2, 2, -4, 8, -2, -2, -2, -2, -2, 2), (2.5, 0.5, 0.5, 0.5, 0.5, 0.5, 0.5, 0.5, 2.5, 0.5, 0.5, 0.5, 0.5, 0.5), (3.0, 2.5, 3.0, 3.5, 1.0, 1.5, 2.0, 2.5, 3.0, 2.5, 3.0, 3.5, 1.0, 1.5)), [('K.247 Musescore', 'P1', 1, (368, 382), (72, 3.0), (75, 1.5)), ('K.247 Musescore', 'P1', 1, (384, 398), (76, 3.0), (79, 1.5))]) 

5 .    (((-2, -3, 4, 1, -2, -3, 2, 1, -2, -3, 4, 1, -2), (0.5, 0.5, 0.5, 1.5, 0.5, 0.5, 0.5, 1.5, 0.5, 0.5, 0.5, 1.5, 0.5), (2.5, 3.0, 3.5, 1.0, 2.5, 3.0, 3.5, 1.0, 2.5, 3.0, 3.5, 1.0, 2.5)), [('K.247 Musescore', 'P1', 4, (18, 31), (21, 2.5), (24, 2.5)), ('K.247 Musescore', 'P1', 4, (34, 47), (25, 2.5), (28, 2.5))]) 

6 .    (((1, -2, -3, 4, 1, -2, -3, 2, 1, -2, -3), (1.5, 0.5, 0.5, 0.5, 1.5, 0.5, 0.5, 0.5, 1.5, 0.5, 0.5), (2.0, 3.5, 1.0, 1.5, 2.0, 3.5, 1.0, 1.5, 2.0, 3.5, 1.0)), [('K.247 Musescore', 'P1', 4, (57, 68), (60, 2.0), (62, 1.0)), ('K.247 Musescore', 'P1', 4, (73, 84), (64, 2.0), (66, 1.0))]) 

7 .    (((-2, -2, -2, -2, 2, 2, -2, -2, -2, -2), (0.5, 0.0, 0.25, 0.25, 1.0, 1.0, 0.5, 0.0, 0.25, 0.25), (2.5, 3.0, 3.0, 3.25, 3.5, 1.5, 2.5, 3.0, 3.0, 3.25)), [('K.247 Musescore', 'P1', 1, (399, 409), (80, 2.5), (81, 3.25)), ('K.247 Musescore', 'P1', 1, (411, 421), (82, 2.5), (83, 3.25))]) 

8 .    (((-2, -2, -2, -2, 3, -2, -2, -2, 2, 2), (0.25, 0.25, 0.25, 0.25, 0.25, 0.25, 0.25, 0.25, 0.25, 0.25), (3.0, 3.25, 3.5, 3.75, 1.0, 1.25, 1.5, 1.75, 2.0, 2.25)), [('K.247 Musescore', 'P1', 1, (217, 227), (45, 3.0), (46, 2.25)), ('K.247 Musescore', 'P1', 1, (241, 251), (47, 3.0), (48, 2.25))]) 

9 .    (((-2, 2, 2, 2, -3, -2, 2, 2, 2), (0.75, 0.12, 0.12, 1.5, 0.5, 0.75, 0.12, 0.12, 1.5), (1.0, 1.75, 1.88, 2.0, 3.5, 1.0, 1.75, 1.88, 2.0)), [('K.247 Musescore', 'P1', 1, (153, 162), (32, 1.0), (33, 2.0)), ('K.247 Musescore', 'P1', 1, (163, 172), (34, 1.0), (35, 2.0))]) 

10 .    (((-2, 2, 6, 2, -7, -2, 2, 6, 2), (0.75, 0.12, 0.12, 1.5, 0.5, 0.75, 0.12, 0.12, 1.5), (2.0, 2.75, 2.88, 3.0, 1.5, 2.0, 2.75, 2.88, 3.0)), [('K.247 Musescore', 'P1', 1, (451, 460), (89, 2.0), (90, 3.0)), ('K.247 Musescore', 'P1', 1, (461, 470), (91, 2.0), (92, 3.0))]) 

11 .    (((-2, 2, 1, -2, -2, 1, -2, 2), (0.5, 1.0, 1.5, 0.5, 1.0, 1.5, 0.5, 1.0), (2.5, 3.0, 1.0, 2.5, 3.0, 1.0, 2.5, 3.0)), [('K.247 Musescore', 'P1', 3, (60, 68), (21, 2.5), (23, 3.0)), ('K.247 Musescore', 'P1', 3, (72, 80), (25, 2.5), (27, 3.0))]) 

12 .    (((1, -2, 2, 1, -2, -2, 1, -2), (1.5, 0.5, 1.0, 1.5, 0.5, 1.0, 1.5, 0.5), (2.0, 3.5, 1.0, 2.0, 3.5, 1.0, 2.0, 3.5)), [('K.247 Musescore', 'P1', 3, (175, 183), (60, 2.0), (62, 3.5)), ('K.247 Musescore', 'P1', 3, (187, 195), (64, 2.0), (66, 3.5))]) 

13 .    (((8, -2, -2, -2, -2, -2, 2), (0.5, 2.5, 0.5, 0.5, 0.5, 0.5, 0.5), (1.5, 2.0, 1.5, 2.0, 2.5, 3.0, 3.5)), [('K.247 Musescore', 'P1', 1, (51, 58), (12, 1.5), (13, 3.5)), ('K.247 Musescore', 'P1', 1, (59, 66), (14, 1.5), (15, 3.5))]) 

14 .    (((1, -2, -3, 2, 1, -2), (1.5, 0.5, 0.5, 0.5, 1.5, 0.5), (1.0, 2.5, 3.0, 3.5, 1.0, 2.5)), [('K.247 Musescore', 'P1', 4, (0, 6), (12, 1.0), (13, 2.5)), ('K.247 Musescore', 'P1', 4, (7, 13), (14, 1.0), (15, 2.5))]) 

15 .    (((1, -2, -3, 2, 1, -2), (1.5, 0.5, 0.5, 0.5, 1.5, 0.5), (2.0, 3.5, 1.0, 1.5, 2.0, 3.5)), [('K.247 Musescore', 'P1', 4, (85, 91), (72, 2.0), (73, 3.5)), ('K.247 Musescore', 'P1', 4, (92, 98), (74, 2.0), (75, 3.5))]) 

16 .    (((-2, 2, 2, 2, -2, -2), (1.5, 0.5, 0.5, 0.5, 1.5, 0.5), (1.0, 2.5, 3.0, 3.5, 1.0, 2.5)), [('K.247 Musescore', 'P1', 1, (4, 10), (2, 1.0), (3, 2.5)), ('K.247 Musescore', 'P1', 3, (149, 155), (53, 1.0), (54, 2.5)), ('K.247 Musescore', 'P1', 3, (161, 167), (56, 1.0), (57, 2.5))]) 

17 .    (((2, 2, 2, 2, 2, -4), (0.5, 0.5, 0.5, 0.5, 0.5, 0.5), (1.5, 2.0, 2.5, 3.0, 3.5, 1.0)), [('K.247 Musescore', 'P1', 1, (67, 73), (16, 1.5), (17, 1.0)), ('K.247 Musescore', 'P1', 1, (139, 145), (29, 1.5), (30, 1.0))]) 

18 .    (((-2, -2, -2, -2, -2, -2), (0.25, 0.25, 0.25, 0.25, 0.25, 0.25), (3.25, 3.5, 3.75, 1.0, 1.25, 1.5)), [('K.247 Musescore', 'P1', 1, (481, 487), (95, 3.25), (95, 1.5)), ('K.247 Musescore', 'P1', 1, (505, 511), (97, 3.25), (97, 1.5))]) 

19 .    (((1, -2, -2, 4, -2, -2), (1.5, 0.5, 1.0, 1.5, 0.5, 0.5), (1.0, 2.5, 3.0, 1.0, 2.5, 3.0)), [('K.247 Musescore', 'P1', 3, (27, 33), (12, 1.0), (13, 3.0)), ('K.247 Musescore', 'P1', 3, (34, 40), (14, 1.0), (15, 3.0))]) 

20 .    (((1, -2, -2, 4, -2, -2), (1.5, 0.5, 1.0, 1.5, 0.5, 0.5), (2.0, 3.5, 1.0, 2.0, 3.5, 1.0)), [('K.247 Musescore', 'P1', 3, (207, 213), (72, 2.0), (73, 1.0)), ('K.247 Musescore', 'P1', 3, (214, 220), (74, 2.0), (75, 1.0))]) 

21 .    (((2, 2, -2, -2, 2, -3), (0.5, 0.5, 0.5, 0.25, 0.25, 0.5), (3.0, 3.5, 1.0, 1.5, 1.75, 2.0)), [('K.247 Musescore', 'P1', 2, (20, 26), (56, 3.0), (57, 2.0)), ('K.247 Musescore', 'P1', 2, (27, 33), (57, 3.0), (58, 2.0))]) 

22 .    (((-7, -2, 2, 2, 7), (0.5, 0.75, 0.12, 0.12, 0.5), (3.5, 1.0, 1.75, 1.88, 2.0)), [('K.247 Musescore', 'P1', 1, (191, 196), (40, 3.5), (41, 2.0)), ('K.247 Musescore', 'P1', 1, (197, 202), (41, 3.5), (42, 2.0))]) 

23 .    (((2, 2, -8, 4, 2), (1.0, 1.0, 1.0, 1.0, 1.0), (1.0, 2.0, 3.0, 1.0, 2.0)), [('K.247 Musescore', 'P1', 3, (267, 272), (93, 1.0), (95, 2.0)), ('K.247 Musescore', 'P1', 3, (273, 278), (95, 1.0), (97, 2.0))]) 

24 .    (((-3, -2, -2, -2, -2), (0.5, 0.5, 0.5, 0.5, 0.5), (1.0, 1.5, 2.0, 2.5, 3.0)), [('K.247 Musescore', 'P1', 2, (8, 13), (37, 1.0), (37, 3.0)), ('K.247 Musescore', 'P1', 2, (14, 19), (44, 1.0), (44, 3.0))]) 

25 .    (((-2, -2, -2, -2), (0.25, 0.25, 0.25, 0.25), (2.75, 3.0, 3.25, 3.5)), [('K.247 Musescore', 'P1', 1, (228, 232), (46, 2.75), (46, 3.5)), ('K.247 Musescore', 'P1', 1, (252, 256), (48, 2.75), (48, 3.5)), ('K.247 Musescore', 'P1', 1, (491, 495), (96, 2.75), (96, 3.5))]) 

26 .    (((-2, 2, 6, -2), (0.75, 0.12, 0.12, 1.5), (2.0, 2.75, 2.88, 3.0)), [('K.247 Musescore', 'P1', 1, (441, 445), (87, 2.0), (87, 3.0)), ('K.247 Musescore', 'P1', 1, (446, 450), (88, 2.0), (88, 3.0))]) 

27 .    ((((3, -2), (3, -2), (3, -2), (3, -2)), ((0.0, 0.5), (0.0, 0.5), (0.0, 0.5), (0.0, 0.5)), (1.0, 1.5, 2.0, 2.5)), [('K.247 Musescore', 'P1', 3, (50, 54), (19, 1.0), (19, 2.5)), ('K.247 Musescore', 'P1', 3, (198, 202), (67, 1.0), (68, 2.5))]) 

28 .    (((2, 2, 2, -8), (1.0, 1.0, 1.0, 1.0), (2.0, 3.0, 1.0, 2.0)), [('K.247 Musescore', 'P1', 3, (128, 132), (45, 2.0), (46, 2.0)), ('K.247 Musescore', 'P1', 3, (134, 138), (47, 2.0), (48, 2.0))]) 

29 .    (((1, -2, -3), (1.5, 0.5, 0.5), (2.0, 3.5, 1.0)), [('K.247 Musescore', 'P1', 4, (69, 72), (63, 2.0), (63, 1.0)), ('K.247 Musescore', 'P1', 4, (105, 108), (78, 2.0), (78, 1.0))]) 

30 .    (((-2, -2, -2), (0.5, 0.5, 0.5), (1.5, 2.0, 2.5)), [('K.247 Musescore', 'P1', 1, (77, 80), (18, 1.5), (18, 2.5)), ('K.247 Musescore', 'P1', 3, (82, 85), (29, 1.5), (29, 2.5))]) 

31 .    (((2, 2, 2), (0.5, 0.5, 0.5), (3.5, 1.0, 1.5)), [('K.247 Musescore', 'P1', 1, (81, 84), (18, 3.5), (19, 1.5)), ('K.247 Musescore', 'P1', 1, (85, 88), (19, 3.5), (20, 1.5))]) 

32 .    (((2, 2, 2), (0.25, 0.25, 0.25), (2.0, 2.25, 2.5)), [('K.247 Musescore', 'P1', 1, (500, 503), (97, 2.0), (97, 2.5)), ('K.247 Musescore', 'P1', 1, (512, 515), (98, 2.0), (98, 2.5))]) 

33 .    (((-2, -2, -2), (1.5, 0.5, 1.0), (1.0, 2.5, 3.0)), [('K.247 Musescore', 'P1', 3, (4, 7), (3, 1.0), (3, 3.0)), ('K.247 Musescore', 'P1', 3, (22, 25), (9, 1.0), (9, 3.0))]) 

34 .    (((4, -5, 4), (0.5, 0.5, 0.5), (3.0, 3.5, 1.0)), [('K.247 Musescore', 'P1', 1, (29, 32), (7, 3.0), (8, 1.0)), ('K.247 Musescore', 'P1', 1, (516, 519), (98, 3.0), (98, 1.0))]) 

35 .    (((-2, 2, 6), (0.75, 0.12, 0.12), (1.0, 1.75, 1.88)), [('K.247 Musescore', 'P1', 1, (182, 185), (39, 1.0), (39, 1.88)), ('K.247 Musescore', 'P1', 1, (187, 190), (40, 1.0), (40, 1.88))]) 

36 .    (((-2, -2, -2), (0.25, 0.25, 0.25), (2.0, 2.25, 2.5)), [('K.247 Musescore', 'P1', 1, (213, 216), (45, 2.0), (45, 2.5)), ('K.247 Musescore', 'P1', 1, (237, 240), (47, 2.0), (47, 2.5))]) 

37 .    (((5, -2, -2), (0.5, 1.5, 1.0), (1.5, 2.0, 3.5)), [('K.247 Musescore', 'P1', 1, (259, 262), (50, 1.5), (50, 3.5)), ('K.247 Musescore', 'P1', 1, (267, 270), (52, 1.5), (52, 3.5))]) 

38 .    (((-2, 2, 2), (1.5, 0.25, 0.25), (3.0, 1.5, 1.75)), [('K.247 Musescore', 'P1', 1, (273, 276), (53, 3.0), (54, 1.75)), ('K.247 Musescore', 'P1', 1, (277, 280), (54, 3.0), (55, 1.75))]) 

39 .    (((-2, -2, -2), (1.0, 1.0, 1.0), (3.0, 1.0, 2.0)), [('K.247 Musescore', 'P1', 3, (12, 15), (5, 3.0), (6, 2.0)), ('K.247 Musescore', 'P1', 3, (18, 21), (7, 3.0), (8, 2.0))]) 

40 .    (((2, -2, -2), (1.5, 0.5, 0.5), (2.0, 3.5, 1.0)), [('K.247 Musescore', 'P1', 3, (222, 225), (77, 2.0), (77, 1.0)), ('K.247 Musescore', 'P1', 3, (229, 232), (79, 2.0), (79, 1.0))]) 

41 .    (((1, -2), (1.5, 0.5), (2.0, 3.5)), [('K.247 Musescore', 'P1', 3, (184, 186), (63, 2.0), (63, 3.5)), ('K.247 Musescore', 'P1', 3, (226, 228), (78, 2.0), (78, 3.5))]) 

42 .    (((-2, -2), (0.5, 0.5), (2.5, 3.0)), [('K.247 Musescore', 'P1', 3, (170, 172), (58, 2.5), (58, 3.0)), ('K.247 Musescore', 'P1', 2, (40, 42), (94, 2.5), (94, 3.0))]) 

43 .    (((-2, -3), (0.5, 0.5), (2.5, 3.0)), [('K.247 Musescore', 'P1', 1, (426, 428), (84, 2.5), (84, 3.0)), ('K.247 Musescore', 'P1', 3, (158, 160), (55, 2.5), (55, 3.0))]) 

44 .    (((2, 2), (0.5, 0.5), (3.0, 3.5)), [('K.247 Musescore', 'P1', 1, (136, 138), (28, 3.0), (28, 3.5)), ('K.247 Musescore', 'P1', 2, (34, 36), (58, 3.0), (58, 3.5))]) 

45 .    (((-2, -2), (0.5, 1.0), (2.5, 3.0)), [('K.247 Musescore', 'P1', 3, (8, 10), (4, 2.5), (4, 3.0)), ('K.247 Musescore', 'P1', 3, (69, 71), (24, 2.5), (24, 3.0))]) 

46 .    (((-2, -2), (1.0, 1.0), (3.0, 1.0)), [('K.247 Musescore', 'P1', 3, (234, 236), (80, 3.0), (80, 1.0)), ('K.247 Musescore', 'P1', 3, (281, 283), (98, 3.0), (98, 1.0))]) 

47 .    (((5, -3), (1.0, 1.0), (1.0, 2.0)), [('K.247 Musescore', 'P1', 1, (0, 2), (1, 1.0), (1, 2.0)), ('K.247 Musescore', 'P1', 3, (1, 3), (2, 1.0), (2, 2.0))]) 

48 .    (((2, -4), (0.5, 0.5), (2.5, 3.0)), [('K.247 Musescore', 'P1', 1, (22, 24), (6, 2.5), (6, 3.0)), ('K.247 Musescore', 'P1', 1, (207, 209), (43, 2.5), (43, 3.0))]) 

49 .    (((2, -3), (0.5, 0.5), (3.5, 1.0)), [('K.247 Musescore', 'P1', 1, (36, 38), (8, 3.5), (9, 1.0)), ('K.247 Musescore', 'P1', 4, (100, 102), (76, 3.5), (76, 1.0))]) 

50 .    (((-2, 2), (0.75, 0.12), (3.0, 3.75)), [('K.247 Musescore', 'P1', 1, (41, 43), (9, 3.0), (9, 3.75)), ('K.247 Musescore', 'P1', 1, (148, 150), (30, 3.0), (30, 3.75))]) 

51 .    (((2, 2), (0.25, 0.25), (1.25, 1.5)), [('K.247 Musescore', 'P1', 1, (234, 236), (47, 1.25), (47, 1.5)), ('K.247 Musescore', 'P1', 1, (497, 499), (96, 1.25), (96, 1.5))]) 

52 .    (((2, -3), (0.5, 0.5), (2.5, 3.0)), [('K.247 Musescore', 'P1', 3, (42, 44), (16, 2.5), (16, 3.0)), ('K.247 Musescore', 'P1', 4, (15, 17), (17, 2.5), (17, 3.0))]) 

53 .    ((((5, 1), (5, -2)), ((0.0, 1.5), (0.0, 0.5)), (1.0, 2.5)), [('K.247 Musescore', 'P1', 3, (140, 142), (50, 1.0), (50, 2.5)), ('K.247 Musescore', 'P1', 3, (146, 148), (52, 1.0), (52, 2.5))]) 

54 .    ((((3, 1), (3, 2)), ((0.0, 1.5), (0.0, 0.5)), (2.0, 3.5)), [('K.247 Musescore', 'P1', 3, (247, 249), (87, 2.0), (87, 3.5)), ('K.247 Musescore', 'P1', 3, (250, 252), (88, 2.0), (88, 3.5))]) 

55 .    ((((5, 1), (5, -2)), ((0.0, 1.5), (0.0, 0.5)), (2.0, 3.5)), [('K.247 Musescore', 'P1', 3, (253, 255), (89, 2.0), (89, 3.5)), ('K.247 Musescore', 'P1', 3, (256, 258), (90, 2.0), (90, 3.5))]) 

56 .    ((((5, 1), (5, 2)), ((0.0, 1.5), (0.0, 0.5)), (2.0, 3.5)), [('K.247 Musescore', 'P1', 3, (259, 261), (91, 2.0), (91, 3.5)), ('K.247 Musescore', 'P1', 3, (262, 264), (92, 2.0), (92, 3.5))]) 

57 .    (((2,), (0.5,), (3.5,)), [('K.247 Musescore', 'P1', 1, (18, 19), (5, 3.5), (5, 3.5)), ('K.247 Musescore', 'P1', 1, (474, 475), (93, 3.5), (93, 3.5)), ('K.247 Musescore', 'P1', 3, (156, 157), (54, 3.5), (54, 3.5)), ('K.247 Musescore', 'P1', 4, (32, 33), (24, 3.5), (24, 3.5))]) 

58 .    (((2,), (0.5,), (1.5,)), [('K.247 Musescore', 'P1', 1, (14, 15), (5, 1.5), (5, 1.5)), ('K.247 Musescore', 'P1', 1, (20, 21), (6, 1.5), (6, 1.5)), ('K.247 Musescore', 'P1', 1, (26, 27), (7, 1.5), (7, 1.5)), ('K.247 Musescore', 'P1', 2, (5, 6), (4, 1.5), (4, 1.5))]) 

59 .    (((-2,), (1.0,), (3.0,)), [('K.247 Musescore', 'P1', 1, (437, 438), (85, 3.0), (85, 3.0)), ('K.247 Musescore', 'P1', 3, (47, 48), (17, 3.0), (17, 3.0)), ('K.247 Musescore', 'P1', 3, (88, 89), (30, 3.0), (30, 3.0)), ('K.247 Musescore', 'P1', 4, (50, 51), (53, 3.0), (53, 3.0))]) 

60 .    (((2,), (0.5,), (2.5,)), [('K.247 Musescore', 'P1', 1, (11, 12), (4, 2.5), (4, 2.5)), ('K.247 Musescore', 'P1', 1, (16, 17), (5, 2.5), (5, 2.5)), ('K.247 Musescore', 'P1', 1, (176, 177), (36, 2.5), (36, 2.5)), ('K.247 Musescore', 'P1', 1, (339, 340), (68, 2.5), (68, 2.5))]) 

61 .    (((2,), (1.0,), (1.0,)), [('K.247 Musescore', 'P1', 1, (341, 342), (68, 1.0), (68, 1.0)), ('K.247 Musescore', 'P1', 3, (86, 87), (30, 1.0), (30, 1.0)), ('K.247 Musescore', 'P1', 3, (279, 280), (97, 1.0), (97, 1.0))]) 

62 .    (((-2,), (0.5,), (1.0,)), [('K.247 Musescore', 'P1', 1, (422, 423), (83, 1.0), (83, 1.0)), ('K.247 Musescore', 'P1', 2, (43, 44), (94, 1.0), (94, 1.0))]) 

63 .    (((-2,), (0.25,), (1.5,)), [('K.247 Musescore', 'P1', 1, (204, 205), (43, 1.5), (43, 1.5)), ('K.247 Musescore', 'P1', 1, (282, 283), (56, 1.5), (56, 1.5)), ('K.247 Musescore', 'P1', 2, (37, 38), (59, 1.5), (59, 1.5))]) 

64 .    (((2,), (0.25,), (1.75,)), [('K.247 Musescore', 'P1', 1, (263, 264), (51, 1.75), (51, 1.75)), ('K.247 Musescore', 'P1', 1, (271, 272), (53, 1.75), (53, 1.75))]) 

65 .    (((-2,), (0.5,), (2.0,)), [('K.247 Musescore', 'P1', 1, (284, 285), (56, 2.0), (56, 2.0)), ('K.247 Musescore', 'P1', 1, (432, 433), (85, 2.0), (85, 2.0))]) 

66 .    (((-3,), (0.5,), (2.0,)), [('K.247 Musescore', 'P1', 1, (33, 34), (8, 2.0), (8, 2.0)), ('K.247 Musescore', 'P1', 1, (39, 40), (9, 2.0), (9, 2.0)), ('K.247 Musescore', 'P1', 1, (46, 47), (10, 2.0), (10, 2.0)), ('K.247 Musescore', 'P1', 1, (74, 75), (17, 2.0), (17, 2.0))]) 

67 .    (((-2,), (1.5,), (2.0,)), [('K.247 Musescore', 'P1', 3, (265, 266), (93, 2.0), (93, 2.0)), ('K.247 Musescore', 'P1', 2, (2, 3), (3, 2.0), (3, 2.0))]) 

68 .    (((1,), (3.0,), (1.0,)), [('K.247 Musescore', 'P1', 1, (287, 288), (58, 1.0), (58, 1.0)), ('K.247 Musescore', 'P1', 4, (54, 55), (57, 1.0), (57, 1.0))]) 

69 .    (((2,), (0.0,), (1.0,)), [('K.247 Musescore', 'P1', 1, (151, 152), (31, 1.0), (31, 1.0)), ('K.247 Musescore', 'P1', 1, (180, 181), (38, 1.0), (38, 1.0)), ('K.247 Musescore', 'P1', 1, (257, 258), (49, 1.0), (49, 1.0))]) 

70 .    (((2,), (0.0,), (2.0,)), [('K.247 Musescore', 'P1', 1, (289, 290), (59, 2.0), (59, 2.0)), ('K.247 Musescore', 'P1', 1, (439, 440), (86, 2.0), (86, 2.0)), ('K.247 Musescore', 'P1', 1, (520, 521), (99, 2.0), (99, 2.0))]) 

71 .    (((-4,), (2.0,), (2.0,)), [('K.247 Musescore', 'P1', 4, (103, 104), (77, 2.0), (77, 2.0)), ('K.247 Musescore', 'P1', 4, (109, 110), (79, 2.0), (79, 2.0))]) 

