1 .    ('nomes', 'K.384 KernScores') 

2 .    ('quantidade', 1) 

3 .    ('analise', 'sequęncias IntDiaDurPcompasso sem contidos e intercalados') 

1 .    (((3, 4, 3, 2, 2, -3, -2), (0.33, 0.33, 0.33, 0.33, 0.33, 0.33, 1.0), (1.0, 1.33, 1.67, 2.0, 2.33, 2.67, 3.0)), [[('K.384 KernScores', 'P1', 1, (0, 7), (1, 1.0), (1, 3.0)), ('K.384 KernScores', 'P1', 1, (8, 15), (2, 1.0), (2, 3.0))], [('K.384 KernScores', 'P2', 1, (10, 17), (4, 1.0), (4, 3.0)), ('K.384 KernScores', 'P2', 1, (18, 25), (5, 1.0), (5, 3.0))]]) 

2 .    (((1, -4), (1.0, 1.0), (2.0, 3.0)), [[('K.384 KernScores', 'P2', 1, (1, 3), (1, 2.0), (1, 3.0)), ('K.384 KernScores', 'P2', 1, (4, 6), (2, 2.0), (2, 3.0))], [('K.384 KernScores', 'P2', 2, (1, 3), (4, 2.0), (4, 3.0)), ('K.384 KernScores', 'P2', 2, (4, 6), (5, 2.0), (5, 3.0))]]) 

3 .    ((((5, 2), (4, 1)), ((0.0, 1.0), (0.0, 1.0)), (2.0, 3.0)), [[('K.384 KernScores', 'P2', 1, (60, 62), (15, 2.0), (15, 3.0)), ('K.384 KernScores', 'P2', 1, (63, 65), (16, 2.0), (16, 3.0))], [('K.384 KernScores', 'P2', 1, (136, 138), (32, 2.0), (32, 3.0)), ('K.384 KernScores', 'P2', 1, (139, 141), (33, 2.0), (33, 3.0))]]) 

