1.    nomes:
K.160 Musescore

2.    quantidade:
1

3.    analise:
[('intDia', 'p1p2'), ('duracao', 'p1p2')] SemContInte Distancia: 0

1.    ((-2, -2, -2, -2, -2, -2, 1, 2, -4, 2, -4, 2, -5, 2, -4, 2, 2, 2, 2, 5, -2, -2, -2, 2, -2, -2, 2, 2, 1, -2), (0.25, 0.25, 0.25, 0.25, 0.25, 0.25, 0.25, 0.25, 0.25, 0.25, 0.25, 0.25, 0.25, 0.25, 0.25, 0.25, 0.25, 0.25, 0.25, 0.25, 0.25, 0.25, 0.25, 0.25, 0.12, 0.12, 0.12, 0.12, 0.25, 0.75)):
('K.160 Musescore', 'P1', 1, (217, 247), (25,), (1.25,), (26,), (4.0,))
('K.160 Musescore', 'P1', 1, (248, 278), (27,), (1.25,), (28,), (4.0,))

2.    ((-2, -2, -2, -2, -2, -2, 1, 2, -4, 2, -4, 2, -5, 2, -3, 2, 2, 2, 2, 4, -2, -2, -2, 2, -2, -2, 2, 2, 1, -2), (0.25, 0.25, 0.25, 0.25, 0.25, 0.25, 0.25, 0.25, 0.25, 0.25, 0.25, 0.25, 0.25, 0.25, 0.25, 0.25, 0.25, 0.25, 0.25, 0.25, 0.25, 0.25, 0.25, 0.25, 0.12, 0.12, 0.12, 0.12, 0.25, 0.75)):
('K.160 Musescore', 'P1', 1, (588, 618), (61,), (1.25,), (62,), (4.0,))
('K.160 Musescore', 'P1', 1, (619, 649), (63,), (1.25,), (64,), (4.0,))

3.    ((6, 4, -3, -4, -3, 3, 6, -2, -6, 9, -3, -3, -4, 4, 5, -2, -3, 7, -4, -3, -3, 3, 6, -7, 6), (0.25, 0.25, 0.25, 0.25, 0.25, 0.25, 0.25, 0.25, 0.25, 0.25, 0.25, 0.25, 0.25, 0.25, 0.25, 0.25, 0.25, 0.25, 0.25, 0.25, 0.25, 0.25, 0.25, 0.25, 0.25)):
('K.160 Musescore', 'P1', 1, (285, 310), (29,), (2.5,), (30,), (4.5,))
('K.160 Musescore', 'P1', 1, (665, 690), (65,), (4.5,), (67,), (2.5,))

4.    ((-3, -3, -3, 7, -2, 1, -2, 2, -3, -4, -3, 8, -2, 1, -2, 2, -3, -2, -3, 6, -2, 1, -2, 2), (0.25, 0.25, 0.25, 0.25, 0.25, 0.25, 0.25, 0.25, 0.25, 0.25, 0.25, 0.25, 0.25, 0.25, 0.25, 0.25, 0.25, 0.25, 0.25, 0.25, 0.25, 0.25, 0.25, 0.25)):
('K.160 Musescore', 'P1', 1, (343, 367), (34,), (1.0,), (35,), (2.75,))
('K.160 Musescore', 'P1', 1, (397, 421), (39,), (3.0,), (40,), (4.75,))

5.    ((-5, 3, 3, 4, 3, 3, 4, 3, -13, -5, 3, 3, 4, 3, 3, 4, 3, -13), (2.0, 0.25, 0.25, 0.25, 0.25, 0.25, 0.25, 0.25, 0.25, 2.0, 0.25, 0.25, 0.25, 0.25, 0.25, 0.25, 0.25, 0.25)):
('K.160 Musescore', 'P1', 3, (68, 86), (10,), (3.0,), (12,), (2.75,))
('K.160 Musescore', 'P1', 3, (308, 326), (57,), (1.0,), (58,), (4.75,))

6.    ((-3, -2, -2, -2, -3, 2, 4, -3, -2, -2, -2, -3, 2), (0.5, 0.25, 0.25, 0.5, 0.5, 0.5, 1.5, 0.5, 0.25, 0.25, 0.5, 0.5, 0.5)):
('K.160 Musescore', 'P1', 1, (32, 45), (4,), (3.0,), (6,), (1.0,))
('K.160 Musescore', 'P1', 1, (46, 59), (6,), (3.0,), (8,), (1.0,))

7.    ((-3, -2, -2, -2, -2, 8, -2, -2, 7, -2, -2, 1, -2), (0.5, 0.25, 0.25, 0.5, 0.5, 0.5, 1.0, 0.5, 0.5, 0.5, 0.5, 0.5, 1.5)):
('K.160 Musescore', 'P1', 1, (148, 161), (17,), (1.0,), (18,), (3.0,))
('K.160 Musescore', 'P1', 1, (162, 175), (19,), (3.0,), (21,), (1.0,))

8.    ((3, -8, 6, -5, 6, -2, 1, -2, -2, -2, 2), (0.5, 1.5, 0.5, 1.25, 0.25, 0.25, 0.25, 0.25, 0.25, 0.25, 0.25)):
('K.160 Musescore', 'P1', 1, (1, 12), (1,), (1.5,), (2,), (2.75,))
('K.160 Musescore', 'P1', 1, (13, 24), (2,), (3.5,), (3,), (4.75,))

9.    ((-3, -2, -2, -2, -2, 8, -2, -2, -2, -3, 2), (0.5, 0.25, 0.25, 0.5, 0.5, 0.5, 1.0, 1.0, 1.0, 1.5, 0.5)):
('K.160 Musescore', 'P1', 1, (513, 524), (53,), (1.0,), (54,), (4.0,))
('K.160 Musescore', 'P1', 1, (525, 536), (55,), (1.0,), (56,), (4.0,))

10.    ((-3, -2, -2, -2, -2, 4, -4, -2, -2, -2, -2), (0.5, 0.25, 0.25, 0.5, 0.5, 2.0, 0.5, 0.25, 0.25, 0.5, 0.5)):
('K.160 Musescore', 'P1', 3, (22, 33), (5,), (1.0,), (6,), (2.5,))
('K.160 Musescore', 'P1', 3, (34, 45), (7,), (1.0,), (8,), (2.5,))

11.    ((2, -3, -3, 4, -4, -3, -3, 4, 2, -5), (1.25, 0.25, 0.25, 0.25, 1.25, 0.25, 0.25, 0.25, 1.0, 1.0)):
('K.160 Musescore', 'P1', 3, (0, 10), (1,), (1.0,), (2,), (2.0,))
('K.160 Musescore', 'P1', 3, (10, 20), (2,), (3.0,), (3,), (4.0,))

12.    ((-2, -3, -2, -3, -3, -3, 7, -3, -2), (0.5, 0.25, 0.25, 0.25, 0.25, 0.25, 0.25, 0.25, 0.25)):
('K.160 Musescore', 'P1', 1, (82, 91), (10,), (2.5,), (10,), (4.75,))
('K.160 Musescore', 'P1', 1, (92, 101), (11,), (2.5,), (11,), (4.75,))

13.    ((-3, -3, -4, -3, -3, -3, 7, -2), (0.25, 0.25, 0.25, 0.25, 0.25, 0.25, 0.25, 0.25)):
('K.160 Musescore', 'P1', 1, (176, 184), (21,), (3.0,), (21,), (4.75,))
('K.160 Musescore', 'P1', 1, (185, 193), (22,), (3.0,), (22,), (4.75,))

14.    ((2, -2, 2, -2, 2, 2, 2, -2), (0.5, 0.5, 0.5, 0.5, 0.5, 0.5, 0.5, 0.5)):
('K.160 Musescore', 'P1', 1, (372, 380), (36,), (1.0,), (36,), (4.5,))
('K.160 Musescore', 'P1', 1, (423, 431), (41,), (3.0,), (42,), (2.5,))

15.    (((5, 1), (6, 1), (5, 1), (6, 1), (5, 1), (6, 1), (5, 1), (4, -8)), ((0.0, 0.5), (0.0, 0.5), (0.0, 0.5), (0.0, 0.5), (0.0, 0.5), (0.0, 0.5), (0.0, 0.5), (0.0, 0.5))):
('K.160 Musescore', 'P1', 3, (168, 176), (36,), (1.0,), (36,), (4.5,))
('K.160 Musescore', 'P1', 3, (189, 197), (41,), (3.0,), (42,), (2.5,))

16.    ((3, 3, 4, 3, 3, 4, 3, -17), (0.25, 0.25, 0.25, 0.25, 0.25, 0.25, 0.25, 0.25)):
('K.160 Musescore', 'P1', 3, (279, 287), (50,), (1.0,), (50,), (2.75,))
('K.160 Musescore', 'P1', 3, (288, 296), (51,), (1.0,), (51,), (2.75,))

17.    ((3, 3, 4, 3, 3, 4, 3), (0.25, 0.25, 0.25, 0.25, 0.25, 0.25, 0.25)):
('K.160 Musescore', 'P1', 3, (110, 117), (22,), (1.0,), (22,), (2.5,))
('K.160 Musescore', 'P1', 3, (119, 126), (23,), (1.0,), (23,), (2.5,))

18.    ((-3, -4, -3, -3, 3, 3), (0.25, 0.25, 0.25, 0.25, 0.25, 0.25)):
('K.160 Musescore', 'P1', 1, (194, 200), (23,), (3.25,), (23,), (4.5,))
('K.160 Musescore', 'P1', 1, (546, 552), (58,), (1.0,), (58,), (2.25,))

19.    ((-2, -2, -2, -2, -2, 2), (0.25, 0.25, 0.25, 0.25, 0.25, 0.25)):
('K.160 Musescore', 'P1', 1, (482, 488), (49,), (3.25,), (49,), (4.5,))
('K.160 Musescore', 'P1', 1, (573, 579), (60,), (1.25,), (60,), (2.5,))

20.    ((2, 4, -2, -2, 3, 2), (0.5, 0.5, 1.5, 0.5, 0.5, 0.5)):
('K.160 Musescore', 'P1', 2, (4, 10), (17,), (4.0,), (18,), (3.5,))
('K.160 Musescore', 'P1', 2, (11, 17), (20,), (2.0,), (21,), (1.5,))

21.    ((-3, -2, -2, -2, -2), (0.5, 0.25, 0.25, 0.5, 0.5)):
('K.160 Musescore', 'P1', 1, (148, 153), (17,), (1.0,), (17,), (2.5,))
('K.160 Musescore', 'P1', 1, (162, 167), (19,), (3.0,), (19,), (4.5,))
('K.160 Musescore', 'P1', 1, (381, 386), (37,), (3.0,), (37,), (4.5,))
('K.160 Musescore', 'P1', 1, (513, 518), (53,), (1.0,), (53,), (2.5,))
('K.160 Musescore', 'P1', 1, (525, 530), (55,), (1.0,), (55,), (2.5,))
('K.160 Musescore', 'P1', 3, (22, 27), (5,), (1.0,), (5,), (2.5,))
('K.160 Musescore', 'P1', 3, (34, 39), (7,), (1.0,), (7,), (2.5,))
('K.160 Musescore', 'P1', 3, (159, 164), (33,), (3.0,), (33,), (4.5,))

22.    ((-3, -3, -4, -3, -3), (0.25, 0.25, 0.25, 0.25, 0.25)):
('K.160 Musescore', 'P1', 1, (102, 107), (12,), (3.0,), (12,), (4.0,))
('K.160 Musescore', 'P1', 1, (506, 511), (52,), (1.25,), (52,), (2.25,))

23.    ((-2, -2, -2, -2, 2), (0.25, 0.25, 0.25, 0.25, 0.25)):
('K.160 Musescore', 'P1', 1, (112, 117), (13,), (3.5,), (13,), (4.5,))
('K.160 Musescore', 'P1', 1, (434, 439), (43,), (1.75,), (43,), (2.75,))

24.    ((2, -3, -2, -2, 2), (0.5, 0.5, 1.0, 1.0, 0.5)):
('K.160 Musescore', 'P1', 2, (68, 73), (53,), (4.0,), (54,), (3.0,))
('K.160 Musescore', 'P1', 2, (74, 79), (55,), (4.0,), (56,), (3.0,))

25.    ((-2, 2, 2, -8, 8), (1.0, 0.5, 1.0, 1.0, 1.0)):
('K.160 Musescore', 'P1', 3, (98, 103), (17,), (3.5,), (18,), (3.0,))
('K.160 Musescore', 'P1', 3, (104, 109), (20,), (1.5,), (21,), (1.0,))

26.    ((-2, -2, 2, 1, 2), (1.0, 1.0, 2.0, 3.0, 1.0)):
('K.160 Musescore', 'P1', 3, (331, 336), (60,), (3.0,), (62,), (2.0,))
('K.160 Musescore', 'P1', 3, (336, 341), (62,), (3.0,), (64,), (2.0,))

27.    ((-2, 2, -2, 2), (0.25, 0.25, 0.25, 0.25)):
('K.160 Musescore', 'P1', 1, (115, 119), (13,), (4.25,), (14,), (1.0,))
('K.160 Musescore', 'P1', 2, (22, 26), (35,), (4.5,), (36,), (1.25,))
('K.160 Musescore', 'P1', 2, (26, 30), (36,), (1.5,), (36,), (2.25,))
('K.160 Musescore', 'P1', 2, (30, 34), (36,), (2.5,), (36,), (3.25,))
('K.160 Musescore', 'P1', 2, (34, 38), (36,), (3.5,), (36,), (4.25,))
('K.160 Musescore', 'P1', 2, (46, 50), (41,), (1.5,), (41,), (2.25,))
('K.160 Musescore', 'P1', 2, (50, 54), (41,), (2.5,), (41,), (3.25,))
('K.160 Musescore', 'P1', 2, (54, 58), (41,), (3.5,), (41,), (4.25,))
('K.160 Musescore', 'P1', 2, (58, 62), (41,), (4.5,), (42,), (1.25,))
('K.160 Musescore', 'P1', 2, (62, 66), (42,), (1.5,), (42,), (2.25,))

28.    ((3, -6, 3, -2), (0.25, 0.25, 0.25, 0.25)):
('K.160 Musescore', 'P1', 1, (564, 568), (59,), (3.0,), (59,), (3.75,))
('K.160 Musescore', 'P1', 1, (568, 572), (59,), (4.0,), (59,), (4.75,))

29.    ((-2, -2, (3, 2), -7), (1.5, 1.0, (0.0, 0.5), 2.0)):
('K.160 Musescore', 'P1', 3, (298, 302), (53,), (2.0,), (54,), (1.0,))
('K.160 Musescore', 'P1', 3, (303, 307), (55,), (2.0,), (56,), (1.0,))

30.    ((3, 3, 4), (0.25, 0.25, 0.25)):
('K.160 Musescore', 'P1', 1, (660, 663), (65,), (3.25,), (65,), (3.75,))
('K.160 Musescore', 'P1', 3, (60, 63), (10,), (1.0,), (10,), (1.5,))
('K.160 Musescore', 'P1', 3, (63, 66), (10,), (1.75,), (10,), (2.25,))
('K.160 Musescore', 'P1', 3, (69, 72), (11,), (1.0,), (11,), (1.5,))
('K.160 Musescore', 'P1', 3, (72, 75), (11,), (1.75,), (11,), (2.25,))
('K.160 Musescore', 'P1', 3, (78, 81), (12,), (1.0,), (12,), (1.5,))
('K.160 Musescore', 'P1', 3, (81, 84), (12,), (1.75,), (12,), (2.25,))
('K.160 Musescore', 'P1', 3, (110, 113), (22,), (1.0,), (22,), (1.5,))
('K.160 Musescore', 'P1', 3, (113, 116), (22,), (1.75,), (22,), (2.25,))
('K.160 Musescore', 'P1', 3, (119, 122), (23,), (1.0,), (23,), (1.5,))
('K.160 Musescore', 'P1', 3, (122, 125), (23,), (1.75,), (23,), (2.25,))
('K.160 Musescore', 'P1', 3, (279, 282), (50,), (1.0,), (50,), (1.5,))
('K.160 Musescore', 'P1', 3, (282, 285), (50,), (1.75,), (50,), (2.25,))
('K.160 Musescore', 'P1', 3, (288, 291), (51,), (1.0,), (51,), (1.5,))
('K.160 Musescore', 'P1', 3, (291, 294), (51,), (1.75,), (51,), (2.25,))
('K.160 Musescore', 'P1', 3, (309, 312), (57,), (3.0,), (57,), (3.5,))
('K.160 Musescore', 'P1', 3, (312, 315), (57,), (3.75,), (57,), (4.25,))
('K.160 Musescore', 'P1', 3, (318, 321), (58,), (3.0,), (58,), (3.5,))
('K.160 Musescore', 'P1', 3, (321, 324), (58,), (3.75,), (58,), (4.25,))

31.    ((-4, 2, 2), (0.25, 0.25, 0.25)):
('K.160 Musescore', 'P1', 1, (231, 234), (25,), (4.75,), (26,), (1.25,))
('K.160 Musescore', 'P1', 1, (262, 265), (27,), (4.75,), (28,), (1.25,))
('K.160 Musescore', 'P1', 3, (46, 49), (8,), (4.0,), (8,), (4.5,))
('K.160 Musescore', 'P1', 3, (51, 54), (9,), (2.0,), (9,), (2.5,))
('K.160 Musescore', 'P1', 3, (56, 59), (9,), (4.0,), (9,), (4.5,))

32.    ((3, -6, 3), (0.25, 0.25, 0.25)):
('K.160 Musescore', 'P1', 1, (564, 567), (59,), (3.0,), (59,), (3.5,))
('K.160 Musescore', 'P1', 1, (568, 571), (59,), (4.0,), (59,), (4.5,))
('K.160 Musescore', 'P1', 3, (226, 229), (45,), (3.5,), (45,), (4.0,))
('K.160 Musescore', 'P1', 3, (252, 255), (47,), (3.5,), (47,), (4.0,))

33.    ((-2, -2, 2), (0.5, 0.5, 0.5)):
('K.160 Musescore', 'P1', 4, (0, 3), (18,), (1.0,), (18,), (2.0,))
('K.160 Musescore', 'P1', 4, (4, 7), (20,), (3.0,), (20,), (4.0,))
('K.160 Musescore', 'P1', 4, (12, 15), (54,), (1.0,), (54,), (2.0,))
('K.160 Musescore', 'P1', 4, (16, 19), (56,), (1.0,), (56,), (2.0,))

34.    ((-4, -3, 3), (0.25, 0.25, 0.25)):
('K.160 Musescore', 'P1', 1, (24, 27), (4,), (1.0,), (4,), (1.5,))
('K.160 Musescore', 'P1', 1, (28, 31), (4,), (2.0,), (4,), (2.5,))

35.    ((3, 4, -8), (0.25, 0.25, 0.25)):
('K.160 Musescore', 'P1', 1, (209, 212), (24,), (3.0,), (24,), (3.5,))
('K.160 Musescore', 'P1', 1, (580, 583), (60,), (3.0,), (60,), (3.5,))

36.    ((-4, -3, -3), (0.25, 0.25, 0.25)):
('K.160 Musescore', 'P1', 1, (367, 370), (35,), (3.0,), (35,), (3.5,))
('K.160 Musescore', 'P1', 1, (502, 505), (51,), (4.25,), (51,), (4.75,))

37.    ((-5, (8, 5), -5), (0.5, (0.0, 1.5), 0.5)):
('K.160 Musescore', 'P1', 3, (344, 347), (65,), (2.5,), (65,), (4.5,))
('K.160 Musescore', 'P1', 3, (350, 353), (66,), (4.5,), (67,), (2.5,))

38.    ((-2, 2), (0.25, 0.25)):
('K.160 Musescore', 'P1', 1, (10, 12), (2,), (2.5,), (2,), (2.75,))
('K.160 Musescore', 'P1', 1, (22, 24), (3,), (4.5,), (3,), (4.75,))
('K.160 Musescore', 'P1', 1, (115, 117), (13,), (4.25,), (13,), (4.5,))
('K.160 Musescore', 'P1', 1, (117, 119), (13,), (4.75,), (14,), (1.0,))
('K.160 Musescore', 'P1', 1, (239, 241), (26,), (2.75,), (26,), (3.0,))
('K.160 Musescore', 'P1', 1, (270, 272), (28,), (2.75,), (28,), (3.0,))
('K.160 Musescore', 'P1', 1, (349, 351), (34,), (2.5,), (34,), (2.75,))
('K.160 Musescore', 'P1', 1, (357, 359), (34,), (4.5,), (34,), (4.75,))
('K.160 Musescore', 'P1', 1, (365, 367), (35,), (2.5,), (35,), (2.75,))
('K.160 Musescore', 'P1', 1, (403, 405), (39,), (4.5,), (39,), (4.75,))
('K.160 Musescore', 'P1', 1, (411, 413), (40,), (2.5,), (40,), (2.75,))
('K.160 Musescore', 'P1', 1, (419, 421), (40,), (4.5,), (40,), (4.75,))
('K.160 Musescore', 'P1', 1, (437, 439), (43,), (2.5,), (43,), (2.75,))
('K.160 Musescore', 'P1', 1, (486, 488), (49,), (4.25,), (49,), (4.5,))
('K.160 Musescore', 'P1', 1, (577, 579), (60,), (2.25,), (60,), (2.5,))
('K.160 Musescore', 'P1', 1, (610, 612), (62,), (2.75,), (62,), (3.0,))
('K.160 Musescore', 'P1', 1, (641, 643), (64,), (2.75,), (64,), (3.0,))
('K.160 Musescore', 'P1', 2, (22, 24), (35,), (4.5,), (35,), (4.75,))
('K.160 Musescore', 'P1', 2, (24, 26), (36,), (1.0,), (36,), (1.25,))
('K.160 Musescore', 'P1', 2, (26, 28), (36,), (1.5,), (36,), (1.75,))
('K.160 Musescore', 'P1', 2, (28, 30), (36,), (2.0,), (36,), (2.25,))
('K.160 Musescore', 'P1', 2, (30, 32), (36,), (2.5,), (36,), (2.75,))
('K.160 Musescore', 'P1', 2, (32, 34), (36,), (3.0,), (36,), (3.25,))
('K.160 Musescore', 'P1', 2, (34, 36), (36,), (3.5,), (36,), (3.75,))
('K.160 Musescore', 'P1', 2, (36, 38), (36,), (4.0,), (36,), (4.25,))
('K.160 Musescore', 'P1', 2, (46, 48), (41,), (1.5,), (41,), (1.75,))
('K.160 Musescore', 'P1', 2, (48, 50), (41,), (2.0,), (41,), (2.25,))
('K.160 Musescore', 'P1', 2, (50, 52), (41,), (2.5,), (41,), (2.75,))
('K.160 Musescore', 'P1', 2, (52, 54), (41,), (3.0,), (41,), (3.25,))
('K.160 Musescore', 'P1', 2, (54, 56), (41,), (3.5,), (41,), (3.75,))
('K.160 Musescore', 'P1', 2, (56, 58), (41,), (4.0,), (41,), (4.25,))
('K.160 Musescore', 'P1', 2, (58, 60), (41,), (4.5,), (41,), (4.75,))
('K.160 Musescore', 'P1', 2, (60, 62), (42,), (1.0,), (42,), (1.25,))
('K.160 Musescore', 'P1', 2, (62, 64), (42,), (1.5,), (42,), (1.75,))
('K.160 Musescore', 'P1', 2, (64, 66), (42,), (2.0,), (42,), (2.25,))
('K.160 Musescore', 'P1', 3, (177, 179), (38,), (1.5,), (38,), (1.75,))

39.    ((-3, -3), (0.25, 0.25)):
('K.160 Musescore', 'P1', 1, (62, 64), (8,), (3.5,), (8,), (3.75,))
('K.160 Musescore', 'P1', 1, (69, 71), (9,), (1.5,), (9,), (1.75,))
('K.160 Musescore', 'P1', 1, (76, 78), (9,), (3.5,), (9,), (3.75,))
('K.160 Musescore', 'P1', 1, (85, 87), (10,), (3.5,), (10,), (3.75,))
('K.160 Musescore', 'P1', 1, (95, 97), (11,), (3.5,), (11,), (3.75,))
('K.160 Musescore', 'P1', 1, (102, 104), (12,), (3.0,), (12,), (3.25,))
('K.160 Musescore', 'P1', 1, (105, 107), (12,), (3.75,), (12,), (4.0,))
('K.160 Musescore', 'P1', 1, (176, 178), (21,), (3.0,), (21,), (3.25,))
('K.160 Musescore', 'P1', 1, (179, 181), (21,), (3.75,), (21,), (4.0,))
('K.160 Musescore', 'P1', 1, (185, 187), (22,), (3.0,), (22,), (3.25,))
('K.160 Musescore', 'P1', 1, (188, 190), (22,), (3.75,), (22,), (4.0,))
('K.160 Musescore', 'P1', 1, (196, 198), (23,), (3.75,), (23,), (4.0,))
('K.160 Musescore', 'P1', 1, (202, 204), (24,), (1.25,), (24,), (1.5,))
('K.160 Musescore', 'P1', 1, (204, 206), (24,), (1.75,), (24,), (2.0,))
('K.160 Musescore', 'P1', 1, (280, 282), (29,), (1.25,), (29,), (1.5,))
('K.160 Musescore', 'P1', 1, (295, 297), (30,), (1.0,), (30,), (1.25,))
('K.160 Musescore', 'P1', 1, (304, 306), (30,), (3.25,), (30,), (3.5,))
('K.160 Musescore', 'P1', 1, (320, 322), (31,), (3.25,), (31,), (3.5,))
('K.160 Musescore', 'P1', 1, (343, 345), (34,), (1.0,), (34,), (1.25,))
('K.160 Musescore', 'P1', 1, (368, 370), (35,), (3.25,), (35,), (3.5,))
('K.160 Musescore', 'P1', 1, (397, 399), (39,), (3.0,), (39,), (3.25,))
('K.160 Musescore', 'P1', 1, (492, 494), (50,), (3.75,), (50,), (4.0,))
('K.160 Musescore', 'P1', 1, (503, 505), (51,), (4.5,), (51,), (4.75,))
('K.160 Musescore', 'P1', 1, (506, 508), (52,), (1.25,), (52,), (1.5,))
('K.160 Musescore', 'P1', 1, (509, 511), (52,), (2.0,), (52,), (2.25,))
('K.160 Musescore', 'P1', 1, (539, 541), (57,), (1.75,), (57,), (2.0,))
('K.160 Musescore', 'P1', 1, (548, 550), (58,), (1.5,), (58,), (1.75,))
('K.160 Musescore', 'P1', 1, (558, 560), (59,), (1.5,), (59,), (1.75,))
('K.160 Musescore', 'P1', 1, (675, 677), (66,), (3.0,), (66,), (3.25,))
('K.160 Musescore', 'P1', 1, (684, 686), (67,), (1.25,), (67,), (1.5,))
('K.160 Musescore', 'P1', 3, (1, 3), (1,), (2.25,), (1,), (2.5,))
('K.160 Musescore', 'P1', 3, (5, 7), (1,), (4.25,), (1,), (4.5,))
('K.160 Musescore', 'P1', 3, (11, 13), (2,), (4.25,), (2,), (4.5,))
('K.160 Musescore', 'P1', 3, (15, 17), (3,), (2.25,), (3,), (2.5,))

40.    ((3, -5), (0.25, 0.25)):
('K.160 Musescore', 'P1', 1, (26, 28), (4,), (1.5,), (4,), (1.75,))
('K.160 Musescore', 'P1', 3, (198, 200), (43,), (3.0,), (43,), (3.25,))
('K.160 Musescore', 'P1', 3, (200, 202), (43,), (3.5,), (43,), (3.75,))
('K.160 Musescore', 'P1', 3, (202, 204), (43,), (4.0,), (43,), (4.25,))
('K.160 Musescore', 'P1', 3, (204, 206), (43,), (4.5,), (43,), (4.75,))
('K.160 Musescore', 'P1', 3, (206, 208), (44,), (1.0,), (44,), (1.25,))
('K.160 Musescore', 'P1', 3, (208, 210), (44,), (1.5,), (44,), (1.75,))
('K.160 Musescore', 'P1', 3, (211, 213), (44,), (3.0,), (44,), (3.25,))
('K.160 Musescore', 'P1', 3, (213, 215), (44,), (3.5,), (44,), (3.75,))
('K.160 Musescore', 'P1', 3, (215, 217), (44,), (4.0,), (44,), (4.25,))
('K.160 Musescore', 'P1', 3, (217, 219), (44,), (4.5,), (44,), (4.75,))
('K.160 Musescore', 'P1', 3, (219, 221), (45,), (1.0,), (45,), (1.25,))
('K.160 Musescore', 'P1', 3, (221, 223), (45,), (1.5,), (45,), (1.75,))
('K.160 Musescore', 'P1', 3, (224, 226), (45,), (3.0,), (45,), (3.25,))
('K.160 Musescore', 'P1', 3, (230, 232), (45,), (4.5,), (45,), (4.75,))
('K.160 Musescore', 'P1', 3, (232, 234), (46,), (1.0,), (46,), (1.25,))
('K.160 Musescore', 'P1', 3, (234, 236), (46,), (1.5,), (46,), (1.75,))
('K.160 Musescore', 'P1', 3, (237, 239), (46,), (3.0,), (46,), (3.25,))
('K.160 Musescore', 'P1', 3, (239, 241), (46,), (3.5,), (46,), (3.75,))
('K.160 Musescore', 'P1', 3, (241, 243), (46,), (4.0,), (46,), (4.25,))
('K.160 Musescore', 'P1', 3, (243, 245), (46,), (4.5,), (46,), (4.75,))
('K.160 Musescore', 'P1', 3, (245, 247), (47,), (1.0,), (47,), (1.25,))
('K.160 Musescore', 'P1', 3, (247, 249), (47,), (1.5,), (47,), (1.75,))
('K.160 Musescore', 'P1', 3, (250, 252), (47,), (3.0,), (47,), (3.25,))
('K.160 Musescore', 'P1', 3, (256, 258), (47,), (4.5,), (47,), (4.75,))
('K.160 Musescore', 'P1', 3, (258, 260), (48,), (1.0,), (48,), (1.25,))
('K.160 Musescore', 'P1', 3, (260, 262), (48,), (1.5,), (48,), (1.75,))
('K.160 Musescore', 'P1', 3, (263, 265), (48,), (3.0,), (48,), (3.25,))
('K.160 Musescore', 'P1', 3, (265, 267), (48,), (3.5,), (48,), (3.75,))
('K.160 Musescore', 'P1', 3, (267, 269), (48,), (4.0,), (48,), (4.25,))
('K.160 Musescore', 'P1', 3, (269, 271), (48,), (4.5,), (48,), (4.75,))
('K.160 Musescore', 'P1', 3, (271, 273), (49,), (1.0,), (49,), (1.25,))
('K.160 Musescore', 'P1', 3, (273, 275), (49,), (1.5,), (49,), (1.75,))

41.    ((4, 3), (0.25, 0.25)):
('K.160 Musescore', 'P1', 2, (0, 2), (13,), (2.0,), (13,), (2.25,))
('K.160 Musescore', 'P1', 3, (62, 64), (10,), (1.5,), (10,), (1.75,))
('K.160 Musescore', 'P1', 3, (65, 67), (10,), (2.25,), (10,), (2.5,))
('K.160 Musescore', 'P1', 3, (71, 73), (11,), (1.5,), (11,), (1.75,))
('K.160 Musescore', 'P1', 3, (74, 76), (11,), (2.25,), (11,), (2.5,))
('K.160 Musescore', 'P1', 3, (80, 82), (12,), (1.5,), (12,), (1.75,))
('K.160 Musescore', 'P1', 3, (83, 85), (12,), (2.25,), (12,), (2.5,))
('K.160 Musescore', 'P1', 3, (88, 90), (13,), (1.25,), (13,), (1.5,))
('K.160 Musescore', 'P1', 3, (112, 114), (22,), (1.5,), (22,), (1.75,))
('K.160 Musescore', 'P1', 3, (115, 117), (22,), (2.25,), (22,), (2.5,))
('K.160 Musescore', 'P1', 3, (121, 123), (23,), (1.5,), (23,), (1.75,))
('K.160 Musescore', 'P1', 3, (124, 126), (23,), (2.25,), (23,), (2.5,))
('K.160 Musescore', 'P1', 3, (281, 283), (50,), (1.5,), (50,), (1.75,))
('K.160 Musescore', 'P1', 3, (284, 286), (50,), (2.25,), (50,), (2.5,))
('K.160 Musescore', 'P1', 3, (290, 292), (51,), (1.5,), (51,), (1.75,))
('K.160 Musescore', 'P1', 3, (293, 295), (51,), (2.25,), (51,), (2.5,))
('K.160 Musescore', 'P1', 3, (311, 313), (57,), (3.5,), (57,), (3.75,))
('K.160 Musescore', 'P1', 3, (314, 316), (57,), (4.25,), (57,), (4.5,))
('K.160 Musescore', 'P1', 3, (320, 322), (58,), (3.5,), (58,), (3.75,))
('K.160 Musescore', 'P1', 3, (323, 325), (58,), (4.25,), (58,), (4.5,))

42.    ((-2, -2), (0.5, 0.5)):
('K.160 Musescore', 'P1', 1, (151, 153), (17,), (2.0,), (17,), (2.5,))
('K.160 Musescore', 'P1', 1, (157, 159), (18,), (1.5,), (18,), (2.0,))
('K.160 Musescore', 'P1', 1, (165, 167), (19,), (4.0,), (19,), (4.5,))
('K.160 Musescore', 'P1', 1, (171, 173), (20,), (3.5,), (20,), (4.0,))
('K.160 Musescore', 'P1', 1, (384, 386), (37,), (4.0,), (37,), (4.5,))
('K.160 Musescore', 'P1', 1, (516, 518), (53,), (2.0,), (53,), (2.5,))
('K.160 Musescore', 'P1', 1, (528, 530), (55,), (2.0,), (55,), (2.5,))
('K.160 Musescore', 'P1', 3, (25, 27), (5,), (2.0,), (5,), (2.5,))
('K.160 Musescore', 'P1', 3, (31, 33), (6,), (2.0,), (6,), (2.5,))
('K.160 Musescore', 'P1', 3, (37, 39), (7,), (2.0,), (7,), (2.5,))
('K.160 Musescore', 'P1', 3, (43, 45), (8,), (2.0,), (8,), (2.5,))
('K.160 Musescore', 'P1', 3, (162, 164), (33,), (4.0,), (33,), (4.5,))
('K.160 Musescore', 'P1', 3, (275, 277), (49,), (2.0,), (49,), (2.5,))
('K.160 Musescore', 'P1', 4, (0, 2), (18,), (1.0,), (18,), (1.5,))
('K.160 Musescore', 'P1', 4, (4, 6), (20,), (3.0,), (20,), (3.5,))
('K.160 Musescore', 'P1', 4, (12, 14), (54,), (1.0,), (54,), (1.5,))
('K.160 Musescore', 'P1', 4, (16, 18), (56,), (1.0,), (56,), (1.5,))

43.    ((2, 2), (0.25, 0.25)):
('K.160 Musescore', 'P1', 1, (232, 234), (26,), (1.0,), (26,), (1.25,))
('K.160 Musescore', 'P1', 1, (234, 236), (26,), (1.5,), (26,), (1.75,))
('K.160 Musescore', 'P1', 1, (263, 265), (28,), (1.0,), (28,), (1.25,))
('K.160 Musescore', 'P1', 1, (265, 267), (28,), (1.5,), (28,), (1.75,))
('K.160 Musescore', 'P1', 1, (603, 605), (62,), (1.0,), (62,), (1.25,))
('K.160 Musescore', 'P1', 1, (605, 607), (62,), (1.5,), (62,), (1.75,))
('K.160 Musescore', 'P1', 1, (634, 636), (64,), (1.0,), (64,), (1.25,))
('K.160 Musescore', 'P1', 1, (636, 638), (64,), (1.5,), (64,), (1.75,))
('K.160 Musescore', 'P1', 2, (44, 46), (41,), (1.0,), (41,), (1.25,))
('K.160 Musescore', 'P1', 3, (47, 49), (8,), (4.25,), (8,), (4.5,))
('K.160 Musescore', 'P1', 3, (52, 54), (9,), (2.25,), (9,), (2.5,))
('K.160 Musescore', 'P1', 3, (57, 59), (9,), (4.25,), (9,), (4.5,))

44.    ((-2, 2), (0.5, 0.5)):
('K.160 Musescore', 'P1', 1, (373, 375), (36,), (1.5,), (36,), (2.0,))
('K.160 Musescore', 'P1', 1, (375, 377), (36,), (2.5,), (36,), (3.0,))
('K.160 Musescore', 'P1', 1, (422, 424), (41,), (2.5,), (41,), (3.0,))
('K.160 Musescore', 'P1', 1, (424, 426), (41,), (3.5,), (41,), (4.0,))
('K.160 Musescore', 'P1', 1, (426, 428), (41,), (4.5,), (42,), (1.0,))
('K.160 Musescore', 'P1', 4, (1, 3), (18,), (1.5,), (18,), (2.0,))
('K.160 Musescore', 'P1', 4, (5, 7), (20,), (3.5,), (20,), (4.0,))
('K.160 Musescore', 'P1', 4, (13, 15), (54,), (1.5,), (54,), (2.0,))
('K.160 Musescore', 'P1', 4, (17, 19), (56,), (1.5,), (56,), (2.0,))

45.    ((-2, -2), (1.0, 1.0)):
('K.160 Musescore', 'P1', 1, (519, 521), (53,), (3.5,), (53,), (4.5,))
('K.160 Musescore', 'P1', 1, (531, 533), (55,), (3.5,), (55,), (4.5,))
('K.160 Musescore', 'P1', 2, (70, 72), (54,), (1.0,), (54,), (2.0,))
('K.160 Musescore', 'P1', 2, (76, 78), (56,), (1.0,), (56,), (2.0,))
('K.160 Musescore', 'P1', 3, (129, 131), (24,), (3.0,), (24,), (4.0,))
('K.160 Musescore', 'P1', 3, (331, 333), (60,), (3.0,), (60,), (4.0,))
('K.160 Musescore', 'P1', 3, (336, 338), (62,), (3.0,), (62,), (4.0,))

46.    ((-5, 2), (0.25, 0.25)):
('K.160 Musescore', 'P1', 1, (229, 231), (25,), (4.25,), (25,), (4.5,))
('K.160 Musescore', 'P1', 1, (260, 262), (27,), (4.25,), (27,), (4.5,))
('K.160 Musescore', 'P1', 1, (600, 602), (61,), (4.25,), (61,), (4.5,))
('K.160 Musescore', 'P1', 1, (631, 633), (63,), (4.25,), (63,), (4.5,))
('K.160 Musescore', 'P1', 2, (20, 22), (35,), (4.0,), (35,), (4.25,))

47.    ((2, 2), (0.5, 0.5)):
('K.160 Musescore', 'P1', 1, (376, 378), (36,), (3.0,), (36,), (3.5,))
('K.160 Musescore', 'P1', 1, (427, 429), (42,), (1.0,), (42,), (1.5,))
('K.160 Musescore', 'P1', 2, (40, 42), (38,), (2.0,), (38,), (2.5,))

48.    ((2, 4), (0.5, 0.5)):
('K.160 Musescore', 'P1', 1, (523, 525), (54,), (4.0,), (54,), (4.5,))
('K.160 Musescore', 'P1', 2, (4, 6), (17,), (4.0,), (17,), (4.5,))
('K.160 Musescore', 'P1', 2, (11, 13), (20,), (2.0,), (20,), (2.5,))

49.    ((3, 4), (0.25, 0.25)):
('K.160 Musescore', 'P1', 1, (209, 211), (24,), (3.0,), (24,), (3.25,))
('K.160 Musescore', 'P1', 1, (580, 582), (60,), (3.0,), (60,), (3.25,))
('K.160 Musescore', 'P1', 3, (87, 89), (13,), (1.0,), (13,), (1.25,))

50.    ((3, -3), (0.25, 0.25)):
('K.160 Musescore', 'P1', 1, (201, 203), (24,), (1.0,), (24,), (1.25,))
('K.160 Musescore', 'P1', 2, (1, 3), (13,), (2.25,), (13,), (2.5,))

51.    ((1, (6, 2)), (3.0, (0.0, 1.0))):
('K.160 Musescore', 'P1', 3, (133, 135), (25,), (3.0,), (26,), (2.0,))
('K.160 Musescore', 'P1', 3, (138, 140), (27,), (3.0,), (28,), (2.0,))

52.    (((7, 1), (4, 3, 1)), ((0.0, 2.0), (0.0, 0.0, 2.0))):
('K.160 Musescore', 'P1', 3, (164, 166), (34,), (1.0,), (34,), (3.0,))
('K.160 Musescore', 'P1', 3, (184, 186), (39,), (3.0,), (40,), (1.0,))

53.    ((-2,), (0.25,)):
('K.160 Musescore', 'P1', 1, (6, 7), (2,), (1.5,), (2,), (1.5,))
('K.160 Musescore', 'P1', 1, (8, 9), (2,), (2.0,), (2,), (2.0,))
('K.160 Musescore', 'P1', 1, (9, 10), (2,), (2.25,), (2,), (2.25,))
('K.160 Musescore', 'P1', 1, (18, 19), (3,), (3.5,), (3,), (3.5,))
('K.160 Musescore', 'P1', 1, (20, 21), (3,), (4.0,), (3,), (4.0,))
('K.160 Musescore', 'P1', 1, (21, 22), (3,), (4.25,), (3,), (4.25,))
('K.160 Musescore', 'P1', 1, (33, 34), (4,), (3.5,), (4,), (3.5,))
('K.160 Musescore', 'P1', 1, (34, 35), (4,), (3.75,), (4,), (3.75,))
('K.160 Musescore', 'P1', 1, (40, 41), (5,), (3.5,), (5,), (3.5,))
('K.160 Musescore', 'P1', 1, (41, 42), (5,), (3.75,), (5,), (3.75,))
('K.160 Musescore', 'P1', 1, (47, 48), (6,), (3.5,), (6,), (3.5,))
('K.160 Musescore', 'P1', 1, (48, 49), (6,), (3.75,), (6,), (3.75,))
('K.160 Musescore', 'P1', 1, (54, 55), (7,), (3.5,), (7,), (3.5,))
('K.160 Musescore', 'P1', 1, (55, 56), (7,), (3.75,), (7,), (3.75,))
('K.160 Musescore', 'P1', 1, (80, 81), (9,), (4.75,), (9,), (4.75,))
('K.160 Musescore', 'P1', 1, (84, 85), (10,), (3.25,), (10,), (3.25,))
('K.160 Musescore', 'P1', 1, (90, 91), (10,), (4.75,), (10,), (4.75,))
('K.160 Musescore', 'P1', 1, (94, 95), (11,), (3.25,), (11,), (3.25,))
('K.160 Musescore', 'P1', 1, (100, 101), (11,), (4.75,), (11,), (4.75,))
('K.160 Musescore', 'P1', 1, (112, 113), (13,), (3.5,), (13,), (3.5,))
('K.160 Musescore', 'P1', 1, (113, 114), (13,), (3.75,), (13,), (3.75,))
('K.160 Musescore', 'P1', 1, (114, 115), (13,), (4.0,), (13,), (4.0,))
('K.160 Musescore', 'P1', 1, (121, 122), (14,), (1.75,), (14,), (1.75,))
('K.160 Musescore', 'P1', 1, (123, 124), (14,), (2.25,), (14,), (2.25,))
('K.160 Musescore', 'P1', 1, (125, 126), (14,), (2.75,), (14,), (2.75,))
('K.160 Musescore', 'P1', 1, (127, 128), (14,), (3.25,), (14,), (3.25,))
('K.160 Musescore', 'P1', 1, (129, 130), (14,), (3.75,), (14,), (3.75,))
('K.160 Musescore', 'P1', 1, (131, 132), (14,), (4.25,), (14,), (4.25,))
('K.160 Musescore', 'P1', 1, (133, 134), (14,), (4.75,), (14,), (4.75,))
('K.160 Musescore', 'P1', 1, (135, 136), (15,), (1.25,), (15,), (1.25,))
('K.160 Musescore', 'P1', 1, (137, 138), (15,), (1.75,), (15,), (1.75,))
('K.160 Musescore', 'P1', 1, (139, 140), (15,), (2.25,), (15,), (2.25,))
('K.160 Musescore', 'P1', 1, (141, 142), (15,), (2.75,), (15,), (2.75,))
('K.160 Musescore', 'P1', 1, (143, 144), (15,), (3.25,), (15,), (3.25,))
('K.160 Musescore', 'P1', 1, (145, 146), (15,), (3.75,), (15,), (3.75,))
('K.160 Musescore', 'P1', 1, (149, 150), (17,), (1.5,), (17,), (1.5,))
('K.160 Musescore', 'P1', 1, (150, 151), (17,), (1.75,), (17,), (1.75,))
('K.160 Musescore', 'P1', 1, (163, 164), (19,), (3.5,), (19,), (3.5,))
('K.160 Musescore', 'P1', 1, (164, 165), (19,), (3.75,), (19,), (3.75,))
('K.160 Musescore', 'P1', 1, (183, 184), (21,), (4.75,), (21,), (4.75,))
('K.160 Musescore', 'P1', 1, (192, 193), (22,), (4.75,), (22,), (4.75,))
('K.160 Musescore', 'P1', 1, (208, 209), (24,), (2.75,), (24,), (2.75,))
('K.160 Musescore', 'P1', 1, (217, 218), (25,), (1.25,), (25,), (1.25,))
('K.160 Musescore', 'P1', 1, (218, 219), (25,), (1.5,), (25,), (1.5,))
('K.160 Musescore', 'P1', 1, (219, 220), (25,), (1.75,), (25,), (1.75,))
('K.160 Musescore', 'P1', 1, (220, 221), (25,), (2.0,), (25,), (2.0,))
('K.160 Musescore', 'P1', 1, (221, 222), (25,), (2.25,), (25,), (2.25,))
('K.160 Musescore', 'P1', 1, (222, 223), (25,), (2.5,), (25,), (2.5,))
('K.160 Musescore', 'P1', 1, (237, 238), (26,), (2.25,), (26,), (2.25,))
('K.160 Musescore', 'P1', 1, (238, 239), (26,), (2.5,), (26,), (2.5,))
('K.160 Musescore', 'P1', 1, (248, 249), (27,), (1.25,), (27,), (1.25,))
('K.160 Musescore', 'P1', 1, (249, 250), (27,), (1.5,), (27,), (1.5,))
('K.160 Musescore', 'P1', 1, (250, 251), (27,), (1.75,), (27,), (1.75,))
('K.160 Musescore', 'P1', 1, (251, 252), (27,), (2.0,), (27,), (2.0,))
('K.160 Musescore', 'P1', 1, (252, 253), (27,), (2.25,), (27,), (2.25,))
('K.160 Musescore', 'P1', 1, (253, 254), (27,), (2.5,), (27,), (2.5,))
('K.160 Musescore', 'P1', 1, (268, 269), (28,), (2.25,), (28,), (2.25,))
('K.160 Musescore', 'P1', 1, (269, 270), (28,), (2.5,), (28,), (2.5,))
('K.160 Musescore', 'P1', 1, (292, 293), (29,), (4.25,), (29,), (4.25,))
('K.160 Musescore', 'P1', 1, (300, 301), (30,), (2.25,), (30,), (2.25,))
('K.160 Musescore', 'P1', 1, (316, 317), (31,), (2.25,), (31,), (2.25,))
('K.160 Musescore', 'P1', 1, (337, 338), (33,), (1.5,), (33,), (1.5,))
('K.160 Musescore', 'P1', 1, (338, 339), (33,), (1.75,), (33,), (1.75,))
('K.160 Musescore', 'P1', 1, (347, 348), (34,), (2.0,), (34,), (2.0,))
('K.160 Musescore', 'P1', 1, (355, 356), (34,), (4.0,), (34,), (4.0,))
('K.160 Musescore', 'P1', 1, (360, 361), (35,), (1.25,), (35,), (1.25,))
('K.160 Musescore', 'P1', 1, (363, 364), (35,), (2.0,), (35,), (2.0,))
('K.160 Musescore', 'P1', 1, (382, 383), (37,), (3.5,), (37,), (3.5,))
('K.160 Musescore', 'P1', 1, (383, 384), (37,), (3.75,), (37,), (3.75,))
('K.160 Musescore', 'P1', 1, (388, 389), (38,), (3.5,), (38,), (3.5,))
('K.160 Musescore', 'P1', 1, (389, 390), (38,), (3.75,), (38,), (3.75,))
('K.160 Musescore', 'P1', 1, (393, 394), (39,), (1.5,), (39,), (1.5,))
('K.160 Musescore', 'P1', 1, (394, 395), (39,), (1.75,), (39,), (1.75,))
('K.160 Musescore', 'P1', 1, (401, 402), (39,), (4.0,), (39,), (4.0,))
('K.160 Musescore', 'P1', 1, (409, 410), (40,), (2.0,), (40,), (2.0,))
('K.160 Musescore', 'P1', 1, (414, 415), (40,), (3.25,), (40,), (3.25,))
('K.160 Musescore', 'P1', 1, (417, 418), (40,), (4.0,), (40,), (4.0,))
('K.160 Musescore', 'P1', 1, (434, 435), (43,), (1.75,), (43,), (1.75,))
('K.160 Musescore', 'P1', 1, (435, 436), (43,), (2.0,), (43,), (2.0,))
('K.160 Musescore', 'P1', 1, (436, 437), (43,), (2.25,), (43,), (2.25,))
('K.160 Musescore', 'P1', 1, (444, 445), (44,), (2.5,), (44,), (2.5,))
('K.160 Musescore', 'P1', 1, (445, 446), (44,), (2.75,), (44,), (2.75,))
('K.160 Musescore', 'P1', 1, (451, 452), (45,), (2.5,), (45,), (2.5,))
('K.160 Musescore', 'P1', 1, (452, 453), (45,), (2.75,), (45,), (2.75,))
('K.160 Musescore', 'P1', 1, (458, 459), (46,), (2.5,), (46,), (2.5,))
('K.160 Musescore', 'P1', 1, (459, 460), (46,), (2.75,), (46,), (2.75,))
('K.160 Musescore', 'P1', 1, (465, 466), (47,), (2.5,), (47,), (2.5,))
('K.160 Musescore', 'P1', 1, (466, 467), (47,), (2.75,), (47,), (2.75,))
('K.160 Musescore', 'P1', 1, (472, 473), (48,), (2.5,), (48,), (2.5,))
('K.160 Musescore', 'P1', 1, (473, 474), (48,), (2.75,), (48,), (2.75,))
('K.160 Musescore', 'P1', 1, (479, 480), (49,), (2.5,), (49,), (2.5,))
('K.160 Musescore', 'P1', 1, (480, 481), (49,), (2.75,), (49,), (2.75,))
('K.160 Musescore', 'P1', 1, (482, 483), (49,), (3.25,), (49,), (3.25,))
('K.160 Musescore', 'P1', 1, (483, 484), (49,), (3.5,), (49,), (3.5,))
('K.160 Musescore', 'P1', 1, (484, 485), (49,), (3.75,), (49,), (3.75,))
('K.160 Musescore', 'P1', 1, (485, 486), (49,), (4.0,), (49,), (4.0,))
('K.160 Musescore', 'P1', 1, (514, 515), (53,), (1.5,), (53,), (1.5,))
('K.160 Musescore', 'P1', 1, (515, 516), (53,), (1.75,), (53,), (1.75,))
('K.160 Musescore', 'P1', 1, (526, 527), (55,), (1.5,), (55,), (1.5,))
('K.160 Musescore', 'P1', 1, (527, 528), (55,), (1.75,), (55,), (1.75,))
('K.160 Musescore', 'P1', 1, (538, 539), (57,), (1.5,), (57,), (1.5,))
('K.160 Musescore', 'P1', 1, (543, 544), (57,), (2.75,), (57,), (2.75,))
('K.160 Musescore', 'P1', 1, (553, 554), (58,), (2.75,), (58,), (2.75,))
('K.160 Musescore', 'P1', 1, (557, 558), (59,), (1.25,), (59,), (1.25,))
('K.160 Musescore', 'P1', 1, (567, 568), (59,), (3.75,), (59,), (3.75,))
('K.160 Musescore', 'P1', 1, (571, 572), (59,), (4.75,), (59,), (4.75,))
('K.160 Musescore', 'P1', 1, (573, 574), (60,), (1.25,), (60,), (1.25,))
('K.160 Musescore', 'P1', 1, (574, 575), (60,), (1.5,), (60,), (1.5,))
('K.160 Musescore', 'P1', 1, (575, 576), (60,), (1.75,), (60,), (1.75,))
('K.160 Musescore', 'P1', 1, (576, 577), (60,), (2.0,), (60,), (2.0,))
('K.160 Musescore', 'P1', 1, (588, 589), (61,), (1.25,), (61,), (1.25,))
('K.160 Musescore', 'P1', 1, (589, 590), (61,), (1.5,), (61,), (1.5,))
('K.160 Musescore', 'P1', 1, (590, 591), (61,), (1.75,), (61,), (1.75,))
('K.160 Musescore', 'P1', 1, (591, 592), (61,), (2.0,), (61,), (2.0,))
('K.160 Musescore', 'P1', 1, (592, 593), (61,), (2.25,), (61,), (2.25,))
('K.160 Musescore', 'P1', 1, (593, 594), (61,), (2.5,), (61,), (2.5,))
('K.160 Musescore', 'P1', 1, (608, 609), (62,), (2.25,), (62,), (2.25,))
('K.160 Musescore', 'P1', 1, (609, 610), (62,), (2.5,), (62,), (2.5,))
('K.160 Musescore', 'P1', 1, (619, 620), (63,), (1.25,), (63,), (1.25,))
('K.160 Musescore', 'P1', 1, (620, 621), (63,), (1.5,), (63,), (1.5,))
('K.160 Musescore', 'P1', 1, (621, 622), (63,), (1.75,), (63,), (1.75,))
('K.160 Musescore', 'P1', 1, (622, 623), (63,), (2.0,), (63,), (2.0,))
('K.160 Musescore', 'P1', 1, (623, 624), (63,), (2.25,), (63,), (2.25,))
('K.160 Musescore', 'P1', 1, (624, 625), (63,), (2.5,), (63,), (2.5,))
('K.160 Musescore', 'P1', 1, (639, 640), (64,), (2.25,), (64,), (2.25,))
('K.160 Musescore', 'P1', 1, (640, 641), (64,), (2.5,), (64,), (2.5,))
('K.160 Musescore', 'P1', 1, (656, 657), (65,), (2.25,), (65,), (2.25,))
('K.160 Musescore', 'P1', 1, (664, 665), (65,), (4.25,), (65,), (4.25,))
('K.160 Musescore', 'P1', 1, (672, 673), (66,), (2.25,), (66,), (2.25,))
('K.160 Musescore', 'P1', 1, (680, 681), (66,), (4.25,), (66,), (4.25,))
('K.160 Musescore', 'P1', 2, (38, 39), (36,), (4.5,), (36,), (4.5,))
('K.160 Musescore', 'P1', 2, (66, 67), (42,), (2.5,), (42,), (2.5,))
('K.160 Musescore', 'P1', 3, (23, 24), (5,), (1.5,), (5,), (1.5,))
('K.160 Musescore', 'P1', 3, (24, 25), (5,), (1.75,), (5,), (1.75,))
('K.160 Musescore', 'P1', 3, (29, 30), (6,), (1.5,), (6,), (1.5,))
('K.160 Musescore', 'P1', 3, (30, 31), (6,), (1.75,), (6,), (1.75,))
('K.160 Musescore', 'P1', 3, (35, 36), (7,), (1.5,), (7,), (1.5,))
('K.160 Musescore', 'P1', 3, (36, 37), (7,), (1.75,), (7,), (1.75,))
('K.160 Musescore', 'P1', 3, (41, 42), (8,), (1.5,), (8,), (1.5,))
('K.160 Musescore', 'P1', 3, (42, 43), (8,), (1.75,), (8,), (1.75,))
('K.160 Musescore', 'P1', 3, (160, 161), (33,), (3.5,), (33,), (3.5,))
('K.160 Musescore', 'P1', 3, (161, 162), (33,), (3.75,), (33,), (3.75,))

54.    ((-3,), (0.25,)):
('K.160 Musescore', 'P1', 1, (25, 26), (4,), (1.25,), (4,), (1.25,))
('K.160 Musescore', 'P1', 1, (29, 30), (4,), (2.25,), (4,), (2.25,))
('K.160 Musescore', 'P1', 1, (60, 61), (8,), (3.0,), (8,), (3.0,))
('K.160 Musescore', 'P1', 1, (62, 63), (8,), (3.5,), (8,), (3.5,))
('K.160 Musescore', 'P1', 1, (63, 64), (8,), (3.75,), (8,), (3.75,))
('K.160 Musescore', 'P1', 1, (65, 66), (8,), (4.5,), (8,), (4.5,))
('K.160 Musescore', 'P1', 1, (67, 68), (9,), (1.0,), (9,), (1.0,))
('K.160 Musescore', 'P1', 1, (69, 70), (9,), (1.5,), (9,), (1.5,))
('K.160 Musescore', 'P1', 1, (70, 71), (9,), (1.75,), (9,), (1.75,))
('K.160 Musescore', 'P1', 1, (72, 73), (9,), (2.5,), (9,), (2.5,))
('K.160 Musescore', 'P1', 1, (74, 75), (9,), (3.0,), (9,), (3.0,))
('K.160 Musescore', 'P1', 1, (76, 77), (9,), (3.5,), (9,), (3.5,))
('K.160 Musescore', 'P1', 1, (77, 78), (9,), (3.75,), (9,), (3.75,))
('K.160 Musescore', 'P1', 1, (79, 80), (9,), (4.5,), (9,), (4.5,))
('K.160 Musescore', 'P1', 1, (83, 84), (10,), (3.0,), (10,), (3.0,))
('K.160 Musescore', 'P1', 1, (85, 86), (10,), (3.5,), (10,), (3.5,))
('K.160 Musescore', 'P1', 1, (86, 87), (10,), (3.75,), (10,), (3.75,))
('K.160 Musescore', 'P1', 1, (87, 88), (10,), (4.0,), (10,), (4.0,))
('K.160 Musescore', 'P1', 1, (89, 90), (10,), (4.5,), (10,), (4.5,))
('K.160 Musescore', 'P1', 1, (93, 94), (11,), (3.0,), (11,), (3.0,))
('K.160 Musescore', 'P1', 1, (95, 96), (11,), (3.5,), (11,), (3.5,))
('K.160 Musescore', 'P1', 1, (96, 97), (11,), (3.75,), (11,), (3.75,))
('K.160 Musescore', 'P1', 1, (97, 98), (11,), (4.0,), (11,), (4.0,))
('K.160 Musescore', 'P1', 1, (99, 100), (11,), (4.5,), (11,), (4.5,))
('K.160 Musescore', 'P1', 1, (102, 103), (12,), (3.0,), (12,), (3.0,))
('K.160 Musescore', 'P1', 1, (103, 104), (12,), (3.25,), (12,), (3.25,))
('K.160 Musescore', 'P1', 1, (105, 106), (12,), (3.75,), (12,), (3.75,))
('K.160 Musescore', 'P1', 1, (106, 107), (12,), (4.0,), (12,), (4.0,))
('K.160 Musescore', 'P1', 1, (176, 177), (21,), (3.0,), (21,), (3.0,))
('K.160 Musescore', 'P1', 1, (177, 178), (21,), (3.25,), (21,), (3.25,))
('K.160 Musescore', 'P1', 1, (179, 180), (21,), (3.75,), (21,), (3.75,))
('K.160 Musescore', 'P1', 1, (180, 181), (21,), (4.0,), (21,), (4.0,))
('K.160 Musescore', 'P1', 1, (181, 182), (21,), (4.25,), (21,), (4.25,))
('K.160 Musescore', 'P1', 1, (185, 186), (22,), (3.0,), (22,), (3.0,))
('K.160 Musescore', 'P1', 1, (186, 187), (22,), (3.25,), (22,), (3.25,))
('K.160 Musescore', 'P1', 1, (188, 189), (22,), (3.75,), (22,), (3.75,))
('K.160 Musescore', 'P1', 1, (189, 190), (22,), (4.0,), (22,), (4.0,))
('K.160 Musescore', 'P1', 1, (190, 191), (22,), (4.25,), (22,), (4.25,))
('K.160 Musescore', 'P1', 1, (194, 195), (23,), (3.25,), (23,), (3.25,))
('K.160 Musescore', 'P1', 1, (196, 197), (23,), (3.75,), (23,), (3.75,))
('K.160 Musescore', 'P1', 1, (197, 198), (23,), (4.0,), (23,), (4.0,))
('K.160 Musescore', 'P1', 1, (202, 203), (24,), (1.25,), (24,), (1.25,))
('K.160 Musescore', 'P1', 1, (203, 204), (24,), (1.5,), (24,), (1.5,))
('K.160 Musescore', 'P1', 1, (204, 205), (24,), (1.75,), (24,), (1.75,))
('K.160 Musescore', 'P1', 1, (205, 206), (24,), (2.0,), (24,), (2.0,))
('K.160 Musescore', 'P1', 1, (214, 215), (24,), (4.25,), (24,), (4.25,))
('K.160 Musescore', 'P1', 1, (280, 281), (29,), (1.25,), (29,), (1.25,))
('K.160 Musescore', 'P1', 1, (281, 282), (29,), (1.5,), (29,), (1.5,))
('K.160 Musescore', 'P1', 1, (287, 288), (29,), (3.0,), (29,), (3.0,))
('K.160 Musescore', 'P1', 1, (289, 290), (29,), (3.5,), (29,), (3.5,))
('K.160 Musescore', 'P1', 1, (295, 296), (30,), (1.0,), (30,), (1.0,))
('K.160 Musescore', 'P1', 1, (296, 297), (30,), (1.25,), (30,), (1.25,))
('K.160 Musescore', 'P1', 1, (301, 302), (30,), (2.5,), (30,), (2.5,))
('K.160 Musescore', 'P1', 1, (304, 305), (30,), (3.25,), (30,), (3.25,))
('K.160 Musescore', 'P1', 1, (305, 306), (30,), (3.5,), (30,), (3.5,))
('K.160 Musescore', 'P1', 1, (311, 312), (31,), (1.0,), (31,), (1.0,))
('K.160 Musescore', 'P1', 1, (313, 314), (31,), (1.5,), (31,), (1.5,))
('K.160 Musescore', 'P1', 1, (320, 321), (31,), (3.25,), (31,), (3.25,))
('K.160 Musescore', 'P1', 1, (321, 322), (31,), (3.5,), (31,), (3.5,))
('K.160 Musescore', 'P1', 1, (343, 344), (34,), (1.0,), (34,), (1.0,))
('K.160 Musescore', 'P1', 1, (344, 345), (34,), (1.25,), (34,), (1.25,))
('K.160 Musescore', 'P1', 1, (345, 346), (34,), (1.5,), (34,), (1.5,))
('K.160 Musescore', 'P1', 1, (351, 352), (34,), (3.0,), (34,), (3.0,))
('K.160 Musescore', 'P1', 1, (353, 354), (34,), (3.5,), (34,), (3.5,))
('K.160 Musescore', 'P1', 1, (359, 360), (35,), (1.0,), (35,), (1.0,))
('K.160 Musescore', 'P1', 1, (361, 362), (35,), (1.5,), (35,), (1.5,))
('K.160 Musescore', 'P1', 1, (368, 369), (35,), (3.25,), (35,), (3.25,))
('K.160 Musescore', 'P1', 1, (369, 370), (35,), (3.5,), (35,), (3.5,))
('K.160 Musescore', 'P1', 1, (397, 398), (39,), (3.0,), (39,), (3.0,))
('K.160 Musescore', 'P1', 1, (398, 399), (39,), (3.25,), (39,), (3.25,))
('K.160 Musescore', 'P1', 1, (399, 400), (39,), (3.5,), (39,), (3.5,))
('K.160 Musescore', 'P1', 1, (405, 406), (40,), (1.0,), (40,), (1.0,))
('K.160 Musescore', 'P1', 1, (407, 408), (40,), (1.5,), (40,), (1.5,))
('K.160 Musescore', 'P1', 1, (413, 414), (40,), (3.0,), (40,), (3.0,))
('K.160 Musescore', 'P1', 1, (415, 416), (40,), (3.5,), (40,), (3.5,))
('K.160 Musescore', 'P1', 1, (490, 491), (50,), (3.25,), (50,), (3.25,))
('K.160 Musescore', 'P1', 1, (492, 493), (50,), (3.75,), (50,), (3.75,))
('K.160 Musescore', 'P1', 1, (493, 494), (50,), (4.0,), (50,), (4.0,))
('K.160 Musescore', 'P1', 1, (495, 496), (50,), (4.5,), (50,), (4.5,))
('K.160 Musescore', 'P1', 1, (498, 499), (51,), (3.25,), (51,), (3.25,))
('K.160 Musescore', 'P1', 1, (500, 501), (51,), (3.75,), (51,), (3.75,))
('K.160 Musescore', 'P1', 1, (503, 504), (51,), (4.5,), (51,), (4.5,))
('K.160 Musescore', 'P1', 1, (504, 505), (51,), (4.75,), (51,), (4.75,))
('K.160 Musescore', 'P1', 1, (506, 507), (52,), (1.25,), (52,), (1.25,))
('K.160 Musescore', 'P1', 1, (507, 508), (52,), (1.5,), (52,), (1.5,))
('K.160 Musescore', 'P1', 1, (509, 510), (52,), (2.0,), (52,), (2.0,))
('K.160 Musescore', 'P1', 1, (510, 511), (52,), (2.25,), (52,), (2.25,))
('K.160 Musescore', 'P1', 1, (537, 538), (57,), (1.25,), (57,), (1.25,))
('K.160 Musescore', 'P1', 1, (539, 540), (57,), (1.75,), (57,), (1.75,))
('K.160 Musescore', 'P1', 1, (540, 541), (57,), (2.0,), (57,), (2.0,))
('K.160 Musescore', 'P1', 1, (541, 542), (57,), (2.25,), (57,), (2.25,))
('K.160 Musescore', 'P1', 1, (546, 547), (58,), (1.0,), (58,), (1.0,))
('K.160 Musescore', 'P1', 1, (548, 549), (58,), (1.5,), (58,), (1.5,))
('K.160 Musescore', 'P1', 1, (549, 550), (58,), (1.75,), (58,), (1.75,))
('K.160 Musescore', 'P1', 1, (556, 557), (59,), (1.0,), (59,), (1.0,))
('K.160 Musescore', 'P1', 1, (558, 559), (59,), (1.5,), (59,), (1.5,))
('K.160 Musescore', 'P1', 1, (559, 560), (59,), (1.75,), (59,), (1.75,))
('K.160 Musescore', 'P1', 1, (560, 561), (59,), (2.0,), (59,), (2.0,))
('K.160 Musescore', 'P1', 1, (562, 563), (59,), (2.5,), (59,), (2.5,))
('K.160 Musescore', 'P1', 1, (585, 586), (60,), (4.25,), (60,), (4.25,))
('K.160 Musescore', 'P1', 1, (602, 603), (61,), (4.75,), (61,), (4.75,))
('K.160 Musescore', 'P1', 1, (633, 634), (63,), (4.75,), (63,), (4.75,))
('K.160 Musescore', 'P1', 1, (651, 652), (65,), (1.0,), (65,), (1.0,))
('K.160 Musescore', 'P1', 1, (659, 660), (65,), (3.0,), (65,), (3.0,))
('K.160 Musescore', 'P1', 1, (667, 668), (66,), (1.0,), (66,), (1.0,))
('K.160 Musescore', 'P1', 1, (669, 670), (66,), (1.5,), (66,), (1.5,))
('K.160 Musescore', 'P1', 1, (675, 676), (66,), (3.0,), (66,), (3.0,))
('K.160 Musescore', 'P1', 1, (676, 677), (66,), (3.25,), (66,), (3.25,))
('K.160 Musescore', 'P1', 1, (681, 682), (66,), (4.5,), (66,), (4.5,))
('K.160 Musescore', 'P1', 1, (684, 685), (67,), (1.25,), (67,), (1.25,))
('K.160 Musescore', 'P1', 1, (685, 686), (67,), (1.5,), (67,), (1.5,))
('K.160 Musescore', 'P1', 2, (2, 3), (13,), (2.5,), (13,), (2.5,))
('K.160 Musescore', 'P1', 3, (1, 2), (1,), (2.25,), (1,), (2.25,))
('K.160 Musescore', 'P1', 3, (2, 3), (1,), (2.5,), (1,), (2.5,))
('K.160 Musescore', 'P1', 3, (5, 6), (1,), (4.25,), (1,), (4.25,))
('K.160 Musescore', 'P1', 3, (6, 7), (1,), (4.5,), (1,), (4.5,))
('K.160 Musescore', 'P1', 3, (11, 12), (2,), (4.25,), (2,), (4.25,))
('K.160 Musescore', 'P1', 3, (12, 13), (2,), (4.5,), (2,), (4.5,))
('K.160 Musescore', 'P1', 3, (15, 16), (3,), (2.25,), (3,), (2.25,))
('K.160 Musescore', 'P1', 3, (16, 17), (3,), (2.5,), (3,), (2.5,))

55.    ((3,), (0.25,)):
('K.160 Musescore', 'P1', 1, (26, 27), (4,), (1.5,), (4,), (1.5,))
('K.160 Musescore', 'P1', 1, (30, 31), (4,), (2.5,), (4,), (2.5,))
('K.160 Musescore', 'P1', 1, (107, 108), (12,), (4.25,), (12,), (4.25,))
('K.160 Musescore', 'P1', 1, (198, 199), (23,), (4.25,), (23,), (4.25,))
('K.160 Musescore', 'P1', 1, (199, 200), (23,), (4.5,), (23,), (4.5,))
('K.160 Musescore', 'P1', 1, (201, 202), (24,), (1.0,), (24,), (1.0,))
('K.160 Musescore', 'P1', 1, (206, 207), (24,), (2.25,), (24,), (2.25,))
('K.160 Musescore', 'P1', 1, (207, 208), (24,), (2.5,), (24,), (2.5,))
('K.160 Musescore', 'P1', 1, (209, 210), (24,), (3.0,), (24,), (3.0,))
('K.160 Musescore', 'P1', 1, (282, 283), (29,), (1.75,), (29,), (1.75,))
('K.160 Musescore', 'P1', 1, (290, 291), (29,), (3.75,), (29,), (3.75,))
('K.160 Musescore', 'P1', 1, (306, 307), (30,), (3.75,), (30,), (3.75,))
('K.160 Musescore', 'P1', 1, (314, 315), (31,), (1.75,), (31,), (1.75,))
('K.160 Musescore', 'P1', 1, (322, 323), (31,), (3.75,), (31,), (3.75,))
('K.160 Musescore', 'P1', 1, (550, 551), (58,), (2.0,), (58,), (2.0,))
('K.160 Musescore', 'P1', 1, (551, 552), (58,), (2.25,), (58,), (2.25,))
('K.160 Musescore', 'P1', 1, (552, 553), (58,), (2.5,), (58,), (2.5,))
('K.160 Musescore', 'P1', 1, (564, 565), (59,), (3.0,), (59,), (3.0,))
('K.160 Musescore', 'P1', 1, (566, 567), (59,), (3.5,), (59,), (3.5,))
('K.160 Musescore', 'P1', 1, (568, 569), (59,), (4.0,), (59,), (4.0,))
('K.160 Musescore', 'P1', 1, (570, 571), (59,), (4.5,), (59,), (4.5,))
('K.160 Musescore', 'P1', 1, (580, 581), (60,), (3.0,), (60,), (3.0,))
('K.160 Musescore', 'P1', 1, (660, 661), (65,), (3.25,), (65,), (3.25,))
('K.160 Musescore', 'P1', 1, (661, 662), (65,), (3.5,), (65,), (3.5,))
('K.160 Musescore', 'P1', 1, (670, 671), (66,), (1.75,), (66,), (1.75,))
('K.160 Musescore', 'P1', 1, (686, 687), (67,), (1.75,), (67,), (1.75,))
('K.160 Musescore', 'P1', 2, (1, 2), (13,), (2.25,), (13,), (2.25,))
('K.160 Musescore', 'P1', 3, (60, 61), (10,), (1.0,), (10,), (1.0,))
('K.160 Musescore', 'P1', 3, (61, 62), (10,), (1.25,), (10,), (1.25,))
('K.160 Musescore', 'P1', 3, (63, 64), (10,), (1.75,), (10,), (1.75,))
('K.160 Musescore', 'P1', 3, (64, 65), (10,), (2.0,), (10,), (2.0,))
('K.160 Musescore', 'P1', 3, (66, 67), (10,), (2.5,), (10,), (2.5,))
('K.160 Musescore', 'P1', 3, (69, 70), (11,), (1.0,), (11,), (1.0,))
('K.160 Musescore', 'P1', 3, (70, 71), (11,), (1.25,), (11,), (1.25,))
('K.160 Musescore', 'P1', 3, (72, 73), (11,), (1.75,), (11,), (1.75,))
('K.160 Musescore', 'P1', 3, (73, 74), (11,), (2.0,), (11,), (2.0,))
('K.160 Musescore', 'P1', 3, (75, 76), (11,), (2.5,), (11,), (2.5,))
('K.160 Musescore', 'P1', 3, (78, 79), (12,), (1.0,), (12,), (1.0,))
('K.160 Musescore', 'P1', 3, (79, 80), (12,), (1.25,), (12,), (1.25,))
('K.160 Musescore', 'P1', 3, (81, 82), (12,), (1.75,), (12,), (1.75,))
('K.160 Musescore', 'P1', 3, (82, 83), (12,), (2.0,), (12,), (2.0,))
('K.160 Musescore', 'P1', 3, (84, 85), (12,), (2.5,), (12,), (2.5,))
('K.160 Musescore', 'P1', 3, (87, 88), (13,), (1.0,), (13,), (1.0,))
('K.160 Musescore', 'P1', 3, (89, 90), (13,), (1.5,), (13,), (1.5,))
('K.160 Musescore', 'P1', 3, (110, 111), (22,), (1.0,), (22,), (1.0,))
('K.160 Musescore', 'P1', 3, (111, 112), (22,), (1.25,), (22,), (1.25,))
('K.160 Musescore', 'P1', 3, (113, 114), (22,), (1.75,), (22,), (1.75,))
('K.160 Musescore', 'P1', 3, (114, 115), (22,), (2.0,), (22,), (2.0,))
('K.160 Musescore', 'P1', 3, (116, 117), (22,), (2.5,), (22,), (2.5,))
('K.160 Musescore', 'P1', 3, (119, 120), (23,), (1.0,), (23,), (1.0,))
('K.160 Musescore', 'P1', 3, (120, 121), (23,), (1.25,), (23,), (1.25,))
('K.160 Musescore', 'P1', 3, (122, 123), (23,), (1.75,), (23,), (1.75,))
('K.160 Musescore', 'P1', 3, (123, 124), (23,), (2.0,), (23,), (2.0,))
('K.160 Musescore', 'P1', 3, (125, 126), (23,), (2.5,), (23,), (2.5,))
('K.160 Musescore', 'P1', 3, (198, 199), (43,), (3.0,), (43,), (3.0,))
('K.160 Musescore', 'P1', 3, (200, 201), (43,), (3.5,), (43,), (3.5,))
('K.160 Musescore', 'P1', 3, (202, 203), (43,), (4.0,), (43,), (4.0,))
('K.160 Musescore', 'P1', 3, (204, 205), (43,), (4.5,), (43,), (4.5,))
('K.160 Musescore', 'P1', 3, (206, 207), (44,), (1.0,), (44,), (1.0,))
('K.160 Musescore', 'P1', 3, (208, 209), (44,), (1.5,), (44,), (1.5,))
('K.160 Musescore', 'P1', 3, (211, 212), (44,), (3.0,), (44,), (3.0,))
('K.160 Musescore', 'P1', 3, (213, 214), (44,), (3.5,), (44,), (3.5,))
('K.160 Musescore', 'P1', 3, (215, 216), (44,), (4.0,), (44,), (4.0,))
('K.160 Musescore', 'P1', 3, (217, 218), (44,), (4.5,), (44,), (4.5,))
('K.160 Musescore', 'P1', 3, (219, 220), (45,), (1.0,), (45,), (1.0,))
('K.160 Musescore', 'P1', 3, (221, 222), (45,), (1.5,), (45,), (1.5,))
('K.160 Musescore', 'P1', 3, (224, 225), (45,), (3.0,), (45,), (3.0,))
('K.160 Musescore', 'P1', 3, (226, 227), (45,), (3.5,), (45,), (3.5,))
('K.160 Musescore', 'P1', 3, (228, 229), (45,), (4.0,), (45,), (4.0,))
('K.160 Musescore', 'P1', 3, (230, 231), (45,), (4.5,), (45,), (4.5,))
('K.160 Musescore', 'P1', 3, (232, 233), (46,), (1.0,), (46,), (1.0,))
('K.160 Musescore', 'P1', 3, (234, 235), (46,), (1.5,), (46,), (1.5,))
('K.160 Musescore', 'P1', 3, (237, 238), (46,), (3.0,), (46,), (3.0,))
('K.160 Musescore', 'P1', 3, (239, 240), (46,), (3.5,), (46,), (3.5,))
('K.160 Musescore', 'P1', 3, (241, 242), (46,), (4.0,), (46,), (4.0,))
('K.160 Musescore', 'P1', 3, (243, 244), (46,), (4.5,), (46,), (4.5,))
('K.160 Musescore', 'P1', 3, (245, 246), (47,), (1.0,), (47,), (1.0,))
('K.160 Musescore', 'P1', 3, (247, 248), (47,), (1.5,), (47,), (1.5,))
('K.160 Musescore', 'P1', 3, (250, 251), (47,), (3.0,), (47,), (3.0,))
('K.160 Musescore', 'P1', 3, (252, 253), (47,), (3.5,), (47,), (3.5,))
('K.160 Musescore', 'P1', 3, (254, 255), (47,), (4.0,), (47,), (4.0,))
('K.160 Musescore', 'P1', 3, (256, 257), (47,), (4.5,), (47,), (4.5,))
('K.160 Musescore', 'P1', 3, (258, 259), (48,), (1.0,), (48,), (1.0,))
('K.160 Musescore', 'P1', 3, (260, 261), (48,), (1.5,), (48,), (1.5,))
('K.160 Musescore', 'P1', 3, (263, 264), (48,), (3.0,), (48,), (3.0,))
('K.160 Musescore', 'P1', 3, (265, 266), (48,), (3.5,), (48,), (3.5,))
('K.160 Musescore', 'P1', 3, (267, 268), (48,), (4.0,), (48,), (4.0,))
('K.160 Musescore', 'P1', 3, (269, 270), (48,), (4.5,), (48,), (4.5,))
('K.160 Musescore', 'P1', 3, (271, 272), (49,), (1.0,), (49,), (1.0,))
('K.160 Musescore', 'P1', 3, (273, 274), (49,), (1.5,), (49,), (1.5,))
('K.160 Musescore', 'P1', 3, (279, 280), (50,), (1.0,), (50,), (1.0,))
('K.160 Musescore', 'P1', 3, (280, 281), (50,), (1.25,), (50,), (1.25,))
('K.160 Musescore', 'P1', 3, (282, 283), (50,), (1.75,), (50,), (1.75,))
('K.160 Musescore', 'P1', 3, (283, 284), (50,), (2.0,), (50,), (2.0,))
('K.160 Musescore', 'P1', 3, (285, 286), (50,), (2.5,), (50,), (2.5,))
('K.160 Musescore', 'P1', 3, (288, 289), (51,), (1.0,), (51,), (1.0,))
('K.160 Musescore', 'P1', 3, (289, 290), (51,), (1.25,), (51,), (1.25,))
('K.160 Musescore', 'P1', 3, (291, 292), (51,), (1.75,), (51,), (1.75,))
('K.160 Musescore', 'P1', 3, (292, 293), (51,), (2.0,), (51,), (2.0,))
('K.160 Musescore', 'P1', 3, (294, 295), (51,), (2.5,), (51,), (2.5,))
('K.160 Musescore', 'P1', 3, (309, 310), (57,), (3.0,), (57,), (3.0,))
('K.160 Musescore', 'P1', 3, (310, 311), (57,), (3.25,), (57,), (3.25,))
('K.160 Musescore', 'P1', 3, (312, 313), (57,), (3.75,), (57,), (3.75,))
('K.160 Musescore', 'P1', 3, (313, 314), (57,), (4.0,), (57,), (4.0,))
('K.160 Musescore', 'P1', 3, (315, 316), (57,), (4.5,), (57,), (4.5,))
('K.160 Musescore', 'P1', 3, (318, 319), (58,), (3.0,), (58,), (3.0,))
('K.160 Musescore', 'P1', 3, (319, 320), (58,), (3.25,), (58,), (3.25,))
('K.160 Musescore', 'P1', 3, (321, 322), (58,), (3.75,), (58,), (3.75,))
('K.160 Musescore', 'P1', 3, (322, 323), (58,), (4.0,), (58,), (4.0,))
('K.160 Musescore', 'P1', 3, (324, 325), (58,), (4.5,), (58,), (4.5,))

56.    ((-2,), (0.5,)):
('K.160 Musescore', 'P1', 1, (35, 36), (4,), (4.0,), (4,), (4.0,))
('K.160 Musescore', 'P1', 1, (42, 43), (5,), (4.0,), (5,), (4.0,))
('K.160 Musescore', 'P1', 1, (49, 50), (6,), (4.0,), (6,), (4.0,))
('K.160 Musescore', 'P1', 1, (56, 57), (7,), (4.0,), (7,), (4.0,))
('K.160 Musescore', 'P1', 1, (82, 83), (10,), (2.5,), (10,), (2.5,))
('K.160 Musescore', 'P1', 1, (92, 93), (11,), (2.5,), (11,), (2.5,))
('K.160 Musescore', 'P1', 1, (151, 152), (17,), (2.0,), (17,), (2.0,))
('K.160 Musescore', 'P1', 1, (152, 153), (17,), (2.5,), (17,), (2.5,))
('K.160 Musescore', 'P1', 1, (155, 156), (17,), (4.5,), (17,), (4.5,))
('K.160 Musescore', 'P1', 1, (157, 158), (18,), (1.5,), (18,), (1.5,))
('K.160 Musescore', 'P1', 1, (158, 159), (18,), (2.0,), (18,), (2.0,))
('K.160 Musescore', 'P1', 1, (165, 166), (19,), (4.0,), (19,), (4.0,))
('K.160 Musescore', 'P1', 1, (166, 167), (19,), (4.5,), (19,), (4.5,))
('K.160 Musescore', 'P1', 1, (169, 170), (20,), (2.5,), (20,), (2.5,))
('K.160 Musescore', 'P1', 1, (171, 172), (20,), (3.5,), (20,), (3.5,))
('K.160 Musescore', 'P1', 1, (172, 173), (20,), (4.0,), (20,), (4.0,))
('K.160 Musescore', 'P1', 1, (373, 374), (36,), (1.5,), (36,), (1.5,))
('K.160 Musescore', 'P1', 1, (375, 376), (36,), (2.5,), (36,), (2.5,))
('K.160 Musescore', 'P1', 1, (379, 380), (36,), (4.5,), (36,), (4.5,))
('K.160 Musescore', 'P1', 1, (384, 385), (37,), (4.0,), (37,), (4.0,))
('K.160 Musescore', 'P1', 1, (385, 386), (37,), (4.5,), (37,), (4.5,))
('K.160 Musescore', 'P1', 1, (390, 391), (38,), (4.0,), (38,), (4.0,))
('K.160 Musescore', 'P1', 1, (395, 396), (39,), (2.0,), (39,), (2.0,))
('K.160 Musescore', 'P1', 1, (422, 423), (41,), (2.5,), (41,), (2.5,))
('K.160 Musescore', 'P1', 1, (424, 425), (41,), (3.5,), (41,), (3.5,))
('K.160 Musescore', 'P1', 1, (426, 427), (41,), (4.5,), (41,), (4.5,))
('K.160 Musescore', 'P1', 1, (430, 431), (42,), (2.5,), (42,), (2.5,))
('K.160 Musescore', 'P1', 1, (516, 517), (53,), (2.0,), (53,), (2.0,))
('K.160 Musescore', 'P1', 1, (517, 518), (53,), (2.5,), (53,), (2.5,))
('K.160 Musescore', 'P1', 1, (528, 529), (55,), (2.0,), (55,), (2.0,))
('K.160 Musescore', 'P1', 1, (529, 530), (55,), (2.5,), (55,), (2.5,))
('K.160 Musescore', 'P1', 1, (545, 546), (57,), (4.5,), (57,), (4.5,))
('K.160 Musescore', 'P1', 1, (555, 556), (58,), (4.5,), (58,), (4.5,))
('K.160 Musescore', 'P1', 2, (7, 8), (18,), (2.5,), (18,), (2.5,))
('K.160 Musescore', 'P1', 2, (14, 15), (20,), (4.5,), (20,), (4.5,))
('K.160 Musescore', 'P1', 3, (25, 26), (5,), (2.0,), (5,), (2.0,))
('K.160 Musescore', 'P1', 3, (26, 27), (5,), (2.5,), (5,), (2.5,))
('K.160 Musescore', 'P1', 3, (31, 32), (6,), (2.0,), (6,), (2.0,))
('K.160 Musescore', 'P1', 3, (32, 33), (6,), (2.5,), (6,), (2.5,))
('K.160 Musescore', 'P1', 3, (37, 38), (7,), (2.0,), (7,), (2.0,))
('K.160 Musescore', 'P1', 3, (38, 39), (7,), (2.5,), (7,), (2.5,))
('K.160 Musescore', 'P1', 3, (43, 44), (8,), (2.0,), (8,), (2.0,))
('K.160 Musescore', 'P1', 3, (44, 45), (8,), (2.5,), (8,), (2.5,))
('K.160 Musescore', 'P1', 3, (162, 163), (33,), (4.0,), (33,), (4.0,))
('K.160 Musescore', 'P1', 3, (163, 164), (33,), (4.5,), (33,), (4.5,))
('K.160 Musescore', 'P1', 3, (275, 276), (49,), (2.0,), (49,), (2.0,))
('K.160 Musescore', 'P1', 3, (276, 277), (49,), (2.5,), (49,), (2.5,))
('K.160 Musescore', 'P1', 4, (0, 1), (18,), (1.0,), (18,), (1.0,))
('K.160 Musescore', 'P1', 4, (1, 2), (18,), (1.5,), (18,), (1.5,))
('K.160 Musescore', 'P1', 4, (4, 5), (20,), (3.0,), (20,), (3.0,))
('K.160 Musescore', 'P1', 4, (5, 6), (20,), (3.5,), (20,), (3.5,))
('K.160 Musescore', 'P1', 4, (10, 11), (38,), (2.0,), (38,), (2.0,))
('K.160 Musescore', 'P1', 4, (12, 13), (54,), (1.0,), (54,), (1.0,))
('K.160 Musescore', 'P1', 4, (13, 14), (54,), (1.5,), (54,), (1.5,))
('K.160 Musescore', 'P1', 4, (16, 17), (56,), (1.0,), (56,), (1.0,))
('K.160 Musescore', 'P1', 4, (17, 18), (56,), (1.5,), (56,), (1.5,))

57.    ((-5,), (0.25,)):
('K.160 Musescore', 'P1', 1, (27, 28), (4,), (1.75,), (4,), (1.75,))
('K.160 Musescore', 'P1', 1, (144, 145), (15,), (3.5,), (15,), (3.5,))
('K.160 Musescore', 'P1', 1, (229, 230), (25,), (4.25,), (25,), (4.25,))
('K.160 Musescore', 'P1', 1, (260, 261), (27,), (4.25,), (27,), (4.25,))
('K.160 Musescore', 'P1', 1, (326, 327), (31,), (4.75,), (31,), (4.75,))
('K.160 Musescore', 'P1', 1, (330, 331), (32,), (1.75,), (32,), (1.75,))
('K.160 Musescore', 'P1', 1, (600, 601), (61,), (4.25,), (61,), (4.25,))
('K.160 Musescore', 'P1', 1, (631, 632), (63,), (4.25,), (63,), (4.25,))
('K.160 Musescore', 'P1', 1, (690, 691), (67,), (2.75,), (67,), (2.75,))
('K.160 Musescore', 'P1', 1, (694, 695), (67,), (3.75,), (67,), (3.75,))
('K.160 Musescore', 'P1', 2, (20, 21), (35,), (4.0,), (35,), (4.0,))
('K.160 Musescore', 'P1', 3, (199, 200), (43,), (3.25,), (43,), (3.25,))
('K.160 Musescore', 'P1', 3, (201, 202), (43,), (3.75,), (43,), (3.75,))
('K.160 Musescore', 'P1', 3, (203, 204), (43,), (4.25,), (43,), (4.25,))
('K.160 Musescore', 'P1', 3, (205, 206), (43,), (4.75,), (43,), (4.75,))
('K.160 Musescore', 'P1', 3, (207, 208), (44,), (1.25,), (44,), (1.25,))
('K.160 Musescore', 'P1', 3, (209, 210), (44,), (1.75,), (44,), (1.75,))
('K.160 Musescore', 'P1', 3, (212, 213), (44,), (3.25,), (44,), (3.25,))
('K.160 Musescore', 'P1', 3, (214, 215), (44,), (3.75,), (44,), (3.75,))
('K.160 Musescore', 'P1', 3, (216, 217), (44,), (4.25,), (44,), (4.25,))
('K.160 Musescore', 'P1', 3, (218, 219), (44,), (4.75,), (44,), (4.75,))
('K.160 Musescore', 'P1', 3, (220, 221), (45,), (1.25,), (45,), (1.25,))
('K.160 Musescore', 'P1', 3, (222, 223), (45,), (1.75,), (45,), (1.75,))
('K.160 Musescore', 'P1', 3, (225, 226), (45,), (3.25,), (45,), (3.25,))
('K.160 Musescore', 'P1', 3, (229, 230), (45,), (4.25,), (45,), (4.25,))
('K.160 Musescore', 'P1', 3, (231, 232), (45,), (4.75,), (45,), (4.75,))
('K.160 Musescore', 'P1', 3, (233, 234), (46,), (1.25,), (46,), (1.25,))
('K.160 Musescore', 'P1', 3, (235, 236), (46,), (1.75,), (46,), (1.75,))
('K.160 Musescore', 'P1', 3, (238, 239), (46,), (3.25,), (46,), (3.25,))
('K.160 Musescore', 'P1', 3, (240, 241), (46,), (3.75,), (46,), (3.75,))
('K.160 Musescore', 'P1', 3, (242, 243), (46,), (4.25,), (46,), (4.25,))
('K.160 Musescore', 'P1', 3, (244, 245), (46,), (4.75,), (46,), (4.75,))
('K.160 Musescore', 'P1', 3, (246, 247), (47,), (1.25,), (47,), (1.25,))
('K.160 Musescore', 'P1', 3, (248, 249), (47,), (1.75,), (47,), (1.75,))
('K.160 Musescore', 'P1', 3, (251, 252), (47,), (3.25,), (47,), (3.25,))
('K.160 Musescore', 'P1', 3, (255, 256), (47,), (4.25,), (47,), (4.25,))
('K.160 Musescore', 'P1', 3, (257, 258), (47,), (4.75,), (47,), (4.75,))
('K.160 Musescore', 'P1', 3, (259, 260), (48,), (1.25,), (48,), (1.25,))
('K.160 Musescore', 'P1', 3, (261, 262), (48,), (1.75,), (48,), (1.75,))
('K.160 Musescore', 'P1', 3, (264, 265), (48,), (3.25,), (48,), (3.25,))
('K.160 Musescore', 'P1', 3, (266, 267), (48,), (3.75,), (48,), (3.75,))
('K.160 Musescore', 'P1', 3, (268, 269), (48,), (4.25,), (48,), (4.25,))
('K.160 Musescore', 'P1', 3, (270, 271), (48,), (4.75,), (48,), (4.75,))
('K.160 Musescore', 'P1', 3, (272, 273), (49,), (1.25,), (49,), (1.25,))
('K.160 Musescore', 'P1', 3, (274, 275), (49,), (1.75,), (49,), (1.75,))

58.    ((4,), (0.25,)):
('K.160 Musescore', 'P1', 1, (210, 211), (24,), (3.25,), (24,), (3.25,))
('K.160 Musescore', 'P1', 1, (286, 287), (29,), (2.75,), (29,), (2.75,))
('K.160 Musescore', 'P1', 1, (298, 299), (30,), (1.75,), (30,), (1.75,))
('K.160 Musescore', 'P1', 1, (310, 311), (30,), (4.75,), (30,), (4.75,))
('K.160 Musescore', 'P1', 1, (581, 582), (60,), (3.25,), (60,), (3.25,))
('K.160 Musescore', 'P1', 1, (607, 608), (62,), (2.0,), (62,), (2.0,))
('K.160 Musescore', 'P1', 1, (638, 639), (64,), (2.0,), (64,), (2.0,))
('K.160 Musescore', 'P1', 1, (662, 663), (65,), (3.75,), (65,), (3.75,))
('K.160 Musescore', 'P1', 1, (666, 667), (65,), (4.75,), (65,), (4.75,))
('K.160 Musescore', 'P1', 1, (678, 679), (66,), (3.75,), (66,), (3.75,))
('K.160 Musescore', 'P1', 2, (0, 1), (13,), (2.0,), (13,), (2.0,))
('K.160 Musescore', 'P1', 3, (3, 4), (1,), (2.75,), (1,), (2.75,))
('K.160 Musescore', 'P1', 3, (7, 8), (1,), (4.75,), (1,), (4.75,))
('K.160 Musescore', 'P1', 3, (13, 14), (2,), (4.75,), (2,), (4.75,))
('K.160 Musescore', 'P1', 3, (17, 18), (3,), (2.75,), (3,), (2.75,))
('K.160 Musescore', 'P1', 3, (62, 63), (10,), (1.5,), (10,), (1.5,))
('K.160 Musescore', 'P1', 3, (65, 66), (10,), (2.25,), (10,), (2.25,))
('K.160 Musescore', 'P1', 3, (71, 72), (11,), (1.5,), (11,), (1.5,))
('K.160 Musescore', 'P1', 3, (74, 75), (11,), (2.25,), (11,), (2.25,))
('K.160 Musescore', 'P1', 3, (80, 81), (12,), (1.5,), (12,), (1.5,))
('K.160 Musescore', 'P1', 3, (83, 84), (12,), (2.25,), (12,), (2.25,))
('K.160 Musescore', 'P1', 3, (88, 89), (13,), (1.25,), (13,), (1.25,))
('K.160 Musescore', 'P1', 3, (112, 113), (22,), (1.5,), (22,), (1.5,))
('K.160 Musescore', 'P1', 3, (115, 116), (22,), (2.25,), (22,), (2.25,))
('K.160 Musescore', 'P1', 3, (121, 122), (23,), (1.5,), (23,), (1.5,))
('K.160 Musescore', 'P1', 3, (124, 125), (23,), (2.25,), (23,), (2.25,))
('K.160 Musescore', 'P1', 3, (281, 282), (50,), (1.5,), (50,), (1.5,))
('K.160 Musescore', 'P1', 3, (284, 285), (50,), (2.25,), (50,), (2.25,))
('K.160 Musescore', 'P1', 3, (290, 291), (51,), (1.5,), (51,), (1.5,))
('K.160 Musescore', 'P1', 3, (293, 294), (51,), (2.25,), (51,), (2.25,))
('K.160 Musescore', 'P1', 3, (311, 312), (57,), (3.5,), (57,), (3.5,))
('K.160 Musescore', 'P1', 3, (314, 315), (57,), (4.25,), (57,), (4.25,))
('K.160 Musescore', 'P1', 3, (320, 321), (58,), (3.5,), (58,), (3.5,))
('K.160 Musescore', 'P1', 3, (323, 324), (58,), (4.25,), (58,), (4.25,))

59.    ((2,), (0.5,)):
('K.160 Musescore', 'P1', 1, (37, 38), (5,), (1.0,), (5,), (1.0,))
('K.160 Musescore', 'P1', 1, (44, 45), (6,), (1.0,), (6,), (1.0,))
('K.160 Musescore', 'P1', 1, (51, 52), (7,), (1.0,), (7,), (1.0,))
('K.160 Musescore', 'P1', 1, (58, 59), (8,), (1.0,), (8,), (1.0,))
('K.160 Musescore', 'P1', 1, (340, 341), (33,), (2.5,), (33,), (2.5,))
('K.160 Musescore', 'P1', 1, (372, 373), (36,), (1.0,), (36,), (1.0,))
('K.160 Musescore', 'P1', 1, (374, 375), (36,), (2.0,), (36,), (2.0,))
('K.160 Musescore', 'P1', 1, (376, 377), (36,), (3.0,), (36,), (3.0,))
('K.160 Musescore', 'P1', 1, (377, 378), (36,), (3.5,), (36,), (3.5,))
('K.160 Musescore', 'P1', 1, (378, 379), (36,), (4.0,), (36,), (4.0,))
('K.160 Musescore', 'P1', 1, (423, 424), (41,), (3.0,), (41,), (3.0,))
('K.160 Musescore', 'P1', 1, (425, 426), (41,), (4.0,), (41,), (4.0,))
('K.160 Musescore', 'P1', 1, (427, 428), (42,), (1.0,), (42,), (1.0,))
('K.160 Musescore', 'P1', 1, (428, 429), (42,), (1.5,), (42,), (1.5,))
('K.160 Musescore', 'P1', 1, (429, 430), (42,), (2.0,), (42,), (2.0,))
('K.160 Musescore', 'P1', 1, (432, 433), (43,), (1.0,), (43,), (1.0,))
('K.160 Musescore', 'P1', 1, (523, 524), (54,), (4.0,), (54,), (4.0,))
('K.160 Musescore', 'P1', 1, (535, 536), (56,), (4.0,), (56,), (4.0,))
('K.160 Musescore', 'P1', 2, (4, 5), (17,), (4.0,), (17,), (4.0,))
('K.160 Musescore', 'P1', 2, (9, 10), (18,), (3.5,), (18,), (3.5,))
('K.160 Musescore', 'P1', 2, (11, 12), (20,), (2.0,), (20,), (2.0,))
('K.160 Musescore', 'P1', 2, (16, 17), (21,), (1.5,), (21,), (1.5,))
('K.160 Musescore', 'P1', 2, (40, 41), (38,), (2.0,), (38,), (2.0,))
('K.160 Musescore', 'P1', 2, (41, 42), (38,), (2.5,), (38,), (2.5,))
('K.160 Musescore', 'P1', 2, (68, 69), (53,), (4.0,), (53,), (4.0,))
('K.160 Musescore', 'P1', 2, (72, 73), (54,), (3.0,), (54,), (3.0,))
('K.160 Musescore', 'P1', 2, (74, 75), (55,), (4.0,), (55,), (4.0,))
('K.160 Musescore', 'P1', 2, (78, 79), (56,), (3.0,), (56,), (3.0,))
('K.160 Musescore', 'P1', 3, (99, 100), (17,), (4.5,), (17,), (4.5,))
('K.160 Musescore', 'P1', 3, (105, 106), (20,), (2.5,), (20,), (2.5,))
('K.160 Musescore', 'P1', 4, (2, 3), (18,), (2.0,), (18,), (2.0,))
('K.160 Musescore', 'P1', 4, (6, 7), (20,), (4.0,), (20,), (4.0,))
('K.160 Musescore', 'P1', 4, (14, 15), (54,), (2.0,), (54,), (2.0,))
('K.160 Musescore', 'P1', 4, (18, 19), (56,), (2.0,), (56,), (2.0,))

60.    ((-3,), (0.5,)):
('K.160 Musescore', 'P1', 1, (32, 33), (4,), (3.0,), (4,), (3.0,))
('K.160 Musescore', 'P1', 1, (36, 37), (4,), (4.5,), (4,), (4.5,))
('K.160 Musescore', 'P1', 1, (39, 40), (5,), (3.0,), (5,), (3.0,))
('K.160 Musescore', 'P1', 1, (43, 44), (5,), (4.5,), (5,), (4.5,))
('K.160 Musescore', 'P1', 1, (46, 47), (6,), (3.0,), (6,), (3.0,))
('K.160 Musescore', 'P1', 1, (50, 51), (6,), (4.5,), (6,), (4.5,))
('K.160 Musescore', 'P1', 1, (53, 54), (7,), (3.0,), (7,), (3.0,))
('K.160 Musescore', 'P1', 1, (57, 58), (7,), (4.5,), (7,), (4.5,))
('K.160 Musescore', 'P1', 1, (148, 149), (17,), (1.0,), (17,), (1.0,))
('K.160 Musescore', 'P1', 1, (162, 163), (19,), (3.0,), (19,), (3.0,))
('K.160 Musescore', 'P1', 1, (336, 337), (33,), (1.0,), (33,), (1.0,))
('K.160 Musescore', 'P1', 1, (339, 340), (33,), (2.0,), (33,), (2.0,))
('K.160 Musescore', 'P1', 1, (381, 382), (37,), (3.0,), (37,), (3.0,))
('K.160 Musescore', 'P1', 1, (392, 393), (39,), (1.0,), (39,), (1.0,))
('K.160 Musescore', 'P1', 1, (513, 514), (53,), (1.0,), (53,), (1.0,))
('K.160 Musescore', 'P1', 1, (525, 526), (55,), (1.0,), (55,), (1.0,))
('K.160 Musescore', 'P1', 2, (69, 70), (53,), (4.5,), (53,), (4.5,))
('K.160 Musescore', 'P1', 2, (75, 76), (55,), (4.5,), (55,), (4.5,))
('K.160 Musescore', 'P1', 3, (22, 23), (5,), (1.0,), (5,), (1.0,))
('K.160 Musescore', 'P1', 3, (34, 35), (7,), (1.0,), (7,), (1.0,))
('K.160 Musescore', 'P1', 3, (159, 160), (33,), (3.0,), (33,), (3.0,))
('K.160 Musescore', 'P1', 3, (348, 349), (66,), (2.5,), (66,), (2.5,))

61.    ((-7,), (0.25,)):
('K.160 Musescore', 'P1', 1, (284, 285), (29,), (2.25,), (29,), (2.25,))
('K.160 Musescore', 'P1', 1, (308, 309), (30,), (4.25,), (30,), (4.25,))
('K.160 Musescore', 'P1', 1, (324, 325), (31,), (4.25,), (31,), (4.25,))
('K.160 Musescore', 'P1', 1, (328, 329), (32,), (1.25,), (32,), (1.25,))
('K.160 Musescore', 'P1', 1, (332, 333), (32,), (2.25,), (32,), (2.25,))
('K.160 Musescore', 'P1', 1, (688, 689), (67,), (2.25,), (67,), (2.25,))
('K.160 Musescore', 'P1', 1, (692, 693), (67,), (3.25,), (67,), (3.25,))
('K.160 Musescore', 'P1', 1, (696, 697), (67,), (4.25,), (67,), (4.25,))
('K.160 Musescore', 'P1', 3, (49, 50), (8,), (4.75,), (8,), (4.75,))
('K.160 Musescore', 'P1', 3, (54, 55), (9,), (2.75,), (9,), (2.75,))

62.    ((-2,), (1.5,)):
('K.160 Musescore', 'P1', 1, (160, 161), (18,), (3.0,), (18,), (3.0,))
('K.160 Musescore', 'P1', 1, (174, 175), (21,), (1.0,), (21,), (1.0,))
('K.160 Musescore', 'P1', 1, (387, 388), (38,), (2.0,), (38,), (2.0,))
('K.160 Musescore', 'P1', 2, (6, 7), (18,), (1.0,), (18,), (1.0,))
('K.160 Musescore', 'P1', 2, (13, 14), (20,), (3.0,), (20,), (3.0,))
('K.160 Musescore', 'P1', 3, (97, 98), (17,), (2.0,), (17,), (2.0,))
('K.160 Musescore', 'P1', 3, (298, 299), (53,), (2.0,), (53,), (2.0,))
('K.160 Musescore', 'P1', 3, (303, 304), (55,), (2.0,), (55,), (2.0,))

63.    ((3,), (0.5,)):
('K.160 Musescore', 'P1', 1, (0, 1), (1,), (1.0,), (1,), (1.0,))
('K.160 Musescore', 'P1', 1, (1, 2), (1,), (1.5,), (1,), (1.5,))
('K.160 Musescore', 'P1', 1, (13, 14), (2,), (3.5,), (2,), (3.5,))
('K.160 Musescore', 'P1', 2, (8, 9), (18,), (3.0,), (18,), (3.0,))
('K.160 Musescore', 'P1', 2, (15, 16), (21,), (1.0,), (21,), (1.0,))

64.    ((8,), (1.0,)):
('K.160 Musescore', 'P1', 1, (386, 387), (38,), (1.0,), (38,), (1.0,))
('K.160 Musescore', 'P1', 3, (50, 51), (9,), (1.0,), (9,), (1.0,))
('K.160 Musescore', 'P1', 3, (55, 56), (9,), (3.0,), (9,), (3.0,))
('K.160 Musescore', 'P1', 3, (102, 103), (18,), (3.0,), (18,), (3.0,))
('K.160 Musescore', 'P1', 3, (108, 109), (21,), (1.0,), (21,), (1.0,))

65.    ((1,), (2.0,)):
('K.160 Musescore', 'P1', 1, (431, 432), (42,), (3.0,), (42,), (3.0,))
('K.160 Musescore', 'P1', 3, (92, 93), (14,), (1.0,), (14,), (1.0,))
('K.160 Musescore', 'P1', 3, (93, 94), (14,), (3.0,), (14,), (3.0,))
('K.160 Musescore', 'P1', 3, (94, 95), (15,), (1.0,), (15,), (1.0,))
('K.160 Musescore', 'P1', 3, (287, 288), (50,), (3.0,), (50,), (3.0,))

66.    ((2,), (2.0,)):
('K.160 Musescore', 'P1', 2, (42, 43), (38,), (3.0,), (38,), (3.0,))
('K.160 Musescore', 'P1', 3, (127, 128), (23,), (3.0,), (23,), (3.0,))
('K.160 Musescore', 'P1', 3, (128, 129), (24,), (1.0,), (24,), (1.0,))
('K.160 Musescore', 'P1', 3, (333, 334), (61,), (1.0,), (61,), (1.0,))
('K.160 Musescore', 'P1', 3, (338, 339), (63,), (1.0,), (63,), (1.0,))

67.    ((8,), (0.25,)):
('K.160 Musescore', 'P1', 1, (212, 213), (24,), (3.75,), (24,), (3.75,))
('K.160 Musescore', 'P1', 1, (370, 371), (35,), (3.75,), (35,), (3.75,))
('K.160 Musescore', 'P1', 1, (572, 573), (60,), (1.0,), (60,), (1.0,))
('K.160 Musescore', 'P1', 1, (584, 585), (60,), (4.0,), (60,), (4.0,))

68.    ((5,), (0.25,)):
('K.160 Musescore', 'P1', 1, (318, 319), (31,), (2.75,), (31,), (2.75,))
('K.160 Musescore', 'P1', 1, (481, 482), (49,), (3.0,), (49,), (3.0,))
('K.160 Musescore', 'P1', 1, (505, 506), (52,), (1.0,), (52,), (1.0,))

69.    ((-5,), (1.0,)):
('K.160 Musescore', 'P1', 3, (132, 133), (25,), (2.0,), (25,), (2.0,))
('K.160 Musescore', 'P1', 3, (179, 180), (38,), (2.0,), (38,), (2.0,))
('K.160 Musescore', 'P1', 3, (342, 343), (64,), (4.0,), (64,), (4.0,))

70.    ((6,), (0.25,)):
('K.160 Musescore', 'P1', 1, (111, 112), (13,), (3.25,), (13,), (3.25,))
('K.160 Musescore', 'P1', 1, (501, 502), (51,), (4.0,), (51,), (4.0,))

71.    ((8,), (0.5,)):
('K.160 Musescore', 'P1', 1, (216, 217), (24,), (4.75,), (24,), (4.75,))
('K.160 Musescore', 'P1', 1, (342, 343), (33,), (4.5,), (33,), (4.5,))

72.    ((11,), (0.5,)):
('K.160 Musescore', 'P1', 1, (247, 248), (26,), (4.75,), (26,), (4.75,))
('K.160 Musescore', 'P1', 1, (618, 619), (62,), (4.75,), (62,), (4.75,))

73.    ((1,), (1.5,)):
('K.160 Musescore', 'P1', 1, (421, 422), (41,), (1.0,), (41,), (1.0,))
('K.160 Musescore', 'P1', 4, (8, 9), (35,), (3.0,), (35,), (3.0,))

74.    ((-8,), (2.0,)):
('K.160 Musescore', 'P1', 3, (20, 21), (4,), (1.0,), (4,), (1.0,))
('K.160 Musescore', 'P1', 3, (307, 308), (56,), (3.0,), (56,), (3.0,))

75.    (((6, -2),), ((0.0, 1.0),)):
('K.160 Musescore', 'P1', 3, (135, 136), (26,), (3.0,), (26,), (3.0,))
('K.160 Musescore', 'P1', 3, (136, 137), (26,), (4.0,), (26,), (4.0,))

76.    ((-8,), (1.0,)):
('K.160 Musescore', 'P1', 3, (140, 141), (28,), (3.0,), (28,), (3.0,))
('K.160 Musescore', 'P1', 3, (341, 342), (64,), (3.0,), (64,), (3.0,))

77.    ((2,), (1.0,)):
('K.160 Musescore', 'P1', 3, (277, 278), (49,), (3.0,), (49,), (3.0,))
('K.160 Musescore', 'P1', 3, (278, 279), (49,), (4.0,), (49,), (4.0,))

