1.    nomes:
K.170 KernScores

2.    quantidade:
1

3.    analise:
[('intDia', 'p1p2'), ('duracao', 'p1p2')] SemContInte Distancia: 0

1.    ((2, 2, 2, 1, -2, -2, 2, 2, 1, -2, -2, 2, 2, 1, -2, 4, -2, -2, -2, 4, -5, 4, -5, 4, -5, 4, -5, 4, -5, 4, -2, -2, -2, 9, -5, 4, -5, 4, -5, 4, -5, 4, -5, 4, -2, -2, -2, 2, 1, 2, 2, 2, -2, 2, 2, 2, 2, -2, -2, -2, -2, -2), (0.5, 0.5, 0.5, 0.5, 1.0, 0.5, 0.5, 0.5, 0.5, 1.0, 0.5, 0.5, 0.5, 0.5, 1.0, 1.0, 1.0, 1.5, 0.5, 1.0, 0.5, 0.5, 0.5, 0.5, 0.5, 0.5, 0.5, 0.5, 0.5, 0.5, 1.0, 1.0, 1.0, 1.0, 0.5, 0.5, 0.5, 0.5, 0.5, 0.5, 0.5, 0.5, 0.5, 0.5, 1.0, 1.0, 1.0, 1.0, 1.0, 0.5, 0.5, 0.5, 0.5, 1.0, 0.5, 0.5, 0.5, 0.5, 1.0, 0.5, 0.5, 0.5)):
('K.170 KernScores', 'P1', 1, (380, 442), (76,), (2.0,), (89,), (3.0,))
('K.170 KernScores', 'P1', 1, (510, 572), (108,), (2.0,), (121,), (3.0,))

2.    ((2, 2, 2, 2, 2, 2, 2, -2, -2, -2, -5, 2, 2, 2, 2, 2, 2, 2, -2, -2, -2, -4, 2, 2, 2, 2, 2, 2, 2, -3, -3, -4, 2, -3, -2, -2, -2, (3, -2)), (0.12, 0.12, 0.12, 0.12, 0.12, 0.12, 0.12, 0.25, 0.25, 0.25, 0.38, 0.12, 0.12, 0.12, 0.12, 0.12, 0.12, 0.12, 0.25, 0.25, 0.25, 0.38, 0.12, 0.12, 0.12, 0.12, 0.12, 0.12, 0.12, 0.25, 0.25, 0.25, 0.25, 0.25, 0.5, 0.12, 0.12, (0.0, 0.5))):
('K.170 KernScores', 'P1', 1, (126, 164), (30,), (1.12,), (33,), (2.0,))
('K.170 KernScores', 'P1', 1, (205, 243), (39,), (1.12,), (42,), (2.0,))

3.    ((3, 2, 2, 2, -5, 2, 2, 2, 2, -6, 3, 2, 2, 2, -7, 4, 2, 2, 2, -8, 5, 2, 2, 2, -2, -2, -2, -2, -2, -2, 2), (1.0, 0.5, 0.5, 0.5, 0.5, 1.0, 0.5, 0.5, 0.5, 0.5, 1.0, 0.5, 0.5, 0.5, 0.5, 1.0, 0.5, 0.5, 0.5, 0.5, 1.0, 0.5, 0.5, 0.5, 0.5, 1.0, 1.0, 1.0, 1.0, 1.0, 1.0)):
('K.170 KernScores', 'P1', 1, (592, 623), (127,), (1.0,), (133,), (3.0,))
('K.170 KernScores', 'P1', 1, (623, 654), (134,), (1.0,), (140,), (3.0,))

4.    ((-5, -2, 2, 2, 2, 1, -2, 1, -2, 1, -2, 2, 2, 2, 1, -2, 1, -2, 1, -2, 2, 2, 2), (1.0, 1.0, 1.0, 1.0, 1.0, 1.0, 0.5, 0.5, 0.5, 0.5, 0.5, 0.5, 1.0, 1.0, 1.0, 0.5, 0.5, 0.5, 0.5, 0.5, 0.5, 1.0, 1.0)):
('K.170 KernScores', 'P1', 1, (278, 301), (49,), (1.0,), (54,), (2.0,))
('K.170 KernScores', 'P1', 1, (310, 333), (57,), (1.0,), (62,), (2.0,))

5.    ((8, (5, -2), (6, 1), (6, 1), (6, -2), (7, 1), (7, 1), (7, -2), (8, 1), (8, 1), (8, -2), (8, 1), (8, 1), (8, -2), (8, -2), (8, -2), (8, 4), 2, -8), (2.0, (0.0, 1.0), (0.0, 1.0), (0.0, 1.0), (0.0, 1.0), (0.0, 1.0), (0.0, 1.0), (0.0, 1.0), (0.0, 1.0), (0.0, 1.0), (0.0, 1.0), (0.0, 1.0), (0.0, 1.0), (0.0, 1.0), (0.0, 1.0), (0.0, 1.0), (0.0, 1.0), 1.0, 1.0)):
('K.170 KernScores', 'P2', 1, (324, 343), (127,), (1.0,), (133,), (2.0,))
('K.170 KernScores', 'P2', 1, (344, 363), (134,), (1.0,), (140,), (2.0,))

6.    ((2, -2, -2, 4, 2, -2, -2, -2, -2, 4, 2, -2, -2, -2, -2, 4, 2), (1.0, 1.0, 1.0, 1.0, 1.0, 1.0, 1.0, 1.0, 1.0, 1.0, 1.0, 1.0, 1.0, 1.0, 1.0, 1.0, 1.0)):
('K.170 KernScores', 'P2', 1, (145, 162), (49,), (3.0,), (55,), (1.0,))
('K.170 KernScores', 'P2', 1, (168, 185), (57,), (3.0,), (63,), (1.0,))

7.    (((5, 1), (5, -2), (6, -2), -2, 4, 2, -8, 4, 5, (5, 1), (5, -2), (6, -2), -2, 4, 2, -8, 4), ((0.0, 2.0), (0.0, 1.0), (0.0, 1.0), 1.0, 1.0, 1.0, 1.0, 1.0, 3.0, (0.0, 2.0), (0.0, 1.0), (0.0, 1.0), 1.0, 1.0, 1.0, 1.0, 1.0)):
('K.170 KernScores', 'P2', 1, (188, 205), (65,), (1.0,), (71,), (3.0,))
('K.170 KernScores', 'P2', 1, (255, 272), (96,), (1.0,), (102,), (3.0,))

8.    ((-2, -2, 1, -2, -2, 8, -2, -2, -2), (0.17, 0.17, 0.17, 1.0, 0.5, 1.0, 0.75, 0.12, 0.12)):
('K.170 KernScores', 'P1', 1, (1, 10), (2,), (1.0,), (3,), (2.88,))
('K.170 KernScores', 'P1', 1, (49, 58), (16,), (1.0,), (17,), (2.88,))

9.    ((4, -2, -2, -2, -2, -2, 2, -2, 2), (0.25, 0.25, 0.25, 0.25, 0.25, 0.25, 0.25, 0.12, 0.06)):
('K.170 KernScores', 'P1', 1, (169, 178), (35,), (1.0,), (35,), (2.88,))
('K.170 KernScores', 'P1', 1, (189, 198), (37,), (1.0,), (37,), (2.88,))

10.    (((3, -2), (3, -2), (3, -2), (3, -2), (3, -2), (3, 4), 2, -8), ((0.0, 1.0), (0.0, 1.0), (0.0, 1.0), (0.0, 1.0), (0.0, 1.0), (0.0, 1.0), 1.0, 1.0)):
('K.170 KernScores', 'P2', 1, (224, 232), (81,), (1.0,), (83,), (2.0,))
('K.170 KernScores', 'P2', 1, (233, 241), (84,), (1.0,), (86,), (2.0,))

11.    (((3, -2), (3, -2), (3, -2), (3, -2), (3, -2), (5, 4), 2, -8), ((0.0, 1.0), (0.0, 1.0), (0.0, 1.0), (0.0, 1.0), (0.0, 1.0), (0.0, 1.0), 1.0, 1.0)):
('K.170 KernScores', 'P2', 1, (296, 304), (113,), (1.0,), (115,), (2.0,))
('K.170 KernScores', 'P2', 1, (305, 313), (116,), (1.0,), (118,), (2.0,))

12.    ((-2, 2, 2, 2, 1, 2), (0.17, 0.17, 0.17, 0.17, 0.17, 0.17)):
('K.170 KernScores', 'P1', 1, (94, 100), (26,), (1.0,), (26,), (1.83,))
('K.170 KernScores', 'P1', 1, (102, 108), (27,), (1.0,), (27,), (1.83,))

13.    ((3, 3, 2, -2, -2, -2), (0.5, 0.5, 1.0, 0.5, 0.5, 0.5)):
('K.170 KernScores', 'P2', 1, (1, 7), (2,), (1.5,), (3,), (2.5,))
('K.170 KernScores', 'P2', 1, (46, 52), (16,), (1.5,), (17,), (2.5,))

14.    ((2, 2, 2, 2, -8, -5), (1.0, 1.0, 1.0, 1.0, 1.0, 1.0)):
('K.170 KernScores', 'P2', 1, (370, 376), (143,), (1.0,), (144,), (3.0,))
('K.170 KernScores', 'P2', 1, (376, 382), (145,), (1.0,), (146,), (3.0,))

15.    ((-2, -2, -2, -2, -2), (0.25, 0.25, 0.25, 0.25, 0.25)):
('K.170 KernScores', 'P1', 1, (170, 175), (35,), (1.25,), (35,), (2.25,))
('K.170 KernScores', 'P1', 1, (180, 185), (36,), (1.25,), (36,), (2.25,))
('K.170 KernScores', 'P1', 1, (190, 195), (37,), (1.25,), (37,), (2.25,))
('K.170 KernScores', 'P2', 1, (97, 102), (34,), (1.75,), (34,), (2.75,))
('K.170 KernScores', 'P2', 1, (103, 108), (35,), (1.75,), (35,), (2.75,))
('K.170 KernScores', 'P2', 1, (109, 114), (36,), (1.75,), (36,), (2.75,))
('K.170 KernScores', 'P2', 1, (115, 120), (37,), (1.75,), (37,), (2.75,))

16.    ((2, -2, -2, -2, -2), (0.5, 0.5, 1.0, 0.5, 0.5)):
('K.170 KernScores', 'P1', 1, (436, 441), (88,), (3.0,), (89,), (2.5,))
('K.170 KernScores', 'P1', 1, (453, 458), (92,), (3.0,), (93,), (2.5,))
('K.170 KernScores', 'P1', 1, (566, 571), (120,), (3.0,), (121,), (2.5,))
('K.170 KernScores', 'P1', 1, (583, 588), (124,), (3.0,), (125,), (2.5,))
('K.170 KernScores', 'P2', 1, (15, 20), (6,), (1.5,), (7,), (2.0,))

17.    ((-2, -2, 2, -2, 2), (0.25, 0.25, 0.25, 0.12, 0.06)):
('K.170 KernScores', 'P1', 1, (173, 178), (35,), (2.0,), (35,), (2.88,))
('K.170 KernScores', 'P1', 1, (183, 188), (36,), (2.0,), (36,), (2.88,))
('K.170 KernScores', 'P1', 1, (193, 198), (37,), (2.0,), (37,), (2.88,))
('K.170 KernScores', 'P1', 2, (1, 6), (34,), (2.0,), (34,), (2.88,))

18.    ((-2, 3, -2, -2, -2), (1.0, 1.0, 0.75, 0.12, 0.12)):
('K.170 KernScores', 'P1', 1, (12, 17), (4,), (2.0,), (5,), (2.88,))
('K.170 KernScores', 'P1', 1, (60, 65), (18,), (2.0,), (19,), (2.88,))

19.    ((4, -4, (3, 2, 3, -2), (5, 4, 2), (4, 3, 1)), (1.0, 3.0, (0.0, 0.0, 0.0, 3.0), (0.0, 0.0, 3.0), (0.0, 0.0, 1.0))):
('K.170 KernScores', 'P2', 1, (241, 246), (86,), (3.0,), (90,), (1.0,))
('K.170 KernScores', 'P2', 1, (313, 318), (118,), (3.0,), (122,), (1.0,))

20.    ((2, 2, -2, -2), (1.0, 1.0, 1.0, 1.0)):
('K.170 KernScores', 'P1', 1, (347, 351), (66,), (1.0,), (67,), (1.0,))
('K.170 KernScores', 'P1', 1, (360, 364), (70,), (1.0,), (71,), (1.0,))
('K.170 KernScores', 'P1', 1, (373, 377), (74,), (1.0,), (75,), (1.0,))
('K.170 KernScores', 'P1', 1, (467, 471), (97,), (1.0,), (98,), (1.0,))
('K.170 KernScores', 'P1', 1, (480, 484), (101,), (1.0,), (102,), (1.0,))
('K.170 KernScores', 'P2', 1, (167, 171), (57,), (2.0,), (58,), (2.0,))

21.    ((4, 2, 2, 2), (1.0, 0.5, 0.5, 0.5)):
('K.170 KernScores', 'P1', 1, (607, 611), (130,), (1.0,), (130,), (3.0,))
('K.170 KernScores', 'P1', 1, (638, 642), (137,), (1.0,), (137,), (3.0,))
('K.170 KernScores', 'P2', 1, (10, 14), (4,), (2.5,), (5,), (2.5,))

22.    ((-2, 2, 2), (0.5, 0.5, 0.5)):
('K.170 KernScores', 'P1', 1, (385, 388), (77,), (2.0,), (77,), (3.0,))
('K.170 KernScores', 'P1', 1, (390, 393), (78,), (2.0,), (78,), (3.0,))
('K.170 KernScores', 'P1', 1, (463, 466), (96,), (2.0,), (96,), (3.0,))
('K.170 KernScores', 'P1', 1, (515, 518), (109,), (2.0,), (109,), (3.0,))
('K.170 KernScores', 'P1', 1, (520, 523), (110,), (2.0,), (110,), (3.0,))
('K.170 KernScores', 'P2', 1, (138, 141), (45,), (2.5,), (46,), (1.5,))

23.    ((2, 2, 2), (1.0, 1.0, 1.0)):
('K.170 KernScores', 'P1', 1, (280, 283), (49,), (3.0,), (50,), (2.0,))
('K.170 KernScores', 'P1', 1, (312, 315), (57,), (3.0,), (58,), (2.0,))
('K.170 KernScores', 'P2', 1, (364, 367), (141,), (1.0,), (141,), (3.0,))
('K.170 KernScores', 'P2', 1, (370, 373), (143,), (1.0,), (143,), (3.0,))
('K.170 KernScores', 'P2', 1, (376, 379), (145,), (1.0,), (145,), (3.0,))

24.    ((-2, -2, -2), (0.5, 0.5, 0.5)):
('K.170 KernScores', 'P1', 1, (335, 338), (63,), (1.5,), (63,), (2.5,))
('K.170 KernScores', 'P2', 1, (4, 7), (3,), (1.5,), (3,), (2.5,))
('K.170 KernScores', 'P2', 1, (37, 40), (13,), (2.0,), (14,), (1.0,))
('K.170 KernScores', 'P2', 1, (49, 52), (17,), (1.5,), (17,), (2.5,))

25.    ((2, 6, -8), (0.5, 1.0, 0.5)):
('K.170 KernScores', 'P1', 1, (22, 25), (8,), (1.0,), (8,), (2.5,))
('K.170 KernScores', 'P1', 1, (25, 28), (9,), (1.0,), (9,), (2.5,))

26.    (((5, 1), (5, 1), (5, 1)), ((0.0, 0.5), (0.0, 0.5), (0.0, 1.0))):
('K.170 KernScores', 'P2', 1, (69, 72), (23,), (1.5,), (23,), (2.5,))
('K.170 KernScores', 'P2', 1, (72, 75), (24,), (1.5,), (24,), (2.5,))

27.    (((3, 1), (3, 1), (3, -2)), ((0.0, 0.5), (0.0, 0.5), (0.0, 1.0))):
('K.170 KernScores', 'P2', 1, (78, 81), (26,), (1.5,), (26,), (2.5,))
('K.170 KernScores', 'P2', 1, (81, 84), (27,), (1.5,), (27,), (2.5,))

28.    (((6, 3, -2), (6, 3, 8), 2), ((0.0, 0.0, 2.0), (0.0, 0.0, 1.5), 0.5)):
('K.170 KernScores', 'P2', 1, (89, 92), (31,), (1.0,), (32,), (2.5,))
('K.170 KernScores', 'P2', 1, (123, 126), (40,), (1.0,), (41,), (2.5,))

29.    (((3, -2), (3, 1), (3, -2)), ((0.0, 1.0), (0.0, 1.0), (0.0, 1.0))):
('K.170 KernScores', 'P2', 1, (219, 222), (78,), (3.0,), (79,), (2.0,))
('K.170 KernScores', 'P2', 1, (274, 277), (103,), (3.0,), (104,), (2.0,))

30.    ((-2, -2), (0.25, 0.25)):
('K.170 KernScores', 'P1', 1, (133, 135), (30,), (2.0,), (30,), (2.25,))
('K.170 KernScores', 'P1', 1, (144, 146), (31,), (2.0,), (31,), (2.25,))
('K.170 KernScores', 'P1', 1, (166, 168), (34,), (1.25,), (34,), (1.5,))
('K.170 KernScores', 'P1', 1, (170, 172), (35,), (1.25,), (35,), (1.5,))
('K.170 KernScores', 'P1', 1, (172, 174), (35,), (1.75,), (35,), (2.0,))
('K.170 KernScores', 'P1', 1, (180, 182), (36,), (1.25,), (36,), (1.5,))
('K.170 KernScores', 'P1', 1, (182, 184), (36,), (1.75,), (36,), (2.0,))
('K.170 KernScores', 'P1', 1, (190, 192), (37,), (1.25,), (37,), (1.5,))
('K.170 KernScores', 'P1', 1, (192, 194), (37,), (1.75,), (37,), (2.0,))
('K.170 KernScores', 'P1', 1, (212, 214), (39,), (2.0,), (39,), (2.25,))
('K.170 KernScores', 'P1', 1, (223, 225), (40,), (2.0,), (40,), (2.25,))
('K.170 KernScores', 'P1', 2, (1, 3), (34,), (2.0,), (34,), (2.25,))
('K.170 KernScores', 'P2', 1, (97, 99), (34,), (1.75,), (34,), (2.0,))
('K.170 KernScores', 'P2', 1, (99, 101), (34,), (2.25,), (34,), (2.5,))
('K.170 KernScores', 'P2', 1, (103, 105), (35,), (1.75,), (35,), (2.0,))
('K.170 KernScores', 'P2', 1, (105, 107), (35,), (2.25,), (35,), (2.5,))
('K.170 KernScores', 'P2', 1, (109, 111), (36,), (1.75,), (36,), (2.0,))
('K.170 KernScores', 'P2', 1, (111, 113), (36,), (2.25,), (36,), (2.5,))
('K.170 KernScores', 'P2', 1, (115, 117), (37,), (1.75,), (37,), (2.0,))
('K.170 KernScores', 'P2', 1, (117, 119), (37,), (2.25,), (37,), (2.5,))

31.    ((-3, 2), (0.5, 0.5)):
('K.170 KernScores', 'P1', 1, (10, 12), (4,), (1.0,), (4,), (1.5,))
('K.170 KernScores', 'P1', 1, (65, 67), (20,), (1.0,), (20,), (1.5,))
('K.170 KernScores', 'P1', 1, (487, 489), (103,), (2.0,), (103,), (2.5,))
('K.170 KernScores', 'P1', 1, (492, 494), (104,), (2.0,), (104,), (2.5,))
('K.170 KernScores', 'P1', 1, (497, 499), (105,), (2.0,), (105,), (2.5,))
('K.170 KernScores', 'P1', 1, (499, 501), (105,), (3.0,), (105,), (3.5,))
('K.170 KernScores', 'P1', 1, (501, 503), (106,), (1.0,), (106,), (1.5,))
('K.170 KernScores', 'P2', 1, (33, 35), (12,), (1.5,), (12,), (2.0,))
('K.170 KernScores', 'P2', 1, (52, 54), (18,), (1.0,), (18,), (1.5,))

32.    ((-2, 2), (1.0, 2.0)):
('K.170 KernScores', 'P1', 1, (573, 575), (122,), (1.0,), (122,), (2.0,))
('K.170 KernScores', 'P1', 1, (590, 592), (126,), (1.0,), (126,), (2.0,))
('K.170 KernScores', 'P2', 1, (287, 289), (108,), (3.0,), (109,), (1.0,))
('K.170 KernScores', 'P2', 1, (289, 291), (109,), (3.0,), (110,), (1.0,))

33.    ((3, -3), (0.5, 0.5)):
('K.170 KernScores', 'P1', 1, (661, 663), (143,), (1.0,), (143,), (1.5,))
('K.170 KernScores', 'P1', 1, (668, 670), (145,), (1.0,), (145,), (1.5,))
('K.170 KernScores', 'P2', 1, (24, 26), (9,), (1.5,), (9,), (2.0,))
('K.170 KernScores', 'P2', 1, (27, 29), (10,), (1.5,), (10,), (2.0,))

34.    ((2, 1), (1.0, 1.0)):
('K.170 KernScores', 'P1', 1, (427, 429), (86,), (3.0,), (87,), (1.0,))
('K.170 KernScores', 'P1', 1, (557, 559), (118,), (3.0,), (119,), (1.0,))
('K.170 KernScores', 'P2', 1, (281, 283), (106,), (1.0,), (106,), (2.0,))

35.    ((8, -2), (0.5, 1.0)):
('K.170 KernScores', 'P1', 1, (35, 37), (12,), (1.0,), (12,), (1.5,))
('K.170 KernScores', 'P1', 1, (38, 40), (13,), (1.0,), (13,), (1.5,))

36.    (((3, -2), (3, 2)), ((0.0, 0.5), (0.0, 0.5))):
('K.170 KernScores', 'P1', 1, (45, 47), (14,), (2.0,), (14,), (2.5,))
('K.170 KernScores', 'P1', 1, (275, 277), (46,), (2.0,), (46,), (2.5,))

37.    (((3, 1), (3, 2)), ((0.0, 0.25), (0.0, 0.25))):
('K.170 KernScores', 'P1', 1, (199, 201), (38,), (1.25,), (38,), (1.5,))
('K.170 KernScores', 'P1', 1, (202, 204), (38,), (2.25,), (38,), (2.5,))

38.    ((-3, -3), (0.5, 0.5)):
('K.170 KernScores', 'P1', 1, (655, 657), (141,), (1.5,), (141,), (2.0,))
('K.170 KernScores', 'P2', 1, (21, 23), (8,), (1.5,), (8,), (2.0,))

39.    ((2, (3, -5)), (0.5, (0.0, 0.5))):
('K.170 KernScores', 'P2', 1, (8, 10), (4,), (1.5,), (4,), (2.0,))
('K.170 KernScores', 'P2', 1, (53, 55), (18,), (1.5,), (18,), (2.0,))

40.    ((-8, 4), (0.5, 0.5)):
('K.170 KernScores', 'P2', 1, (41, 43), (14,), (2.0,), (14,), (2.5,))
('K.170 KernScores', 'P2', 1, (94, 96), (33,), (2.0,), (33,), (2.5,))

41.    (((3, -2), (5, 2)), ((0.0, 1.0), (0.0, 3.0))):
('K.170 KernScores', 'P2', 1, (222, 224), (79,), (3.0,), (80,), (1.0,))
('K.170 KernScores', 'P2', 1, (294, 296), (111,), (3.0,), (112,), (1.0,))

42.    ((2,), (1.0,)):
('K.170 KernScores', 'P1', 1, (19, 20), (6,), (2.0,), (6,), (2.0,))
('K.170 KernScores', 'P1', 1, (308, 309), (56,), (2.0,), (56,), (2.0,))
('K.170 KernScores', 'P1', 1, (341, 342), (64,), (2.0,), (64,), (2.0,))
('K.170 KernScores', 'P1', 1, (354, 355), (68,), (2.0,), (68,), (2.0,))
('K.170 KernScores', 'P1', 1, (367, 368), (72,), (2.0,), (72,), (2.0,))
('K.170 KernScores', 'P1', 1, (378, 379), (75,), (3.0,), (75,), (3.0,))
('K.170 KernScores', 'P1', 1, (474, 475), (99,), (2.0,), (99,), (2.0,))
('K.170 KernScores', 'P1', 1, (485, 486), (102,), (3.0,), (102,), (3.0,))
('K.170 KernScores', 'P1', 1, (597, 598), (128,), (1.0,), (128,), (1.0,))
('K.170 KernScores', 'P1', 1, (622, 623), (133,), (3.0,), (133,), (3.0,))
('K.170 KernScores', 'P1', 1, (628, 629), (135,), (1.0,), (135,), (1.0,))
('K.170 KernScores', 'P1', 1, (653, 654), (140,), (3.0,), (140,), (3.0,))
('K.170 KernScores', 'P1', 1, (673, 674), (146,), (1.0,), (146,), (1.0,))
('K.170 KernScores', 'P2', 1, (3, 4), (2,), (2.5,), (2,), (2.5,))
('K.170 KernScores', 'P2', 1, (20, 21), (7,), (2.5,), (7,), (2.5,))
('K.170 KernScores', 'P2', 1, (48, 49), (16,), (2.5,), (16,), (2.5,))
('K.170 KernScores', 'P2', 1, (184, 185), (63,), (1.0,), (63,), (1.0,))
('K.170 KernScores', 'P2', 1, (193, 194), (67,), (1.0,), (67,), (1.0,))
('K.170 KernScores', 'P2', 1, (202, 203), (71,), (1.0,), (71,), (1.0,))
('K.170 KernScores', 'P2', 1, (211, 212), (75,), (1.0,), (75,), (1.0,))
('K.170 KernScores', 'P2', 1, (230, 231), (83,), (1.0,), (83,), (1.0,))
('K.170 KernScores', 'P2', 1, (239, 240), (86,), (1.0,), (86,), (1.0,))
('K.170 KernScores', 'P2', 1, (260, 261), (98,), (1.0,), (98,), (1.0,))
('K.170 KernScores', 'P2', 1, (269, 270), (102,), (1.0,), (102,), (1.0,))
('K.170 KernScores', 'P2', 1, (302, 303), (115,), (1.0,), (115,), (1.0,))
('K.170 KernScores', 'P2', 1, (311, 312), (118,), (1.0,), (118,), (1.0,))
('K.170 KernScores', 'P2', 1, (341, 342), (133,), (1.0,), (133,), (1.0,))
('K.170 KernScores', 'P2', 1, (361, 362), (140,), (1.0,), (140,), (1.0,))
('K.170 KernScores', 'P2', 1, (367, 368), (142,), (1.0,), (142,), (1.0,))
('K.170 KernScores', 'P2', 1, (373, 374), (144,), (1.0,), (144,), (1.0,))
('K.170 KernScores', 'P2', 1, (379, 380), (146,), (1.0,), (146,), (1.0,))

43.    ((-5,), (0.5,)):
('K.170 KernScores', 'P1', 1, (37, 38), (12,), (2.5,), (12,), (2.5,))
('K.170 KernScores', 'P1', 1, (59, 60), (18,), (1.5,), (18,), (1.5,))
('K.170 KernScores', 'P1', 1, (400, 401), (81,), (1.0,), (81,), (1.0,))
('K.170 KernScores', 'P1', 1, (402, 403), (81,), (2.0,), (81,), (2.0,))
('K.170 KernScores', 'P1', 1, (404, 405), (81,), (3.0,), (81,), (3.0,))
('K.170 KernScores', 'P1', 1, (406, 407), (82,), (1.0,), (82,), (1.0,))
('K.170 KernScores', 'P1', 1, (408, 409), (82,), (2.0,), (82,), (2.0,))
('K.170 KernScores', 'P1', 1, (414, 415), (84,), (1.0,), (84,), (1.0,))
('K.170 KernScores', 'P1', 1, (416, 417), (84,), (2.0,), (84,), (2.0,))
('K.170 KernScores', 'P1', 1, (418, 419), (84,), (3.0,), (84,), (3.0,))
('K.170 KernScores', 'P1', 1, (420, 421), (85,), (1.0,), (85,), (1.0,))
('K.170 KernScores', 'P1', 1, (422, 423), (85,), (2.0,), (85,), (2.0,))
('K.170 KernScores', 'P1', 1, (442, 443), (89,), (3.5,), (89,), (3.5,))
('K.170 KernScores', 'P1', 1, (459, 460), (93,), (3.5,), (93,), (3.5,))
('K.170 KernScores', 'P1', 1, (530, 531), (113,), (1.0,), (113,), (1.0,))
('K.170 KernScores', 'P1', 1, (532, 533), (113,), (2.0,), (113,), (2.0,))
('K.170 KernScores', 'P1', 1, (534, 535), (113,), (3.0,), (113,), (3.0,))
('K.170 KernScores', 'P1', 1, (536, 537), (114,), (1.0,), (114,), (1.0,))
('K.170 KernScores', 'P1', 1, (538, 539), (114,), (2.0,), (114,), (2.0,))
('K.170 KernScores', 'P1', 1, (544, 545), (116,), (1.0,), (116,), (1.0,))
('K.170 KernScores', 'P1', 1, (546, 547), (116,), (2.0,), (116,), (2.0,))
('K.170 KernScores', 'P1', 1, (548, 549), (116,), (3.0,), (116,), (3.0,))
('K.170 KernScores', 'P1', 1, (550, 551), (117,), (1.0,), (117,), (1.0,))
('K.170 KernScores', 'P1', 1, (552, 553), (117,), (2.0,), (117,), (2.0,))
('K.170 KernScores', 'P1', 1, (596, 597), (127,), (3.5,), (127,), (3.5,))
('K.170 KernScores', 'P1', 1, (627, 628), (134,), (3.5,), (134,), (3.5,))
('K.170 KernScores', 'P2', 1, (31, 32), (11,), (1.5,), (11,), (1.5,))
('K.170 KernScores', 'P2', 1, (142, 143), (46,), (2.5,), (46,), (2.5,))

44.    ((4,), (0.5,)):
('K.170 KernScores', 'P1', 1, (58, 59), (18,), (1.0,), (18,), (1.0,))
('K.170 KernScores', 'P1', 1, (108, 109), (27,), (2.0,), (27,), (2.0,))
('K.170 KernScores', 'P1', 1, (401, 402), (81,), (1.5,), (81,), (1.5,))
('K.170 KernScores', 'P1', 1, (403, 404), (81,), (2.5,), (81,), (2.5,))
('K.170 KernScores', 'P1', 1, (405, 406), (81,), (3.5,), (81,), (3.5,))
('K.170 KernScores', 'P1', 1, (407, 408), (82,), (1.5,), (82,), (1.5,))
('K.170 KernScores', 'P1', 1, (409, 410), (82,), (2.5,), (82,), (2.5,))
('K.170 KernScores', 'P1', 1, (415, 416), (84,), (1.5,), (84,), (1.5,))
('K.170 KernScores', 'P1', 1, (417, 418), (84,), (2.5,), (84,), (2.5,))
('K.170 KernScores', 'P1', 1, (419, 420), (84,), (3.5,), (84,), (3.5,))
('K.170 KernScores', 'P1', 1, (421, 422), (85,), (1.5,), (85,), (1.5,))
('K.170 KernScores', 'P1', 1, (423, 424), (85,), (2.5,), (85,), (2.5,))
('K.170 KernScores', 'P1', 1, (531, 532), (113,), (1.5,), (113,), (1.5,))
('K.170 KernScores', 'P1', 1, (533, 534), (113,), (2.5,), (113,), (2.5,))
('K.170 KernScores', 'P1', 1, (535, 536), (113,), (3.5,), (113,), (3.5,))
('K.170 KernScores', 'P1', 1, (537, 538), (114,), (1.5,), (114,), (1.5,))
('K.170 KernScores', 'P1', 1, (539, 540), (114,), (2.5,), (114,), (2.5,))
('K.170 KernScores', 'P1', 1, (545, 546), (116,), (1.5,), (116,), (1.5,))
('K.170 KernScores', 'P1', 1, (547, 548), (116,), (2.5,), (116,), (2.5,))
('K.170 KernScores', 'P1', 1, (549, 550), (116,), (3.5,), (116,), (3.5,))
('K.170 KernScores', 'P1', 1, (551, 552), (117,), (1.5,), (117,), (1.5,))
('K.170 KernScores', 'P1', 1, (553, 554), (117,), (2.5,), (117,), (2.5,))
('K.170 KernScores', 'P2', 1, (42, 43), (14,), (2.5,), (14,), (2.5,))
('K.170 KernScores', 'P2', 1, (55, 56), (18,), (2.5,), (18,), (2.5,))
('K.170 KernScores', 'P2', 1, (95, 96), (33,), (2.5,), (33,), (2.5,))

45.    ((-2,), (0.5,)):
('K.170 KernScores', 'P1', 1, (30, 31), (10,), (2.5,), (10,), (2.5,))
('K.170 KernScores', 'P1', 1, (80, 81), (23,), (1.0,), (23,), (1.0,))
('K.170 KernScores', 'P1', 1, (91, 92), (25,), (1.0,), (25,), (1.0,))
('K.170 KernScores', 'P1', 1, (101, 102), (26,), (2.5,), (26,), (2.5,))
('K.170 KernScores', 'P1', 1, (160, 161), (33,), (1.25,), (33,), (1.25,))
('K.170 KernScores', 'P1', 1, (239, 240), (42,), (1.25,), (42,), (1.25,))
('K.170 KernScores', 'P1', 1, (245, 246), (43,), (1.25,), (43,), (1.25,))
('K.170 KernScores', 'P1', 1, (284, 285), (51,), (1.0,), (51,), (1.0,))
('K.170 KernScores', 'P1', 1, (286, 287), (51,), (2.0,), (51,), (2.0,))
('K.170 KernScores', 'P1', 1, (293, 294), (53,), (1.0,), (53,), (1.0,))
('K.170 KernScores', 'P1', 1, (295, 296), (53,), (2.0,), (53,), (2.0,))
('K.170 KernScores', 'P1', 1, (316, 317), (59,), (1.0,), (59,), (1.0,))
('K.170 KernScores', 'P1', 1, (318, 319), (59,), (2.0,), (59,), (2.0,))
('K.170 KernScores', 'P1', 1, (325, 326), (61,), (1.0,), (61,), (1.0,))
('K.170 KernScores', 'P1', 1, (327, 328), (61,), (2.0,), (61,), (2.0,))
('K.170 KernScores', 'P1', 1, (398, 399), (80,), (2.5,), (80,), (2.5,))
('K.170 KernScores', 'P1', 1, (441, 442), (89,), (3.0,), (89,), (3.0,))
('K.170 KernScores', 'P1', 1, (458, 459), (93,), (3.0,), (93,), (3.0,))
('K.170 KernScores', 'P1', 1, (506, 507), (106,), (3.5,), (106,), (3.5,))
('K.170 KernScores', 'P1', 1, (508, 509), (107,), (2.5,), (107,), (2.5,))
('K.170 KernScores', 'P1', 1, (528, 529), (112,), (2.5,), (112,), (2.5,))
('K.170 KernScores', 'P1', 1, (616, 617), (131,), (3.5,), (131,), (3.5,))
('K.170 KernScores', 'P1', 1, (647, 648), (138,), (3.5,), (138,), (3.5,))
('K.170 KernScores', 'P2', 1, (62, 63), (20,), (2.5,), (20,), (2.5,))

46.    ((-2,), (1.0,)):
('K.170 KernScores', 'P1', 1, (12, 13), (4,), (2.0,), (4,), (2.0,))
('K.170 KernScores', 'P1', 1, (36, 37), (12,), (1.5,), (12,), (1.5,))
('K.170 KernScores', 'P1', 1, (39, 40), (13,), (1.5,), (13,), (1.5,))
('K.170 KernScores', 'P1', 1, (60, 61), (18,), (2.0,), (18,), (2.0,))
('K.170 KernScores', 'P1', 1, (279, 280), (49,), (2.0,), (49,), (2.0,))
('K.170 KernScores', 'P1', 1, (307, 308), (56,), (1.0,), (56,), (1.0,))
('K.170 KernScores', 'P1', 1, (311, 312), (57,), (2.0,), (57,), (2.0,))
('K.170 KernScores', 'P1', 1, (340, 341), (64,), (1.0,), (64,), (1.0,))
('K.170 KernScores', 'P1', 1, (351, 352), (67,), (2.0,), (67,), (2.0,))
('K.170 KernScores', 'P1', 1, (364, 365), (71,), (2.0,), (71,), (2.0,))
('K.170 KernScores', 'P1', 1, (377, 378), (75,), (2.0,), (75,), (2.0,))
('K.170 KernScores', 'P1', 1, (384, 385), (77,), (1.0,), (77,), (1.0,))
('K.170 KernScores', 'P1', 1, (396, 397), (79,), (3.0,), (79,), (3.0,))
('K.170 KernScores', 'P1', 1, (471, 472), (98,), (2.0,), (98,), (2.0,))
('K.170 KernScores', 'P1', 1, (484, 485), (102,), (2.0,), (102,), (2.0,))
('K.170 KernScores', 'P1', 1, (514, 515), (109,), (1.0,), (109,), (1.0,))
('K.170 KernScores', 'P1', 1, (526, 527), (111,), (3.0,), (111,), (3.0,))
('K.170 KernScores', 'P1', 1, (621, 622), (133,), (2.0,), (133,), (2.0,))
('K.170 KernScores', 'P1', 1, (652, 653), (140,), (2.0,), (140,), (2.0,))
('K.170 KernScores', 'P2', 1, (120, 121), (38,), (1.0,), (38,), (1.0,))
('K.170 KernScores', 'P2', 1, (165, 166), (56,), (2.0,), (56,), (2.0,))
('K.170 KernScores', 'P2', 1, (291, 292), (110,), (3.0,), (110,), (3.0,))
('K.170 KernScores', 'P2', 1, (293, 294), (111,), (2.0,), (111,), (2.0,))

47.    ((4,), (1.0,)):
('K.170 KernScores', 'P1', 1, (301, 302), (54,), (3.0,), (54,), (3.0,))
('K.170 KernScores', 'P1', 1, (395, 396), (79,), (2.0,), (79,), (2.0,))
('K.170 KernScores', 'P1', 1, (399, 400), (80,), (3.0,), (80,), (3.0,))
('K.170 KernScores', 'P1', 1, (525, 526), (111,), (2.0,), (111,), (2.0,))
('K.170 KernScores', 'P1', 1, (529, 530), (112,), (3.0,), (112,), (3.0,))
('K.170 KernScores', 'P2', 1, (23, 24), (8,), (2.5,), (8,), (2.5,))
('K.170 KernScores', 'P2', 1, (26, 27), (9,), (2.5,), (9,), (2.5,))
('K.170 KernScores', 'P2', 1, (148, 149), (50,), (3.0,), (50,), (3.0,))
('K.170 KernScores', 'P2', 1, (171, 172), (58,), (3.0,), (58,), (3.0,))
('K.170 KernScores', 'P2', 1, (195, 196), (67,), (3.0,), (67,), (3.0,))
('K.170 KernScores', 'P2', 1, (204, 205), (71,), (3.0,), (71,), (3.0,))
('K.170 KernScores', 'P2', 1, (213, 214), (75,), (3.0,), (75,), (3.0,))
('K.170 KernScores', 'P2', 1, (241, 242), (86,), (3.0,), (86,), (3.0,))
('K.170 KernScores', 'P2', 1, (262, 263), (98,), (3.0,), (98,), (3.0,))
('K.170 KernScores', 'P2', 1, (271, 272), (102,), (3.0,), (102,), (3.0,))
('K.170 KernScores', 'P2', 1, (313, 314), (118,), (3.0,), (118,), (3.0,))
('K.170 KernScores', 'P2', 1, (343, 344), (133,), (3.0,), (133,), (3.0,))
('K.170 KernScores', 'P2', 1, (369, 370), (142,), (3.0,), (142,), (3.0,))

48.    ((1,), (0.5,)):
('K.170 KernScores', 'P1', 1, (71, 72), (21,), (2.5,), (21,), (2.5,))
('K.170 KernScores', 'P1', 1, (79, 80), (22,), (2.5,), (22,), (2.5,))
('K.170 KernScores', 'P1', 1, (82, 83), (23,), (2.5,), (23,), (2.5,))
('K.170 KernScores', 'P1', 1, (90, 91), (24,), (2.5,), (24,), (2.5,))
('K.170 KernScores', 'P1', 1, (93, 94), (25,), (2.5,), (25,), (2.5,))
('K.170 KernScores', 'P1', 1, (109, 110), (27,), (2.5,), (27,), (2.5,))
('K.170 KernScores', 'P1', 1, (285, 286), (51,), (1.5,), (51,), (1.5,))
('K.170 KernScores', 'P1', 1, (287, 288), (51,), (2.5,), (51,), (2.5,))
('K.170 KernScores', 'P1', 1, (294, 295), (53,), (1.5,), (53,), (1.5,))
('K.170 KernScores', 'P1', 1, (296, 297), (53,), (2.5,), (53,), (2.5,))
('K.170 KernScores', 'P1', 1, (317, 318), (59,), (1.5,), (59,), (1.5,))
('K.170 KernScores', 'P1', 1, (319, 320), (59,), (2.5,), (59,), (2.5,))
('K.170 KernScores', 'P1', 1, (326, 327), (61,), (1.5,), (61,), (1.5,))
('K.170 KernScores', 'P1', 1, (328, 329), (61,), (2.5,), (61,), (2.5,))
('K.170 KernScores', 'P2', 1, (14, 15), (6,), (1.0,), (6,), (1.0,))

49.    ((5,), (0.5,)):
('K.170 KernScores', 'P1', 1, (33, 34), (11,), (2.0,), (11,), (2.0,))
('K.170 KernScores', 'P1', 1, (41, 42), (14,), (1.0,), (14,), (1.0,))
('K.170 KernScores', 'P1', 1, (113, 114), (28,), (1.5,), (28,), (1.5,))
('K.170 KernScores', 'P1', 1, (117, 118), (28,), (2.5,), (28,), (2.5,))
('K.170 KernScores', 'P1', 1, (121, 122), (29,), (1.5,), (29,), (1.5,))
('K.170 KernScores', 'P1', 1, (334, 335), (63,), (1.0,), (63,), (1.0,))
('K.170 KernScores', 'P1', 1, (490, 491), (103,), (3.5,), (103,), (3.5,))
('K.170 KernScores', 'P1', 1, (654, 655), (141,), (1.0,), (141,), (1.0,))
('K.170 KernScores', 'P1', 1, (657, 658), (141,), (2.5,), (141,), (2.5,))
('K.170 KernScores', 'P1', 1, (664, 665), (143,), (2.5,), (143,), (2.5,))
('K.170 KernScores', 'P2', 1, (40, 41), (14,), (1.5,), (14,), (1.5,))

50.    ((1,), (1.0,)):
('K.170 KernScores', 'P1', 1, (81, 82), (23,), (1.5,), (23,), (1.5,))
('K.170 KernScores', 'P1', 1, (92, 93), (25,), (1.5,), (25,), (1.5,))
('K.170 KernScores', 'P1', 1, (283, 284), (50,), (3.0,), (50,), (3.0,))
('K.170 KernScores', 'P1', 1, (292, 293), (52,), (3.0,), (52,), (3.0,))
('K.170 KernScores', 'P1', 1, (315, 316), (58,), (3.0,), (58,), (3.0,))
('K.170 KernScores', 'P1', 1, (324, 325), (60,), (3.0,), (60,), (3.0,))
('K.170 KernScores', 'P1', 1, (445, 446), (91,), (1.0,), (91,), (1.0,))
('K.170 KernScores', 'P1', 1, (491, 492), (104,), (1.0,), (104,), (1.0,))
('K.170 KernScores', 'P1', 1, (496, 497), (105,), (1.0,), (105,), (1.0,))
('K.170 KernScores', 'P1', 1, (575, 576), (123,), (1.0,), (123,), (1.0,))
('K.170 KernScores', 'P2', 1, (292, 293), (111,), (1.0,), (111,), (1.0,))

51.    ((-8,), (0.5,)):
('K.170 KernScores', 'P1', 1, (27, 28), (9,), (2.5,), (9,), (2.5,))
('K.170 KernScores', 'P1', 1, (611, 612), (130,), (3.5,), (130,), (3.5,))
('K.170 KernScores', 'P1', 1, (642, 643), (137,), (3.5,), (137,), (3.5,))
('K.170 KernScores', 'P2', 1, (41, 42), (14,), (2.0,), (14,), (2.0,))
('K.170 KernScores', 'P2', 1, (43, 44), (15,), (1.0,), (15,), (1.0,))
('K.170 KernScores', 'P2', 1, (44, 45), (15,), (1.5,), (15,), (1.5,))
('K.170 KernScores', 'P2', 1, (56, 57), (19,), (1.0,), (19,), (1.0,))
('K.170 KernScores', 'P2', 1, (141, 142), (46,), (2.0,), (46,), (2.0,))

52.    ((3,), (0.5,)):
('K.170 KernScores', 'P1', 1, (48, 49), (15,), (2.5,), (15,), (2.5,))
('K.170 KernScores', 'P2', 1, (1, 2), (2,), (1.5,), (2,), (1.5,))
('K.170 KernScores', 'P2', 1, (2, 3), (2,), (2.0,), (2,), (2.0,))
('K.170 KernScores', 'P2', 1, (46, 47), (16,), (1.5,), (16,), (1.5,))
('K.170 KernScores', 'P2', 1, (47, 48), (16,), (2.0,), (16,), (2.0,))
('K.170 KernScores', 'P2', 1, (63, 64), (21,), (1.0,), (21,), (1.0,))

53.    ((-5,), (1.0,)):
('K.170 KernScores', 'P1', 1, (278, 279), (49,), (1.0,), (49,), (1.0,))
('K.170 KernScores', 'P1', 1, (310, 311), (57,), (1.0,), (57,), (1.0,))
('K.170 KernScores', 'P2', 1, (35, 36), (12,), (2.5,), (12,), (2.5,))
('K.170 KernScores', 'P2', 1, (186, 187), (63,), (3.0,), (63,), (3.0,))
('K.170 KernScores', 'P2', 1, (375, 376), (144,), (3.0,), (144,), (3.0,))
('K.170 KernScores', 'P2', 1, (381, 382), (146,), (3.0,), (146,), (3.0,))

54.    ((8,), (1.0,)):
('K.170 KernScores', 'P1', 1, (6, 7), (3,), (1.0,), (3,), (1.0,))
('K.170 KernScores', 'P1', 1, (54, 55), (17,), (1.0,), (17,), (1.0,))
('K.170 KernScores', 'P1', 1, (309, 310), (56,), (3.0,), (56,), (3.0,))
('K.170 KernScores', 'P2', 1, (252, 253), (95,), (1.0,), (95,), (1.0,))
('K.170 KernScores', 'P2', 1, (272, 273), (103,), (1.0,), (103,), (1.0,))

55.    ((-4,), (0.5,)):
('K.170 KernScores', 'P1', 1, (17, 18), (6,), (1.0,), (6,), (1.0,))
('K.170 KernScores', 'P1', 1, (78, 79), (22,), (2.0,), (22,), (2.0,))
('K.170 KernScores', 'P1', 1, (89, 90), (24,), (2.0,), (24,), (2.0,))
('K.170 KernScores', 'P1', 1, (100, 101), (26,), (2.0,), (26,), (2.0,))
('K.170 KernScores', 'P2', 1, (30, 31), (11,), (1.0,), (11,), (1.0,))

56.    ((2,), (0.5,)):
('K.170 KernScores', 'P1', 1, (18, 19), (6,), (1.5,), (6,), (1.5,))
('K.170 KernScores', 'P1', 1, (22, 23), (8,), (1.0,), (8,), (1.0,))
('K.170 KernScores', 'P1', 1, (466, 467), (96,), (3.5,), (96,), (3.5,))
('K.170 KernScores', 'P2', 1, (8, 9), (4,), (1.5,), (4,), (1.5,))
('K.170 KernScores', 'P2', 1, (29, 30), (10,), (2.5,), (10,), (2.5,))

57.    (((3, 1),), ((0.0, 0.5),)):
('K.170 KernScores', 'P1', 1, (201, 202), (38,), (1.75,), (38,), (1.75,))
('K.170 KernScores', 'P2', 1, (78, 79), (26,), (1.5,), (26,), (1.5,))
('K.170 KernScores', 'P2', 1, (79, 80), (26,), (2.0,), (26,), (2.0,))
('K.170 KernScores', 'P2', 1, (81, 82), (27,), (1.5,), (27,), (1.5,))
('K.170 KernScores', 'P2', 1, (82, 83), (27,), (2.0,), (27,), (2.0,))

58.    (((4, -2),), ((0.0, 1.0),)):
('K.170 KernScores', 'P1', 1, (443, 444), (90,), (1.0,), (90,), (1.0,))
('K.170 KernScores', 'P1', 1, (460, 461), (94,), (1.0,), (94,), (1.0,))
('K.170 KernScores', 'P2', 1, (77, 78), (25,), (2.5,), (25,), (2.5,))
('K.170 KernScores', 'P2', 1, (85, 86), (28,), (2.5,), (28,), (2.5,))
('K.170 KernScores', 'P2', 1, (277, 278), (104,), (3.0,), (104,), (3.0,))

59.    ((-6,), (0.5,)):
('K.170 KernScores', 'P1', 1, (21, 22), (7,), (2.5,), (7,), (2.5,))
('K.170 KernScores', 'P1', 1, (34, 35), (11,), (2.5,), (11,), (2.5,))
('K.170 KernScores', 'P1', 1, (40, 41), (13,), (2.5,), (13,), (2.5,))
('K.170 KernScores', 'P1', 1, (505, 506), (106,), (3.0,), (106,), (3.0,))

60.    ((6,), (0.5,)):
('K.170 KernScores', 'P1', 1, (28, 29), (10,), (1.0,), (10,), (1.0,))
('K.170 KernScores', 'P1', 1, (495, 496), (104,), (3.5,), (104,), (3.5,))
('K.170 KernScores', 'P1', 1, (504, 505), (106,), (2.5,), (106,), (2.5,))
('K.170 KernScores', 'P2', 1, (64, 65), (21,), (1.5,), (21,), (1.5,))

61.    ((8,), (0.5,)):
('K.170 KernScores', 'P1', 1, (35, 36), (12,), (1.0,), (12,), (1.0,))
('K.170 KernScores', 'P1', 1, (38, 39), (13,), (1.0,), (13,), (1.0,))
('K.170 KernScores', 'P1', 1, (671, 672), (145,), (2.5,), (145,), (2.5,))
('K.170 KernScores', 'P2', 1, (36, 37), (13,), (1.5,), (13,), (1.5,))

62.    ((9,), (1.0,)):
('K.170 KernScores', 'P1', 1, (413, 414), (83,), (3.0,), (83,), (3.0,))
('K.170 KernScores', 'P1', 1, (543, 544), (115,), (3.0,), (115,), (3.0,))
('K.170 KernScores', 'P2', 1, (232, 233), (83,), (3.0,), (83,), (3.0,))
('K.170 KernScores', 'P2', 1, (304, 305), (115,), (3.0,), (115,), (3.0,))

63.    ((5,), (1.0,)):
('K.170 KernScores', 'P1', 1, (612, 613), (131,), (1.0,), (131,), (1.0,))
('K.170 KernScores', 'P1', 1, (643, 644), (138,), (1.0,), (138,), (1.0,))
('K.170 KernScores', 'P1', 2, (0, 1), (34,), (1.0,), (34,), (1.0,))

64.    ((-4,), (1.0,)):
('K.170 KernScores', 'P1', 1, (658, 659), (141,), (3.0,), (141,), (3.0,))
('K.170 KernScores', 'P1', 1, (665, 666), (143,), (3.0,), (143,), (3.0,))
('K.170 KernScores', 'P2', 1, (283, 284), (106,), (3.0,), (106,), (3.0,))

65.    ((-6,), (1.0,)):
('K.170 KernScores', 'P1', 1, (29, 30), (10,), (1.5,), (10,), (1.5,))
('K.170 KernScores', 'P1', 1, (379, 380), (76,), (1.0,), (76,), (1.0,))

66.    ((-2,), (0.75,)):
('K.170 KernScores', 'P1', 1, (31, 32), (11,), (1.0,), (11,), (1.0,))
('K.170 KernScores', 'P1', 1, (67, 68), (20,), (2.0,), (20,), (2.0,))

67.    ((1,), (2.0,)):
('K.170 KernScores', 'P1', 1, (342, 343), (64,), (3.0,), (64,), (3.0,))
('K.170 KernScores', 'P2', 1, (286, 287), (108,), (1.0,), (108,), (1.0,))

68.    (((6, 1),), ((0.0, 0.5),)):
('K.170 KernScores', 'P2', 1, (66, 67), (22,), (1.5,), (22,), (1.5,))
('K.170 KernScores', 'P2', 1, (67, 68), (22,), (2.0,), (22,), (2.0,))

69.    (((4, 1),), ((0.0, 0.5),)):
('K.170 KernScores', 'P2', 1, (75, 76), (25,), (1.5,), (25,), (1.5,))
('K.170 KernScores', 'P2', 1, (76, 77), (25,), (2.0,), (25,), (2.0,))

70.    (((5, -2),), ((0.0, 1.0),)):
('K.170 KernScores', 'P2', 1, (86, 87), (29,), (1.5,), (29,), (1.5,))
('K.170 KernScores', 'P2', 1, (279, 280), (105,), (2.0,), (105,), (2.0,))

