1.    nomes:
K.244 KernScores

2.    quantidade:
1

3.    analise:
[('intDia', 'p1p2'), ('duracao', 'p1p2'), ('Ptempo', 'p1p2')] SemContInte Distancia: 0

1.    ((2, -3, 4, -3, 4, -4, 5, -5, 6, -6, 7, -7, 8, -8, 9, -9, 8, -8, 9, -9, 8, -6, -3, 4, -4, 5, -5, 6, -6, 7, -7, 8, -8, 9, -9, 8, -8, 9, -9, 8, -5), (0.5, 0.5, 0.5, 0.5, 0.5, 0.5, 0.5, 0.5, 0.5, 0.5, 0.5, 0.5, 0.5, 0.5, 0.5, 0.5, 0.5, 0.5, 0.5, 0.5, 0.5, 3.0, 0.5, 0.5, 0.5, 0.5, 0.5, 0.5, 0.5, 0.5, 0.5, 0.5, 0.5, 0.5, 0.5, 0.5, 0.5, 0.5, 0.5, 0.5, 3.0), (0.5, 0.0, 0.5, 0.0, 0.5, 0.0, 0.5, 0.0, 0.5, 0.0, 0.5, 0.0, 0.5, 0.0, 0.5, 0.0, 0.5, 0.0, 0.5, 0.0, 0.5, 0.0, 0.0, 0.5, 0.0, 0.5, 0.0, 0.5, 0.0, 0.5, 0.0, 0.5, 0.0, 0.5, 0.0, 0.5, 0.0, 0.5, 0.0, 0.5, 0.0)):
('K.244 KernScores', 'P2', 1, (108, 149), (39,), (2.5,), (47,), (1.0,))
('K.244 KernScores', 'P2', 1, (334, 375), (106,), (2.5,), (114,), (1.0,))

2.    ((-2, -2, -2, -2, -2, -2, -2, -2, -2, -2, -2, -2, -2, 4, 2, -8, 18, -2, -2, -2, -2, -2, -2, -2, -2, -2, -2, -2, -2, -2, -2, 4, 2, -8), (0.5, 0.5, 0.5, 0.5, 0.5, 0.5, 0.5, 0.5, 0.5, 0.5, 0.5, 0.5, 0.5, 1.0, 1.0, 1.0, 1.0, 1.5, 0.5, 0.5, 0.5, 0.5, 0.5, 0.5, 0.5, 0.5, 0.5, 0.5, 0.5, 0.5, 0.5, 1.0, 1.0, 1.0), (0.5, 0.0, 0.5, 0.0, 0.5, 0.0, 0.5, 0.0, 0.5, 0.0, 0.5, 0.0, 0.5, 0.0, 0.0, 0.0, 0.0, 0.0, 0.5, 0.0, 0.5, 0.0, 0.5, 0.0, 0.5, 0.0, 0.5, 0.0, 0.5, 0.0, 0.5, 0.0, 0.0, 0.0)):
('K.244 KernScores', 'P2', 1, (150, 184), (48,), (2.5,), (55,), (2.0,))
('K.244 KernScores', 'P2', 1, (376, 410), (115,), (2.5,), (122,), (2.0,))

3.    ((2, 2, 2, 2, 2, 2, -2, 2, 2, -3, -3, -4, 2, 2, 2, 2, 2, 2, -2, 2, 2, -3, -3), (0.5, 1.0, 1.0, 1.0, 1.0, 1.0, 1.0, 1.0, 1.0, 0.5, 0.5, 2.5, 0.5, 1.0, 1.0, 1.0, 1.0, 1.0, 1.0, 1.0, 1.0, 0.5, 0.5), (0.5, 0.0, 0.0, 0.0, 0.0, 0.0, 0.0, 0.0, 0.0, 0.0, 0.5, 0.0, 0.5, 0.0, 0.0, 0.0, 0.0, 0.0, 0.0, 0.0, 0.0, 0.0, 0.5)):
('K.244 KernScores', 'P1', 1, (155, 178), (40,), (1.5,), (47,), (1.5,))
('K.244 KernScores', 'P1', 1, (385, 408), (107,), (1.5,), (114,), (1.5,))

4.    ((2, 2, 1, 1, -3, 2, 2, 1, 1, 1, 2, 2, 1, 1, -3, 2, 2, 1, 1), (1.5, 0.5, 1.0, 1.0, 2.0, 1.5, 0.5, 1.0, 1.0, 2.0, 1.5, 0.5, 1.0, 1.0, 2.0, 1.5, 0.5, 1.0, 1.0), (0.0, 0.5, 0.0, 0.0, 0.0, 0.0, 0.5, 0.0, 0.0, 0.0, 0.0, 0.5, 0.0, 0.0, 0.0, 0.0, 0.5, 0.0, 0.0)):
('K.244 KernScores', 'P1', 1, (263, 282), (69,), (2.0,), (76,), (2.0,))
('K.244 KernScores', 'P1', 1, (293, 312), (81,), (2.0,), (88,), (2.0,))

5.    ((5, -3, -3, -2, 2, 3, 2, -2, -3, 6, -2, -3, -3), (1.0, 1.0, 1.0, 1.0, 1.0, 1.0, 1.0, 1.0, 1.0, 1.0, 1.0, 1.0, 1.0), (0.0, 0.0, 0.0, 0.0, 0.0, 0.0, 0.0, 0.0, 0.0, 0.0, 0.0, 0.0, 0.0)):
('K.244 KernScores', 'P1', 1, (1, 14), (1,), (2.0,), (5,), (2.0,))
('K.244 KernScores', 'P2', 1, (1, 14), (2,), (2.0,), (6,), (2.0,))

6.    ((1, 1, -2, (3, 1), (3, 1), (3, 2), 1, 1, -2, (3, 1), (3, 1), (3, 2)), (1.0, 1.0, 1.0, (0.0, 1.0), (0.0, 1.0), (0.0, 1.0), 1.0, 1.0, 1.0, (0.0, 1.0), (0.0, 1.0), (0.0, 1.0)), (0.0, 0.0, 0.0, 0.0, 0.0, 0.0, 0.0, 0.0, 0.0, 0.0, 0.0, 0.0)):
('K.244 KernScores', 'P2', 1, (35, 47), (15,), (1.0,), (18,), (3.0,))
('K.244 KernScores', 'P2', 1, (210, 222), (65,), (1.0,), (68,), (3.0,))

7.    ((2, 2, 2, -2, 6, -6, 1, -3, 2, 2, 2), (0.5, 0.5, 0.5, 0.5, 1.0, 1.0, 1.5, 0.5, 0.5, 0.5, 0.5), (0.0, 0.5, 0.0, 0.5, 0.0, 0.0, 0.0, 0.5, 0.0, 0.5, 0.0)):
('K.244 KernScores', 'P1', 1, (67, 78), (19,), (2.0,), (21,), (3.0,))
('K.244 KernScores', 'P1', 1, (343, 354), (97,), (2.0,), (99,), (3.0,))

8.    (((3, 3, 1), (3, 3, 1), (3, 3, -2), (4, 3, 1), (4, 3, 1), (4, 3, 1), (4, 3, 1), (4, 3, 1), (4, 3, -2)), ((0.0, 0.0, 1.0), (0.0, 0.0, 1.0), (0.0, 0.0, 1.0), (0.0, 0.0, 1.0), (0.0, 0.0, 1.0), (0.0, 0.0, 1.0), (0.0, 0.0, 1.0), (0.0, 0.0, 1.0), (0.0, 0.0, 1.0)), (0.0, 0.0, 0.0, 0.0, 0.0, 0.0, 0.0, 0.0, 0.0)):
('K.244 KernScores', 'P2', 1, (62, 71), (24,), (1.0,), (26,), (3.0,))
('K.244 KernScores', 'P2', 1, (279, 288), (88,), (1.0,), (90,), (3.0,))

9.    (((3, 4, 1), (3, 4, 1), (3, 4, -2), (4, 3, 1), (4, 3, 1), (4, 3, 2), (3, 4, 1), (3, 4, 1), (3, 4, -2)), ((0.0, 0.0, 1.0), (0.0, 0.0, 1.0), (0.0, 0.0, 1.0), (0.0, 0.0, 1.0), (0.0, 0.0, 1.0), (0.0, 0.0, 1.0), (0.0, 0.0, 1.0), (0.0, 0.0, 1.0), (0.0, 0.0, 1.0)), (0.0, 0.0, 0.0, 0.0, 0.0, 0.0, 0.0, 0.0, 0.0)):
('K.244 KernScores', 'P2', 1, (234, 243), (73,), (1.0,), (75,), (3.0,))
('K.244 KernScores', 'P2', 1, (258, 267), (81,), (1.0,), (83,), (3.0,))

10.    ((-3, 2, 2, 2, -2, 3, -3, -2), (0.5, 0.5, 0.5, 0.5, 0.5, 1.0, 1.0, 1.5), (0.5, 0.0, 0.5, 0.0, 0.5, 0.0, 0.0, 0.0)):
('K.244 KernScores', 'P1', 1, (114, 122), (31,), (1.5,), (32,), (3.0,))
('K.244 KernScores', 'P1', 1, (122, 130), (33,), (1.5,), (34,), (3.0,))

11.    ((1, 2, -3, 2, 7, -2, -2), (1.5, 0.5, 0.5, 9.5, 1.5, 0.5, 0.5), (0.0, 0.5, 0.0, 0.5, 0.0, 0.5, 0.0)):
('K.244 KernScores', 'P2', 2, (1, 8), (43,), (1.0,), (47,), (3.0,))
('K.244 KernScores', 'P2', 2, (10, 17), (110,), (1.0,), (114,), (3.0,))

12.    (((3, 1), 1, (3, -2), (4, 1), (4, 1), (4, 1)), ((0.0, 1.0), 1.0, (0.0, 1.0), (0.0, 1.0), (0.0, 1.0), (0.0, 1.0)), (0.0, 0.0, 0.0, 0.0, 0.0, 0.0)):
('K.244 KernScores', 'P2', 1, (53, 59), (21,), (1.0,), (22,), (3.0,))
('K.244 KernScores', 'P2', 1, (306, 312), (97,), (1.0,), (98,), (3.0,))

13.    (((4, 3, 1), (4, 3, 1), (4, 3, 1), (4, 3, 1), (4, 3, 1), (4, 3, -2)), ((0.0, 0.0, 1.0), (0.0, 0.0, 1.0), (0.0, 0.0, 1.0), (0.0, 0.0, 1.0), (0.0, 0.0, 1.0), (0.0, 0.0, 1.0)), (0.0, 0.0, 0.0, 0.0, 0.0, 0.0)):
('K.244 KernScores', 'P2', 1, (83, 89), (31,), (1.0,), (32,), (3.0,))
('K.244 KernScores', 'P2', 1, (89, 95), (33,), (1.0,), (34,), (3.0,))

14.    ((-2, -2, -2, -2, -2), (1.5, 0.5, 0.5, 0.5, 0.5), (0.0, 0.5, 0.0, 0.5, 0.0)):
('K.244 KernScores', 'P1', 1, (40, 45), (12,), (3.0,), (13,), (3.0,))
('K.244 KernScores', 'P2', 1, (149, 154), (48,), (1.0,), (49,), (1.0,))
('K.244 KernScores', 'P2', 1, (167, 172), (52,), (1.0,), (53,), (1.0,))
('K.244 KernScores', 'P2', 1, (393, 398), (119,), (1.0,), (120,), (1.0,))

15.    ((-2, -2, -2, -2), (0.5, 0.5, 0.5, 0.5), (0.5, 0.0, 0.5, 0.0)):
('K.244 KernScores', 'P1', 1, (187, 191), (51,), (1.5,), (51,), (3.0,))
('K.244 KernScores', 'P1', 1, (199, 203), (55,), (1.5,), (55,), (3.0,))
('K.244 KernScores', 'P1', 1, (223, 227), (59,), (1.5,), (59,), (3.0,))
('K.244 KernScores', 'P1', 1, (247, 251), (63,), (1.5,), (63,), (3.0,))
('K.244 KernScores', 'P1', 1, (416, 420), (118,), (1.5,), (118,), (3.0,))
('K.244 KernScores', 'P1', 1, (428, 432), (122,), (1.5,), (122,), (3.0,))
('K.244 KernScores', 'P1', 1, (464, 468), (128,), (1.5,), (128,), (3.0,))
('K.244 KernScores', 'P2', 1, (154, 158), (49,), (1.5,), (49,), (3.0,))
('K.244 KernScores', 'P2', 1, (158, 162), (49,), (3.5,), (50,), (2.0,))
('K.244 KernScores', 'P2', 1, (172, 176), (53,), (1.5,), (53,), (3.0,))
('K.244 KernScores', 'P2', 1, (176, 180), (53,), (3.5,), (54,), (2.0,))
('K.244 KernScores', 'P2', 1, (376, 380), (115,), (2.5,), (116,), (1.0,))
('K.244 KernScores', 'P2', 1, (380, 384), (116,), (1.5,), (116,), (3.0,))
('K.244 KernScores', 'P2', 1, (384, 388), (116,), (3.5,), (117,), (2.0,))
('K.244 KernScores', 'P2', 1, (398, 402), (120,), (1.5,), (120,), (3.0,))
('K.244 KernScores', 'P2', 1, (402, 406), (120,), (3.5,), (121,), (2.0,))

16.    ((2, 2, 2, 2), (1.0, 1.0, 1.0, 1.0), (0.0, 0.0, 0.0, 0.0)):
('K.244 KernScores', 'P1', 1, (156, 160), (40,), (2.0,), (41,), (2.0,))
('K.244 KernScores', 'P1', 1, (168, 172), (44,), (2.0,), (45,), (2.0,))
('K.244 KernScores', 'P1', 1, (386, 390), (107,), (2.0,), (108,), (2.0,))
('K.244 KernScores', 'P1', 1, (398, 402), (111,), (2.0,), (112,), (2.0,))
('K.244 KernScores', 'P2', 1, (185, 189), (56,), (1.0,), (57,), (1.0,))
('K.244 KernScores', 'P2', 1, (191, 195), (58,), (1.0,), (59,), (1.0,))
('K.244 KernScores', 'P2', 1, (197, 201), (60,), (1.0,), (61,), (1.0,))
('K.244 KernScores', 'P2', 1, (203, 207), (62,), (1.0,), (63,), (1.0,))
('K.244 KernScores', 'P2', 1, (411, 415), (123,), (1.0,), (124,), (1.0,))
('K.244 KernScores', 'P2', 1, (417, 421), (125,), (1.0,), (126,), (1.0,))
('K.244 KernScores', 'P2', 1, (423, 427), (127,), (1.0,), (128,), (1.0,))

17.    ((-3, 4, 3, -3), (1.0, 1.0, 1.0, 1.0), (0.0, 0.0, 0.0, 0.0)):
('K.244 KernScores', 'P2', 1, (20, 24), (9,), (2.0,), (10,), (2.0,))
('K.244 KernScores', 'P2', 1, (26, 30), (11,), (2.0,), (12,), (2.0,))

18.    ((-2, 3, -2), (1.5, 0.5, 0.5), (0.0, 0.5, 0.0)):
('K.244 KernScores', 'P1', 1, (32, 35), (10,), (3.0,), (11,), (2.0,))
('K.244 KernScores', 'P1', 1, (36, 39), (11,), (3.0,), (12,), (2.0,))

19.    (((3, 1), (4, 1), (4, -2)), ((0.0, 0.5), (0.0, 0.5), (0.0, 1.0)), (0.0, 0.5, 0.0)):
('K.244 KernScores', 'P1', 2, (0, 3), (50,), (1.0,), (50,), (2.0,))
('K.244 KernScores', 'P1', 2, (4, 7), (54,), (1.0,), (54,), (2.0,))

20.    (((3, -3), (6, 1), (6, 2)), ((0.0, 0.5), (0.0, 0.5), (0.0, 1.0)), (0.0, 0.5, 0.0)):
('K.244 KernScores', 'P1', 2, (8, 11), (117,), (1.0,), (117,), (2.0,))
('K.244 KernScores', 'P1', 2, (12, 15), (121,), (1.0,), (121,), (2.0,))

21.    ((3, 4, -7), (1.0, 1.0, 1.0), (0.0, 0.0, 0.0)):
('K.244 KernScores', 'P2', 1, (104, 107), (38,), (1.0,), (38,), (3.0,))
('K.244 KernScores', 'P2', 1, (330, 333), (105,), (1.0,), (105,), (3.0,))

22.    (((3, 2, 3, 1), (3, 2, 3, 1), (3, 2, 3, -2)), ((0.0, 0.0, 0.0, 1.0), (0.0, 0.0, 0.0, 1.0), (0.0, 0.0, 0.0, 1.0)), (0.0, 0.0, 0.0)):
('K.244 KernScores', 'P2', 1, (246, 249), (77,), (1.0,), (77,), (3.0,))
('K.244 KernScores', 'P2', 1, (252, 255), (79,), (1.0,), (79,), (3.0,))

23.    (((3, 1), (3, 1), (3, 1)), ((0.0, 1.0), (0.0, 1.0), (0.0, 1.0)), (0.0, 0.0, 0.0)):
('K.244 KernScores', 'P2', 1, (299, 302), (94,), (3.0,), (95,), (2.0,))
('K.244 KernScores', 'P2', 1, (303, 306), (96,), (1.0,), (96,), (3.0,))

24.    (((4, 1), 1, (4, -2)), ((0.0, 1.0), 1.0, (0.0, 1.0)), (0.0, 0.0, 0.0)):
('K.244 KernScores', 'P2', 1, (312, 315), (99,), (1.0,), (99,), (3.0,))
('K.244 KernScores', 'P2', 1, (318, 321), (101,), (1.0,), (101,), (3.0,))

25.    ((-2, -2), (0.5, 0.5), (0.5, 0.0)):
('K.244 KernScores', 'P1', 1, (41, 43), (13,), (1.5,), (13,), (2.0,))
('K.244 KernScores', 'P1', 1, (43, 45), (13,), (2.5,), (13,), (3.0,))
('K.244 KernScores', 'P1', 1, (187, 189), (51,), (1.5,), (51,), (2.0,))
('K.244 KernScores', 'P1', 1, (189, 191), (51,), (2.5,), (51,), (3.0,))
('K.244 KernScores', 'P1', 1, (199, 201), (55,), (1.5,), (55,), (2.0,))
('K.244 KernScores', 'P1', 1, (201, 203), (55,), (2.5,), (55,), (3.0,))
('K.244 KernScores', 'P1', 1, (209, 211), (56,), (3.5,), (57,), (1.0,))
('K.244 KernScores', 'P1', 1, (223, 225), (59,), (1.5,), (59,), (2.0,))
('K.244 KernScores', 'P1', 1, (225, 227), (59,), (2.5,), (59,), (3.0,))
('K.244 KernScores', 'P1', 1, (233, 235), (60,), (3.5,), (61,), (1.0,))
('K.244 KernScores', 'P1', 1, (247, 249), (63,), (1.5,), (63,), (2.0,))
('K.244 KernScores', 'P1', 1, (249, 251), (63,), (2.5,), (63,), (3.0,))
('K.244 KernScores', 'P1', 1, (319, 321), (91,), (1.5,), (91,), (2.0,))
('K.244 KernScores', 'P1', 1, (416, 418), (118,), (1.5,), (118,), (2.0,))
('K.244 KernScores', 'P1', 1, (418, 420), (118,), (2.5,), (118,), (3.0,))
('K.244 KernScores', 'P1', 1, (428, 430), (122,), (1.5,), (122,), (2.0,))
('K.244 KernScores', 'P1', 1, (430, 432), (122,), (2.5,), (122,), (3.0,))
('K.244 KernScores', 'P1', 1, (464, 466), (128,), (1.5,), (128,), (2.0,))
('K.244 KernScores', 'P1', 1, (466, 468), (128,), (2.5,), (128,), (3.0,))
('K.244 KernScores', 'P2', 1, (150, 152), (48,), (2.5,), (48,), (3.0,))
('K.244 KernScores', 'P2', 1, (152, 154), (48,), (3.5,), (49,), (1.0,))
('K.244 KernScores', 'P2', 1, (154, 156), (49,), (1.5,), (49,), (2.0,))
('K.244 KernScores', 'P2', 1, (156, 158), (49,), (2.5,), (49,), (3.0,))
('K.244 KernScores', 'P2', 1, (158, 160), (49,), (3.5,), (50,), (1.0,))
('K.244 KernScores', 'P2', 1, (160, 162), (50,), (1.5,), (50,), (2.0,))
('K.244 KernScores', 'P2', 1, (168, 170), (52,), (2.5,), (52,), (3.0,))
('K.244 KernScores', 'P2', 1, (170, 172), (52,), (3.5,), (53,), (1.0,))
('K.244 KernScores', 'P2', 1, (172, 174), (53,), (1.5,), (53,), (2.0,))
('K.244 KernScores', 'P2', 1, (174, 176), (53,), (2.5,), (53,), (3.0,))
('K.244 KernScores', 'P2', 1, (176, 178), (53,), (3.5,), (54,), (1.0,))
('K.244 KernScores', 'P2', 1, (178, 180), (54,), (1.5,), (54,), (2.0,))
('K.244 KernScores', 'P2', 1, (376, 378), (115,), (2.5,), (115,), (3.0,))
('K.244 KernScores', 'P2', 1, (378, 380), (115,), (3.5,), (116,), (1.0,))
('K.244 KernScores', 'P2', 1, (380, 382), (116,), (1.5,), (116,), (2.0,))
('K.244 KernScores', 'P2', 1, (382, 384), (116,), (2.5,), (116,), (3.0,))
('K.244 KernScores', 'P2', 1, (384, 386), (116,), (3.5,), (117,), (1.0,))
('K.244 KernScores', 'P2', 1, (386, 388), (117,), (1.5,), (117,), (2.0,))
('K.244 KernScores', 'P2', 1, (394, 396), (119,), (2.5,), (119,), (3.0,))
('K.244 KernScores', 'P2', 1, (396, 398), (119,), (3.5,), (120,), (1.0,))
('K.244 KernScores', 'P2', 1, (398, 400), (120,), (1.5,), (120,), (2.0,))
('K.244 KernScores', 'P2', 1, (400, 402), (120,), (2.5,), (120,), (3.0,))
('K.244 KernScores', 'P2', 1, (402, 404), (120,), (3.5,), (121,), (1.0,))
('K.244 KernScores', 'P2', 1, (404, 406), (121,), (1.5,), (121,), (2.0,))
('K.244 KernScores', 'P2', 2, (6, 8), (47,), (2.5,), (47,), (3.0,))
('K.244 KernScores', 'P2', 2, (15, 17), (114,), (2.5,), (114,), (3.0,))

26.    ((1, 1), (1.0, 1.0), (0.0, 0.0)):
('K.244 KernScores', 'P1', 1, (255, 257), (66,), (1.0,), (66,), (2.0,))
('K.244 KernScores', 'P1', 1, (260, 262), (68,), (1.0,), (68,), (2.0,))
('K.244 KernScores', 'P1', 1, (265, 267), (70,), (1.0,), (70,), (2.0,))
('K.244 KernScores', 'P1', 1, (270, 272), (72,), (1.0,), (72,), (2.0,))
('K.244 KernScores', 'P1', 1, (275, 277), (74,), (1.0,), (74,), (2.0,))
('K.244 KernScores', 'P1', 1, (280, 282), (76,), (1.0,), (76,), (2.0,))
('K.244 KernScores', 'P1', 1, (285, 287), (78,), (1.0,), (78,), (2.0,))
('K.244 KernScores', 'P1', 1, (290, 292), (80,), (1.0,), (80,), (2.0,))
('K.244 KernScores', 'P1', 1, (295, 297), (82,), (1.0,), (82,), (2.0,))
('K.244 KernScores', 'P1', 1, (300, 302), (84,), (1.0,), (84,), (2.0,))
('K.244 KernScores', 'P1', 1, (305, 307), (86,), (1.0,), (86,), (2.0,))
('K.244 KernScores', 'P1', 1, (310, 312), (88,), (1.0,), (88,), (2.0,))
('K.244 KernScores', 'P2', 1, (35, 37), (15,), (1.0,), (15,), (2.0,))
('K.244 KernScores', 'P2', 1, (41, 43), (17,), (1.0,), (17,), (2.0,))
('K.244 KernScores', 'P2', 1, (210, 212), (65,), (1.0,), (65,), (2.0,))
('K.244 KernScores', 'P2', 1, (216, 218), (67,), (1.0,), (67,), (2.0,))
('K.244 KernScores', 'P2', 1, (294, 296), (93,), (1.0,), (93,), (2.0,))

27.    ((2, -3), (0.5, 0.5), (0.5, 0.0)):
('K.244 KernScores', 'P1', 1, (185, 187), (50,), (3.5,), (51,), (1.0,))
('K.244 KernScores', 'P1', 1, (197, 199), (54,), (3.5,), (55,), (1.0,))
('K.244 KernScores', 'P1', 1, (414, 416), (117,), (3.5,), (118,), (1.0,))
('K.244 KernScores', 'P1', 1, (426, 428), (121,), (3.5,), (122,), (1.0,))
('K.244 KernScores', 'P2', 1, (108, 110), (39,), (2.5,), (39,), (3.0,))
('K.244 KernScores', 'P2', 1, (334, 336), (106,), (2.5,), (106,), (3.0,))
('K.244 KernScores', 'P2', 2, (2, 4), (43,), (2.5,), (43,), (3.0,))
('K.244 KernScores', 'P2', 2, (11, 13), (110,), (2.5,), (110,), (3.0,))

28.    ((3, -3), (1.0, 1.0), (0.0, 0.0)):
('K.244 KernScores', 'P1', 1, (111, 113), (30,), (1.0,), (30,), (2.0,))
('K.244 KernScores', 'P1', 1, (119, 121), (32,), (1.0,), (32,), (2.0,))
('K.244 KernScores', 'P1', 1, (127, 129), (34,), (1.0,), (34,), (2.0,))
('K.244 KernScores', 'P2', 1, (22, 24), (10,), (1.0,), (10,), (2.0,))
('K.244 KernScores', 'P2', 1, (25, 27), (11,), (1.0,), (11,), (2.0,))
('K.244 KernScores', 'P2', 1, (28, 30), (12,), (1.0,), (12,), (2.0,))

29.    ((-7, 2), (1.0, 1.0), (0.0, 0.0)):
('K.244 KernScores', 'P1', 1, (23, 25), (7,), (3.0,), (8,), (1.0,))
('K.244 KernScores', 'P1', 1, (26, 28), (8,), (3.0,), (9,), (1.0,))

30.    ((4, -7), (1.0, 1.0), (0.0, 0.0)):
('K.244 KernScores', 'P1', 1, (22, 24), (7,), (2.0,), (7,), (3.0,))
('K.244 KernScores', 'P2', 1, (331, 333), (105,), (2.0,), (105,), (3.0,))

31.    ((2, 3), (1.0, 1.0), (0.0, 0.0)):
('K.244 KernScores', 'P1', 1, (24, 26), (8,), (1.0,), (8,), (2.0,))
('K.244 KernScores', 'P2', 1, (329, 331), (104,), (3.0,), (105,), (1.0,))

32.    ((3, 4), (1.0, 1.0), (0.0, 0.0)):
('K.244 KernScores', 'P1', 1, (30, 32), (10,), (1.0,), (10,), (2.0,))
('K.244 KernScores', 'P2', 1, (104, 106), (38,), (1.0,), (38,), (2.0,))

33.    ((8, -8), (1.0, 1.0), (0.0, 0.0)):
('K.244 KernScores', 'P1', 1, (363, 365), (102,), (1.0,), (102,), (2.0,))
('K.244 KernScores', 'P2', 1, (291, 293), (92,), (1.0,), (92,), (2.0,))

34.    ((-2,), (1.0,), (0.0,)):
('K.244 KernScores', 'P1', 1, (17, 18), (6,), (3.0,), (6,), (3.0,))
('K.244 KernScores', 'P1', 1, (19, 20), (7,), (1.0,), (7,), (1.0,))
('K.244 KernScores', 'P1', 1, (29, 30), (9,), (3.0,), (9,), (3.0,))
('K.244 KernScores', 'P1', 1, (153, 154), (39,), (1.0,), (39,), (1.0,))
('K.244 KernScores', 'P1', 1, (317, 318), (90,), (3.0,), (90,), (3.0,))
('K.244 KernScores', 'P1', 1, (383, 384), (106,), (1.0,), (106,), (1.0,))
('K.244 KernScores', 'P2', 1, (37, 38), (15,), (3.0,), (15,), (3.0,))
('K.244 KernScores', 'P2', 1, (43, 44), (17,), (3.0,), (17,), (3.0,))
('K.244 KernScores', 'P2', 1, (212, 213), (65,), (3.0,), (65,), (3.0,))
('K.244 KernScores', 'P2', 1, (218, 219), (67,), (3.0,), (67,), (3.0,))
('K.244 KernScores', 'P2', 1, (296, 297), (93,), (3.0,), (93,), (3.0,))

35.    ((-4,), (0.5,), (0.0,)):
('K.244 KernScores', 'P1', 1, (131, 132), (35,), (2.0,), (35,), (2.0,))
('K.244 KernScores', 'P1', 1, (184, 185), (50,), (3.0,), (50,), (3.0,))
('K.244 KernScores', 'P1', 1, (196, 197), (54,), (3.0,), (54,), (3.0,))
('K.244 KernScores', 'P1', 1, (413, 414), (117,), (3.0,), (117,), (3.0,))
('K.244 KernScores', 'P1', 1, (425, 426), (121,), (3.0,), (121,), (3.0,))
('K.244 KernScores', 'P2', 1, (113, 114), (40,), (2.0,), (40,), (2.0,))
('K.244 KernScores', 'P2', 1, (132, 133), (44,), (2.0,), (44,), (2.0,))
('K.244 KernScores', 'P2', 1, (339, 340), (107,), (2.0,), (107,), (2.0,))
('K.244 KernScores', 'P2', 1, (358, 359), (111,), (2.0,), (111,), (2.0,))

36.    ((1,), (1.5,), (0.0,)):
('K.244 KernScores', 'P1', 1, (57, 58), (16,), (3.0,), (16,), (3.0,))
('K.244 KernScores', 'P1', 1, (65, 66), (18,), (3.0,), (18,), (3.0,))
('K.244 KernScores', 'P1', 1, (73, 74), (20,), (3.0,), (20,), (3.0,))
('K.244 KernScores', 'P1', 1, (105, 106), (28,), (3.0,), (28,), (3.0,))
('K.244 KernScores', 'P1', 1, (349, 350), (98,), (3.0,), (98,), (3.0,))
('K.244 KernScores', 'P1', 1, (357, 358), (100,), (3.0,), (100,), (3.0,))
('K.244 KernScores', 'P2', 2, (1, 2), (43,), (1.0,), (43,), (1.0,))
('K.244 KernScores', 'P2', 2, (10, 11), (110,), (1.0,), (110,), (1.0,))

37.    ((4,), (0.5,), (0.5,)):
('K.244 KernScores', 'P1', 1, (35, 36), (11,), (2.5,), (11,), (2.5,))
('K.244 KernScores', 'P2', 1, (110, 111), (39,), (3.5,), (39,), (3.5,))
('K.244 KernScores', 'P2', 1, (112, 113), (40,), (1.5,), (40,), (1.5,))
('K.244 KernScores', 'P2', 1, (131, 132), (44,), (1.5,), (44,), (1.5,))
('K.244 KernScores', 'P2', 1, (336, 337), (106,), (3.5,), (106,), (3.5,))
('K.244 KernScores', 'P2', 1, (338, 339), (107,), (1.5,), (107,), (1.5,))
('K.244 KernScores', 'P2', 1, (357, 358), (111,), (1.5,), (111,), (1.5,))

38.    ((2,), (1.0,), (0.0,)):
('K.244 KernScores', 'P1', 1, (15, 16), (6,), (1.0,), (6,), (1.0,))
('K.244 KernScores', 'P2', 1, (32, 33), (13,), (3.0,), (13,), (3.0,))
('K.244 KernScores', 'P2', 1, (164, 165), (51,), (1.0,), (51,), (1.0,))
('K.244 KernScores', 'P2', 1, (182, 183), (55,), (1.0,), (55,), (1.0,))
('K.244 KernScores', 'P2', 1, (390, 391), (118,), (1.0,), (118,), (1.0,))
('K.244 KernScores', 'P2', 1, (408, 409), (122,), (1.0,), (122,), (1.0,))

39.    ((6,), (0.5,), (0.5,)):
('K.244 KernScores', 'P1', 1, (132, 133), (35,), (2.5,), (35,), (2.5,))
('K.244 KernScores', 'P2', 1, (116, 117), (40,), (3.5,), (40,), (3.5,))
('K.244 KernScores', 'P2', 1, (135, 136), (44,), (3.5,), (44,), (3.5,))
('K.244 KernScores', 'P2', 1, (342, 343), (107,), (3.5,), (107,), (3.5,))
('K.244 KernScores', 'P2', 1, (361, 362), (111,), (3.5,), (111,), (3.5,))

40.    ((1,), (2.0,), (0.0,)):
('K.244 KernScores', 'P1', 1, (272, 273), (72,), (3.0,), (72,), (3.0,))
('K.244 KernScores', 'P1', 1, (282, 283), (76,), (3.0,), (76,), (3.0,))
('K.244 KernScores', 'P1', 1, (302, 303), (84,), (3.0,), (84,), (3.0,))
('K.244 KernScores', 'P2', 1, (31, 32), (13,), (1.0,), (13,), (1.0,))

41.    (((4, -2),), ((0.0, 1.0),), (0.0,)):
('K.244 KernScores', 'P1', 2, (2, 3), (50,), (2.0,), (50,), (2.0,))
('K.244 KernScores', 'P1', 2, (6, 7), (54,), (2.0,), (54,), (2.0,))
('K.244 KernScores', 'P2', 1, (314, 315), (99,), (3.0,), (99,), (3.0,))
('K.244 KernScores', 'P2', 1, (320, 321), (101,), (3.0,), (101,), (3.0,))

42.    ((-2,), (0.0,), (0.0,)):
('K.244 KernScores', 'P1', 1, (21, 22), (7,), (2.0,), (7,), (2.0,))
('K.244 KernScores', 'P1', 1, (46, 47), (14,), (1.0,), (14,), (1.0,))
('K.244 KernScores', 'P1', 1, (324, 325), (92,), (1.0,), (92,), (1.0,))

43.    ((1,), (0.5,), (0.5,)):
('K.244 KernScores', 'P1', 1, (130, 131), (35,), (1.5,), (35,), (1.5,))
('K.244 KernScores', 'P1', 1, (152, 153), (38,), (3.5,), (38,), (3.5,))
('K.244 KernScores', 'P1', 1, (366, 367), (103,), (1.5,), (103,), (1.5,))

44.    ((-7,), (1.0,), (0.0,)):
('K.244 KernScores', 'P1', 1, (26, 27), (8,), (3.0,), (8,), (3.0,))
('K.244 KernScores', 'P1', 1, (356, 357), (100,), (2.0,), (100,), (2.0,))
('K.244 KernScores', 'P2', 1, (106, 107), (38,), (3.0,), (38,), (3.0,))

45.    ((7,), (1.0,), (0.0,)):
('K.244 KernScores', 'P1', 1, (14, 15), (5,), (3.0,), (5,), (3.0,))
('K.244 KernScores', 'P1', 1, (355, 356), (100,), (1.0,), (100,), (1.0,))

46.    ((5,), (1.5,), (0.0,)):
('K.244 KernScores', 'P1', 1, (49, 50), (14,), (3.0,), (14,), (3.0,))
('K.244 KernScores', 'P1', 1, (365, 366), (102,), (3.0,), (102,), (3.0,))

47.    ((-3,), (0.5,), (0.5,)):
('K.244 KernScores', 'P1', 1, (338, 339), (95,), (3.5,), (95,), (3.5,))
('K.244 KernScores', 'P1', 1, (354, 355), (99,), (3.5,), (99,), (3.5,))

48.    ((-4,), (1.0,), (0.0,)):
('K.244 KernScores', 'P1', 1, (16, 17), (6,), (2.0,), (6,), (2.0,))
('K.244 KernScores', 'P2', 1, (24, 25), (10,), (3.0,), (10,), (3.0,))

49.    ((2,), (10.0,), (0.0,)):
('K.244 KernScores', 'P1', 2, (3, 4), (50,), (3.0,), (50,), (3.0,))
('K.244 KernScores', 'P1', 2, (11, 12), (117,), (3.0,), (117,), (3.0,))

50.    (((3, 2, 1),), ((0.0, 0.0, 1.0),), (0.0,)):
('K.244 KernScores', 'P2', 1, (222, 223), (69,), (1.0,), (69,), (1.0,))
('K.244 KernScores', 'P2', 1, (223, 224), (69,), (2.0,), (69,), (2.0,))

51.    (((5, 4, 1),), ((0.0, 0.0, 1.0),), (0.0,)):
('K.244 KernScores', 'P2', 1, (249, 250), (78,), (1.0,), (78,), (1.0,))
('K.244 KernScores', 'P2', 1, (250, 251), (78,), (2.0,), (78,), (2.0,))

52.    (((3, 5, 1),), ((0.0, 0.0, 1.0),), (0.0,)):
('K.244 KernScores', 'P2', 1, (257, 258), (80,), (3.0,), (80,), (3.0,))
('K.244 KernScores', 'P2', 1, (273, 274), (86,), (1.0,), (86,), (1.0,))

