1 .    ('nomes', 'K.14 Musicalion') 

2 .    ('quantidade', 1) 

3 .    ('analise', 'recorrÍncias IntDiaDur sem contidos e intercalados') 

1 .    (((2, 2, 2, 2, 2, -3, -3, -3, 2, 2, 2, 2, 2, -3, -3, -3, 2, 2, 2, 2, 2, -3, -3, -3, 2, 2, 2, 2, 2, -4, 3), (0.5, 0.5, 0.5, 0.25, 0.25, 1.0, 1.0, 2.0, 0.5, 0.5, 0.5, 0.25, 0.25, 1.0, 1.0, 2.0, 0.5, 0.5, 0.5, 0.25, 0.25, 1.0, 1.0, 2.0, 0.5, 0.5, 0.5, 0.25, 0.25, 1.0, 1.0)), [('K.14 Musicalion', 'P1', 1, (11, 42), (2, 1.0), (3, 10.0)), ('K.14 Musicalion', 'P1', 1, (64, 95), (7, 1.0), (8, 10.0))]) 

2 .    (((2, 2, 1, 2, 2, 1, 2, 2, 1, 2, 2, 1, 2, 2, 1, 2, 2, 1, 2, 2, 1, 2, 2, 2, -5, 2, -5), (1.0, 1.0, 1.0, 1.0, 1.0, 1.0, 1.0, 1.0, 1.0, 1.0, 1.0, 1.0, 1.0, 1.0, 1.0, 1.0, 1.0, 1.0, 1.0, 1.0, 1.0, 1.0, 1.0, 2.0, 1.0, 2.0, 1.0)), [('K.14 Musicalion', 'P1', 3, (79, 106), (15, 4.0), (17, 8.0)), ('K.14 Musicalion', 'P1', 3, (267, 294), (39, 2.0), (41, 6.0))]) 

3 .    (((2, 2, 2, 2, 2, -2, -2, -2, -2, -2, -2, 2, 2, -5, 7, -2, -2, -2, -2), (0.5, 0.5, 0.5, 0.25, 0.25, 1.0, 1.0, 1.0, 1.0, 1.0, 1.0, 1.0, 1.0, 1.0, 3.0, 1.0, 1.0, 1.0, 1.0)), [('K.14 Musicalion', 'P1', 1, (102, 121), (9, 10.0), (11, 3.0)), ('K.14 Musicalion', 'P1', 3, (38, 57), (10, 10.0), (12, 3.0))]) 

4 .    (((2, 2, 2, 2, 2, -2, -2, -2, -2, 2, 4, -2, -2, -2, -2, 2, 4, -2, -2), (0.5, 0.5, 0.5, 0.25, 0.25, 1.0, 1.0, 1.0, 1.0, 1.0, 1.0, 1.0, 1.0, 1.0, 1.0, 1.0, 1.0, 1.0, 1.0)), [('K.14 Musicalion', 'P1', 1, (198, 217), (22, 2.0), (23, 5.0)), ('K.14 Musicalion', 'P1', 1, (226, 245), (24, 2.0), (25, 5.0))]) 

5 .    (((2, 2, 2, 2, 2, 2, 2, 2, 2, 2, 2, 2, 2, 2, 2, 2, 2, -5), (1.0, 1.0, 2.0, 1.0, 2.0, 1.0, 2.0, 1.0, 2.0, 1.0, 2.0, 1.0, 2.0, 1.0, 2.0, 1.0, 2.0, 1.0)), [('K.14 Musicalion', 'P1', 3, (163, 181), (26, 2.0), (28, 3.0)), ('K.14 Musicalion', 'P1', 3, (246, 264), (36, 8.0), (38, 9.0))]) 

6 .    (((2, 2, 2, 2, 2, -7, 2, 2, 2, 2, 2, -7, 2, 2, 2), (0.5, 0.5, 0.5, 0.25, 0.25, 4.0, 0.5, 0.5, 0.5, 0.25, 0.25, 4.0, 0.5, 0.5, 0.5)), [('K.14 Musicalion', 'P1', 1, (262, 277), (28, 8.0), (29, 9.0)), ('K.14 Musicalion', 'P1', 1, (280, 295), (30, 2.0), (31, 3.0))]) 

7 .    ((((8, 1), (8, 1), (8, 1), (8, 1), (8, 1), (8, 1), (8, 8), 1, -2, -2, 2, -2, -2, 2, -3), ((0.0, 3.0), (0.0, 3.0), (0.0, 3.0), (0.0, 3.0), (0.0, 3.0), (0.0, 3.0), (0.0, 3.0), 3.0, 1.0, 1.0, 1.0, 1.0, 1.0, 1.0, 1.0)), [('K.14 Musicalion', 'P1', 1, (145, 160), (15, 3.0), (17, 9.0)), ('K.14 Musicalion', 'P1', 1, (354, 369), (39, 1.0), (41, 7.0))]) 

8 .    (((-4, -3, -10, 15, -3, -3, -11, 15, -4, -3, -10, 15, -3, -3, -11), (1.0, 1.0, 1.0, 3.0, 1.0, 1.0, 1.0, 3.0, 1.0, 1.0, 1.0, 3.0, 1.0, 1.0, 1.0)), [('K.14 Musicalion', 'P1', 3, (5, 20), (4, 6.0), (6, 2.0)), ('K.14 Musicalion', 'P1', 3, (208, 223), (32, 1.0), (33, 9.0))]) 

9 .    (((4, -8, 6, 3, -8, 5, 4, -8, 6, 3, -8, 5), (4.0, 1.0, 1.0, 4.0, 1.0, 1.0, 4.0, 1.0, 1.0, 4.0, 1.0, 1.0)), [('K.14 Musicalion', 'P1', 1, (49, 61), (4, 6.0), (6, 5.0)), ('K.14 Musicalion', 'P1', 1, (305, 317), (32, 1.0), (33, 12.0))]) 

10 .    (((2, -2, -2, 2, 2, -2, -2, 2, 2), (1.0, 2.0, 1.0, 2.0, 1.0, 2.0, 1.0, 2.0, 1.0)), [('K.14 Musicalion', 'P1', 3, (137, 146), (22, 6.0), (23, 6.0)), ('K.14 Musicalion', 'P1', 3, (225, 234), (34, 6.0), (35, 6.0))]) 

11 .    (((-2, -2, 4, -2, -2, -2, -2, -2), (1.0, 1.0, 1.0, 1.0, 1.0, 1.0, 1.0, 1.0)), [('K.14 Musicalion', 'P1', 1, (296, 304), (31, 4.0), (31, 11.0)), ('K.14 Musicalion', 'P1', 3, (199, 207), (31, 4.0), (31, 11.0))]) 

12 .    (((-3, 2, -3, 2, -3, 2, 3, 2), (3.0, 3.0, 3.0, 3.0, 3.0, 3.0, 3.0, 3.0)), [('K.14 Musicalion', 'P1', 3, (25, 33), (7, 12.0), (8, 9.0)), ('K.14 Musicalion', 'P1', 2, (0, 8), (2, 12.0), (3, 9.0))]) 

13 .    (((2, 2, 2, 2, 2, -3, -3), (0.5, 0.5, 0.5, 0.25, 0.25, 1.0, 1.0)), [('K.14 Musicalion', 'P1', 1, (182, 189), (21, 2.0), (21, 5.0)), ('K.14 Musicalion', 'P1', 1, (190, 197), (21, 8.0), (21, 11.0))]) 

14 .    ((((8, 8), 1, -2, -2, 2, -2, -2), ((0.0, 3.0), 2.0, 1.0, 1.0, 1.0, 1.0, 1.0)), [('K.14 Musicalion', 'P1', 1, (137, 144), (14, 4.0), (14, 1.0)), ('K.14 Musicalion', 'P1', 1, (253, 260), (27, 8.0), (28, 5.0))]) 

15 .    (((-4, -3, -3, -4, -3, -3), (1.0, 1.0, 1.0, 1.0, 1.0, 1.0)), [('K.14 Musicalion', 'P1', 3, (118, 124), (19, 6.0), (19, 11.0)), ('K.14 Musicalion', 'P1', 3, (125, 131), (20, 6.0), (20, 11.0))]) 

16 .    (((2, 2, 2, 2, 2), (2.0, 1.0, 2.0, 1.0, 2.0)), [('K.14 Musicalion', 'P1', 3, (63, 68), (13, 3.0), (13, 9.0)), ('K.14 Musicalion', 'P1', 3, (69, 74), (13, 12.0), (14, 6.0))]) 

17 .    (((-2, -2, -2, -2, -2), (1.0, 1.0, 1.0, 1.0, 1.0)), [('K.14 Musicalion', 'P1', 1, (130, 135), (12, 12.0), (12, 4.0)), ('K.14 Musicalion', 'P1', 3, (235, 240), (35, 8.0), (35, 12.0))]) 

18 .    (((-2, -2, -2, -2, 2), (1.0, 1.0, 1.0, 1.0, 1.0)), [('K.14 Musicalion', 'P1', 1, (318, 323), (34, 4.0), (34, 8.0)), ('K.14 Musicalion', 'P1', 1, (324, 329), (34, 10.0), (35, 2.0)), ('K.14 Musicalion', 'P1', 1, (330, 335), (35, 4.0), (35, 8.0))]) 

19 .    (((-4, -3, -3, -4, -3), (1.0, 1.0, 1.0, 1.0, 1.0)), [('K.14 Musicalion', 'P1', 1, (3, 8), (1, 2.0), (1, 6.0)), ('K.14 Musicalion', 'P1', 1, (380, 385), (43, 1.0), (43, 5.0))]) 

20 .    (((-3, -12, 13, -3, -12), (1.0, 1.0, 4.0, 1.0, 1.0)), [('K.14 Musicalion', 'P1', 3, (184, 189), (28, 11.0), (29, 6.0)), ('K.14 Musicalion', 'P1', 3, (190, 195), (29, 11.0), (30, 6.0))]) 

21 .    (((-2, -2, -2, 2, -3), (1.0, 1.0, 1.0, 1.0, 1.0)), [('K.14 Musicalion', 'P1', 1, (218, 223), (23, 7.0), (23, 11.0)), ('K.14 Musicalion', 'P1', 1, (246, 251), (25, 7.0), (25, 11.0)), ('K.14 Musicalion', 'P1', 1, (348, 353), (38, 7.0), (38, 11.0))]) 

22 .    (((-2, -2, -2), (1.0, 1.0, 1.0)), [('K.14 Musicalion', 'P1', 1, (336, 339), (35, 10.0), (35, 12.0)), ('K.14 Musicalion', 'P1', 1, (341, 344), (36, 3.0), (36, 5.0))]) 

23 .    (((-4, -3, -3), (1.0, 1.0, 1.0)), [('K.14 Musicalion', 'P1', 3, (1, 4), (1, 8.0), (1, 10.0)), ('K.14 Musicalion', 'P1', 3, (307, 310), (43, 7.0), (43, 9.0))]) 

24 .    (((2, 2, -5), (1.0, 2.0, 1.0)), [('K.14 Musicalion', 'P1', 3, (295, 298), (41, 9.0), (41, 12.0)), ('K.14 Musicalion', 'P1', 3, (299, 302), (42, 3.0), (42, 6.0)), ('K.14 Musicalion', 'P1', 3, (303, 306), (42, 9.0), (42, 12.0))]) 

25 .    (((2, -2, -2), (1.0, 2.0, 1.0)), [('K.14 Musicalion', 'P1', 3, (149, 152), (24, 6.0), (24, 9.0)), ('K.14 Musicalion', 'P1', 3, (153, 156), (24, 12.0), (25, 3.0))]) 

26 .    (((-3, 6, -5), (1.0, 1.0, 1.0)), [('K.14 Musicalion', 'P1', 1, (163, 166), (18, 3.0), (18, 5.0)), ('K.14 Musicalion', 'P1', 1, (167, 170), (18, 9.0), (18, 11.0))]) 

27 .    (((4, 2, -8), (2.0, 1.0, 2.0)), [('K.14 Musicalion', 'P1', 3, (110, 113), (18, 3.0), (18, 6.0)), ('K.14 Musicalion', 'P1', 3, (114, 117), (18, 9.0), (18, 12.0))]) 

28 .    (((-7, 2, -3), (1.0, 3.0, 1.0)), [('K.14 Musicalion', 'P1', 1, (370, 373), (41, 9.0), (42, 1.0)), ('K.14 Musicalion', 'P1', 1, (374, 377), (42, 3.0), (42, 7.0))]) 

29 .    (((-2, -2), (1.0, 1.0)), [('K.14 Musicalion', 'P1', 1, (43, 45), (4, 12.0), (4, 1.0)), ('K.14 Musicalion', 'P1', 1, (46, 48), (4, 3.0), (4, 4.0)), ('K.14 Musicalion', 'P1', 1, (99, 101), (9, 4.0), (9, 5.0)), ('K.14 Musicalion', 'P1', 3, (243, 245), (36, 4.0), (36, 5.0))]) 

30 .    (((2, 2), (1.0, 1.0)), [('K.14 Musicalion', 'P1', 3, (59, 61), (12, 7.0), (12, 8.0)), ('K.14 Musicalion', 'P1', 3, (160, 162), (25, 10.0), (25, 11.0))]) 

31 .    (((-4, -3), (1.0, 1.0)), [('K.14 Musicalion', 'P1', 1, (171, 173), (19, 3.0), (19, 4.0)), ('K.14 Musicalion', 'P1', 1, (177, 179), (20, 3.0), (20, 4.0)), ('K.14 Musicalion', 'P1', 3, (21, 23), (6, 6.0), (6, 7.0))]) 

32 .    (((2, 2), (0.33, 0.33)), [('K.14 Musicalion', 'P1', 1, (0, 2), (0, 1.0), (0, 1.33)), ('K.14 Musicalion', 'P1', 1, (174, 176), (19, 2.0), (19, 2.33))]) 

33 .    (((-2,), (1.0,)), [('K.14 Musicalion', 'P1', 1, (97, 98), (9, 1.0), (9, 1.0)), ('K.14 Musicalion', 'P1', 1, (378, 379), (42, 9.0), (42, 9.0)), ('K.14 Musicalion', 'P1', 3, (241, 242), (36, 2.0), (36, 2.0)), ('K.14 Musicalion', 'P1', 2, (9, 10), (4, 2.0), (4, 2.0))]) 

34 .    (((2,), (1.0,)), [('K.14 Musicalion', 'P1', 1, (122, 123), (11, 5.0), (11, 5.0)), ('K.14 Musicalion', 'P1', 3, (107, 108), (17, 11.0), (17, 11.0)), ('K.14 Musicalion', 'P1', 3, (265, 266), (38, 11.0), (38, 11.0))]) 

35 .    (((2,), (0.5,)), [('K.14 Musicalion', 'P1', 1, (124, 125), (11, 9.5), (11, 9.5)), ('K.14 Musicalion', 'P1', 1, (126, 127), (11, 10.5), (11, 10.5))]) 

36 .    (((-3,), (1.0,)), [('K.14 Musicalion', 'P1', 3, (157, 158), (25, 6.0), (25, 6.0)), ('K.14 Musicalion', 'P1', 3, (196, 197), (30, 11.0), (30, 11.0))]) 

37 .    (((2,), (0.25,)), [('K.14 Musicalion', 'P1', 1, (128, 129), (11, 11.5), (11, 11.5)), ('K.14 Musicalion', 'P1', 1, (278, 279), (29, 9.75), (29, 9.75))]) 

38 .    (((2,), (2.0,)), [('K.14 Musicalion', 'P1', 3, (75, 76), (14, 9.0), (14, 9.0)), ('K.14 Musicalion', 'P1', 3, (77, 78), (14, 12.0), (14, 12.0))]) 

39 .    (((-4,), (1.0,)), [('K.14 Musicalion', 'P1', 1, (9, 10), (1, 12.0), (1, 12.0)), ('K.14 Musicalion', 'P1', 1, (62, 63), (6, 10.0), (6, 10.0)), ('K.14 Musicalion', 'P1', 1, (180, 181), (20, 1.0), (20, 1.0))]) 

40 .    (((-5,), (1.0,)), [('K.14 Musicalion', 'P1', 1, (161, 162), (17, 11.0), (17, 11.0)), ('K.14 Musicalion', 'P1', 3, (182, 183), (28, 6.0), (28, 6.0))]) 

41 .    (((2,), (3.0,)), [('K.14 Musicalion', 'P1', 3, (34, 35), (9, 3.0), (9, 3.0)), ('K.14 Musicalion', 'P1', 3, (133, 134), (21, 4.0), (21, 4.0)), ('K.14 Musicalion', 'P1', 3, (135, 136), (21, 10.0), (21, 10.0)), ('K.14 Musicalion', 'P1', 3, (147, 148), (23, 10.0), (23, 10.0))]) 

