1 .    ('nomes', 'K.19 Musicalion') 

2 .    ('quantidade', 1) 

3 .    ('analise', 'recorręncias IntDiaDurPcompasso sem contidos e intercalados') 

1 .    (((2, -2, 2, 2, 2, -2, 2, -3, 1, -2, 1, 2, -2, 2, 2, 2, -2, 2, -3, 1, -2, 1, 2, 2, -2, 2, -3, 2, -3, 2, -3, 2, -3, 2, -3, 2, -3), (0.5, 0.25, 0.25, 0.25, 0.25, 0.25, 0.25, 0.25, 0.25, 0.5, 1.0, 0.5, 0.25, 0.25, 0.25, 0.25, 0.25, 0.25, 0.25, 0.25, 0.5, 0.75, 0.25, 0.25, 0.25, 0.25, 0.25, 0.25, 0.25, 0.25, 0.25, 0.25, 0.25, 0.25, 0.25, 0.25, 0.25), (2.5, 1.0, 1.25, 1.5, 1.75, 2.0, 2.25, 2.5, 2.75, 1.0, 1.5, 2.5, 1.0, 1.25, 1.5, 1.75, 2.0, 2.25, 2.5, 2.75, 1.0, 1.5, 2.25, 2.5, 2.75, 1.0, 1.25, 1.5, 1.75, 2.0, 2.25, 2.5, 2.75, 1.0, 1.25, 1.5, 1.75)), [('K.19 Musicalion', 'P1', 1, (39, 76), (8, 2.5), (14, 1.75)), ('K.19 Musicalion', 'P1', 1, (344, 381), (51, 2.5), (57, 1.75))]) 

2 .    (((6, -7, 6, -7, 6, -7, 6, -7, 6, -7, 6, -7, 6, -7, 6, -7, 6, 2, 2, 2, -3, 2, -3), (0.25, 0.25, 0.25, 0.25, 0.25, 0.25, 0.25, 0.25, 0.25, 0.25, 0.25, 0.25, 0.25, 0.25, 0.25, 0.25, 0.25, 0.25, 0.25, 0.25, 0.25, 0.25, 0.25), (1.0, 1.25, 1.5, 1.75, 2.0, 2.25, 2.5, 2.75, 1.0, 1.25, 1.5, 1.75, 2.0, 2.25, 2.5, 2.75, 1.0, 1.25, 1.5, 1.75, 2.0, 2.25, 2.5)), [('K.19 Musicalion', 'P1', 1, (401, 424), (60, 1.0), (62, 2.5)), ('K.19 Musicalion', 'P1', 1, (425, 448), (63, 1.0), (65, 2.5))]) 

3 .    (((6, -7, 6, -7, 6, -7, 6, -7, 6, -7, 6, -7, 6, -7, 6, -4, 3, 2, 2, 2, -3, 2, -3), (0.25, 0.25, 0.25, 0.25, 0.25, 0.25, 0.25, 0.25, 0.25, 0.25, 0.25, 0.25, 0.25, 0.25, 0.25, 0.25, 0.25, 0.25, 0.25, 0.25, 0.25, 0.25, 0.25), (1.0, 1.25, 1.5, 1.75, 2.0, 2.25, 2.5, 2.75, 1.0, 1.25, 1.5, 1.75, 2.0, 2.25, 2.5, 2.75, 1.0, 1.25, 1.5, 1.75, 2.0, 2.25, 2.5)), [('K.19 Musicalion', 'P1', 1, (556, 579), (81, 1.0), (83, 2.5)), ('K.19 Musicalion', 'P1', 1, (580, 603), (84, 1.0), (86, 2.5))]) 

4 .    (((-4, 2, -4, 2, -4, -2, 2, -4, -2, (8, 2), (6, 1), (5, 11), -4, 2, -4, 2, -4, -2, 2, -4, -2), (0.5, 0.5, 0.5, 0.5, 0.5, 0.5, 0.5, 0.5, 0.5, (0.0, 0.5), (0.0, 0.5), (0.0, 0.5), 0.5, 0.5, 0.5, 0.5, 0.5, 0.5, 0.5, 0.5, 0.5), (1.0, 1.5, 2.0, 2.5, 1.0, 1.5, 2.0, 2.5, 1.0, 1.5, 2.0, 2.5, 1.0, 1.5, 2.0, 2.5, 1.0, 1.5, 2.0, 2.5, 1.0)), [('K.19 Musicalion', 'P1', 2, (194, 215), (60, 1.0), (65, 1.0)), ('K.19 Musicalion', 'P1', 2, (278, 299), (81, 1.0), (86, 1.0))]) 

5 .    (((6, -7, 6, -7, 6, -7, 6, -7, 6, -7, 6, -7, 6, -7, 6, -2, -2, -2, -2, -2), (0.25, 0.25, 0.25, 0.25, 0.25, 0.25, 0.25, 0.25, 0.25, 0.25, 0.25, 0.25, 0.25, 0.25, 0.25, 0.25, 0.25, 0.25, 0.25, 0.25), (1.0, 1.25, 1.5, 1.75, 2.0, 2.25, 2.5, 2.75, 1.0, 1.25, 1.5, 1.75, 2.0, 2.25, 2.5, 2.75, 1.0, 1.25, 1.5, 1.75)), [('K.19 Musicalion', 'P1', 1, (104, 124), (18, 1.0), (20, 1.75)), ('K.19 Musicalion', 'P1', 1, (125, 145), (21, 1.0), (23, 1.75))]) 

6 .    (((3, -2, -2, -2, -2, -2, -2, -2, 4, -2, -2, -2, -2, -2, -2, 2, 3, -2, -2), (0.25, 0.25, 0.25, 0.25, 0.25, 0.25, 0.25, 0.25, 0.25, 0.25, 0.25, 0.25, 0.25, 0.25, 0.25, 0.25, 0.25, 0.25, 0.25), (1.0, 1.25, 1.5, 1.75, 2.0, 2.25, 2.5, 2.75, 1.0, 1.25, 1.5, 1.75, 2.0, 2.25, 2.5, 2.75, 1.0, 1.25, 1.5)), [('K.19 Musicalion', 'P1', 1, (229, 248), (34, 1.0), (36, 1.5)), ('K.19 Musicalion', 'P1', 1, (604, 623), (87, 1.0), (89, 1.5))]) 

7 .    (((-8, 1, 1, 9, -6, 1, 11, (3, 1), (3, -2), (3, 1), (3, -10), 1, 1, 1, 11, (3, 1), (3, -2), (3, 1), (3, 1)), (0.5, 0.5, 0.5, 0.5, 0.5, 0.5, 0.5, (0.0, 0.5), (0.0, 0.5), (0.0, 0.5), (0.0, 0.5), 0.5, 0.5, 0.5, 0.5, (0.0, 0.5), (0.0, 0.5), (0.0, 0.5), (0.0, 0.5)), (1.0, 1.5, 2.0, 2.5, 1.0, 1.5, 2.0, 2.5, 1.0, 1.5, 2.0, 2.5, 1.0, 1.5, 2.0, 2.5, 1.0, 1.5, 2.0)), [('K.19 Musicalion', 'P1', 2, (165, 184), (51, 1.0), (55, 2.0)), ('K.19 Musicalion', 'P1', 2, (238, 257), (71, 1.0), (75, 2.0))]) 

8 .    (((1, 2, 2, -2, 1, 2, 2, -2, 1, 2, 2, -2, 1, 2, 2, -2), (0.25, 0.25, 0.25, 0.25, 0.25, 0.25, 0.25, 0.25, 0.25, 0.25, 0.25, 0.25, 0.25, 0.25, 0.25, 0.25), (2.0, 2.25, 2.5, 2.75, 1.0, 1.25, 1.5, 1.75, 2.0, 2.25, 2.5, 2.75, 1.0, 1.25, 1.5, 1.75)), [('K.19 Musicalion', 'P1', 1, (161, 177), (25, 2.0), (27, 1.75)), ('K.19 Musicalion', 'P1', 1, (520, 536), (76, 2.0), (78, 1.75))]) 

9 .    (((2, 2, -5, 1, 2, 2, -5, 1, 2, 2, 1, -2), (0.25, 0.25, 0.25, 0.25, 0.25, 0.25, 0.25, 0.25, 0.25, 0.25, 0.25, 0.0), (2.25, 2.5, 2.75, 1.0, 1.25, 1.5, 1.75, 2.0, 2.25, 2.5, 2.75, 1.0)), [('K.19 Musicalion', 'P1', 1, (263, 275), (39, 2.25), (41, 1.0)), ('K.19 Musicalion', 'P1', 1, (276, 288), (41, 2.25), (43, 1.0))]) 

10 .    (((1, 2, 2, -6, 1, 2, 2, 1, -2, 5, 2, 2), (0.25, 0.25, 0.25, 0.25, 0.25, 0.25, 0.25, 0.25, 0.5, 0.75, 0.25, 0.25), (1.0, 1.25, 1.5, 1.75, 2.0, 2.25, 2.5, 2.75, 1.0, 1.5, 2.25, 2.5)), [('K.19 Musicalion', 'P1', 1, (292, 304), (44, 1.0), (45, 2.5)), ('K.19 Musicalion', 'P1', 1, (305, 317), (46, 1.0), (47, 2.5))]) 

11 .    (((2, -2, 2, 2, 2, -2, 2, -3, 1, -2), (0.5, 0.25, 0.25, 0.25, 0.25, 0.25, 0.25, 0.25, 0.25, 0.5), (2.5, 1.0, 1.25, 1.5, 1.75, 2.0, 2.25, 2.5, 2.75, 1.0)), [('K.19 Musicalion', 'P1', 1, (491, 501), (71, 2.5), (73, 1.0)), ('K.19 Musicalion', 'P1', 1, (502, 512), (73, 2.5), (75, 1.0))]) 

12 .    (((-2, -2, -2, -2, -2, -2, 2, 3, -2, -2), (0.25, 0.25, 0.25, 0.25, 0.25, 0.25, 0.25, 0.25, 0.25, 0.25), (1.25, 1.5, 1.75, 2.0, 2.25, 2.5, 2.75, 1.0, 1.25, 1.5)), [('K.19 Musicalion', 'P1', 1, (474, 484), (69, 1.25), (70, 1.5)), ('K.19 Musicalion', 'P1', 2, (313, 323), (90, 1.25), (91, 1.5))]) 

13 .    (((-2, -2, 2, 2, 2, -2, -2, -2, -2, -2), (0.25, 0.25, 0.25, 0.25, 0.25, 0.25, 0.25, 0.25, 0.25, 0.25), (2.25, 2.5, 2.75, 1.0, 1.25, 1.5, 1.75, 2.0, 2.25, 2.5)), [('K.19 Musicalion', 'P1', 1, (146, 156), (23, 2.25), (24, 2.5)), ('K.19 Musicalion', 'P1', 1, (194, 204), (29, 2.25), (30, 2.5))]) 

14 .    (((2, 2, -2, -2, -2, 1, 2, 3), (0.0, 0.0, 1.0, 0.5, 0.25, 0.25, 0.0, 1.5), (1.0, 1.0, 1.0, 2.0, 2.5, 2.75, 1.0, 1.0)), [('K.19 Musicalion', 'P1', 1, (0, 8), (1, 1.0), (2, 1.0)), ('K.19 Musicalion', 'P1', 1, (20, 28), (5, 1.0), (6, 1.0))]) 

15 .    (((2, 2, 2, 2, 2, 2, 2, -3), (0.25, 0.25, 0.25, 0.25, 0.25, 0.25, 0.25, 0.25), (2.75, 1.0, 1.25, 1.5, 1.75, 2.0, 2.25, 2.5)), [('K.19 Musicalion', 'P1', 1, (87, 95), (15, 2.75), (16, 2.5)), ('K.19 Musicalion', 'P1', 1, (384, 392), (57, 2.75), (58, 2.5))]) 

16 .    (((-3, 5, -3, 6, -4, -3, 3, -5), (0.25, 0.25, 0.25, 0.25, 0.25, 0.25, 0.25, 0.25), (1.0, 1.25, 1.5, 1.75, 2.0, 2.25, 2.5, 2.75)), [('K.19 Musicalion', 'P1', 1, (253, 261), (37, 1.0), (37, 2.75)), ('K.19 Musicalion', 'P1', 1, (628, 636), (92, 1.0), (92, 2.75))]) 

17 .    (((-2, -2, -2, -2, -2, -2, -2, -2), (0.5, 0.5, 0.5, 0.5, 0.5, 0.5, 0.5, 0.5), (1.0, 1.5, 2.0, 2.5, 1.0, 1.5, 2.0, 2.5)), [('K.19 Musicalion', 'P1', 2, (38, 46), (13, 1.0), (14, 2.5)), ('K.19 Musicalion', 'P1', 2, (185, 193), (56, 1.0), (57, 2.5))]) 

18 .    (((-3, 4, -3, 4, -3, 4, -3), (0.5, 0.5, 0.5, 0.5, 0.5, 0.5, 0.5), (1.0, 1.5, 2.0, 2.5, 1.0, 1.5, 2.0)), [('K.19 Musicalion', 'P1', 2, (258, 265), (76, 1.0), (77, 2.0)), ('K.19 Musicalion', 'P1', 2, (266, 273), (78, 1.0), (79, 2.0))]) 

19 .    (((1, 2, 2, -4, 1, 2, 2), (0.25, 0.25, 0.25, 0.25, 0.25, 0.25, 0.25), (1.0, 1.25, 1.5, 1.75, 2.0, 2.25, 2.5)), [('K.19 Musicalion', 'P1', 1, (318, 325), (48, 1.0), (48, 2.5)), ('K.19 Musicalion', 'P1', 1, (326, 333), (49, 1.0), (49, 2.5))]) 

20 .    ((((3, 1), (3, 1), 1, 2, 1, 1, 1), ((0.0, 0.5), (0.0, 0.5), 0.5, 0.5, 0.5, 0.5, 0.5), (1.0, 1.5, 2.0, 2.5, 1.0, 1.5, 2.0)), [('K.19 Musicalion', 'P1', 2, (137, 144), (44, 1.0), (45, 2.0)), ('K.19 Musicalion', 'P1', 2, (145, 152), (46, 1.0), (47, 2.0))]) 

21 .    (((-2, -2, -2, -2, -2, -2), (0.25, 0.25, 0.25, 0.25, 0.25, 0.25), (1.25, 1.5, 1.75, 2.0, 2.25, 2.5)), [('K.19 Musicalion', 'P1', 1, (206, 212), (31, 1.25), (31, 2.5)), ('K.19 Musicalion', 'P1', 1, (214, 220), (32, 1.25), (32, 2.5)), ('K.19 Musicalion', 'P1', 1, (222, 228), (33, 1.25), (33, 2.5)), ('K.19 Musicalion', 'P1', 1, (549, 555), (80, 1.25), (80, 2.5))]) 

22 .    (((2, 2, -2, 1, 2, 2), (0.25, 0.25, 0.25, 0.25, 0.25, 0.25), (2.25, 2.5, 2.75, 1.0, 1.25, 1.5)), [('K.19 Musicalion', 'P1', 1, (513, 519), (75, 2.25), (76, 1.5)), ('K.19 Musicalion', 'P1', 1, (537, 543), (78, 2.25), (79, 1.5))]) 

23 .    (((2, 2, 2, 2, 2, 2), (0.25, 0.25, 0.25, 0.25, 0.25, 0.25), (1.0, 1.25, 1.5, 1.75, 2.0, 2.25)), [('K.19 Musicalion', 'P1', 1, (96, 102), (17, 1.0), (17, 2.25)), ('K.19 Musicalion', 'P1', 1, (393, 399), (59, 1.0), (59, 2.25))]) 

24 .    (((-4, 2, -4, 2, -4, -4), (0.5, 0.5, 0.5, 0.5, 0.5, 0.5), (2.0, 2.5, 1.0, 1.5, 2.0, 2.5)), [('K.19 Musicalion', 'P1', 2, (53, 59), (18, 2.0), (19, 2.5)), ('K.19 Musicalion', 'P1', 2, (66, 72), (21, 2.0), (22, 2.5))]) 

25 .    (((-6, (3, 1), (2, 1), (2, -2), (3, 1), (3, 1)), (0.5, (0.0, 0.5), (0.0, 0.5), (0.0, 0.5), (0.0, 0.5), (0.0, 0.5)), (1.0, 1.5, 2.0, 2.5, 1.0, 1.5)), [('K.19 Musicalion', 'P1', 2, (122, 128), (40, 1.0), (41, 1.5)), ('K.19 Musicalion', 'P1', 2, (129, 135), (42, 1.0), (43, 1.5))]) 

26 .    (((1, 11, 1, -2, 1), (0.5, 0.5, 0.5, 0.5, 0.5), (1.5, 2.0, 2.5, 1.0, 1.5)), [('K.19 Musicalion', 'P1', 2, (23, 28), (9, 1.5), (10, 1.5)), ('K.19 Musicalion', 'P1', 2, (31, 36), (11, 1.5), (12, 1.5))]) 

27 .    (((2, -5, 2, -8, 4), (0.5, 0.5, 0.5, 0.5, 0.5), (2.5, 1.0, 1.5, 2.0, 2.5)), [('K.19 Musicalion', 'P1', 2, (74, 79), (23, 2.5), (24, 2.5)), ('K.19 Musicalion', 'P1', 2, (106, 111), (32, 2.5), (33, 2.5))]) 

28 .    (((-5, 2, -8, 4), (0.5, 0.5, 0.5, 0.5), (1.0, 1.5, 2.0, 2.5)), [('K.19 Musicalion', 'P1', 2, (97, 101), (30, 1.0), (30, 2.5)), ('K.19 Musicalion', 'P1', 2, (114, 118), (35, 1.0), (35, 2.5)), ('K.19 Musicalion', 'P1', 3, (12, 16), (90, 1.0), (90, 2.5))]) 

29 .    (((3, -2, -2, 2), (0.25, 0.25, 0.25, 0.25), (1.0, 1.25, 1.5, 1.75)), [('K.19 Musicalion', 'P1', 1, (29, 33), (7, 1.0), (7, 1.75)), ('K.19 Musicalion', 'P1', 1, (80, 84), (15, 1.0), (15, 1.75))]) 

30 .    (((-2, -2, 2, 1), (0.25, 0.25, 0.25, 0.25), (2.0, 2.25, 2.5, 2.75)), [('K.19 Musicalion', 'P1', 1, (338, 342), (50, 2.0), (50, 2.75)), ('K.19 Musicalion', 'P1', 1, (485, 489), (70, 2.0), (70, 2.75))]) 

31 .    ((((3, 3, 2), (3, 4), -2, 2), ((0.0, 0.0, 1.0), (0.0, 1.0), 0.5, 0.5), (1.0, 2.0, 1.0, 1.5)), [('K.19 Musicalion', 'P1', 2, (0, 4), (1, 1.0), (2, 1.5)), ('K.19 Musicalion', 'P1', 2, (14, 18), (5, 1.0), (6, 1.5))]) 

32 .    (((-2, -2, -2), (0.25, 0.25, 0.25), (2.0, 2.25, 2.5)), [('K.19 Musicalion', 'P1', 1, (469, 472), (68, 2.0), (68, 2.5)), ('K.19 Musicalion', 'P1', 1, (624, 627), (89, 2.0), (89, 2.5))]) 

33 .    (((-2, 3, -2), (0.25, 0.25, 0.25), (2.25, 2.5, 2.75)), [('K.19 Musicalion', 'P1', 1, (178, 181), (27, 2.25), (27, 2.75)), ('K.19 Musicalion', 'P1', 1, (186, 189), (28, 2.25), (28, 2.75))]) 

34 .    (((-3, 6, -4), (0.25, 0.25, 0.25), (2.0, 2.25, 2.5)), [('K.19 Musicalion', 'P1', 1, (249, 252), (36, 2.0), (36, 2.5)), ('K.19 Musicalion', 'P1', 2, (324, 327), (91, 2.0), (91, 2.5))]) 

35 .    (((2, 2, -6), (0.25, 0.25, 0.25), (1.5, 1.75, 2.0)), [('K.19 Musicalion', 'P1', 1, (451, 454), (66, 1.5), (66, 2.0)), ('K.19 Musicalion', 'P1', 1, (459, 462), (67, 1.5), (67, 2.0))]) 

36 .    (((-2, -2, -2), (0.75, 0.25, 0.25), (1.5, 2.25, 2.5)), [('K.19 Musicalion', 'P1', 2, (10, 13), (4, 1.5), (4, 2.5)), ('K.19 Musicalion', 'P1', 2, (60, 63), (20, 1.5), (20, 2.5))]) 

37 .    ((((3, 2), (3, 2), (3, 2)), ((0.0, 0.5), (0.0, 0.5), (0.0, 0.5)), (2.5, 1.0, 1.5)), [('K.19 Musicalion', 'P1', 2, (88, 91), (27, 2.5), (28, 1.5)), ('K.19 Musicalion', 'P1', 2, (92, 95), (28, 2.5), (29, 1.5))]) 

38 .    ((((3, 1), (3, -2), (3, 1)), ((0.0, 0.5), (0.0, 0.5), (0.0, 0.5)), (1.0, 1.5, 2.0)), [('K.19 Musicalion', 'P1', 2, (153, 156), (48, 1.0), (48, 2.0)), ('K.19 Musicalion', 'P1', 2, (157, 160), (49, 1.0), (49, 2.0))]) 

39 .    (((-2, 2, -3), (0.5, 0.5, 0.5), (1.0, 1.5, 2.0)), [('K.19 Musicalion', 'P1', 3, (0, 3), (2, 1.0), (2, 2.0)), ('K.19 Musicalion', 'P1', 3, (4, 7), (6, 1.0), (6, 2.0))]) 

40 .    (((2, 2), (0.25, 0.25), (2.25, 2.5)), [('K.19 Musicalion', 'P1', 1, (289, 291), (43, 2.25), (43, 2.5)), ('K.19 Musicalion', 'P1', 1, (545, 547), (79, 2.25), (79, 2.5)), ('K.19 Musicalion', 'P1', 1, (637, 639), (93, 2.25), (93, 2.5))]) 

41 .    (((-2, -2), (0.25, 0.25), (1.25, 1.5)), [('K.19 Musicalion', 'P1', 1, (158, 160), (25, 1.25), (25, 1.5)), ('K.19 Musicalion', 'P1', 1, (190, 192), (29, 1.25), (29, 1.5)), ('K.19 Musicalion', 'P1', 1, (335, 337), (50, 1.25), (50, 1.5))]) 

42 .    (((-2, 2), (0.25, 0.25), (2.5, 2.75)), [('K.19 Musicalion', 'P1', 1, (455, 457), (66, 2.5), (66, 2.75)), ('K.19 Musicalion', 'P1', 1, (463, 465), (67, 2.5), (67, 2.75))]) 

43 .    (((1, 2), (0.25, 0.0), (2.75, 1.0)), [('K.19 Musicalion', 'P1', 1, (16, 18), (3, 2.75), (4, 1.0)), ('K.19 Musicalion', 'P1', 1, (36, 38), (7, 2.75), (8, 1.0))]) 

44 .    (((8, -2), (0.5, 1.0), (1.0, 1.5)), [('K.19 Musicalion', 'P1', 2, (302, 304), (87, 1.0), (87, 1.5)), ('K.19 Musicalion', 'P1', 2, (309, 311), (89, 1.0), (89, 1.5))]) 

45 .    ((((8, 1), (8, 1)), ((0.0, 2.0), (0.0, 2.0)), (1.0, 1.0)), [('K.19 Musicalion', 'P1', 2, (119, 121), (37, 1.0), (38, 1.0)), ('K.19 Musicalion', 'P1', 2, (328, 330), (92, 1.0), (93, 1.0))]) 

46 .    ((((5, 3, 1), (5, 3, 1)), ((0.0, 0.0, 0.5), (0.0, 0.0, 0.5)), (1.0, 1.5)), [('K.19 Musicalion', 'P1', 2, (226, 228), (68, 1.0), (68, 1.5)), ('K.19 Musicalion', 'P1', 2, (230, 232), (69, 1.0), (69, 1.5))]) 

47 .    (((2,), (0.25,), (2.25,)), [('K.19 Musicalion', 'P1', 1, (34, 35), (7, 2.25), (7, 2.25)), ('K.19 Musicalion', 'P1', 1, (382, 383), (57, 2.25), (57, 2.25))]) 

48 .    (((-2,), (0.25,), (1.25,)), [('K.19 Musicalion', 'P1', 1, (182, 183), (28, 1.25), (28, 1.25)), ('K.19 Musicalion', 'P1', 1, (466, 467), (68, 1.25), (68, 1.25))]) 

49 .    ((((3, 1),), ((0.0, 0.5),), (1.0,)), [('K.19 Musicalion', 'P1', 2, (81, 82), (26, 1.0), (26, 1.0)), ('K.19 Musicalion', 'P1', 2, (161, 162), (50, 1.0), (50, 1.0))]) 

50 .    (((-8,), (0.5,), (2.0,)), [('K.19 Musicalion', 'P1', 2, (216, 217), (65, 2.0), (65, 2.0)), ('K.19 Musicalion', 'P1', 2, (307, 308), (88, 2.0), (88, 2.0)), ('K.19 Musicalion', 'P1', 3, (10, 11), (7, 2.0), (7, 2.0))]) 

51 .    ((((3, 1),), ((0.0, 0.5),), (2.0,)), [('K.19 Musicalion', 'P1', 2, (163, 164), (50, 2.0), (50, 2.0)), ('K.19 Musicalion', 'P1', 2, (220, 221), (66, 2.0), (66, 2.0))]) 

52 .    ((((6, 1),), ((0.0, 0.5),), (2.0,)), [('K.19 Musicalion', 'P1', 2, (83, 84), (26, 2.0), (26, 2.0)), ('K.19 Musicalion', 'P1', 2, (300, 301), (86, 2.0), (86, 2.0))]) 

