1.    nomes:
K.225 KernScores

2.    quantidade:
1

3.    analise:
[('intDia', 'p1p2'), ('duracao', 'p1p2'), ('Ptempo', 'p1')] SemContInte Distancia: 0

1.    ((1, 1, 1, 1, 2, 6, -2, -2, -3, 2, 2, 2, 1, -2, -2, -2, -2, -2, 1, (8, 1), (8, 8), -2, 1, -2, 1, -2, 1, -2, -2, 2, -2, 1, 2, -8, 2, 2, 2, -2, -2, -2, 2, -2, -2, 2), (0.5, 0.5, 0.5, 0.5, 0.5, 2.0, 0.5, 0.25, 0.25, 3.0, 0.5, 0.25, 0.25, 1.5, 0.25, 0.25, 0.5, 0.25, 0.25, (0.0, 1.0), (0.0, 1.0), 0.5, 0.5, 0.25, 0.25, 0.25, 0.25, 0.25, 0.25, 0.25, 0.25, 1.0, 1.0, 1.0, 0.25, 0.25, 0.25, 0.25, 0.5, 0.25, 0.25, 0.5, 0.25, 0.25), (0.5,)):
('K.225 KernScores', 'P1', 1, (128, 172), (21,), (1.5,), (28,), (3.75,))
('K.225 KernScores', 'P1', 1, (173, 217), (29,), (1.5,), (36,), (3.75,))

2.    ((8, 1, -2, -2, 2, 1, -2, -2, 2, -7, (7, 1), (7, 1), (7, 2), 8, -2, -2, -2, -2, -2, -2, -2, -2, 1, (8, 1), (8, 2), (7, 1), (7, 4), -5, 2, -8, 4, 5), (1.0, 1.0, 1.0, 0.5, 0.5, 1.0, 1.0, 0.5, 0.5, 1.0, (0.0, 1.0), (0.0, 1.0), (0.0, 1.0), 1.0, 0.25, 0.25, 0.25, 0.25, 0.25, 0.25, 0.25, 0.25, 1.0, (0.0, 1.0), (0.0, 1.0), (0.0, 1.0), (0.0, 1.0), 1.0, 1.0, 1.0, 1.0, 1.0), (0.0,)):
('K.225 KernScores', 'P2', 1, (262, 294), (69,), (2.0,), (77,), (1.0,))
('K.225 KernScores', 'P2', 1, (294, 326), (77,), (2.0,), (85,), (1.0,))

3.    ((1, 1, 1, 1, 2, 4, -2, -2, 2, -8, 2, 2, 1, -2, -2, -2, -2, -2, 8, 1, 2, 1, -2, -2, -2, -2, -2, 2, -2, -2), (0.5, 0.5, 0.5, 0.5, 0.5, 2.0, 0.5, 0.5, 3.0, 0.25, 0.25, 0.25, 0.25, 1.5, 0.25, 0.25, 0.5, 0.25, 0.25, 1.0, 1.0, 6.0, 0.5, 0.25, 0.25, 0.5, 0.25, 0.25, 0.5, 0.25), (0.5,)):
('K.225 KernScores', 'P1', 1, (443, 473), (69,), (1.5,), (76,), (3.5,))
('K.225 KernScores', 'P1', 1, (475, 505), (77,), (1.5,), (84,), (3.5,))

4.    ((-4, 1, 1, -2, -2, -2, 8, -3, -4, 1, -2, 2, -2, 8, -3, -4, 1, -2, -2, -2, -4, 2, 2, 2, 1, -2, 2, -2), (0.5, 0.5, 0.5, 0.5, 0.25, 0.25, 0.5, 0.5, 0.5, 0.5, 0.75, 0.12, 0.12, 0.5, 0.5, 0.5, 0.5, 0.75, 0.12, 0.12, 0.5, 0.75, 0.25, 0.25, 0.25, 0.75, 0.12, 0.12), (0.5,)):
('K.225 KernScores', 'P1', 1, (242, 270), (40,), (1.5,), (43,), (3.88,))
('K.225 KernScores', 'P1', 1, (271, 299), (44,), (1.5,), (47,), (3.88,))

5.    ((-2, -2, 2, 1, -2, -2, 2, -7, (7, 1), (7, 1), (7, 2), 8, -2, -2, -2, -2, -2, -2, -2, -2, 1, (8, 1), (8, 2), (7, 1), (7, 2), -3, (5, 4, 2), (4, 3, 1)), (1.0, 0.5, 0.5, 1.0, 1.0, 0.5, 0.5, 1.0, (0.0, 1.0), (0.0, 1.0), (0.0, 1.0), 1.0, 0.25, 0.25, 0.25, 0.25, 0.25, 0.25, 0.25, 0.25, 1.0, (0.0, 1.0), (0.0, 1.0), (0.0, 1.0), (0.0, 1.0), 1.0, (0.0, 0.0, 1.0), (0.0, 0.0, 1.0)), (0.0,)):
('K.225 KernScores', 'P2', 1, (84, 112), (22,), (1.0,), (28,), (2.0,))
('K.225 KernScores', 'P2', 1, (115, 143), (30,), (1.0,), (36,), (2.0,))

6.    ((2, -4, 2, -3, 2, -3, 2, -3, 4, -6, 2, -2, 2, -4, 2, -3, 2, -3, 2, -3, 4, -6, 2), (0.25, 0.25, 0.25, 0.25, 0.25, 0.25, 0.25, 0.25, 0.25, 0.25, 0.25, 0.25, 0.25, 0.25, 0.25, 0.25, 0.25, 0.25, 0.25, 0.25, 0.25, 0.25, 0.25), (0.25,)):
('K.225 KernScores', 'P1', 1, (42, 65), (7,), (1.25,), (8,), (3.75,))
('K.225 KernScores', 'P1', 1, (419, 442), (66,), (1.25,), (67,), (3.75,))

7.    ((1, -2, (4, 1), -2, 1, -2, 1, -2, 1, -2, -2, 2, -2, 8, -2, 2, 2, -4, -2, 2), (3.0, 2.0, (0.0, 7.0), 0.5, 0.5, 0.25, 0.25, 0.25, 0.25, 0.25, 0.25, 0.25, 0.25, 1.25, 0.25, 0.25, 0.25, 0.25, 0.25, 0.25), (0.0,)):
('K.225 KernScores', 'P1', 2, (30, 50), (70,), (1.0,), (75,), (3.5,))
('K.225 KernScores', 'P1', 2, (51, 71), (78,), (1.0,), (83,), (3.5,))

8.    ((-2, -2, -2, -2, -2, -2, 8, -2, -2, -2, -2, -2, -2, -2, 8, -2, -2, -2, -2), (0.25, 0.25, 0.5, 0.5, 0.5, 0.25, 0.25, 0.5, 0.25, 0.25, 0.5, 0.5, 0.5, 0.25, 0.25, 0.5, 0.25, 0.25, 0.5), (0.5,)):
('K.225 KernScores', 'P1', 1, (21, 40), (4,), (2.5,), (6,), (3.0,))
('K.225 KernScores', 'P1', 1, (398, 417), (63,), (2.5,), (65,), (3.0,))

9.    ((1, -2, (4, 2), 1, -3, 1, 3, -2, 1, -2, 1, -2, -2, -2), (3.0, 2.0, (0.0, 7.0), 1.0, 1.0, 1.0, 1.0, 0.25, 0.25, 0.25, 0.25, 0.25, 0.25, 0.25), (0.0,)):
('K.225 KernScores', 'P1', 2, (0, 14), (22,), (1.0,), (27,), (3.5,))
('K.225 KernScores', 'P1', 2, (15, 29), (30,), (1.0,), (35,), (3.5,))

10.    ((-2, 2, 7, -4, -3, -3, 6, -3, -6, 2, 2, 2), (0.75, 0.12, 0.12, 0.25, 0.25, 0.25, 0.25, 0.25, 0.25, 0.12, 0.12, 0.12), (0.0,)):
('K.225 KernScores', 'P1', 1, (521, 533), (89,), (3.0,), (90,), (2.75,))
('K.225 KernScores', 'P1', 1, (534, 546), (90,), (3.0,), (91,), (2.75,))

11.    ((2, -4, 2, -3, 2, -3, 2, -3, 4, -6, 2, 8), (0.25, 0.25, 0.25, 0.25, 0.25, 0.25, 0.25, 0.25, 0.25, 0.25, 0.25, 1.0), (0.25,)):
('K.225 KernScores', 'P2', 1, (27, 39), (9,), (1.25,), (10,), (1.0,))
('K.225 KernScores', 'P2', 1, (250, 262), (68,), (1.25,), (69,), (1.0,))

12.    ((2, -4, 2, -3, 2, -3, 2, -3, 4, -6, 2), (0.25, 0.25, 0.25, 0.25, 0.25, 0.25, 0.25, 0.25, 0.25, 0.25, 0.25), (0.25,)):
('K.225 KernScores', 'P1', 1, (42, 53), (7,), (1.25,), (7,), (3.75,))
('K.225 KernScores', 'P1', 1, (54, 65), (8,), (1.25,), (8,), (3.75,))
('K.225 KernScores', 'P1', 1, (419, 430), (66,), (1.25,), (66,), (3.75,))
('K.225 KernScores', 'P1', 1, (431, 442), (67,), (1.25,), (67,), (3.75,))
('K.225 KernScores', 'P2', 1, (27, 38), (9,), (1.25,), (9,), (3.75,))
('K.225 KernScores', 'P2', 1, (250, 261), (68,), (1.25,), (68,), (3.75,))

13.    ((-6, 2, 2, -3, 2, -3, 2, -3, 5, -6, 2), (0.25, 0.25, 0.25, 0.25, 0.25, 0.25, 0.25, 0.25, 0.25, 0.25, 0.25), (0.25,)):
('K.225 KernScores', 'P1', 1, (218, 229), (37,), (1.25,), (37,), (3.75,))
('K.225 KernScores', 'P1', 1, (230, 241), (38,), (1.25,), (38,), (3.75,))
('K.225 KernScores', 'P2', 1, (331, 342), (87,), (1.25,), (87,), (3.75,))

14.    ((-2, 1, -2, 1, -2, 1, -2, -2, 2, -2), (0.5, 0.5, 0.25, 0.25, 0.25, 0.25, 0.25, 0.25, 0.25, 0.25), (0.0,)):
('K.225 KernScores', 'P1', 1, (149, 159), (26,), (1.0,), (26,), (3.75,))
('K.225 KernScores', 'P1', 1, (194, 204), (34,), (1.0,), (34,), (3.75,))
('K.225 KernScores', 'P1', 2, (33, 43), (74,), (1.0,), (74,), (3.75,))
('K.225 KernScores', 'P1', 2, (54, 64), (82,), (1.0,), (82,), (3.75,))

15.    ((1, 3, -2, 2, 3, -2, 2, 4, -2, 2), (3.0, 0.5, 0.25, 0.25, 0.5, 0.25, 0.25, 0.5, 0.25, 0.25), (0.0,)):
('K.225 KernScores', 'P1', 1, (299, 309), (48,), (1.0,), (49,), (3.75,))
('K.225 KernScores', 'P2', 1, (0, 10), (1,), (1.0,), (2,), (3.75,))

16.    ((8, -6, 2, 2, -3, 2, -3, 2, -3), (0.25, 0.25, 0.25, 0.25, 0.25, 0.25, 0.25, 0.25, 0.25), (0.0,)):
('K.225 KernScores', 'P1', 1, (217, 226), (37,), (1.0,), (37,), (3.0,))
('K.225 KernScores', 'P1', 2, (72, 81), (85,), (1.0,), (85,), (3.0,))

17.    ((3, -2, 2, 3, -2, 2, 4, -2, 2), (0.5, 0.25, 0.25, 0.5, 0.25, 0.25, 0.5, 0.25, 0.25), (0.0,)):
('K.225 KernScores', 'P1', 1, (0, 9), (1,), (1.0,), (1,), (3.75,))
('K.225 KernScores', 'P2', 1, (194, 203), (51,), (2.0,), (52,), (1.75,))

18.    ((2, 2, -3, 2, -3, 2, -3, 2, -3), (0.25, 0.25, 0.25, 0.25, 0.25, 0.25, 0.25, 0.25, 0.25), (0.5,)):
('K.225 KernScores', 'P1', 2, (74, 83), (85,), (1.5,), (85,), (3.5,))
('K.225 KernScores', 'P1', 2, (86, 95), (86,), (1.5,), (86,), (3.5,))

19.    ((-6, 2, 2, -3, 2, -3, 2, -3), (0.25, 0.25, 0.25, 0.25, 0.25, 0.25, 0.25, 0.25), (0.25,)):
('K.225 KernScores', 'P1', 1, (218, 226), (37,), (1.25,), (37,), (3.0,))
('K.225 KernScores', 'P1', 1, (230, 238), (38,), (1.25,), (38,), (3.0,))
('K.225 KernScores', 'P1', 2, (73, 81), (85,), (1.25,), (85,), (3.0,))
('K.225 KernScores', 'P2', 1, (150, 158), (39,), (1.25,), (39,), (3.0,))
('K.225 KernScores', 'P2', 1, (331, 339), (87,), (1.25,), (87,), (3.0,))

20.    ((-2, -2, -2, -2, -2, -2, -2, -2), (0.25, 0.25, 0.25, 0.25, 0.25, 0.25, 0.25, 0.25), (0.0,)):
('K.225 KernScores', 'P1', 1, (11, 19), (3,), (1.0,), (3,), (2.75,))
('K.225 KernScores', 'P2', 1, (96, 104), (25,), (2.0,), (25,), (3.75,))
('K.225 KernScores', 'P2', 1, (127, 135), (33,), (2.0,), (33,), (3.75,))
('K.225 KernScores', 'P2', 1, (276, 284), (73,), (2.0,), (73,), (3.75,))
('K.225 KernScores', 'P2', 1, (308, 316), (81,), (2.0,), (81,), (3.75,))

21.    ((2, -4, 2, -4, 2, -5, 2), (0.25, 0.25, 0.25, 0.25, 0.25, 0.25, 0.25), (0.25,)):
('K.225 KernScores', 'P1', 1, (328, 335), (54,), (1.25,), (54,), (2.75,))
('K.225 KernScores', 'P2', 1, (211, 218), (55,), (1.25,), (55,), (2.75,))

22.    ((2, -3, 2, -4, 2, -4, 2), (0.25, 0.25, 0.25, 0.25, 0.25, 0.25, 0.25), (0.25,)):
('K.225 KernScores', 'P2', 1, (63, 70), (19,), (1.25,), (19,), (2.75,))
('K.225 KernScores', 'P2', 1, (71, 78), (19,), (3.25,), (20,), (1.75,))

23.    ((3, -3, 4, 2, 4, 3, -3), (1.0, 1.0, 1.0, 1.0, 2.0, 1.0, 1.0), (0.0,)):
('K.225 KernScores', 'P2', 2, (12, 19), (40,), (1.0,), (42,), (2.0,))
('K.225 KernScores', 'P2', 2, (20, 27), (44,), (1.0,), (46,), (2.0,))

24.    (((5, 2, 1), (5, 2, 1), (5, 2, 2), (5, 1), (5, 1), (5, 2)), ((0.0, 0.0, 1.0), (0.0, 0.0, 1.0), (0.0, 0.0, 1.0), (0.0, 1.0), (0.0, 1.0), (0.0, 1.0)), (0.0,)):
('K.225 KernScores', 'P2', 1, (47, 53), (13,), (1.0,), (14,), (3.0,))
('K.225 KernScores', 'P2', 1, (231, 237), (60,), (1.0,), (61,), (3.0,))

25.    ((4, 2, 1, -9, 2, -8), (3.0, 2.0, 1.0, 3.0, 1.0, 1.0), (0.0,)):
('K.225 KernScores', 'P2', 1, (161, 167), (40,), (1.0,), (43,), (2.0,))
('K.225 KernScores', 'P2', 1, (168, 174), (44,), (1.0,), (47,), (2.0,))

26.    ((1, 1, 1, 1, 1), (2.0, 2.0, 1.0, 2.0, 17.0), (0.0,)):
('K.225 KernScores', 'P2', 2, (1, 6), (21,), (2.0,), (23,), (3.0,))
('K.225 KernScores', 'P2', 2, (28, 33), (69,), (2.0,), (71,), (3.0,))

27.    ((-2, -2, -2, -2), (0.25, 0.5, 0.5, 0.5), (0.75,)):
('K.225 KernScores', 'P1', 1, (22, 26), (4,), (2.75,), (5,), (1.0,))
('K.225 KernScores', 'P1', 1, (30, 34), (5,), (2.75,), (6,), (1.0,))
('K.225 KernScores', 'P1', 1, (399, 403), (63,), (2.75,), (64,), (1.0,))
('K.225 KernScores', 'P1', 1, (407, 411), (64,), (2.75,), (65,), (1.0,))
('K.225 KernScores', 'P2', 1, (176, 180), (48,), (1.75,), (48,), (3.0,))

28.    ((-2, -2, -2, 2), (0.25, 0.25, 0.25, 0.25), (0.0,)):
('K.225 KernScores', 'P1', 1, (311, 315), (52,), (3.0,), (52,), (3.75,))
('K.225 KernScores', 'P1', 1, (345, 349), (56,), (3.0,), (56,), (3.75,))

29.    ((-2, -2, -2), (0.25, 0.25, 0.25), (0.0,)):
('K.225 KernScores', 'P1', 1, (11, 14), (3,), (1.0,), (3,), (1.5,))
('K.225 KernScores', 'P1', 1, (15, 18), (3,), (2.0,), (3,), (2.5,))
('K.225 KernScores', 'P1', 1, (311, 314), (52,), (3.0,), (52,), (3.5,))
('K.225 KernScores', 'P1', 1, (319, 322), (53,), (2.0,), (53,), (2.5,))
('K.225 KernScores', 'P1', 1, (323, 326), (53,), (3.0,), (53,), (3.5,))
('K.225 KernScores', 'P1', 1, (345, 348), (56,), (3.0,), (56,), (3.5,))
('K.225 KernScores', 'P1', 2, (11, 14), (27,), (3.0,), (27,), (3.5,))
('K.225 KernScores', 'P1', 2, (26, 29), (35,), (3.0,), (35,), (3.5,))
('K.225 KernScores', 'P2', 1, (96, 99), (25,), (2.0,), (25,), (2.5,))
('K.225 KernScores', 'P2', 1, (100, 103), (25,), (3.0,), (25,), (3.5,))
('K.225 KernScores', 'P2', 1, (127, 130), (33,), (2.0,), (33,), (2.5,))
('K.225 KernScores', 'P2', 1, (131, 134), (33,), (3.0,), (33,), (3.5,))
('K.225 KernScores', 'P2', 1, (276, 279), (73,), (2.0,), (73,), (2.5,))
('K.225 KernScores', 'P2', 1, (280, 283), (73,), (3.0,), (73,), (3.5,))
('K.225 KernScores', 'P2', 1, (308, 311), (81,), (2.0,), (81,), (2.5,))
('K.225 KernScores', 'P2', 1, (312, 315), (81,), (3.0,), (81,), (3.5,))

30.    ((2, 2, 2), (0.25, 0.25, 0.25), (0.75,)):
('K.225 KernScores', 'P1', 1, (118, 121), (18,), (1.75,), (18,), (2.25,))
('K.225 KernScores', 'P1', 1, (122, 125), (18,), (2.75,), (18,), (3.25,))

31.    (((6, 2), (5, 1), (5, 1)), ((0.0, 1.0), (0.0, 1.0), (0.0, 1.0)), (0.0,)):
('K.225 KernScores', 'P2', 1, (55, 58), (15,), (3.0,), (16,), (2.0,))
('K.225 KernScores', 'P2', 1, (58, 61), (16,), (3.0,), (17,), (2.0,))

32.    (((3, 4, 1), (3, 4, 1), (3, 4, 2)), ((0.0, 0.0, 1.0), (0.0, 0.0, 1.0), (0.0, 0.0, 1.0)), (0.0,)):
('K.225 KernScores', 'P2', 1, (222, 225), (57,), (1.0,), (57,), (3.0,))
('K.225 KernScores', 'P2', 1, (237, 240), (62,), (1.0,), (62,), (3.0,))

33.    (((5, 1), (4, -2), (6, 2)), ((0.0, 1.0), (0.0, 1.0), (0.0, 1.0)), (0.0,)):
('K.225 KernScores', 'P2', 1, (242, 245), (63,), (3.0,), (64,), (2.0,))
('K.225 KernScores', 'P2', 1, (245, 248), (64,), (3.0,), (65,), (2.0,))

34.    ((2, 2), (0.25, 0.25), (0.25,)):
('K.225 KernScores', 'P1', 1, (163, 165), (28,), (1.25,), (28,), (1.5,))
('K.225 KernScores', 'P1', 1, (208, 210), (36,), (1.25,), (36,), (1.5,))
('K.225 KernScores', 'P1', 1, (264, 266), (43,), (2.25,), (43,), (2.5,))
('K.225 KernScores', 'P1', 1, (293, 295), (47,), (2.25,), (47,), (2.5,))
('K.225 KernScores', 'P1', 1, (351, 353), (57,), (2.25,), (57,), (2.5,))
('K.225 KernScores', 'P1', 1, (359, 361), (58,), (2.25,), (58,), (2.5,))
('K.225 KernScores', 'P1', 1, (367, 369), (59,), (2.25,), (59,), (2.5,))
('K.225 KernScores', 'P1', 1, (375, 377), (60,), (2.25,), (60,), (2.5,))
('K.225 KernScores', 'P1', 1, (383, 385), (61,), (2.25,), (61,), (2.5,))
('K.225 KernScores', 'P1', 1, (391, 393), (62,), (2.25,), (62,), (2.5,))
('K.225 KernScores', 'P1', 1, (453, 455), (72,), (1.25,), (72,), (1.5,))
('K.225 KernScores', 'P1', 1, (485, 487), (80,), (1.25,), (80,), (1.5,))
('K.225 KernScores', 'P1', 1, (518, 520), (89,), (2.25,), (89,), (2.5,))
('K.225 KernScores', 'P2', 1, (347, 349), (88,), (2.25,), (88,), (2.5,))

35.    ((2, -8), (1.0, 1.0), (0.0,)):
('K.225 KernScores', 'P1', 1, (160, 162), (27,), (2.0,), (27,), (3.0,))
('K.225 KernScores', 'P1', 1, (205, 207), (35,), (2.0,), (35,), (3.0,))
('K.225 KernScores', 'P2', 1, (165, 167), (43,), (1.0,), (43,), (2.0,))
('K.225 KernScores', 'P2', 1, (172, 174), (47,), (1.0,), (47,), (2.0,))
('K.225 KernScores', 'P2', 1, (290, 292), (76,), (1.0,), (76,), (2.0,))
('K.225 KernScores', 'P2', 1, (322, 324), (84,), (1.0,), (84,), (2.0,))

36.    ((-2, -2), (0.5, 0.5), (0.0,)):
('K.225 KernScores', 'P1', 1, (449, 451), (70,), (3.0,), (70,), (3.5,))
('K.225 KernScores', 'P1', 1, (481, 483), (78,), (3.0,), (78,), (3.5,))
('K.225 KernScores', 'P2', 1, (78, 80), (20,), (2.0,), (20,), (2.5,))

37.    ((1, 2), (1.0, 1.0), (0.0,)):
('K.225 KernScores', 'P1', 1, (462, 464), (73,), (2.0,), (73,), (3.0,))
('K.225 KernScores', 'P1', 1, (494, 496), (81,), (2.0,), (81,), (3.0,))
('K.225 KernScores', 'P2', 1, (351, 353), (89,), (1.0,), (89,), (2.0,))

38.    (((4, 3, 1), (4, 3, 1)), ((0.0, 0.0, 1.0), (0.0, 0.0, 1.0)), (0.0,)):
('K.225 KernScores', 'P2', 1, (219, 221), (56,), (1.0,), (56,), (2.0,))
('K.225 KernScores', 'P2', 1, (228, 230), (59,), (1.0,), (59,), (2.0,))

39.    ((-2,), (0.25,), (0.5,)):
('K.225 KernScores', 'P1', 1, (1, 2), (1,), (1.5,), (1,), (1.5,))
('K.225 KernScores', 'P1', 1, (4, 5), (1,), (2.5,), (1,), (2.5,))
('K.225 KernScores', 'P1', 1, (7, 8), (1,), (3.5,), (1,), (3.5,))
('K.225 KernScores', 'P1', 1, (21, 22), (4,), (2.5,), (4,), (2.5,))
('K.225 KernScores', 'P1', 1, (26, 27), (5,), (1.5,), (5,), (1.5,))
('K.225 KernScores', 'P1', 1, (29, 30), (5,), (2.5,), (5,), (2.5,))
('K.225 KernScores', 'P1', 1, (34, 35), (6,), (1.5,), (6,), (1.5,))
('K.225 KernScores', 'P1', 1, (37, 38), (6,), (2.5,), (6,), (2.5,))
('K.225 KernScores', 'P1', 1, (94, 95), (15,), (1.5,), (15,), (1.5,))
('K.225 KernScores', 'P1', 1, (101, 102), (16,), (1.5,), (16,), (1.5,))
('K.225 KernScores', 'P1', 1, (108, 109), (17,), (1.5,), (17,), (1.5,))
('K.225 KernScores', 'P1', 1, (135, 136), (22,), (3.5,), (22,), (3.5,))
('K.225 KernScores', 'P1', 1, (142, 143), (24,), (3.5,), (24,), (3.5,))
('K.225 KernScores', 'P1', 1, (145, 146), (25,), (1.5,), (25,), (1.5,))
('K.225 KernScores', 'P1', 1, (153, 154), (26,), (2.5,), (26,), (2.5,))
('K.225 KernScores', 'P1', 1, (167, 168), (28,), (2.5,), (28,), (2.5,))
('K.225 KernScores', 'P1', 1, (170, 171), (28,), (3.5,), (28,), (3.5,))
('K.225 KernScores', 'P1', 1, (180, 181), (30,), (3.5,), (30,), (3.5,))
('K.225 KernScores', 'P1', 1, (187, 188), (32,), (3.5,), (32,), (3.5,))
('K.225 KernScores', 'P1', 1, (190, 191), (33,), (1.5,), (33,), (1.5,))
('K.225 KernScores', 'P1', 1, (198, 199), (34,), (2.5,), (34,), (2.5,))
('K.225 KernScores', 'P1', 1, (212, 213), (36,), (2.5,), (36,), (2.5,))
('K.225 KernScores', 'P1', 1, (215, 216), (36,), (3.5,), (36,), (3.5,))
('K.225 KernScores', 'P1', 1, (246, 247), (40,), (3.5,), (40,), (3.5,))
('K.225 KernScores', 'P1', 1, (275, 276), (44,), (3.5,), (44,), (3.5,))
('K.225 KernScores', 'P1', 1, (301, 302), (49,), (1.5,), (49,), (1.5,))
('K.225 KernScores', 'P1', 1, (304, 305), (49,), (2.5,), (49,), (2.5,))
('K.225 KernScores', 'P1', 1, (307, 308), (49,), (3.5,), (49,), (3.5,))
('K.225 KernScores', 'P1', 1, (343, 344), (56,), (2.5,), (56,), (2.5,))
('K.225 KernScores', 'P1', 1, (355, 356), (57,), (3.5,), (57,), (3.5,))
('K.225 KernScores', 'P1', 1, (363, 364), (58,), (3.5,), (58,), (3.5,))
('K.225 KernScores', 'P1', 1, (371, 372), (59,), (3.5,), (59,), (3.5,))
('K.225 KernScores', 'P1', 1, (398, 399), (63,), (2.5,), (63,), (2.5,))
('K.225 KernScores', 'P1', 1, (403, 404), (64,), (1.5,), (64,), (1.5,))
('K.225 KernScores', 'P1', 1, (406, 407), (64,), (2.5,), (64,), (2.5,))
('K.225 KernScores', 'P1', 1, (411, 412), (65,), (1.5,), (65,), (1.5,))
('K.225 KernScores', 'P1', 1, (414, 415), (65,), (2.5,), (65,), (2.5,))
('K.225 KernScores', 'P1', 1, (457, 458), (72,), (3.5,), (72,), (3.5,))
('K.225 KernScores', 'P1', 1, (460, 461), (73,), (1.5,), (73,), (1.5,))
('K.225 KernScores', 'P1', 1, (466, 467), (76,), (1.5,), (76,), (1.5,))
('K.225 KernScores', 'P1', 1, (469, 470), (76,), (2.5,), (76,), (2.5,))
('K.225 KernScores', 'P1', 1, (472, 473), (76,), (3.5,), (76,), (3.5,))
('K.225 KernScores', 'P1', 1, (489, 490), (80,), (3.5,), (80,), (3.5,))
('K.225 KernScores', 'P1', 1, (492, 493), (81,), (1.5,), (81,), (1.5,))
('K.225 KernScores', 'P1', 1, (498, 499), (84,), (1.5,), (84,), (1.5,))
('K.225 KernScores', 'P1', 1, (501, 502), (84,), (2.5,), (84,), (2.5,))
('K.225 KernScores', 'P1', 1, (504, 505), (84,), (3.5,), (84,), (3.5,))
('K.225 KernScores', 'P1', 1, (552, 553), (93,), (1.5,), (93,), (1.5,))
('K.225 KernScores', 'P1', 1, (555, 556), (93,), (2.5,), (93,), (2.5,))
('K.225 KernScores', 'P1', 1, (558, 559), (93,), (3.5,), (93,), (3.5,))
('K.225 KernScores', 'P1', 2, (9, 10), (27,), (2.5,), (27,), (2.5,))
('K.225 KernScores', 'P1', 2, (24, 25), (35,), (2.5,), (35,), (2.5,))
('K.225 KernScores', 'P1', 2, (37, 38), (74,), (2.5,), (74,), (2.5,))
('K.225 KernScores', 'P1', 2, (58, 59), (82,), (2.5,), (82,), (2.5,))
('K.225 KernScores', 'P2', 1, (2, 3), (2,), (1.5,), (2,), (1.5,))
('K.225 KernScores', 'P2', 1, (5, 6), (2,), (2.5,), (2,), (2.5,))
('K.225 KernScores', 'P2', 1, (8, 9), (2,), (3.5,), (2,), (3.5,))
('K.225 KernScores', 'P2', 1, (183, 184), (50,), (1.5,), (50,), (1.5,))
('K.225 KernScores', 'P2', 1, (186, 187), (50,), (2.5,), (50,), (2.5,))
('K.225 KernScores', 'P2', 1, (189, 190), (50,), (3.5,), (50,), (3.5,))
('K.225 KernScores', 'P2', 1, (192, 193), (51,), (1.5,), (51,), (1.5,))
('K.225 KernScores', 'P2', 1, (195, 196), (51,), (2.5,), (51,), (2.5,))
('K.225 KernScores', 'P2', 1, (198, 199), (51,), (3.5,), (51,), (3.5,))
('K.225 KernScores', 'P2', 1, (201, 202), (52,), (1.5,), (52,), (1.5,))
('K.225 KernScores', 'P2', 1, (204, 205), (52,), (2.5,), (52,), (2.5,))

40.    ((-2,), (0.5,), (0.0,)):
('K.225 KernScores', 'P1', 1, (20, 21), (4,), (2.0,), (4,), (2.0,))
('K.225 KernScores', 'P1', 1, (23, 24), (4,), (3.0,), (4,), (3.0,))
('K.225 KernScores', 'P1', 1, (25, 26), (5,), (1.0,), (5,), (1.0,))
('K.225 KernScores', 'P1', 1, (28, 29), (5,), (2.0,), (5,), (2.0,))
('K.225 KernScores', 'P1', 1, (31, 32), (5,), (3.0,), (5,), (3.0,))
('K.225 KernScores', 'P1', 1, (33, 34), (6,), (1.0,), (6,), (1.0,))
('K.225 KernScores', 'P1', 1, (36, 37), (6,), (2.0,), (6,), (2.0,))
('K.225 KernScores', 'P1', 1, (39, 40), (6,), (3.0,), (6,), (3.0,))
('K.225 KernScores', 'P1', 1, (91, 92), (14,), (3.0,), (14,), (3.0,))
('K.225 KernScores', 'P1', 1, (93, 94), (15,), (1.0,), (15,), (1.0,))
('K.225 KernScores', 'P1', 1, (98, 99), (15,), (3.0,), (15,), (3.0,))
('K.225 KernScores', 'P1', 1, (100, 101), (16,), (1.0,), (16,), (1.0,))
('K.225 KernScores', 'P1', 1, (105, 106), (16,), (3.0,), (16,), (3.0,))
('K.225 KernScores', 'P1', 1, (107, 108), (17,), (1.0,), (17,), (1.0,))
('K.225 KernScores', 'P1', 1, (113, 114), (17,), (3.0,), (17,), (3.0,))
('K.225 KernScores', 'P1', 1, (134, 135), (22,), (3.0,), (22,), (3.0,))
('K.225 KernScores', 'P1', 1, (144, 145), (25,), (1.0,), (25,), (1.0,))
('K.225 KernScores', 'P1', 1, (149, 150), (26,), (1.0,), (26,), (1.0,))
('K.225 KernScores', 'P1', 1, (166, 167), (28,), (2.0,), (28,), (2.0,))
('K.225 KernScores', 'P1', 1, (169, 170), (28,), (3.0,), (28,), (3.0,))
('K.225 KernScores', 'P1', 1, (179, 180), (30,), (3.0,), (30,), (3.0,))
('K.225 KernScores', 'P1', 1, (189, 190), (33,), (1.0,), (33,), (1.0,))
('K.225 KernScores', 'P1', 1, (194, 195), (34,), (1.0,), (34,), (1.0,))
('K.225 KernScores', 'P1', 1, (211, 212), (36,), (2.0,), (36,), (2.0,))
('K.225 KernScores', 'P1', 1, (214, 215), (36,), (3.0,), (36,), (3.0,))
('K.225 KernScores', 'P1', 1, (245, 246), (40,), (3.0,), (40,), (3.0,))
('K.225 KernScores', 'P1', 1, (274, 275), (44,), (3.0,), (44,), (3.0,))
('K.225 KernScores', 'P1', 1, (354, 355), (57,), (3.0,), (57,), (3.0,))
('K.225 KernScores', 'P1', 1, (362, 363), (58,), (3.0,), (58,), (3.0,))
('K.225 KernScores', 'P1', 1, (370, 371), (59,), (3.0,), (59,), (3.0,))
('K.225 KernScores', 'P1', 1, (394, 395), (62,), (3.0,), (62,), (3.0,))
('K.225 KernScores', 'P1', 1, (400, 401), (63,), (3.0,), (63,), (3.0,))
('K.225 KernScores', 'P1', 1, (402, 403), (64,), (1.0,), (64,), (1.0,))
('K.225 KernScores', 'P1', 1, (405, 406), (64,), (2.0,), (64,), (2.0,))
('K.225 KernScores', 'P1', 1, (408, 409), (64,), (3.0,), (64,), (3.0,))
('K.225 KernScores', 'P1', 1, (410, 411), (65,), (1.0,), (65,), (1.0,))
('K.225 KernScores', 'P1', 1, (413, 414), (65,), (2.0,), (65,), (2.0,))
('K.225 KernScores', 'P1', 1, (416, 417), (65,), (3.0,), (65,), (3.0,))
('K.225 KernScores', 'P1', 1, (449, 450), (70,), (3.0,), (70,), (3.0,))
('K.225 KernScores', 'P1', 1, (459, 460), (73,), (1.0,), (73,), (1.0,))
('K.225 KernScores', 'P1', 1, (465, 466), (76,), (1.0,), (76,), (1.0,))
('K.225 KernScores', 'P1', 1, (468, 469), (76,), (2.0,), (76,), (2.0,))
('K.225 KernScores', 'P1', 1, (471, 472), (76,), (3.0,), (76,), (3.0,))
('K.225 KernScores', 'P1', 1, (481, 482), (78,), (3.0,), (78,), (3.0,))
('K.225 KernScores', 'P1', 1, (491, 492), (81,), (1.0,), (81,), (1.0,))
('K.225 KernScores', 'P1', 1, (497, 498), (84,), (1.0,), (84,), (1.0,))
('K.225 KernScores', 'P1', 1, (500, 501), (84,), (2.0,), (84,), (2.0,))
('K.225 KernScores', 'P1', 1, (503, 504), (84,), (3.0,), (84,), (3.0,))
('K.225 KernScores', 'P1', 2, (33, 34), (74,), (1.0,), (74,), (1.0,))
('K.225 KernScores', 'P1', 2, (54, 55), (82,), (1.0,), (82,), (1.0,))
('K.225 KernScores', 'P2', 1, (78, 79), (20,), (2.0,), (20,), (2.0,))
('K.225 KernScores', 'P2', 1, (85, 86), (22,), (2.0,), (22,), (2.0,))
('K.225 KernScores', 'P2', 1, (89, 90), (23,), (2.0,), (23,), (2.0,))
('K.225 KernScores', 'P2', 1, (116, 117), (30,), (2.0,), (30,), (2.0,))
('K.225 KernScores', 'P2', 1, (120, 121), (31,), (2.0,), (31,), (2.0,))
('K.225 KernScores', 'P2', 1, (177, 178), (48,), (2.0,), (48,), (2.0,))
('K.225 KernScores', 'P2', 1, (179, 180), (48,), (3.0,), (48,), (3.0,))
('K.225 KernScores', 'P2', 1, (265, 266), (70,), (2.0,), (70,), (2.0,))
('K.225 KernScores', 'P2', 1, (269, 270), (71,), (2.0,), (71,), (2.0,))
('K.225 KernScores', 'P2', 1, (297, 298), (78,), (2.0,), (78,), (2.0,))
('K.225 KernScores', 'P2', 1, (301, 302), (79,), (2.0,), (79,), (2.0,))

41.    ((-2,), (0.25,), (0.75,)):
('K.225 KernScores', 'P1', 1, (14, 15), (3,), (1.75,), (3,), (1.75,))
('K.225 KernScores', 'P1', 1, (18, 19), (3,), (2.75,), (3,), (2.75,))
('K.225 KernScores', 'P1', 1, (22, 23), (4,), (2.75,), (4,), (2.75,))
('K.225 KernScores', 'P1', 1, (30, 31), (5,), (2.75,), (5,), (2.75,))
('K.225 KernScores', 'P1', 1, (38, 39), (6,), (2.75,), (6,), (2.75,))
('K.225 KernScores', 'P1', 1, (112, 113), (17,), (2.75,), (17,), (2.75,))
('K.225 KernScores', 'P1', 1, (126, 127), (18,), (3.75,), (18,), (3.75,))
('K.225 KernScores', 'P1', 1, (143, 144), (24,), (3.75,), (24,), (3.75,))
('K.225 KernScores', 'P1', 1, (158, 159), (26,), (3.75,), (26,), (3.75,))
('K.225 KernScores', 'P1', 1, (165, 166), (28,), (1.75,), (28,), (1.75,))
('K.225 KernScores', 'P1', 1, (188, 189), (32,), (3.75,), (32,), (3.75,))
('K.225 KernScores', 'P1', 1, (203, 204), (34,), (3.75,), (34,), (3.75,))
('K.225 KernScores', 'P1', 1, (210, 211), (36,), (1.75,), (36,), (1.75,))
('K.225 KernScores', 'P1', 1, (247, 248), (40,), (3.75,), (40,), (3.75,))
('K.225 KernScores', 'P1', 1, (276, 277), (44,), (3.75,), (44,), (3.75,))
('K.225 KernScores', 'P1', 1, (326, 327), (53,), (3.75,), (53,), (3.75,))
('K.225 KernScores', 'P1', 1, (344, 345), (56,), (2.75,), (56,), (2.75,))
('K.225 KernScores', 'P1', 1, (353, 354), (57,), (2.75,), (57,), (2.75,))
('K.225 KernScores', 'P1', 1, (361, 362), (58,), (2.75,), (58,), (2.75,))
('K.225 KernScores', 'P1', 1, (369, 370), (59,), (2.75,), (59,), (2.75,))
('K.225 KernScores', 'P1', 1, (377, 378), (60,), (2.75,), (60,), (2.75,))
('K.225 KernScores', 'P1', 1, (385, 386), (61,), (2.75,), (61,), (2.75,))
('K.225 KernScores', 'P1', 1, (393, 394), (62,), (2.75,), (62,), (2.75,))
('K.225 KernScores', 'P1', 1, (399, 400), (63,), (2.75,), (63,), (2.75,))
('K.225 KernScores', 'P1', 1, (407, 408), (64,), (2.75,), (64,), (2.75,))
('K.225 KernScores', 'P1', 1, (415, 416), (65,), (2.75,), (65,), (2.75,))
('K.225 KernScores', 'P1', 1, (458, 459), (72,), (3.75,), (72,), (3.75,))
('K.225 KernScores', 'P1', 1, (467, 468), (76,), (1.75,), (76,), (1.75,))
('K.225 KernScores', 'P1', 1, (490, 491), (80,), (3.75,), (80,), (3.75,))
('K.225 KernScores', 'P1', 1, (499, 500), (84,), (1.75,), (84,), (1.75,))
('K.225 KernScores', 'P1', 2, (42, 43), (74,), (3.75,), (74,), (3.75,))
('K.225 KernScores', 'P1', 2, (63, 64), (82,), (3.75,), (82,), (3.75,))
('K.225 KernScores', 'P2', 1, (13, 14), (3,), (3.75,), (3,), (3.75,))
('K.225 KernScores', 'P2', 1, (17, 18), (4,), (1.75,), (4,), (1.75,))
('K.225 KernScores', 'P2', 1, (99, 100), (25,), (2.75,), (25,), (2.75,))
('K.225 KernScores', 'P2', 1, (103, 104), (25,), (3.75,), (25,), (3.75,))
('K.225 KernScores', 'P2', 1, (130, 131), (33,), (2.75,), (33,), (2.75,))
('K.225 KernScores', 'P2', 1, (134, 135), (33,), (3.75,), (33,), (3.75,))
('K.225 KernScores', 'P2', 1, (176, 177), (48,), (1.75,), (48,), (1.75,))
('K.225 KernScores', 'P2', 1, (279, 280), (73,), (2.75,), (73,), (2.75,))
('K.225 KernScores', 'P2', 1, (283, 284), (73,), (3.75,), (73,), (3.75,))
('K.225 KernScores', 'P2', 1, (311, 312), (81,), (2.75,), (81,), (2.75,))
('K.225 KernScores', 'P2', 1, (315, 316), (81,), (3.75,), (81,), (3.75,))

42.    ((1,), (1.0,), (0.0,)):
('K.225 KernScores', 'P1', 1, (159, 160), (27,), (1.0,), (27,), (1.0,))
('K.225 KernScores', 'P1', 1, (204, 205), (35,), (1.0,), (35,), (1.0,))
('K.225 KernScores', 'P1', 1, (462, 463), (73,), (2.0,), (73,), (2.0,))
('K.225 KernScores', 'P1', 1, (494, 495), (81,), (2.0,), (81,), (2.0,))
('K.225 KernScores', 'P1', 2, (3, 4), (26,), (1.0,), (26,), (1.0,))
('K.225 KernScores', 'P1', 2, (5, 6), (26,), (3.0,), (26,), (3.0,))
('K.225 KernScores', 'P1', 2, (18, 19), (34,), (1.0,), (34,), (1.0,))
('K.225 KernScores', 'P1', 2, (20, 21), (34,), (3.0,), (34,), (3.0,))
('K.225 KernScores', 'P2', 1, (39, 40), (10,), (2.0,), (10,), (2.0,))
('K.225 KernScores', 'P2', 1, (83, 84), (21,), (3.0,), (21,), (3.0,))
('K.225 KernScores', 'P2', 1, (87, 88), (22,), (3.0,), (22,), (3.0,))
('K.225 KernScores', 'P2', 1, (104, 105), (26,), (1.0,), (26,), (1.0,))
('K.225 KernScores', 'P2', 1, (118, 119), (30,), (3.0,), (30,), (3.0,))
('K.225 KernScores', 'P2', 1, (135, 136), (34,), (1.0,), (34,), (1.0,))
('K.225 KernScores', 'P2', 1, (163, 164), (41,), (3.0,), (41,), (3.0,))
('K.225 KernScores', 'P2', 1, (170, 171), (45,), (3.0,), (45,), (3.0,))
('K.225 KernScores', 'P2', 1, (263, 264), (69,), (3.0,), (69,), (3.0,))
('K.225 KernScores', 'P2', 1, (267, 268), (70,), (3.0,), (70,), (3.0,))
('K.225 KernScores', 'P2', 1, (284, 285), (74,), (1.0,), (74,), (1.0,))
('K.225 KernScores', 'P2', 1, (295, 296), (77,), (3.0,), (77,), (3.0,))
('K.225 KernScores', 'P2', 1, (299, 300), (78,), (3.0,), (78,), (3.0,))
('K.225 KernScores', 'P2', 1, (316, 317), (82,), (1.0,), (82,), (1.0,))
('K.225 KernScores', 'P2', 1, (351, 352), (89,), (1.0,), (89,), (1.0,))
('K.225 KernScores', 'P2', 2, (3, 4), (22,), (3.0,), (22,), (3.0,))
('K.225 KernScores', 'P2', 2, (9, 10), (30,), (3.0,), (30,), (3.0,))
('K.225 KernScores', 'P2', 2, (30, 31), (70,), (3.0,), (70,), (3.0,))
('K.225 KernScores', 'P2', 2, (35, 36), (78,), (3.0,), (78,), (3.0,))

43.    ((2,), (0.25,), (0.5,)):
('K.225 KernScores', 'P1', 1, (111, 112), (17,), (2.5,), (17,), (2.5,))
('K.225 KernScores', 'P1', 1, (139, 140), (24,), (1.5,), (24,), (1.5,))
('K.225 KernScores', 'P1', 1, (157, 158), (26,), (3.5,), (26,), (3.5,))
('K.225 KernScores', 'P1', 1, (164, 165), (28,), (1.5,), (28,), (1.5,))
('K.225 KernScores', 'P1', 1, (184, 185), (32,), (1.5,), (32,), (1.5,))
('K.225 KernScores', 'P1', 1, (202, 203), (34,), (3.5,), (34,), (3.5,))
('K.225 KernScores', 'P1', 1, (209, 210), (36,), (1.5,), (36,), (1.5,))
('K.225 KernScores', 'P1', 1, (265, 266), (43,), (2.5,), (43,), (2.5,))
('K.225 KernScores', 'P1', 1, (294, 295), (47,), (2.5,), (47,), (2.5,))
('K.225 KernScores', 'P1', 1, (352, 353), (57,), (2.5,), (57,), (2.5,))
('K.225 KernScores', 'P1', 1, (360, 361), (58,), (2.5,), (58,), (2.5,))
('K.225 KernScores', 'P1', 1, (368, 369), (59,), (2.5,), (59,), (2.5,))
('K.225 KernScores', 'P1', 1, (376, 377), (60,), (2.5,), (60,), (2.5,))
('K.225 KernScores', 'P1', 1, (384, 385), (61,), (2.5,), (61,), (2.5,))
('K.225 KernScores', 'P1', 1, (392, 393), (62,), (2.5,), (62,), (2.5,))
('K.225 KernScores', 'P1', 1, (454, 455), (72,), (1.5,), (72,), (1.5,))
('K.225 KernScores', 'P1', 1, (486, 487), (80,), (1.5,), (80,), (1.5,))
('K.225 KernScores', 'P1', 1, (519, 520), (89,), (2.5,), (89,), (2.5,))
('K.225 KernScores', 'P1', 2, (41, 42), (74,), (3.5,), (74,), (3.5,))
('K.225 KernScores', 'P1', 2, (49, 50), (75,), (3.5,), (75,), (3.5,))
('K.225 KernScores', 'P1', 2, (62, 63), (82,), (3.5,), (82,), (3.5,))
('K.225 KernScores', 'P1', 2, (70, 71), (83,), (3.5,), (83,), (3.5,))
('K.225 KernScores', 'P2', 1, (348, 349), (88,), (2.5,), (88,), (2.5,))

44.    ((2,), (1.0,), (0.0,)):
('K.225 KernScores', 'P1', 1, (10, 11), (2,), (3.0,), (2,), (3.0,))
('K.225 KernScores', 'P1', 1, (160, 161), (27,), (2.0,), (27,), (2.0,))
('K.225 KernScores', 'P1', 1, (205, 206), (35,), (2.0,), (35,), (2.0,))
('K.225 KernScores', 'P1', 1, (463, 464), (73,), (3.0,), (73,), (3.0,))
('K.225 KernScores', 'P1', 1, (495, 496), (81,), (3.0,), (81,), (3.0,))
('K.225 KernScores', 'P2', 1, (165, 166), (43,), (1.0,), (43,), (1.0,))
('K.225 KernScores', 'P2', 1, (172, 173), (47,), (1.0,), (47,), (1.0,))
('K.225 KernScores', 'P2', 1, (207, 208), (53,), (1.0,), (53,), (1.0,))
('K.225 KernScores', 'P2', 1, (208, 209), (53,), (2.0,), (53,), (2.0,))
('K.225 KernScores', 'P2', 1, (240, 241), (63,), (1.0,), (63,), (1.0,))
('K.225 KernScores', 'P2', 1, (290, 291), (76,), (1.0,), (76,), (1.0,))
('K.225 KernScores', 'P2', 1, (322, 323), (84,), (1.0,), (84,), (1.0,))
('K.225 KernScores', 'P2', 1, (352, 353), (89,), (2.0,), (89,), (2.0,))
('K.225 KernScores', 'P2', 1, (358, 359), (91,), (2.0,), (91,), (2.0,))
('K.225 KernScores', 'P2', 2, (15, 16), (41,), (1.0,), (41,), (1.0,))
('K.225 KernScores', 'P2', 2, (23, 24), (45,), (1.0,), (45,), (1.0,))

45.    ((-8,), (1.0,), (0.0,)):
('K.225 KernScores', 'P1', 1, (161, 162), (27,), (3.0,), (27,), (3.0,))
('K.225 KernScores', 'P1', 1, (206, 207), (35,), (3.0,), (35,), (3.0,))
('K.225 KernScores', 'P2', 1, (145, 146), (37,), (2.0,), (37,), (2.0,))
('K.225 KernScores', 'P2', 1, (148, 149), (38,), (2.0,), (38,), (2.0,))
('K.225 KernScores', 'P2', 1, (166, 167), (43,), (2.0,), (43,), (2.0,))
('K.225 KernScores', 'P2', 1, (173, 174), (47,), (2.0,), (47,), (2.0,))
('K.225 KernScores', 'P2', 1, (291, 292), (76,), (2.0,), (76,), (2.0,))
('K.225 KernScores', 'P2', 1, (323, 324), (84,), (2.0,), (84,), (2.0,))
('K.225 KernScores', 'P2', 1, (326, 327), (85,), (2.0,), (85,), (2.0,))
('K.225 KernScores', 'P2', 1, (329, 330), (86,), (2.0,), (86,), (2.0,))
('K.225 KernScores', 'P2', 2, (7, 8), (29,), (3.0,), (29,), (3.0,))

46.    ((8,), (1.0,), (0.0,)):
('K.225 KernScores', 'P2', 1, (38, 39), (10,), (1.0,), (10,), (1.0,))
('K.225 KernScores', 'P2', 1, (81, 82), (21,), (1.0,), (21,), (1.0,))
('K.225 KernScores', 'P2', 1, (82, 83), (21,), (2.0,), (21,), (2.0,))
('K.225 KernScores', 'P2', 1, (95, 96), (25,), (1.0,), (25,), (1.0,))
('K.225 KernScores', 'P2', 1, (126, 127), (33,), (1.0,), (33,), (1.0,))
('K.225 KernScores', 'P2', 1, (261, 262), (69,), (1.0,), (69,), (1.0,))
('K.225 KernScores', 'P2', 1, (262, 263), (69,), (2.0,), (69,), (2.0,))
('K.225 KernScores', 'P2', 1, (275, 276), (73,), (1.0,), (73,), (1.0,))
('K.225 KernScores', 'P2', 1, (294, 295), (77,), (2.0,), (77,), (2.0,))
('K.225 KernScores', 'P2', 1, (307, 308), (81,), (1.0,), (81,), (1.0,))
('K.225 KernScores', 'P2', 2, (6, 7), (29,), (2.0,), (29,), (2.0,))

47.    ((4,), (1.0,), (0.0,)):
('K.225 KernScores', 'P2', 1, (146, 147), (37,), (3.0,), (37,), (3.0,))
('K.225 KernScores', 'P2', 1, (174, 175), (47,), (3.0,), (47,), (3.0,))
('K.225 KernScores', 'P2', 1, (292, 293), (76,), (3.0,), (76,), (3.0,))
('K.225 KernScores', 'P2', 1, (324, 325), (84,), (3.0,), (84,), (3.0,))
('K.225 KernScores', 'P2', 1, (327, 328), (85,), (3.0,), (85,), (3.0,))
('K.225 KernScores', 'P2', 1, (350, 351), (88,), (3.0,), (88,), (3.0,))
('K.225 KernScores', 'P2', 1, (353, 354), (89,), (3.0,), (89,), (3.0,))
('K.225 KernScores', 'P2', 2, (14, 15), (40,), (3.0,), (40,), (3.0,))
('K.225 KernScores', 'P2', 2, (22, 23), (44,), (3.0,), (44,), (3.0,))

48.    ((-3,), (1.0,), (0.0,)):
('K.225 KernScores', 'P1', 2, (4, 5), (26,), (2.0,), (26,), (2.0,))
('K.225 KernScores', 'P1', 2, (19, 20), (34,), (2.0,), (34,), (2.0,))
('K.225 KernScores', 'P2', 1, (109, 110), (27,), (3.0,), (27,), (3.0,))
('K.225 KernScores', 'P2', 1, (140, 141), (35,), (3.0,), (35,), (3.0,))
('K.225 KernScores', 'P2', 2, (13, 14), (40,), (2.0,), (40,), (2.0,))
('K.225 KernScores', 'P2', 2, (18, 19), (42,), (2.0,), (42,), (2.0,))
('K.225 KernScores', 'P2', 2, (21, 22), (44,), (2.0,), (44,), (2.0,))
('K.225 KernScores', 'P2', 2, (26, 27), (46,), (2.0,), (46,), (2.0,))

49.    ((1,), (3.0,), (0.0,)):
('K.225 KernScores', 'P1', 1, (299, 300), (48,), (1.0,), (48,), (1.0,))
('K.225 KernScores', 'P1', 2, (0, 1), (22,), (1.0,), (22,), (1.0,))
('K.225 KernScores', 'P1', 2, (15, 16), (30,), (1.0,), (30,), (1.0,))
('K.225 KernScores', 'P1', 2, (30, 31), (70,), (1.0,), (70,), (1.0,))
('K.225 KernScores', 'P1', 2, (51, 52), (78,), (1.0,), (78,), (1.0,))
('K.225 KernScores', 'P2', 1, (0, 1), (1,), (1.0,), (1,), (1.0,))
('K.225 KernScores', 'P2', 1, (181, 182), (49,), (1.0,), (49,), (1.0,))

50.    ((-4,), (0.25,), (0.0,)):
('K.225 KernScores', 'P1', 1, (509, 510), (88,), (3.0,), (88,), (3.0,))
('K.225 KernScores', 'P1', 1, (524, 525), (90,), (1.0,), (90,), (1.0,))
('K.225 KernScores', 'P1', 1, (537, 538), (91,), (1.0,), (91,), (1.0,))
('K.225 KernScores', 'P1', 2, (47, 48), (75,), (3.0,), (75,), (3.0,))
('K.225 KernScores', 'P1', 2, (68, 69), (83,), (3.0,), (83,), (3.0,))
('K.225 KernScores', 'P2', 1, (66, 67), (19,), (2.0,), (19,), (2.0,))
('K.225 KernScores', 'P2', 1, (74, 75), (20,), (1.0,), (20,), (1.0,))

51.    ((-5,), (1.0,), (0.0,)):
('K.225 KernScores', 'P1', 1, (507, 508), (86,), (3.0,), (86,), (3.0,))
('K.225 KernScores', 'P2', 1, (241, 242), (63,), (2.0,), (63,), (2.0,))
('K.225 KernScores', 'P2', 1, (289, 290), (75,), (3.0,), (75,), (3.0,))
('K.225 KernScores', 'P2', 1, (321, 322), (83,), (3.0,), (83,), (3.0,))
('K.225 KernScores', 'P2', 1, (354, 355), (90,), (1.0,), (90,), (1.0,))
('K.225 KernScores', 'P2', 1, (357, 358), (91,), (1.0,), (91,), (1.0,))
('K.225 KernScores', 'P2', 1, (359, 360), (91,), (3.0,), (91,), (3.0,))

52.    (((8, 1),), ((0.0, 1.0),), (0.0,)):
('K.225 KernScores', 'P1', 1, (147, 148), (25,), (2.0,), (25,), (2.0,))
('K.225 KernScores', 'P1', 1, (192, 193), (33,), (2.0,), (33,), (2.0,))
('K.225 KernScores', 'P2', 1, (105, 106), (26,), (2.0,), (26,), (2.0,))
('K.225 KernScores', 'P2', 1, (136, 137), (34,), (2.0,), (34,), (2.0,))
('K.225 KernScores', 'P2', 1, (285, 286), (74,), (2.0,), (74,), (2.0,))
('K.225 KernScores', 'P2', 1, (317, 318), (82,), (2.0,), (82,), (2.0,))

53.    ((3,), (1.0,), (0.0,)):
('K.225 KernScores', 'P1', 2, (6, 7), (27,), (1.0,), (27,), (1.0,))
('K.225 KernScores', 'P1', 2, (21, 22), (35,), (1.0,), (35,), (1.0,))
('K.225 KernScores', 'P2', 2, (12, 13), (40,), (1.0,), (40,), (1.0,))
('K.225 KernScores', 'P2', 2, (17, 18), (42,), (1.0,), (42,), (1.0,))
('K.225 KernScores', 'P2', 2, (20, 21), (44,), (1.0,), (44,), (1.0,))
('K.225 KernScores', 'P2', 2, (25, 26), (46,), (1.0,), (46,), (1.0,))

54.    ((-2,), (2.0,), (0.0,)):
('K.225 KernScores', 'P1', 1, (309, 310), (50,), (1.0,), (50,), (1.0,))
('K.225 KernScores', 'P1', 2, (1, 2), (23,), (1.0,), (23,), (1.0,))
('K.225 KernScores', 'P1', 2, (16, 17), (31,), (1.0,), (31,), (1.0,))
('K.225 KernScores', 'P1', 2, (31, 32), (71,), (1.0,), (71,), (1.0,))
('K.225 KernScores', 'P1', 2, (52, 53), (79,), (1.0,), (79,), (1.0,))

55.    ((4,), (2.0,), (0.0,)):
('K.225 KernScores', 'P1', 1, (448, 449), (70,), (1.0,), (70,), (1.0,))
('K.225 KernScores', 'P1', 1, (480, 481), (78,), (1.0,), (78,), (1.0,))
('K.225 KernScores', 'P2', 2, (16, 17), (41,), (2.0,), (41,), (2.0,))
('K.225 KernScores', 'P2', 2, (24, 25), (45,), (2.0,), (45,), (2.0,))

56.    ((5,), (0.5,), (0.0,)):
('K.225 KernScores', 'P1', 1, (172, 173), (29,), (1.0,), (29,), (1.0,))
('K.225 KernScores', 'P1', 1, (341, 342), (56,), (1.0,), (56,), (1.0,))

57.    ((8,), (2.0,), (0.0,)):
('K.225 KernScores', 'P1', 1, (19, 20), (3,), (3.0,), (3,), (3.0,))
('K.225 KernScores', 'P2', 1, (114, 115), (29,), (2.0,), (29,), (2.0,))

58.    (((6, 1),), ((0.0, 1.0),), (0.0,)):
('K.225 KernScores', 'P2', 1, (53, 54), (15,), (1.0,), (15,), (1.0,))
('K.225 KernScores', 'P2', 1, (54, 55), (15,), (2.0,), (15,), (2.0,))

59.    (((5, 2),), ((0.0, 1.0),), (0.0,)):
('K.225 KernScores', 'P2', 1, (61, 62), (17,), (3.0,), (17,), (3.0,))
('K.225 KernScores', 'P2', 1, (248, 249), (65,), (3.0,), (65,), (3.0,))

60.    ((-2,), (1.0,), (0.0,)):
('K.225 KernScores', 'P2', 1, (80, 81), (20,), (3.0,), (20,), (3.0,))
('K.225 KernScores', 'P2', 1, (209, 210), (53,), (3.0,), (53,), (3.0,))

