1 .    ('nomes', 'K.476 KernScores') 

2 .    ('quantidade', 1) 

3 .    ('analise', 'sequęncias IntDiaDurPtempo sem contidos e intercalados') 

1 .    (((2, 2, 2, 2, 2, 2, 2, 2, 2, 2, -4, -2, -2, -2, -2, -2, 2), (0.5, 0.5, 0.5, 0.5, 0.5, 0.5, 0.5, 0.5, 0.5, 0.5, 0.5, 1.0, 1.0, 1.0, 1.0, 1.0, 1.0), 0.5), [[('K.476 KernScores', 'P1', 1, (248, 265), (75, 1.5), (78, 3.0)), ('K.476 KernScores', 'P1', 1, (266, 283), (79, 1.5), (82, 3.0))], [('K.476 KernScores', 'P1', 1, (561, 578), (151, 1.5), (154, 3.0)), ('K.476 KernScores', 'P1', 1, (579, 596), (155, 1.5), (158, 3.0))]]) 

2 .    (((2, 2, 2, 2, 2, 2, 2, 2, 2, 2, -14, 4, -5, 2), (0.5, 0.5, 0.5, 0.5, 0.5, 0.5, 0.5, 0.5, 0.5, 0.5, 0.5, 2.0, 1.0, 2.0), 0.5), [[('K.476 KernScores', 'P2', 1, (167, 181), (67, 1.5), (70, 1.0)), ('K.476 KernScores', 'P2', 1, (182, 196), (71, 1.5), (74, 1.0))], [('K.476 KernScores', 'P2', 1, (343, 357), (143, 1.5), (146, 1.0)), ('K.476 KernScores', 'P2', 1, (358, 372), (147, 1.5), (150, 1.0))]]) 

3 .    (((-3, -4, -3, 3, 4), (0.5, 0.5, 0.5, 0.5, 0.5), 0.0), [[('K.476 KernScores', 'P1', 1, (355, 360), (96, 1.0), (96, 3.0)), ('K.476 KernScores', 'P1', 1, (361, 366), (97, 1.0), (97, 3.0)), ('K.476 KernScores', 'P1', 1, (367, 372), (98, 1.0), (98, 3.0))], [('K.476 KernScores', 'P1', 1, (397, 402), (106, 1.0), (106, 3.0)), ('K.476 KernScores', 'P1', 1, (403, 408), (107, 1.0), (107, 3.0)), ('K.476 KernScores', 'P1', 1, (409, 414), (108, 1.0), (108, 3.0))]]) 

4 .    (((11, -2, 3, -2, 3, -2), (3.0, 0.5, 0.5, 0.5, 0.5, 0.5), 0.0), [[('K.476 KernScores', 'P2', 1, (85, 91), (39, 1.0), (40, 3.0)), ('K.476 KernScores', 'P2', 1, (92, 98), (41, 1.0), (42, 3.0))], [('K.476 KernScores', 'P2', 1, (261, 267), (115, 1.0), (116, 3.0)), ('K.476 KernScores', 'P2', 1, (268, 274), (117, 1.0), (118, 3.0))]]) 

5 .    (((-4, -3, -3, 3, 3), (3.5, 0.5, 0.5, 0.5, 0.5), 0.0), [[('K.476 KernScores', 'P1', 1, (133, 138), (40, 1.0), (41, 3.0)), ('K.476 KernScores', 'P1', 1, (139, 144), (42, 1.0), (43, 3.0))], [('K.476 KernScores', 'P1', 1, (187, 192), (54, 1.0), (55, 3.0)), ('K.476 KernScores', 'P1', 1, (193, 198), (56, 1.0), (57, 3.0))], [('K.476 KernScores', 'P1', 1, (446, 451), (116, 1.0), (117, 3.0)), ('K.476 KernScores', 'P1', 1, (452, 457), (118, 1.0), (119, 3.0))], [('K.476 KernScores', 'P1', 1, (500, 505), (130, 1.0), (131, 3.0)), ('K.476 KernScores', 'P1', 1, (506, 511), (132, 1.0), (133, 3.0))]]) 

6 .    (((-2, -2, -2), (0.5, 0.5, 0.5), 0.0), [[('K.476 KernScores', 'P1', 1, (159, 162), (49, 2.0), (49, 3.0)), ('K.476 KernScores', 'P1', 1, (163, 166), (50, 1.0), (50, 2.0))], [('K.476 KernScores', 'P1', 1, (213, 216), (63, 2.0), (63, 3.0)), ('K.476 KernScores', 'P1', 1, (217, 220), (64, 1.0), (64, 2.0))]]) 

7 .    (((-2, -2, -2), (0.5, 0.5, 0.5), 0.5), [[('K.476 KernScores', 'P1', 1, (479, 482), (126, 2.5), (126, 3.5)), ('K.476 KernScores', 'P1', 1, (483, 486), (127, 1.5), (127, 2.5))], [('K.476 KernScores', 'P1', 1, (533, 536), (140, 2.5), (140, 3.5)), ('K.476 KernScores', 'P1', 1, (537, 540), (141, 1.5), (141, 2.5))]]) 

8 .    (((-2, -2, -2), (1.0, 1.0, 1.0), 0.0), [[('K.476 KernScores', 'P2', 1, (70, 73), (32, 3.0), (33, 2.0)), ('K.476 KernScores', 'P2', 1, (74, 77), (34, 1.0), (34, 3.0))]]) 

9 .    (((-2, -2), (1.0, 1.0), 0.0), [[('K.476 KernScores', 'P2', 1, (77, 79), (35, 1.0), (35, 2.0)), ('K.476 KernScores', 'P2', 1, (80, 82), (36, 1.0), (36, 2.0))]]) 

10 .    (((1, 1), (3.0, 3.0), 0.0), [[('K.476 KernScores', 'P2', 1, (238, 240), (97, 1.0), (98, 1.0)), ('K.476 KernScores', 'P2', 1, (241, 243), (101, 1.0), (102, 1.0))]]) 

