1.    nomes:
K.13 Musicalion

2.    quantidade:
1

3.    analise:
[('intDia', 'p1p2')] SemContInte Distancia: 0

1.    ((8, 3, 3, -7, 6, -5, 6, -12, 8, 3, 3, -7, 6, -5, 6, -12, 8, 3, 3, -7, 6, -5, 6, -10, 6, -5, 6, -5, 6, -5, 6, -5, 6, -5, 6, -5, 6, -5, 6, -5, 6, -5, 6, -5, 6, -5, 6, -5, -5, 2, -8),):
('K.13 Musicalion', 'P1', 3, (122, 173), (42,), (1.5,), (48,), (2.0,))
('K.13 Musicalion', 'P1', 3, (354, 405), (103,), (1.75,), (109,), (2.25,))

2.    ((-2, -2, 2, -2, 4, -2, 5, -2, -2, -2, 5, -6, 2, 2, -5, 3, -2, -2, 2, -2, 4, -2, 5, -2, -2, -2, 5, -6, 2, 2, -5, 8),):
('K.13 Musicalion', 'P1', 1, (109, 141), (17,), (2.62,), (21,), (2.5,))
('K.13 Musicalion', 'P1', 1, (476, 508), (71,), (1.88,), (75,), (1.75,))

3.    ((2, 5, -2, -5, 2, -3, 2, 5, -2, -2, -2, 2, 4, -2, -2, -2, -2, 2, 4, -2, -2, -2, -2, 2, -3, 2, 5, -2, -5, 2, -3, 2),):
('K.13 Musicalion', 'P1', 1, (260, 292), (37,), (2.62,), (41,), (1.38,))
('K.13 Musicalion', 'P1', 1, (682, 714), (98,), (2.88,), (102,), (1.62,))

4.    ((8, 3, 3, -7, 6, -5, 6, -12, 8, 3, 3, -7, 6, -5, 6, -12, 8, 3, 3, -7, 6, -5, 6, -5),):
('K.13 Musicalion', 'P1', 2, (14, 38), (38,), (1.5,), (40,), (2.38,))
('K.13 Musicalion', 'P1', 3, (326, 350), (99,), (1.75,), (101,), (2.62,))

5.    ((8, -2, -2, 2, -3, -4, -3, 8, -2, -2, 2, -3, -3, -4, 8, -2, -2, 2),):
('K.13 Musicalion', 'P1', 1, (217, 235), (31,), (2.0,), (33,), (1.75,))
('K.13 Musicalion', 'P1', 1, (585, 603), (85,), (1.62,), (87,), (1.38,))

6.    ((4, (3, -3), 4, (3, -5), 4, (3, -5), 4, (3, -3), 4, (3, -3), 4, (3, -5), 4, (3, -5), 4),):
('K.13 Musicalion', 'P1', 1, (328, 343), (49,), (2.5,), (50,), (2.25,))
('K.13 Musicalion', 'P1', 1, (744, 759), (109,), (1.75,), (110,), (1.5,))

7.    ((-2, 5, -2, 4, -2, 4, -2, 5, -2, -2, -2, -2, 2),):
('K.13 Musicalion', 'P1', 1, (12, 25), (2,), (1.25,), (4,), (2.88,))
('K.13 Musicalion', 'P1', 1, (26, 39), (4,), (1.25,), (6,), (2.88,))

8.    ((-2, 4, -2, 4, -2, 5, -2, 5, -2, -2, -2, -2, 2),):
('K.13 Musicalion', 'P1', 1, (376, 389), (56,), (1.75,), (58,), (1.38,))
('K.13 Musicalion', 'P1', 1, (390, 403), (58,), (1.75,), (60,), (1.38,))

9.    ((-5, 1, 2, 4, -6, 1, 2, 10, -6, 1, 2, 6),):
('K.13 Musicalion', 'P1', 1, (627, 639), (91,), (2.0,), (92,), (1.38,))
('K.13 Musicalion', 'P1', 1, (643, 655), (93,), (2.0,), (94,), (1.38,))

10.    ((1, -2, -2, -9, 8, -8, 8, -8, 8, -8, 8, -8),):
('K.13 Musicalion', 'P1', 3, (41, 53), (14,), (1.25,), (16,), (1.75,))
('K.13 Musicalion', 'P1', 3, (222, 234), (68,), (2.5,), (70,), (1.0,))

11.    ((-4, -3, -2, -2, -2, -2, -2, -2, -2, 2, 2),):
('K.13 Musicalion', 'P1', 1, (0, 11), (0,), (1.0,), (2,), (2.62,))
('K.13 Musicalion', 'P1', 1, (364, 375), (54,), (1.5,), (56,), (1.12,))

12.    ((-2, -2, -5, (8, 2), (7, 2), (6, 2), (5, 2), (4, 2), (3, 2), (2, -2), (3, -2)),):
('K.13 Musicalion', 'P1', 1, (307, 318), (44,), (2.12,), (46,), (2.25,))
('K.13 Musicalion', 'P1', 1, (729, 740), (105,), (2.38,), (107,), (2.5,))

13.    ((8, 3, -2, -2, 4, 1, 1, -2, -2, -2),):
('K.13 Musicalion', 'P1', 3, (15, 25), (6,), (2.5,), (8,), (2.88,))
('K.13 Musicalion', 'P1', 3, (205, 215), (60,), (1.0,), (62,), (1.38,))

14.    ((-3, -3, 2, -3, -3, 4, -3, 2, -3),):
('K.13 Musicalion', 'P1', 3, (75, 84), (24,), (1.0,), (26,), (1.0,))
('K.13 Musicalion', 'P1', 3, (294, 303), (91,), (1.75,), (93,), (1.75,))

15.    ((1, 1, 3, -3, 1, 1, -2, -2),):
('K.13 Musicalion', 'P1', 1, (84, 92), (13,), (2.5,), (14,), (1.75,))
('K.13 Musicalion', 'P1', 1, (409, 417), (61,), (2.5,), (62,), (1.25,))
('K.13 Musicalion', 'P1', 3, (36, 44), (13,), (2.5,), (14,), (1.75,))

16.    ((1, -2, -2, 5, -4, -3, -3, 6),):
('K.13 Musicalion', 'P1', 1, (89, 97), (14,), (1.25,), (15,), (2.38,))
('K.13 Musicalion', 'P1', 1, (453, 461), (68,), (2.5,), (69,), (1.62,))

17.    ((8, -10, 1, 2, 8, -8, 1, 2),):
('K.13 Musicalion', 'P1', 1, (535, 543), (79,), (1.38,), (80,), (2.25,))
('K.13 Musicalion', 'P1', 1, (543, 551), (80,), (2.38,), (81,), (1.25,))

18.    ((1, 1, 3, -3, 3, 1, -2, -2),):
('K.13 Musicalion', 'P1', 1, (448, 456), (67,), (2.25,), (68,), (1.0,))
('K.13 Musicalion', 'P1', 2, (43, 51), (63,), (2.0,), (64,), (2.75,))

19.    ((2, -3, -3, 2, 4, -3, -3, 2),):
('K.13 Musicalion', 'P1', 3, (66, 74), (21,), (2.75,), (23,), (2.5,))
('K.13 Musicalion', 'P1', 3, (248, 256), (75,), (2.0,), (77,), (1.75,))

20.    ((2, -8, 1, 1, 1, 1, 1),):
('K.13 Musicalion', 'P1', 1, (40, 47), (6,), (1.25,), (7,), (2.12,))
('K.13 Musicalion', 'P1', 1, (53, 60), (8,), (2.88,), (9,), (1.62,))

21.    ((1, -2, -2, 2, -10, (3, 1), (3, 1)),):
('K.13 Musicalion', 'P1', 1, (427, 434), (64,), (2.25,), (65,), (2.5,))
('K.13 Musicalion', 'P1', 1, (440, 447), (66,), (1.0,), (67,), (2.0,))

22.    ((-2, -2, 2, 5, -2, -2),):
('K.13 Musicalion', 'P1', 1, (252, 258), (36,), (1.62,), (36,), (2.25,))
('K.13 Musicalion', 'P1', 1, (611, 617), (89,), (1.88,), (89,), (2.5,))

23.    ((-2, -2, 7, -2, -2, -2),):
('K.13 Musicalion', 'P1', 1, (192, 198), (28,), (1.12,), (28,), (1.75,))
('K.13 Musicalion', 'P1', 3, (271, 277), (81,), (1.75,), (82,), (1.0,))

24.    ((2, 1, 3, 1, -2),):
('K.13 Musicalion', 'P1', 1, (526, 531), (78,), (2.25,), (78,), (2.75,))
('K.13 Musicalion', 'P1', 3, (236, 241), (71,), (2.0,), (72,), (1.0,))
('K.13 Musicalion', 'P1', 3, (242, 247), (73,), (2.0,), (74,), (1.0,))

25.    ((9, -2, -5, -2, -2),):
('K.13 Musicalion', 'P1', 1, (714, 719), (103,), (1.75,), (103,), (2.5,))
('K.13 Musicalion', 'P1', 1, (720, 725), (104,), (2.75,), (104,), (1.5,))

26.    ((1, -2, -2, -2, 5),):
('K.13 Musicalion', 'P1', 1, (186, 191), (27,), (2.38,), (27,), (2.88,))
('K.13 Musicalion', 'P1', 3, (211, 216), (62,), (2.75,), (63,), (1.5,))

27.    ((2, 1, 3, 1, -9),):
('K.13 Musicalion', 'P1', 3, (54, 59), (17,), (2.75,), (18,), (1.75,))
('K.13 Musicalion', 'P1', 3, (60, 65), (19,), (2.75,), (20,), (1.75,))

28.    ((-7, 6, -5, 6),):
('K.13 Musicalion', 'P1', 1, (349, 353), (51,), (1.12,), (52,), (2.0,))
('K.13 Musicalion', 'P1', 2, (17, 21), (38,), (1.88,), (38,), (2.25,))
('K.13 Musicalion', 'P1', 2, (25, 29), (39,), (2.88,), (39,), (1.25,))
('K.13 Musicalion', 'P1', 2, (33, 37), (40,), (1.88,), (40,), (2.25,))
('K.13 Musicalion', 'P1', 3, (125, 129), (42,), (1.88,), (42,), (2.25,))
('K.13 Musicalion', 'P1', 3, (133, 137), (43,), (2.88,), (43,), (1.25,))
('K.13 Musicalion', 'P1', 3, (141, 145), (44,), (1.88,), (44,), (2.25,))
('K.13 Musicalion', 'P1', 3, (329, 333), (99,), (2.12,), (99,), (2.5,))
('K.13 Musicalion', 'P1', 3, (337, 341), (100,), (1.12,), (100,), (1.5,))
('K.13 Musicalion', 'P1', 3, (345, 349), (101,), (2.12,), (101,), (2.5,))
('K.13 Musicalion', 'P1', 3, (357, 361), (103,), (2.12,), (103,), (2.5,))
('K.13 Musicalion', 'P1', 3, (365, 369), (104,), (1.12,), (104,), (1.5,))
('K.13 Musicalion', 'P1', 3, (373, 377), (105,), (2.12,), (105,), (2.5,))

29.    ((1, 1, 3, -3),):
('K.13 Musicalion', 'P1', 1, (45, 49), (7,), (2.0,), (7,), (2.38,))
('K.13 Musicalion', 'P1', 1, (71, 75), (11,), (1.0,), (11,), (1.38,))
('K.13 Musicalion', 'P1', 1, (84, 88), (13,), (2.5,), (13,), (2.88,))
('K.13 Musicalion', 'P1', 1, (409, 413), (61,), (2.5,), (61,), (2.88,))
('K.13 Musicalion', 'P1', 1, (435, 439), (65,), (2.75,), (65,), (1.12,))
('K.13 Musicalion', 'P1', 1, (448, 452), (67,), (2.25,), (67,), (2.62,))
('K.13 Musicalion', 'P1', 2, (43, 47), (63,), (2.0,), (63,), (2.38,))
('K.13 Musicalion', 'P1', 3, (36, 40), (13,), (2.5,), (13,), (2.88,))

30.    ((-4, -3, -2, -2),):
('K.13 Musicalion', 'P1', 1, (0, 4), (0,), (1.0,), (1,), (1.75,))
('K.13 Musicalion', 'P1', 1, (364, 368), (54,), (1.5,), (55,), (2.25,))
('K.13 Musicalion', 'P1', 3, (1, 5), (2,), (2.5,), (2,), (1.25,))
('K.13 Musicalion', 'P1', 3, (191, 195), (56,), (1.0,), (56,), (1.75,))

31.    ((2, -3, 2, -3),):
('K.13 Musicalion', 'P1', 1, (289, 293), (41,), (1.12,), (42,), (1.5,))
('K.13 Musicalion', 'P1', 3, (82, 86), (25,), (2.75,), (26,), (1.5,))
('K.13 Musicalion', 'P1', 3, (309, 313), (94,), (1.5,), (95,), (2.25,))
('K.13 Musicalion', 'P1', 3, (315, 319), (96,), (1.0,), (97,), (1.75,))

32.    ((1, 1, 4, -4),):
('K.13 Musicalion', 'P1', 1, (58, 62), (9,), (1.5,), (9,), (1.88,))
('K.13 Musicalion', 'P1', 1, (422, 426), (63,), (2.0,), (63,), (2.38,))
('K.13 Musicalion', 'P1', 2, (38, 42), (61,), (2.5,), (61,), (2.88,))

33.    ((3, 1, -2, -2),):
('K.13 Musicalion', 'P1', 1, (452, 456), (68,), (2.25,), (68,), (1.0,))
('K.13 Musicalion', 'P1', 2, (47, 51), (64,), (2.0,), (64,), (2.75,))
('K.13 Musicalion', 'P1', 3, (25, 29), (9,), (1.0,), (10,), (2.25,))

34.    ((5, 1, -2, -2),):
('K.13 Musicalion', 'P1', 1, (439, 443), (66,), (2.75,), (66,), (1.5,))
('K.13 Musicalion', 'P1', 3, (30, 34), (11,), (2.5,), (12,), (1.75,))
('K.13 Musicalion', 'P1', 3, (216, 220), (65,), (2.25,), (66,), (1.5,))

35.    ((2, 1, 3, 1),):
('K.13 Musicalion', 'P1', 1, (556, 560), (81,), (2.0,), (82,), (2.38,))
('K.13 Musicalion', 'P1', 3, (54, 58), (17,), (2.75,), (18,), (1.5,))
('K.13 Musicalion', 'P1', 3, (60, 64), (19,), (2.75,), (20,), (1.5,))

36.    ((8, 1, -2, -2),):
('K.13 Musicalion', 'P1', 1, (426, 430), (64,), (2.0,), (64,), (2.75,))
('K.13 Musicalion', 'P1', 3, (221, 225), (67,), (1.75,), (68,), (1.0,))

37.    ((-3, -3, -4, -5),):
('K.13 Musicalion', 'P1', 1, (618, 622), (90,), (2.75,), (90,), (1.12,))
('K.13 Musicalion', 'P1', 3, (415, 419), (112,), (1.25,), (112,), (1.62,))

38.    (((3, 1), (3, 1), (3, 1), (3, 1)),):
('K.13 Musicalion', 'P1', 2, (52, 56), (65,), (2.75,), (65,), (1.12,))
('K.13 Musicalion', 'P1', 2, (57, 61), (67,), (2.25,), (67,), (2.62,))

39.    ((2, -3, -3),):
('K.13 Musicalion', 'P1', 1, (206, 209), (29,), (2.88,), (30,), (1.12,))
('K.13 Musicalion', 'P1', 1, (227, 230), (32,), (1.12,), (33,), (1.0,))
('K.13 Musicalion', 'P1', 1, (581, 584), (84,), (1.12,), (85,), (1.38,))
('K.13 Musicalion', 'P1', 1, (595, 598), (86,), (2.75,), (87,), (2.62,))
('K.13 Musicalion', 'P1', 1, (602, 605), (87,), (1.38,), (88,), (1.25,))
('K.13 Musicalion', 'P1', 3, (66, 69), (21,), (2.75,), (22,), (1.25,))
('K.13 Musicalion', 'P1', 3, (77, 80), (24,), (1.5,), (25,), (2.0,))
('K.13 Musicalion', 'P1', 3, (293, 296), (90,), (1.5,), (91,), (2.0,))
('K.13 Musicalion', 'P1', 3, (296, 299), (91,), (2.25,), (92,), (2.75,))

40.    ((3, -2, -2),):
('K.13 Musicalion', 'P1', 1, (124, 127), (19,), (2.5,), (19,), (2.75,))
('K.13 Musicalion', 'P1', 1, (491, 494), (73,), (1.75,), (73,), (2.0,))
('K.13 Musicalion', 'P1', 3, (16, 19), (6,), (2.75,), (6,), (1.25,))
('K.13 Musicalion', 'P1', 3, (199, 202), (58,), (1.25,), (58,), (1.75,))
('K.13 Musicalion', 'P1', 3, (206, 209), (60,), (1.25,), (60,), (1.75,))

41.    ((2, -5, 8),):
('K.13 Musicalion', 'P1', 1, (138, 141), (21,), (2.25,), (21,), (2.5,))
('K.13 Musicalion', 'P1', 1, (201, 204), (29,), (2.25,), (29,), (2.5,))
('K.13 Musicalion', 'P1', 1, (505, 508), (75,), (1.5,), (75,), (1.75,))
('K.13 Musicalion', 'P1', 3, (255, 258), (77,), (1.75,), (78,), (2.25,))

42.    ((2, -8, -2),):
('K.13 Musicalion', 'P1', 1, (24, 27), (4,), (2.88,), (4,), (1.25,))
('K.13 Musicalion', 'P1', 1, (388, 391), (58,), (1.38,), (58,), (1.75,))
('K.13 Musicalion', 'P1', 3, (92, 95), (28,), (1.25,), (28,), (1.75,))

43.    ((-3, -4, -3),):
('K.13 Musicalion', 'P1', 1, (358, 361), (53,), (2.25,), (53,), (2.5,))
('K.13 Musicalion', 'P1', 1, (461, 464), (69,), (1.75,), (69,), (2.0,))

44.    ((2, -5, 1),):
('K.13 Musicalion', 'P1', 1, (417, 420), (62,), (1.38,), (63,), (1.62,))
('K.13 Musicalion', 'P1', 1, (569, 572), (83,), (1.62,), (83,), (1.88,))

45.    ((-2, -2, 5),):
('K.13 Musicalion', 'P1', 1, (454, 457), (68,), (2.75,), (68,), (1.12,))
('K.13 Musicalion', 'P1', 3, (10, 13), (4,), (1.0,), (4,), (1.38,))

46.    ((-3, 4, -3),):
('K.13 Musicalion', 'P1', 1, (675, 678), (97,), (2.0,), (97,), (2.25,))
('K.13 Musicalion', 'P1', 3, (259, 262), (78,), (2.75,), (79,), (1.25,))

47.    ((-11, (5, 4, 10), -10),):
('K.13 Musicalion', 'P1', 3, (99, 102), (31,), (2.12,), (32,), (2.75,))
('K.13 Musicalion', 'P1', 3, (285, 288), (86,), (2.38,), (87,), (1.0,))

48.    ((2, -8),):
('K.13 Musicalion', 'P1', 1, (24, 26), (4,), (2.88,), (4,), (1.0,))
('K.13 Musicalion', 'P1', 1, (40, 42), (6,), (1.25,), (7,), (1.5,))
('K.13 Musicalion', 'P1', 1, (53, 55), (8,), (2.88,), (9,), (1.0,))
('K.13 Musicalion', 'P1', 1, (388, 390), (58,), (1.38,), (58,), (1.5,))
('K.13 Musicalion', 'P1', 2, (11, 13), (11,), (1.38,), (17,), (2.0,))
('K.13 Musicalion', 'P1', 3, (92, 94), (28,), (1.25,), (28,), (1.5,))
('K.13 Musicalion', 'P1', 3, (107, 109), (35,), (2.75,), (35,), (1.0,))
('K.13 Musicalion', 'P1', 3, (115, 117), (37,), (2.75,), (37,), (1.0,))
('K.13 Musicalion', 'P1', 3, (119, 121), (41,), (2.75,), (41,), (1.0,))
('K.13 Musicalion', 'P1', 3, (171, 173), (48,), (1.75,), (48,), (2.0,))
('K.13 Musicalion', 'P1', 3, (175, 177), (49,), (2.75,), (49,), (1.0,))
('K.13 Musicalion', 'P1', 3, (179, 181), (50,), (1.75,), (50,), (2.0,))
('K.13 Musicalion', 'P1', 3, (183, 185), (51,), (2.75,), (51,), (1.0,))
('K.13 Musicalion', 'P1', 3, (323, 325), (98,), (1.0,), (98,), (1.25,))
('K.13 Musicalion', 'P1', 3, (351, 353), (102,), (1.0,), (102,), (1.25,))
('K.13 Musicalion', 'P1', 3, (403, 405), (109,), (2.0,), (109,), (2.25,))
('K.13 Musicalion', 'P1', 3, (407, 409), (110,), (1.0,), (110,), (1.25,))
('K.13 Musicalion', 'P1', 3, (411, 413), (111,), (2.0,), (111,), (2.25,))

49.    ((8, -8),):
('K.13 Musicalion', 'P1', 1, (515, 517), (76,), (2.88,), (76,), (1.0,))
('K.13 Musicalion', 'P1', 1, (523, 525), (77,), (1.88,), (77,), (2.0,))
('K.13 Musicalion', 'P1', 1, (539, 541), (79,), (1.88,), (79,), (2.0,))
('K.13 Musicalion', 'P1', 1, (547, 549), (80,), (2.88,), (80,), (1.0,))
('K.13 Musicalion', 'P1', 3, (45, 47), (15,), (2.0,), (15,), (2.25,))
('K.13 Musicalion', 'P1', 3, (47, 49), (15,), (2.5,), (15,), (2.75,))
('K.13 Musicalion', 'P1', 3, (49, 51), (16,), (1.0,), (16,), (1.25,))
('K.13 Musicalion', 'P1', 3, (51, 53), (16,), (1.5,), (16,), (1.75,))
('K.13 Musicalion', 'P1', 3, (226, 228), (69,), (1.25,), (69,), (1.5,))
('K.13 Musicalion', 'P1', 3, (228, 230), (69,), (1.75,), (69,), (2.0,))
('K.13 Musicalion', 'P1', 3, (230, 232), (70,), (2.25,), (70,), (2.5,))
('K.13 Musicalion', 'P1', 3, (232, 234), (70,), (2.75,), (70,), (1.0,))

50.    ((2, 4),):
('K.13 Musicalion', 'P1', 1, (147, 149), (22,), (1.5,), (22,), (1.62,))
('K.13 Musicalion', 'P1', 1, (155, 157), (23,), (2.5,), (23,), (2.62,))
('K.13 Musicalion', 'P1', 1, (163, 165), (24,), (1.5,), (24,), (1.62,))
('K.13 Musicalion', 'P1', 1, (271, 273), (38,), (2.38,), (39,), (2.5,))
('K.13 Musicalion', 'P1', 1, (277, 279), (39,), (1.38,), (40,), (1.5,))
('K.13 Musicalion', 'P1', 1, (629, 631), (91,), (2.25,), (91,), (2.38,))
('K.13 Musicalion', 'P1', 1, (645, 647), (93,), (2.25,), (93,), (2.38,))
('K.13 Musicalion', 'P1', 1, (669, 671), (96,), (1.25,), (96,), (1.38,))
('K.13 Musicalion', 'P1', 1, (693, 695), (99,), (2.62,), (100,), (2.75,))
('K.13 Musicalion', 'P1', 1, (699, 701), (100,), (1.62,), (101,), (1.75,))
('K.13 Musicalion', 'P1', 3, (113, 115), (36,), (2.25,), (37,), (2.5,))

51.    (((3, 1), (3, 1)),):
('K.13 Musicalion', 'P1', 1, (432, 434), (65,), (2.38,), (65,), (2.5,))
('K.13 Musicalion', 'P1', 1, (445, 447), (67,), (1.88,), (67,), (2.0,))
('K.13 Musicalion', 'P1', 2, (52, 54), (65,), (2.75,), (65,), (2.88,))
('K.13 Musicalion', 'P1', 2, (54, 56), (65,), (1.0,), (65,), (1.12,))
('K.13 Musicalion', 'P1', 2, (57, 59), (67,), (2.25,), (67,), (2.38,))
('K.13 Musicalion', 'P1', 2, (59, 61), (67,), (2.5,), (67,), (2.62,))

52.    ((2, 3),):
('K.13 Musicalion', 'P1', 1, (143, 145), (22,), (1.0,), (22,), (1.12,))
('K.13 Musicalion', 'P1', 1, (151, 153), (23,), (2.0,), (23,), (2.12,))
('K.13 Musicalion', 'P1', 1, (159, 161), (24,), (1.0,), (24,), (1.12,))
('K.13 Musicalion', 'P1', 1, (625, 627), (91,), (1.75,), (91,), (1.88,))
('K.13 Musicalion', 'P1', 1, (665, 667), (96,), (2.75,), (96,), (2.88,))
('K.13 Musicalion', 'P1', 3, (111, 113), (36,), (1.75,), (36,), (2.0,))

53.    ((-4, 1),):
('K.13 Musicalion', 'P1', 1, (141, 143), (21,), (2.75,), (21,), (2.88,))
('K.13 Musicalion', 'P1', 1, (566, 568), (83,), (1.25,), (83,), (1.38,))
('K.13 Musicalion', 'P1', 1, (623, 625), (90,), (1.5,), (90,), (1.62,))
('K.13 Musicalion', 'P1', 2, (3, 5), (7,), (2.38,), (9,), (1.5,))
('K.13 Musicalion', 'P1', 2, (7, 9), (9,), (1.88,), (11,), (1.0,))

54.    ((2, 2),):
('K.13 Musicalion', 'P1', 1, (9, 11), (2,), (2.5,), (2,), (2.62,))
('K.13 Musicalion', 'P1', 1, (373, 375), (56,), (1.0,), (56,), (1.12,))
('K.13 Musicalion', 'P1', 1, (568, 570), (83,), (1.5,), (83,), (1.62,))
('K.13 Musicalion', 'P1', 1, (572, 574), (83,), (2.0,), (83,), (2.12,))
('K.13 Musicalion', 'P1', 3, (321, 323), (97,), (2.5,), (98,), (2.75,))

55.    ((2, -2),):
('K.13 Musicalion', 'P1', 1, (111, 113), (17,), (2.88,), (18,), (1.0,))
('K.13 Musicalion', 'P1', 1, (127, 129), (19,), (2.88,), (20,), (1.0,))
('K.13 Musicalion', 'P1', 1, (478, 480), (71,), (2.12,), (72,), (2.25,))
('K.13 Musicalion', 'P1', 1, (494, 496), (73,), (2.12,), (74,), (2.25,))
('K.13 Musicalion', 'P1', 3, (86, 88), (26,), (1.75,), (27,), (2.0,))

56.    ((2, -5),):
('K.13 Musicalion', 'P1', 1, (122, 124), (19,), (2.25,), (19,), (2.38,))
('K.13 Musicalion', 'P1', 1, (417, 419), (62,), (1.38,), (63,), (1.5,))
('K.13 Musicalion', 'P1', 1, (489, 491), (73,), (1.5,), (73,), (1.62,))
('K.13 Musicalion', 'P1', 3, (267, 269), (80,), (2.75,), (80,), (1.0,))

57.    ((5, -8),):
('K.13 Musicalion', 'P1', 1, (168, 170), (25,), (2.12,), (25,), (2.25,))
('K.13 Musicalion', 'P1', 3, (5, 7), (2,), (1.38,), (3,), (1.5,))
('K.13 Musicalion', 'P1', 3, (195, 197), (56,), (1.88,), (57,), (2.0,))
('K.13 Musicalion', 'P1', 3, (202, 204), (58,), (1.88,), (59,), (2.0,))

58.    ((4, -3),):
('K.13 Musicalion', 'P1', 1, (678, 680), (97,), (2.38,), (97,), (2.5,))
('K.13 Musicalion', 'P1', 3, (80, 82), (25,), (2.25,), (25,), (2.5,))
('K.13 Musicalion', 'P1', 3, (319, 321), (97,), (2.0,), (97,), (2.25,))

59.    ((1, 5),):
('K.13 Musicalion', 'P1', 1, (420, 422), (63,), (1.75,), (63,), (1.88,))
('K.13 Musicalion', 'P1', 1, (741, 743), (108,), (1.0,), (108,), (1.25,))

60.    ((-7, 1),):
('K.13 Musicalion', 'P1', 1, (67, 69), (11,), (2.5,), (11,), (2.62,))
('K.13 Musicalion', 'P1', 3, (280, 282), (83,), (2.0,), (84,), (2.25,))

61.    ((-3, 5),):
('K.13 Musicalion', 'P1', 1, (355, 357), (52,), (2.38,), (53,), (2.0,))
('K.13 Musicalion', 'P1', 3, (187, 189), (52,), (1.62,), (52,), (1.75,))

62.    ((2, -6),):
('K.13 Musicalion', 'P1', 1, (404, 406), (60,), (1.75,), (61,), (2.0,))
('K.13 Musicalion', 'P1', 3, (313, 315), (95,), (2.5,), (96,), (2.75,))

63.    ((7, -2),):
('K.13 Musicalion', 'P1', 1, (726, 728), (105,), (1.75,), (105,), (1.88,))
('K.13 Musicalion', 'P1', 3, (269, 271), (81,), (1.25,), (81,), (1.5,))

64.    ((6, 1),):
('K.13 Musicalion', 'P1', 1, (408, 410), (61,), (2.38,), (61,), (2.5,))
('K.13 Musicalion', 'P1', 4, (3, 5), (34,), (2.25,), (66,), (1.0,))

65.    ((1, -4),):
('K.13 Musicalion', 'P1', 1, (565, 567), (82,), (1.12,), (83,), (1.25,))
('K.13 Musicalion', 'P1', 4, (0, 2), (12,), (1.25,), (12,), (1.5,))

66.    ((3, 2),):
('K.13 Musicalion', 'P1', 2, (10, 12), (11,), (1.25,), (11,), (1.38,))
('K.13 Musicalion', 'P1', 3, (112, 114), (36,), (2.0,), (36,), (2.25,))

67.    ((2,),):
('K.13 Musicalion', 'P1', 1, (9, 10), (2,), (2.5,), (2,), (2.5,))
('K.13 Musicalion', 'P1', 1, (10, 11), (2,), (2.62,), (2,), (2.62,))
('K.13 Musicalion', 'P1', 1, (38, 39), (6,), (2.88,), (6,), (2.88,))
('K.13 Musicalion', 'P1', 1, (66, 67), (10,), (2.38,), (10,), (2.38,))
('K.13 Musicalion', 'P1', 1, (79, 80), (12,), (1.88,), (12,), (1.88,))
('K.13 Musicalion', 'P1', 1, (111, 112), (17,), (2.88,), (17,), (2.88,))
('K.13 Musicalion', 'P1', 1, (121, 122), (19,), (2.12,), (19,), (2.12,))
('K.13 Musicalion', 'P1', 1, (122, 123), (19,), (2.25,), (19,), (2.25,))
('K.13 Musicalion', 'P1', 1, (127, 128), (19,), (2.88,), (19,), (2.88,))
('K.13 Musicalion', 'P1', 1, (137, 138), (21,), (2.12,), (21,), (2.12,))
('K.13 Musicalion', 'P1', 1, (138, 139), (21,), (2.25,), (21,), (2.25,))
('K.13 Musicalion', 'P1', 1, (143, 144), (22,), (1.0,), (22,), (1.0,))
('K.13 Musicalion', 'P1', 1, (147, 148), (22,), (1.5,), (22,), (1.5,))
('K.13 Musicalion', 'P1', 1, (151, 152), (23,), (2.0,), (23,), (2.0,))
('K.13 Musicalion', 'P1', 1, (155, 156), (23,), (2.5,), (23,), (2.5,))
('K.13 Musicalion', 'P1', 1, (159, 160), (24,), (1.0,), (24,), (1.0,))
('K.13 Musicalion', 'P1', 1, (163, 164), (24,), (1.5,), (24,), (1.5,))
('K.13 Musicalion', 'P1', 1, (167, 168), (25,), (2.0,), (25,), (2.0,))
('K.13 Musicalion', 'P1', 1, (171, 172), (25,), (2.5,), (25,), (2.5,))
('K.13 Musicalion', 'P1', 1, (175, 176), (26,), (1.0,), (26,), (1.0,))
('K.13 Musicalion', 'P1', 1, (179, 180), (26,), (1.5,), (26,), (1.5,))
('K.13 Musicalion', 'P1', 1, (183, 184), (27,), (2.0,), (27,), (2.0,))
('K.13 Musicalion', 'P1', 1, (185, 186), (27,), (2.25,), (27,), (2.25,))
('K.13 Musicalion', 'P1', 1, (200, 201), (29,), (2.12,), (29,), (2.12,))
('K.13 Musicalion', 'P1', 1, (201, 202), (29,), (2.25,), (29,), (2.25,))
('K.13 Musicalion', 'P1', 1, (206, 207), (29,), (2.88,), (29,), (2.88,))
('K.13 Musicalion', 'P1', 1, (213, 214), (30,), (1.88,), (30,), (1.88,))
('K.13 Musicalion', 'P1', 1, (220, 221), (31,), (2.5,), (31,), (2.5,))
('K.13 Musicalion', 'P1', 1, (227, 228), (32,), (1.12,), (32,), (1.12,))
('K.13 Musicalion', 'P1', 1, (234, 235), (33,), (1.75,), (33,), (1.75,))
('K.13 Musicalion', 'P1', 1, (242, 243), (34,), (2.38,), (34,), (2.38,))
('K.13 Musicalion', 'P1', 1, (244, 245), (35,), (2.62,), (35,), (2.62,))
('K.13 Musicalion', 'P1', 1, (248, 249), (35,), (1.12,), (35,), (1.12,))
('K.13 Musicalion', 'P1', 1, (250, 251), (35,), (1.38,), (35,), (1.38,))
('K.13 Musicalion', 'P1', 1, (254, 255), (36,), (1.88,), (36,), (1.88,))
('K.13 Musicalion', 'P1', 1, (258, 259), (36,), (2.38,), (36,), (2.38,))
('K.13 Musicalion', 'P1', 1, (260, 261), (37,), (2.62,), (37,), (2.62,))
('K.13 Musicalion', 'P1', 1, (264, 265), (37,), (1.12,), (37,), (1.12,))
('K.13 Musicalion', 'P1', 1, (266, 267), (37,), (1.38,), (37,), (1.38,))
('K.13 Musicalion', 'P1', 1, (271, 272), (38,), (2.38,), (38,), (2.38,))
('K.13 Musicalion', 'P1', 1, (277, 278), (39,), (1.38,), (39,), (1.38,))
('K.13 Musicalion', 'P1', 1, (283, 284), (40,), (2.38,), (40,), (2.38,))
('K.13 Musicalion', 'P1', 1, (285, 286), (41,), (2.62,), (41,), (2.62,))
('K.13 Musicalion', 'P1', 1, (289, 290), (41,), (1.12,), (41,), (1.12,))
('K.13 Musicalion', 'P1', 1, (291, 292), (41,), (1.38,), (41,), (1.38,))
('K.13 Musicalion', 'P1', 1, (373, 374), (56,), (1.0,), (56,), (1.0,))
('K.13 Musicalion', 'P1', 1, (374, 375), (56,), (1.12,), (56,), (1.12,))
('K.13 Musicalion', 'P1', 1, (402, 403), (60,), (1.38,), (60,), (1.38,))
('K.13 Musicalion', 'P1', 1, (404, 405), (60,), (1.75,), (60,), (1.75,))
('K.13 Musicalion', 'P1', 1, (417, 418), (62,), (1.38,), (62,), (1.38,))
('K.13 Musicalion', 'P1', 1, (430, 431), (64,), (2.88,), (64,), (2.88,))
('K.13 Musicalion', 'P1', 1, (443, 444), (66,), (1.62,), (66,), (1.62,))
('K.13 Musicalion', 'P1', 1, (478, 479), (71,), (2.12,), (71,), (2.12,))
('K.13 Musicalion', 'P1', 1, (488, 489), (73,), (1.38,), (73,), (1.38,))
('K.13 Musicalion', 'P1', 1, (489, 490), (73,), (1.5,), (73,), (1.5,))
('K.13 Musicalion', 'P1', 1, (494, 495), (73,), (2.12,), (73,), (2.12,))
('K.13 Musicalion', 'P1', 1, (504, 505), (75,), (1.38,), (75,), (1.38,))
('K.13 Musicalion', 'P1', 1, (505, 506), (75,), (1.5,), (75,), (1.5,))
('K.13 Musicalion', 'P1', 1, (510, 511), (76,), (2.25,), (76,), (2.25,))
('K.13 Musicalion', 'P1', 1, (514, 515), (76,), (2.75,), (76,), (2.75,))
('K.13 Musicalion', 'P1', 1, (518, 519), (77,), (1.25,), (77,), (1.25,))
('K.13 Musicalion', 'P1', 1, (522, 523), (77,), (1.75,), (77,), (1.75,))
('K.13 Musicalion', 'P1', 1, (526, 527), (78,), (2.25,), (78,), (2.25,))
('K.13 Musicalion', 'P1', 1, (538, 539), (79,), (1.75,), (79,), (1.75,))
('K.13 Musicalion', 'P1', 1, (542, 543), (80,), (2.25,), (80,), (2.25,))
('K.13 Musicalion', 'P1', 1, (546, 547), (80,), (2.75,), (80,), (2.75,))
('K.13 Musicalion', 'P1', 1, (550, 551), (81,), (1.25,), (81,), (1.25,))
('K.13 Musicalion', 'P1', 1, (552, 553), (81,), (1.5,), (81,), (1.5,))
('K.13 Musicalion', 'P1', 1, (554, 555), (81,), (1.75,), (81,), (1.75,))
('K.13 Musicalion', 'P1', 1, (556, 557), (81,), (2.0,), (81,), (2.0,))
('K.13 Musicalion', 'P1', 1, (560, 561), (82,), (2.5,), (82,), (2.5,))
('K.13 Musicalion', 'P1', 1, (564, 565), (82,), (1.0,), (82,), (1.0,))
('K.13 Musicalion', 'P1', 1, (568, 569), (83,), (1.5,), (83,), (1.5,))
('K.13 Musicalion', 'P1', 1, (569, 570), (83,), (1.62,), (83,), (1.62,))
('K.13 Musicalion', 'P1', 1, (572, 573), (83,), (2.0,), (83,), (2.0,))
('K.13 Musicalion', 'P1', 1, (573, 574), (83,), (2.12,), (83,), (2.12,))
('K.13 Musicalion', 'P1', 1, (581, 582), (84,), (1.12,), (84,), (1.12,))
('K.13 Musicalion', 'P1', 1, (588, 589), (85,), (2.12,), (85,), (2.12,))
('K.13 Musicalion', 'P1', 1, (595, 596), (86,), (2.75,), (86,), (2.75,))
('K.13 Musicalion', 'P1', 1, (602, 603), (87,), (1.38,), (87,), (1.38,))
('K.13 Musicalion', 'P1', 1, (609, 610), (88,), (2.0,), (88,), (2.0,))
('K.13 Musicalion', 'P1', 1, (613, 614), (89,), (2.12,), (89,), (2.12,))
('K.13 Musicalion', 'P1', 1, (625, 626), (91,), (1.75,), (91,), (1.75,))
('K.13 Musicalion', 'P1', 1, (629, 630), (91,), (2.25,), (91,), (2.25,))
('K.13 Musicalion', 'P1', 1, (633, 634), (92,), (2.75,), (92,), (2.75,))
('K.13 Musicalion', 'P1', 1, (637, 638), (92,), (1.25,), (92,), (1.25,))
('K.13 Musicalion', 'P1', 1, (641, 642), (93,), (1.75,), (93,), (1.75,))
('K.13 Musicalion', 'P1', 1, (645, 646), (93,), (2.25,), (93,), (2.25,))
('K.13 Musicalion', 'P1', 1, (649, 650), (94,), (2.75,), (94,), (2.75,))
('K.13 Musicalion', 'P1', 1, (653, 654), (94,), (1.25,), (94,), (1.25,))
('K.13 Musicalion', 'P1', 1, (657, 658), (95,), (1.75,), (95,), (1.75,))
('K.13 Musicalion', 'P1', 1, (661, 662), (95,), (2.25,), (95,), (2.25,))
('K.13 Musicalion', 'P1', 1, (665, 666), (96,), (2.75,), (96,), (2.75,))
('K.13 Musicalion', 'P1', 1, (669, 670), (96,), (1.25,), (96,), (1.25,))
('K.13 Musicalion', 'P1', 1, (673, 674), (97,), (1.75,), (97,), (1.75,))
('K.13 Musicalion', 'P1', 1, (682, 683), (98,), (2.88,), (98,), (2.88,))
('K.13 Musicalion', 'P1', 1, (686, 687), (98,), (1.38,), (98,), (1.38,))
('K.13 Musicalion', 'P1', 1, (688, 689), (98,), (1.62,), (98,), (1.62,))
('K.13 Musicalion', 'P1', 1, (693, 694), (99,), (2.62,), (99,), (2.62,))
('K.13 Musicalion', 'P1', 1, (699, 700), (100,), (1.62,), (100,), (1.62,))
('K.13 Musicalion', 'P1', 1, (705, 706), (101,), (2.62,), (101,), (2.62,))
('K.13 Musicalion', 'P1', 1, (707, 708), (102,), (2.88,), (102,), (2.88,))
('K.13 Musicalion', 'P1', 1, (711, 712), (102,), (1.38,), (102,), (1.38,))
('K.13 Musicalion', 'P1', 1, (713, 714), (102,), (1.62,), (102,), (1.62,))
('K.13 Musicalion', 'P1', 1, (725, 726), (104,), (1.62,), (104,), (1.62,))
('K.13 Musicalion', 'P1', 1, (767, 768), (111,), (2.62,), (111,), (2.62,))
('K.13 Musicalion', 'P1', 2, (51, 52), (64,), (2.88,), (64,), (2.88,))
('K.13 Musicalion', 'P1', 3, (54, 55), (17,), (2.75,), (17,), (2.75,))
('K.13 Musicalion', 'P1', 3, (60, 61), (19,), (2.75,), (19,), (2.75,))
('K.13 Musicalion', 'P1', 3, (66, 67), (21,), (2.75,), (21,), (2.75,))
('K.13 Musicalion', 'P1', 3, (69, 70), (22,), (1.5,), (22,), (1.5,))
('K.13 Musicalion', 'P1', 3, (73, 74), (23,), (2.5,), (23,), (2.5,))
('K.13 Musicalion', 'P1', 3, (77, 78), (24,), (1.5,), (24,), (1.5,))
('K.13 Musicalion', 'P1', 3, (82, 83), (25,), (2.75,), (25,), (2.75,))
('K.13 Musicalion', 'P1', 3, (84, 85), (26,), (1.25,), (26,), (1.25,))
('K.13 Musicalion', 'P1', 3, (86, 87), (26,), (1.75,), (26,), (1.75,))
('K.13 Musicalion', 'P1', 3, (111, 112), (36,), (1.75,), (36,), (1.75,))
('K.13 Musicalion', 'P1', 3, (113, 114), (36,), (2.25,), (36,), (2.25,))
('K.13 Musicalion', 'P1', 3, (236, 237), (71,), (2.0,), (71,), (2.0,))
('K.13 Musicalion', 'P1', 3, (242, 243), (73,), (2.0,), (73,), (2.0,))
('K.13 Musicalion', 'P1', 3, (248, 249), (75,), (2.0,), (75,), (2.0,))
('K.13 Musicalion', 'P1', 3, (251, 252), (76,), (2.75,), (76,), (2.75,))
('K.13 Musicalion', 'P1', 3, (255, 256), (77,), (1.75,), (77,), (1.75,))
('K.13 Musicalion', 'P1', 3, (263, 264), (79,), (1.75,), (79,), (1.75,))
('K.13 Musicalion', 'P1', 3, (267, 268), (80,), (2.75,), (80,), (2.75,))
('K.13 Musicalion', 'P1', 3, (278, 279), (83,), (1.5,), (83,), (1.5,))
('K.13 Musicalion', 'P1', 3, (293, 294), (90,), (1.5,), (90,), (1.5,))
('K.13 Musicalion', 'P1', 3, (296, 297), (91,), (2.25,), (91,), (2.25,))
('K.13 Musicalion', 'P1', 3, (301, 302), (92,), (1.5,), (92,), (1.5,))
('K.13 Musicalion', 'P1', 3, (305, 306), (93,), (2.5,), (93,), (2.5,))
('K.13 Musicalion', 'P1', 3, (309, 310), (94,), (1.5,), (94,), (1.5,))
('K.13 Musicalion', 'P1', 3, (311, 312), (95,), (2.0,), (95,), (2.0,))
('K.13 Musicalion', 'P1', 3, (313, 314), (95,), (2.5,), (95,), (2.5,))
('K.13 Musicalion', 'P1', 3, (315, 316), (96,), (1.0,), (96,), (1.0,))
('K.13 Musicalion', 'P1', 3, (317, 318), (96,), (1.5,), (96,), (1.5,))
('K.13 Musicalion', 'P1', 3, (321, 322), (97,), (2.5,), (97,), (2.5,))
('K.13 Musicalion', 'P1', 3, (322, 323), (98,), (2.75,), (98,), (2.75,))

68.    ((1,),):
('K.13 Musicalion', 'P1', 1, (42, 43), (7,), (1.62,), (7,), (1.62,))
('K.13 Musicalion', 'P1', 1, (43, 44), (7,), (1.75,), (7,), (1.75,))
('K.13 Musicalion', 'P1', 1, (44, 45), (7,), (1.88,), (7,), (1.88,))
('K.13 Musicalion', 'P1', 1, (45, 46), (7,), (2.0,), (7,), (2.0,))
('K.13 Musicalion', 'P1', 1, (46, 47), (7,), (2.12,), (7,), (2.12,))
('K.13 Musicalion', 'P1', 1, (50, 51), (8,), (2.25,), (8,), (2.25,))
('K.13 Musicalion', 'P1', 1, (55, 56), (9,), (1.12,), (9,), (1.12,))
('K.13 Musicalion', 'P1', 1, (56, 57), (9,), (1.25,), (9,), (1.25,))
('K.13 Musicalion', 'P1', 1, (57, 58), (9,), (1.38,), (9,), (1.38,))
('K.13 Musicalion', 'P1', 1, (58, 59), (9,), (1.5,), (9,), (1.5,))
('K.13 Musicalion', 'P1', 1, (59, 60), (9,), (1.62,), (9,), (1.62,))
('K.13 Musicalion', 'P1', 1, (63, 64), (10,), (1.75,), (10,), (1.75,))
('K.13 Musicalion', 'P1', 1, (68, 69), (11,), (2.62,), (11,), (2.62,))
('K.13 Musicalion', 'P1', 1, (69, 70), (11,), (2.75,), (11,), (2.75,))
('K.13 Musicalion', 'P1', 1, (70, 71), (11,), (2.88,), (11,), (2.88,))
('K.13 Musicalion', 'P1', 1, (71, 72), (11,), (1.0,), (11,), (1.0,))
('K.13 Musicalion', 'P1', 1, (72, 73), (11,), (1.12,), (11,), (1.12,))
('K.13 Musicalion', 'P1', 1, (76, 77), (12,), (1.25,), (12,), (1.25,))
('K.13 Musicalion', 'P1', 1, (81, 82), (13,), (2.12,), (13,), (2.12,))
('K.13 Musicalion', 'P1', 1, (82, 83), (13,), (2.25,), (13,), (2.25,))
('K.13 Musicalion', 'P1', 1, (84, 85), (13,), (2.5,), (13,), (2.5,))
('K.13 Musicalion', 'P1', 1, (85, 86), (13,), (2.62,), (13,), (2.62,))
('K.13 Musicalion', 'P1', 1, (88, 89), (14,), (1.0,), (14,), (1.0,))
('K.13 Musicalion', 'P1', 1, (89, 90), (14,), (1.25,), (14,), (1.25,))
('K.13 Musicalion', 'P1', 1, (142, 143), (21,), (2.88,), (21,), (2.88,))
('K.13 Musicalion', 'P1', 1, (146, 147), (22,), (1.38,), (22,), (1.38,))
('K.13 Musicalion', 'P1', 1, (150, 151), (22,), (1.88,), (22,), (1.88,))
('K.13 Musicalion', 'P1', 1, (154, 155), (23,), (2.38,), (23,), (2.38,))
('K.13 Musicalion', 'P1', 1, (158, 159), (23,), (2.88,), (23,), (2.88,))
('K.13 Musicalion', 'P1', 1, (162, 163), (24,), (1.38,), (24,), (1.38,))
('K.13 Musicalion', 'P1', 1, (166, 167), (24,), (1.88,), (24,), (1.88,))
('K.13 Musicalion', 'P1', 1, (170, 171), (25,), (2.38,), (25,), (2.38,))
('K.13 Musicalion', 'P1', 1, (174, 175), (25,), (2.88,), (25,), (2.88,))
('K.13 Musicalion', 'P1', 1, (178, 179), (26,), (1.38,), (26,), (1.38,))
('K.13 Musicalion', 'P1', 1, (182, 183), (26,), (1.88,), (26,), (1.88,))
('K.13 Musicalion', 'P1', 1, (184, 185), (27,), (2.12,), (27,), (2.12,))
('K.13 Musicalion', 'P1', 1, (186, 187), (27,), (2.38,), (27,), (2.38,))
('K.13 Musicalion', 'P1', 1, (406, 407), (61,), (2.12,), (61,), (2.12,))
('K.13 Musicalion', 'P1', 1, (407, 408), (61,), (2.25,), (61,), (2.25,))
('K.13 Musicalion', 'P1', 1, (409, 410), (61,), (2.5,), (61,), (2.5,))
('K.13 Musicalion', 'P1', 1, (410, 411), (61,), (2.62,), (61,), (2.62,))
('K.13 Musicalion', 'P1', 1, (413, 414), (62,), (2.5,), (62,), (2.5,))
('K.13 Musicalion', 'P1', 1, (414, 415), (62,), (2.75,), (62,), (2.75,))
('K.13 Musicalion', 'P1', 1, (419, 420), (63,), (1.62,), (63,), (1.62,))
('K.13 Musicalion', 'P1', 1, (420, 421), (63,), (1.75,), (63,), (1.75,))
('K.13 Musicalion', 'P1', 1, (422, 423), (63,), (2.0,), (63,), (2.0,))
('K.13 Musicalion', 'P1', 1, (423, 424), (63,), (2.12,), (63,), (2.12,))
('K.13 Musicalion', 'P1', 1, (427, 428), (64,), (2.25,), (64,), (2.25,))
('K.13 Musicalion', 'P1', 1, (435, 436), (65,), (2.75,), (65,), (2.75,))
('K.13 Musicalion', 'P1', 1, (436, 437), (65,), (2.88,), (65,), (2.88,))
('K.13 Musicalion', 'P1', 1, (440, 441), (66,), (1.0,), (66,), (1.0,))
('K.13 Musicalion', 'P1', 1, (448, 449), (67,), (2.25,), (67,), (2.25,))
('K.13 Musicalion', 'P1', 1, (449, 450), (67,), (2.38,), (67,), (2.38,))
('K.13 Musicalion', 'P1', 1, (453, 454), (68,), (2.5,), (68,), (2.5,))
('K.13 Musicalion', 'P1', 1, (509, 510), (75,), (2.12,), (75,), (2.12,))
('K.13 Musicalion', 'P1', 1, (513, 514), (76,), (2.62,), (76,), (2.62,))
('K.13 Musicalion', 'P1', 1, (517, 518), (76,), (1.12,), (76,), (1.12,))
('K.13 Musicalion', 'P1', 1, (521, 522), (77,), (1.62,), (77,), (1.62,))
('K.13 Musicalion', 'P1', 1, (525, 526), (77,), (2.12,), (77,), (2.12,))
('K.13 Musicalion', 'P1', 1, (527, 528), (78,), (2.38,), (78,), (2.38,))
('K.13 Musicalion', 'P1', 1, (529, 530), (78,), (2.62,), (78,), (2.62,))
('K.13 Musicalion', 'P1', 1, (531, 532), (78,), (2.88,), (78,), (2.88,))
('K.13 Musicalion', 'P1', 1, (533, 534), (78,), (1.12,), (78,), (1.12,))
('K.13 Musicalion', 'P1', 1, (537, 538), (79,), (1.62,), (79,), (1.62,))
('K.13 Musicalion', 'P1', 1, (541, 542), (79,), (2.12,), (79,), (2.12,))
('K.13 Musicalion', 'P1', 1, (545, 546), (80,), (2.62,), (80,), (2.62,))
('K.13 Musicalion', 'P1', 1, (549, 550), (80,), (1.12,), (80,), (1.12,))
('K.13 Musicalion', 'P1', 1, (551, 552), (81,), (1.38,), (81,), (1.38,))
('K.13 Musicalion', 'P1', 1, (553, 554), (81,), (1.62,), (81,), (1.62,))
('K.13 Musicalion', 'P1', 1, (555, 556), (81,), (1.88,), (81,), (1.88,))
('K.13 Musicalion', 'P1', 1, (557, 558), (81,), (2.12,), (81,), (2.12,))
('K.13 Musicalion', 'P1', 1, (559, 560), (82,), (2.38,), (82,), (2.38,))
('K.13 Musicalion', 'P1', 1, (561, 562), (82,), (2.62,), (82,), (2.62,))
('K.13 Musicalion', 'P1', 1, (563, 564), (82,), (2.88,), (82,), (2.88,))
('K.13 Musicalion', 'P1', 1, (565, 566), (82,), (1.12,), (82,), (1.12,))
('K.13 Musicalion', 'P1', 1, (567, 568), (83,), (1.38,), (83,), (1.38,))
('K.13 Musicalion', 'P1', 1, (571, 572), (83,), (1.88,), (83,), (1.88,))
('K.13 Musicalion', 'P1', 1, (624, 625), (90,), (1.62,), (90,), (1.62,))
('K.13 Musicalion', 'P1', 1, (628, 629), (91,), (2.12,), (91,), (2.12,))
('K.13 Musicalion', 'P1', 1, (632, 633), (91,), (2.62,), (91,), (2.62,))
('K.13 Musicalion', 'P1', 1, (636, 637), (92,), (1.12,), (92,), (1.12,))
('K.13 Musicalion', 'P1', 1, (640, 641), (92,), (1.62,), (92,), (1.62,))
('K.13 Musicalion', 'P1', 1, (644, 645), (93,), (2.12,), (93,), (2.12,))
('K.13 Musicalion', 'P1', 1, (648, 649), (93,), (2.62,), (93,), (2.62,))
('K.13 Musicalion', 'P1', 1, (652, 653), (94,), (1.12,), (94,), (1.12,))
('K.13 Musicalion', 'P1', 1, (656, 657), (94,), (1.62,), (94,), (1.62,))
('K.13 Musicalion', 'P1', 1, (660, 661), (95,), (2.12,), (95,), (2.12,))
('K.13 Musicalion', 'P1', 1, (664, 665), (95,), (2.62,), (95,), (2.62,))
('K.13 Musicalion', 'P1', 1, (668, 669), (96,), (1.12,), (96,), (1.12,))
('K.13 Musicalion', 'P1', 1, (672, 673), (96,), (1.62,), (96,), (1.62,))
('K.13 Musicalion', 'P1', 1, (741, 742), (108,), (1.0,), (108,), (1.0,))
('K.13 Musicalion', 'P1', 2, (0, 1), (7,), (2.0,), (7,), (2.0,))
('K.13 Musicalion', 'P1', 2, (1, 2), (7,), (2.12,), (7,), (2.12,))
('K.13 Musicalion', 'P1', 2, (4, 5), (9,), (1.5,), (9,), (1.5,))
('K.13 Musicalion', 'P1', 2, (5, 6), (9,), (1.62,), (9,), (1.62,))
('K.13 Musicalion', 'P1', 2, (8, 9), (11,), (1.0,), (11,), (1.0,))
('K.13 Musicalion', 'P1', 2, (9, 10), (11,), (1.12,), (11,), (1.12,))
('K.13 Musicalion', 'P1', 2, (38, 39), (61,), (2.5,), (61,), (2.5,))
('K.13 Musicalion', 'P1', 2, (39, 40), (61,), (2.62,), (61,), (2.62,))
('K.13 Musicalion', 'P1', 2, (42, 43), (62,), (2.5,), (62,), (2.5,))
('K.13 Musicalion', 'P1', 2, (43, 44), (63,), (2.0,), (63,), (2.0,))
('K.13 Musicalion', 'P1', 2, (44, 45), (63,), (2.12,), (63,), (2.12,))
('K.13 Musicalion', 'P1', 2, (48, 49), (64,), (2.25,), (64,), (2.25,))
('K.13 Musicalion', 'P1', 3, (20, 21), (7,), (1.5,), (7,), (1.5,))
('K.13 Musicalion', 'P1', 3, (21, 22), (8,), (2.25,), (8,), (2.25,))
('K.13 Musicalion', 'P1', 3, (26, 27), (10,), (1.75,), (10,), (1.75,))
('K.13 Musicalion', 'P1', 3, (31, 32), (12,), (1.25,), (12,), (1.25,))
('K.13 Musicalion', 'P1', 3, (36, 37), (13,), (2.5,), (13,), (2.5,))
('K.13 Musicalion', 'P1', 3, (37, 38), (13,), (2.62,), (13,), (2.62,))
('K.13 Musicalion', 'P1', 3, (40, 41), (14,), (1.0,), (14,), (1.0,))
('K.13 Musicalion', 'P1', 3, (41, 42), (14,), (1.25,), (14,), (1.25,))
('K.13 Musicalion', 'P1', 3, (55, 56), (18,), (1.0,), (18,), (1.0,))
('K.13 Musicalion', 'P1', 3, (57, 58), (18,), (1.5,), (18,), (1.5,))
('K.13 Musicalion', 'P1', 3, (61, 62), (20,), (1.0,), (20,), (1.0,))
('K.13 Musicalion', 'P1', 3, (63, 64), (20,), (1.5,), (20,), (1.5,))
('K.13 Musicalion', 'P1', 3, (95, 96), (29,), (2.0,), (29,), (2.0,))
('K.13 Musicalion', 'P1', 3, (210, 211), (61,), (2.0,), (61,), (2.0,))
('K.13 Musicalion', 'P1', 3, (211, 212), (62,), (2.75,), (62,), (2.75,))
('K.13 Musicalion', 'P1', 3, (217, 218), (66,), (1.0,), (66,), (1.0,))
('K.13 Musicalion', 'P1', 3, (222, 223), (68,), (2.5,), (68,), (2.5,))
('K.13 Musicalion', 'P1', 3, (237, 238), (72,), (2.25,), (72,), (2.25,))
('K.13 Musicalion', 'P1', 3, (239, 240), (72,), (2.75,), (72,), (2.75,))
('K.13 Musicalion', 'P1', 3, (243, 244), (74,), (2.25,), (74,), (2.25,))
('K.13 Musicalion', 'P1', 3, (245, 246), (74,), (2.75,), (74,), (2.75,))
('K.13 Musicalion', 'P1', 3, (281, 282), (84,), (2.25,), (84,), (2.25,))
('K.13 Musicalion', 'P1', 4, (0, 1), (12,), (1.25,), (12,), (1.25,))
('K.13 Musicalion', 'P1', 4, (4, 5), (66,), (1.0,), (66,), (1.0,))

69.    ((4,),):
('K.13 Musicalion', 'P1', 1, (11, 12), (2,), (2.75,), (2,), (2.75,))
('K.13 Musicalion', 'P1', 1, (15, 16), (3,), (1.75,), (3,), (1.75,))
('K.13 Musicalion', 'P1', 1, (17, 18), (3,), (2.0,), (3,), (2.0,))
('K.13 Musicalion', 'P1', 1, (29, 30), (5,), (1.75,), (5,), (1.75,))
('K.13 Musicalion', 'P1', 1, (31, 32), (5,), (2.0,), (5,), (2.0,))
('K.13 Musicalion', 'P1', 1, (60, 61), (9,), (1.75,), (9,), (1.75,))
('K.13 Musicalion', 'P1', 1, (113, 114), (18,), (1.12,), (18,), (1.12,))
('K.13 Musicalion', 'P1', 1, (129, 130), (20,), (1.12,), (20,), (1.12,))
('K.13 Musicalion', 'P1', 1, (148, 149), (22,), (1.62,), (22,), (1.62,))
('K.13 Musicalion', 'P1', 1, (156, 157), (23,), (2.62,), (23,), (2.62,))
('K.13 Musicalion', 'P1', 1, (164, 165), (24,), (1.62,), (24,), (1.62,))
('K.13 Musicalion', 'P1', 1, (272, 273), (39,), (2.5,), (39,), (2.5,))
('K.13 Musicalion', 'P1', 1, (278, 279), (40,), (1.5,), (40,), (1.5,))
('K.13 Musicalion', 'P1', 1, (328, 329), (49,), (2.5,), (49,), (2.5,))
('K.13 Musicalion', 'P1', 1, (330, 331), (49,), (2.75,), (49,), (2.75,))
('K.13 Musicalion', 'P1', 1, (332, 333), (49,), (1.0,), (49,), (1.0,))
('K.13 Musicalion', 'P1', 1, (334, 335), (49,), (1.25,), (49,), (1.25,))
('K.13 Musicalion', 'P1', 1, (336, 337), (50,), (1.5,), (50,), (1.5,))
('K.13 Musicalion', 'P1', 1, (338, 339), (50,), (1.75,), (50,), (1.75,))
('K.13 Musicalion', 'P1', 1, (340, 341), (50,), (2.0,), (50,), (2.0,))
('K.13 Musicalion', 'P1', 1, (342, 343), (50,), (2.25,), (50,), (2.25,))
('K.13 Musicalion', 'P1', 1, (344, 345), (51,), (2.5,), (51,), (2.5,))
('K.13 Musicalion', 'P1', 1, (377, 378), (57,), (2.0,), (57,), (2.0,))
('K.13 Musicalion', 'P1', 1, (379, 380), (57,), (2.25,), (57,), (2.25,))
('K.13 Musicalion', 'P1', 1, (391, 392), (59,), (2.0,), (59,), (2.0,))
('K.13 Musicalion', 'P1', 1, (393, 394), (59,), (2.25,), (59,), (2.25,))
('K.13 Musicalion', 'P1', 1, (424, 425), (63,), (2.25,), (63,), (2.25,))
('K.13 Musicalion', 'P1', 1, (475, 476), (71,), (1.62,), (71,), (1.62,))
('K.13 Musicalion', 'P1', 1, (480, 481), (72,), (2.38,), (72,), (2.38,))
('K.13 Musicalion', 'P1', 1, (496, 497), (74,), (2.38,), (74,), (2.38,))
('K.13 Musicalion', 'P1', 1, (574, 575), (84,), (2.25,), (84,), (2.25,))
('K.13 Musicalion', 'P1', 1, (617, 618), (89,), (2.62,), (89,), (2.62,))
('K.13 Musicalion', 'P1', 1, (630, 631), (91,), (2.38,), (91,), (2.38,))
('K.13 Musicalion', 'P1', 1, (646, 647), (93,), (2.38,), (93,), (2.38,))
('K.13 Musicalion', 'P1', 1, (670, 671), (96,), (1.38,), (96,), (1.38,))
('K.13 Musicalion', 'P1', 1, (676, 677), (97,), (2.12,), (97,), (2.12,))
('K.13 Musicalion', 'P1', 1, (678, 679), (97,), (2.38,), (97,), (2.38,))
('K.13 Musicalion', 'P1', 1, (680, 681), (97,), (2.62,), (97,), (2.62,))
('K.13 Musicalion', 'P1', 1, (694, 695), (100,), (2.75,), (100,), (2.75,))
('K.13 Musicalion', 'P1', 1, (700, 701), (101,), (1.75,), (101,), (1.75,))
('K.13 Musicalion', 'P1', 1, (744, 745), (109,), (1.75,), (109,), (1.75,))
('K.13 Musicalion', 'P1', 1, (746, 747), (109,), (2.0,), (109,), (2.0,))
('K.13 Musicalion', 'P1', 1, (748, 749), (109,), (2.25,), (109,), (2.25,))
('K.13 Musicalion', 'P1', 1, (750, 751), (109,), (2.5,), (109,), (2.5,))
('K.13 Musicalion', 'P1', 1, (752, 753), (110,), (2.75,), (110,), (2.75,))
('K.13 Musicalion', 'P1', 1, (754, 755), (110,), (1.0,), (110,), (1.0,))
('K.13 Musicalion', 'P1', 1, (756, 757), (110,), (1.25,), (110,), (1.25,))
('K.13 Musicalion', 'P1', 1, (758, 759), (110,), (1.5,), (110,), (1.5,))
('K.13 Musicalion', 'P1', 2, (40, 41), (61,), (2.75,), (61,), (2.75,))
('K.13 Musicalion', 'P1', 3, (7, 8), (3,), (2.0,), (3,), (2.0,))
('K.13 Musicalion', 'P1', 3, (14, 15), (5,), (2.0,), (5,), (2.0,))
('K.13 Musicalion', 'P1', 3, (19, 20), (6,), (1.38,), (6,), (1.38,))
('K.13 Musicalion', 'P1', 3, (70, 71), (22,), (1.75,), (22,), (1.75,))
('K.13 Musicalion', 'P1', 3, (74, 75), (23,), (2.75,), (23,), (2.75,))
('K.13 Musicalion', 'P1', 3, (80, 81), (25,), (2.25,), (25,), (2.25,))
('K.13 Musicalion', 'P1', 3, (109, 110), (35,), (1.25,), (35,), (1.25,))
('K.13 Musicalion', 'P1', 3, (110, 111), (36,), (1.5,), (36,), (1.5,))
('K.13 Musicalion', 'P1', 3, (114, 115), (37,), (2.5,), (37,), (2.5,))
('K.13 Musicalion', 'P1', 3, (117, 118), (37,), (1.25,), (37,), (1.25,))
('K.13 Musicalion', 'P1', 3, (173, 174), (48,), (2.25,), (48,), (2.25,))
('K.13 Musicalion', 'P1', 3, (174, 175), (49,), (2.5,), (49,), (2.5,))
('K.13 Musicalion', 'P1', 3, (177, 178), (49,), (1.25,), (49,), (1.25,))
('K.13 Musicalion', 'P1', 3, (178, 179), (50,), (1.5,), (50,), (1.5,))
('K.13 Musicalion', 'P1', 3, (181, 182), (50,), (2.25,), (50,), (2.25,))
('K.13 Musicalion', 'P1', 3, (182, 183), (51,), (2.5,), (51,), (2.5,))
('K.13 Musicalion', 'P1', 3, (209, 210), (60,), (1.88,), (60,), (1.88,))
('K.13 Musicalion', 'P1', 3, (252, 253), (76,), (1.0,), (76,), (1.0,))
('K.13 Musicalion', 'P1', 3, (260, 261), (78,), (1.0,), (78,), (1.0,))
('K.13 Musicalion', 'P1', 3, (264, 265), (79,), (2.0,), (79,), (2.0,))
('K.13 Musicalion', 'P1', 3, (299, 300), (92,), (1.0,), (92,), (1.0,))
('K.13 Musicalion', 'P1', 3, (303, 304), (93,), (2.0,), (93,), (2.0,))
('K.13 Musicalion', 'P1', 3, (319, 320), (97,), (2.0,), (97,), (2.0,))
('K.13 Musicalion', 'P1', 3, (353, 354), (102,), (1.5,), (102,), (1.5,))

70.    ((6,),):
('K.13 Musicalion', 'P1', 1, (96, 97), (15,), (2.38,), (15,), (2.38,))
('K.13 Musicalion', 'P1', 1, (104, 105), (16,), (1.38,), (16,), (1.38,))
('K.13 Musicalion', 'P1', 1, (346, 347), (51,), (2.75,), (51,), (2.75,))
('K.13 Musicalion', 'P1', 1, (348, 349), (51,), (1.0,), (51,), (1.0,))
('K.13 Musicalion', 'P1', 1, (350, 351), (51,), (1.25,), (51,), (1.25,))
('K.13 Musicalion', 'P1', 1, (352, 353), (52,), (2.0,), (52,), (2.0,))
('K.13 Musicalion', 'P1', 1, (354, 355), (52,), (2.25,), (52,), (2.25,))
('K.13 Musicalion', 'P1', 1, (408, 409), (61,), (2.38,), (61,), (2.38,))
('K.13 Musicalion', 'P1', 1, (460, 461), (69,), (1.62,), (69,), (1.62,))
('K.13 Musicalion', 'P1', 1, (511, 512), (76,), (2.38,), (76,), (2.38,))
('K.13 Musicalion', 'P1', 1, (519, 520), (77,), (1.38,), (77,), (1.38,))
('K.13 Musicalion', 'P1', 1, (610, 611), (89,), (1.75,), (89,), (1.75,))
('K.13 Musicalion', 'P1', 1, (638, 639), (92,), (1.38,), (92,), (1.38,))
('K.13 Musicalion', 'P1', 1, (654, 655), (94,), (1.38,), (94,), (1.38,))
('K.13 Musicalion', 'P1', 1, (658, 659), (95,), (1.88,), (95,), (1.88,))
('K.13 Musicalion', 'P1', 1, (662, 663), (95,), (2.38,), (95,), (2.38,))
('K.13 Musicalion', 'P1', 1, (766, 767), (111,), (2.5,), (111,), (2.5,))
('K.13 Musicalion', 'P1', 2, (18, 19), (38,), (2.0,), (38,), (2.0,))
('K.13 Musicalion', 'P1', 2, (20, 21), (38,), (2.25,), (38,), (2.25,))
('K.13 Musicalion', 'P1', 2, (26, 27), (39,), (1.0,), (39,), (1.0,))
('K.13 Musicalion', 'P1', 2, (28, 29), (39,), (1.25,), (39,), (1.25,))
('K.13 Musicalion', 'P1', 2, (34, 35), (40,), (2.0,), (40,), (2.0,))
('K.13 Musicalion', 'P1', 2, (36, 37), (40,), (2.25,), (40,), (2.25,))
('K.13 Musicalion', 'P1', 3, (59, 60), (19,), (2.0,), (19,), (2.0,))
('K.13 Musicalion', 'P1', 3, (126, 127), (42,), (2.0,), (42,), (2.0,))
('K.13 Musicalion', 'P1', 3, (128, 129), (42,), (2.25,), (42,), (2.25,))
('K.13 Musicalion', 'P1', 3, (134, 135), (43,), (1.0,), (43,), (1.0,))
('K.13 Musicalion', 'P1', 3, (136, 137), (43,), (1.25,), (43,), (1.25,))
('K.13 Musicalion', 'P1', 3, (142, 143), (44,), (2.0,), (44,), (2.0,))
('K.13 Musicalion', 'P1', 3, (144, 145), (44,), (2.25,), (44,), (2.25,))
('K.13 Musicalion', 'P1', 3, (146, 147), (45,), (2.5,), (45,), (2.5,))
('K.13 Musicalion', 'P1', 3, (148, 149), (45,), (2.75,), (45,), (2.75,))
('K.13 Musicalion', 'P1', 3, (150, 151), (45,), (1.0,), (45,), (1.0,))
('K.13 Musicalion', 'P1', 3, (152, 153), (45,), (1.25,), (45,), (1.25,))
('K.13 Musicalion', 'P1', 3, (154, 155), (46,), (1.5,), (46,), (1.5,))
('K.13 Musicalion', 'P1', 3, (156, 157), (46,), (1.75,), (46,), (1.75,))
('K.13 Musicalion', 'P1', 3, (158, 159), (46,), (2.0,), (46,), (2.0,))
('K.13 Musicalion', 'P1', 3, (160, 161), (46,), (2.25,), (46,), (2.25,))
('K.13 Musicalion', 'P1', 3, (162, 163), (47,), (2.5,), (47,), (2.5,))
('K.13 Musicalion', 'P1', 3, (164, 165), (47,), (2.75,), (47,), (2.75,))
('K.13 Musicalion', 'P1', 3, (166, 167), (47,), (1.0,), (47,), (1.0,))
('K.13 Musicalion', 'P1', 3, (168, 169), (47,), (1.25,), (47,), (1.25,))
('K.13 Musicalion', 'P1', 3, (330, 331), (99,), (2.25,), (99,), (2.25,))
('K.13 Musicalion', 'P1', 3, (332, 333), (99,), (2.5,), (99,), (2.5,))
('K.13 Musicalion', 'P1', 3, (338, 339), (100,), (1.25,), (100,), (1.25,))
('K.13 Musicalion', 'P1', 3, (340, 341), (100,), (1.5,), (100,), (1.5,))
('K.13 Musicalion', 'P1', 3, (346, 347), (101,), (2.25,), (101,), (2.25,))
('K.13 Musicalion', 'P1', 3, (348, 349), (101,), (2.5,), (101,), (2.5,))
('K.13 Musicalion', 'P1', 3, (358, 359), (103,), (2.25,), (103,), (2.25,))
('K.13 Musicalion', 'P1', 3, (360, 361), (103,), (2.5,), (103,), (2.5,))
('K.13 Musicalion', 'P1', 3, (366, 367), (104,), (1.25,), (104,), (1.25,))
('K.13 Musicalion', 'P1', 3, (368, 369), (104,), (1.5,), (104,), (1.5,))
('K.13 Musicalion', 'P1', 3, (374, 375), (105,), (2.25,), (105,), (2.25,))
('K.13 Musicalion', 'P1', 3, (376, 377), (105,), (2.5,), (105,), (2.5,))
('K.13 Musicalion', 'P1', 3, (378, 379), (106,), (2.75,), (106,), (2.75,))
('K.13 Musicalion', 'P1', 3, (380, 381), (106,), (1.0,), (106,), (1.0,))
('K.13 Musicalion', 'P1', 3, (382, 383), (106,), (1.25,), (106,), (1.25,))
('K.13 Musicalion', 'P1', 3, (384, 385), (106,), (1.5,), (106,), (1.5,))
('K.13 Musicalion', 'P1', 3, (386, 387), (107,), (1.75,), (107,), (1.75,))
('K.13 Musicalion', 'P1', 3, (388, 389), (107,), (2.0,), (107,), (2.0,))
('K.13 Musicalion', 'P1', 3, (390, 391), (107,), (2.25,), (107,), (2.25,))
('K.13 Musicalion', 'P1', 3, (392, 393), (107,), (2.5,), (107,), (2.5,))
('K.13 Musicalion', 'P1', 3, (394, 395), (108,), (2.75,), (108,), (2.75,))
('K.13 Musicalion', 'P1', 3, (396, 397), (108,), (1.0,), (108,), (1.0,))
('K.13 Musicalion', 'P1', 3, (398, 399), (108,), (1.25,), (108,), (1.25,))
('K.13 Musicalion', 'P1', 3, (400, 401), (108,), (1.5,), (108,), (1.5,))
('K.13 Musicalion', 'P1', 4, (3, 4), (34,), (2.25,), (34,), (2.25,))

71.    ((-5,),):
('K.13 Musicalion', 'P1', 1, (123, 124), (19,), (2.38,), (19,), (2.38,))
('K.13 Musicalion', 'P1', 1, (139, 140), (21,), (2.38,), (21,), (2.38,))
('K.13 Musicalion', 'P1', 1, (145, 146), (22,), (1.25,), (22,), (1.25,))
('K.13 Musicalion', 'P1', 1, (153, 154), (23,), (2.25,), (23,), (2.25,))
('K.13 Musicalion', 'P1', 1, (161, 162), (24,), (1.25,), (24,), (1.25,))
('K.13 Musicalion', 'P1', 1, (202, 203), (29,), (2.38,), (29,), (2.38,))
('K.13 Musicalion', 'P1', 1, (247, 248), (35,), (1.0,), (35,), (1.0,))
('K.13 Musicalion', 'P1', 1, (263, 264), (37,), (1.0,), (37,), (1.0,))
('K.13 Musicalion', 'P1', 1, (288, 289), (41,), (1.0,), (41,), (1.0,))
('K.13 Musicalion', 'P1', 1, (309, 310), (44,), (2.38,), (44,), (2.38,))
('K.13 Musicalion', 'P1', 1, (375, 376), (56,), (1.25,), (56,), (1.25,))
('K.13 Musicalion', 'P1', 1, (418, 419), (63,), (1.5,), (63,), (1.5,))
('K.13 Musicalion', 'P1', 1, (490, 491), (73,), (1.62,), (73,), (1.62,))
('K.13 Musicalion', 'P1', 1, (506, 507), (75,), (1.62,), (75,), (1.62,))
('K.13 Musicalion', 'P1', 1, (570, 571), (83,), (1.75,), (83,), (1.75,))
('K.13 Musicalion', 'P1', 1, (621, 622), (90,), (1.12,), (90,), (1.12,))
('K.13 Musicalion', 'P1', 1, (627, 628), (91,), (2.0,), (91,), (2.0,))
('K.13 Musicalion', 'P1', 1, (643, 644), (93,), (2.0,), (93,), (2.0,))
('K.13 Musicalion', 'P1', 1, (667, 668), (96,), (1.0,), (96,), (1.0,))
('K.13 Musicalion', 'P1', 1, (685, 686), (98,), (1.25,), (98,), (1.25,))
('K.13 Musicalion', 'P1', 1, (710, 711), (102,), (1.25,), (102,), (1.25,))
('K.13 Musicalion', 'P1', 1, (716, 717), (103,), (2.0,), (103,), (2.0,))
('K.13 Musicalion', 'P1', 1, (722, 723), (104,), (1.0,), (104,), (1.0,))
('K.13 Musicalion', 'P1', 1, (728, 729), (105,), (2.0,), (105,), (2.0,))
('K.13 Musicalion', 'P1', 1, (731, 732), (105,), (2.62,), (105,), (2.62,))
('K.13 Musicalion', 'P1', 2, (37, 38), (40,), (2.38,), (40,), (2.38,))
('K.13 Musicalion', 'P1', 3, (103, 104), (33,), (1.38,), (33,), (1.38,))
('K.13 Musicalion', 'P1', 3, (105, 106), (34,), (2.25,), (34,), (2.25,))
('K.13 Musicalion', 'P1', 3, (118, 119), (41,), (2.5,), (41,), (2.5,))
('K.13 Musicalion', 'P1', 3, (121, 122), (41,), (1.25,), (41,), (1.25,))
('K.13 Musicalion', 'P1', 3, (149, 150), (45,), (2.88,), (45,), (2.88,))
('K.13 Musicalion', 'P1', 3, (153, 154), (45,), (1.38,), (45,), (1.38,))
('K.13 Musicalion', 'P1', 3, (157, 158), (46,), (1.88,), (46,), (1.88,))
('K.13 Musicalion', 'P1', 3, (161, 162), (46,), (2.38,), (46,), (2.38,))
('K.13 Musicalion', 'P1', 3, (165, 166), (47,), (2.88,), (47,), (2.88,))
('K.13 Musicalion', 'P1', 3, (169, 170), (47,), (1.38,), (47,), (1.38,))
('K.13 Musicalion', 'P1', 3, (170, 171), (48,), (1.5,), (48,), (1.5,))
('K.13 Musicalion', 'P1', 3, (185, 186), (51,), (1.25,), (51,), (1.25,))
('K.13 Musicalion', 'P1', 3, (197, 198), (57,), (2.5,), (57,), (2.5,))
('K.13 Musicalion', 'P1', 3, (204, 205), (59,), (2.5,), (59,), (2.5,))
('K.13 Musicalion', 'P1', 3, (256, 257), (77,), (2.0,), (77,), (2.0,))
('K.13 Musicalion', 'P1', 3, (268, 269), (80,), (1.0,), (80,), (1.0,))
('K.13 Musicalion', 'P1', 3, (283, 284), (85,), (1.75,), (85,), (1.75,))
('K.13 Musicalion', 'P1', 3, (325, 326), (98,), (1.5,), (98,), (1.5,))
('K.13 Musicalion', 'P1', 3, (349, 350), (101,), (2.62,), (101,), (2.62,))
('K.13 Musicalion', 'P1', 3, (350, 351), (102,), (2.75,), (102,), (2.75,))
('K.13 Musicalion', 'P1', 3, (381, 382), (106,), (1.12,), (106,), (1.12,))
('K.13 Musicalion', 'P1', 3, (385, 386), (106,), (1.62,), (106,), (1.62,))
('K.13 Musicalion', 'P1', 3, (389, 390), (107,), (2.12,), (107,), (2.12,))
('K.13 Musicalion', 'P1', 3, (393, 394), (107,), (2.62,), (107,), (2.62,))
('K.13 Musicalion', 'P1', 3, (397, 398), (108,), (1.12,), (108,), (1.12,))
('K.13 Musicalion', 'P1', 3, (401, 402), (108,), (1.62,), (108,), (1.62,))
('K.13 Musicalion', 'P1', 3, (402, 403), (109,), (1.75,), (109,), (1.75,))
('K.13 Musicalion', 'P1', 3, (406, 407), (110,), (2.75,), (110,), (2.75,))
('K.13 Musicalion', 'P1', 3, (410, 411), (111,), (1.75,), (111,), (1.75,))
('K.13 Musicalion', 'P1', 3, (413, 414), (111,), (2.5,), (111,), (2.5,))
('K.13 Musicalion', 'P1', 3, (418, 419), (112,), (1.62,), (112,), (1.62,))

72.    ((3,),):
('K.13 Musicalion', 'P1', 1, (47, 48), (7,), (2.25,), (7,), (2.25,))
('K.13 Musicalion', 'P1', 1, (73, 74), (11,), (1.25,), (11,), (1.25,))
('K.13 Musicalion', 'P1', 1, (86, 87), (13,), (2.75,), (13,), (2.75,))
('K.13 Musicalion', 'P1', 1, (124, 125), (19,), (2.5,), (19,), (2.5,))
('K.13 Musicalion', 'P1', 1, (144, 145), (22,), (1.12,), (22,), (1.12,))
('K.13 Musicalion', 'P1', 1, (152, 153), (23,), (2.12,), (23,), (2.12,))
('K.13 Musicalion', 'P1', 1, (160, 161), (24,), (1.12,), (24,), (1.12,))
('K.13 Musicalion', 'P1', 1, (191, 192), (28,), (1.0,), (28,), (1.0,))
('K.13 Musicalion', 'P1', 1, (411, 412), (61,), (2.75,), (61,), (2.75,))
('K.13 Musicalion', 'P1', 1, (437, 438), (65,), (1.0,), (65,), (1.0,))
('K.13 Musicalion', 'P1', 1, (450, 451), (67,), (2.5,), (67,), (2.5,))
('K.13 Musicalion', 'P1', 1, (452, 453), (68,), (2.25,), (68,), (2.25,))
('K.13 Musicalion', 'P1', 1, (491, 492), (73,), (1.75,), (73,), (1.75,))
('K.13 Musicalion', 'P1', 1, (528, 529), (78,), (2.5,), (78,), (2.5,))
('K.13 Musicalion', 'P1', 1, (558, 559), (82,), (2.25,), (82,), (2.25,))
('K.13 Musicalion', 'P1', 1, (626, 627), (91,), (1.88,), (91,), (1.88,))
('K.13 Musicalion', 'P1', 1, (666, 667), (96,), (2.88,), (96,), (2.88,))
('K.13 Musicalion', 'P1', 2, (2, 3), (7,), (2.25,), (7,), (2.25,))
('K.13 Musicalion', 'P1', 2, (6, 7), (9,), (1.75,), (9,), (1.75,))
('K.13 Musicalion', 'P1', 2, (10, 11), (11,), (1.25,), (11,), (1.25,))
('K.13 Musicalion', 'P1', 2, (15, 16), (38,), (1.62,), (38,), (1.62,))
('K.13 Musicalion', 'P1', 2, (16, 17), (38,), (1.75,), (38,), (1.75,))
('K.13 Musicalion', 'P1', 2, (23, 24), (39,), (2.62,), (39,), (2.62,))
('K.13 Musicalion', 'P1', 2, (24, 25), (39,), (2.75,), (39,), (2.75,))
('K.13 Musicalion', 'P1', 2, (31, 32), (40,), (1.62,), (40,), (1.62,))
('K.13 Musicalion', 'P1', 2, (32, 33), (40,), (1.75,), (40,), (1.75,))
('K.13 Musicalion', 'P1', 2, (45, 46), (63,), (2.25,), (63,), (2.25,))
('K.13 Musicalion', 'P1', 2, (47, 48), (64,), (2.0,), (64,), (2.0,))
('K.13 Musicalion', 'P1', 3, (16, 17), (6,), (2.75,), (6,), (2.75,))
('K.13 Musicalion', 'P1', 3, (25, 26), (9,), (1.0,), (9,), (1.0,))
('K.13 Musicalion', 'P1', 3, (38, 39), (13,), (2.75,), (13,), (2.75,))
('K.13 Musicalion', 'P1', 3, (56, 57), (18,), (1.25,), (18,), (1.25,))
('K.13 Musicalion', 'P1', 3, (62, 63), (20,), (1.25,), (20,), (1.25,))
('K.13 Musicalion', 'P1', 3, (112, 113), (36,), (2.0,), (36,), (2.0,))
('K.13 Musicalion', 'P1', 3, (123, 124), (42,), (1.62,), (42,), (1.62,))
('K.13 Musicalion', 'P1', 3, (124, 125), (42,), (1.75,), (42,), (1.75,))
('K.13 Musicalion', 'P1', 3, (131, 132), (43,), (2.62,), (43,), (2.62,))
('K.13 Musicalion', 'P1', 3, (132, 133), (43,), (2.75,), (43,), (2.75,))
('K.13 Musicalion', 'P1', 3, (139, 140), (44,), (1.62,), (44,), (1.62,))
('K.13 Musicalion', 'P1', 3, (140, 141), (44,), (1.75,), (44,), (1.75,))
('K.13 Musicalion', 'P1', 3, (199, 200), (58,), (1.25,), (58,), (1.25,))
('K.13 Musicalion', 'P1', 3, (206, 207), (60,), (1.25,), (60,), (1.25,))
('K.13 Musicalion', 'P1', 3, (238, 239), (72,), (2.5,), (72,), (2.5,))
('K.13 Musicalion', 'P1', 3, (244, 245), (74,), (2.5,), (74,), (2.5,))
('K.13 Musicalion', 'P1', 3, (327, 328), (99,), (1.88,), (99,), (1.88,))
('K.13 Musicalion', 'P1', 3, (328, 329), (99,), (2.0,), (99,), (2.0,))
('K.13 Musicalion', 'P1', 3, (335, 336), (100,), (2.88,), (100,), (2.88,))
('K.13 Musicalion', 'P1', 3, (336, 337), (100,), (1.0,), (100,), (1.0,))
('K.13 Musicalion', 'P1', 3, (343, 344), (101,), (1.88,), (101,), (1.88,))
('K.13 Musicalion', 'P1', 3, (344, 345), (101,), (2.0,), (101,), (2.0,))
('K.13 Musicalion', 'P1', 3, (355, 356), (103,), (1.88,), (103,), (1.88,))
('K.13 Musicalion', 'P1', 3, (356, 357), (103,), (2.0,), (103,), (2.0,))
('K.13 Musicalion', 'P1', 3, (363, 364), (104,), (2.88,), (104,), (2.88,))
('K.13 Musicalion', 'P1', 3, (364, 365), (104,), (1.0,), (104,), (1.0,))
('K.13 Musicalion', 'P1', 3, (371, 372), (105,), (1.88,), (105,), (1.88,))
('K.13 Musicalion', 'P1', 3, (372, 373), (105,), (2.0,), (105,), (2.0,))
('K.13 Musicalion', 'P1', 4, (2, 3), (34,), (1.5,), (34,), (1.5,))

73.    ((8,),):
('K.13 Musicalion', 'P1', 1, (140, 141), (21,), (2.5,), (21,), (2.5,))
('K.13 Musicalion', 'P1', 1, (176, 177), (26,), (1.12,), (26,), (1.12,))
('K.13 Musicalion', 'P1', 1, (203, 204), (29,), (2.5,), (29,), (2.5,))
('K.13 Musicalion', 'P1', 1, (217, 218), (31,), (2.0,), (31,), (2.0,))
('K.13 Musicalion', 'P1', 1, (224, 225), (32,), (2.62,), (32,), (2.62,))
('K.13 Musicalion', 'P1', 1, (231, 232), (33,), (1.25,), (33,), (1.25,))
('K.13 Musicalion', 'P1', 1, (251, 252), (36,), (1.5,), (36,), (1.5,))
('K.13 Musicalion', 'P1', 1, (426, 427), (64,), (2.0,), (64,), (2.0,))
('K.13 Musicalion', 'P1', 1, (507, 508), (75,), (1.75,), (75,), (1.75,))
('K.13 Musicalion', 'P1', 1, (515, 516), (76,), (2.88,), (76,), (2.88,))
('K.13 Musicalion', 'P1', 1, (523, 524), (77,), (1.88,), (77,), (1.88,))
('K.13 Musicalion', 'P1', 1, (535, 536), (79,), (1.38,), (79,), (1.38,))
('K.13 Musicalion', 'P1', 1, (539, 540), (79,), (1.88,), (79,), (1.88,))
('K.13 Musicalion', 'P1', 1, (543, 544), (80,), (2.38,), (80,), (2.38,))
('K.13 Musicalion', 'P1', 1, (547, 548), (80,), (2.88,), (80,), (2.88,))
('K.13 Musicalion', 'P1', 1, (578, 579), (84,), (2.75,), (84,), (2.75,))
('K.13 Musicalion', 'P1', 1, (585, 586), (85,), (1.62,), (85,), (1.62,))
('K.13 Musicalion', 'P1', 1, (592, 593), (86,), (2.25,), (86,), (2.25,))
('K.13 Musicalion', 'P1', 1, (599, 600), (87,), (2.88,), (87,), (2.88,))
('K.13 Musicalion', 'P1', 1, (606, 607), (88,), (1.5,), (88,), (1.5,))
('K.13 Musicalion', 'P1', 1, (622, 623), (90,), (1.25,), (90,), (1.25,))
('K.13 Musicalion', 'P1', 2, (14, 15), (38,), (1.5,), (38,), (1.5,))
('K.13 Musicalion', 'P1', 2, (22, 23), (39,), (2.5,), (39,), (2.5,))
('K.13 Musicalion', 'P1', 2, (30, 31), (40,), (1.5,), (40,), (1.5,))
('K.13 Musicalion', 'P1', 3, (8, 9), (4,), (2.5,), (4,), (2.5,))
('K.13 Musicalion', 'P1', 3, (15, 16), (6,), (2.5,), (6,), (2.5,))
('K.13 Musicalion', 'P1', 3, (35, 36), (13,), (2.0,), (13,), (2.0,))
('K.13 Musicalion', 'P1', 3, (45, 46), (15,), (2.0,), (15,), (2.0,))
('K.13 Musicalion', 'P1', 3, (47, 48), (15,), (2.5,), (15,), (2.5,))
('K.13 Musicalion', 'P1', 3, (49, 50), (16,), (1.0,), (16,), (1.0,))
('K.13 Musicalion', 'P1', 3, (51, 52), (16,), (1.5,), (16,), (1.5,))
('K.13 Musicalion', 'P1', 3, (91, 92), (28,), (1.0,), (28,), (1.0,))
('K.13 Musicalion', 'P1', 3, (122, 123), (42,), (1.5,), (42,), (1.5,))
('K.13 Musicalion', 'P1', 3, (130, 131), (43,), (2.5,), (43,), (2.5,))
('K.13 Musicalion', 'P1', 3, (138, 139), (44,), (1.5,), (44,), (1.5,))
('K.13 Musicalion', 'P1', 3, (198, 199), (58,), (1.0,), (58,), (1.0,))
('K.13 Musicalion', 'P1', 3, (205, 206), (60,), (1.0,), (60,), (1.0,))
('K.13 Musicalion', 'P1', 3, (221, 222), (67,), (1.75,), (67,), (1.75,))
('K.13 Musicalion', 'P1', 3, (226, 227), (69,), (1.25,), (69,), (1.25,))
('K.13 Musicalion', 'P1', 3, (228, 229), (69,), (1.75,), (69,), (1.75,))
('K.13 Musicalion', 'P1', 3, (230, 231), (70,), (2.25,), (70,), (2.25,))
('K.13 Musicalion', 'P1', 3, (232, 233), (70,), (2.75,), (70,), (2.75,))
('K.13 Musicalion', 'P1', 3, (234, 235), (71,), (1.25,), (71,), (1.25,))
('K.13 Musicalion', 'P1', 3, (257, 258), (78,), (2.25,), (78,), (2.25,))
('K.13 Musicalion', 'P1', 3, (326, 327), (99,), (1.75,), (99,), (1.75,))
('K.13 Musicalion', 'P1', 3, (334, 335), (100,), (2.75,), (100,), (2.75,))
('K.13 Musicalion', 'P1', 3, (342, 343), (101,), (1.75,), (101,), (1.75,))
('K.13 Musicalion', 'P1', 3, (354, 355), (103,), (1.75,), (103,), (1.75,))
('K.13 Musicalion', 'P1', 3, (362, 363), (104,), (2.75,), (104,), (2.75,))
('K.13 Musicalion', 'P1', 3, (370, 371), (105,), (1.75,), (105,), (1.75,))

74.    ((-4,),):
('K.13 Musicalion', 'P1', 1, (0, 1), (0,), (1.0,), (0,), (1.0,))
('K.13 Musicalion', 'P1', 1, (39, 40), (6,), (1.0,), (6,), (1.0,))
('K.13 Musicalion', 'P1', 1, (61, 62), (9,), (1.88,), (9,), (1.88,))
('K.13 Musicalion', 'P1', 1, (93, 94), (15,), (2.0,), (15,), (2.0,))
('K.13 Musicalion', 'P1', 1, (101, 102), (16,), (1.0,), (16,), (1.0,))
('K.13 Musicalion', 'P1', 1, (141, 142), (21,), (2.75,), (21,), (2.75,))
('K.13 Musicalion', 'P1', 1, (149, 150), (22,), (1.75,), (22,), (1.75,))
('K.13 Musicalion', 'P1', 1, (157, 158), (23,), (2.75,), (23,), (2.75,))
('K.13 Musicalion', 'P1', 1, (215, 216), (31,), (1.75,), (31,), (1.75,))
('K.13 Musicalion', 'P1', 1, (222, 223), (32,), (2.38,), (32,), (2.38,))
('K.13 Musicalion', 'P1', 1, (230, 231), (33,), (1.12,), (33,), (1.12,))
('K.13 Musicalion', 'P1', 1, (235, 236), (34,), (1.5,), (34,), (1.5,))
('K.13 Musicalion', 'P1', 1, (353, 354), (52,), (2.12,), (52,), (2.12,))
('K.13 Musicalion', 'P1', 1, (359, 360), (53,), (2.38,), (53,), (2.38,))
('K.13 Musicalion', 'P1', 1, (362, 363), (53,), (2.75,), (53,), (2.75,))
('K.13 Musicalion', 'P1', 1, (364, 365), (54,), (1.5,), (54,), (1.5,))
('K.13 Musicalion', 'P1', 1, (403, 404), (60,), (1.5,), (60,), (1.5,))
('K.13 Musicalion', 'P1', 1, (425, 426), (63,), (2.38,), (63,), (2.38,))
('K.13 Musicalion', 'P1', 1, (457, 458), (69,), (1.25,), (69,), (1.25,))
('K.13 Musicalion', 'P1', 1, (462, 463), (69,), (1.88,), (69,), (1.88,))
('K.13 Musicalion', 'P1', 1, (467, 468), (70,), (2.5,), (70,), (2.5,))
('K.13 Musicalion', 'P1', 1, (469, 470), (70,), (2.75,), (70,), (2.75,))
('K.13 Musicalion', 'P1', 1, (566, 567), (83,), (1.25,), (83,), (1.25,))
('K.13 Musicalion', 'P1', 1, (575, 576), (84,), (2.38,), (84,), (2.38,))
('K.13 Musicalion', 'P1', 1, (584, 585), (85,), (1.5,), (85,), (1.5,))
('K.13 Musicalion', 'P1', 1, (590, 591), (86,), (2.0,), (86,), (2.0,))
('K.13 Musicalion', 'P1', 1, (598, 599), (87,), (2.75,), (87,), (2.75,))
('K.13 Musicalion', 'P1', 1, (605, 606), (88,), (1.38,), (88,), (1.38,))
('K.13 Musicalion', 'P1', 1, (620, 621), (90,), (1.0,), (90,), (1.0,))
('K.13 Musicalion', 'P1', 1, (623, 624), (90,), (1.5,), (90,), (1.5,))
('K.13 Musicalion', 'P1', 1, (642, 643), (93,), (1.88,), (93,), (1.88,))
('K.13 Musicalion', 'P1', 1, (768, 769), (112,), (2.75,), (112,), (2.75,))
('K.13 Musicalion', 'P1', 2, (3, 4), (7,), (2.38,), (7,), (2.38,))
('K.13 Musicalion', 'P1', 2, (7, 8), (9,), (1.88,), (9,), (1.88,))
('K.13 Musicalion', 'P1', 2, (41, 42), (61,), (2.88,), (61,), (2.88,))
('K.13 Musicalion', 'P1', 3, (1, 2), (2,), (2.5,), (2,), (2.5,))
('K.13 Musicalion', 'P1', 3, (29, 30), (10,), (2.38,), (10,), (2.38,))
('K.13 Musicalion', 'P1', 3, (191, 192), (56,), (1.0,), (56,), (1.0,))
('K.13 Musicalion', 'P1', 3, (417, 418), (112,), (1.5,), (112,), (1.5,))
('K.13 Musicalion', 'P1', 4, (1, 2), (12,), (1.5,), (12,), (1.5,))

75.    ((-8,),):
('K.13 Musicalion', 'P1', 1, (169, 170), (25,), (2.25,), (25,), (2.25,))
('K.13 Musicalion', 'P1', 1, (508, 509), (75,), (2.0,), (75,), (2.0,))
('K.13 Musicalion', 'P1', 1, (512, 513), (76,), (2.5,), (76,), (2.5,))
('K.13 Musicalion', 'P1', 1, (516, 517), (76,), (1.0,), (76,), (1.0,))
('K.13 Musicalion', 'P1', 1, (520, 521), (77,), (1.5,), (77,), (1.5,))
('K.13 Musicalion', 'P1', 1, (524, 525), (77,), (2.0,), (77,), (2.0,))
('K.13 Musicalion', 'P1', 1, (540, 541), (79,), (2.0,), (79,), (2.0,))
('K.13 Musicalion', 'P1', 1, (548, 549), (80,), (1.0,), (80,), (1.0,))
('K.13 Musicalion', 'P1', 1, (655, 656), (94,), (1.5,), (94,), (1.5,))
('K.13 Musicalion', 'P1', 1, (659, 660), (95,), (2.0,), (95,), (2.0,))
('K.13 Musicalion', 'P1', 1, (663, 664), (95,), (2.5,), (95,), (2.5,))
('K.13 Musicalion', 'P1', 1, (681, 682), (98,), (2.75,), (98,), (2.75,))
('K.13 Musicalion', 'P1', 2, (13, 14), (17,), (2.25,), (17,), (2.25,))
('K.13 Musicalion', 'P1', 3, (6, 7), (3,), (1.5,), (3,), (1.5,))
('K.13 Musicalion', 'P1', 3, (13, 14), (5,), (1.5,), (5,), (1.5,))
('K.13 Musicalion', 'P1', 3, (46, 47), (15,), (2.25,), (15,), (2.25,))
('K.13 Musicalion', 'P1', 3, (48, 49), (15,), (2.75,), (15,), (2.75,))
('K.13 Musicalion', 'P1', 3, (50, 51), (16,), (1.25,), (16,), (1.25,))
('K.13 Musicalion', 'P1', 3, (52, 53), (16,), (1.75,), (16,), (1.75,))
('K.13 Musicalion', 'P1', 3, (89, 90), (27,), (2.5,), (27,), (2.5,))
('K.13 Musicalion', 'P1', 3, (196, 197), (57,), (2.0,), (57,), (2.0,))
('K.13 Musicalion', 'P1', 3, (203, 204), (59,), (2.0,), (59,), (2.0,))
('K.13 Musicalion', 'P1', 3, (227, 228), (69,), (1.5,), (69,), (1.5,))
('K.13 Musicalion', 'P1', 3, (229, 230), (69,), (2.0,), (69,), (2.0,))
('K.13 Musicalion', 'P1', 3, (231, 232), (70,), (2.5,), (70,), (2.5,))
('K.13 Musicalion', 'P1', 3, (233, 234), (70,), (1.0,), (70,), (1.0,))

76.    ((-10,),):
('K.13 Musicalion', 'P1', 1, (80, 81), (13,), (2.0,), (13,), (2.0,))
('K.13 Musicalion', 'P1', 1, (177, 178), (26,), (1.25,), (26,), (1.25,))
('K.13 Musicalion', 'P1', 1, (431, 432), (65,), (2.25,), (65,), (2.25,))
('K.13 Musicalion', 'P1', 1, (444, 445), (67,), (1.75,), (67,), (1.75,))
('K.13 Musicalion', 'P1', 1, (536, 537), (79,), (1.5,), (79,), (1.5,))
('K.13 Musicalion', 'P1', 1, (544, 545), (80,), (2.5,), (80,), (2.5,))
('K.13 Musicalion', 'P1', 3, (101, 102), (32,), (2.75,), (32,), (2.75,))
('K.13 Musicalion', 'P1', 3, (145, 146), (44,), (2.38,), (44,), (2.38,))
('K.13 Musicalion', 'P1', 3, (287, 288), (87,), (1.0,), (87,), (1.0,))
('K.13 Musicalion', 'P1', 3, (377, 378), (105,), (2.62,), (105,), (2.62,))

77.    ((-6,),):
('K.13 Musicalion', 'P1', 1, (97, 98), (15,), (2.5,), (15,), (2.5,))
('K.13 Musicalion', 'P1', 1, (105, 106), (16,), (1.5,), (16,), (1.5,))
('K.13 Musicalion', 'P1', 1, (165, 166), (24,), (1.75,), (24,), (1.75,))
('K.13 Musicalion', 'P1', 1, (562, 563), (82,), (2.75,), (82,), (2.75,))
('K.13 Musicalion', 'P1', 1, (631, 632), (91,), (2.5,), (91,), (2.5,))
('K.13 Musicalion', 'P1', 1, (635, 636), (92,), (1.0,), (92,), (1.0,))
('K.13 Musicalion', 'P1', 1, (647, 648), (93,), (2.5,), (93,), (2.5,))
('K.13 Musicalion', 'P1', 1, (651, 652), (94,), (1.0,), (94,), (1.0,))
('K.13 Musicalion', 'P1', 1, (671, 672), (96,), (1.5,), (96,), (1.5,))
('K.13 Musicalion', 'P1', 3, (9, 10), (4,), (2.75,), (4,), (2.75,))

78.    ((-9,),):
('K.13 Musicalion', 'P1', 1, (173, 174), (25,), (2.75,), (25,), (2.75,))
('K.13 Musicalion', 'P1', 1, (761, 762), (111,), (1.88,), (111,), (1.88,))
('K.13 Musicalion', 'P1', 1, (763, 764), (111,), (2.12,), (111,), (2.12,))
('K.13 Musicalion', 'P1', 3, (44, 45), (14,), (1.88,), (14,), (1.88,))
('K.13 Musicalion', 'P1', 3, (58, 59), (18,), (1.75,), (18,), (1.75,))
('K.13 Musicalion', 'P1', 3, (64, 65), (20,), (1.75,), (20,), (1.75,))
('K.13 Musicalion', 'P1', 3, (225, 226), (68,), (1.12,), (68,), (1.12,))
('K.13 Musicalion', 'P1', 3, (289, 290), (88,), (1.62,), (88,), (1.62,))

79.    (((3, -2),),):
('K.13 Musicalion', 'P1', 1, (317, 318), (46,), (2.25,), (46,), (2.25,))
('K.13 Musicalion', 'P1', 1, (322, 323), (48,), (1.5,), (48,), (1.5,))
('K.13 Musicalion', 'P1', 1, (323, 324), (48,), (1.62,), (48,), (1.62,))
('K.13 Musicalion', 'P1', 1, (324, 325), (48,), (1.75,), (48,), (1.75,))
('K.13 Musicalion', 'P1', 1, (326, 327), (48,), (2.0,), (48,), (2.0,))
('K.13 Musicalion', 'P1', 1, (739, 740), (107,), (2.5,), (107,), (2.5,))
('K.13 Musicalion', 'P1', 2, (56, 57), (66,), (2.75,), (66,), (2.75,))

80.    ((10,),):
('K.13 Musicalion', 'P1', 1, (83, 84), (13,), (2.38,), (13,), (2.38,))
('K.13 Musicalion', 'P1', 1, (634, 635), (92,), (2.88,), (92,), (2.88,))
('K.13 Musicalion', 'P1', 1, (650, 651), (94,), (2.88,), (94,), (2.88,))
('K.13 Musicalion', 'P1', 3, (65, 66), (21,), (2.0,), (21,), (2.0,))

81.    ((11,),):
('K.13 Musicalion', 'P1', 1, (108, 109), (16,), (1.88,), (16,), (1.88,))
('K.13 Musicalion', 'P1', 3, (307, 308), (94,), (1.0,), (94,), (1.0,))
('K.13 Musicalion', 'P1', 3, (405, 406), (109,), (2.5,), (109,), (2.5,))
('K.13 Musicalion', 'P1', 3, (409, 410), (110,), (1.5,), (110,), (1.5,))

82.    ((7,),):
('K.13 Musicalion', 'P1', 1, (172, 173), (25,), (2.62,), (25,), (2.62,))
('K.13 Musicalion', 'P1', 1, (464, 465), (69,), (2.12,), (69,), (2.12,))
('K.13 Musicalion', 'P1', 1, (468, 469), (70,), (2.62,), (70,), (2.62,))
('K.13 Musicalion', 'P1', 3, (235, 236), (71,), (1.75,), (71,), (1.75,))

83.    ((-11,),):
('K.13 Musicalion', 'P1', 1, (181, 182), (26,), (1.75,), (26,), (1.75,))
('K.13 Musicalion', 'P1', 3, (99, 100), (31,), (2.12,), (31,), (2.12,))
('K.13 Musicalion', 'P1', 3, (285, 286), (86,), (2.38,), (86,), (2.38,))

84.    (((3, -5),),):
('K.13 Musicalion', 'P1', 1, (743, 744), (108,), (1.5,), (108,), (1.5,))
('K.13 Musicalion', 'P1', 1, (759, 760), (110,), (1.62,), (110,), (1.62,))

85.    ((12,),):
('K.13 Musicalion', 'P1', 1, (100, 101), (15,), (2.88,), (15,), (2.88,))
('K.13 Musicalion', 'P1', 3, (414, 415), (112,), (2.75,), (112,), (2.75,))

86.    ((17,),):
('K.13 Musicalion', 'P1', 3, (53, 54), (17,), (2.0,), (17,), (2.0,))
('K.13 Musicalion', 'P1', 3, (186, 187), (52,), (1.5,), (52,), (1.5,))

