1 .    ('nomes', 'K.36 Musicalion') 

2 .    ('quantidade', 1) 

3 .    ('analise', 'sequÍncias IntDiaDur sem contidos e intercalados') 

1 .    (((4, -5, 4, -3, 4, -3, 4, -5, 4, -5, 4), (0.5, 0.5, 0.5, 0.5, 0.5, 0.5, 0.5, 0.5, 0.5, 0.5, 0.5)), [[('K.36 Musicalion', 'P1', 2, (197, 208), (55, 1.0), (56, 3.0)), ('K.36 Musicalion', 'P1', 2, (209, 220), (57, 1.0), (58, 3.0))], [('K.36 Musicalion', 'P1', 2, (279, 290), (73, 1.0), (74, 3.0)), ('K.36 Musicalion', 'P1', 2, (291, 302), (75, 1.0), (76, 3.0))]]) 

2 .    (((-2, -2, -2), (1.0, 0.5, 0.5)), [[('K.36 Musicalion', 'P1', 1, (133, 136), (31, 3.0), (32, 1.5)), ('K.36 Musicalion', 'P1', 1, (137, 140), (32, 3.0), (33, 1.5)), ('K.36 Musicalion', 'P1', 1, (141, 144), (33, 3.0), (34, 1.5)), ('K.36 Musicalion', 'P1', 1, (145, 148), (34, 3.0), (35, 1.5)), ('K.36 Musicalion', 'P1', 1, (149, 152), (35, 3.0), (36, 1.5)), ('K.36 Musicalion', 'P1', 1, (153, 156), (36, 3.0), (37, 1.5))], [('K.36 Musicalion', 'P1', 1, (351, 354), (84, 3.0), (85, 1.5)), ('K.36 Musicalion', 'P1', 1, (355, 358), (85, 3.0), (86, 1.5)), ('K.36 Musicalion', 'P1', 1, (359, 362), (86, 3.0), (87, 1.5)), ('K.36 Musicalion', 'P1', 1, (363, 366), (87, 3.0), (88, 1.5)), ('K.36 Musicalion', 'P1', 1, (367, 370), (88, 3.0), (89, 1.5))]]) 

3 .    (((4, -5, 4, -5, 4, -3, 4), (0.5, 0.5, 0.5, 0.5, 0.5, 0.5, 0.5)), [[('K.36 Musicalion', 'P1', 2, (195, 202), (54, 3.0), (55, 3.0)), ('K.36 Musicalion', 'P1', 2, (203, 210), (56, 1.0), (57, 1.0))], [('K.36 Musicalion', 'P1', 2, (277, 284), (72, 3.0), (73, 3.0)), ('K.36 Musicalion', 'P1', 2, (285, 292), (74, 1.0), (75, 1.0))]]) 

4 .    (((-2, -2, 2, -2, 2), (1.0, 1.0, 1.0, 1.0, 1.0)), [[('K.36 Musicalion', 'P1', 1, (230, 235), (56, 1.0), (57, 2.0)), ('K.36 Musicalion', 'P1', 1, (236, 241), (58, 1.0), (59, 2.0))], [('K.36 Musicalion', 'P1', 1, (306, 311), (74, 1.0), (75, 2.0)), ('K.36 Musicalion', 'P1', 1, (312, 317), (76, 1.0), (77, 2.0))]]) 

5 .    (((2, -2, -2, 2, -2), (1.0, 1.0, 1.0, 1.0, 1.0)), [[('K.36 Musicalion', 'P1', 1, (229, 234), (55, 3.0), (57, 1.0)), ('K.36 Musicalion', 'P1', 1, (235, 240), (57, 3.0), (59, 1.0))], [('K.36 Musicalion', 'P1', 1, (305, 310), (73, 3.0), (75, 1.0)), ('K.36 Musicalion', 'P1', 1, (311, 316), (75, 3.0), (77, 1.0))]]) 

6 .    (((-2, 2, 2, -2, -2), (1.0, 1.0, 1.0, 1.0, 1.0)), [[('K.36 Musicalion', 'P1', 1, (227, 232), (55, 1.0), (56, 2.0)), ('K.36 Musicalion', 'P1', 1, (233, 238), (57, 1.0), (58, 2.0))], [('K.36 Musicalion', 'P1', 1, (303, 308), (73, 1.0), (74, 2.0)), ('K.36 Musicalion', 'P1', 1, (309, 314), (75, 1.0), (76, 2.0))]]) 

7 .    (((2, -7, 2), (0.5, 1.0, 1.0)), [[('K.36 Musicalion', 'P1', 1, (13, 16), (4, 1.5), (4, 3.0)), ('K.36 Musicalion', 'P1', 1, (17, 20), (5, 1.5), (5, 3.0))], [('K.36 Musicalion', 'P1', 1, (119, 122), (28, 1.5), (28, 3.0)), ('K.36 Musicalion', 'P1', 1, (123, 126), (29, 1.5), (29, 3.0)), ('K.36 Musicalion', 'P1', 1, (127, 130), (30, 1.5), (30, 3.0))], [('K.36 Musicalion', 'P1', 1, (337, 340), (81, 1.5), (81, 3.0)), ('K.36 Musicalion', 'P1', 1, (341, 344), (82, 1.5), (82, 3.0)), ('K.36 Musicalion', 'P1', 1, (345, 348), (83, 1.5), (83, 3.0))]]) 

8 .    (((5, 2, -7), (0.5, 0.5, 1.0)), [[('K.36 Musicalion', 'P1', 1, (12, 15), (4, 1.0), (4, 2.0)), ('K.36 Musicalion', 'P1', 1, (16, 19), (5, 1.0), (5, 2.0))], [('K.36 Musicalion', 'P1', 1, (336, 339), (81, 1.0), (81, 2.0)), ('K.36 Musicalion', 'P1', 1, (340, 343), (82, 1.0), (82, 2.0)), ('K.36 Musicalion', 'P1', 1, (344, 347), (83, 1.0), (83, 2.0))]]) 

9 .    (((2, -2), (1.0, 1.0)), [[('K.36 Musicalion', 'P1', 1, (87, 89), (21, 3.0), (22, 1.0)), ('K.36 Musicalion', 'P1', 1, (90, 92), (22, 3.0), (23, 1.0))]]) 

10 .    (((-3, 2), (1.0, 1.0)), [[('K.36 Musicalion', 'P1', 2, (8, 10), (3, 2.0), (3, 3.0)), ('K.36 Musicalion', 'P1', 2, (11, 13), (4, 2.0), (4, 3.0)), ('K.36 Musicalion', 'P1', 2, (14, 16), (5, 2.0), (5, 3.0))], [('K.36 Musicalion', 'P1', 2, (100, 102), (27, 2.0), (27, 3.0)), ('K.36 Musicalion', 'P1', 2, (103, 105), (28, 2.0), (28, 3.0)), ('K.36 Musicalion', 'P1', 2, (106, 108), (29, 2.0), (29, 3.0)), ('K.36 Musicalion', 'P1', 2, (109, 111), (30, 2.0), (30, 3.0))], [('K.36 Musicalion', 'P1', 2, (319, 321), (81, 2.0), (81, 3.0)), ('K.36 Musicalion', 'P1', 2, (322, 324), (82, 2.0), (82, 3.0)), ('K.36 Musicalion', 'P1', 2, (325, 327), (83, 2.0), (83, 3.0))]]) 

11 .    (((-2, 2), (1.0, 1.0)), [[('K.36 Musicalion', 'P1', 1, (86, 88), (21, 2.0), (21, 3.0)), ('K.36 Musicalion', 'P1', 1, (89, 91), (22, 2.0), (22, 3.0)), ('K.36 Musicalion', 'P1', 1, (92, 94), (23, 2.0), (23, 3.0))], [('K.36 Musicalion', 'P1', 1, (205, 207), (47, 3.0), (48, 1.0)), ('K.36 Musicalion', 'P1', 1, (208, 210), (48, 3.0), (49, 1.0))], [('K.36 Musicalion', 'P1', 2, (235, 237), (62, 3.0), (63, 1.0)), ('K.36 Musicalion', 'P1', 2, (238, 240), (63, 3.0), (64, 1.0))]]) 

12 .    (((2, -3), (1.0, 1.0)), [[('K.36 Musicalion', 'P1', 2, (7, 9), (3, 1.0), (3, 2.0)), ('K.36 Musicalion', 'P1', 2, (10, 12), (4, 1.0), (4, 2.0)), ('K.36 Musicalion', 'P1', 2, (13, 15), (5, 1.0), (5, 2.0))], [('K.36 Musicalion', 'P1', 2, (95, 97), (25, 3.0), (26, 1.0)), ('K.36 Musicalion', 'P1', 2, (98, 100), (26, 3.0), (27, 1.0))]]) 

13 .    (((-5, 5, -6), (0.5, 0.5, 0.5)), [[('K.36 Musicalion', 'P1', 2, (81, 84), (22, 1.5), (22, 2.5)), ('K.36 Musicalion', 'P1', 2, (85, 88), (22, 3.5), (23, 1.5))], [('K.36 Musicalion', 'P1', 2, (170, 173), (50, 2.5), (50, 3.5)), ('K.36 Musicalion', 'P1', 2, (174, 177), (51, 1.5), (51, 2.5))], [('K.36 Musicalion', 'P1', 2, (182, 185), (52, 2.5), (52, 3.5)), ('K.36 Musicalion', 'P1', 2, (186, 189), (53, 1.5), (53, 2.5))], [('K.36 Musicalion', 'P1', 2, (264, 267), (70, 2.5), (70, 3.5)), ('K.36 Musicalion', 'P1', 2, (268, 271), (71, 1.5), (71, 2.5))]]) 

14 .    (((-4, 4, -5), (0.5, 0.5, 0.5)), [[('K.36 Musicalion', 'P1', 2, (44, 47), (13, 1.5), (13, 2.5)), ('K.36 Musicalion', 'P1', 2, (48, 51), (13, 3.5), (14, 1.5))]]) 

15 .    (((-3, 4, -5), (0.5, 0.5, 0.5)), [[('K.36 Musicalion', 'P1', 2, (220, 223), (58, 3.5), (59, 1.5)), ('K.36 Musicalion', 'P1', 2, (224, 227), (59, 2.5), (59, 3.5))], [('K.36 Musicalion', 'P1', 2, (302, 305), (76, 3.5), (77, 1.5)), ('K.36 Musicalion', 'P1', 2, (306, 309), (77, 2.5), (77, 3.5))]]) 

16 .    (((-7, 2, 5), (1.0, 1.0, 0.5)), [[('K.36 Musicalion', 'P1', 1, (10, 13), (3, 2.0), (4, 1.0)), ('K.36 Musicalion', 'P1', 1, (14, 17), (4, 2.0), (5, 1.0))]]) 

17 .    (((2, 2), (1.0, 1.0)), [[('K.36 Musicalion', 'P1', 2, (242, 244), (65, 1.0), (65, 2.0)), ('K.36 Musicalion', 'P1', 2, (245, 247), (66, 1.0), (66, 2.0))]]) 

