1.    nomes:
K.16 Musicalion

2.    quantidade:
1

3.    analise:
[('intDia', 'p1p2'), ('duracao', 'p1p2'), ('Ptempo', 'p1')] SemContInte Distancia: 0

1.    ((2, -2, 4, -2, 4, -2, 5, -9, 2, -2, 4, -2, 4, -2, 4, -8, 2, -2, 4, -2, 4, -2, 5, -9, 2, -2, 4, -2, 4, -2, 4, -4, -3, -3, -2), (0.25, 0.25, 0.25, 0.25, 0.25, 0.25, 0.25, 0.25, 0.25, 0.25, 0.25, 0.25, 0.25, 0.25, 0.25, 0.25, 0.25, 0.25, 0.25, 0.25, 0.25, 0.25, 0.25, 0.25, 0.25, 0.25, 0.25, 0.25, 0.25, 0.25, 0.25, 0.25, 0.25, 0.25, 0.25), (0.25,)):
('K.16 Musicalion', 'P1', 1, (424, 459), (71,), (2.25,), (75,), (2.75,))
('K.16 Musicalion', 'P1', 1, (584, 619), (97,), (2.25,), (101,), (2.75,))

2.    ((2, 2, 2, 2, 2, -3, -2, 2, 1, 2, -2, 2, -2, 2, -2, 2, -5, 2, 2, 2, 2, 2, -3, -2, 2, 1, 2, -2, 2, -2, 2, -2, 2), (0.25, 0.12, 0.12, 0.25, 0.25, 0.25, 0.25, 0.25, 0.25, 0.25, 0.25, 0.25, 0.25, 0.25, 0.25, 0.25, 0.25, 0.25, 0.12, 0.12, 0.25, 0.25, 0.25, 0.25, 0.25, 0.25, 0.25, 0.25, 0.25, 0.25, 0.25, 0.25, 0.25), (0.0,)):
('K.16 Musicalion', 'P1', 1, (68, 101), (14,), (1.0,), (17,), (2.5,))
('K.16 Musicalion', 'P1', 1, (102, 135), (18,), (1.0,), (21,), (2.5,))

3.    ((1, -2, -3, 2, 2, 2, 2, 2, -2, 2, 2, -2, 2, 2, -8, 1, 1, 2, 2, 2, 2, 2, -2, 2, 2, -2, 2, 2), (0.25, 0.5, 1.5, 0.25, 0.12, 0.12, 0.25, 0.25, 0.12, 0.12, 0.25, 0.12, 0.12, 0.25, 0.5, 0.5, 1.0, 0.25, 0.12, 0.12, 0.25, 0.25, 0.12, 0.12, 0.25, 0.12, 0.12, 0.25), (0.75,)):
('K.16 Musicalion', 'P1', 1, (28, 56), (5,), (2.75,), (9,), (2.75,))
('K.16 Musicalion', 'P1', 1, (381, 409), (63,), (1.75,), (67,), (1.75,))

4.    ((-5, 2, -2, 6, -6, -2, 3, 2, -6, 3, -2, -2, -5, 2, -2, 6, -6, -2, 6, -3, 6, -4, -2), (0.25, 0.25, 0.25, 0.25, 0.5, 0.25, 0.25, 0.25, 0.25, 0.25, 0.5, 0.75, 0.25, 0.25, 0.25, 0.25, 0.5, 0.25, 0.25, 0.25, 0.25, 0.25, 0.5), (0.25,)):
('K.16 Musicalion', 'P1', 1, (180, 203), (30,), (1.25,), (33,), (2.0,))
('K.16 Musicalion', 'P1', 1, (308, 331), (51,), (1.25,), (54,), (2.0,))

5.    ((-8, -8, 8, 8, 4, -3, -2, -8, -8, 8, 8, 4, -3, -2, 3, -5, 3, -5, 3), (0.5, 0.5, 0.5, 1.0, 0.5, 0.5, 0.5, 0.5, 0.5, 0.5, 1.0, 0.5, 0.5, 0.5, 0.25, 0.25, 0.25, 0.25, 0.25), (0.0,)):
('K.16 Musicalion', 'P1', 3, (10, 29), (6,), (1.0,), (10,), (2.0,))
('K.16 Musicalion', 'P1', 3, (210, 229), (64,), (2.0,), (68,), (1.0,))

6.    ((2, 2, 2, 3, -2, -5, 4, -5, 2, -8, 2, 8, 2, -3, 4, -5, 2, -8, 2), (0.5, 0.5, 0.5, 0.5, 0.5, 0.5, 0.5, 0.5, 0.5, 0.5, 0.5, 0.5, 0.5, 0.5, 0.5, 0.5, 0.5, 0.5, 0.5), (0.5,)):
('K.16 Musicalion', 'P1', 3, (165, 184), (48,), (1.5,), (52,), (2.5,))
('K.16 Musicalion', 'P1', 3, (354, 373), (101,), (2.5,), (105,), (1.5,))

7.    ((-2, -2, -2, -2, -2, -2, -2, -2, -2, -2, -2, -2, -2, 5, -2, 1), (0.25, 0.25, 0.25, 0.25, 0.25, 0.25, 0.25, 0.25, 0.12, 0.12, 0.12, 0.12, 0.12, 0.12, 0.75, 0.25), (0.25,)):
('K.16 Musicalion', 'P1', 1, (344, 360), (57,), (2.25,), (58,), (1.75,))
('K.16 Musicalion', 'P1', 1, (664, 680), (110,), (2.25,), (111,), (1.75,))

8.    ((-4, -3, -3, -2, 9, -3, -3, -4, 1, 8, -4, -3, -3, -2), (0.25, 0.25, 0.25, 0.25, 1.0, 0.25, 0.25, 0.25, 0.25, 1.0, 0.25, 0.25, 0.25, 0.25), (0.0,)):
('K.16 Musicalion', 'P1', 1, (136, 150), (22,), (1.0,), (24,), (1.75,))
('K.16 Musicalion', 'P1', 1, (151, 165), (25,), (1.0,), (27,), (1.75,))

9.    ((-2, -2, 6, -2, -2, -2, 2, -2, -2, -2, -2, -2, 2, -2), (0.5, 0.5, 0.5, 0.5, 0.12, 0.12, 0.25, 0.5, 0.5, 0.5, 0.12, 0.12, 0.25, 0.5), (0.0,)):
('K.16 Musicalion', 'P1', 1, (220, 234), (37,), (2.0,), (39,), (2.5,))
('K.16 Musicalion', 'P1', 1, (569, 583), (94,), (1.0,), (96,), (1.5,))

10.    ((-2, 2, -4, 1, -5, -2, 7, -2, -4, -2, 6, -2), (1.0, 0.75, 0.25, 1.75, 0.25, 0.25, 0.25, 0.25, 0.25, 0.25, 0.25, 0.25), (0.0,)):
('K.16 Musicalion', 'P1', 1, (0, 12), (1,), (1.0,), (3,), (2.5,))
('K.16 Musicalion', 'P1', 1, (361, 373), (60,), (2.0,), (62,), (1.5,))

11.    ((-2, 2, -5, 3, -2, -5, 8, -2, 2, -5, 3), (0.5, 0.5, 0.5, 0.5, 0.5, 0.5, 1.0, 0.5, 0.5, 0.5, 0.5), (0.5,)):
('K.16 Musicalion', 'P1', 3, (129, 140), (34,), (2.5,), (37,), (2.0,))
('K.16 Musicalion', 'P1', 3, (320, 331), (91,), (1.5,), (94,), (1.0,))

12.    ((2, 2, -7, 8, 3, -3, -11, 8, 2, 2), (0.5, 0.5, 0.5, 0.5, 0.5, 0.5, 0.5, 0.5, 0.5, 0.5), (0.5,)):
('K.16 Musicalion', 'P1', 3, (83, 93), (22,), (1.5,), (24,), (2.0,))
('K.16 Musicalion', 'P1', 3, (95, 105), (25,), (1.5,), (27,), (2.0,))

13.    ((-2, -2, -2, 2, -2, -2, -2, -2, -2), (0.5, 0.12, 0.12, 0.25, 0.5, 0.5, 0.5, 0.12, 0.12), (0.5,)):
('K.16 Musicalion', 'P1', 1, (223, 232), (38,), (1.5,), (39,), (2.12,))
('K.16 Musicalion', 'P1', 1, (235, 244), (40,), (1.5,), (41,), (2.12,))
('K.16 Musicalion', 'P1', 1, (572, 581), (95,), (2.5,), (96,), (1.12,))
('K.16 Musicalion', 'P1', 3, (142, 151), (38,), (2.5,), (40,), (1.12,))
('K.16 Musicalion', 'P1', 3, (152, 161), (40,), (2.5,), (42,), (1.12,))

14.    ((8, 3, -3, -11, 8, 3, -3), (0.5, 0.5, 0.5, 0.5, 0.5, 0.5, 0.5), (0.0,)):
('K.16 Musicalion', 'P1', 3, (51, 58), (14,), (1.0,), (15,), (2.0,))
('K.16 Musicalion', 'P1', 3, (59, 66), (16,), (1.0,), (17,), (2.0,))
('K.16 Musicalion', 'P1', 3, (75, 82), (20,), (1.0,), (21,), (2.0,))

15.    ((5, -3, 6, -4, 6, -3, 5), (0.25, 0.25, 0.25, 0.25, 0.25, 0.25, 0.25), (0.0,)):
('K.16 Musicalion', 'P1', 1, (336, 343), (56,), (2.0,), (56,), (1.5,))
('K.16 Musicalion', 'P1', 3, (381, 388), (108,), (2.0,), (108,), (1.5,))

16.    ((3, -2, -2, 5, -7, 6), (0.25, 0.25, 0.25, 0.25, 0.25, 0.25), (0.0,)):
('K.16 Musicalion', 'P1', 1, (495, 501), (83,), (2.0,), (83,), (1.25,))
('K.16 Musicalion', 'P1', 1, (503, 509), (84,), (2.0,), (84,), (1.25,))

17.    ((-2, -2, -2, -2), (0.25, 0.25, 0.25, 0.25), (0.0,)):
('K.16 Musicalion', 'P1', 1, (347, 351), (57,), (1.0,), (57,), (1.75,))
('K.16 Musicalion', 'P1', 1, (419, 423), (70,), (1.0,), (70,), (1.75,))
('K.16 Musicalion', 'P1', 1, (483, 487), (80,), (2.0,), (80,), (2.75,))
('K.16 Musicalion', 'P1', 1, (663, 667), (110,), (2.0,), (110,), (2.75,))
('K.16 Musicalion', 'P1', 1, (667, 671), (110,), (1.0,), (110,), (1.75,))
('K.16 Musicalion', 'P1', 3, (278, 282), (81,), (2.0,), (81,), (2.75,))

18.    ((-3, 2, -3, 2), (0.25, 0.25, 0.25, 0.25), (0.0,)):
('K.16 Musicalion', 'P1', 1, (491, 495), (82,), (1.0,), (82,), (1.75,))
('K.16 Musicalion', 'P1', 1, (523, 527), (86,), (1.0,), (86,), (1.75,))

19.    ((-2, -2, -2, 6), (0.5, 0.5, 0.5, 0.5), (0.5,)):
('K.16 Musicalion', 'P1', 1, (219, 223), (37,), (1.5,), (38,), (1.0,))
('K.16 Musicalion', 'P1', 3, (300, 304), (86,), (2.5,), (87,), (2.0,))

20.    ((-2, 2, -4), (1.0, 0.75, 0.25), (0.0,)):
('K.16 Musicalion', 'P1', 1, (0, 3), (1,), (1.0,), (1,), (2.75,))
('K.16 Musicalion', 'P1', 1, (361, 364), (60,), (2.0,), (60,), (1.75,))
('K.16 Musicalion', 'P1', 3, (1, 4), (2,), (1.0,), (2,), (2.75,))
('K.16 Musicalion', 'P1', 3, (203, 206), (61,), (2.0,), (61,), (1.75,))

21.    ((6, -4, 6), (0.25, 0.25, 0.25), (0.0,)):
('K.16 Musicalion', 'P1', 1, (332, 335), (55,), (2.0,), (55,), (2.5,))
('K.16 Musicalion', 'P1', 1, (655, 658), (109,), (2.0,), (109,), (2.5,))

22.    ((-2, -2, -2), (1.0, 0.5, 0.5), (0.0,)):
('K.16 Musicalion', 'P1', 2, (0, 3), (35,), (1.0,), (35,), (2.5,))
('K.16 Musicalion', 'P1', 2, (5, 8), (37,), (1.0,), (37,), (2.5,))

23.    ((-3, 2, 3), (0.25, 0.25, 0.25), (0.0,)):
('K.16 Musicalion', 'P1', 2, (9, 12), (92,), (2.0,), (92,), (2.5,))
('K.16 Musicalion', 'P1', 2, (13, 16), (94,), (2.0,), (94,), (2.5,))

24.    ((-2, -2, -2), (0.5, 0.5, 0.5), (0.0,)):
('K.16 Musicalion', 'P1', 2, (1, 4), (35,), (2.0,), (36,), (1.0,))
('K.16 Musicalion', 'P1', 3, (297, 300), (85,), (1.0,), (86,), (2.0,))

25.    ((8, 3, -3), (0.5, 0.5, 0.5), (0.0,)):
('K.16 Musicalion', 'P1', 3, (67, 70), (18,), (1.0,), (18,), (2.0,))
('K.16 Musicalion', 'P1', 3, (71, 74), (19,), (1.0,), (19,), (2.0,))

26.    ((-2, -2), (0.25, 0.25), (0.25,)):
('K.16 Musicalion', 'P1', 1, (63, 65), (13,), (1.25,), (13,), (1.5,))
('K.16 Musicalion', 'P1', 1, (344, 346), (57,), (2.25,), (57,), (2.5,))
('K.16 Musicalion', 'P1', 1, (348, 350), (57,), (1.25,), (57,), (1.5,))
('K.16 Musicalion', 'P1', 1, (379, 381), (63,), (1.25,), (63,), (1.5,))
('K.16 Musicalion', 'P1', 1, (412, 414), (69,), (1.25,), (69,), (1.5,))
('K.16 Musicalion', 'P1', 1, (420, 422), (70,), (1.25,), (70,), (1.5,))
('K.16 Musicalion', 'P1', 1, (484, 486), (80,), (2.25,), (80,), (2.5,))
('K.16 Musicalion', 'P1', 1, (488, 490), (80,), (1.25,), (80,), (1.5,))
('K.16 Musicalion', 'P1', 1, (496, 498), (83,), (2.25,), (83,), (2.5,))
('K.16 Musicalion', 'P1', 1, (504, 506), (84,), (2.25,), (84,), (2.5,))
('K.16 Musicalion', 'P1', 1, (664, 666), (110,), (2.25,), (110,), (2.5,))
('K.16 Musicalion', 'P1', 1, (668, 670), (110,), (1.25,), (110,), (1.5,))
('K.16 Musicalion', 'P1', 3, (279, 281), (81,), (2.25,), (81,), (2.5,))
('K.16 Musicalion', 'P1', 3, (284, 286), (82,), (2.25,), (82,), (2.5,))
('K.16 Musicalion', 'P1', 4, (4, 6), (81,), (1.25,), (81,), (1.5,))

27.    ((-2, -2), (0.5, 0.5), (0.0,)):
('K.16 Musicalion', 'P1', 1, (551, 553), (90,), (1.0,), (90,), (1.5,))
('K.16 Musicalion', 'P1', 1, (560, 562), (92,), (1.0,), (92,), (1.5,))
('K.16 Musicalion', 'P1', 1, (569, 571), (94,), (1.0,), (94,), (1.5,))
('K.16 Musicalion', 'P1', 2, (1, 3), (35,), (2.0,), (35,), (2.5,))
('K.16 Musicalion', 'P1', 2, (6, 8), (37,), (2.0,), (37,), (2.5,))
('K.16 Musicalion', 'P1', 3, (126, 128), (33,), (2.0,), (33,), (2.5,))
('K.16 Musicalion', 'P1', 3, (297, 299), (85,), (1.0,), (85,), (1.5,))
('K.16 Musicalion', 'P1', 3, (299, 301), (86,), (2.0,), (86,), (2.5,))
('K.16 Musicalion', 'P1', 3, (301, 303), (86,), (1.0,), (86,), (1.5,))

28.    ((-5, 2), (0.5, 0.5), (0.0,)):
('K.16 Musicalion', 'P1', 3, (118, 120), (31,), (1.0,), (31,), (1.5,))
('K.16 Musicalion', 'P1', 3, (172, 174), (50,), (1.0,), (50,), (1.5,))
('K.16 Musicalion', 'P1', 3, (180, 182), (52,), (1.0,), (52,), (1.5,))
('K.16 Musicalion', 'P1', 3, (307, 309), (88,), (2.0,), (88,), (2.5,))
('K.16 Musicalion', 'P1', 3, (315, 317), (90,), (2.0,), (90,), (2.5,))
('K.16 Musicalion', 'P1', 3, (361, 363), (103,), (2.0,), (103,), (2.5,))
('K.16 Musicalion', 'P1', 3, (369, 371), (105,), (2.0,), (105,), (2.5,))
('K.16 Musicalion', 'P1', 3, (377, 379), (107,), (2.0,), (107,), (2.5,))
('K.16 Musicalion', 'P1', 4, (0, 2), (33,), (1.0,), (33,), (1.5,))

29.    ((-3, 2), (0.25, 0.25), (0.0,)):
('K.16 Musicalion', 'P1', 1, (423, 425), (71,), (2.0,), (71,), (2.25,))
('K.16 Musicalion', 'P1', 1, (491, 493), (82,), (1.0,), (82,), (1.25,))
('K.16 Musicalion', 'P1', 1, (511, 513), (85,), (2.0,), (85,), (2.25,))
('K.16 Musicalion', 'P1', 1, (515, 517), (85,), (1.0,), (85,), (1.25,))
('K.16 Musicalion', 'P1', 1, (519, 521), (86,), (2.0,), (86,), (2.25,))
('K.16 Musicalion', 'P1', 1, (523, 525), (86,), (1.0,), (86,), (1.25,))
('K.16 Musicalion', 'P1', 2, (9, 11), (92,), (2.0,), (92,), (2.25,))
('K.16 Musicalion', 'P1', 2, (13, 15), (94,), (2.0,), (94,), (2.25,))

30.    ((2, 8), (0.5, 0.5), (0.5,)):
('K.16 Musicalion', 'P1', 1, (203, 205), (33,), (2.5,), (34,), (1.0,))
('K.16 Musicalion', 'P1', 3, (113, 115), (29,), (2.5,), (30,), (1.0,))
('K.16 Musicalion', 'P1', 3, (175, 177), (50,), (2.5,), (51,), (1.0,))
('K.16 Musicalion', 'P1', 3, (237, 239), (69,), (1.5,), (70,), (2.0,))
('K.16 Musicalion', 'P1', 3, (310, 312), (88,), (1.5,), (89,), (2.0,))
('K.16 Musicalion', 'P1', 3, (364, 366), (103,), (1.5,), (104,), (2.0,))
('K.16 Musicalion', 'P1', 3, (372, 374), (105,), (1.5,), (106,), (2.0,))

31.    ((-2, 8), (0.25, 0.25), (0.0,)):
('K.16 Musicalion', 'P1', 1, (13, 15), (4,), (1.0,), (4,), (1.25,))
('K.16 Musicalion', 'P1', 1, (374, 376), (63,), (2.0,), (63,), (2.25,))

32.    (((5, 2), (3, -2)), ((0.0, 0.5), (0.0, 1.5)), (0.5,)):
('K.16 Musicalion', 'P1', 1, (57, 59), (10,), (2.5,), (11,), (1.0,))
('K.16 Musicalion', 'P1', 1, (59, 61), (11,), (2.5,), (12,), (1.0,))

33.    ((-2, -5), (0.25, 0.25), (0.5,)):
('K.16 Musicalion', 'P1', 1, (19, 21), (4,), (2.5,), (4,), (2.75,))
('K.16 Musicalion', 'P1', 3, (285, 287), (82,), (2.5,), (82,), (2.75,))

34.    ((2, -4), (0.5, 0.5), (0.5,)):
('K.16 Musicalion', 'P1', 3, (197, 199), (57,), (1.5,), (58,), (2.0,))
('K.16 Musicalion', 'P1', 3, (391, 393), (110,), (1.5,), (111,), (2.0,))

35.    ((-8, 4), (0.5, 0.5), (0.0,)):
('K.16 Musicalion', 'P1', 3, (200, 202), (58,), (1.0,), (58,), (1.5,))
('K.16 Musicalion', 'P1', 3, (394, 396), (111,), (1.0,), (111,), (1.5,))

36.    ((3, 2), (0.5, 0.5), (0.0,)):
('K.16 Musicalion', 'P1', 3, (236, 238), (69,), (1.0,), (69,), (1.5,))
('K.16 Musicalion', 'P1', 3, (274, 276), (80,), (2.0,), (80,), (2.5,))

37.    (((7, 1), (6, 1)), ((0.0, 0.5), (0.0, 0.5)), (0.0,)):
('K.16 Musicalion', 'P1', 3, (287, 289), (82,), (1.0,), (82,), (1.5,))
('K.16 Musicalion', 'P1', 3, (293, 295), (84,), (1.0,), (84,), (1.5,))

38.    ((2,), (0.5,), (0.5,)):
('K.16 Musicalion', 'P1', 1, (203, 204), (33,), (2.5,), (33,), (2.5,))
('K.16 Musicalion', 'P1', 3, (83, 84), (22,), (1.5,), (22,), (1.5,))
('K.16 Musicalion', 'P1', 3, (91, 92), (24,), (1.5,), (24,), (1.5,))
('K.16 Musicalion', 'P1', 3, (95, 96), (25,), (1.5,), (25,), (1.5,))
('K.16 Musicalion', 'P1', 3, (103, 104), (27,), (1.5,), (27,), (1.5,))
('K.16 Musicalion', 'P1', 3, (105, 106), (27,), (2.5,), (27,), (2.5,))
('K.16 Musicalion', 'P1', 3, (107, 108), (28,), (1.5,), (28,), (1.5,))
('K.16 Musicalion', 'P1', 3, (109, 110), (28,), (2.5,), (28,), (2.5,))
('K.16 Musicalion', 'P1', 3, (111, 112), (29,), (1.5,), (29,), (1.5,))
('K.16 Musicalion', 'P1', 3, (113, 114), (29,), (2.5,), (29,), (2.5,))
('K.16 Musicalion', 'P1', 3, (115, 116), (30,), (1.5,), (30,), (1.5,))
('K.16 Musicalion', 'P1', 3, (119, 120), (31,), (1.5,), (31,), (1.5,))
('K.16 Musicalion', 'P1', 3, (121, 122), (31,), (2.5,), (31,), (2.5,))
('K.16 Musicalion', 'P1', 3, (123, 124), (32,), (1.5,), (32,), (1.5,))
('K.16 Musicalion', 'P1', 3, (165, 166), (48,), (1.5,), (48,), (1.5,))
('K.16 Musicalion', 'P1', 3, (167, 168), (48,), (2.5,), (48,), (2.5,))
('K.16 Musicalion', 'P1', 3, (173, 174), (50,), (1.5,), (50,), (1.5,))
('K.16 Musicalion', 'P1', 3, (175, 176), (50,), (2.5,), (50,), (2.5,))
('K.16 Musicalion', 'P1', 3, (177, 178), (51,), (1.5,), (51,), (1.5,))
('K.16 Musicalion', 'P1', 3, (181, 182), (52,), (1.5,), (52,), (1.5,))
('K.16 Musicalion', 'P1', 3, (183, 184), (52,), (2.5,), (52,), (2.5,))
('K.16 Musicalion', 'P1', 3, (185, 186), (53,), (1.5,), (53,), (1.5,))
('K.16 Musicalion', 'P1', 3, (189, 190), (54,), (1.5,), (54,), (1.5,))
('K.16 Musicalion', 'P1', 3, (197, 198), (57,), (1.5,), (57,), (1.5,))
('K.16 Musicalion', 'P1', 3, (237, 238), (69,), (1.5,), (69,), (1.5,))
('K.16 Musicalion', 'P1', 3, (247, 248), (72,), (1.5,), (72,), (1.5,))
('K.16 Musicalion', 'P1', 3, (255, 256), (75,), (2.5,), (75,), (2.5,))
('K.16 Musicalion', 'P1', 3, (259, 260), (76,), (2.5,), (76,), (2.5,))
('K.16 Musicalion', 'P1', 3, (263, 264), (77,), (2.5,), (77,), (2.5,))
('K.16 Musicalion', 'P1', 3, (267, 268), (78,), (2.5,), (78,), (2.5,))
('K.16 Musicalion', 'P1', 3, (269, 270), (78,), (1.5,), (78,), (1.5,))
('K.16 Musicalion', 'P1', 3, (271, 272), (79,), (2.5,), (79,), (2.5,))
('K.16 Musicalion', 'P1', 3, (273, 274), (79,), (1.5,), (79,), (1.5,))
('K.16 Musicalion', 'P1', 3, (275, 276), (80,), (2.5,), (80,), (2.5,))
('K.16 Musicalion', 'P1', 3, (304, 305), (87,), (2.5,), (87,), (2.5,))
('K.16 Musicalion', 'P1', 3, (306, 307), (87,), (1.5,), (87,), (1.5,))
('K.16 Musicalion', 'P1', 3, (308, 309), (88,), (2.5,), (88,), (2.5,))
('K.16 Musicalion', 'P1', 3, (310, 311), (88,), (1.5,), (88,), (1.5,))
('K.16 Musicalion', 'P1', 3, (312, 313), (89,), (2.5,), (89,), (2.5,))
('K.16 Musicalion', 'P1', 3, (316, 317), (90,), (2.5,), (90,), (2.5,))
('K.16 Musicalion', 'P1', 3, (346, 347), (98,), (1.5,), (98,), (1.5,))
('K.16 Musicalion', 'P1', 3, (354, 355), (101,), (2.5,), (101,), (2.5,))
('K.16 Musicalion', 'P1', 3, (356, 357), (101,), (1.5,), (101,), (1.5,))
('K.16 Musicalion', 'P1', 3, (362, 363), (103,), (2.5,), (103,), (2.5,))
('K.16 Musicalion', 'P1', 3, (364, 365), (103,), (1.5,), (103,), (1.5,))
('K.16 Musicalion', 'P1', 3, (366, 367), (104,), (2.5,), (104,), (2.5,))
('K.16 Musicalion', 'P1', 3, (370, 371), (105,), (2.5,), (105,), (2.5,))
('K.16 Musicalion', 'P1', 3, (372, 373), (105,), (1.5,), (105,), (1.5,))
('K.16 Musicalion', 'P1', 3, (374, 375), (106,), (2.5,), (106,), (2.5,))
('K.16 Musicalion', 'P1', 3, (378, 379), (107,), (2.5,), (107,), (2.5,))
('K.16 Musicalion', 'P1', 3, (391, 392), (110,), (1.5,), (110,), (1.5,))
('K.16 Musicalion', 'P1', 4, (1, 2), (33,), (1.5,), (33,), (1.5,))

39.    ((2,), (0.25,), (0.25,)):
('K.16 Musicalion', 'P1', 1, (38, 39), (7,), (2.25,), (7,), (2.25,))
('K.16 Musicalion', 'P1', 1, (52, 53), (9,), (2.25,), (9,), (2.25,))
('K.16 Musicalion', 'P1', 1, (187, 188), (31,), (1.25,), (31,), (1.25,))
('K.16 Musicalion', 'P1', 1, (208, 209), (34,), (2.25,), (34,), (2.25,))
('K.16 Musicalion', 'P1', 1, (217, 218), (36,), (2.25,), (36,), (2.25,))
('K.16 Musicalion', 'P1', 1, (226, 227), (38,), (2.25,), (38,), (2.25,))
('K.16 Musicalion', 'P1', 1, (232, 233), (39,), (2.25,), (39,), (2.25,))
('K.16 Musicalion', 'P1', 1, (238, 239), (40,), (2.25,), (40,), (2.25,))
('K.16 Musicalion', 'P1', 1, (244, 245), (41,), (2.25,), (41,), (2.25,))
('K.16 Musicalion', 'P1', 1, (261, 262), (44,), (1.25,), (44,), (1.25,))
('K.16 Musicalion', 'P1', 1, (277, 278), (46,), (1.25,), (46,), (1.25,))
('K.16 Musicalion', 'P1', 1, (315, 316), (52,), (1.25,), (52,), (1.25,))
('K.16 Musicalion', 'P1', 1, (391, 392), (65,), (1.25,), (65,), (1.25,))
('K.16 Musicalion', 'P1', 1, (405, 406), (67,), (1.25,), (67,), (1.25,))
('K.16 Musicalion', 'P1', 1, (416, 417), (70,), (2.25,), (70,), (2.25,))
('K.16 Musicalion', 'P1', 1, (424, 425), (71,), (2.25,), (71,), (2.25,))
('K.16 Musicalion', 'P1', 1, (432, 433), (72,), (2.25,), (72,), (2.25,))
('K.16 Musicalion', 'P1', 1, (440, 441), (73,), (2.25,), (73,), (2.25,))
('K.16 Musicalion', 'P1', 1, (448, 449), (74,), (2.25,), (74,), (2.25,))
('K.16 Musicalion', 'P1', 1, (492, 493), (82,), (1.25,), (82,), (1.25,))
('K.16 Musicalion', 'P1', 1, (512, 513), (85,), (2.25,), (85,), (2.25,))
('K.16 Musicalion', 'P1', 1, (516, 517), (85,), (1.25,), (85,), (1.25,))
('K.16 Musicalion', 'P1', 1, (520, 521), (86,), (2.25,), (86,), (2.25,))
('K.16 Musicalion', 'P1', 1, (524, 525), (86,), (1.25,), (86,), (1.25,))
('K.16 Musicalion', 'P1', 1, (536, 537), (88,), (2.25,), (88,), (2.25,))
('K.16 Musicalion', 'P1', 1, (548, 549), (90,), (2.25,), (90,), (2.25,))
('K.16 Musicalion', 'P1', 1, (575, 576), (95,), (1.25,), (95,), (1.25,))
('K.16 Musicalion', 'P1', 1, (581, 582), (96,), (1.25,), (96,), (1.25,))
('K.16 Musicalion', 'P1', 1, (584, 585), (97,), (2.25,), (97,), (2.25,))
('K.16 Musicalion', 'P1', 1, (592, 593), (98,), (2.25,), (98,), (2.25,))
('K.16 Musicalion', 'P1', 1, (600, 601), (99,), (2.25,), (99,), (2.25,))
('K.16 Musicalion', 'P1', 1, (608, 609), (100,), (2.25,), (100,), (2.25,))
('K.16 Musicalion', 'P1', 1, (638, 639), (105,), (2.25,), (105,), (2.25,))
('K.16 Musicalion', 'P1', 1, (650, 651), (107,), (2.25,), (107,), (2.25,))
('K.16 Musicalion', 'P1', 2, (10, 11), (92,), (2.25,), (92,), (2.25,))
('K.16 Musicalion', 'P1', 2, (14, 15), (94,), (2.25,), (94,), (2.25,))
('K.16 Musicalion', 'P1', 3, (145, 146), (39,), (1.25,), (39,), (1.25,))
('K.16 Musicalion', 'P1', 3, (155, 156), (41,), (1.25,), (41,), (1.25,))
('K.16 Musicalion', 'P1', 3, (337, 338), (96,), (2.25,), (96,), (2.25,))

40.    ((-8,), (0.5,), (0.0,)):
('K.16 Musicalion', 'P1', 1, (42, 43), (8,), (1.0,), (8,), (1.0,))
('K.16 Musicalion', 'P1', 1, (395, 396), (66,), (2.0,), (66,), (2.0,))
('K.16 Musicalion', 'P1', 3, (10, 11), (6,), (1.0,), (6,), (1.0,))
('K.16 Musicalion', 'P1', 3, (17, 18), (8,), (1.0,), (8,), (1.0,))
('K.16 Musicalion', 'P1', 3, (112, 113), (29,), (2.0,), (29,), (2.0,))
('K.16 Musicalion', 'P1', 3, (120, 121), (31,), (2.0,), (31,), (2.0,))
('K.16 Musicalion', 'P1', 3, (174, 175), (50,), (2.0,), (50,), (2.0,))
('K.16 Musicalion', 'P1', 3, (182, 183), (52,), (2.0,), (52,), (2.0,))
('K.16 Musicalion', 'P1', 3, (190, 191), (54,), (2.0,), (54,), (2.0,))
('K.16 Musicalion', 'P1', 3, (200, 201), (58,), (1.0,), (58,), (1.0,))
('K.16 Musicalion', 'P1', 3, (210, 211), (64,), (2.0,), (64,), (2.0,))
('K.16 Musicalion', 'P1', 3, (217, 218), (66,), (2.0,), (66,), (2.0,))
('K.16 Musicalion', 'P1', 3, (242, 243), (71,), (2.0,), (71,), (2.0,))
('K.16 Musicalion', 'P1', 3, (245, 246), (72,), (2.0,), (72,), (2.0,))
('K.16 Musicalion', 'P1', 3, (248, 249), (73,), (2.0,), (73,), (2.0,))
('K.16 Musicalion', 'P1', 3, (251, 252), (74,), (2.0,), (74,), (2.0,))
('K.16 Musicalion', 'P1', 3, (276, 277), (80,), (1.0,), (80,), (1.0,))
('K.16 Musicalion', 'P1', 3, (309, 310), (88,), (1.0,), (88,), (1.0,))
('K.16 Musicalion', 'P1', 3, (317, 318), (90,), (1.0,), (90,), (1.0,))
('K.16 Musicalion', 'P1', 3, (344, 345), (98,), (2.0,), (98,), (2.0,))
('K.16 Musicalion', 'P1', 3, (347, 348), (99,), (2.0,), (99,), (2.0,))
('K.16 Musicalion', 'P1', 3, (350, 351), (100,), (2.0,), (100,), (2.0,))
('K.16 Musicalion', 'P1', 3, (363, 364), (103,), (1.0,), (103,), (1.0,))
('K.16 Musicalion', 'P1', 3, (371, 372), (105,), (1.0,), (105,), (1.0,))
('K.16 Musicalion', 'P1', 3, (379, 380), (107,), (1.0,), (107,), (1.0,))
('K.16 Musicalion', 'P1', 3, (394, 395), (111,), (1.0,), (111,), (1.0,))

41.    ((-5,), (0.25,), (0.75,)):
('K.16 Musicalion', 'P1', 1, (4, 5), (2,), (2.75,), (2,), (2.75,))
('K.16 Musicalion', 'P1', 1, (84, 85), (15,), (2.75,), (15,), (2.75,))
('K.16 Musicalion', 'P1', 1, (118, 119), (19,), (2.75,), (19,), (2.75,))
('K.16 Musicalion', 'P1', 1, (169, 170), (28,), (1.75,), (28,), (1.75,))
('K.16 Musicalion', 'P1', 1, (177, 178), (29,), (1.75,), (29,), (1.75,))
('K.16 Musicalion', 'P1', 1, (365, 366), (61,), (1.75,), (61,), (1.75,))
('K.16 Musicalion', 'P1', 1, (478, 479), (79,), (2.75,), (79,), (2.75,))
('K.16 Musicalion', 'P1', 1, (530, 531), (87,), (2.75,), (87,), (2.75,))
('K.16 Musicalion', 'P1', 1, (628, 629), (103,), (2.75,), (103,), (2.75,))
('K.16 Musicalion', 'P1', 3, (27, 28), (10,), (1.75,), (10,), (1.75,))
('K.16 Musicalion', 'P1', 3, (31, 32), (10,), (2.75,), (10,), (2.75,))
('K.16 Musicalion', 'P1', 3, (35, 36), (11,), (1.75,), (11,), (1.75,))
('K.16 Musicalion', 'P1', 3, (39, 40), (11,), (2.75,), (11,), (2.75,))
('K.16 Musicalion', 'P1', 3, (43, 44), (12,), (1.75,), (12,), (1.75,))
('K.16 Musicalion', 'P1', 3, (47, 48), (12,), (2.75,), (12,), (2.75,))
('K.16 Musicalion', 'P1', 3, (227, 228), (68,), (2.75,), (68,), (2.75,))
('K.16 Musicalion', 'P1', 3, (231, 232), (68,), (1.75,), (68,), (1.75,))
('K.16 Musicalion', 'P1', 3, (235, 236), (69,), (2.75,), (69,), (2.75,))

42.    ((-5,), (0.25,), (0.25,)):
('K.16 Musicalion', 'P1', 1, (167, 168), (28,), (1.25,), (28,), (1.25,))
('K.16 Musicalion', 'P1', 1, (180, 181), (30,), (1.25,), (30,), (1.25,))
('K.16 Musicalion', 'P1', 1, (192, 193), (32,), (1.25,), (32,), (1.25,))
('K.16 Musicalion', 'P1', 1, (308, 309), (51,), (1.25,), (51,), (1.25,))
('K.16 Musicalion', 'P1', 1, (320, 321), (53,), (1.25,), (53,), (1.25,))
('K.16 Musicalion', 'P1', 1, (476, 477), (79,), (2.25,), (79,), (2.25,))
('K.16 Musicalion', 'P1', 1, (528, 529), (87,), (2.25,), (87,), (2.25,))
('K.16 Musicalion', 'P1', 1, (541, 542), (89,), (2.25,), (89,), (2.25,))
('K.16 Musicalion', 'P1', 1, (643, 644), (106,), (2.25,), (106,), (2.25,))
('K.16 Musicalion', 'P1', 3, (25, 26), (10,), (1.25,), (10,), (1.25,))
('K.16 Musicalion', 'P1', 3, (29, 30), (10,), (2.25,), (10,), (2.25,))
('K.16 Musicalion', 'P1', 3, (33, 34), (11,), (1.25,), (11,), (1.25,))
('K.16 Musicalion', 'P1', 3, (37, 38), (11,), (2.25,), (11,), (2.25,))
('K.16 Musicalion', 'P1', 3, (41, 42), (12,), (1.25,), (12,), (1.25,))
('K.16 Musicalion', 'P1', 3, (45, 46), (12,), (2.25,), (12,), (2.25,))
('K.16 Musicalion', 'P1', 3, (225, 226), (68,), (2.25,), (68,), (2.25,))
('K.16 Musicalion', 'P1', 3, (233, 234), (69,), (2.25,), (69,), (2.25,))

43.    ((3,), (0.25,), (0.0,)):
('K.16 Musicalion', 'P1', 1, (186, 187), (31,), (1.0,), (31,), (1.0,))
('K.16 Musicalion', 'P1', 1, (314, 315), (52,), (1.0,), (52,), (1.0,))
('K.16 Musicalion', 'P1', 1, (495, 496), (83,), (2.0,), (83,), (2.0,))
('K.16 Musicalion', 'P1', 1, (503, 504), (84,), (2.0,), (84,), (2.0,))
('K.16 Musicalion', 'P1', 1, (547, 548), (90,), (2.0,), (90,), (2.0,))
('K.16 Musicalion', 'P1', 1, (637, 638), (105,), (2.0,), (105,), (2.0,))
('K.16 Musicalion', 'P1', 1, (649, 650), (107,), (2.0,), (107,), (2.0,))
('K.16 Musicalion', 'P1', 3, (24, 25), (10,), (1.0,), (10,), (1.0,))
('K.16 Musicalion', 'P1', 3, (28, 29), (10,), (2.0,), (10,), (2.0,))
('K.16 Musicalion', 'P1', 3, (32, 33), (11,), (1.0,), (11,), (1.0,))
('K.16 Musicalion', 'P1', 3, (36, 37), (11,), (2.0,), (11,), (2.0,))
('K.16 Musicalion', 'P1', 3, (40, 41), (12,), (1.0,), (12,), (1.0,))
('K.16 Musicalion', 'P1', 3, (44, 45), (12,), (2.0,), (12,), (2.0,))
('K.16 Musicalion', 'P1', 3, (224, 225), (68,), (2.0,), (68,), (2.0,))
('K.16 Musicalion', 'P1', 3, (228, 229), (68,), (1.0,), (68,), (1.0,))
('K.16 Musicalion', 'P1', 3, (232, 233), (69,), (2.0,), (69,), (2.0,))

44.    ((2,), (0.5,), (0.0,)):
('K.16 Musicalion', 'P1', 1, (213, 214), (36,), (1.0,), (36,), (1.0,))
('K.16 Musicalion', 'P1', 3, (84, 85), (22,), (2.0,), (22,), (2.0,))
('K.16 Musicalion', 'P1', 3, (92, 93), (24,), (2.0,), (24,), (2.0,))
('K.16 Musicalion', 'P1', 3, (96, 97), (25,), (2.0,), (25,), (2.0,))
('K.16 Musicalion', 'P1', 3, (104, 105), (27,), (2.0,), (27,), (2.0,))
('K.16 Musicalion', 'P1', 3, (166, 167), (48,), (2.0,), (48,), (2.0,))
('K.16 Musicalion', 'P1', 3, (256, 257), (75,), (1.0,), (75,), (1.0,))
('K.16 Musicalion', 'P1', 3, (260, 261), (76,), (1.0,), (76,), (1.0,))
('K.16 Musicalion', 'P1', 3, (264, 265), (77,), (1.0,), (77,), (1.0,))
('K.16 Musicalion', 'P1', 3, (268, 269), (78,), (1.0,), (78,), (1.0,))
('K.16 Musicalion', 'P1', 3, (355, 356), (101,), (1.0,), (101,), (1.0,))

45.    ((-2,), (1.0,), (0.0,)):
('K.16 Musicalion', 'P1', 1, (0, 1), (1,), (1.0,), (1,), (1.0,))
('K.16 Musicalion', 'P1', 1, (165, 166), (27,), (2.0,), (27,), (2.0,))
('K.16 Musicalion', 'P1', 1, (301, 302), (49,), (2.0,), (49,), (2.0,))
('K.16 Musicalion', 'P1', 1, (361, 362), (60,), (2.0,), (60,), (2.0,))
('K.16 Musicalion', 'P1', 1, (474, 475), (78,), (1.0,), (78,), (1.0,))
('K.16 Musicalion', 'P1', 1, (624, 625), (102,), (1.0,), (102,), (1.0,))
('K.16 Musicalion', 'P1', 2, (0, 1), (35,), (1.0,), (35,), (1.0,))
('K.16 Musicalion', 'P1', 2, (5, 6), (37,), (1.0,), (37,), (1.0,))
('K.16 Musicalion', 'P1', 3, (1, 2), (2,), (1.0,), (2,), (1.0,))
('K.16 Musicalion', 'P1', 3, (203, 204), (61,), (2.0,), (61,), (2.0,))

46.    ((3,), (0.25,), (0.5,)):
('K.16 Musicalion', 'P1', 2, (11, 12), (92,), (2.5,), (92,), (2.5,))
('K.16 Musicalion', 'P1', 2, (15, 16), (94,), (2.5,), (94,), (2.5,))
('K.16 Musicalion', 'P1', 3, (26, 27), (10,), (1.5,), (10,), (1.5,))
('K.16 Musicalion', 'P1', 3, (34, 35), (11,), (1.5,), (11,), (1.5,))
('K.16 Musicalion', 'P1', 3, (42, 43), (12,), (1.5,), (12,), (1.5,))
('K.16 Musicalion', 'P1', 3, (226, 227), (68,), (2.5,), (68,), (2.5,))
('K.16 Musicalion', 'P1', 3, (230, 231), (68,), (1.5,), (68,), (1.5,))
('K.16 Musicalion', 'P1', 3, (234, 235), (69,), (2.5,), (69,), (2.5,))

47.    ((1,), (1.0,), (0.0,)):
('K.16 Musicalion', 'P1', 1, (44, 45), (8,), (2.0,), (8,), (2.0,))
('K.16 Musicalion', 'P1', 1, (397, 398), (66,), (1.0,), (66,), (1.0,))
('K.16 Musicalion', 'P1', 1, (409, 410), (68,), (2.0,), (68,), (2.0,))
('K.16 Musicalion', 'P1', 1, (410, 411), (68,), (1.0,), (68,), (1.0,))
('K.16 Musicalion', 'P1', 3, (6, 7), (4,), (1.0,), (4,), (1.0,))

48.    ((2,), (1.0,), (0.0,)):
('K.16 Musicalion', 'P1', 3, (5, 6), (3,), (2.0,), (3,), (2.0,))
('K.16 Musicalion', 'P1', 3, (7, 8), (4,), (2.0,), (4,), (2.0,))
('K.16 Musicalion', 'P1', 3, (9, 10), (5,), (2.0,), (5,), (2.0,))
('K.16 Musicalion', 'P1', 3, (206, 207), (62,), (2.0,), (62,), (2.0,))
('K.16 Musicalion', 'P1', 3, (207, 208), (62,), (1.0,), (62,), (1.0,))

49.    ((1,), (0.5,), (0.0,)):
('K.16 Musicalion', 'P1', 1, (234, 235), (40,), (1.0,), (40,), (1.0,))
('K.16 Musicalion', 'P1', 3, (122, 123), (32,), (1.0,), (32,), (1.0,))
('K.16 Musicalion', 'P1', 3, (184, 185), (53,), (1.0,), (53,), (1.0,))

50.    ((-6,), (0.25,), (0.5,)):
('K.16 Musicalion', 'P1', 1, (27, 28), (5,), (2.5,), (5,), (2.5,))
('K.16 Musicalion', 'P1', 1, (501, 502), (83,), (1.5,), (83,), (1.5,))

51.    ((4,), (0.25,), (0.75,)):
('K.16 Musicalion', 'P1', 1, (135, 136), (21,), (2.75,), (21,), (2.75,))
('K.16 Musicalion', 'P1', 1, (510, 511), (84,), (1.75,), (84,), (1.75,))

52.    ((2,), (0.25,), (0.75,)):
('K.16 Musicalion', 'P1', 1, (247, 248), (42,), (1.75,), (42,), (1.75,))
('K.16 Musicalion', 'P1', 1, (414, 415), (69,), (1.75,), (69,), (1.75,))

53.    ((-3,), (0.25,), (0.75,)):
('K.16 Musicalion', 'P1', 1, (373, 374), (62,), (1.75,), (62,), (1.75,))
('K.16 Musicalion', 'P1', 1, (658, 659), (109,), (2.75,), (109,), (2.75,))

54.    ((12,), (1.0,), (0.0,)):
('K.16 Musicalion', 'P1', 1, (459, 460), (75,), (1.0,), (75,), (1.0,))
('K.16 Musicalion', 'P1', 1, (469, 470), (77,), (1.0,), (77,), (1.0,))

55.    ((-5,), (0.25,), (0.5,)):
('K.16 Musicalion', 'P1', 1, (509, 510), (84,), (1.5,), (84,), (1.5,))
('K.16 Musicalion', 'P1', 1, (537, 538), (88,), (2.5,), (88,), (2.5,))

56.    ((15,), (0.5,), (0.0,)):
('K.16 Musicalion', 'P1', 1, (553, 554), (91,), (2.0,), (91,), (2.0,))
('K.16 Musicalion', 'P1', 3, (164, 165), (48,), (1.0,), (48,), (1.0,))

57.    ((-3,), (1.0,), (0.0,)):
('K.16 Musicalion', 'P1', 3, (4, 5), (3,), (1.0,), (3,), (1.0,))
('K.16 Musicalion', 'P1', 3, (208, 209), (63,), (2.0,), (63,), (2.0,))

58.    ((-5,), (0.5,), (0.5,)):
('K.16 Musicalion', 'P1', 3, (58, 59), (15,), (2.5,), (15,), (2.5,))
('K.16 Musicalion', 'P1', 3, (191, 192), (54,), (2.5,), (54,), (2.5,))

59.    ((-4,), (0.5,), (0.5,)):
('K.16 Musicalion', 'P1', 3, (70, 71), (18,), (2.5,), (18,), (2.5,))
('K.16 Musicalion', 'P1', 3, (199, 200), (58,), (2.5,), (58,), (2.5,))

60.    ((1,), (4.0,), (0.0,)):
('K.16 Musicalion', 'P1', 3, (162, 163), (44,), (1.0,), (44,), (1.0,))
('K.16 Musicalion', 'P1', 3, (163, 164), (46,), (1.0,), (46,), (1.0,))

61.    (((5, 1),), ((0.0, 0.5),), (0.0,)):
('K.16 Musicalion', 'P1', 3, (290, 291), (83,), (1.0,), (83,), (1.0,))
('K.16 Musicalion', 'P1', 3, (295, 296), (85,), (2.0,), (85,), (2.0,))

