1 .    ('nomes', 'K.93 KernScores') 

2 .    ('quantidade', 1) 

3 .    ('analise', 'recorręncias IntDiaDurPcompasso sem contidos e intercalados') 

1 .    (((2, 2, 2, -2, -2, -2, -2, -2, -2, -2, -2, -3, 1, 1, 4, 2, 2, 2, 2, 2, 2, -3, 2), (0.25, 0.25, 0.25, 0.25, 0.25, 0.25, 0.25, 0.25, 0.25, 0.25, 0.25, 0.5, 0.5, 0.5, 0.5, 0.25, 0.25, 0.25, 0.25, 0.25, 0.25, 0.25, 0.25), (2.25, 2.5, 2.75, 1.0, 1.25, 1.5, 1.75, 2.0, 2.25, 2.5, 2.75, 1.0, 1.5, 2.0, 2.5, 1.0, 1.25, 1.5, 1.75, 2.0, 2.25, 2.5, 2.75)), [('K.93 KernScores', 'P2', 1, (19, 42), (4, 2.25), (7, 2.75)), ('K.93 KernScores', 'P2', 1, (47, 70), (8, 2.25), (11, 2.75))]) 

2 .    (((2, 2, -3, -2, -2, -2, -2, -2, -2, -2, -2, -2, 2, 2, 2, 2), (0.25, 0.25, 0.25, 0.25, 0.25, 0.25, 0.25, 0.25, 0.25, 0.25, 0.25, 0.25, 0.25, 0.25, 0.25, 0.25), (2.0, 2.25, 2.5, 2.75, 1.0, 1.25, 1.5, 1.75, 2.0, 2.25, 2.5, 2.75, 1.0, 1.25, 1.5, 1.75)), [('K.93 KernScores', 'P1', 1, (80, 96), (20, 2.0), (22, 1.75)), ('K.93 KernScores', 'P1', 1, (278, 294), (62, 2.0), (64, 1.75))]) 

3 .    (((-2, -2, -2, -2, (8, 7), -2, -2, -2, (8, 7), -2, -2, -2, -2, -2, -2, -2), (0.25, 0.25, 0.25, 0.25, (0.0, 0.25), 0.25, 0.25, 0.25, (0.0, 0.25), 0.25, 0.25, 0.25, 0.25, 0.25, 0.25, 0.25), (2.0, 2.25, 2.5, 2.75, 1.0, 1.25, 1.5, 1.75, 2.0, 2.25, 2.5, 2.75, 1.0, 1.25, 1.5, 1.75)), [('K.93 KernScores', 'P2', 1, (505, 521), (84, 2.0), (86, 1.75)), ('K.93 KernScores', 'P2', 1, (555, 571), (92, 2.0), (94, 1.75))]) 

4 .    (((1, 1, 1, 1, 1, 1, 1, 1, 1, 1, 1, 1, 1, 1, 1), (0.5, 0.5, 0.5, 0.5, 0.5, 0.5, 0.5, 0.5, 0.5, 0.5, 0.5, 0.5, 0.5, 0.5, 0.5), (1.5, 2.0, 2.5, 1.0, 1.5, 2.0, 2.5, 1.0, 1.5, 2.0, 2.5, 1.0, 1.5, 2.0, 2.5)), [('K.93 KernScores', 'P2', 1, (616, 631), (102, 1.5), (105, 2.5)), ('K.93 KernScores', 'P2', 1, (632, 647), (106, 1.5), (109, 2.5))]) 

5 .    (((2, 2, 2, 5, -3, -3, -3, 1, 2, -2, -2, 2, 2, 2, 2), (0.25, 0.25, 0.25, 1.0, 1.0, 0.5, 0.5, 0.0, 1.0, 0.0, 0.0, 0.25, 0.25, 0.25, 0.25), (1.25, 1.5, 1.75, 2.0, 1.0, 2.0, 2.5, 1.0, 1.0, 2.0, 2.0, 2.0, 2.25, 2.5, 2.75)), [('K.93 KernScores', 'P1', 1, (98, 113), (23, 1.25), (25, 2.75)), ('K.93 KernScores', 'P2', 1, (112, 127), (20, 1.25), (22, 2.75))]) 

6 .    ((((3, -2), (3, -2), (3, -2), (6, -2), (6, 3), (3, -2), (3, -2), (6, -2), (6, -2), (6, -2), (6, 3), (3, -2), (3, -2), (6, -2), (6, 3)), ((0.0, 0.25), (0.0, 0.25), (0.0, 0.25), (0.0, 0.25), (0.0, 0.25), (0.0, 0.25), (0.0, 0.25), (0.0, 0.25), (0.0, 0.25), (0.0, 0.25), (0.0, 0.25), (0.0, 0.25), (0.0, 0.25), (0.0, 0.25), (0.0, 0.25)), (1.0, 1.25, 1.5, 1.75, 2.0, 2.25, 2.5, 2.75, 1.0, 1.25, 1.5, 1.75, 2.0, 2.25, 2.5)), [('K.93 KernScores', 'P1', 1, (504, 519), (105, 1.0), (106, 2.5)), ('K.93 KernScores', 'P1', 1, (520, 535), (107, 1.0), (108, 2.5))]) 

7 .    (((-3, 3, 2, 2, -8, 2, 2, 2, 2, 2, -3, 4, 2, -2, -2), (0.25, 0.25, 0.25, 0.25, 0.25, 0.25, 0.25, 0.25, 0.25, 0.25, 0.25, 0.25, 0.25, 0.25, 0.25), (1.0, 1.25, 1.5, 1.75, 2.0, 2.25, 2.5, 2.75, 1.0, 1.25, 1.5, 1.75, 2.0, 2.25, 2.5)), [('K.93 KernScores', 'P2', 1, (262, 277), (47, 1.0), (48, 2.5)), ('K.93 KernScores', 'P2', 1, (278, 293), (49, 1.0), (50, 2.5))]) 

8 .    (((4, -2, -3, -3, 1, -2, 2, 2, 2, 2, 2, 2, -3, 2), (1.0, 1.0, 0.5, 0.5, 0.0, 1.0, 0.25, 0.25, 0.25, 0.25, 0.25, 0.25, 0.25, 0.25), (1.0, 2.0, 1.0, 1.5, 2.0, 2.0, 1.0, 1.25, 1.5, 1.75, 2.0, 2.25, 2.5, 2.75)), [('K.93 KernScores', 'P1', 1, (1, 15), (4, 1.0), (6, 2.75)), ('K.93 KernScores', 'P2', 1, (92, 106), (16, 1.0), (18, 2.75)), ('K.93 KernScores', 'P2', 1, (302, 316), (52, 1.0), (54, 2.75))]) 

9 .    (((5, -3, -3, -3, 1, -2, 2, 2, 2, 2, 2, 2, -3, 2), (1.0, 1.0, 0.5, 0.5, 0.0, 1.0, 0.25, 0.25, 0.25, 0.25, 0.25, 0.25, 0.25, 0.25), (1.0, 2.0, 1.0, 1.5, 2.0, 2.0, 1.0, 1.25, 1.5, 1.75, 2.0, 2.25, 2.5, 2.75)), [('K.93 KernScores', 'P1', 1, (18, 32), (8, 1.0), (10, 2.75)), ('K.93 KernScores', 'P2', 1, (0, 14), (1, 1.0), (3, 2.75))]) 

10 .    (((-2, -2, -2, -2, -2, 6, -2, -2, -2, -2, -2, -2), (0.25, 0.25, 0.25, 0.25, 0.25, 0.5, 0.25, 0.25, 0.25, 0.25, 0.25, 0.25), (1.25, 1.5, 1.75, 2.0, 2.25, 2.5, 1.0, 1.25, 1.5, 1.75, 2.0, 2.25)), [('K.93 KernScores', 'P1', 2, (159, 171), (93, 1.25), (94, 2.25)), ('K.93 KernScores', 'P1', 2, (173, 185), (95, 1.25), (96, 2.25))]) 

11 .    ((((3, 2), (3, 2), (3, 2), (3, -3), (3, 2), (3, 2), (3, 2), (3, -3), (6, 2), (6, 2), (6, 2), (6, -3)), ((0.0, 0.25), (0.0, 0.25), (0.0, 0.25), (0.0, 0.25), (0.0, 0.25), (0.0, 0.25), (0.0, 0.25), (0.0, 0.25), (0.0, 0.25), (0.0, 0.25), (0.0, 0.25), (0.0, 0.25)), (1.75, 2.0, 2.25, 2.5, 2.75, 1.0, 1.25, 1.5, 1.75, 2.0, 2.25, 2.5)), [('K.93 KernScores', 'P1', 1, (483, 495), (102, 1.75), (103, 2.5)), ('K.93 KernScores', 'P1', 1, (547, 559), (110, 1.75), (111, 2.5))]) 

12 .    (((2, 2, 2, 2, 2, 2, -2, -2, -2, -2, -2, -2), (0.25, 0.25, 0.25, 0.25, 0.25, 0.25, 0.75, 0.25, 0.25, 0.25, 0.25, 0.25), (1.5, 1.75, 2.0, 2.25, 2.5, 2.75, 1.0, 1.75, 2.0, 2.25, 2.5, 2.75)), [('K.93 KernScores', 'P2', 1, (156, 168), (27, 1.5), (28, 2.75)), ('K.93 KernScores', 'P2', 1, (444, 456), (73, 1.5), (74, 2.75))]) 

13 .    ((((6, 2), (6, 2), (6, -2), (6, -2), (6, -2), (8, 9), 2, -2, (3, -2), (3, -2), (3, 2)), ((0.0, 0.25), (0.0, 0.25), (0.0, 0.25), (0.0, 0.5), (0.0, 0.25), (0.0, 0.5), 0.25, 0.25, (0.0, 0.25), (0.0, 0.5), (0.0, 0.25)), (2.5, 2.75, 1.0, 1.25, 1.75, 2.0, 2.5, 2.75, 1.0, 1.25, 1.75)), [('K.93 KernScores', 'P1', 1, (415, 426), (87, 2.5), (89, 1.75)), ('K.93 KernScores', 'P1', 1, (433, 444), (90, 2.5), (92, 1.75))]) 

14 .    (((-2, -2, -2, (8, 7), -2, -2, -2, -2, -2, -2, -2), (0.25, 0.25, 0.25, (0.0, 0.25), 0.25, 0.25, 0.25, 0.25, 0.25, 0.25, 0.25), (2.25, 2.5, 2.75, 1.0, 1.25, 1.5, 1.75, 2.0, 2.25, 2.5, 2.75)), [('K.93 KernScores', 'P2', 1, (407, 418), (68, 2.25), (69, 2.75)), ('K.93 KernScores', 'P2', 1, (536, 547), (89, 2.25), (90, 2.75))]) 

15 .    (((-2, -2, -2, -2, -2, -2, -2, -2, -2, -2, -2), (0.25, 0.25, 0.25, 0.25, 0.25, 0.25, 0.25, 0.25, 0.25, 0.25, 0.25), (2.25, 2.5, 2.75, 1.0, 1.25, 1.5, 1.75, 2.0, 2.25, 2.5, 2.75)), [('K.93 KernScores', 'P2', 1, (580, 591), (95, 2.25), (96, 2.75)), ('K.93 KernScores', 'P2', 1, (604, 615), (100, 2.25), (101, 2.75))]) 

16 .    (((-3, -3, 1, 2, -2, -2, 2, 2, 2, 2), (0.5, 0.5, 0.0, 1.0, 0.0, 0.0, 0.25, 0.25, 0.25, 0.25), (2.0, 2.5, 1.0, 1.0, 2.0, 2.0, 2.0, 2.25, 2.5, 2.75)), [('K.93 KernScores', 'P2', 1, (171, 181), (30, 2.0), (31, 2.75)), ('K.93 KernScores', 'P2', 1, (215, 225), (38, 2.0), (39, 2.75))]) 

17 .    (((-2, -2, -2, -2, -2, -2, -2, -2, -2, -2), (0.25, 0.25, 0.25, 0.25, 0.25, 0.25, 0.25, 0.25, 0.25, 0.25), (1.0, 1.25, 1.5, 1.75, 2.0, 2.25, 2.5, 2.75, 1.0, 1.25)), [('K.93 KernScores', 'P1', 2, (86, 96), (60, 1.0), (61, 1.25)), ('K.93 KernScores', 'P2', 1, (357, 367), (61, 1.0), (62, 1.25))]) 

18 .    (((1, -2, 2, 2, 2, 2, 2, 2, -3), (0.0, 1.0, 0.25, 0.25, 0.25, 0.25, 0.25, 0.25, 0.25), (2.0, 2.0, 1.0, 1.25, 1.5, 1.75, 2.0, 2.25, 2.5)), [('K.93 KernScores', 'P1', 1, (33, 42), (11, 2.0), (12, 2.5)), ('K.93 KernScores', 'P2', 1, (252, 261), (45, 2.0), (46, 2.5))]) 

19 .    (((-2, -2, -2, -2, -2, -2, -2, -2), (0.25, 0.25, 0.25, 0.25, 0.25, 0.25, 0.25, 0.25), (1.0, 1.25, 1.5, 1.75, 2.0, 2.25, 2.5, 2.75)), [('K.93 KernScores', 'P1', 1, (337, 345), (74, 1.0), (74, 2.75)), ('K.93 KernScores', 'P2', 1, (81, 89), (14, 1.0), (14, 2.75))]) 

20 .    (((-2, -2, -2, -2, -2, -2, -2, -2), (0.25, 0.25, 0.25, 0.25, 0.25, 0.25, 0.25, 0.25), (2.0, 2.25, 2.5, 2.75, 1.0, 1.25, 1.5, 1.75)), [('K.93 KernScores', 'P2', 1, (136, 144), (24, 2.0), (25, 1.75)), ('K.93 KernScores', 'P2', 1, (347, 355), (59, 2.0), (60, 1.75))]) 

21 .    (((2, 2, -3, 2, 2, 2, 2, 2), (0.25, 0.25, 0.25, 0.25, 0.25, 0.25, 0.25, 0.25), (1.0, 1.25, 1.5, 1.75, 2.0, 2.25, 2.5, 2.75)), [('K.93 KernScores', 'P1', 1, (296, 304), (65, 1.0), (65, 2.75)), ('K.93 KernScores', 'P2', 1, (381, 389), (65, 1.0), (65, 2.75))]) 

22 .    (((-2, -2, -2, -2, 2, 2, 2, 2), (0.25, 0.25, 0.25, 0.25, 0.25, 0.25, 0.25, 0.25), (1.0, 1.25, 1.5, 1.75, 2.0, 2.25, 2.5, 2.75)), [('K.93 KernScores', 'P1', 1, (58, 66), (17, 1.0), (17, 2.75)), ('K.93 KernScores', 'P1', 1, (365, 373), (79, 1.0), (79, 2.75))]) 

23 .    (((2, 2, 2, 2, -2, 2, -3, 2), (0.25, 0.25, 0.25, 0.25, 0.25, 0.25, 0.25, 0.25), (2.0, 2.25, 2.5, 2.75, 1.0, 1.25, 1.5, 1.75)), [('K.93 KernScores', 'P1', 2, (135, 143), (81, 2.0), (82, 1.75)), ('K.93 KernScores', 'P2', 1, (492, 500), (81, 2.0), (82, 1.75))]) 

24 .    (((2, 2, 2, 2, 2, 2, 2, -8), (0.25, 0.25, 0.25, 0.25, 0.25, 0.25, 0.25, 0.25), (1.25, 1.5, 1.75, 2.0, 2.25, 2.5, 2.75, 1.0)), [('K.93 KernScores', 'P2', 1, (147, 155), (26, 1.25), (27, 1.0)), ('K.93 KernScores', 'P2', 1, (325, 333), (56, 1.25), (57, 1.0))]) 

25 .    (((2, 2, 2, 2, 2, 2, 2), (0.25, 0.25, 0.25, 0.25, 0.25, 0.25, 0.25), (1.0, 1.25, 1.5, 1.75, 2.0, 2.25, 2.5)), [('K.93 KernScores', 'P1', 2, (103, 110), (67, 1.0), (67, 2.5)), ('K.93 KernScores', 'P2', 1, (73, 80), (13, 1.0), (13, 2.5)), ('K.93 KernScores', 'P2', 1, (294, 301), (51, 1.0), (51, 2.5))]) 

26 .    (((3, 2, 2, -2, -2, 3, -2), (2.0, 0.25, 0.25, 0.75, 0.25, 0.25, 0.25), (1.0, 1.0, 1.25, 1.5, 2.25, 2.5, 2.75)), [('K.93 KernScores', 'P1', 1, (210, 217), (45, 1.0), (46, 2.75)), ('K.93 KernScores', 'P1', 1, (245, 252), (53, 1.0), (54, 2.75))]) 

27 .    (((-2, -2, -2, -2, -2, -2, 4), (0.75, 0.25, 0.25, 0.25, 0.25, 0.25, 0.5), (2.0, 2.75, 1.0, 1.25, 1.5, 1.75, 2.0)), [('K.93 KernScores', 'P1', 1, (453, 460), (96, 2.0), (97, 2.0)), ('K.93 KernScores', 'P2', 1, (336, 343), (57, 2.0), (58, 2.0))]) 

28 .    (((-2, -2, 3, -2, 3, -2, -2), (0.25, 0.25, 0.25, 0.25, 0.25, 0.25, 0.25), (1.0, 1.25, 1.5, 1.75, 2.0, 2.25, 2.5)), [('K.93 KernScores', 'P1', 1, (462, 469), (98, 1.0), (98, 2.5)), ('K.93 KernScores', 'P1', 2, (196, 203), (99, 1.0), (99, 2.5))]) 

29 .    (((-2, -2, -2, -2, 3, -2, -2), (0.25, 0.25, 0.25, 0.25, 0.25, 0.25, 0.25), (1.0, 1.25, 1.5, 1.75, 2.0, 2.25, 2.5)), [('K.93 KernScores', 'P1', 2, (51, 58), (45, 1.0), (45, 2.5)), ('K.93 KernScores', 'P1', 2, (59, 66), (53, 1.0), (53, 2.5))]) 

30 .    (((2, 2, 2, -8, 2, 2, 2), (0.25, 0.25, 0.25, 0.25, 0.25, 0.25, 0.25), (2.25, 2.5, 2.75, 1.0, 1.25, 1.5, 1.75)), [('K.93 KernScores', 'P2', 1, (227, 234), (40, 2.25), (41, 1.75)), ('K.93 KernScores', 'P2', 1, (235, 242), (41, 2.25), (42, 1.75))]) 

31 .    (((-2, -2, -2, -2, -2, -2), (0.25, 0.25, 0.25, 0.25, 0.25, 0.25), (1.0, 1.25, 1.5, 1.75, 2.0, 2.25)), [('K.93 KernScores', 'P1', 2, (75, 81), (58, 1.0), (58, 2.25)), ('K.93 KernScores', 'P1', 2, (186, 192), (97, 1.0), (97, 2.25))]) 

32 .    (((-2, -2, -2, -2, -2, -2), (0.25, 0.25, 0.25, 0.25, 0.25, 0.25), (2.0, 2.25, 2.5, 2.75, 1.0, 1.25)), [('K.93 KernScores', 'P1', 1, (153, 159), (33, 2.0), (34, 1.25)), ('K.93 KernScores', 'P1', 1, (319, 325), (69, 2.0), (70, 1.25))]) 

33 .    (((2, 2, 2, 2, 2, 2), (0.25, 0.25, 0.25, 0.25, 0.25, 0.25), (2.0, 2.25, 2.5, 2.75, 1.0, 1.25)), [('K.93 KernScores', 'P2', 1, (393, 399), (66, 2.0), (67, 1.25)), ('K.93 KernScores', 'P2', 1, (478, 484), (79, 2.0), (80, 1.25))]) 

34 .    (((2, 2, -3, 2, 2, 2), (0.25, 0.25, 0.25, 0.25, 0.25, 0.25), (1.0, 1.25, 1.5, 1.75, 2.0, 2.25)), [('K.93 KernScores', 'P1', 1, (123, 129), (29, 1.0), (29, 2.25)), ('K.93 KernScores', 'P1', 1, (229, 235), (51, 1.0), (51, 2.25))]) 

35 .    (((2, -2, -2, -2, -2, 4), (0.5, 0.25, 0.25, 0.25, 0.25, 0.5), (1.5, 2.0, 2.25, 2.5, 2.75, 1.0)), [('K.93 KernScores', 'P2', 1, (528, 534), (88, 1.5), (89, 1.0)), ('K.93 KernScores', 'P2', 1, (548, 554), (91, 1.5), (92, 1.0))]) 

36 .    (((-2, -2, -2, -2, -2), (0.25, 0.25, 0.25, 0.25, 0.25), (1.25, 1.5, 1.75, 2.0, 2.25)), [('K.93 KernScores', 'P1', 2, (148, 153), (83, 1.25), (83, 2.25)), ('K.93 KernScores', 'P2', 1, (317, 322), (55, 1.25), (55, 2.25))]) 

37 .    (((-2, -2, -2, -2, -2), (0.25, 0.25, 0.25, 0.25, 0.25), (2.75, 1.0, 1.25, 1.5, 1.75)), [('K.93 KernScores', 'P1', 1, (130, 135), (29, 2.75), (30, 1.75)), ('K.93 KernScores', 'P1', 1, (327, 332), (70, 2.75), (71, 1.75)), ('K.93 KernScores', 'P2', 1, (574, 579), (94, 2.75), (95, 1.75))]) 

38 .    (((-2, -2, 2, 2, 2), (0.25, 0.25, 0.25, 0.25, 0.25), (2.5, 2.75, 1.0, 1.25, 1.5)), [('K.93 KernScores', 'P1', 2, (13, 18), (28, 2.5), (29, 1.5)), ('K.93 KernScores', 'P2', 1, (196, 201), (34, 2.5), (35, 1.5))]) 

39 .    (((-2, -2, 2, 2, 2), (0.5, 0.5, 0.25, 0.25, 0.25), (1.0, 1.5, 2.0, 2.25, 2.5)), [('K.93 KernScores', 'P1', 1, (72, 77), (19, 1.0), (19, 2.5)), ('K.93 KernScores', 'P1', 1, (190, 195), (42, 1.0), (42, 2.5))]) 

40 .    (((-2, 2, 2, 2, 2), (1.0, 0.25, 0.25, 0.25, 0.25), (1.0, 2.0, 2.25, 2.5, 2.75)), [('K.93 KernScores', 'P1', 1, (147, 152), (32, 1.0), (32, 2.75)), ('K.93 KernScores', 'P1', 1, (166, 171), (36, 1.0), (36, 2.75))]) 

41 .    (((2, 2, 2, 2, -2), (0.25, 0.25, 0.25, 0.25, 0.5), (1.0, 1.25, 1.5, 1.75, 2.0)), [('K.93 KernScores', 'P1', 1, (180, 185), (40, 1.0), (40, 2.0)), ('K.93 KernScores', 'P1', 1, (196, 201), (43, 1.0), (43, 2.0))]) 

42 .    (((-4, 2, -2, -2, -2), (0.25, 0.25, 0.5, 0.5, 0.5), (1.0, 1.25, 1.5, 2.0, 2.5)), [('K.93 KernScores', 'P1', 1, (560, 565), (112, 1.0), (112, 2.5)), ('K.93 KernScores', 'P1', 2, (213, 218), (113, 1.0), (113, 2.5))]) 

43 .    (((-2, -2, -2, -2), (0.25, 0.25, 0.25, 0.25), (1.0, 1.25, 1.5, 1.75)), [('K.93 KernScores', 'P1', 2, (125, 129), (79, 1.0), (79, 1.75)), ('K.93 KernScores', 'P2', 1, (206, 210), (36, 1.0), (36, 1.75)), ('K.93 KernScores', 'P2', 1, (402, 406), (68, 1.0), (68, 1.75))]) 

44 .    (((-2, -2, -2, -2), (0.25, 0.25, 0.25, 0.25), (2.0, 2.25, 2.5, 2.75)), [('K.93 KernScores', 'P1', 1, (266, 270), (59, 2.0), (59, 2.75)), ('K.93 KernScores', 'P2', 1, (470, 474), (78, 2.0), (78, 2.75)), ('K.93 KernScores', 'P2', 1, (592, 596), (97, 2.0), (97, 2.75))]) 

45 .    (((2, 2, 2, 2), (0.25, 0.25, 0.25, 0.25), (1.0, 1.25, 1.5, 1.75)), [('K.93 KernScores', 'P1', 1, (175, 179), (39, 1.0), (39, 1.75)), ('K.93 KernScores', 'P1', 2, (0, 4), (15, 1.0), (15, 1.75)), ('K.93 KernScores', 'P1', 2, (20, 24), (32, 1.0), (32, 1.75)), ('K.93 KernScores', 'P1', 2, (130, 134), (80, 1.0), (80, 1.75)), ('K.93 KernScores', 'P2', 1, (186, 190), (33, 1.0), (33, 1.75))]) 

46 .    (((2, 2, 2, 2), (0.25, 0.25, 0.25, 0.25), (2.0, 2.25, 2.5, 2.75)), [('K.93 KernScores', 'P1', 1, (306, 310), (66, 2.0), (66, 2.75)), ('K.93 KernScores', 'P2', 1, (438, 442), (72, 2.0), (72, 2.75))]) 

47 .    (((-2, -2, -2, -2), (0.25, 0.25, 0.25, 0.25), (1.5, 1.75, 2.0, 2.25)), [('K.93 KernScores', 'P1', 1, (271, 275), (61, 1.5), (61, 2.25)), ('K.93 KernScores', 'P1', 2, (67, 71), (55, 1.5), (55, 2.25))]) 

48 .    (((-2, -2, -2, -2), (0.25, 0.25, 0.25, 0.25), (1.75, 2.0, 2.25, 2.5)), [('K.93 KernScores', 'P1', 1, (205, 209), (44, 1.75), (44, 2.5)), ('K.93 KernScores', 'P1', 1, (312, 316), (68, 1.75), (68, 2.5))]) 

49 .    (((2, 2, 2, -3), (0.25, 0.25, 0.25, 0.25), (1.75, 2.0, 2.25, 2.5)), [('K.93 KernScores', 'P1', 1, (67, 71), (18, 1.75), (18, 2.5)), ('K.93 KernScores', 'P2', 1, (421, 425), (70, 1.75), (70, 2.5))]) 

50 .    (((-2, -2, -2, 2), (0.25, 0.25, 0.25, 0.25), (1.25, 1.5, 1.75, 2.0)), [('K.93 KernScores', 'P1', 1, (140, 144), (31, 1.25), (31, 2.0)), ('K.93 KernScores', 'P1', 2, (221, 225), (115, 1.25), (115, 2.0))]) 

51 .    ((((6, -2), (6, -2), (6, -2), (6, -2)), ((0.0, 0.25), (0.0, 0.25), (0.0, 0.25), (0.0, 0.25)), (1.0, 1.25, 1.5, 1.75)), [('K.93 KernScores', 'P1', 1, (390, 394), (84, 1.0), (84, 1.75)), ('K.93 KernScores', 'P1', 1, (410, 414), (87, 1.0), (87, 1.75))]) 

52 .    (((3, 2, 2, -8), (0.25, 0.25, 0.25, 0.25), (2.25, 2.5, 2.75, 1.0)), [('K.93 KernScores', 'P2', 1, (129, 133), (23, 2.25), (24, 1.0)), ('K.93 KernScores', 'P2', 1, (431, 435), (71, 2.25), (72, 1.0))]) 

53 .    (((-2, -2, -2), (0.25, 0.25, 0.25), (1.25, 1.5, 1.75)), [('K.93 KernScores', 'P2', 1, (15, 18), (4, 1.25), (4, 1.75)), ('K.93 KernScores', 'P2', 1, (457, 460), (75, 1.25), (75, 1.75))]) 

54 .    (((-2, -2, -2), (0.25, 0.25, 0.25), (2.25, 2.5, 2.75)), [('K.93 KernScores', 'P1', 1, (136, 139), (30, 2.25), (30, 2.75)), ('K.93 KernScores', 'P1', 1, (259, 262), (57, 2.25), (57, 2.75)), ('K.93 KernScores', 'P2', 1, (524, 527), (87, 2.25), (87, 2.75))]) 

55 .    (((-2, -2, -2), (0.25, 0.25, 0.25), (2.0, 2.25, 2.5)), [('K.93 KernScores', 'P1', 1, (374, 377), (80, 2.0), (80, 2.5)), ('K.93 KernScores', 'P1', 1, (386, 389), (83, 2.0), (83, 2.5)), ('K.93 KernScores', 'P1', 2, (34, 37), (38, 2.0), (38, 2.5))]) 

56 .    (((2, 2, 2), (0.25, 0.25, 0.25), (1.25, 1.5, 1.75)), [('K.93 KernScores', 'P1', 2, (43, 46), (42, 1.25), (42, 1.75)), ('K.93 KernScores', 'P2', 1, (107, 110), (19, 1.25), (19, 1.75))]) 

57 .    (((2, 2, -3), (0.25, 0.25, 0.25), (1.0, 1.25, 1.5)), [('K.93 KernScores', 'P2', 1, (426, 429), (71, 1.0), (71, 1.5)), ('K.93 KernScores', 'P2', 1, (488, 491), (81, 1.0), (81, 1.5))]) 

58 .    (((-3, -3, 1), (0.5, 0.5, 0.0), (1.0, 1.5, 2.0)), [('K.93 KernScores', 'P1', 1, (219, 222), (48, 1.0), (48, 2.0)), ('K.93 KernScores', 'P1', 1, (476, 479), (101, 1.0), (101, 2.0))]) 

59 .    (((2, 2, -5), (0.25, 0.25, 0.25), (1.25, 1.5, 1.75)), [('K.93 KernScores', 'P1', 1, (360, 363), (78, 1.25), (78, 1.75)), ('K.93 KernScores', 'P2', 1, (182, 185), (32, 1.25), (32, 1.75))]) 

60 .    (((4, -2, -2), (0.25, 0.25, 0.25), (1.25, 1.5, 1.75)), [('K.93 KernScores', 'P1', 1, (51, 54), (16, 1.25), (16, 1.75)), ('K.93 KernScores', 'P1', 1, (238, 241), (52, 1.25), (52, 1.75))]) 

61 .    ((((6, 2), (6, 2), (6, 2)), ((0.0, 0.25), (0.0, 0.25), (0.0, 0.5)), (2.5, 2.75, 1.0)), [('K.93 KernScores', 'P1', 1, (395, 398), (84, 2.5), (85, 1.0)), ('K.93 KernScores', 'P1', 1, (401, 404), (85, 2.5), (86, 1.0))]) 

62 .    (((-2, -2, 2), (0.25, 0.25, 0.25), (2.25, 2.5, 2.75)), [('K.93 KernScores', 'P1', 1, (472, 475), (99, 2.25), (99, 2.75)), ('K.93 KernScores', 'P1', 2, (5, 8), (15, 2.25), (15, 2.75))]) 

63 .    (((-3, 2, -3), (0.25, 0.25, 0.25), (2.0, 2.25, 2.5)), [('K.93 KernScores', 'P1', 1, (567, 570), (113, 2.0), (113, 2.5)), ('K.93 KernScores', 'P1', 2, (209, 212), (112, 2.0), (112, 2.5))]) 

64 .    (((-2, -2, 2), (0.25, 0.25, 0.25), (1.25, 1.5, 1.75)), [('K.93 KernScores', 'P1', 2, (26, 29), (37, 1.25), (37, 1.75)), ('K.93 KernScores', 'P2', 1, (600, 603), (100, 1.25), (100, 1.75))]) 

65 .    (((-5, 4, -5), (0.5, 0.5, 0.5), (2.5, 1.0, 1.5)), [('K.93 KernScores', 'P2', 1, (461, 464), (75, 2.5), (76, 1.5)), ('K.93 KernScores', 'P2', 1, (465, 468), (76, 2.5), (77, 1.5))]) 

66 .    (((-2, -2), (0.25, 0.25), (2.25, 2.5)), [('K.93 KernScores', 'P1', 1, (427, 429), (89, 2.25), (89, 2.5)), ('K.93 KernScores', 'P1', 1, (573, 575), (115, 2.25), (115, 2.5))]) 

67 .    (((-2, -2), (0.25, 0.25), (1.0, 1.25)), [('K.93 KernScores', 'P1', 1, (202, 204), (44, 1.0), (44, 1.25)), ('K.93 KernScores', 'P1', 2, (9, 11), (28, 1.0), (28, 1.25)), ('K.93 KernScores', 'P1', 2, (99, 101), (62, 1.0), (62, 1.25)), ('K.93 KernScores', 'P1', 2, (111, 113), (69, 1.0), (69, 1.25)), ('K.93 KernScores', 'P1', 2, (155, 157), (90, 1.0), (90, 1.25))]) 

68 .    (((2, 2), (0.25, 0.25), (2.0, 2.25)), [('K.93 KernScores', 'P2', 1, (202, 204), (35, 2.0), (35, 2.25)), ('K.93 KernScores', 'P2', 1, (377, 379), (64, 2.0), (64, 2.25))]) 

69 .    (((2, 2), (0.25, 0.25), (1.25, 1.5)), [('K.93 KernScores', 'P1', 1, (172, 174), (38, 1.25), (38, 1.5)), ('K.93 KernScores', 'P1', 2, (38, 40), (41, 1.25), (41, 1.5))]) 

70 .    (((2, 2), (0.25, 0.25), (2.25, 2.5)), [('K.93 KernScores', 'P1', 2, (47, 49), (43, 2.25), (43, 2.5)), ('K.93 KernScores', 'P2', 1, (245, 247), (43, 2.25), (43, 2.5))]) 

71 .    (((2, -3), (0.25, 0.25), (2.25, 2.5)), [('K.93 KernScores', 'P1', 1, (55, 57), (16, 2.25), (16, 2.5)), ('K.93 KernScores', 'P1', 2, (144, 146), (82, 2.25), (82, 2.5))]) 

72 .    (((2, -3), (0.25, 0.25), (1.25, 1.5)), [('K.93 KernScores', 'P1', 1, (114, 116), (26, 1.25), (26, 1.5)), ('K.93 KernScores', 'P2', 1, (390, 392), (66, 1.25), (66, 1.5))]) 

73 .    (((-2, -2), (0.75, 0.25), (1.0, 1.75)), [('K.93 KernScores', 'P1', 1, (430, 432), (90, 1.0), (90, 1.75)), ('K.93 KernScores', 'P1', 2, (114, 116), (70, 1.0), (70, 1.75))]) 

74 .    (((-3, -3), (0.5, 0.5), (2.0, 2.5)), [('K.93 KernScores', 'P1', 1, (163, 165), (35, 2.0), (35, 2.5)), ('K.93 KernScores', 'P2', 1, (371, 373), (63, 2.0), (63, 2.5))]) 

75 .    ((((3, 2), (3, 2)), ((0.0, 0.25), (0.0, 0.25)), (1.75, 2.0)), [('K.93 KernScores', 'P1', 1, (499, 501), (104, 1.75), (104, 2.0)), ('K.93 KernScores', 'P1', 1, (539, 541), (109, 1.75), (109, 2.0))]) 

76 .    ((((3, -2), (3, -2)), ((0.0, 0.25), (0.0, 0.25)), (2.25, 2.5)), [('K.93 KernScores', 'P1', 1, (348, 350), (75, 2.25), (75, 2.5)), ('K.93 KernScores', 'P1', 1, (354, 356), (76, 2.25), (76, 2.5))]) 

77 .    ((((3, -2), (3, -2)), ((0.0, 0.25), (0.0, 0.25)), (1.25, 1.5)), [('K.93 KernScores', 'P1', 1, (351, 353), (76, 1.25), (76, 1.5)), ('K.93 KernScores', 'P1', 2, (119, 121), (77, 1.25), (77, 1.5))]) 

78 .    ((((3, -2), (3, 3)), ((0.0, 1.0), (0.0, 1.0)), (2.0, 1.0)), [('K.93 KernScores', 'P1', 1, (117, 119), (26, 2.0), (27, 1.0)), ('K.93 KernScores', 'P1', 1, (334, 336), (72, 2.0), (73, 1.0))]) 

79 .    (((-2, 4), (1.0, 0.5), (1.0, 2.0)), [('K.93 KernScores', 'P1', 1, (382, 384), (82, 1.0), (82, 2.0)), ('K.93 KernScores', 'P2', 2, (0, 2), (82, 1.0), (82, 2.0))]) 

80 .    ((((6, 2), (6, 2)), ((0.0, 0.25), (0.0, 0.25)), (1.0, 1.25)), [('K.93 KernScores', 'P1', 1, (496, 498), (104, 1.0), (104, 1.25)), ('K.93 KernScores', 'P1', 1, (544, 546), (110, 1.0), (110, 1.25))]) 

81 .    (((-2, -2), (0.5, 0.25), (2.0, 2.5)), [('K.93 KernScores', 'P1', 2, (193, 195), (98, 2.0), (98, 2.5)), ('K.93 KernScores', 'P2', 1, (663, 665), (114, 2.0), (114, 2.5))]) 

82 .    (((-2,), (0.25,), (2.25,)), [('K.93 KernScores', 'P1', 2, (117, 118), (70, 2.25), (70, 2.25)), ('K.93 KernScores', 'P2', 1, (572, 573), (94, 2.25), (94, 2.25))]) 

83 .    (((2,), (0.25,), (1.25,)), [('K.93 KernScores', 'P1', 1, (253, 254), (55, 1.25), (55, 1.25)), ('K.93 KernScores', 'P1', 1, (346, 347), (75, 1.25), (75, 1.25)), ('K.93 KernScores', 'P1', 2, (84, 85), (59, 1.25), (59, 1.25)), ('K.93 KernScores', 'P1', 2, (219, 220), (114, 1.25), (114, 1.25))]) 

84 .    (((-2,), (0.25,), (2.75,)), [('K.93 KernScores', 'P1', 1, (236, 237), (51, 2.75), (51, 2.75)), ('K.93 KernScores', 'P1', 2, (32, 33), (37, 2.75), (37, 2.75)), ('K.93 KernScores', 'P1', 2, (82, 83), (58, 2.75), (58, 2.75)), ('K.93 KernScores', 'P2', 1, (145, 146), (25, 2.75), (25, 2.75)), ('K.93 KernScores', 'P2', 1, (211, 212), (36, 2.75), (36, 2.75))]) 

85 .    (((-2,), (0.25,), (2.5,)), [('K.93 KernScores', 'P1', 2, (97, 98), (61, 2.5), (61, 2.5)), ('K.93 KernScores', 'P1', 2, (226, 227), (115, 2.5), (115, 2.5))]) 

86 .    (((-2,), (0.25,), (1.25,)), [('K.93 KernScores', 'P1', 1, (481, 482), (102, 1.25), (102, 1.25)), ('K.93 KernScores', 'P2', 1, (419, 420), (70, 1.25), (70, 1.25))]) 

87 .    (((2,), (0.25,), (1.75,)), [('K.93 KernScores', 'P2', 1, (45, 46), (8, 1.75), (8, 1.75)), ('K.93 KernScores', 'P2', 1, (400, 401), (67, 1.75), (67, 1.75)), ('K.93 KernScores', 'P2', 1, (485, 486), (80, 1.75), (80, 1.75))]) 

88 .    (((-2,), (0.25,), (1.5,)), [('K.93 KernScores', 'P2', 1, (345, 346), (59, 1.5), (59, 1.5)), ('K.93 KernScores', 'P2', 1, (661, 662), (114, 1.5), (114, 1.5))]) 

89 .    (((-2,), (0.25,), (2.0,)), [('K.93 KernScores', 'P1', 1, (120, 121), (28, 2.0), (28, 2.0)), ('K.93 KernScores', 'P2', 1, (194, 195), (34, 2.0), (34, 2.0))]) 

90 .    (((2,), (0.25,), (1.5,)), [('K.93 KernScores', 'P2', 1, (134, 135), (24, 1.5), (24, 1.5)), ('K.93 KernScores', 'P2', 1, (334, 335), (57, 1.5), (57, 1.5)), ('K.93 KernScores', 'P2', 1, (436, 437), (72, 1.5), (72, 1.5))]) 

91 .    (((-2,), (1.0,), (2.0,)), [('K.93 KernScores', 'P1', 1, (49, 50), (15, 2.0), (15, 2.0)), ('K.93 KernScores', 'P1', 1, (224, 225), (49, 2.0), (49, 2.0))]) 

92 .    (((-2,), (1.0,), (1.0,)), [('K.93 KernScores', 'P1', 1, (470, 471), (99, 1.0), (99, 1.0)), ('K.93 KernScores', 'P2', 1, (243, 244), (43, 1.0), (43, 1.0))]) 

93 .    (((-3,), (0.5,), (1.0,)), [('K.93 KernScores', 'P2', 1, (192, 193), (34, 1.0), (34, 1.0)), ('K.93 KernScores', 'P2', 1, (250, 251), (45, 1.0), (45, 1.0))]) 

94 .    (((1,), (0.0,), (2.0,)), [('K.93 KernScores', 'P1', 1, (47, 48), (14, 2.0), (14, 2.0)), ('K.93 KernScores', 'P1', 1, (227, 228), (50, 2.0), (50, 2.0)), ('K.93 KernScores', 'P2', 1, (71, 72), (12, 2.0), (12, 2.0))]) 

95 .    (((2,), (1.0,), (1.0,)), [('K.93 KernScores', 'P2', 1, (374, 375), (64, 1.0), (64, 1.0)), ('K.93 KernScores', 'P2', 1, (475, 476), (79, 1.0), (79, 1.0)), ('K.93 KernScores', 'P2', 1, (522, 523), (87, 1.0), (87, 1.0))]) 

96 .    (((5,), (1.0,), (1.0,)), [('K.93 KernScores', 'P1', 2, (204, 205), (100, 1.0), (100, 1.0)), ('K.93 KernScores', 'P2', 1, (248, 249), (44, 1.0), (44, 1.0)), ('K.93 KernScores', 'P2', 1, (598, 599), (99, 1.0), (99, 1.0)), ('K.93 KernScores', 'P2', 1, (651, 652), (111, 1.0), (111, 1.0))]) 

97 .    (((-2,), (0.5,), (2.0,)), [('K.93 KernScores', 'P1', 1, (188, 189), (41, 2.0), (41, 2.0)), ('K.93 KernScores', 'P1', 2, (41, 42), (41, 2.0), (41, 2.0))]) 

98 .    (((-2,), (0.75,), (2.0,)), [('K.93 KernScores', 'P1', 1, (447, 448), (93, 2.0), (93, 2.0)), ('K.93 KernScores', 'P1', 1, (449, 450), (94, 2.0), (94, 2.0)), ('K.93 KernScores', 'P1', 1, (451, 452), (95, 2.0), (95, 2.0))]) 

99 .    (((4,), (0.5,), (1.0,)), [('K.93 KernScores', 'P1', 2, (72, 73), (56, 1.0), (56, 1.0)), ('K.93 KernScores', 'P2', 1, (501, 502), (83, 1.0), (83, 1.0))]) 

100 .    (((2,), (0.5,), (2.5,)), [('K.93 KernScores', 'P1', 1, (255, 256), (55, 2.5), (55, 2.5)), ('K.93 KernScores', 'P1', 1, (263, 264), (58, 2.5), (58, 2.5))]) 

101 .    (((4,), (1.0,), (2.0,)), [('K.93 KernScores', 'P1', 1, (161, 162), (34, 2.0), (34, 2.0)), ('K.93 KernScores', 'P2', 1, (213, 214), (37, 2.0), (37, 2.0))]) 

102 .    (((-2,), (0.5,), (1.0,)), [('K.93 KernScores', 'P1', 1, (78, 79), (20, 1.0), (20, 1.0)), ('K.93 KernScores', 'P1', 1, (186, 187), (41, 1.0), (41, 1.0)), ('K.93 KernScores', 'P1', 1, (379, 380), (81, 1.0), (81, 1.0))]) 

103 .    (((5,), (1.0,), (2.0,)), [('K.93 KernScores', 'P2', 1, (169, 170), (29, 2.0), (29, 2.0)), ('K.93 KernScores', 'P2', 1, (369, 370), (62, 2.0), (62, 2.0))]) 

104 .    ((((6, 2),), ((0.0, 0.25),), (1.75,)), [('K.93 KernScores', 'P1', 1, (399, 400), (85, 1.75), (85, 1.75)), ('K.93 KernScores', 'P1', 1, (405, 406), (86, 1.75), (86, 1.75))]) 

105 .    (((1,), (1.0,), (1.0,)), [('K.93 KernScores', 'P2', 1, (666, 667), (115, 1.0), (115, 1.0)), ('K.93 KernScores', 'P2', 2, (3, 4), (114, 1.0), (114, 1.0)), ('K.93 KernScores', 'P2', 2, (5, 6), (115, 1.0), (115, 1.0))]) 

106 .    ((((3, -2),), ((0.0, 1.0),), (1.0,)), [('K.93 KernScores', 'P1', 1, (43, 44), (13, 1.0), (13, 1.0)), ('K.93 KernScores', 'P1', 1, (257, 258), (57, 1.0), (57, 1.0))]) 

107 .    (((2,), (0.5,), (1.0,)), [('K.93 KernScores', 'P1', 1, (276, 277), (62, 1.0), (62, 1.0)), ('K.93 KernScores', 'P1', 2, (206, 207), (112, 1.0), (112, 1.0))]) 

108 .    (((4,), (0.25,), (2.25,)), [('K.93 KernScores', 'P1', 1, (358, 359), (77, 2.25), (77, 2.25)), ('K.93 KernScores', 'P1', 2, (30, 31), (37, 2.25), (37, 2.25))]) 

109 .    (((-5,), (0.5,), (1.0,)), [('K.93 KernScores', 'P2', 1, (653, 654), (112, 1.0), (112, 1.0)), ('K.93 KernScores', 'P2', 1, (657, 658), (113, 1.0), (113, 1.0))]) 

