1.    nomes:
K.159 Musescore

2.    quantidade:
1

3.    analise:
[('intDia', 'p1p2')] SemContInte Distancia: 0

1.    ((4, -4, -5, -4, 11, -4, -5, -4, 11, -4, -5, -4, 11, -6, 2, 2, 4, -4, -5, -4, 11, -4, -5, -4, 11, -4, -5, -4, 11, -6, 2, 2, -3, 4, -3, 2, -3, 4, -3, 2, -3, 4, -3, 2, -5),):
('K.159 Musescore', 'P1', 3, (58, 103), (13,), (2.0,), (24,), (2.0,))
('K.159 Musescore', 'P1', 3, (214, 259), (53,), (6.0,), (64,), (6.0,))

2.    ((-3, 2, -2, -2, 1, 2, -2, -2, 1, 2, -2, -2, 1, 6, -3, 2, -2, -2, 1, 2, -2, -2, 1, 2, -2, -2, 1),):
('K.159 Musescore', 'P1', 1, (134, 161), (27,), (1.0,), (31,), (4.0,))
('K.159 Musescore', 'P1', 1, (162, 189), (31,), (1.0,), (35,), (4.0,))

3.    ((3, -4, (3, 2), (3, 2), (3, -2), (3, -2), (3, -2), (3, 4), (3, -2), (3, -2), (3, 2), (3, -2), (3, -2), (3, 4), (3, -2), (3, -2), (3, 2), (3, -2), (3, -2), (3, 4), (3, -2), (3, -2), (3, 2), -2, -2, 2),):
('K.159 Musescore', 'P1', 1, (105, 131), (20,), (1.0,), (24,), (2.0,))
('K.159 Musescore', 'P1', 1, (320, 346), (60,), (5.0,), (64,), (6.0,))

4.    ((-2, -2, 1, -2, -2, 1, 2, 2, -2, 1, 4, -2, -2, 1, -2, -2, 1, 2, 2, -2, 1),):
('K.159 Musescore', 'P1', 1, (0, 21), (0,), (1.0,), (4,), (5.0,))
('K.159 Musescore', 'P1', 1, (240, 261), (44,), (5.0,), (48,), (3.0,))

5.    ((-3, 1, -2, 4, -5, 1, -2, 6, -3, 2, -2, -2, 1, 2, -2, -2, 1, 2, -2, -2, 1),):
('K.159 Musescore', 'P1', 1, (22, 43), (4,), (1.0,), (8,), (4.0,))
('K.159 Musescore', 'P1', 1, (262, 283), (48,), (5.0,), (52,), (2.0,))

6.    ((-2, -2, 1, -4, -3, 1, 3, 4, -4, 1, 6, -2, -2, 1, -4, -3, 1, 3, 4, -4, 1),):
('K.159 Musescore', 'P1', 3, (0, 21), (0,), (1.0,), (4,), (5.0,))
('K.159 Musescore', 'P1', 3, (171, 192), (44,), (5.0,), (48,), (3.0,))

7.    ((-2, 2, -2, 2, -2, 2, -2, 2, -2, 2, -2),):
('K.159 Musescore', 'P1', 2, (0, 11), (14,), (3.0,), (20,), (3.0,))
('K.159 Musescore', 'P1', 2, (29, 40), (54,), (1.0,), (60,), (1.0,))

8.    ((-3, 6, -7, 6, -7, 6, -7, 6),):
('K.159 Musescore', 'P1', 3, (36, 44), (8,), (5.0,), (10,), (3.0,))
('K.159 Musescore', 'P1', 3, (44, 52), (10,), (5.0,), (12,), (3.0,))

9.    (((3, 3, 1), (3, 3, -2), (3, 3, 2, 1), (3, 3, 2, 2), (4, 3, 1), (4, 3, -4), (5, 4, 1)),):
('K.159 Musescore', 'P1', 3, (123, 130), (31,), (6.0,), (33,), (3.0,))
('K.159 Musescore', 'P1', 3, (131, 138), (33,), (6.0,), (35,), (3.0,))

10.    ((-2, 1, -2, 1, -2, 1),):
('K.159 Musescore', 'P1', 3, (22, 28), (4,), (2.0,), (6,), (3.0,))
('K.159 Musescore', 'P1', 3, (30, 36), (6,), (2.0,), (8,), (3.0,))

11.    (((4, 1), (3, 1), (3, 1), (2, -2), (3, 2), 1),):
('K.159 Musescore', 'P1', 3, (108, 114), (27,), (2.0,), (29,), (3.0,))
('K.159 Musescore', 'P1', 3, (116, 122), (29,), (2.0,), (31,), (3.0,))

12.    (((3, 3, -2), (3, 4, 1), (3, 4, -2), (3, 4, 1), (3, 4, -2), (5, 4, 1)),):
('K.159 Musescore', 'P1', 3, (193, 199), (48,), (6.0,), (50,), (1.0,))
('K.159 Musescore', 'P1', 3, (201, 207), (50,), (6.0,), (52,), (1.0,))

13.    ((2, -2, -2, -2, 2),):
('K.159 Musescore', 'P1', 2, (14, 19), (41,), (3.0,), (41,), (1.0,))
('K.159 Musescore', 'P1', 2, (20, 25), (42,), (3.0,), (42,), (1.0,))

14.    ((-3, 2, -2, -2),):
('K.159 Musescore', 'P1', 1, (30, 34), (6,), (1.0,), (7,), (3.0,))
('K.159 Musescore', 'P1', 1, (134, 138), (27,), (1.0,), (28,), (3.0,))
('K.159 Musescore', 'P1', 1, (148, 152), (29,), (1.0,), (30,), (3.0,))
('K.159 Musescore', 'P1', 1, (162, 166), (31,), (1.0,), (32,), (3.0,))
('K.159 Musescore', 'P1', 1, (176, 180), (33,), (1.0,), (34,), (3.0,))
('K.159 Musescore', 'P1', 1, (270, 274), (50,), (5.0,), (51,), (1.0,))
('K.159 Musescore', 'P1', 2, (13, 17), (40,), (6.0,), (41,), (5.0,))

15.    ((-2, -2, 1, -4),):
('K.159 Musescore', 'P1', 1, (67, 71), (12,), (6.0,), (12,), (2.0,))
('K.159 Musescore', 'P1', 3, (0, 4), (0,), (1.0,), (1,), (4.0,))
('K.159 Musescore', 'P1', 3, (11, 15), (2,), (1.0,), (3,), (4.0,))
('K.159 Musescore', 'P1', 3, (171, 175), (44,), (5.0,), (45,), (2.0,))
('K.159 Musescore', 'P1', 3, (182, 186), (46,), (5.0,), (47,), (2.0,))

16.    (((3, 2), -2, -2, 2),):
('K.159 Musescore', 'P1', 1, (127, 131), (24,), (5.0,), (24,), (2.0,))
('K.159 Musescore', 'P1', 1, (342, 346), (64,), (3.0,), (64,), (6.0,))
('K.159 Musescore', 'P1', 3, (209, 213), (52,), (6.0,), (53,), (3.0,))

17.    ((-2, -2, 2),):
('K.159 Musescore', 'P1', 1, (46, 49), (9,), (3.0,), (9,), (5.0,))
('K.159 Musescore', 'P1', 1, (128, 131), (24,), (6.0,), (24,), (2.0,))
('K.159 Musescore', 'P1', 1, (212, 215), (39,), (2.0,), (40,), (4.0,))
('K.159 Musescore', 'P1', 1, (343, 346), (64,), (4.0,), (64,), (6.0,))
('K.159 Musescore', 'P1', 2, (16, 19), (41,), (5.0,), (41,), (1.0,))
('K.159 Musescore', 'P1', 2, (22, 25), (42,), (5.0,), (42,), (1.0,))
('K.159 Musescore', 'P1', 2, (28, 31), (53,), (6.0,), (54,), (5.0,))
('K.159 Musescore', 'P1', 3, (210, 213), (53,), (1.0,), (53,), (3.0,))

18.    ((-2, 2, -2),):
('K.159 Musescore', 'P1', 1, (219, 222), (41,), (3.0,), (42,), (3.0,))
('K.159 Musescore', 'P1', 2, (0, 3), (14,), (3.0,), (15,), (3.0,))
('K.159 Musescore', 'P1', 2, (4, 7), (16,), (3.0,), (18,), (3.0,))
('K.159 Musescore', 'P1', 2, (8, 11), (19,), (3.0,), (20,), (3.0,))
('K.159 Musescore', 'P1', 2, (29, 32), (54,), (1.0,), (55,), (1.0,))
('K.159 Musescore', 'P1', 2, (33, 36), (56,), (1.0,), (58,), (1.0,))
('K.159 Musescore', 'P1', 2, (37, 40), (59,), (1.0,), (60,), (1.0,))

19.    ((2, 2, -2),):
('K.159 Musescore', 'P1', 1, (6, 9), (1,), (1.0,), (2,), (3.0,))
('K.159 Musescore', 'P1', 1, (17, 20), (3,), (1.0,), (4,), (3.0,))
('K.159 Musescore', 'P1', 1, (246, 249), (45,), (5.0,), (46,), (1.0,))
('K.159 Musescore', 'P1', 1, (257, 260), (47,), (5.0,), (48,), (1.0,))
('K.159 Musescore', 'P1', 2, (19, 22), (41,), (2.0,), (42,), (4.0,))

20.    ((6, -7),):
('K.159 Musescore', 'P1', 1, (77, 79), (14,), (3.0,), (14,), (5.0,))
('K.159 Musescore', 'P1', 1, (81, 83), (15,), (3.0,), (15,), (5.0,))
('K.159 Musescore', 'P1', 1, (85, 87), (16,), (3.0,), (16,), (5.0,))
('K.159 Musescore', 'P1', 1, (95, 97), (18,), (3.0,), (18,), (5.0,))
('K.159 Musescore', 'P1', 1, (296, 298), (55,), (1.0,), (55,), (3.0,))
('K.159 Musescore', 'P1', 1, (300, 302), (56,), (1.0,), (56,), (3.0,))
('K.159 Musescore', 'P1', 1, (314, 316), (59,), (1.0,), (59,), (3.0,))
('K.159 Musescore', 'P1', 1, (318, 320), (60,), (1.0,), (60,), (3.0,))
('K.159 Musescore', 'P1', 3, (37, 39), (8,), (6.0,), (8,), (2.0,))
('K.159 Musescore', 'P1', 3, (39, 41), (9,), (3.0,), (9,), (5.0,))
('K.159 Musescore', 'P1', 3, (41, 43), (9,), (6.0,), (9,), (2.0,))
('K.159 Musescore', 'P1', 3, (45, 47), (10,), (6.0,), (10,), (2.0,))
('K.159 Musescore', 'P1', 3, (47, 49), (11,), (3.0,), (11,), (5.0,))
('K.159 Musescore', 'P1', 3, (49, 51), (11,), (6.0,), (11,), (2.0,))
('K.159 Musescore', 'P1', 3, (51, 53), (12,), (3.0,), (12,), (5.0,))
('K.159 Musescore', 'P1', 3, (53, 55), (12,), (6.0,), (12,), (2.0,))

21.    ((-3, 2),):
('K.159 Musescore', 'P1', 1, (30, 32), (6,), (1.0,), (6,), (2.0,))
('K.159 Musescore', 'P1', 1, (134, 136), (27,), (1.0,), (27,), (2.0,))
('K.159 Musescore', 'P1', 1, (148, 150), (29,), (1.0,), (29,), (2.0,))
('K.159 Musescore', 'P1', 1, (162, 164), (31,), (1.0,), (31,), (2.0,))
('K.159 Musescore', 'P1', 1, (176, 178), (33,), (1.0,), (33,), (2.0,))
('K.159 Musescore', 'P1', 1, (270, 272), (50,), (5.0,), (50,), (6.0,))
('K.159 Musescore', 'P1', 2, (13, 15), (40,), (6.0,), (41,), (3.0,))
('K.159 Musescore', 'P1', 3, (92, 94), (22,), (5.0,), (22,), (6.0,))
('K.159 Musescore', 'P1', 3, (96, 98), (23,), (5.0,), (23,), (6.0,))
('K.159 Musescore', 'P1', 3, (100, 102), (24,), (5.0,), (24,), (6.0,))
('K.159 Musescore', 'P1', 3, (248, 250), (62,), (3.0,), (62,), (4.0,))
('K.159 Musescore', 'P1', 3, (252, 254), (63,), (3.0,), (63,), (4.0,))
('K.159 Musescore', 'P1', 3, (256, 258), (64,), (3.0,), (64,), (4.0,))

22.    ((2, 2),):
('K.159 Musescore', 'P1', 1, (6, 8), (1,), (1.0,), (1,), (2.0,))
('K.159 Musescore', 'P1', 1, (17, 19), (3,), (1.0,), (3,), (2.0,))
('K.159 Musescore', 'P1', 1, (246, 248), (45,), (5.0,), (45,), (6.0,))
('K.159 Musescore', 'P1', 1, (257, 259), (47,), (5.0,), (47,), (6.0,))
('K.159 Musescore', 'P1', 2, (19, 21), (41,), (2.0,), (42,), (3.0,))
('K.159 Musescore', 'P1', 3, (56, 58), (13,), (5.0,), (13,), (6.0,))
('K.159 Musescore', 'P1', 3, (72, 74), (17,), (5.0,), (17,), (6.0,))
('K.159 Musescore', 'P1', 3, (88, 90), (21,), (5.0,), (21,), (6.0,))
('K.159 Musescore', 'P1', 3, (228, 230), (57,), (3.0,), (57,), (4.0,))
('K.159 Musescore', 'P1', 3, (244, 246), (61,), (3.0,), (61,), (4.0,))

23.    ((-3, 1),):
('K.159 Musescore', 'P1', 1, (22, 24), (4,), (1.0,), (4,), (2.0,))
('K.159 Musescore', 'P1', 1, (49, 51), (9,), (1.0,), (9,), (2.0,))
('K.159 Musescore', 'P1', 1, (194, 196), (36,), (5.0,), (36,), (1.0,))
('K.159 Musescore', 'P1', 1, (199, 201), (37,), (5.0,), (37,), (1.0,))
('K.159 Musescore', 'P1', 1, (204, 206), (38,), (5.0,), (38,), (1.0,))
('K.159 Musescore', 'P1', 1, (262, 264), (48,), (5.0,), (48,), (6.0,))
('K.159 Musescore', 'P1', 3, (4, 6), (1,), (5.0,), (1,), (6.0,))
('K.159 Musescore', 'P1', 3, (15, 17), (3,), (5.0,), (3,), (6.0,))
('K.159 Musescore', 'P1', 3, (175, 177), (45,), (3.0,), (45,), (4.0,))
('K.159 Musescore', 'P1', 3, (186, 188), (47,), (3.0,), (47,), (4.0,))

24.    ((4, -4),):
('K.159 Musescore', 'P1', 1, (210, 212), (39,), (6.0,), (39,), (1.0,))
('K.159 Musescore', 'P1', 3, (7, 9), (1,), (2.0,), (2,), (3.0,))
('K.159 Musescore', 'P1', 3, (18, 20), (3,), (2.0,), (4,), (3.0,))
('K.159 Musescore', 'P1', 3, (58, 60), (13,), (2.0,), (14,), (3.0,))
('K.159 Musescore', 'P1', 3, (74, 76), (17,), (2.0,), (18,), (3.0,))
('K.159 Musescore', 'P1', 3, (178, 180), (45,), (6.0,), (46,), (1.0,))
('K.159 Musescore', 'P1', 3, (189, 191), (47,), (6.0,), (48,), (1.0,))
('K.159 Musescore', 'P1', 3, (214, 216), (53,), (6.0,), (54,), (1.0,))
('K.159 Musescore', 'P1', 3, (230, 232), (57,), (6.0,), (58,), (1.0,))

25.    ((-3, 4),):
('K.159 Musescore', 'P1', 1, (222, 224), (42,), (6.0,), (43,), (3.0,))
('K.159 Musescore', 'P1', 3, (90, 92), (21,), (2.0,), (22,), (3.0,))
('K.159 Musescore', 'P1', 3, (94, 96), (22,), (2.0,), (23,), (3.0,))
('K.159 Musescore', 'P1', 3, (98, 100), (23,), (2.0,), (24,), (3.0,))
('K.159 Musescore', 'P1', 3, (246, 248), (61,), (6.0,), (62,), (1.0,))
('K.159 Musescore', 'P1', 3, (250, 252), (62,), (6.0,), (63,), (1.0,))
('K.159 Musescore', 'P1', 3, (254, 256), (63,), (6.0,), (64,), (1.0,))

26.    ((1, -2),):
('K.159 Musescore', 'P1', 1, (27, 29), (5,), (2.0,), (6,), (3.0,))
('K.159 Musescore', 'P1', 1, (215, 217), (40,), (5.0,), (40,), (6.0,))
('K.159 Musescore', 'P1', 1, (267, 269), (49,), (6.0,), (50,), (1.0,))
('K.159 Musescore', 'P1', 3, (33, 35), (7,), (6.0,), (7,), (2.0,))
('K.159 Musescore', 'P1', 3, (121, 123), (31,), (3.0,), (31,), (5.0,))
('K.159 Musescore', 'P1', 3, (191, 193), (48,), (3.0,), (48,), (4.0,))

27.    ((6, -3),):
('K.159 Musescore', 'P1', 1, (29, 31), (6,), (5.0,), (6,), (1.0,))
('K.159 Musescore', 'P1', 1, (147, 149), (29,), (5.0,), (29,), (1.0,))
('K.159 Musescore', 'P1', 1, (175, 177), (33,), (5.0,), (33,), (1.0,))
('K.159 Musescore', 'P1', 1, (269, 271), (50,), (3.0,), (50,), (5.0,))
('K.159 Musescore', 'P1', 3, (43, 45), (10,), (3.0,), (10,), (5.0,))

28.    ((2, 3),):
('K.159 Musescore', 'P1', 1, (206, 208), (38,), (2.0,), (39,), (3.0,))
('K.159 Musescore', 'P1', 2, (24, 26), (42,), (1.0,), (42,), (2.0,))

29.    ((-3, -2),):
('K.159 Musescore', 'P1', 1, (208, 210), (39,), (4.0,), (39,), (5.0,))
('K.159 Musescore', 'P1', 2, (27, 29), (53,), (5.0,), (53,), (6.0,))

30.    ((-4, -3),):
('K.159 Musescore', 'P1', 1, (131, 133), (25,), (3.0,), (25,), (4.0,))
('K.159 Musescore', 'P1', 3, (104, 106), (25,), (6.0,), (25,), (1.0,))

31.    ((1, 1),):
('K.159 Musescore', 'P1', 1, (190, 192), (35,), (1.0,), (35,), (2.0,))
('K.159 Musescore', 'P1', 3, (113, 115), (29,), (3.0,), (29,), (5.0,))

32.    ((-2,),):
('K.159 Musescore', 'P1', 1, (8, 9), (2,), (3.0,), (2,), (3.0,))
('K.159 Musescore', 'P1', 1, (19, 20), (4,), (3.0,), (4,), (3.0,))
('K.159 Musescore', 'P1', 1, (24, 25), (5,), (3.0,), (5,), (3.0,))
('K.159 Musescore', 'P1', 1, (28, 29), (6,), (3.0,), (6,), (3.0,))
('K.159 Musescore', 'P1', 1, (51, 52), (10,), (3.0,), (10,), (3.0,))
('K.159 Musescore', 'P1', 1, (80, 81), (14,), (2.0,), (14,), (2.0,))
('K.159 Musescore', 'P1', 1, (84, 85), (15,), (2.0,), (15,), (2.0,))
('K.159 Musescore', 'P1', 1, (98, 99), (18,), (2.0,), (18,), (2.0,))
('K.159 Musescore', 'P1', 1, (102, 103), (19,), (2.0,), (19,), (2.0,))
('K.159 Musescore', 'P1', 1, (193, 194), (36,), (4.0,), (36,), (4.0,))
('K.159 Musescore', 'P1', 1, (198, 199), (37,), (4.0,), (37,), (4.0,))
('K.159 Musescore', 'P1', 1, (203, 204), (38,), (4.0,), (38,), (4.0,))
('K.159 Musescore', 'P1', 1, (209, 210), (39,), (5.0,), (39,), (5.0,))
('K.159 Musescore', 'P1', 1, (221, 222), (42,), (3.0,), (42,), (3.0,))
('K.159 Musescore', 'P1', 1, (238, 239), (43,), (6.75,), (43,), (6.75,))
('K.159 Musescore', 'P1', 1, (248, 249), (46,), (1.0,), (46,), (1.0,))
('K.159 Musescore', 'P1', 1, (259, 260), (48,), (1.0,), (48,), (1.0,))
('K.159 Musescore', 'P1', 1, (264, 265), (49,), (1.0,), (49,), (1.0,))
('K.159 Musescore', 'P1', 1, (268, 269), (50,), (1.0,), (50,), (1.0,))
('K.159 Musescore', 'P1', 1, (287, 288), (52,), (6.0,), (52,), (6.0,))
('K.159 Musescore', 'P1', 1, (295, 296), (54,), (6.0,), (54,), (6.0,))
('K.159 Musescore', 'P1', 1, (299, 300), (55,), (6.0,), (55,), (6.0,))
('K.159 Musescore', 'P1', 1, (313, 314), (58,), (6.0,), (58,), (6.0,))
('K.159 Musescore', 'P1', 1, (317, 318), (59,), (6.0,), (59,), (6.0,))
('K.159 Musescore', 'P1', 2, (10, 11), (20,), (3.0,), (20,), (3.0,))
('K.159 Musescore', 'P1', 2, (12, 13), (39,), (1.0,), (39,), (1.0,))
('K.159 Musescore', 'P1', 2, (15, 16), (41,), (4.0,), (41,), (4.0,))
('K.159 Musescore', 'P1', 2, (21, 22), (42,), (4.0,), (42,), (4.0,))
('K.159 Musescore', 'P1', 2, (39, 40), (60,), (1.0,), (60,), (1.0,))
('K.159 Musescore', 'P1', 3, (22, 23), (4,), (2.0,), (4,), (2.0,))
('K.159 Musescore', 'P1', 3, (24, 25), (5,), (5.0,), (5,), (5.0,))
('K.159 Musescore', 'P1', 3, (26, 27), (5,), (2.0,), (5,), (2.0,))
('K.159 Musescore', 'P1', 3, (30, 31), (6,), (2.0,), (6,), (2.0,))
('K.159 Musescore', 'P1', 3, (32, 33), (7,), (5.0,), (7,), (5.0,))
('K.159 Musescore', 'P1', 3, (34, 35), (7,), (2.0,), (7,), (2.0,))
('K.159 Musescore', 'P1', 3, (122, 123), (31,), (5.0,), (31,), (5.0,))
('K.159 Musescore', 'P1', 3, (192, 193), (48,), (4.0,), (48,), (4.0,))

33.    ((-4,),):
('K.159 Musescore', 'P1', 1, (88, 89), (16,), (2.0,), (16,), (2.0,))
('K.159 Musescore', 'P1', 1, (106, 107), (20,), (2.0,), (20,), (2.0,))
('K.159 Musescore', 'P1', 1, (303, 304), (56,), (6.0,), (56,), (6.0,))
('K.159 Musescore', 'P1', 1, (321, 322), (60,), (6.0,), (60,), (6.0,))
('K.159 Musescore', 'P1', 3, (61, 62), (14,), (5.0,), (14,), (5.0,))
('K.159 Musescore', 'P1', 3, (63, 64), (15,), (3.0,), (15,), (3.0,))
('K.159 Musescore', 'P1', 3, (65, 66), (15,), (5.0,), (15,), (5.0,))
('K.159 Musescore', 'P1', 3, (67, 68), (16,), (3.0,), (16,), (3.0,))
('K.159 Musescore', 'P1', 3, (69, 70), (16,), (5.0,), (16,), (5.0,))
('K.159 Musescore', 'P1', 3, (77, 78), (18,), (5.0,), (18,), (5.0,))
('K.159 Musescore', 'P1', 3, (79, 80), (19,), (3.0,), (19,), (3.0,))
('K.159 Musescore', 'P1', 3, (81, 82), (19,), (5.0,), (19,), (5.0,))
('K.159 Musescore', 'P1', 3, (83, 84), (20,), (3.0,), (20,), (3.0,))
('K.159 Musescore', 'P1', 3, (85, 86), (20,), (5.0,), (20,), (5.0,))
('K.159 Musescore', 'P1', 3, (217, 218), (54,), (3.0,), (54,), (3.0,))
('K.159 Musescore', 'P1', 3, (219, 220), (55,), (1.0,), (55,), (1.0,))
('K.159 Musescore', 'P1', 3, (221, 222), (55,), (3.0,), (55,), (3.0,))
('K.159 Musescore', 'P1', 3, (223, 224), (56,), (1.0,), (56,), (1.0,))
('K.159 Musescore', 'P1', 3, (225, 226), (56,), (3.0,), (56,), (3.0,))
('K.159 Musescore', 'P1', 3, (233, 234), (58,), (3.0,), (58,), (3.0,))
('K.159 Musescore', 'P1', 3, (235, 236), (59,), (1.0,), (59,), (1.0,))
('K.159 Musescore', 'P1', 3, (237, 238), (59,), (3.0,), (59,), (3.0,))
('K.159 Musescore', 'P1', 3, (239, 240), (60,), (1.0,), (60,), (1.0,))
('K.159 Musescore', 'P1', 3, (241, 242), (60,), (3.0,), (60,), (3.0,))

34.    ((3,),):
('K.159 Musescore', 'P1', 1, (79, 80), (14,), (1.0,), (14,), (1.0,))
('K.159 Musescore', 'P1', 1, (83, 84), (15,), (1.0,), (15,), (1.0,))
('K.159 Musescore', 'P1', 1, (87, 88), (16,), (1.0,), (16,), (1.0,))
('K.159 Musescore', 'P1', 1, (97, 98), (18,), (1.0,), (18,), (1.0,))
('K.159 Musescore', 'P1', 1, (101, 102), (19,), (1.0,), (19,), (1.0,))
('K.159 Musescore', 'P1', 1, (105, 106), (20,), (1.0,), (20,), (1.0,))
('K.159 Musescore', 'P1', 1, (189, 190), (35,), (5.0,), (35,), (5.0,))
('K.159 Musescore', 'P1', 1, (192, 193), (36,), (3.0,), (36,), (3.0,))
('K.159 Musescore', 'P1', 1, (197, 198), (37,), (3.0,), (37,), (3.0,))
('K.159 Musescore', 'P1', 1, (202, 203), (38,), (3.0,), (38,), (3.0,))
('K.159 Musescore', 'P1', 1, (207, 208), (39,), (3.0,), (39,), (3.0,))
('K.159 Musescore', 'P1', 1, (294, 295), (54,), (5.0,), (54,), (5.0,))
('K.159 Musescore', 'P1', 1, (298, 299), (55,), (5.0,), (55,), (5.0,))
('K.159 Musescore', 'P1', 1, (302, 303), (56,), (5.0,), (56,), (5.0,))
('K.159 Musescore', 'P1', 1, (312, 313), (58,), (5.0,), (58,), (5.0,))
('K.159 Musescore', 'P1', 1, (316, 317), (59,), (5.0,), (59,), (5.0,))
('K.159 Musescore', 'P1', 1, (320, 321), (60,), (5.0,), (60,), (5.0,))
('K.159 Musescore', 'P1', 2, (25, 26), (42,), (2.0,), (42,), (2.0,))
('K.159 Musescore', 'P1', 3, (6, 7), (1,), (1.0,), (1,), (1.0,))
('K.159 Musescore', 'P1', 3, (17, 18), (3,), (1.0,), (3,), (1.0,))
('K.159 Musescore', 'P1', 3, (177, 178), (45,), (5.0,), (45,), (5.0,))
('K.159 Musescore', 'P1', 3, (188, 189), (47,), (5.0,), (47,), (5.0,))

35.    (((3, 2),),):
('K.159 Musescore', 'P1', 1, (71, 72), (13,), (3.0,), (13,), (3.0,))
('K.159 Musescore', 'P1', 1, (72, 73), (13,), (4.0,), (13,), (4.0,))
('K.159 Musescore', 'P1', 1, (89, 90), (17,), (3.0,), (17,), (3.0,))
('K.159 Musescore', 'P1', 1, (90, 91), (17,), (4.0,), (17,), (4.0,))
('K.159 Musescore', 'P1', 1, (107, 108), (21,), (3.0,), (21,), (3.0,))
('K.159 Musescore', 'P1', 1, (108, 109), (21,), (4.0,), (21,), (4.0,))
('K.159 Musescore', 'P1', 1, (115, 116), (22,), (5.0,), (22,), (5.0,))
('K.159 Musescore', 'P1', 1, (121, 122), (23,), (5.0,), (23,), (5.0,))
('K.159 Musescore', 'P1', 1, (304, 305), (57,), (1.0,), (57,), (1.0,))
('K.159 Musescore', 'P1', 1, (305, 306), (57,), (2.0,), (57,), (2.0,))
('K.159 Musescore', 'P1', 1, (309, 310), (57,), (6.0,), (57,), (6.0,))
('K.159 Musescore', 'P1', 1, (322, 323), (61,), (1.0,), (61,), (1.0,))
('K.159 Musescore', 'P1', 1, (323, 324), (61,), (2.0,), (61,), (2.0,))
('K.159 Musescore', 'P1', 1, (330, 331), (62,), (3.0,), (62,), (3.0,))
('K.159 Musescore', 'P1', 1, (336, 337), (63,), (3.0,), (63,), (3.0,))
('K.159 Musescore', 'P1', 3, (112, 113), (28,), (2.0,), (28,), (2.0,))
('K.159 Musescore', 'P1', 3, (120, 121), (30,), (2.0,), (30,), (2.0,))
('K.159 Musescore', 'P1', 3, (144, 145), (36,), (2.0,), (36,), (2.0,))
('K.159 Musescore', 'P1', 3, (148, 149), (37,), (2.0,), (37,), (2.0,))
('K.159 Musescore', 'P1', 3, (152, 153), (38,), (2.0,), (38,), (2.0,))

36.    ((-5,),):
('K.159 Musescore', 'P1', 1, (26, 27), (5,), (1.0,), (5,), (1.0,))
('K.159 Musescore', 'P1', 1, (44, 45), (8,), (1.0,), (8,), (1.0,))
('K.159 Musescore', 'P1', 1, (53, 54), (10,), (1.0,), (10,), (1.0,))
('K.159 Musescore', 'P1', 1, (266, 267), (49,), (5.0,), (49,), (5.0,))
('K.159 Musescore', 'P1', 3, (60, 61), (14,), (4.0,), (14,), (4.0,))
('K.159 Musescore', 'P1', 3, (64, 65), (15,), (4.0,), (15,), (4.0,))
('K.159 Musescore', 'P1', 3, (68, 69), (16,), (4.0,), (16,), (4.0,))
('K.159 Musescore', 'P1', 3, (76, 77), (18,), (4.0,), (18,), (4.0,))
('K.159 Musescore', 'P1', 3, (80, 81), (19,), (4.0,), (19,), (4.0,))
('K.159 Musescore', 'P1', 3, (84, 85), (20,), (4.0,), (20,), (4.0,))
('K.159 Musescore', 'P1', 3, (102, 103), (24,), (2.0,), (24,), (2.0,))
('K.159 Musescore', 'P1', 3, (216, 217), (54,), (2.0,), (54,), (2.0,))
('K.159 Musescore', 'P1', 3, (220, 221), (55,), (2.0,), (55,), (2.0,))
('K.159 Musescore', 'P1', 3, (224, 225), (56,), (2.0,), (56,), (2.0,))
('K.159 Musescore', 'P1', 3, (232, 233), (58,), (2.0,), (58,), (2.0,))
('K.159 Musescore', 'P1', 3, (236, 237), (59,), (2.0,), (59,), (2.0,))
('K.159 Musescore', 'P1', 3, (240, 241), (60,), (2.0,), (60,), (2.0,))
('K.159 Musescore', 'P1', 3, (258, 259), (64,), (6.0,), (64,), (6.0,))

37.    ((8,),):
('K.159 Musescore', 'P1', 1, (52, 53), (10,), (5.0,), (10,), (5.0,))
('K.159 Musescore', 'P1', 1, (99, 100), (19,), (3.0,), (19,), (3.0,))
('K.159 Musescore', 'P1', 1, (288, 289), (53,), (1.0,), (53,), (1.0,))
('K.159 Musescore', 'P1', 1, (292, 293), (54,), (1.0,), (54,), (1.0,))
('K.159 Musescore', 'P1', 1, (310, 311), (58,), (1.0,), (58,), (1.0,))
('K.159 Musescore', 'P1', 3, (103, 104), (25,), (3.0,), (25,), (3.0,))

38.    ((-8,),):
('K.159 Musescore', 'P1', 1, (289, 290), (53,), (3.0,), (53,), (3.0,))
('K.159 Musescore', 'P1', 3, (169, 170), (43,), (3.0,), (43,), (3.0,))
('K.159 Musescore', 'P1', 3, (213, 214), (53,), (4.0,), (53,), (4.0,))

39.    ((10,),):
('K.159 Musescore', 'P1', 1, (43, 44), (8,), (5.0,), (8,), (5.0,))
('K.159 Musescore', 'P1', 1, (103, 104), (20,), (3.0,), (20,), (3.0,))

40.    ((9,),):
('K.159 Musescore', 'P1', 1, (161, 162), (31,), (5.0,), (31,), (5.0,))
('K.159 Musescore', 'P1', 2, (11, 12), (20,), (1.0,), (20,), (1.0,))

41.    (((3, 5, 1),),):
('K.159 Musescore', 'P1', 3, (157, 158), (40,), (3.0,), (40,), (3.0,))
('K.159 Musescore', 'P1', 3, (158, 159), (40,), (5.0,), (40,), (5.0,))

