1.    nomes:
K.8 Musicalion

2.    quantidade:
1

3.    analise:
[('intDia', 'p1p2'), ('duracao', 'p1p2')] SemContInte Distancia: 0

1.    ((-2, -2, -2, -2, -2, -2, 2, 1, 2, -2, -2), (0.75, 0.25, 0.75, 0.25, 1.75, 0.25, 1.0, 2.0, 1.0, 1.0, 1.0)):
('K.8 Musicalion', 'P1', 2, (39, 50), (16,), (2.0,), (19,), (2.0,))
('K.8 Musicalion', 'P1', 2, (66, 77), (28,), (2.0,), (31,), (2.0,))

2.    ((2, 2, -2, 7, -2, -3, -5, 2, 1, -5), (1.75, 0.25, 1.0, 1.75, 0.25, 0.75, 0.25, 1.0, 1.0, 1.0)):
('K.8 Musicalion', 'P1', 4, (25, 35), (13,), (1.0,), (15,), (3.0,))
('K.8 Musicalion', 'P1', 4, (64, 74), (29,), (1.0,), (31,), (3.0,))

3.    ((-3, 2, -6, 2, 2, 2, 2, 2, -3), (0.25, 1.0, 1.0, 0.75, 0.25, 0.75, 0.25, 1.75, 0.25)):
('K.8 Musicalion', 'P1', 1, (1, 10), (1,), (2.75,), (3,), (2.75,))
('K.8 Musicalion', 'P1', 1, (24, 33), (9,), (2.75,), (11,), (2.75,))

4.    ((2, -3, 1, -3, -2, -2, 4, 2, 2), (2.75, 0.25, 2.75, 0.25, 0.12, 0.12, 0.75, 0.12, 0.12)):
('K.8 Musicalion', 'P1', 1, (49, 58), (16,), (2.0,), (18,), (3.12,))
('K.8 Musicalion', 'P1', 1, (70, 79), (28,), (2.0,), (30,), (3.12,))

5.    ((-6, -2, 4, -3, 5, -4, -2), (0.75, 0.25, 2.75, 0.25, 2.0, 0.75, 0.25)):
('K.8 Musicalion', 'P1', 2, (0, 7), (1,), (1.0,), (3,), (1.75,))
('K.8 Musicalion', 'P1', 2, (19, 26), (9,), (1.0,), (11,), (1.75,))

6.    ((2, -5, (8, 4), 2, -5, (8, 4), 2), (0.0, 0.0, (0.0, 3.0), 0.0, 0.0, (0.0, 3.0), 0.0)):
('K.8 Musicalion', 'P1', 3, (115, 122), (45,), (3.0,), (47,), (3.0,))
('K.8 Musicalion', 'P1', 4, (41, 48), (20,), (1.0,), (22,), (1.0,))

7.    ((2, 2, -2, 7, -2, -3), (1.75, 0.25, 1.0, 1.75, 0.25, 0.75)):
('K.8 Musicalion', 'P1', 3, (34, 40), (17,), (1.0,), (18,), (3.0,))
('K.8 Musicalion', 'P1', 4, (25, 31), (13,), (1.0,), (14,), (3.0,))
('K.8 Musicalion', 'P1', 4, (64, 70), (29,), (1.0,), (30,), (3.0,))

8.    ((2, -3, 2, -3, 2, -3), (1.75, 0.25, 1.75, 0.25, 1.75, 0.25)):
('K.8 Musicalion', 'P1', 1, (94, 100), (36,), (1.0,), (38,), (3.75,))
('K.8 Musicalion', 'P1', 2, (98, 104), (37,), (2.0,), (38,), (1.75,))

9.    ((2, -2, -2, 2, -3, 2), (1.0, 1.0, 1.0, 1.75, 0.25, 0.75)):
('K.8 Musicalion', 'P1', 1, (104, 110), (39,), (1.0,), (41,), (3.0,))
('K.8 Musicalion', 'P1', 2, (74, 80), (30,), (3.0,), (32,), (2.0,))

10.    ((7, -2, -3, 4, -2, -2), (1.75, 0.25, 0.75, 0.25, 1.0, 1.0)):
('K.8 Musicalion', 'P1', 3, (37, 43), (18,), (1.0,), (19,), (2.0,))
('K.8 Musicalion', 'P1', 3, (108, 114), (43,), (3.0,), (44,), (1.0,))

11.    ((2, 2, -3, 2, -2, -2), (1.75, 0.25, 0.75, 0.25, 1.0, 2.0)):
('K.8 Musicalion', 'P1', 4, (2, 8), (2,), (1.0,), (3,), (2.0,))
('K.8 Musicalion', 'P1', 4, (18, 24), (10,), (1.0,), (11,), (2.0,))

12.    ((-2, -2, 8, 1, -3), (0.75, 0.25, 1.0, 3.75, 0.25)):
('K.8 Musicalion', 'P1', 1, (60, 65), (24,), (2.0,), (26,), (1.75,))
('K.8 Musicalion', 'P1', 1, (65, 70), (26,), (2.0,), (28,), (1.75,))

13.    ((-2, -2, -2, 2, 2), (1.0, 1.0, 1.0, 1.75, 0.25)):
('K.8 Musicalion', 'P1', 3, (73, 78), (31,), (1.0,), (32,), (2.75,))
('K.8 Musicalion', 'P1', 3, (99, 104), (40,), (2.0,), (41,), (3.75,))

14.    ((-8, 2, 2, 2), (0.75, 0.25, 1.0, 1.0)):
('K.8 Musicalion', 'P1', 2, (56, 60), (25,), (1.0,), (25,), (3.0,))
('K.8 Musicalion', 'P1', 2, (61, 65), (27,), (1.0,), (27,), (3.0,))

15.    (((3, -2), (3, 2), (3, 2), (3, -3)), ((0.0, 1.0), (0.0, 1.0), (0.0, 1.0), (0.0, 1.0))):
('K.8 Musicalion', 'P1', 2, (121, 125), (45,), (1.0,), (46,), (1.0,))
('K.8 Musicalion', 'P1', 3, (44, 48), (20,), (2.0,), (21,), (2.0,))

16.    ((-2, 2, -2, 2), (2.0, 1.0, 3.0, 1.0)):
('K.8 Musicalion', 'P1', 3, (0, 4), (1,), (1.0,), (3,), (1.0,))
('K.8 Musicalion', 'P1', 3, (19, 23), (9,), (1.0,), (11,), (1.0,))

17.    ((-2, -2, 2), (1.0, 1.0, 1.75)):
('K.8 Musicalion', 'P1', 1, (105, 108), (40,), (2.0,), (40,), (1.0,))
('K.8 Musicalion', 'P1', 2, (35, 38), (15,), (1.0,), (15,), (3.0,))
('K.8 Musicalion', 'P1', 2, (75, 78), (31,), (1.0,), (31,), (3.0,))
('K.8 Musicalion', 'P1', 3, (74, 77), (31,), (2.0,), (32,), (1.0,))
('K.8 Musicalion', 'P1', 3, (100, 103), (40,), (3.0,), (41,), (2.0,))

18.    ((2, 2, -3), (1.75, 0.25, 0.75)):
('K.8 Musicalion', 'P1', 3, (76, 79), (32,), (1.0,), (32,), (3.0,))
('K.8 Musicalion', 'P1', 4, (2, 5), (2,), (1.0,), (2,), (3.0,))
('K.8 Musicalion', 'P1', 4, (18, 21), (10,), (1.0,), (10,), (3.0,))
('K.8 Musicalion', 'P1', 4, (35, 38), (16,), (1.0,), (16,), (3.0,))
('K.8 Musicalion', 'P1', 4, (60, 63), (28,), (1.0,), (28,), (3.0,))

19.    ((-2, -2, -2), (1.0, 1.0, 1.0)):
('K.8 Musicalion', 'P1', 3, (30, 33), (15,), (1.0,), (15,), (3.0,))
('K.8 Musicalion', 'P1', 3, (73, 76), (31,), (1.0,), (31,), (3.0,))
('K.8 Musicalion', 'P1', 3, (99, 102), (40,), (2.0,), (40,), (1.0,))
('K.8 Musicalion', 'P1', 4, (75, 78), (34,), (2.0,), (34,), (1.0,))

20.    ((2, -2, -2), (0.25, 1.75, 0.25)):
('K.8 Musicalion', 'P1', 1, (15, 18), (4,), (3.75,), (5,), (2.75,))
('K.8 Musicalion', 'P1', 2, (29, 32), (12,), (3.75,), (13,), (2.75,))
('K.8 Musicalion', 'P1', 2, (92, 95), (35,), (2.75,), (35,), (1.75,))

21.    ((-2, -2, -2), (0.25, 0.75, 0.25)):
('K.8 Musicalion', 'P1', 1, (59, 62), (24,), (1.75,), (24,), (2.75,))
('K.8 Musicalion', 'P1', 2, (40, 43), (16,), (2.75,), (16,), (3.75,))
('K.8 Musicalion', 'P1', 2, (67, 70), (28,), (2.75,), (28,), (3.75,))

22.    ((-2, -2, -2), (0.75, 0.25, 0.75)):
('K.8 Musicalion', 'P1', 2, (39, 42), (16,), (2.0,), (16,), (3.0,))
('K.8 Musicalion', 'P1', 2, (66, 69), (28,), (2.0,), (28,), (3.0,))
('K.8 Musicalion', 'P1', 3, (15, 18), (8,), (2.0,), (8,), (3.0,))

23.    ((2, 2, 2), (0.25, 1.0, 1.0)):
('K.8 Musicalion', 'P1', 2, (57, 60), (25,), (1.75,), (25,), (3.0,))
('K.8 Musicalion', 'P1', 2, (62, 65), (27,), (1.75,), (27,), (3.0,))
('K.8 Musicalion', 'P1', 3, (62, 65), (24,), (3.75,), (25,), (2.0,))

24.    ((2, 2, -5), (0.25, 0.75, 0.25)):
('K.8 Musicalion', 'P1', 1, (88, 91), (35,), (3.75,), (35,), (1.75,))
('K.8 Musicalion', 'P1', 1, (119, 122), (47,), (1.75,), (47,), (2.75,))

25.    ((4, -2, 2), (0.75, 1.0, 0.25)):
('K.8 Musicalion', 'P1', 2, (86, 89), (33,), (1.0,), (34,), (2.75,))
('K.8 Musicalion', 'P1', 2, (90, 93), (34,), (1.0,), (35,), (2.75,))

26.    ((-2, -2, 2), (1.0, 1.0, 1.0)):
('K.8 Musicalion', 'P1', 2, (15, 18), (6,), (3.0,), (7,), (2.0,))
('K.8 Musicalion', 'P1', 3, (80, 83), (33,), (2.0,), (33,), (1.0,))

27.    ((-2, -2, 4), (0.25, 0.75, 0.25)):
('K.8 Musicalion', 'P1', 3, (16, 19), (8,), (2.75,), (8,), (3.75,))
('K.8 Musicalion', 'P1', 3, (88, 91), (35,), (3.75,), (35,), (1.75,))

28.    ((2, 2, 1), (1.0, 1.0, 1.0)):
('K.8 Musicalion', 'P1', 3, (63, 66), (25,), (1.0,), (25,), (3.0,))
('K.8 Musicalion', 'P1', 3, (67, 70), (27,), (1.0,), (27,), (3.0,))

29.    ((2, 4, 3), (0.0, 0.0, 1.0)):
('K.8 Musicalion', 'P1', 3, (121, 124), (47,), (3.0,), (47,), (3.0,))
('K.8 Musicalion', 'P1', 3, (128, 131), (48,), (3.0,), (48,), (3.0,))

30.    ((-2, -2), (1.0, 1.0)):
('K.8 Musicalion', 'P1', 1, (105, 107), (40,), (2.0,), (40,), (3.0,))
('K.8 Musicalion', 'P1', 2, (15, 17), (6,), (3.0,), (7,), (1.0,))
('K.8 Musicalion', 'P1', 2, (35, 37), (15,), (1.0,), (15,), (2.0,))
('K.8 Musicalion', 'P1', 2, (48, 50), (19,), (1.0,), (19,), (2.0,))
('K.8 Musicalion', 'P1', 2, (75, 77), (31,), (1.0,), (31,), (2.0,))
('K.8 Musicalion', 'P1', 2, (118, 120), (44,), (3.0,), (44,), (1.0,))
('K.8 Musicalion', 'P1', 3, (30, 32), (15,), (1.0,), (15,), (2.0,))
('K.8 Musicalion', 'P1', 3, (41, 43), (19,), (1.0,), (19,), (2.0,))
('K.8 Musicalion', 'P1', 3, (73, 75), (31,), (1.0,), (31,), (2.0,))
('K.8 Musicalion', 'P1', 3, (80, 82), (33,), (2.0,), (33,), (3.0,))
('K.8 Musicalion', 'P1', 3, (99, 101), (40,), (2.0,), (40,), (3.0,))
('K.8 Musicalion', 'P1', 3, (112, 114), (44,), (3.0,), (44,), (1.0,))
('K.8 Musicalion', 'P1', 4, (12, 14), (7,), (1.0,), (7,), (2.0,))
('K.8 Musicalion', 'P1', 4, (75, 77), (34,), (2.0,), (34,), (3.0,))
('K.8 Musicalion', 'P1', 4, (77, 79), (34,), (1.0,), (35,), (2.0,))

31.    ((-2, -2), (1.75, 0.25)):
('K.8 Musicalion', 'P1', 1, (16, 18), (5,), (1.0,), (5,), (2.75,))
('K.8 Musicalion', 'P1', 1, (84, 86), (34,), (2.0,), (34,), (3.75,))
('K.8 Musicalion', 'P1', 2, (30, 32), (13,), (1.0,), (13,), (2.75,))
('K.8 Musicalion', 'P1', 2, (43, 45), (17,), (1.0,), (17,), (2.75,))
('K.8 Musicalion', 'P1', 2, (70, 72), (29,), (1.0,), (29,), (2.75,))
('K.8 Musicalion', 'P1', 2, (93, 95), (35,), (3.0,), (35,), (1.75,))
('K.8 Musicalion', 'P1', 2, (113, 115), (42,), (3.0,), (42,), (1.75,))
('K.8 Musicalion', 'P1', 3, (25, 27), (12,), (1.0,), (12,), (2.75,))

32.    ((-2, -2), (0.75, 0.25)):
('K.8 Musicalion', 'P1', 1, (18, 20), (5,), (3.0,), (5,), (3.75,))
('K.8 Musicalion', 'P1', 1, (60, 62), (24,), (2.0,), (24,), (2.75,))
('K.8 Musicalion', 'P1', 1, (65, 67), (26,), (2.0,), (26,), (2.75,))
('K.8 Musicalion', 'P1', 2, (39, 41), (16,), (2.0,), (16,), (2.75,))
('K.8 Musicalion', 'P1', 2, (41, 43), (16,), (3.0,), (16,), (3.75,))
('K.8 Musicalion', 'P1', 2, (66, 68), (28,), (2.0,), (28,), (2.75,))
('K.8 Musicalion', 'P1', 2, (68, 70), (28,), (3.0,), (28,), (3.75,))
('K.8 Musicalion', 'P1', 3, (15, 17), (8,), (2.0,), (8,), (2.75,))

33.    ((2, 2), (0.25, 0.75)):
('K.8 Musicalion', 'P1', 1, (5, 7), (2,), (2.75,), (2,), (3.0,))
('K.8 Musicalion', 'P1', 1, (13, 15), (4,), (2.75,), (4,), (3.0,))
('K.8 Musicalion', 'P1', 1, (28, 30), (10,), (2.75,), (10,), (3.0,))
('K.8 Musicalion', 'P1', 1, (88, 90), (35,), (3.75,), (35,), (1.0,))
('K.8 Musicalion', 'P1', 1, (119, 121), (47,), (1.75,), (47,), (2.0,))
('K.8 Musicalion', 'P1', 2, (80, 82), (32,), (2.75,), (32,), (3.0,))
('K.8 Musicalion', 'P1', 3, (125, 127), (47,), (1.75,), (47,), (2.0,))
('K.8 Musicalion', 'P1', 4, (9, 11), (4,), (2.75,), (4,), (3.0,))

34.    ((-2, -2), (0.25, 0.75)):
('K.8 Musicalion', 'P1', 1, (17, 19), (5,), (2.75,), (5,), (3.0,))
('K.8 Musicalion', 'P1', 1, (59, 61), (24,), (1.75,), (24,), (2.0,))
('K.8 Musicalion', 'P1', 2, (40, 42), (16,), (2.75,), (16,), (3.0,))
('K.8 Musicalion', 'P1', 2, (67, 69), (28,), (2.75,), (28,), (3.0,))
('K.8 Musicalion', 'P1', 2, (110, 112), (41,), (3.75,), (41,), (1.0,))
('K.8 Musicalion', 'P1', 3, (16, 18), (8,), (2.75,), (8,), (3.0,))
('K.8 Musicalion', 'P1', 3, (88, 90), (35,), (3.75,), (35,), (1.0,))
('K.8 Musicalion', 'P1', 4, (54, 56), (26,), (2.75,), (26,), (3.0,))

35.    ((2, 1), (1.0, 1.0)):
('K.8 Musicalion', 'P1', 3, (64, 66), (25,), (2.0,), (25,), (3.0,))
('K.8 Musicalion', 'P1', 3, (68, 70), (27,), (2.0,), (27,), (3.0,))
('K.8 Musicalion', 'P1', 4, (32, 34), (15,), (1.0,), (15,), (2.0,))
('K.8 Musicalion', 'P1', 4, (71, 73), (31,), (1.0,), (31,), (2.0,))
('K.8 Musicalion', 'P1', 4, (94, 96), (40,), (2.0,), (40,), (3.0,))
('K.8 Musicalion', 'P1', 4, (101, 103), (44,), (3.0,), (44,), (1.0,))

36.    ((2, 2), (0.25, 1.0)):
('K.8 Musicalion', 'P1', 1, (103, 105), (39,), (3.75,), (39,), (1.0,))
('K.8 Musicalion', 'P1', 2, (57, 59), (25,), (1.75,), (25,), (2.0,))
('K.8 Musicalion', 'P1', 2, (62, 64), (27,), (1.75,), (27,), (2.0,))
('K.8 Musicalion', 'P1', 2, (88, 90), (34,), (2.75,), (34,), (3.0,))
('K.8 Musicalion', 'P1', 3, (62, 64), (24,), (3.75,), (25,), (1.0,))

37.    ((-2, -2), (0.12, 0.12)):
('K.8 Musicalion', 'P1', 1, (53, 55), (18,), (2.0,), (18,), (2.12,))
('K.8 Musicalion', 'P1', 1, (74, 76), (30,), (2.0,), (30,), (2.12,))
('K.8 Musicalion', 'P1', 1, (113, 115), (43,), (1.0,), (43,), (1.12,))
('K.8 Musicalion', 'P1', 3, (104, 106), (41,), (1.0,), (41,), (1.12,))
('K.8 Musicalion', 'P1', 4, (91, 93), (39,), (1.0,), (39,), (1.12,))

38.    ((-2, 2), (0.25, 1.0)):
('K.8 Musicalion', 'P1', 1, (19, 21), (5,), (3.75,), (6,), (1.0,))
('K.8 Musicalion', 'P1', 2, (44, 46), (17,), (2.75,), (17,), (3.0,))
('K.8 Musicalion', 'P1', 2, (71, 73), (29,), (2.75,), (29,), (3.0,))
('K.8 Musicalion', 'P1', 2, (114, 116), (42,), (1.75,), (42,), (2.0,))

39.    ((-2, -2), (1.0, 2.0)):
('K.8 Musicalion', 'P1', 2, (119, 121), (44,), (1.0,), (44,), (2.0,))
('K.8 Musicalion', 'P1', 3, (93, 95), (37,), (2.0,), (37,), (3.0,))
('K.8 Musicalion', 'P1', 4, (6, 8), (3,), (1.0,), (3,), (2.0,))
('K.8 Musicalion', 'P1', 4, (22, 24), (11,), (1.0,), (11,), (2.0,))

40.    ((2, 2), (0.75, 0.25)):
('K.8 Musicalion', 'P1', 1, (35, 37), (12,), (2.0,), (12,), (2.75,))
('K.8 Musicalion', 'P1', 2, (9, 11), (5,), (1.0,), (5,), (1.75,))
('K.8 Musicalion', 'P1', 2, (105, 107), (39,), (3.0,), (39,), (3.75,))

41.    ((4, -2), (0.25, 1.0)):
('K.8 Musicalion', 'P1', 1, (82, 84), (33,), (3.75,), (33,), (1.0,))
('K.8 Musicalion', 'P1', 3, (40, 42), (18,), (3.75,), (19,), (1.0,))
('K.8 Musicalion', 'P1', 3, (111, 113), (43,), (2.75,), (44,), (3.0,))

42.    ((4, -5), (1.0, 1.0)):
('K.8 Musicalion', 'P1', 1, (33, 35), (11,), (3.0,), (12,), (1.0,))
('K.8 Musicalion', 'P1', 4, (85, 87), (37,), (1.0,), (38,), (2.0,))
('K.8 Musicalion', 'P1', 4, (87, 89), (38,), (3.0,), (38,), (1.0,))

43.    ((-2, 2), (2.0, 1.0)):
('K.8 Musicalion', 'P1', 2, (126, 128), (47,), (1.0,), (48,), (3.0,))
('K.8 Musicalion', 'P1', 3, (0, 2), (1,), (1.0,), (1,), (3.0,))
('K.8 Musicalion', 'P1', 3, (19, 21), (9,), (1.0,), (9,), (3.0,))

44.    ((2, -2), (0.25, 1.0)):
('K.8 Musicalion', 'P1', 3, (10, 12), (6,), (1.75,), (6,), (2.0,))
('K.8 Musicalion', 'P1', 4, (5, 7), (2,), (3.75,), (3,), (1.0,))
('K.8 Musicalion', 'P1', 4, (21, 23), (10,), (3.75,), (11,), (1.0,))

45.    ((2, 2), (1.75, 0.25)):
('K.8 Musicalion', 'P1', 3, (102, 104), (41,), (2.0,), (41,), (3.75,))
('K.8 Musicalion', 'P1', 4, (8, 10), (4,), (1.0,), (4,), (2.75,))
('K.8 Musicalion', 'P1', 4, (98, 100), (42,), (3.0,), (42,), (1.75,))

46.    ((2, 2), (0.25, 1.75)):
('K.8 Musicalion', 'P1', 1, (30, 32), (10,), (3.75,), (11,), (1.0,))
('K.8 Musicalion', 'P1', 2, (108, 110), (40,), (1.75,), (41,), (2.0,))

47.    ((-2, -2), (0.25, 1.0)):
('K.8 Musicalion', 'P1', 2, (14, 16), (6,), (2.75,), (6,), (3.0,))
('K.8 Musicalion', 'P1', 2, (94, 96), (35,), (1.75,), (36,), (2.0,))

48.    ((-2, 4), (1.0, 1.0)):
('K.8 Musicalion', 'P1', 3, (4, 6), (3,), (2.0,), (3,), (3.0,))
('K.8 Musicalion', 'P1', 3, (13, 15), (7,), (3.0,), (8,), (1.0,))

49.    ((-2, 2), (0.75, 0.25)):
('K.8 Musicalion', 'P1', 3, (61, 63), (24,), (3.0,), (24,), (3.75,))
('K.8 Musicalion', 'P1', 4, (55, 57), (26,), (3.0,), (26,), (3.75,))

50.    ((-2, -5), (1.0, 1.0)):
('K.8 Musicalion', 'P1', 4, (50, 52), (25,), (1.0,), (25,), (2.0,))
('K.8 Musicalion', 'P1', 4, (57, 59), (27,), (1.0,), (27,), (2.0,))

51.    ((-5, 4), (1.0, 1.0)):
('K.8 Musicalion', 'P1', 4, (83, 85), (37,), (2.0,), (37,), (3.0,))
('K.8 Musicalion', 'P1', 4, (86, 88), (38,), (2.0,), (38,), (3.0,))

52.    ((2,), (1.0,)):
('K.8 Musicalion', 'P1', 1, (2, 3), (1,), (3.0,), (1,), (3.0,))
('K.8 Musicalion', 'P1', 1, (10, 11), (3,), (3.0,), (3,), (3.0,))
('K.8 Musicalion', 'P1', 1, (20, 21), (6,), (1.0,), (6,), (1.0,))
('K.8 Musicalion', 'P1', 1, (25, 26), (9,), (3.0,), (9,), (3.0,))
('K.8 Musicalion', 'P1', 1, (104, 105), (39,), (1.0,), (39,), (1.0,))
('K.8 Musicalion', 'P1', 2, (17, 18), (7,), (2.0,), (7,), (2.0,))
('K.8 Musicalion', 'P1', 2, (32, 33), (13,), (3.0,), (13,), (3.0,))
('K.8 Musicalion', 'P1', 2, (34, 35), (14,), (3.0,), (14,), (3.0,))
('K.8 Musicalion', 'P1', 2, (45, 46), (17,), (3.0,), (17,), (3.0,))
('K.8 Musicalion', 'P1', 2, (47, 48), (18,), (3.0,), (18,), (3.0,))
('K.8 Musicalion', 'P1', 2, (58, 59), (25,), (2.0,), (25,), (2.0,))
('K.8 Musicalion', 'P1', 2, (59, 60), (25,), (3.0,), (25,), (3.0,))
('K.8 Musicalion', 'P1', 2, (63, 64), (27,), (2.0,), (27,), (2.0,))
('K.8 Musicalion', 'P1', 2, (64, 65), (27,), (3.0,), (27,), (3.0,))
('K.8 Musicalion', 'P1', 2, (72, 73), (29,), (3.0,), (29,), (3.0,))
('K.8 Musicalion', 'P1', 2, (74, 75), (30,), (3.0,), (30,), (3.0,))
('K.8 Musicalion', 'P1', 2, (89, 90), (34,), (3.0,), (34,), (3.0,))
('K.8 Musicalion', 'P1', 2, (104, 105), (39,), (2.0,), (39,), (2.0,))
('K.8 Musicalion', 'P1', 2, (115, 116), (42,), (2.0,), (42,), (2.0,))
('K.8 Musicalion', 'P1', 2, (117, 118), (43,), (2.0,), (43,), (2.0,))
('K.8 Musicalion', 'P1', 2, (127, 128), (48,), (3.0,), (48,), (3.0,))
('K.8 Musicalion', 'P1', 3, (1, 2), (1,), (3.0,), (1,), (3.0,))
('K.8 Musicalion', 'P1', 3, (3, 4), (3,), (1.0,), (3,), (1.0,))
('K.8 Musicalion', 'P1', 3, (7, 8), (5,), (1.0,), (5,), (1.0,))
('K.8 Musicalion', 'P1', 3, (8, 9), (5,), (2.0,), (5,), (2.0,))
('K.8 Musicalion', 'P1', 3, (20, 21), (9,), (3.0,), (9,), (3.0,))
('K.8 Musicalion', 'P1', 3, (22, 23), (11,), (1.0,), (11,), (1.0,))
('K.8 Musicalion', 'P1', 3, (23, 24), (11,), (2.0,), (11,), (2.0,))
('K.8 Musicalion', 'P1', 3, (24, 25), (11,), (3.0,), (11,), (3.0,))
('K.8 Musicalion', 'P1', 3, (63, 64), (25,), (1.0,), (25,), (1.0,))
('K.8 Musicalion', 'P1', 3, (64, 65), (25,), (2.0,), (25,), (2.0,))
('K.8 Musicalion', 'P1', 3, (67, 68), (27,), (1.0,), (27,), (1.0,))
('K.8 Musicalion', 'P1', 3, (68, 69), (27,), (2.0,), (27,), (2.0,))
('K.8 Musicalion', 'P1', 3, (82, 83), (33,), (1.0,), (33,), (1.0,))
('K.8 Musicalion', 'P1', 3, (83, 84), (34,), (2.0,), (34,), (2.0,))
('K.8 Musicalion', 'P1', 3, (86, 87), (35,), (2.0,), (35,), (2.0,))
('K.8 Musicalion', 'P1', 4, (32, 33), (15,), (1.0,), (15,), (1.0,))
('K.8 Musicalion', 'P1', 4, (39, 40), (19,), (1.0,), (19,), (1.0,))
('K.8 Musicalion', 'P1', 4, (71, 72), (31,), (1.0,), (31,), (1.0,))
('K.8 Musicalion', 'P1', 4, (94, 95), (40,), (2.0,), (40,), (2.0,))
('K.8 Musicalion', 'P1', 4, (101, 102), (44,), (3.0,), (44,), (3.0,))

53.    ((2,), (0.25,)):
('K.8 Musicalion', 'P1', 1, (7, 8), (2,), (3.75,), (2,), (3.75,))
('K.8 Musicalion', 'P1', 1, (15, 16), (4,), (3.75,), (4,), (3.75,))
('K.8 Musicalion', 'P1', 1, (30, 31), (10,), (3.75,), (10,), (3.75,))
('K.8 Musicalion', 'P1', 1, (36, 37), (12,), (2.75,), (12,), (2.75,))
('K.8 Musicalion', 'P1', 1, (47, 48), (15,), (3.75,), (15,), (3.75,))
('K.8 Musicalion', 'P1', 1, (80, 81), (31,), (3.75,), (31,), (3.75,))
('K.8 Musicalion', 'P1', 1, (93, 94), (36,), (3.75,), (36,), (3.75,))
('K.8 Musicalion', 'P1', 1, (103, 104), (39,), (3.75,), (39,), (3.75,))
('K.8 Musicalion', 'P1', 2, (10, 11), (5,), (1.75,), (5,), (1.75,))
('K.8 Musicalion', 'P1', 2, (29, 30), (12,), (3.75,), (12,), (3.75,))
('K.8 Musicalion', 'P1', 2, (57, 58), (25,), (1.75,), (25,), (1.75,))
('K.8 Musicalion', 'P1', 2, (62, 63), (27,), (1.75,), (27,), (1.75,))
('K.8 Musicalion', 'P1', 2, (88, 89), (34,), (2.75,), (34,), (2.75,))
('K.8 Musicalion', 'P1', 2, (92, 93), (35,), (2.75,), (35,), (2.75,))
('K.8 Musicalion', 'P1', 2, (106, 107), (39,), (3.75,), (39,), (3.75,))
('K.8 Musicalion', 'P1', 2, (108, 109), (40,), (1.75,), (40,), (1.75,))
('K.8 Musicalion', 'P1', 3, (10, 11), (6,), (1.75,), (6,), (1.75,))
('K.8 Musicalion', 'P1', 3, (35, 36), (17,), (2.75,), (17,), (2.75,))
('K.8 Musicalion', 'P1', 3, (62, 63), (24,), (3.75,), (24,), (3.75,))
('K.8 Musicalion', 'P1', 3, (77, 78), (32,), (2.75,), (32,), (2.75,))
('K.8 Musicalion', 'P1', 3, (103, 104), (41,), (3.75,), (41,), (3.75,))
('K.8 Musicalion', 'P1', 4, (3, 4), (2,), (2.75,), (2,), (2.75,))
('K.8 Musicalion', 'P1', 4, (5, 6), (2,), (3.75,), (2,), (3.75,))
('K.8 Musicalion', 'P1', 4, (19, 20), (10,), (2.75,), (10,), (2.75,))
('K.8 Musicalion', 'P1', 4, (21, 22), (10,), (3.75,), (10,), (3.75,))
('K.8 Musicalion', 'P1', 4, (26, 27), (13,), (2.75,), (13,), (2.75,))
('K.8 Musicalion', 'P1', 4, (36, 37), (16,), (2.75,), (16,), (2.75,))
('K.8 Musicalion', 'P1', 4, (56, 57), (26,), (3.75,), (26,), (3.75,))
('K.8 Musicalion', 'P1', 4, (61, 62), (28,), (2.75,), (28,), (2.75,))
('K.8 Musicalion', 'P1', 4, (65, 66), (29,), (2.75,), (29,), (2.75,))
('K.8 Musicalion', 'P1', 4, (99, 100), (42,), (1.75,), (42,), (1.75,))

54.    ((2,), (1.75,)):
('K.8 Musicalion', 'P1', 1, (0, 1), (1,), (1.0,), (1,), (1.0,))
('K.8 Musicalion', 'P1', 1, (8, 9), (3,), (1.0,), (3,), (1.0,))
('K.8 Musicalion', 'P1', 1, (31, 32), (11,), (1.0,), (11,), (1.0,))
('K.8 Musicalion', 'P1', 1, (37, 38), (12,), (3.0,), (12,), (3.0,))
('K.8 Musicalion', 'P1', 1, (94, 95), (36,), (1.0,), (36,), (1.0,))
('K.8 Musicalion', 'P1', 1, (96, 97), (37,), (3.0,), (37,), (3.0,))
('K.8 Musicalion', 'P1', 1, (98, 99), (38,), (2.0,), (38,), (2.0,))
('K.8 Musicalion', 'P1', 1, (100, 101), (38,), (1.0,), (38,), (1.0,))
('K.8 Musicalion', 'P1', 1, (107, 108), (40,), (1.0,), (40,), (1.0,))
('K.8 Musicalion', 'P1', 2, (37, 38), (15,), (3.0,), (15,), (3.0,))
('K.8 Musicalion', 'P1', 2, (77, 78), (31,), (3.0,), (31,), (3.0,))
('K.8 Musicalion', 'P1', 2, (98, 99), (37,), (2.0,), (37,), (2.0,))
('K.8 Musicalion', 'P1', 2, (100, 101), (37,), (1.0,), (37,), (1.0,))
('K.8 Musicalion', 'P1', 2, (102, 103), (38,), (3.0,), (38,), (3.0,))
('K.8 Musicalion', 'P1', 2, (109, 110), (41,), (2.0,), (41,), (2.0,))
('K.8 Musicalion', 'P1', 3, (34, 35), (17,), (1.0,), (17,), (1.0,))
('K.8 Musicalion', 'P1', 3, (76, 77), (32,), (1.0,), (32,), (1.0,))
('K.8 Musicalion', 'P1', 3, (102, 103), (41,), (2.0,), (41,), (2.0,))
('K.8 Musicalion', 'P1', 4, (2, 3), (2,), (1.0,), (2,), (1.0,))
('K.8 Musicalion', 'P1', 4, (8, 9), (4,), (1.0,), (4,), (1.0,))
('K.8 Musicalion', 'P1', 4, (18, 19), (10,), (1.0,), (10,), (1.0,))
('K.8 Musicalion', 'P1', 4, (25, 26), (13,), (1.0,), (13,), (1.0,))
('K.8 Musicalion', 'P1', 4, (35, 36), (16,), (1.0,), (16,), (1.0,))
('K.8 Musicalion', 'P1', 4, (60, 61), (28,), (1.0,), (28,), (1.0,))
('K.8 Musicalion', 'P1', 4, (64, 65), (29,), (1.0,), (29,), (1.0,))
('K.8 Musicalion', 'P1', 4, (98, 99), (42,), (3.0,), (42,), (3.0,))

55.    ((-2,), (0.25,)):
('K.8 Musicalion', 'P1', 1, (19, 20), (5,), (3.75,), (5,), (3.75,))
('K.8 Musicalion', 'P1', 1, (61, 62), (24,), (2.75,), (24,), (2.75,))
('K.8 Musicalion', 'P1', 1, (66, 67), (26,), (2.75,), (26,), (2.75,))
('K.8 Musicalion', 'P1', 1, (85, 86), (34,), (3.75,), (34,), (3.75,))
('K.8 Musicalion', 'P1', 2, (1, 2), (1,), (1.75,), (1,), (1.75,))
('K.8 Musicalion', 'P1', 2, (6, 7), (3,), (1.75,), (3,), (1.75,))
('K.8 Musicalion', 'P1', 2, (14, 15), (6,), (2.75,), (6,), (2.75,))
('K.8 Musicalion', 'P1', 2, (20, 21), (9,), (1.75,), (9,), (1.75,))
('K.8 Musicalion', 'P1', 2, (25, 26), (11,), (1.75,), (11,), (1.75,))
('K.8 Musicalion', 'P1', 2, (31, 32), (13,), (2.75,), (13,), (2.75,))
('K.8 Musicalion', 'P1', 2, (42, 43), (16,), (3.75,), (16,), (3.75,))
('K.8 Musicalion', 'P1', 2, (44, 45), (17,), (2.75,), (17,), (2.75,))
('K.8 Musicalion', 'P1', 2, (69, 70), (28,), (3.75,), (28,), (3.75,))
('K.8 Musicalion', 'P1', 2, (71, 72), (29,), (2.75,), (29,), (2.75,))
('K.8 Musicalion', 'P1', 2, (84, 85), (33,), (2.75,), (33,), (2.75,))
('K.8 Musicalion', 'P1', 2, (94, 95), (35,), (1.75,), (35,), (1.75,))
('K.8 Musicalion', 'P1', 2, (97, 98), (36,), (1.75,), (36,), (1.75,))
('K.8 Musicalion', 'P1', 2, (114, 115), (42,), (1.75,), (42,), (1.75,))
('K.8 Musicalion', 'P1', 3, (26, 27), (12,), (2.75,), (12,), (2.75,))
('K.8 Musicalion', 'P1', 3, (38, 39), (18,), (2.75,), (18,), (2.75,))
('K.8 Musicalion', 'P1', 3, (109, 110), (43,), (1.75,), (43,), (1.75,))
('K.8 Musicalion', 'P1', 4, (29, 30), (14,), (2.75,), (14,), (2.75,))
('K.8 Musicalion', 'P1', 4, (68, 69), (30,), (2.75,), (30,), (2.75,))
('K.8 Musicalion', 'P1', 4, (90, 91), (39,), (3.75,), (39,), (3.75,))

56.    ((-2,), (1.0,)):
('K.8 Musicalion', 'P1', 1, (83, 84), (33,), (1.0,), (33,), (1.0,))
('K.8 Musicalion', 'P1', 2, (12, 13), (5,), (3.0,), (5,), (3.0,))
('K.8 Musicalion', 'P1', 2, (85, 86), (33,), (3.0,), (33,), (3.0,))
('K.8 Musicalion', 'P1', 2, (87, 88), (33,), (1.75,), (33,), (1.75,))
('K.8 Musicalion', 'P1', 2, (91, 92), (34,), (1.75,), (34,), (1.75,))
('K.8 Musicalion', 'P1', 2, (95, 96), (36,), (2.0,), (36,), (2.0,))
('K.8 Musicalion', 'P1', 3, (4, 5), (3,), (2.0,), (3,), (2.0,))
('K.8 Musicalion', 'P1', 3, (11, 12), (6,), (2.0,), (6,), (2.0,))
('K.8 Musicalion', 'P1', 3, (13, 14), (7,), (3.0,), (7,), (3.0,))
('K.8 Musicalion', 'P1', 3, (32, 33), (15,), (3.0,), (15,), (3.0,))
('K.8 Musicalion', 'P1', 3, (36, 37), (17,), (3.0,), (17,), (3.0,))
('K.8 Musicalion', 'P1', 3, (75, 76), (31,), (3.0,), (31,), (3.0,))
('K.8 Musicalion', 'P1', 3, (93, 94), (37,), (2.0,), (37,), (2.0,))
('K.8 Musicalion', 'P1', 3, (101, 102), (40,), (1.0,), (40,), (1.0,))
('K.8 Musicalion', 'P1', 4, (6, 7), (3,), (1.0,), (3,), (1.0,))
('K.8 Musicalion', 'P1', 4, (22, 23), (11,), (1.0,), (11,), (1.0,))
('K.8 Musicalion', 'P1', 4, (27, 28), (13,), (3.0,), (13,), (3.0,))
('K.8 Musicalion', 'P1', 4, (50, 51), (25,), (1.0,), (25,), (1.0,))
('K.8 Musicalion', 'P1', 4, (57, 58), (27,), (1.0,), (27,), (1.0,))
('K.8 Musicalion', 'P1', 4, (66, 67), (29,), (3.0,), (29,), (3.0,))

57.    ((-3,), (0.25,)):
('K.8 Musicalion', 'P1', 1, (32, 33), (11,), (2.75,), (11,), (2.75,))
('K.8 Musicalion', 'P1', 1, (50, 51), (17,), (1.75,), (17,), (1.75,))
('K.8 Musicalion', 'P1', 1, (52, 53), (18,), (1.75,), (18,), (1.75,))
('K.8 Musicalion', 'P1', 1, (69, 70), (28,), (1.75,), (28,), (1.75,))
('K.8 Musicalion', 'P1', 1, (71, 72), (29,), (1.75,), (29,), (1.75,))
('K.8 Musicalion', 'P1', 1, (73, 74), (30,), (1.75,), (30,), (1.75,))
('K.8 Musicalion', 'P1', 1, (110, 111), (42,), (3.75,), (42,), (3.75,))
('K.8 Musicalion', 'P1', 1, (112, 113), (43,), (3.75,), (43,), (3.75,))
('K.8 Musicalion', 'P1', 2, (3, 4), (2,), (1.75,), (2,), (1.75,))
('K.8 Musicalion', 'P1', 2, (22, 23), (10,), (1.75,), (10,), (1.75,))

58.    ((4,), (1.0,)):
('K.8 Musicalion', 'P1', 1, (33, 34), (11,), (3.0,), (11,), (3.0,))
('K.8 Musicalion', 'P1', 3, (5, 6), (3,), (3.0,), (3,), (3.0,))
('K.8 Musicalion', 'P1', 3, (14, 15), (8,), (1.0,), (8,), (1.0,))
('K.8 Musicalion', 'P1', 4, (52, 53), (25,), (3.0,), (25,), (3.0,))
('K.8 Musicalion', 'P1', 4, (84, 85), (37,), (3.0,), (37,), (3.0,))
('K.8 Musicalion', 'P1', 4, (85, 86), (37,), (1.0,), (37,), (1.0,))
('K.8 Musicalion', 'P1', 4, (87, 88), (38,), (3.0,), (38,), (3.0,))
('K.8 Musicalion', 'P1', 4, (97, 98), (41,), (2.0,), (41,), (2.0,))

59.    ((4,), (0.75,)):
('K.8 Musicalion', 'P1', 1, (55, 56), (18,), (2.25,), (18,), (2.25,))
('K.8 Musicalion', 'P1', 1, (76, 77), (30,), (2.25,), (30,), (2.25,))
('K.8 Musicalion', 'P1', 1, (91, 92), (36,), (2.0,), (36,), (2.0,))
('K.8 Musicalion', 'P1', 1, (115, 116), (43,), (1.25,), (43,), (1.25,))
('K.8 Musicalion', 'P1', 2, (86, 87), (33,), (1.0,), (33,), (1.0,))
('K.8 Musicalion', 'P1', 2, (90, 91), (34,), (1.0,), (34,), (1.0,))

60.    ((4,), (0.25,)):
('K.8 Musicalion', 'P1', 1, (82, 83), (33,), (3.75,), (33,), (3.75,))
('K.8 Musicalion', 'P1', 2, (27, 28), (12,), (1.75,), (12,), (1.75,))
('K.8 Musicalion', 'P1', 3, (18, 19), (8,), (3.75,), (8,), (3.75,))
('K.8 Musicalion', 'P1', 3, (40, 41), (18,), (3.75,), (18,), (3.75,))
('K.8 Musicalion', 'P1', 3, (90, 91), (35,), (1.75,), (35,), (1.75,))
('K.8 Musicalion', 'P1', 3, (111, 112), (43,), (2.75,), (43,), (2.75,))

61.    ((-5,), (0.25,)):
('K.8 Musicalion', 'P1', 1, (22, 23), (8,), (1.75,), (8,), (1.75,))
('K.8 Musicalion', 'P1', 1, (90, 91), (35,), (1.75,), (35,), (1.75,))
('K.8 Musicalion', 'P1', 1, (121, 122), (47,), (2.75,), (47,), (2.75,))
('K.8 Musicalion', 'P1', 4, (31, 32), (14,), (3.75,), (14,), (3.75,))
('K.8 Musicalion', 'P1', 4, (63, 64), (28,), (3.75,), (28,), (3.75,))
('K.8 Musicalion', 'P1', 4, (70, 71), (30,), (3.75,), (30,), (3.75,))

62.    ((-6,), (1.0,)):
('K.8 Musicalion', 'P1', 1, (3, 4), (2,), (1.0,), (2,), (1.0,))
('K.8 Musicalion', 'P1', 1, (11, 12), (4,), (1.0,), (4,), (1.0,))
('K.8 Musicalion', 'P1', 1, (26, 27), (10,), (1.0,), (10,), (1.0,))
('K.8 Musicalion', 'P1', 1, (48, 49), (16,), (1.0,), (16,), (1.0,))
('K.8 Musicalion', 'P1', 3, (114, 115), (44,), (2.0,), (44,), (2.0,))

63.    ((1,), (2.0,)):
('K.8 Musicalion', 'P1', 2, (33, 34), (14,), (1.0,), (14,), (1.0,))
('K.8 Musicalion', 'P1', 2, (46, 47), (18,), (1.0,), (18,), (1.0,))
('K.8 Musicalion', 'P1', 2, (73, 74), (30,), (1.0,), (30,), (1.0,))
('K.8 Musicalion', 'P1', 2, (116, 117), (43,), (3.0,), (43,), (3.0,))
('K.8 Musicalion', 'P1', 3, (92, 93), (36,), (3.0,), (36,), (3.0,))

64.    ((-4,), (0.75,)):
('K.8 Musicalion', 'P1', 2, (5, 6), (3,), (1.0,), (3,), (1.0,))
('K.8 Musicalion', 'P1', 2, (24, 25), (11,), (1.0,), (11,), (1.0,))
('K.8 Musicalion', 'P1', 2, (83, 84), (33,), (2.0,), (33,), (2.0,))
('K.8 Musicalion', 'P1', 3, (124, 125), (47,), (1.0,), (47,), (1.0,))

65.    ((-2,), (2.0,)):
('K.8 Musicalion', 'P1', 2, (126, 127), (47,), (1.0,), (47,), (1.0,))
('K.8 Musicalion', 'P1', 3, (0, 1), (1,), (1.0,), (1,), (1.0,))
('K.8 Musicalion', 'P1', 3, (19, 20), (9,), (1.0,), (9,), (1.0,))
('K.8 Musicalion', 'P1', 4, (40, 41), (19,), (2.0,), (19,), (2.0,))

66.    ((-4,), (1.0,)):
('K.8 Musicalion', 'P1', 3, (84, 85), (34,), (3.0,), (34,), (3.0,))
('K.8 Musicalion', 'P1', 4, (0, 1), (1,), (1.0,), (1,), (1.0,))
('K.8 Musicalion', 'P1', 4, (14, 15), (7,), (3.0,), (7,), (3.0,))
('K.8 Musicalion', 'P1', 4, (80, 81), (36,), (2.0,), (36,), (2.0,))

67.    ((2,), (2.75,)):
('K.8 Musicalion', 'P1', 1, (49, 50), (16,), (2.0,), (16,), (2.0,))
('K.8 Musicalion', 'P1', 1, (70, 71), (28,), (2.0,), (28,), (2.0,))
('K.8 Musicalion', 'P1', 2, (7, 8), (3,), (2.0,), (3,), (2.0,))

68.    ((-3,), (1.0,)):
('K.8 Musicalion', 'P1', 1, (92, 93), (36,), (2.75,), (36,), (2.75,))
('K.8 Musicalion', 'P1', 2, (11, 12), (5,), (2.0,), (5,), (2.0,))
('K.8 Musicalion', 'P1', 3, (97, 98), (38,), (1.0,), (38,), (1.0,))

69.    ((8,), (1.0,)):
('K.8 Musicalion', 'P1', 1, (62, 63), (24,), (3.0,), (24,), (3.0,))
('K.8 Musicalion', 'P1', 1, (67, 68), (26,), (3.0,), (26,), (3.0,))
('K.8 Musicalion', 'P1', 4, (81, 82), (36,), (3.0,), (36,), (3.0,))

70.    ((3,), (1.0,)):
('K.8 Musicalion', 'P1', 2, (65, 66), (28,), (1.0,), (28,), (1.0,))
('K.8 Musicalion', 'P1', 3, (123, 124), (47,), (3.0,), (47,), (3.0,))
('K.8 Musicalion', 'P1', 3, (130, 131), (48,), (3.0,), (48,), (3.0,))

71.    ((2,), (3.0,)):
('K.8 Musicalion', 'P1', 3, (28, 29), (13,), (1.0,), (13,), (1.0,))
('K.8 Musicalion', 'P1', 3, (66, 67), (26,), (1.0,), (26,), (1.0,))
('K.8 Musicalion', 'P1', 4, (24, 25), (12,), (1.0,), (12,), (1.0,))

72.    (((3, 2),), ((0.0, 1.0),)):
('K.8 Musicalion', 'P1', 2, (53, 54), (23,), (3.0,), (23,), (3.0,))
('K.8 Musicalion', 'P1', 3, (49, 50), (22,), (2.0,), (22,), (2.0,))

73.    ((2,), (-1.75,)):
('K.8 Musicalion', 'P1', 2, (82, 83), (32,), (3.75,), (32,), (3.75,))
('K.8 Musicalion', 'P1', 3, (79, 80), (32,), (3.75,), (32,), (3.75,))

74.    ((-2,), (3.0,)):
('K.8 Musicalion', 'P1', 3, (12, 13), (6,), (3.0,), (6,), (3.0,))
('K.8 Musicalion', 'P1', 3, (70, 71), (28,), (1.0,), (28,), (1.0,))

75.    ((4,), (2.0,)):
('K.8 Musicalion', 'P1', 4, (1, 2), (1,), (2.0,), (1,), (2.0,))
('K.8 Musicalion', 'P1', 4, (79, 80), (35,), (3.0,), (35,), (3.0,))

