1 .    ('nomes', 'K.348 Corrigida por mim') 

2 .    ('quantidade', 1) 

3 .    ('analise', 'recorręncias IntDiaDurPtempo sem contidos e intercalados') 

1 .    (((2, 3, 3, 4, 3, 3, -3, -3, 6, 3, -3, -3, -11, 3, 3, 4, 3, 3, -3, -3, 6, 3, -3, -3, -12, 4, 3, 3, 4, 3, -3, -4, 4, 3, -3, -4, -9, 24, -31, 2, 2, 1, 4, 3), (1.0, 0.25, 0.25, 0.25, 0.25, 0.25, 0.25, 0.25, 0.25, 0.25, 0.25, 0.25, 0.25, 0.25, 0.25, 0.25, 0.25, 0.25, 0.25, 0.25, 0.25, 0.25, 0.25, 0.25, 0.25, 0.25, 0.25, 0.25, 0.25, 0.25, 0.25, 0.25, 0.25, 0.25, 0.25, 0.25, 0.25, 1.0, 1.0, 1.0, 1.0, 1.0, 1.0, 1.0), 0.0), [('K.348 Corrigida por mim', 'P1', 2, (265, 309), (41, 3.0), (47, 1.0)), ('K.348 Corrigida por mim', 'P1', 2, (310, 354), (47, 3.0), (53, 1.0))]) 

2 .    (((3, 3, 4, 3, 3, -3, -3, 6, 3, -3, -3, -11, 3, 3, 4, 3, 3, -3, -3, 6, 3, -3, -3, -12, 4, 3, 3, 4, 3, -3, -4, 6, 3, -3, -3, -12, 27, -27, 2, 2, 1, -5, 3), (0.25, 0.25, 0.25, 0.25, 0.25, 0.25, 0.25, 0.25, 0.25, 0.25, 0.25, 0.25, 0.25, 0.25, 0.25, 0.25, 0.25, 0.25, 0.25, 0.25, 0.25, 0.25, 0.25, 0.25, 0.25, 0.25, 0.25, 0.25, 0.25, 0.25, 0.25, 0.25, 0.25, 0.25, 0.25, 0.25, 1.0, 1.0, 1.0, 1.0, 1.0, 1.0, 1.0), 0.0), [('K.348 Corrigida por mim', 'P1', 2, (95, 138), (15, 1.0), (20, 1.0)), ('K.348 Corrigida por mim', 'P1', 2, (140, 183), (21, 1.0), (26, 1.0))]) 

3 .    (((8, -5, (3, -2), (3, 6), -5, (3, -2), (3, 5), -5, (3, 6), -3, 2, 2, -2, -2, -2, -2, -2, -2, -2, 2, 6, -2, 2, -7, 6, -2, 2, -7, 6, -2, -2), (1.0, 1.0, (0.0, 1.0), (0.0, 1.0), 1.0, (0.0, 1.0), (0.0, 1.0), 1.0, (0.0, 1.25), 0.25, 0.25, 0.25, 0.25, 0.25, 0.25, 0.25, 0.25, 0.25, 0.25, 0.25, 0.25, 0.25, 0.25, 0.25, 0.25, 0.25, 0.25, 0.25, 0.25, 0.25, 0.25), 0.0), [('K.348 Corrigida por mim', 'P1', 1, (97, 128), (15, 1.0), (19, 3.5)), ('K.348 Corrigida por mim', 'P1', 1, (141, 172), (21, 1.0), (25, 3.5))]) 

4 .    (((-2, 2, -3, 2, -3, 2, -3, 2, -5, 3, 2, -4, -2, 2, -3, 2, -3, 2, -3, 2, -5, 3, 2, -4, -2, 2, -3, 2, -3, 2, -3), (0.25, 0.25, 0.25, 0.25, 0.25, 0.25, 0.25, 0.25, 0.25, 0.25, 0.25, 0.25, 0.25, 0.25, 0.25, 0.25, 0.25, 0.25, 0.25, 0.25, 0.25, 0.25, 0.25, 0.25, 0.25, 0.25, 0.25, 0.25, 0.25, 0.25, 0.25), 0.25), [('K.348 Corrigida por mim', 'P1', 1, (174, 205), (26, 1.25), (28, 2.75)), ('K.348 Corrigida por mim', 'P1', 1, (376, 407), (53, 1.25), (55, 2.75))]) 

5 .    (((3, -2, 3, -2, 3, -2, 3, -2, 3, -2, 3, -2, 3, -2, 3, -2, -2, -2, -2, -2, -2, -2, -2), (0.25, 0.25, 0.25, 0.25, 0.25, 0.25, 0.25, 0.25, 0.25, 0.25, 0.25, 0.25, 0.25, 0.25, 0.25, 0.25, 0.25, 0.25, 0.25, 0.25, 0.25, 0.25, 0.25), 0.0), [('K.348 Corrigida por mim', 'P1', 1, (0, 23), (1, 1.0), (2, 3.5)), ('K.348 Corrigida por mim', 'P1', 2, (1, 24), (3, 1.0), (4, 3.5))]) 

6 .    ((((3, 3, 1), 1, (4, 3, 1), (3, 3, 1), 1, (4, 3, -2), (4, 3, 1), (4, 3, 5), 3, -2, -2, -2, -2, -2, -2, -2, -2, -2, 6), ((0.0, 0.0, 1.0), 1.0, (0.0, 0.0, 1.0), (0.0, 0.0, 1.0), 1.0, (0.0, 0.0, 1.0), (0.0, 0.0, 2.0), (0.0, 0.0, 1.25), 0.25, 0.25, 0.25, 0.25, 0.25, 0.25, 0.25, 0.25, 0.25, 0.25, 0.25), 0.0), [('K.348 Corrigida por mim', 'P1', 1, (301, 320), (42, 1.0), (45, 3.75)), ('K.348 Corrigida por mim', 'P1', 1, (344, 363), (48, 1.0), (51, 3.75))]) 

7 .    (((2, 3, -5, -2, 2, 6, -3, 2, -3, 2, -3, 2), (0.25, 2.0, 1.25, 0.25, 0.25, 0.25, 0.25, 0.25, 0.25, 0.25, 0.25, 0.25), 0.75), [('K.348 Corrigida por mim', 'P1', 1, (262, 274), (36, 3.75), (38, 3.25)), ('K.348 Corrigida por mim', 'P1', 1, (275, 287), (38, 3.75), (40, 3.25))]) 

8 .    (((8, -2, 2, 3, -3, -2, 2, -8, 7, -2, -2, -9), (0.25, 0.25, 0.25, 0.25, 0.25, 0.25, 0.25, 0.25, 0.25, 0.25, 0.25, 0.25), 0.0), [('K.348 Corrigida por mim', 'P1', 2, (234, 246), (37, 1.0), (37, 3.75)), ('K.348 Corrigida por mim', 'P1', 2, (248, 260), (39, 1.0), (39, 3.75))]) 

9 .    (((6, -2, 2, 3, -3, -2, 2, -6, 8, -2, -2), (0.25, 0.25, 0.25, 0.25, 0.25, 0.25, 0.25, 0.25, 0.25, 0.25, 0.25), 0.0), [('K.348 Corrigida por mim', 'P1', 1, (52, 63), (9, 1.0), (9, 3.5)), ('K.348 Corrigida por mim', 'P1', 1, (64, 75), (10, 1.0), (10, 3.5)), ('K.348 Corrigida por mim', 'P1', 1, (76, 87), (11, 1.0), (11, 3.5))]) 

10 .    (((2, 2, 2, -4, -3, -3, -4, 7, -2, -2, 2), (0.25, 0.25, 0.25, 0.25, 0.25, 0.25, 0.25, 0.25, 0.25, 0.25, 0.25), 0.25), [('K.348 Corrigida por mim', 'P1', 1, (25, 36), (5, 1.25), (5, 3.75)), ('K.348 Corrigida por mim', 'P1', 1, (37, 48), (6, 1.25), (6, 3.75))]) 

11 .    (((-2, -2, -2, -2, -2, -2, -2, -2, -2, -2, -2), (0.25, 0.25, 0.25, 0.25, 0.25, 0.25, 0.25, 0.25, 0.25, 0.25, 0.25), 0.0), [('K.348 Corrigida por mim', 'P1', 1, (129, 140), (20, 1.0), (20, 3.5)), ('K.348 Corrigida por mim', 'P1', 1, (332, 343), (47, 1.0), (47, 3.5))]) 

12 .    (((-3, -3, -4, -3, 3, -3, -3, 6, -3, -4, 4), (0.25, 0.25, 0.25, 0.25, 0.25, 0.25, 0.25, 0.25, 0.25, 0.25, 0.25), 0.0), [('K.348 Corrigida por mim', 'P1', 1, (210, 221), (30, 1.0), (30, 3.5)), ('K.348 Corrigida por mim', 'P1', 1, (222, 233), (31, 1.0), (31, 3.5))]) 

13 .    (((2, 2, 2, -4, -3, -3, -4, 7, -2, -2, -2), (0.25, 0.25, 0.25, 0.25, 0.25, 0.25, 0.25, 0.25, 0.25, 0.25, 0.25), 0.25), [('K.348 Corrigida por mim', 'P1', 2, (30, 41), (7, 1.25), (7, 3.75)), ('K.348 Corrigida por mim', 'P1', 2, (42, 53), (8, 1.25), (8, 3.75))]) 

14 .    (((8, -2, 2, 3, -3, -2, 2, -8, 8, -2, -2), (0.25, 0.25, 0.25, 0.25, 0.25, 0.25, 0.25, 0.25, 0.25, 0.25, 0.25), 0.0), [('K.348 Corrigida por mim', 'P1', 2, (59, 70), (12, 1.0), (12, 3.5)), ('K.348 Corrigida por mim', 'P1', 2, (83, 94), (14, 1.0), (14, 3.5))]) 

15 .    (((3, 3, 4, 3, 3, -3, -3, 4, 3, -3, -4), (0.25, 0.25, 0.25, 0.25, 0.25, 0.25, 0.25, 0.25, 0.25, 0.25, 0.25), 0.0), [('K.348 Corrigida por mim', 'P1', 2, (195, 206), (33, 1.0), (33, 3.5)), ('K.348 Corrigida por mim', 'P1', 2, (207, 218), (34, 1.0), (34, 3.5))]) 

16 .    (((-3, 2, -3, 2, -3, 2, -3), (0.25, 0.25, 0.25, 0.25, 0.25, 0.25, 0.25), 0.0), [('K.348 Corrigida por mim', 'P1', 1, (289, 296), (41, 1.0), (41, 2.5)), ('K.348 Corrigida por mim', 'P1', 1, (324, 331), (46, 2.0), (46, 3.5))]) 

17 .    (((-2, -2, -2), (0.25, 0.25, 0.25), 0.25), [('K.348 Corrigida por mim', 'P1', 1, (364, 367), (52, 1.25), (52, 1.75)), ('K.348 Corrigida por mim', 'P1', 1, (368, 371), (52, 2.25), (52, 2.75))]) 

18 .    (((3, -3, -4), (0.25, 0.25, 0.25), 0.0), [('K.348 Corrigida por mim', 'P1', 2, (223, 226), (35, 2.0), (35, 2.5)), ('K.348 Corrigida por mim', 'P1', 2, (227, 230), (35, 3.0), (35, 3.5))]) 

19 .    (((-2, 2, 3), (0.25, 0.25, 0.25), 0.25), [('K.348 Corrigida por mim', 'P1', 1, (252, 255), (36, 1.25), (36, 1.75)), ('K.348 Corrigida por mim', 'P1', 2, (72, 75), (13, 1.25), (13, 1.75))]) 

20 .    (((-5, 3, 2), (0.25, 0.25, 0.25), 0.25), [('K.348 Corrigida por mim', 'P1', 1, (372, 375), (52, 3.25), (52, 3.75)), ('K.348 Corrigida por mim', 'P1', 1, (408, 411), (55, 3.25), (55, 3.75))]) 

21 .    (((-2, 2), (0.25, 0.25), 0.25), [('K.348 Corrigida por mim', 'P1', 1, (256, 258), (36, 2.25), (36, 2.5)), ('K.348 Corrigida por mim', 'P1', 2, (76, 78), (13, 2.25), (13, 2.5))]) 

22 .    (((3, 3), (1.0, 1.0), 0.0), [('K.348 Corrigida por mim', 'P1', 1, (89, 91), (12, 2.0), (12, 3.0)), ('K.348 Corrigida por mim', 'P1', 2, (185, 187), (27, 1.0), (27, 2.0)), ('K.348 Corrigida por mim', 'P1', 2, (188, 190), (28, 1.0), (28, 2.0))]) 

23 .    (((-3, -3), (0.25, 0.25), 0.0), [('K.348 Corrigida por mim', 'P1', 1, (234, 236), (32, 1.0), (32, 1.25)), ('K.348 Corrigida por mim', 'P1', 1, (238, 240), (32, 2.0), (32, 2.25))]) 

24 .    (((1, -4), (1.0, 1.0), 0.0), [('K.348 Corrigida por mim', 'P1', 2, (356, 358), (54, 1.0), (54, 2.0)), ('K.348 Corrigida por mim', 'P1', 2, (359, 361), (55, 1.0), (55, 2.0))]) 

25 .    (((-2,), (0.25,), 0.25), [('K.348 Corrigida por mim', 'P1', 1, (260, 261), (36, 3.25), (36, 3.25)), ('K.348 Corrigida por mim', 'P1', 2, (80, 81), (13, 3.25), (13, 3.25))]) 

26 .    (((3,), (0.25,), 0.0), [('K.348 Corrigida por mim', 'P1', 1, (242, 243), (32, 3.0), (32, 3.0)), ('K.348 Corrigida por mim', 'P1', 2, (219, 220), (35, 1.0), (35, 1.0))]) 

27 .    (((3,), (0.25,), 0.5), [('K.348 Corrigida por mim', 'P1', 1, (244, 245), (32, 3.5), (32, 3.5)), ('K.348 Corrigida por mim', 'P1', 2, (221, 222), (35, 1.5), (35, 1.5))]) 

28 .    (((2,), (0.25,), 0.25), [('K.348 Corrigida por mim', 'P1', 1, (298, 299), (41, 3.25), (41, 3.25)), ('K.348 Corrigida por mim', 'P1', 1, (321, 322), (46, 1.25), (46, 1.25))]) 

29 .    (((-5,), (1.0,), 0.0), [('K.348 Corrigida por mim', 'P1', 2, (26, 27), (5, 3.0), (5, 3.0)), ('K.348 Corrigida por mim', 'P1', 2, (28, 29), (6, 3.0), (6, 3.0))]) 

30 .    (((-2,), (1.0,), 0.0), [('K.348 Corrigida por mim', 'P1', 1, (49, 50), (7, 3.0), (7, 3.0)), ('K.348 Corrigida por mim', 'P1', 1, (93, 94), (13, 3.0), (13, 3.0)), ('K.348 Corrigida por mim', 'P1', 2, (54, 55), (9, 3.0), (9, 3.0)), ('K.348 Corrigida por mim', 'P1', 2, (56, 57), (10, 3.0), (10, 3.0))]) 

