1.    nomes:
K.513 KernScores

2.    quantidade:
1

3.    analise:
[('intDia', 'p1p2'), ('duracao', 'p1p2'), ('Ntempo', 'p1p2'), ('Ptempo', 'p1p2')] SemContInte Distancia: 0

1.    ((6, -7, 6, -7, 6, -7, (6, 4), 6, -7, 6, -7, 6, -7, (6, 2), 6, -7, 6, -7, 6, -5, 6, -7, 6, -7, 8, -5, 2, -8), (0.5, 0.5, 0.5, 0.5, 0.5, 0.5, (0.0, 3.0), 0.5, 0.5, 0.5, 0.5, 0.5, 0.5, (0.0, 3.0), 0.5, 0.5, 0.5, 0.5, 0.5, 0.5, 0.5, 0.5, 0.5, 0.5, 0.5, 0.5, 1.0, 1.0), (1, 1, 2, 2, 3, 3, 1, 1, 1, 2, 2, 3, 3, 1, 1, 1, 2, 2, 3, 3, 1, 1, 2, 2, 3, 3, 1, 2), (0.0, 0.5, 0.0, 0.5, 0.0, 0.5, 0.0, 0.0, 0.5, 0.0, 0.5, 0.0, 0.5, 0.0, 0.0, 0.5, 0.0, 0.5, 0.0, 0.5, 0.0, 0.5, 0.0, 0.5, 0.0, 0.5, 0.0, 0.0)):
('K.513 KernScores', 'P2', 1, (249, 277), (56,), (1.0,), (62,), (2.0,))
('K.513 KernScores', 'P2', 1, (279, 307), (64,), (1.0,), (70,), (2.0,))

2.    ((-3, -3, 3, 3, 2, -3, 2, -3, 2, -3, 2, 3, -6, 3, -2, 3, -2, 3, -2, -2, -2, -2, 2, 2, 2, 2, 2), (0.5, 0.5, 0.5, 0.5, 0.5, 0.5, 0.5, 0.5, 0.5, 0.5, 0.5, 0.5, 0.5, 0.5, 0.5, 0.5, 0.5, 0.5, 0.5, 0.5, 0.5, 0.5, 0.5, 0.5, 0.5, 0.5, 0.5), (1, 2, 2, 3, 3, 1, 1, 2, 2, 3, 3, 1, 1, 2, 2, 3, 3, 1, 1, 2, 2, 3, 3, 1, 1, 2, 2), (0.5, 0.0, 0.5, 0.0, 0.5, 0.0, 0.5, 0.0, 0.5, 0.0, 0.5, 0.0, 0.5, 0.0, 0.5, 0.0, 0.5, 0.0, 0.5, 0.0, 0.5, 0.0, 0.5, 0.0, 0.5, 0.0, 0.5)):
('K.513 KernScores', 'P1', 1, (361, 388), (59,), (1.5,), (63,), (2.5,))
('K.513 KernScores', 'P1', 1, (403, 430), (67,), (1.5,), (71,), (2.5,))

3.    ((2, -2, -2, -2, -2, -2, 6, 2, -2, -2, -2, -2, -2, -2, 7, 2, -2, -2, -2, -2, -2, -2, -2, 2, (6, 2)), (0.33, 0.33, 0.33, 0.33, 0.33, 0.33, 1.0, 0.33, 0.33, 0.33, 0.25, 0.25, 0.25, 0.25, 1.0, 0.25, 0.25, 0.25, 0.25, 0.25, 0.25, 0.25, 0.25, 1.0, (0.0, 2.0)), (10, 10, 10, 11, 11, 11, 12, 1, 1, 1, 2, 2, 2, 2, 3, 4, 4, 4, 4, 5, 5, 5, 5, 6, 7), (0.0, 0.33, 0.67, 0.0, 0.33, 0.67, 0.0, 0.0, 0.33, 0.67, 0.0, 0.25, 0.5, 0.75, 0.0, 0.0, 0.25, 0.5, 0.75, 0.0, 0.25, 0.5, 0.75, 0.0, 0.0)):
('K.513 KernScores', 'P1', 1, (85, 110), (13,), (10.0,), (14,), (7.0,))
('K.513 KernScores', 'P1', 1, (111, 136), (14,), (10.0,), (15,), (7.0,))

4.    ((-4, -3, -3, 3, -3, 4, -4, 5, -5, 6, -6, 8, -4, -3, -3, 3, -3, 4, -4, 5, -5, 6, -6), (0.5, 0.5, 0.5, 0.5, 0.5, 0.5, 0.5, 0.5, 0.5, 0.5, 0.5, 0.5, 0.5, 0.5, 0.5, 0.5, 0.5, 0.5, 0.5, 0.5, 0.5, 0.5, 0.5), (1, 1, 2, 2, 3, 3, 1, 1, 2, 2, 3, 3, 1, 1, 2, 2, 3, 3, 1, 1, 2, 2, 3), (0.0, 0.5, 0.0, 0.5, 0.0, 0.5, 0.0, 0.5, 0.0, 0.5, 0.0, 0.5, 0.0, 0.5, 0.0, 0.5, 0.0, 0.5, 0.0, 0.5, 0.0, 0.5, 0.0)):
('K.513 KernScores', 'P1', 1, (275, 298), (37,), (1.0,), (40,), (3.0,))
('K.513 KernScores', 'P2', 1, (187, 210), (41,), (1.0,), (44,), (3.0,))

5.    ((3, 4, 3, 3, -3, -7, 3, 4, 3, 3, -3), (0.5, 0.5, 0.5, 0.5, 0.5, 0.5, 0.5, 0.5, 0.5, 0.5, 0.5), (1, 1, 2, 2, 3, 3, 1, 1, 2, 2, 3), (0.0, 0.5, 0.0, 0.5, 0.0, 0.5, 0.0, 0.5, 0.0, 0.5, 0.0)):
('K.513 KernScores', 'P1', 1, (323, 334), (51,), (1.0,), (52,), (3.0,))
('K.513 KernScores', 'P1', 1, (335, 346), (53,), (1.0,), (54,), (3.0,))

6.    ((-6, (3, 2), (3, 2), (3, 2), (3, 2), (3, -2), (3, -2), (3, -2), (3, -2), (3, 2)), (1.0, (0.0, 2.0), (0.0, 1.0), (0.0, 2.0), (0.0, 1.0), (0.0, 2.0), (0.0, 1.0), (0.0, 1.5), (0.0, 0.5), (0.0, 1.0)), (6, 7, 9, 10, 12, 1, 3, 4, 5, 6), (0.0, 0.0, 0.0, 0.0, 0.0, 0.0, 0.0, 0.0, 0.5, 0.0)):
('K.513 KernScores', 'P1', 1, (208, 218), (26,), (6.0,), (27,), (6.0,))
('K.513 KernScores', 'P1', 1, (223, 233), (28,), (6.0,), (29,), (6.0,))

7.    ((5, 4, -4, -5, 5, 4, -4, -5), (2.0, 1.0, 2.0, 1.0, 2.0, 1.0, 2.0, 1.0), (7, 9, 10, 12, 1, 3, 4, 6), (0.0, 0.0, 0.0, 0.0, 0.0, 0.0, 0.0, 0.0)):
('K.513 KernScores', 'P2', 1, (157, 165), (33,), (7.0,), (34,), (6.0,))
('K.513 KernScores', 'P2', 1, (165, 173), (34,), (7.0,), (35,), (6.0,))

8.    ((2, 2, 2, -2, -2, 2, -2, -2), (1.0, 1.0, 1.0, 1.0, 1.0, 1.0, 1.0, 1.0), (1, 2, 3, 1, 2, 3, 1, 2), (0.0, 0.0, 0.0, 0.0, 0.0, 0.0, 0.0, 0.0)):
('K.513 KernScores', 'P2', 2, (37, 45), (71,), (1.0,), (73,), (2.0,))
('K.513 KernScores', 'P2', 2, (46, 54), (75,), (1.0,), (77,), (2.0,))

9.    ((6, -7, 6, -7, 6, -5, 6), (0.5, 0.5, 0.5, 0.5, 0.5, 0.5, 0.5), (1, 1, 2, 2, 3, 3, 1), (0.0, 0.5, 0.0, 0.5, 0.0, 0.5, 0.0)):
('K.513 KernScores', 'P1', 1, (468, 475), (78,), (1.0,), (79,), (1.0,))
('K.513 KernScores', 'P2', 1, (263, 270), (60,), (1.0,), (61,), (1.0,))
('K.513 KernScores', 'P2', 1, (293, 300), (68,), (1.0,), (69,), (1.0,))

10.    ((-2, -2, -2, -2, -3, 2, -2), (2.0, 1.0, 2.0, 1.0, 1.0, 1.0, 3.0), (7, 9, 10, 12, 1, 2, 3), (0.0, 0.0, 0.0, 0.0, 0.0, 0.0, 0.0)):
('K.513 KernScores', 'P1', 1, (76, 83), (12,), (7.0,), (13,), (3.0,))
('K.513 KernScores', 'P1', 2, (25, 32), (11,), (7.0,), (12,), (3.0,))

11.    ((-2, 2, 2, -2, 2, 2, -4), (1.5, 0.5, 1.0, 1.5, 0.5, 1.0, 2.0), (1, 2, 3, 4, 5, 6, 7), (0.0, 0.5, 0.0, 0.0, 0.5, 0.0, 0.0)):
('K.513 KernScores', 'P1', 1, (153, 160), (19,), (1.0,), (19,), (7.0,))
('K.513 KernScores', 'P1', 2, (49, 56), (20,), (1.0,), (20,), (7.0,))

12.    ((2, 4, -2, -2, -2, -2), (2.0, 1.0, 2.0, 1.0, 1.5, 0.5), (10, 12, 1, 3, 4, 5), (0.0, 0.0, 0.0, 0.0, 0.0, 0.5)):
('K.513 KernScores', 'P1', 1, (28, 34), (4,), (10.0,), (5,), (5.5,))
('K.513 KernScores', 'P2', 1, (20, 26), (4,), (10.0,), (5,), (5.5,))

13.    ((6, -7, 6, -7, 6), (0.5, 0.5, 0.5, 0.5, 0.5), (1, 1, 2, 2, 3), (0.0, 0.5, 0.0, 0.5, 0.0)):
('K.513 KernScores', 'P1', 1, (444, 449), (74,), (1.0,), (74,), (3.0,))
('K.513 KernScores', 'P2', 1, (249, 254), (56,), (1.0,), (56,), (3.0,))
('K.513 KernScores', 'P2', 1, (256, 261), (58,), (1.0,), (58,), (3.0,))
('K.513 KernScores', 'P2', 1, (279, 284), (64,), (1.0,), (64,), (3.0,))
('K.513 KernScores', 'P2', 1, (286, 291), (66,), (1.0,), (66,), (3.0,))

14.    ((2, 2, 2, 2, 2), (1.0, 2.0, 3.0, 1.0, 2.0), (12, 1, 3, 6, 7), (0.0, 0.0, 0.0, 0.0, 0.0)):
('K.513 KernScores', 'P1', 1, (257, 262), (33,), (12.0,), (34,), (7.0,))
('K.513 KernScores', 'P1', 1, (263, 268), (34,), (12.0,), (35,), (7.0,))

15.    ((-2, 2, -2, 2, -2), (1.0, 2.0, 1.0, 2.0, 1.0), (12, 1, 3, 4, 6), (0.0, 0.0, 0.0, 0.0, 0.0)):
('K.513 KernScores', 'P2', 1, (30, 35), (5,), (12.0,), (6,), (6.0,))
('K.513 KernScores', 'P2', 1, (36, 41), (6,), (12.0,), (7,), (6.0,))

16.    (((3, -2), (3, 2), (3, -2), (3, 2), (3, -2)), ((0.0, 1.0), (0.0, 2.0), (0.0, 1.0), (0.0, 2.0), (0.0, 1.0)), (12, 1, 3, 4, 6), (0.0, 0.0, 0.0, 0.0, 0.0)):
('K.513 KernScores', 'P2', 1, (49, 54), (8,), (12.0,), (9,), (6.0,))
('K.513 KernScores', 'P2', 1, (55, 60), (9,), (12.0,), (10,), (6.0,))

17.    ((-8, 8, -8, -2, (8, 2)), (3.0, 3.0, 3.0, 3.0, (0.0, 3.0)), (1, 4, 7, 10, 1), (0.0, 0.0, 0.0, 0.0, 0.0)):
('K.513 KernScores', 'P2', 1, (126, 131), (26,), (1.0,), (27,), (1.0,))
('K.513 KernScores', 'P2', 1, (135, 140), (28,), (1.0,), (29,), (1.0,))

18.    ((2, 2, -2, 2), (0.5, 1.0, 1.5, 0.5), (2, 3, 4, 5), (0.5, 0.0, 0.0, 0.5)):
('K.513 KernScores', 'P1', 1, (154, 158), (19,), (2.5,), (19,), (5.5,))
('K.513 KernScores', 'P1', 2, (50, 54), (20,), (2.5,), (20,), (5.5,))
('K.513 KernScores', 'P2', 1, (104, 108), (21,), (2.5,), (21,), (5.5,))

19.    ((3, -2, -2, 1), (1.0, 0.5, 0.5, 4.0), (7, 8, 8, 9), (0.0, 0.0, 0.5, 0.0)):
('K.513 KernScores', 'P1', 1, (39, 43), (6,), (7.0,), (6,), (9.0,))
('K.513 KernScores', 'P1', 1, (56, 60), (9,), (7.0,), (9,), (9.0,))

20.    ((-2, 3, -2, -2), (1.0, 1.0, 0.5, 0.5), (6, 7, 8, 8), (0.0, 0.0, 0.0, 0.5)):
('K.513 KernScores', 'P1', 1, (48, 52), (7,), (6.0,), (7,), (8.5,))
('K.513 KernScores', 'P1', 1, (65, 69), (10,), (6.0,), (10,), (8.5,))

21.    ((-4, -2, -4, (3, -2)), (1.0, 1.0, 1.0, (0.0, 2.0)), (1, 2, 3, 4), (0.0, 0.0, 0.0, 0.0)):
('K.513 KernScores', 'P1', 1, (138, 142), (16,), (1.0,), (16,), (4.0,))
('K.513 KernScores', 'P1', 1, (144, 148), (17,), (1.0,), (17,), (4.0,))

22.    (((3, 2), (3, 2), (3, 2), (3, -2)), ((0.0, 1.5), (0.0, 0.5), (0.0, 1.0), (0.0, 2.0)), (7, 8, 9, 10), (0.0, 0.5, 0.0, 0.0)):
('K.513 KernScores', 'P1', 1, (168, 172), (21,), (7.0,), (21,), (10.0,))
('K.513 KernScores', 'P1', 1, (178, 182), (22,), (7.0,), (22,), (10.0,))

23.    ((2, -2, 3, 1), (1.5, 0.5, 1.0, 2.0), (1, 2, 3, 4), (0.0, 0.5, 0.0, 0.0)):
('K.513 KernScores', 'P1', 1, (0, 4), (1,), (1.0,), (1,), (4.0,))
('K.513 KernScores', 'P2', 1, (14, 18), (4,), (1.0,), (4,), (4.0,))

24.    ((-2, -2, -2, -2), (2.0, 1.0, 1.5, 0.5), (7, 9, 10, 11), (0.0, 0.0, 0.0, 0.5)):
('K.513 KernScores', 'P1', 1, (11, 15), (2,), (7.0,), (2,), (11.5,))
('K.513 KernScores', 'P2', 1, (6, 10), (2,), (7.0,), (2,), (11.5,))

25.    ((2, -2, 3, 1), (1.5, 0.5, 1.0, 2.0), (7, 8, 9, 10), (0.0, 0.5, 0.0, 0.0)):
('K.513 KernScores', 'P1', 1, (19, 23), (3,), (7.0,), (3,), (10.0,))
('K.513 KernScores', 'P2', 1, (1, 5), (1,), (7.0,), (1,), (10.0,))

26.    ((-2, -2, -2, -2), (2.0, 1.0, 1.0, 1.0), (1, 3, 1, 2), (0.0, 0.0, 0.0, 0.0)):
('K.513 KernScores', 'P1', 2, (79, 83), (41,), (1.0,), (42,), (2.0,))
('K.513 KernScores', 'P1', 2, (84, 88), (43,), (1.0,), (44,), (2.0,))

27.    ((-2, -2, -2, 5), (1.0, 1.0, 1.0, 1.0), (3, 1, 2, 3), (0.0, 0.0, 0.0, 0.0)):
('K.513 KernScores', 'P1', 2, (80, 84), (41,), (3.0,), (42,), (3.0,))
('K.513 KernScores', 'P2', 1, (183, 187), (39,), (3.0,), (40,), (3.0,))

28.    ((2, -5, 2, -8), (1.0, 2.0, 1.0, 2.0), (12, 1, 3, 4), (0.0, 0.0, 0.0, 0.0)):
('K.513 KernScores', 'P2', 1, (83, 87), (15,), (12.0,), (16,), (4.0,))
('K.513 KernScores', 'P2', 1, (88, 92), (16,), (12.0,), (17,), (4.0,))

29.    ((7, -2, -2, -2), (2.0, 1.0, 1.0, 1.0), (1, 3, 1, 2), (0.0, 0.0, 0.0, 0.0)):
('K.513 KernScores', 'P2', 1, (177, 181), (37,), (1.0,), (38,), (2.0,))
('K.513 KernScores', 'P2', 1, (182, 186), (39,), (1.0,), (40,), (2.0,))

30.    ((-3, 2, -2), (1.0, 1.0, 3.0), (1, 2, 3), (0.0, 0.0, 0.0)):
('K.513 KernScores', 'P1', 1, (80, 83), (13,), (1.0,), (13,), (3.0,))
('K.513 KernScores', 'P1', 2, (29, 32), (12,), (1.0,), (12,), (3.0,))
('K.513 KernScores', 'P2', 1, (66, 69), (12,), (1.0,), (12,), (3.0,))

31.    ((-2, -2, -2), (1.0, 2.0, 1.0), (3, 1, 3), (0.0, 0.0, 0.0)):
('K.513 KernScores', 'P1', 1, (316, 319), (47,), (3.0,), (48,), (3.0,))
('K.513 KernScores', 'P1', 1, (320, 323), (49,), (3.0,), (50,), (3.0,))
('K.513 KernScores', 'P2', 1, (212, 215), (45,), (3.0,), (46,), (3.0,))

32.    ((1, 1, 1), (3.0, 3.0, 3.0), (1, 1, 1), (0.0, 0.0, 0.0)):
('K.513 KernScores', 'P1', 1, (299, 302), (41,), (1.0,), (43,), (1.0,))
('K.513 KernScores', 'P2', 1, (239, 242), (51,), (1.0,), (53,), (1.0,))
('K.513 KernScores', 'P2', 2, (32, 35), (37,), (1.0,), (39,), (1.0,))

33.    ((-4, -3, -3), (0.5, 0.5, 0.5), (1, 1, 2), (0.0, 0.5, 0.0)):
('K.513 KernScores', 'P1', 1, (303, 306), (45,), (1.0,), (45,), (2.0,))
('K.513 KernScores', 'P2', 1, (215, 218), (47,), (1.0,), (47,), (2.0,))

34.    ((-2, -2, -2), (1.0, 1.0, 1.0), (3, 1, 2), (0.0, 0.0, 0.0)):
('K.513 KernScores', 'P1', 2, (85, 88), (43,), (3.0,), (44,), (2.0,))
('K.513 KernScores', 'P2', 1, (178, 181), (37,), (3.0,), (38,), (2.0,))

35.    ((-5, 2, -5), (1.0, 1.0, 1.0), (1, 2, 3), (0.0, 0.0, 0.0)):
('K.513 KernScores', 'P2', 1, (323, 326), (80,), (1.0,), (80,), (3.0,))
('K.513 KernScores', 'P2', 1, (326, 329), (81,), (1.0,), (81,), (3.0,))

36.    ((1, 1, 1), (3.0, 3.0, 3.0), (10, 1, 4), (0.0, 0.0, 0.0)):
('K.513 KernScores', 'P2', 1, (79, 82), (14,), (10.0,), (15,), (4.0,))
('K.513 KernScores', 'P2', 2, (27, 30), (31,), (10.0,), (32,), (4.0,))

37.    (((8, 1), (8, 1), (8, 1)), ((0.0, 3.0), (0.0, 3.0), (0.0, 3.0)), (1, 4, 7), (0.0, 0.0, 0.0)):
('K.513 KernScores', 'P2', 1, (143, 146), (30,), (1.0,), (30,), (7.0,))
('K.513 KernScores', 'P2', 2, (24, 27), (31,), (1.0,), (31,), (7.0,))

38.    ((-2, -2), (2.0, 1.0), (1, 3), (0.0, 0.0)):
('K.513 KernScores', 'P1', 1, (30, 32), (5,), (1.0,), (5,), (3.0,))
('K.513 KernScores', 'P1', 1, (315, 317), (47,), (1.0,), (47,), (3.0,))
('K.513 KernScores', 'P1', 1, (317, 319), (48,), (1.0,), (48,), (3.0,))
('K.513 KernScores', 'P1', 1, (319, 321), (49,), (1.0,), (49,), (3.0,))
('K.513 KernScores', 'P1', 1, (321, 323), (50,), (1.0,), (50,), (3.0,))
('K.513 KernScores', 'P1', 2, (21, 23), (11,), (1.0,), (11,), (3.0,))
('K.513 KernScores', 'P1', 2, (79, 81), (41,), (1.0,), (41,), (3.0,))
('K.513 KernScores', 'P1', 2, (84, 86), (43,), (1.0,), (43,), (3.0,))
('K.513 KernScores', 'P2', 1, (22, 24), (5,), (1.0,), (5,), (3.0,))
('K.513 KernScores', 'P2', 1, (149, 151), (32,), (1.0,), (32,), (3.0,))
('K.513 KernScores', 'P2', 1, (213, 215), (46,), (1.0,), (46,), (3.0,))

39.    ((-2, -2), (1.0, 1.0), (1, 2), (0.0, 0.0)):
('K.513 KernScores', 'P1', 2, (81, 83), (42,), (1.0,), (42,), (2.0,))
('K.513 KernScores', 'P1', 2, (86, 88), (44,), (1.0,), (44,), (2.0,))
('K.513 KernScores', 'P2', 1, (179, 181), (38,), (1.0,), (38,), (2.0,))
('K.513 KernScores', 'P2', 1, (184, 186), (40,), (1.0,), (40,), (2.0,))
('K.513 KernScores', 'P2', 2, (40, 42), (72,), (1.0,), (72,), (2.0,))
('K.513 KernScores', 'P2', 2, (43, 45), (73,), (1.0,), (73,), (2.0,))
('K.513 KernScores', 'P2', 2, (49, 51), (76,), (1.0,), (76,), (2.0,))
('K.513 KernScores', 'P2', 2, (52, 54), (77,), (1.0,), (77,), (2.0,))

40.    ((-2, -2), (2.0, 1.0), (7, 9), (0.0, 0.0)):
('K.513 KernScores', 'P1', 1, (11, 13), (2,), (7.0,), (2,), (9.0,))
('K.513 KernScores', 'P1', 1, (76, 78), (12,), (7.0,), (12,), (9.0,))
('K.513 KernScores', 'P1', 2, (25, 27), (11,), (7.0,), (11,), (9.0,))
('K.513 KernScores', 'P2', 1, (6, 8), (2,), (7.0,), (2,), (9.0,))

41.    ((-2, -2), (2.0, 1.0), (10, 12), (0.0, 0.0)):
('K.513 KernScores', 'P1', 1, (78, 80), (12,), (10.0,), (12,), (12.0,))
('K.513 KernScores', 'P1', 2, (27, 29), (11,), (10.0,), (11,), (12.0,))
('K.513 KernScores', 'P2', 1, (147, 149), (31,), (10.0,), (31,), (12.0,))

42.    ((-2, -4), (1.0, 1.0), (2, 3), (0.0, 0.0)):
('K.513 KernScores', 'P1', 1, (139, 141), (16,), (2.0,), (16,), (3.0,))
('K.513 KernScores', 'P1', 1, (145, 147), (17,), (2.0,), (17,), (3.0,))
('K.513 KernScores', 'P2', 1, (180, 182), (38,), (2.0,), (38,), (3.0,))

43.    (((3, -2), (3, -2)), ((0.0, 2.0), (0.0, 1.0)), (1, 3), (0.0, 0.0)):
('K.513 KernScores', 'P1', 1, (173, 175), (22,), (1.0,), (22,), (3.0,))
('K.513 KernScores', 'P1', 1, (192, 194), (24,), (1.0,), (24,), (3.0,))

44.    (((3, -2), (3, 2)), ((0.0, 2.0), (0.0, 1.0)), (4, 6), (0.0, 0.0)):
('K.513 KernScores', 'P1', 1, (194, 196), (24,), (4.0,), (24,), (6.0,))
('K.513 KernScores', 'P1', 1, (254, 256), (33,), (4.0,), (33,), (6.0,))

45.    ((-4, 4), (1.0, 2.0), (12, 1), (0.0, 0.0)):
('K.513 KernScores', 'P1', 1, (204, 206), (25,), (12.0,), (26,), (1.0,))
('K.513 KernScores', 'P1', 1, (219, 221), (27,), (12.0,), (28,), (1.0,))

46.    ((8, -2), (0.5, 0.5), (3, 3), (0.0, 0.5)):
('K.513 KernScores', 'P1', 1, (307, 309), (45,), (3.0,), (45,), (3.5,))
('K.513 KernScores', 'P1', 1, (313, 315), (46,), (3.0,), (46,), (3.5,))

47.    ((-2, 2), (1.5, 0.5), (7, 8), (0.0, 0.5)):
('K.513 KernScores', 'P1', 1, (35, 37), (5,), (7.0,), (5,), (8.5,))
('K.513 KernScores', 'P1', 2, (36, 38), (16,), (7.0,), (16,), (8.5,))

48.    ((-3, 2), (3.0, 3.0), (1, 4), (0.0, 0.0)):
('K.513 KernScores', 'P1', 1, (163, 165), (20,), (1.0,), (20,), (4.0,))
('K.513 KernScores', 'P1', 2, (45, 47), (19,), (1.0,), (19,), (4.0,))

49.    ((-2, -2), (1.0, 1.0), (4, 5), (0.0, 0.0)):
('K.513 KernScores', 'P1', 1, (239, 241), (30,), (4.0,), (30,), (5.0,))
('K.513 KernScores', 'P1', 2, (8, 10), (8,), (4.0,), (8,), (5.0,))

50.    ((-2, 8), (0.5, 0.5), (2, 3), (0.5, 0.0)):
('K.513 KernScores', 'P1', 1, (312, 314), (46,), (2.5,), (46,), (3.0,))
('K.513 KernScores', 'P2', 1, (218, 220), (47,), (2.5,), (47,), (3.0,))

51.    ((-2, -2), (1.0, 2.0), (3, 4), (0.0, 0.0)):
('K.513 KernScores', 'P1', 2, (22, 24), (11,), (3.0,), (11,), (4.0,))
('K.513 KernScores', 'P2', 1, (71, 73), (13,), (3.0,), (13,), (4.0,))

52.    ((-2, -2), (1.0, 2.0), (12, 1), (0.0, 0.0)):
('K.513 KernScores', 'P1', 2, (40, 42), (16,), (12.0,), (17,), (1.0,))
('K.513 KernScores', 'P2', 1, (148, 150), (31,), (12.0,), (32,), (1.0,))

53.    ((-8, -8), (2.0, 1.0), (7, 9), (0.0, 0.0)):
('K.513 KernScores', 'P2', 1, (27, 29), (5,), (7.0,), (5,), (9.0,))
('K.513 KernScores', 'P2', 1, (46, 48), (8,), (7.0,), (8,), (9.0,))

54.    (((8, 1), (8, 1)), ((0.0, 3.0), (0.0, 3.0)), (7, 10), (0.0, 0.0)):
('K.513 KernScores', 'P2', 1, (109, 111), (21,), (7.0,), (21,), (10.0,))
('K.513 KernScores', 'P2', 1, (141, 143), (29,), (7.0,), (29,), (10.0,))

55.    ((1,), (3.0,), (1,), (0.0,)):
('K.513 KernScores', 'P1', 1, (299, 300), (41,), (1.0,), (41,), (1.0,))
('K.513 KernScores', 'P1', 1, (300, 301), (42,), (1.0,), (42,), (1.0,))
('K.513 KernScores', 'P1', 1, (301, 302), (43,), (1.0,), (43,), (1.0,))
('K.513 KernScores', 'P1', 1, (302, 303), (44,), (1.0,), (44,), (1.0,))
('K.513 KernScores', 'P1', 2, (59, 60), (26,), (1.0,), (26,), (1.0,))
('K.513 KernScores', 'P1', 2, (61, 62), (28,), (1.0,), (28,), (1.0,))
('K.513 KernScores', 'P2', 1, (76, 77), (14,), (1.0,), (14,), (1.0,))
('K.513 KernScores', 'P2', 1, (80, 81), (15,), (1.0,), (15,), (1.0,))
('K.513 KernScores', 'P2', 1, (93, 94), (18,), (1.0,), (18,), (1.0,))
('K.513 KernScores', 'P2', 1, (239, 240), (51,), (1.0,), (51,), (1.0,))
('K.513 KernScores', 'P2', 1, (240, 241), (52,), (1.0,), (52,), (1.0,))
('K.513 KernScores', 'P2', 1, (241, 242), (53,), (1.0,), (53,), (1.0,))
('K.513 KernScores', 'P2', 1, (308, 309), (71,), (1.0,), (71,), (1.0,))
('K.513 KernScores', 'P2', 1, (309, 310), (72,), (1.0,), (72,), (1.0,))
('K.513 KernScores', 'P2', 1, (314, 315), (75,), (1.0,), (75,), (1.0,))
('K.513 KernScores', 'P2', 1, (315, 316), (76,), (1.0,), (76,), (1.0,))
('K.513 KernScores', 'P2', 2, (9, 10), (6,), (1.0,), (6,), (1.0,))
('K.513 KernScores', 'P2', 2, (12, 13), (7,), (1.0,), (7,), (1.0,))
('K.513 KernScores', 'P2', 2, (28, 29), (32,), (1.0,), (32,), (1.0,))
('K.513 KernScores', 'P2', 2, (32, 33), (37,), (1.0,), (37,), (1.0,))
('K.513 KernScores', 'P2', 2, (33, 34), (38,), (1.0,), (38,), (1.0,))
('K.513 KernScores', 'P2', 2, (34, 35), (39,), (1.0,), (39,), (1.0,))

56.    ((-2,), (1.0,), (2,), (0.0,)):
('K.513 KernScores', 'P1', 1, (72, 73), (11,), (2.0,), (11,), (2.0,))
('K.513 KernScores', 'P1', 1, (139, 140), (16,), (2.0,), (16,), (2.0,))
('K.513 KernScores', 'P1', 1, (145, 146), (17,), (2.0,), (17,), (2.0,))
('K.513 KernScores', 'P1', 2, (82, 83), (42,), (2.0,), (42,), (2.0,))
('K.513 KernScores', 'P1', 2, (87, 88), (44,), (2.0,), (44,), (2.0,))
('K.513 KernScores', 'P2', 1, (180, 181), (38,), (2.0,), (38,), (2.0,))
('K.513 KernScores', 'P2', 1, (185, 186), (40,), (2.0,), (40,), (2.0,))
('K.513 KernScores', 'P2', 2, (41, 42), (72,), (2.0,), (72,), (2.0,))
('K.513 KernScores', 'P2', 2, (44, 45), (73,), (2.0,), (73,), (2.0,))
('K.513 KernScores', 'P2', 2, (50, 51), (76,), (2.0,), (76,), (2.0,))
('K.513 KernScores', 'P2', 2, (53, 54), (77,), (2.0,), (77,), (2.0,))

57.    ((2,), (1.0,), (6,), (0.0,)):
('K.513 KernScores', 'P1', 1, (108, 109), (14,), (6.0,), (14,), (6.0,))
('K.513 KernScores', 'P1', 1, (134, 135), (15,), (6.0,), (15,), (6.0,))
('K.513 KernScores', 'P1', 1, (158, 159), (19,), (6.0,), (19,), (6.0,))
('K.513 KernScores', 'P1', 1, (241, 242), (30,), (6.0,), (30,), (6.0,))
('K.513 KernScores', 'P1', 1, (260, 261), (34,), (6.0,), (34,), (6.0,))
('K.513 KernScores', 'P1', 1, (266, 267), (35,), (6.0,), (35,), (6.0,))
('K.513 KernScores', 'P1', 1, (272, 273), (36,), (6.0,), (36,), (6.0,))
('K.513 KernScores', 'P1', 2, (54, 55), (20,), (6.0,), (20,), (6.0,))
('K.513 KernScores', 'P1', 2, (64, 65), (30,), (6.0,), (30,), (6.0,))
('K.513 KernScores', 'P2', 1, (26, 27), (5,), (6.0,), (5,), (6.0,))

58.    ((2,), (1.0,), (3,), (0.0,)):
('K.513 KernScores', 'P1', 1, (8, 9), (2,), (3.0,), (2,), (3.0,))
('K.513 KernScores', 'P1', 1, (155, 156), (19,), (3.0,), (19,), (3.0,))
('K.513 KernScores', 'P1', 2, (51, 52), (20,), (3.0,), (20,), (3.0,))
('K.513 KernScores', 'P2', 1, (85, 86), (16,), (3.0,), (16,), (3.0,))
('K.513 KernScores', 'P2', 1, (90, 91), (17,), (3.0,), (17,), (3.0,))
('K.513 KernScores', 'P2', 1, (105, 106), (21,), (3.0,), (21,), (3.0,))
('K.513 KernScores', 'P2', 2, (39, 40), (71,), (3.0,), (71,), (3.0,))
('K.513 KernScores', 'P2', 2, (42, 43), (72,), (3.0,), (72,), (3.0,))
('K.513 KernScores', 'P2', 2, (48, 49), (75,), (3.0,), (75,), (3.0,))
('K.513 KernScores', 'P2', 2, (51, 52), (76,), (3.0,), (76,), (3.0,))

59.    ((3,), (0.5,), (1,), (0.0,)):
('K.513 KernScores', 'P1', 1, (323, 324), (51,), (1.0,), (51,), (1.0,))
('K.513 KernScores', 'P1', 1, (329, 330), (52,), (1.0,), (52,), (1.0,))
('K.513 KernScores', 'P1', 1, (335, 336), (53,), (1.0,), (53,), (1.0,))
('K.513 KernScores', 'P1', 1, (341, 342), (54,), (1.0,), (54,), (1.0,))
('K.513 KernScores', 'P1', 1, (372, 373), (61,), (1.0,), (61,), (1.0,))
('K.513 KernScores', 'P1', 1, (378, 379), (62,), (1.0,), (62,), (1.0,))
('K.513 KernScores', 'P1', 1, (414, 415), (69,), (1.0,), (69,), (1.0,))
('K.513 KernScores', 'P1', 1, (420, 421), (70,), (1.0,), (70,), (1.0,))
('K.513 KernScores', 'P2', 1, (243, 244), (55,), (1.0,), (55,), (1.0,))

60.    ((2,), (1.0,), (2,), (0.0,)):
('K.513 KernScores', 'P1', 1, (81, 82), (13,), (2.0,), (13,), (2.0,))
('K.513 KernScores', 'P1', 2, (30, 31), (12,), (2.0,), (12,), (2.0,))
('K.513 KernScores', 'P2', 1, (67, 68), (12,), (2.0,), (12,), (2.0,))
('K.513 KernScores', 'P2', 1, (321, 322), (79,), (2.0,), (79,), (2.0,))
('K.513 KernScores', 'P2', 1, (324, 325), (80,), (2.0,), (80,), (2.0,))
('K.513 KernScores', 'P2', 1, (327, 328), (81,), (2.0,), (81,), (2.0,))
('K.513 KernScores', 'P2', 2, (38, 39), (71,), (2.0,), (71,), (2.0,))
('K.513 KernScores', 'P2', 2, (47, 48), (75,), (2.0,), (75,), (2.0,))

61.    ((2,), (1.0,), (12,), (0.0,)):
('K.513 KernScores', 'P1', 1, (257, 258), (33,), (12.0,), (33,), (12.0,))
('K.513 KernScores', 'P1', 1, (263, 264), (34,), (12.0,), (34,), (12.0,))
('K.513 KernScores', 'P1', 1, (269, 270), (35,), (12.0,), (35,), (12.0,))
('K.513 KernScores', 'P1', 2, (48, 49), (19,), (12.0,), (19,), (12.0,))
('K.513 KernScores', 'P2', 1, (10, 11), (2,), (12.0,), (2,), (12.0,))
('K.513 KernScores', 'P2', 1, (83, 84), (15,), (12.0,), (15,), (12.0,))
('K.513 KernScores', 'P2', 1, (88, 89), (16,), (12.0,), (16,), (12.0,))
('K.513 KernScores', 'P2', 2, (21, 22), (12,), (12.0,), (12,), (12.0,))

62.    (((3, -2),), ((0.0, 1.0),), (3,), (0.0,)):
('K.513 KernScores', 'P1', 1, (174, 175), (22,), (3.0,), (22,), (3.0,))
('K.513 KernScores', 'P1', 1, (193, 194), (24,), (3.0,), (24,), (3.0,))
('K.513 KernScores', 'P1', 1, (199, 200), (25,), (3.0,), (25,), (3.0,))
('K.513 KernScores', 'P1', 1, (214, 215), (27,), (3.0,), (27,), (3.0,))
('K.513 KernScores', 'P1', 1, (229, 230), (29,), (3.0,), (29,), (3.0,))
('K.513 KernScores', 'P1', 1, (244, 245), (31,), (3.0,), (31,), (3.0,))
('K.513 KernScores', 'P2', 1, (51, 52), (9,), (3.0,), (9,), (3.0,))
('K.513 KernScores', 'P2', 1, (57, 58), (10,), (3.0,), (10,), (3.0,))

63.    ((-7,), (0.5,), (3,), (0.5,)):
('K.513 KernScores', 'P1', 1, (328, 329), (51,), (3.5,), (51,), (3.5,))
('K.513 KernScores', 'P1', 1, (340, 341), (53,), (3.5,), (53,), (3.5,))
('K.513 KernScores', 'P1', 1, (437, 438), (72,), (3.5,), (72,), (3.5,))
('K.513 KernScores', 'P1', 1, (461, 462), (76,), (3.5,), (76,), (3.5,))
('K.513 KernScores', 'P2', 1, (254, 255), (56,), (3.5,), (56,), (3.5,))
('K.513 KernScores', 'P2', 1, (261, 262), (58,), (3.5,), (58,), (3.5,))
('K.513 KernScores', 'P2', 1, (284, 285), (64,), (3.5,), (64,), (3.5,))
('K.513 KernScores', 'P2', 1, (291, 292), (66,), (3.5,), (66,), (3.5,))

64.    ((-2,), (0.5,), (8,), (0.5,)):
('K.513 KernScores', 'P1', 1, (20, 21), (3,), (8.5,), (3,), (8.5,))
('K.513 KernScores', 'P1', 1, (41, 42), (6,), (8.5,), (6,), (8.5,))
('K.513 KernScores', 'P1', 1, (51, 52), (7,), (8.5,), (7,), (8.5,))
('K.513 KernScores', 'P1', 1, (58, 59), (9,), (8.5,), (9,), (8.5,))
('K.513 KernScores', 'P1', 1, (68, 69), (10,), (8.5,), (10,), (8.5,))
('K.513 KernScores', 'P1', 2, (12, 13), (8,), (8.5,), (8,), (8.5,))
('K.513 KernScores', 'P2', 1, (2, 3), (1,), (8.5,), (1,), (8.5,))

65.    ((-2,), (1.0,), (6,), (0.0,)):
('K.513 KernScores', 'P1', 1, (34, 35), (5,), (6.0,), (5,), (6.0,))
('K.513 KernScores', 'P1', 1, (48, 49), (7,), (6.0,), (7,), (6.0,))
('K.513 KernScores', 'P1', 1, (65, 66), (10,), (6.0,), (10,), (6.0,))
('K.513 KernScores', 'P2', 1, (34, 35), (6,), (6.0,), (6,), (6.0,))
('K.513 KernScores', 'P2', 1, (40, 41), (7,), (6.0,), (7,), (6.0,))
('K.513 KernScores', 'P2', 1, (45, 46), (8,), (6.0,), (8,), (6.0,))
('K.513 KernScores', 'P2', 1, (69, 70), (12,), (6.0,), (12,), (6.0,))

66.    ((-4,), (2.0,), (7,), (0.0,)):
('K.513 KernScores', 'P1', 1, (159, 160), (19,), (7.0,), (19,), (7.0,))
('K.513 KernScores', 'P1', 1, (188, 189), (23,), (7.0,), (23,), (7.0,))
('K.513 KernScores', 'P1', 2, (55, 56), (20,), (7.0,), (20,), (7.0,))
('K.513 KernScores', 'P2', 1, (118, 119), (24,), (7.0,), (24,), (7.0,))
('K.513 KernScores', 'P2', 1, (123, 124), (25,), (7.0,), (25,), (7.0,))
('K.513 KernScores', 'P2', 1, (132, 133), (27,), (7.0,), (27,), (7.0,))

67.    ((2,), (2.0,), (1,), (0.0,)):
('K.513 KernScores', 'P1', 1, (7, 8), (2,), (1.0,), (2,), (1.0,))
('K.513 KernScores', 'P1', 1, (258, 259), (34,), (1.0,), (34,), (1.0,))
('K.513 KernScores', 'P1', 1, (264, 265), (35,), (1.0,), (35,), (1.0,))
('K.513 KernScores', 'P1', 1, (270, 271), (36,), (1.0,), (36,), (1.0,))
('K.513 KernScores', 'P2', 1, (31, 32), (6,), (1.0,), (6,), (1.0,))
('K.513 KernScores', 'P2', 1, (37, 38), (7,), (1.0,), (7,), (1.0,))

68.    ((8,), (0.5,), (3,), (0.0,)):
('K.513 KernScores', 'P1', 1, (307, 308), (45,), (3.0,), (45,), (3.0,))
('K.513 KernScores', 'P2', 1, (225, 226), (48,), (3.0,), (48,), (3.0,))
('K.513 KernScores', 'P2', 1, (231, 232), (49,), (3.0,), (49,), (3.0,))
('K.513 KernScores', 'P2', 1, (237, 238), (50,), (3.0,), (50,), (3.0,))
('K.513 KernScores', 'P2', 1, (273, 274), (61,), (3.0,), (61,), (3.0,))
('K.513 KernScores', 'P2', 1, (303, 304), (69,), (3.0,), (69,), (3.0,))

69.    ((-9,), (0.5,), (3,), (0.5,)):
('K.513 KernScores', 'P1', 1, (334, 335), (52,), (3.5,), (52,), (3.5,))
('K.513 KernScores', 'P1', 1, (431, 432), (71,), (3.5,), (71,), (3.5,))
('K.513 KernScores', 'P1', 1, (455, 456), (75,), (3.5,), (75,), (3.5,))
('K.513 KernScores', 'P2', 1, (220, 221), (47,), (3.5,), (47,), (3.5,))
('K.513 KernScores', 'P2', 1, (226, 227), (48,), (3.5,), (48,), (3.5,))
('K.513 KernScores', 'P2', 1, (232, 233), (49,), (3.5,), (49,), (3.5,))

70.    ((2,), (1.0,), (1,), (0.0,)):
('K.513 KernScores', 'P2', 1, (275, 276), (62,), (1.0,), (62,), (1.0,))
('K.513 KernScores', 'P2', 1, (305, 306), (70,), (1.0,), (70,), (1.0,))
('K.513 KernScores', 'P2', 1, (311, 312), (74,), (1.0,), (74,), (1.0,))
('K.513 KernScores', 'P2', 1, (317, 318), (78,), (1.0,), (78,), (1.0,))
('K.513 KernScores', 'P2', 2, (37, 38), (71,), (1.0,), (71,), (1.0,))
('K.513 KernScores', 'P2', 2, (46, 47), (75,), (1.0,), (75,), (1.0,))

71.    ((-2,), (1.0,), (12,), (0.0,)):
('K.513 KernScores', 'P1', 1, (15, 16), (2,), (12.0,), (2,), (12.0,))
('K.513 KernScores', 'P1', 1, (162, 163), (19,), (12.0,), (19,), (12.0,))
('K.513 KernScores', 'P1', 2, (40, 41), (16,), (12.0,), (16,), (12.0,))
('K.513 KernScores', 'P2', 1, (30, 31), (5,), (12.0,), (5,), (12.0,))
('K.513 KernScores', 'P2', 1, (36, 37), (6,), (12.0,), (6,), (12.0,))

72.    ((2,), (2.0,), (4,), (0.0,)):
('K.513 KernScores', 'P1', 1, (9, 10), (2,), (4.0,), (2,), (4.0,))
('K.513 KernScores', 'P1', 2, (63, 64), (30,), (4.0,), (30,), (4.0,))
('K.513 KernScores', 'P2', 1, (33, 34), (6,), (4.0,), (6,), (4.0,))
('K.513 KernScores', 'P2', 1, (39, 40), (7,), (4.0,), (7,), (4.0,))
('K.513 KernScores', 'P2', 2, (2, 3), (2,), (4.0,), (2,), (4.0,))

73.    ((4,), (1.0,), (9,), (0.0,)):
('K.513 KernScores', 'P1', 1, (189, 190), (23,), (9.0,), (23,), (9.0,))
('K.513 KernScores', 'P1', 2, (56, 57), (20,), (9.0,), (20,), (9.0,))
('K.513 KernScores', 'P2', 1, (158, 159), (33,), (9.0,), (33,), (9.0,))
('K.513 KernScores', 'P2', 1, (166, 167), (34,), (9.0,), (34,), (9.0,))

74.    ((1,), (4.0,), (9,), (0.0,)):
('K.513 KernScores', 'P1', 1, (42, 43), (6,), (9.0,), (6,), (9.0,))
('K.513 KernScores', 'P1', 1, (59, 60), (9,), (9.0,), (9,), (9.0,))
('K.513 KernScores', 'P1', 1, (274, 275), (36,), (9.0,), (36,), (9.0,))
('K.513 KernScores', 'P2', 1, (75, 76), (13,), (9.0,), (13,), (9.0,))

75.    ((-5,), (1.0,), (1,), (0.0,)):
('K.513 KernScores', 'P1', 1, (60, 61), (10,), (1.0,), (10,), (1.0,))
('K.513 KernScores', 'P2', 1, (320, 321), (79,), (1.0,), (79,), (1.0,))
('K.513 KernScores', 'P2', 1, (323, 324), (80,), (1.0,), (80,), (1.0,))
('K.513 KernScores', 'P2', 1, (326, 327), (81,), (1.0,), (81,), (1.0,))

76.    (((3, -2),), ((0.0, 1.0),), (6,), (0.0,)):
('K.513 KernScores', 'P1', 1, (177, 178), (22,), (6.0,), (22,), (6.0,))
('K.513 KernScores', 'P1', 1, (247, 248), (31,), (6.0,), (31,), (6.0,))
('K.513 KernScores', 'P2', 1, (53, 54), (9,), (6.0,), (9,), (6.0,))
('K.513 KernScores', 'P2', 1, (59, 60), (10,), (6.0,), (10,), (6.0,))

77.    (((3, 2),), ((0.0, 1.0),), (12,), (0.0,)):
('K.513 KernScores', 'P1', 1, (197, 198), (24,), (12.0,), (24,), (12.0,))
('K.513 KernScores', 'P1', 1, (212, 213), (26,), (12.0,), (26,), (12.0,))
('K.513 KernScores', 'P1', 1, (227, 228), (28,), (12.0,), (28,), (12.0,))
('K.513 KernScores', 'P2', 1, (61, 62), (10,), (12.0,), (10,), (12.0,))

78.    ((-5,), (0.5,), (3,), (0.5,)):
('K.513 KernScores', 'P1', 1, (356, 357), (57,), (3.5,), (57,), (3.5,))
('K.513 KernScores', 'P1', 1, (398, 399), (65,), (3.5,), (65,), (3.5,))
('K.513 KernScores', 'P2', 1, (274, 275), (61,), (3.5,), (61,), (3.5,))
('K.513 KernScores', 'P2', 1, (304, 305), (69,), (3.5,), (69,), (3.5,))

79.    ((-3,), (0.5,), (2,), (0.0,)):
('K.513 KernScores', 'P1', 1, (368, 369), (60,), (2.0,), (60,), (2.0,))
('K.513 KernScores', 'P1', 1, (410, 411), (68,), (2.0,), (68,), (2.0,))
('K.513 KernScores', 'P2', 1, (223, 224), (48,), (2.0,), (48,), (2.0,))
('K.513 KernScores', 'P2', 1, (229, 230), (49,), (2.0,), (49,), (2.0,))

80.    ((-5,), (1.0,), (6,), (0.0,)):
('K.513 KernScores', 'P1', 1, (83, 84), (13,), (6.0,), (13,), (6.0,))
('K.513 KernScores', 'P2', 1, (164, 165), (34,), (6.0,), (34,), (6.0,))
('K.513 KernScores', 'P2', 1, (172, 173), (35,), (6.0,), (35,), (6.0,))
('K.513 KernScores', 'P2', 2, (3, 4), (2,), (6.0,), (2,), (6.0,))

81.    (((6, 2),), ((0.0, 2.0),), (7,), (0.0,)):
('K.513 KernScores', 'P1', 1, (109, 110), (14,), (7.0,), (14,), (7.0,))
('K.513 KernScores', 'P1', 1, (135, 136), (15,), (7.0,), (15,), (7.0,))
('K.513 KernScores', 'P1', 2, (71, 72), (32,), (7.0,), (32,), (7.0,))

82.    (((3, -2),), ((0.0, 2.0),), (10,), (0.0,)):
('K.513 KernScores', 'P1', 1, (171, 172), (21,), (10.0,), (21,), (10.0,))
('K.513 KernScores', 'P1', 1, (181, 182), (22,), (10.0,), (22,), (10.0,))
('K.513 KernScores', 'P1', 2, (67, 68), (30,), (10.0,), (30,), (10.0,))

83.    ((2,), (1.5,), (1,), (0.0,)):
('K.513 KernScores', 'P1', 1, (0, 1), (1,), (1.0,), (1,), (1.0,))
('K.513 KernScores', 'P1', 2, (76, 77), (33,), (1.0,), (33,), (1.0,))
('K.513 KernScores', 'P2', 1, (14, 15), (4,), (1.0,), (4,), (1.0,))

84.    ((-2,), (2.0,), (4,), (0.0,)):
('K.513 KernScores', 'P1', 1, (54, 55), (8,), (4.0,), (8,), (4.0,))
('K.513 KernScores', 'P1', 2, (23, 24), (11,), (4.0,), (11,), (4.0,))
('K.513 KernScores', 'P2', 1, (72, 73), (13,), (4.0,), (13,), (4.0,))

85.    ((-2,), (3.0,), (10,), (0.0,)):
('K.513 KernScores', 'P1', 1, (143, 144), (16,), (10.0,), (16,), (10.0,))
('K.513 KernScores', 'P2', 1, (129, 130), (26,), (10.0,), (26,), (10.0,))
('K.513 KernScores', 'P2', 1, (138, 139), (28,), (10.0,), (28,), (10.0,))

86.    (((3, -2),), ((0.0, 1.0),), (12,), (0.0,)):
('K.513 KernScores', 'P1', 1, (172, 173), (21,), (12.0,), (21,), (12.0,))
('K.513 KernScores', 'P2', 1, (49, 50), (8,), (12.0,), (8,), (12.0,))
('K.513 KernScores', 'P2', 1, (55, 56), (9,), (12.0,), (9,), (12.0,))

87.    ((2,), (5.0,), (7,), (0.0,)):
('K.513 KernScores', 'P1', 2, (4, 5), (6,), (7.0,), (6,), (7.0,))
('K.513 KernScores', 'P1', 2, (19, 20), (9,), (7.0,), (9,), (7.0,))
('K.513 KernScores', 'P2', 1, (35, 36), (6,), (7.0,), (6,), (7.0,))

88.    ((-3,), (1.0,), (3,), (0.0,)):
('K.513 KernScores', 'P1', 1, (150, 151), (18,), (3.0,), (18,), (3.0,))
('K.513 KernScores', 'P1', 1, (253, 254), (33,), (3.0,), (33,), (3.0,))

89.    ((3,), (2.0,), (10,), (0.0,)):
('K.513 KernScores', 'P1', 1, (161, 162), (19,), (10.0,), (19,), (10.0,))
('K.513 KernScores', 'P1', 1, (190, 191), (23,), (10.0,), (23,), (10.0,))

90.    ((-3,), (6.0,), (7,), (0.0,)):
('K.513 KernScores', 'P1', 1, (165, 166), (20,), (7.0,), (20,), (7.0,))
('K.513 KernScores', 'P1', 1, (242, 243), (30,), (7.0,), (30,), (7.0,))

91.    (((6, -2),), ((0.0, 2.0),), (1,), (0.0,)):
('K.513 KernScores', 'P1', 1, (183, 184), (23,), (1.0,), (23,), (1.0,))
('K.513 KernScores', 'P1', 1, (237, 238), (30,), (1.0,), (30,), (1.0,))

92.    ((4,), (1.0,), (6,), (0.0,)):
('K.513 KernScores', 'P1', 1, (10, 11), (2,), (6.0,), (2,), (6.0,))
('K.513 KernScores', 'P1', 2, (10, 11), (8,), (6.0,), (8,), (6.0,))

93.    ((2,), (7.0,), (6,), (0.0,)):
('K.513 KernScores', 'P1', 1, (152, 153), (18,), (6.0,), (18,), (6.0,))
('K.513 KernScores', 'P1', 2, (44, 45), (18,), (6.0,), (18,), (6.0,))

94.    ((4,), (2.0,), (7,), (0.0,)):
('K.513 KernScores', 'P1', 1, (233, 234), (29,), (7.0,), (29,), (7.0,))
('K.513 KernScores', 'P1', 2, (65, 66), (30,), (7.0,), (30,), (7.0,))

95.    ((-4,), (2.0,), (1,), (0.0,)):
('K.513 KernScores', 'P1', 1, (149, 150), (18,), (1.0,), (18,), (1.0,))
('K.513 KernScores', 'P2', 1, (62, 63), (11,), (1.0,), (11,), (1.0,))

96.    ((3,), (2.0,), (4,), (0.0,)):
('K.513 KernScores', 'P1', 1, (151, 152), (18,), (4.0,), (18,), (4.0,))
('K.513 KernScores', 'P2', 1, (44, 45), (8,), (4.0,), (8,), (4.0,))

97.    (((3, 2),), ((0.0, 5.0),), (7,), (0.0,)):
('K.513 KernScores', 'P1', 1, (196, 197), (24,), (7.0,), (24,), (7.0,))
('K.513 KernScores', 'P2', 1, (54, 55), (9,), (7.0,), (9,), (7.0,))

98.    ((1,), (0.5,), (3,), (0.5,)):
('K.513 KernScores', 'P1', 1, (389, 390), (63,), (3.5,), (63,), (3.5,))
('K.513 KernScores', 'P2', 1, (210, 211), (44,), (3.5,), (44,), (3.5,))

99.    ((-6,), (1.0,), (3,), (0.0,)):
('K.513 KernScores', 'P1', 1, (206, 207), (26,), (3.0,), (26,), (3.0,))
('K.513 KernScores', 'P2', 2, (1, 2), (2,), (3.0,), (2,), (3.0,))

100.    ((-2,), (3.0,), (1,), (0.0,)):
('K.513 KernScores', 'P1', 1, (347, 348), (55,), (1.0,), (55,), (1.0,))
('K.513 KernScores', 'P2', 2, (19, 20), (12,), (1.0,), (12,), (1.0,))

101.    (((5, 2),), ((0.0, 2.0),), (1,), (0.0,)):
('K.513 KernScores', 'P1', 2, (6, 7), (8,), (1.0,), (8,), (1.0,))
('K.513 KernScores', 'P1', 2, (15, 16), (9,), (1.0,), (9,), (1.0,))

102.    (((4, 5, 1),), ((0.0, 0.0, 3.0),), (1,), (0.0,)):
('K.513 KernScores', 'P2', 1, (95, 96), (19,), (1.0,), (19,), (1.0,))
('K.513 KernScores', 'P2', 1, (99, 100), (20,), (1.0,), (20,), (1.0,))

103.    ((2,), (3.0,), (1,), (0.0,)):
('K.513 KernScores', 'P2', 2, (6, 7), (5,), (1.0,), (5,), (1.0,))
('K.513 KernScores', 'P2', 2, (22, 23), (13,), (1.0,), (13,), (1.0,))

