1.    nomes:
K.293 Musicalion

2.    quantidade:
1

3.    analise:
[('intDia', 'p1p2'), ('duracao', 'p1p2'), ('Ntempo', 'p1p2'), ('Ptempo', 'p1p2')] SemContInte Distancia: 0

1.    ((3, 3, -2, -2, -2, -2, -2, -2, -2, -2, (8, 7), -2, -2, -2, -2, -2, -2, -2, (8, 7), -2, -2, -2, -2, -2, -2, -2, (8, 7), -2, -2, -2, -2, 1, -2, 9, 2, -2, -2, -2, 4, -2, -2, -2, 2, -3, 2, -3, 2), (0.5, 0.5, 0.5, 0.5, 0.5, 0.5, 0.5, 0.5, 0.5, 0.5, (0.0, 0.5), 0.5, 0.5, 0.5, 0.5, 0.5, 0.5, 0.5, (0.0, 0.5), 0.5, 0.5, 0.5, 0.5, 0.5, 0.5, 0.5, (0.0, 0.5), 0.5, 0.5, 0.5, 0.5, 0.5, 0.0, 5.0, 2.0, 1.5, 0.5, 0.5, 0.5, 2.5, 0.5, 0.5, 0.5, 0.5, 0.5, 0.5, 0.5), (1, 1, 2, 2, 3, 3, 4, 4, 1, 1, 2, 2, 3, 3, 4, 4, 1, 1, 2, 2, 3, 3, 4, 4, 1, 1, 2, 2, 3, 3, 4, 4, 1, 1, 2, 4, 1, 2, 2, 3, 1, 2, 2, 3, 3, 4, 4), (0.0, 0.5, 0.0, 0.5, 0.0, 0.5, 0.0, 0.5, 0.0, 0.5, 0.0, 0.5, 0.0, 0.5, 0.0, 0.5, 0.0, 0.5, 0.0, 0.5, 0.0, 0.5, 0.0, 0.5, 0.0, 0.5, 0.0, 0.5, 0.0, 0.5, 0.0, 0.5, 0.0, 0.0, 0.0, 0.0, 0.5, 0.0, 0.5, 0.0, 0.5, 0.0, 0.5, 0.0, 0.5, 0.0, 0.5)):
('K.293 Musicalion', 'P1', 1, (464, 511), (91,), (1.0,), (98,), (4.5,))
('K.293 Musicalion', 'P1', 1, (511, 558), (99,), (1.0,), (106,), (4.5,))

2.    ((-2, -2, -2, -2, -2, -2, -2, -2, -2, -2, -2, -2, -2, -2, 3, 2, 2, 4, -3, -3, 2, 4, -3, -3, 2, -5, (8, 6), -3, 2, 4, -3, -3, 2, -5), (0.5, 0.5, 0.5, 0.5, 0.5, 0.5, 0.5, 0.5, 0.5, 0.5, 0.5, 0.5, 0.5, 0.5, 2.0, 2.0, 2.0, 2.0, 2.0, 2.0, 2.0, 2.0, 2.0, 2.0, 2.0, 2.0, (0.0, 2.0), 2.0, 2.0, 2.0, 2.0, 2.0, 2.0, 2.0), (2, 2, 3, 3, 4, 4, 1, 1, 2, 2, 3, 3, 4, 4, 1, 3, 1, 3, 1, 3, 1, 3, 1, 3, 1, 3, 1, 3, 1, 3, 1, 3, 1, 3), (0.0, 0.5, 0.0, 0.5, 0.0, 0.5, 0.0, 0.5, 0.0, 0.5, 0.0, 0.5, 0.0, 0.5, 0.0, 0.0, 0.0, 0.0, 0.0, 0.0, 0.0, 0.0, 0.0, 0.0, 0.0, 0.0, 0.0, 0.0, 0.0, 0.0, 0.0, 0.0, 0.0, 0.0)):
('K.293 Musicalion', 'P1', 3, (162, 196), (47,), (2.0,), (58,), (3.0,))
('K.293 Musicalion', 'P1', 3, (333, 367), (103,), (2.0,), (114,), (3.0,))

3.    ((-2, 5, -2, -2, -2, 2, 2, -2, -2, -2, 2, 2, -2, -2, -2, 2, 2, -2, -2, -2, 2, -5, (6, 3), 4, 2, 2, 2, -3, 2, -3, 2, -3, 2), (0.5, 0.5, 0.5, 0.5, 0.5, 0.5, 2.0, 0.5, 0.5, 0.5, 0.5, 2.0, 0.5, 0.5, 0.5, 0.5, 2.0, 0.5, 0.5, 0.5, 0.5, 2.0, (0.0, 0.5), 0.5, 0.5, 0.5, 2.0, 2.0, 2.0, 2.0, 2.0, 2.0, 2.0), (4, 4, 1, 1, 2, 2, 3, 1, 1, 2, 2, 3, 1, 1, 2, 2, 3, 1, 1, 2, 2, 3, 1, 1, 2, 2, 3, 1, 3, 1, 3, 1, 3), (0.0, 0.5, 0.0, 0.5, 0.0, 0.5, 0.0, 0.0, 0.5, 0.0, 0.5, 0.0, 0.0, 0.5, 0.0, 0.5, 0.0, 0.0, 0.5, 0.0, 0.5, 0.0, 0.0, 0.5, 0.0, 0.5, 0.0, 0.0, 0.0, 0.0, 0.0, 0.0, 0.0)):
('K.293 Musicalion', 'P1', 1, (115, 148), (23,), (4.0,), (31,), (3.0,))
('K.293 Musicalion', 'P1', 1, (431, 464), (82,), (4.0,), (90,), (3.0,))

4.    ((-2, -2, -2, -3, 3, 3, 4, -2, -2, -2, 2, -3, 3, 3, 4, -2, -2, -2, 2, 2, -2, -2, -2, 2, 2, -2, -2, -2), (0.5, 0.5, 0.5, 0.5, 0.5, 0.5, 0.5, 0.5, 0.5, 0.5, 0.5, 0.5, 0.5, 0.5, 0.5, 0.5, 0.5, 0.5, 0.5, 2.0, 0.5, 0.5, 0.5, 0.5, 2.0, 0.5, 0.5, 0.5), (3, 4, 4, 1, 1, 2, 2, 3, 3, 4, 4, 1, 1, 2, 2, 3, 3, 4, 4, 1, 3, 3, 4, 4, 1, 3, 3, 4), (0.5, 0.0, 0.5, 0.0, 0.5, 0.0, 0.5, 0.0, 0.5, 0.0, 0.5, 0.0, 0.5, 0.0, 0.5, 0.0, 0.5, 0.0, 0.5, 0.0, 0.0, 0.5, 0.0, 0.5, 0.0, 0.0, 0.5, 0.0)):
('K.293 Musicalion', 'P1', 1, (46, 74), (9,), (3.5,), (13,), (4.0,))
('K.293 Musicalion', 'P1', 1, (330, 358), (63,), (3.5,), (67,), (4.0,))

5.    ((-2, -2, -2, 2, 2, -2, -2, -2, 2, 2, -2, -2, -2, 2, 2, -2, -2, -2, 2, 2, -5, (5, 1), 2), (0.5, 0.5, 0.5, 0.5, 2.0, 0.5, 0.5, 0.5, 0.5, 2.0, 0.5, 0.5, 0.5, 0.5, 2.0, 0.5, 0.5, 0.5, 0.5, 2.0, 2.0, (0.0, 2.0), 2.0), (3, 3, 4, 4, 1, 3, 3, 4, 4, 1, 3, 3, 4, 4, 1, 3, 3, 4, 4, 1, 3, 1, 3), (0.0, 0.5, 0.0, 0.5, 0.0, 0.0, 0.5, 0.0, 0.5, 0.0, 0.0, 0.5, 0.0, 0.5, 0.0, 0.0, 0.5, 0.0, 0.5, 0.0, 0.0, 0.0, 0.0)):
('K.293 Musicalion', 'P1', 3, (61, 84), (16,), (3.0,), (21,), (3.0,))
('K.293 Musicalion', 'P1', 3, (220, 243), (68,), (3.0,), (73,), (3.0,))

6.    ((-2, -2, -2, 2, 2, -2, -2, -2, 2, 2, -2, -2, -2, 2, 2, -2, -2, -2, 2), (0.5, 0.5, 0.5, 0.5, 2.0, 0.5, 0.5, 0.5, 0.5, 2.0, 0.5, 0.5, 0.5, 0.5, 2.0, 0.5, 0.5, 0.5, 0.5), (1, 1, 2, 2, 3, 1, 1, 2, 2, 3, 1, 1, 2, 2, 3, 1, 1, 2, 2), (0.0, 0.5, 0.0, 0.5, 0.0, 0.0, 0.5, 0.0, 0.5, 0.0, 0.0, 0.5, 0.0, 0.5, 0.0, 0.0, 0.5, 0.0, 0.5)):
('K.293 Musicalion', 'P1', 1, (117, 136), (24,), (1.0,), (27,), (2.5,))
('K.293 Musicalion', 'P1', 1, (433, 452), (83,), (1.0,), (86,), (2.5,))
('K.293 Musicalion', 'P1', 3, (101, 120), (29,), (1.0,), (32,), (2.5,))
('K.293 Musicalion', 'P1', 4, (0, 19), (15,), (1.0,), (18,), (2.5,))
('K.293 Musicalion', 'P1', 4, (51, 70), (69,), (1.0,), (72,), (2.5,))

7.    ((2, -2, -2, -2, 2, 2, -2, -2, -2, 2, 2, -2, -2, -2, 2, 2, -2, -2, -2), (2.0, 0.5, 0.5, 0.5, 0.5, 2.0, 0.5, 0.5, 0.5, 0.5, 2.0, 0.5, 0.5, 0.5, 0.5, 2.0, 0.5, 0.5, 0.5), (1, 3, 3, 4, 4, 1, 3, 3, 4, 4, 1, 3, 3, 4, 4, 1, 3, 3, 4), (0.0, 0.0, 0.5, 0.0, 0.5, 0.0, 0.0, 0.5, 0.0, 0.5, 0.0, 0.0, 0.5, 0.0, 0.5, 0.0, 0.0, 0.5, 0.0)):
('K.293 Musicalion', 'P1', 2, (10, 29), (24,), (1.0,), (27,), (4.0,))
('K.293 Musicalion', 'P1', 2, (50, 69), (83,), (1.0,), (86,), (4.0,))
('K.293 Musicalion', 'P1', 3, (55, 74), (15,), (1.0,), (18,), (4.0,))
('K.293 Musicalion', 'P1', 4, (30, 49), (29,), (1.0,), (32,), (4.0,))

8.    ((-2, -2, -2, 2, 2, -2, -2, -2, 2, 2, -2, -2, -2, 2, 2, -2, -2, -2, 2), (0.5, 0.5, 0.5, 0.5, 2.0, 0.5, 0.5, 0.5, 0.5, 2.0, 0.5, 0.5, 0.5, 0.5, 2.0, 0.5, 0.5, 0.5, 0.5), (3, 3, 4, 4, 1, 3, 3, 4, 4, 1, 3, 3, 4, 4, 1, 3, 3, 4, 4), (0.0, 0.5, 0.0, 0.5, 0.0, 0.0, 0.5, 0.0, 0.5, 0.0, 0.0, 0.5, 0.0, 0.5, 0.0, 0.0, 0.5, 0.0, 0.5)):
('K.293 Musicalion', 'P1', 3, (56, 75), (15,), (3.0,), (18,), (4.5,))
('K.293 Musicalion', 'P1', 3, (220, 239), (68,), (3.0,), (71,), (4.5,))
('K.293 Musicalion', 'P1', 4, (72, 91), (74,), (3.0,), (77,), (4.5,))

9.    ((8, -2, -2, -2, 7, -2, -2, -2, 2, 2, -2, -2, -2, 2, 2, -2, -2, -2, 2), (2.0, 0.5, 0.5, 0.5, 0.5, 0.5, 0.5, 0.5, 0.5, 2.0, 0.5, 0.5, 0.5, 0.5, 2.0, 0.5, 0.5, 0.5, 0.5), (1, 3, 3, 4, 4, 1, 1, 2, 2, 3, 1, 1, 2, 2, 3, 1, 1, 2, 2), (0.0, 0.0, 0.5, 0.0, 0.5, 0.0, 0.5, 0.0, 0.5, 0.0, 0.0, 0.5, 0.0, 0.5, 0.0, 0.0, 0.5, 0.0, 0.5)):
('K.293 Musicalion', 'P1', 3, (96, 115), (28,), (1.0,), (31,), (2.5,))
('K.293 Musicalion', 'P1', 3, (277, 296), (87,), (1.0,), (90,), (2.5,))

10.    ((-2, -2, 2, -2, -2, 2, -3, 1, 2, 2, 2, 1, -2, -2, -2, -2, 2), (0.0, 0.5, 0.5, 0.0, 0.5, 0.5, 1.0, 2.0, 1.5, 0.5, 0.5, 0.5, 0.0, 0.5, 0.5, 0.5, 0.5), (3, 3, 3, 4, 4, 4, 1, 2, 4, 1, 2, 2, 3, 3, 3, 4, 4), (0.0, 0.0, 0.5, 0.0, 0.0, 0.5, 0.0, 0.0, 0.0, 0.5, 0.0, 0.5, 0.0, 0.0, 0.5, 0.0, 0.5)):
('K.293 Musicalion', 'P1', 1, (265, 282), (52,), (3.0,), (54,), (4.5,))
('K.293 Musicalion', 'P1', 1, (288, 305), (56,), (3.0,), (58,), (4.5,))

11.    ((-2, -2, -2, 2, 2, -2, -2, -2, 2, 2, -2, -2, -2, 2, -5), (0.5, 0.5, 0.5, 0.5, 2.0, 0.5, 0.5, 0.5, 0.5, 2.0, 0.5, 0.5, 0.5, 0.5, 2.0), (1, 1, 2, 2, 3, 1, 1, 2, 2, 3, 1, 1, 2, 2, 3), (0.0, 0.5, 0.0, 0.5, 0.0, 0.0, 0.5, 0.0, 0.5, 0.0, 0.0, 0.5, 0.0, 0.5, 0.0)):
('K.293 Musicalion', 'P1', 1, (122, 137), (25,), (1.0,), (27,), (3.0,))
('K.293 Musicalion', 'P1', 1, (438, 453), (84,), (1.0,), (86,), (3.0,))
('K.293 Musicalion', 'P1', 3, (282, 297), (88,), (1.0,), (90,), (3.0,))

12.    ((-2, 2, 2, -6, 2, 3, 2, -6, 2, 3, 2, -6, 2, 3, 2), (0.5, 0.5, 0.5, 0.5, 0.5, 0.5, 0.5, 0.5, 0.5, 0.5, 0.5, 0.5, 0.5, 0.5, 0.5), (1, 2, 2, 3, 3, 4, 4, 1, 1, 2, 2, 3, 3, 4, 4), (0.5, 0.0, 0.5, 0.0, 0.5, 0.0, 0.5, 0.0, 0.5, 0.0, 0.5, 0.0, 0.5, 0.0, 0.5)):
('K.293 Musicalion', 'P1', 1, (5, 20), (2,), (1.5,), (3,), (4.5,))
('K.293 Musicalion', 'P1', 3, (9, 24), (4,), (1.5,), (5,), (4.5,))

13.    ((-2, -2, -2, 2, 2, -2, -2, -2, 2, 2, -2, -2, -2, 2), (0.5, 0.5, 0.5, 0.5, 2.0, 0.5, 0.5, 0.5, 0.5, 2.0, 0.5, 0.5, 0.5, 0.5), (3, 3, 4, 4, 1, 3, 3, 4, 4, 1, 3, 3, 4, 4), (0.0, 0.5, 0.0, 0.5, 0.0, 0.0, 0.5, 0.0, 0.5, 0.0, 0.0, 0.5, 0.0, 0.5)):
('K.293 Musicalion', 'P1', 1, (61, 75), (11,), (3.0,), (13,), (4.5,))
('K.293 Musicalion', 'P1', 2, (11, 25), (24,), (3.0,), (26,), (4.5,))
('K.293 Musicalion', 'P1', 2, (51, 65), (83,), (3.0,), (85,), (4.5,))
('K.293 Musicalion', 'P1', 3, (56, 70), (15,), (3.0,), (17,), (4.5,))
('K.293 Musicalion', 'P1', 3, (220, 234), (68,), (3.0,), (70,), (4.5,))
('K.293 Musicalion', 'P1', 4, (31, 45), (29,), (3.0,), (31,), (4.5,))
('K.293 Musicalion', 'P1', 4, (72, 86), (74,), (3.0,), (76,), (4.5,))

14.    ((-2, -2, -2, 7, 2, -3, 2, -3, 2, -3, 2), (0.5, 0.5, 0.5, 2.5, 2.0, 2.0, 2.0, 2.0, 2.0, 2.0, 2.0), (1, 1, 2, 2, 1, 3, 1, 3, 1, 3, 1), (0.0, 0.5, 0.0, 0.5, 0.0, 0.0, 0.0, 0.0, 0.0, 0.0, 0.0)):
('K.293 Musicalion', 'P1', 1, (75, 86), (14,), (1.0,), (18,), (1.0,))
('K.293 Musicalion', 'P1', 1, (359, 370), (68,), (1.0,), (72,), (1.0,))

15.    ((-2, -2, -2, 2, 2, -2, -2, -2, 2), (0.5, 0.5, 0.5, 0.5, 2.0, 0.5, 0.5, 0.5, 0.5), (1, 1, 2, 2, 3, 1, 1, 2, 2), (0.0, 0.5, 0.0, 0.5, 0.0, 0.0, 0.5, 0.0, 0.5)):
('K.293 Musicalion', 'P1', 1, (117, 126), (24,), (1.0,), (25,), (2.5,))
('K.293 Musicalion', 'P1', 1, (127, 136), (26,), (1.0,), (27,), (2.5,))
('K.293 Musicalion', 'P1', 1, (433, 442), (83,), (1.0,), (84,), (2.5,))
('K.293 Musicalion', 'P1', 1, (443, 452), (85,), (1.0,), (86,), (2.5,))
('K.293 Musicalion', 'P1', 2, (0, 9), (12,), (1.0,), (13,), (2.5,))
('K.293 Musicalion', 'P1', 2, (40, 49), (66,), (1.0,), (67,), (2.5,))
('K.293 Musicalion', 'P1', 3, (101, 110), (29,), (1.0,), (30,), (2.5,))
('K.293 Musicalion', 'P1', 3, (111, 120), (31,), (1.0,), (32,), (2.5,))
('K.293 Musicalion', 'P1', 3, (250, 259), (76,), (1.0,), (77,), (2.5,))
('K.293 Musicalion', 'P1', 3, (282, 291), (88,), (1.0,), (89,), (2.5,))
('K.293 Musicalion', 'P1', 4, (0, 9), (15,), (1.0,), (16,), (2.5,))
('K.293 Musicalion', 'P1', 4, (10, 19), (17,), (1.0,), (18,), (2.5,))
('K.293 Musicalion', 'P1', 4, (20, 29), (19,), (1.0,), (20,), (2.5,))
('K.293 Musicalion', 'P1', 4, (51, 60), (69,), (1.0,), (70,), (2.5,))
('K.293 Musicalion', 'P1', 4, (61, 70), (71,), (1.0,), (72,), (2.5,))

16.    ((-2, -2, -2, 2, 3, -2, -2, -2, 2), (0.5, 0.5, 0.5, 0.5, 30.0, 0.5, 0.5, 0.5, 0.5), (3, 3, 4, 4, 1, 3, 3, 4, 4), (0.0, 0.5, 0.0, 0.5, 0.0, 0.0, 0.5, 0.0, 0.5)):
('K.293 Musicalion', 'P1', 2, (30, 39), (41,), (3.0,), (49,), (4.5,))
('K.293 Musicalion', 'P1', 2, (70, 79), (97,), (3.0,), (105,), (4.5,))

17.    ((-2, -2, -2, -2, -2, -2, -2, -2), (0.5, 0.5, 0.5, 0.5, 0.5, 0.5, 0.5, 0.5), (2, 2, 3, 3, 4, 4, 1, 1), (0.0, 0.5, 0.0, 0.5, 0.0, 0.5, 0.0, 0.5)):
('K.293 Musicalion', 'P1', 1, (166, 174), (35,), (2.0,), (36,), (1.5,))
('K.293 Musicalion', 'P1', 1, (213, 221), (43,), (2.0,), (44,), (1.5,))
('K.293 Musicalion', 'P1', 1, (466, 474), (91,), (2.0,), (92,), (1.5,))
('K.293 Musicalion', 'P1', 1, (513, 521), (99,), (2.0,), (100,), (1.5,))
('K.293 Musicalion', 'P1', 3, (136, 144), (39,), (2.0,), (40,), (1.5,))
('K.293 Musicalion', 'P1', 3, (162, 170), (47,), (2.0,), (48,), (1.5,))
('K.293 Musicalion', 'P1', 3, (306, 314), (95,), (2.0,), (96,), (1.5,))
('K.293 Musicalion', 'P1', 3, (333, 341), (103,), (2.0,), (104,), (1.5,))

18.    ((-2, -2, -2, -2, -2, 1, 2), (0.5, 0.5, 0.5, 0.5, 0.5, 0.5, 0.5), (2, 2, 3, 3, 4, 4, 1), (0.0, 0.5, 0.0, 0.5, 0.0, 0.5, 0.0)):
('K.293 Musicalion', 'P1', 1, (95, 102), (21,), (2.0,), (22,), (1.0,))
('K.293 Musicalion', 'P1', 1, (103, 110), (22,), (2.0,), (23,), (1.0,))

19.    ((3, 3, 4, -5), (0.5, 0.5, 0.5, 2.0), (3, 4, 4, 1), (0.5, 0.0, 0.5, 0.0)):
('K.293 Musicalion', 'P1', 3, (1, 5), (1,), (3.5,), (2,), (1.0,))
('K.293 Musicalion', 'P1', 3, (197, 201), (60,), (3.5,), (61,), (1.0,))

20.    ((8, -7, 6, -7), (1.0, 1.0, 1.0, 1.0), (1, 2, 3, 4), (0.0, 0.0, 0.0, 0.0)):
('K.293 Musicalion', 'P1', 3, (34, 38), (8,), (1.0,), (8,), (4.0,))
('K.293 Musicalion', 'P1', 3, (38, 42), (9,), (1.0,), (9,), (4.0,))

21.    ((6, -7, 6, -5), (1.0, 1.0, 1.0, 1.0), (3, 4, 1, 2), (0.0, 0.0, 0.0, 0.0)):
('K.293 Musicalion', 'P1', 3, (201, 205), (61,), (3.0,), (62,), (2.0,))
('K.293 Musicalion', 'P1', 3, (205, 209), (62,), (3.0,), (63,), (2.0,))

22.    ((-2, -2, 4), (0.5, 0.5, 0.5), (1, 2, 2), (0.5, 0.0, 0.5)):
('K.293 Musicalion', 'P1', 1, (200, 203), (41,), (1.5,), (41,), (2.5,))
('K.293 Musicalion', 'P1', 1, (247, 250), (49,), (1.5,), (49,), (2.5,))
('K.293 Musicalion', 'P1', 1, (500, 503), (97,), (1.5,), (97,), (2.5,))
('K.293 Musicalion', 'P1', 1, (547, 550), (105,), (1.5,), (105,), (2.5,))
('K.293 Musicalion', 'P1', 3, (246, 249), (75,), (1.5,), (75,), (2.5,))

23.    ((-3, 2), (2.0, 2.0), (3, 1), (0.0, 0.0)):
('K.293 Musicalion', 'P1', 1, (80, 82), (15,), (3.0,), (16,), (1.0,))
('K.293 Musicalion', 'P1', 1, (82, 84), (16,), (3.0,), (17,), (1.0,))
('K.293 Musicalion', 'P1', 1, (84, 86), (17,), (3.0,), (18,), (1.0,))
('K.293 Musicalion', 'P1', 1, (86, 88), (18,), (3.0,), (19,), (1.0,))
('K.293 Musicalion', 'P1', 1, (88, 90), (19,), (3.0,), (20,), (1.0,))
('K.293 Musicalion', 'P1', 1, (364, 366), (69,), (3.0,), (70,), (1.0,))
('K.293 Musicalion', 'P1', 1, (366, 368), (70,), (3.0,), (71,), (1.0,))
('K.293 Musicalion', 'P1', 1, (368, 370), (71,), (3.0,), (72,), (1.0,))
('K.293 Musicalion', 'P1', 3, (181, 183), (51,), (3.0,), (52,), (1.0,))
('K.293 Musicalion', 'P1', 3, (185, 187), (53,), (3.0,), (54,), (1.0,))
('K.293 Musicalion', 'P1', 3, (189, 191), (55,), (3.0,), (56,), (1.0,))
('K.293 Musicalion', 'P1', 3, (193, 195), (57,), (3.0,), (58,), (1.0,))
('K.293 Musicalion', 'P1', 3, (352, 354), (107,), (3.0,), (108,), (1.0,))
('K.293 Musicalion', 'P1', 3, (356, 358), (109,), (3.0,), (110,), (1.0,))
('K.293 Musicalion', 'P1', 3, (360, 362), (111,), (3.0,), (112,), (1.0,))
('K.293 Musicalion', 'P1', 3, (364, 366), (113,), (3.0,), (114,), (1.0,))

24.    ((-2, -2), (2.0, 2.0), (4, 2), (0.0, 0.0)):
('K.293 Musicalion', 'P1', 1, (21, 23), (4,), (4.0,), (5,), (2.0,))
('K.293 Musicalion', 'P1', 1, (23, 25), (5,), (4.0,), (6,), (2.0,))

25.    ((2, -2), (0.5, 0.5), (1, 2), (0.5, 0.0)):
('K.293 Musicalion', 'P1', 1, (285, 287), (56,), (1.5,), (56,), (2.0,))
('K.293 Musicalion', 'P1', 1, (310, 312), (61,), (1.5,), (61,), (2.0,))

26.    ((2,), (2.0,), (1,), (0.0,)):
('K.293 Musicalion', 'P1', 1, (79, 80), (15,), (1.0,), (15,), (1.0,))
('K.293 Musicalion', 'P1', 1, (81, 82), (16,), (1.0,), (16,), (1.0,))
('K.293 Musicalion', 'P1', 1, (83, 84), (17,), (1.0,), (17,), (1.0,))
('K.293 Musicalion', 'P1', 1, (85, 86), (18,), (1.0,), (18,), (1.0,))
('K.293 Musicalion', 'P1', 1, (87, 88), (19,), (1.0,), (19,), (1.0,))
('K.293 Musicalion', 'P1', 1, (363, 364), (69,), (1.0,), (69,), (1.0,))
('K.293 Musicalion', 'P1', 1, (365, 366), (70,), (1.0,), (70,), (1.0,))
('K.293 Musicalion', 'P1', 1, (367, 368), (71,), (1.0,), (71,), (1.0,))
('K.293 Musicalion', 'P1', 2, (10, 11), (24,), (1.0,), (24,), (1.0,))
('K.293 Musicalion', 'P1', 2, (50, 51), (83,), (1.0,), (83,), (1.0,))
('K.293 Musicalion', 'P1', 3, (55, 56), (15,), (1.0,), (15,), (1.0,))
('K.293 Musicalion', 'P1', 3, (80, 81), (20,), (1.0,), (20,), (1.0,))
('K.293 Musicalion', 'P1', 3, (152, 153), (42,), (1.0,), (42,), (1.0,))
('K.293 Musicalion', 'P1', 3, (178, 179), (50,), (1.0,), (50,), (1.0,))
('K.293 Musicalion', 'P1', 3, (182, 183), (52,), (1.0,), (52,), (1.0,))
('K.293 Musicalion', 'P1', 3, (186, 187), (54,), (1.0,), (54,), (1.0,))
('K.293 Musicalion', 'P1', 3, (190, 191), (56,), (1.0,), (56,), (1.0,))
('K.293 Musicalion', 'P1', 3, (194, 195), (58,), (1.0,), (58,), (1.0,))
('K.293 Musicalion', 'P1', 3, (322, 323), (98,), (1.0,), (98,), (1.0,))
('K.293 Musicalion', 'P1', 3, (349, 350), (106,), (1.0,), (106,), (1.0,))
('K.293 Musicalion', 'P1', 3, (353, 354), (108,), (1.0,), (108,), (1.0,))
('K.293 Musicalion', 'P1', 3, (357, 358), (110,), (1.0,), (110,), (1.0,))
('K.293 Musicalion', 'P1', 3, (361, 362), (112,), (1.0,), (112,), (1.0,))
('K.293 Musicalion', 'P1', 3, (365, 366), (114,), (1.0,), (114,), (1.0,))
('K.293 Musicalion', 'P1', 4, (30, 31), (29,), (1.0,), (29,), (1.0,))
('K.293 Musicalion', 'P1', 4, (94, 95), (88,), (1.0,), (88,), (1.0,))

27.    ((-3,), (2.0,), (1,), (0.0,)):
('K.293 Musicalion', 'P1', 1, (142, 143), (29,), (1.0,), (29,), (1.0,))
('K.293 Musicalion', 'P1', 1, (144, 145), (30,), (1.0,), (30,), (1.0,))
('K.293 Musicalion', 'P1', 1, (146, 147), (31,), (1.0,), (31,), (1.0,))
('K.293 Musicalion', 'P1', 1, (148, 149), (32,), (1.0,), (32,), (1.0,))
('K.293 Musicalion', 'P1', 1, (387, 388), (75,), (1.0,), (75,), (1.0,))
('K.293 Musicalion', 'P1', 1, (389, 390), (76,), (1.0,), (76,), (1.0,))
('K.293 Musicalion', 'P1', 1, (391, 392), (77,), (1.0,), (77,), (1.0,))
('K.293 Musicalion', 'P1', 1, (458, 459), (88,), (1.0,), (88,), (1.0,))
('K.293 Musicalion', 'P1', 1, (460, 461), (89,), (1.0,), (89,), (1.0,))
('K.293 Musicalion', 'P1', 1, (462, 463), (90,), (1.0,), (90,), (1.0,))
('K.293 Musicalion', 'P1', 3, (32, 33), (7,), (1.0,), (7,), (1.0,))
('K.293 Musicalion', 'P1', 3, (180, 181), (51,), (1.0,), (51,), (1.0,))
('K.293 Musicalion', 'P1', 3, (184, 185), (53,), (1.0,), (53,), (1.0,))
('K.293 Musicalion', 'P1', 3, (192, 193), (57,), (1.0,), (57,), (1.0,))
('K.293 Musicalion', 'P1', 3, (351, 352), (107,), (1.0,), (107,), (1.0,))
('K.293 Musicalion', 'P1', 3, (355, 356), (109,), (1.0,), (109,), (1.0,))
('K.293 Musicalion', 'P1', 3, (363, 364), (113,), (1.0,), (113,), (1.0,))

28.    ((1,), (0.5,), (2,), (0.5,)):
('K.293 Musicalion', 'P1', 1, (276, 277), (54,), (2.5,), (54,), (2.5,))
('K.293 Musicalion', 'P1', 1, (287, 288), (56,), (2.5,), (56,), (2.5,))
('K.293 Musicalion', 'P1', 1, (299, 300), (58,), (2.5,), (58,), (2.5,))
('K.293 Musicalion', 'P1', 1, (575, 576), (110,), (2.5,), (110,), (2.5,))
('K.293 Musicalion', 'P1', 1, (598, 599), (114,), (2.5,), (114,), (2.5,))
('K.293 Musicalion', 'P1', 1, (623, 624), (117,), (2.5,), (117,), (2.5,))
('K.293 Musicalion', 'P1', 3, (27, 28), (6,), (2.5,), (6,), (2.5,))

29.    ((6,), (1.0,), (1,), (0.0,)):
('K.293 Musicalion', 'P1', 1, (94, 95), (21,), (1.0,), (21,), (1.0,))
('K.293 Musicalion', 'P1', 1, (570, 571), (109,), (1.0,), (109,), (1.0,))
('K.293 Musicalion', 'P1', 1, (593, 594), (113,), (1.0,), (113,), (1.0,))
('K.293 Musicalion', 'P1', 3, (124, 125), (34,), (1.0,), (34,), (1.0,))
('K.293 Musicalion', 'P1', 3, (203, 204), (62,), (1.0,), (62,), (1.0,))
('K.293 Musicalion', 'P1', 3, (207, 208), (63,), (1.0,), (63,), (1.0,))

30.    ((-2,), (2.0,), (3,), (0.0,)):
('K.293 Musicalion', 'P1', 1, (386, 387), (74,), (3.0,), (74,), (3.0,))
('K.293 Musicalion', 'P1', 3, (5, 6), (2,), (3.0,), (2,), (3.0,))
('K.293 Musicalion', 'P1', 3, (7, 8), (3,), (3.0,), (3,), (3.0,))
('K.293 Musicalion', 'P1', 3, (33, 34), (7,), (3.0,), (7,), (3.0,))
('K.293 Musicalion', 'P1', 3, (87, 88), (23,), (3.0,), (23,), (3.0,))
('K.293 Musicalion', 'P1', 3, (249, 250), (75,), (3.0,), (75,), (3.0,))

31.    ((8,), (1.0,), (1,), (0.0,)):
('K.293 Musicalion', 'P1', 1, (259, 260), (51,), (1.0,), (51,), (1.0,))
('K.293 Musicalion', 'P1', 1, (558, 559), (107,), (1.0,), (107,), (1.0,))
('K.293 Musicalion', 'P1', 1, (581, 582), (111,), (1.0,), (111,), (1.0,))
('K.293 Musicalion', 'P1', 3, (34, 35), (8,), (1.0,), (8,), (1.0,))
('K.293 Musicalion', 'P1', 3, (38, 39), (9,), (1.0,), (9,), (1.0,))

32.    ((-2,), (1.0,), (3,), (0.0,)):
('K.293 Musicalion', 'P1', 1, (430, 431), (82,), (3.0,), (82,), (3.0,))
('K.293 Musicalion', 'P1', 1, (624, 625), (117,), (3.0,), (117,), (3.0,))
('K.293 Musicalion', 'P1', 3, (126, 127), (34,), (3.0,), (34,), (3.0,))
('K.293 Musicalion', 'P1', 3, (369, 370), (115,), (3.0,), (115,), (3.0,))
('K.293 Musicalion', 'P1', 3, (373, 374), (116,), (3.0,), (116,), (3.0,))

33.    ((5,), (0.5,), (1,), (0.0,)):
('K.293 Musicalion', 'P1', 1, (604, 605), (115,), (1.0,), (115,), (1.0,))
('K.293 Musicalion', 'P1', 3, (8, 9), (4,), (1.0,), (4,), (1.0,))

34.    ((-7,), (2.0,), (3,), (0.0,)):
('K.293 Musicalion', 'P1', 3, (120, 121), (32,), (3.0,), (32,), (3.0,))
('K.293 Musicalion', 'P1', 3, (268, 269), (82,), (3.0,), (82,), (3.0,))

35.    ((1,), (2.0,), (1,), (0.0,)):
('K.293 Musicalion', 'P1', 3, (84, 85), (22,), (1.0,), (22,), (1.0,))
('K.293 Musicalion', 'P1', 4, (71, 72), (74,), (1.0,), (74,), (1.0,))

