1 .    ('nomes', 'K.322 Musescore') 

2 .    ('quantidade', 1) 

3 .    ('analise', 'recorręncias IntDiaDurPcompasso sem contidos e intercalados') 

1 .    (((-2, -2, 2, -2, -2, 2, 6, -2, -2, -2, -2, -2, -2, -2, 2, -2, -2, 2), (0.5, 0.25, 0.25, 0.5, 0.25, 0.25, 0.5, 0.5, 0.0, 0.5, 0.25, 0.25, 0.5, 0.25, 0.25, 0.5, 0.25, 0.25), (2.0, 2.5, 2.75, 1.0, 1.5, 1.75, 2.0, 2.5, 1.0, 1.0, 1.5, 1.75, 2.0, 2.5, 2.75, 1.0, 1.5, 1.75)), [('K.322 Musescore', 'P1', 1, (344, 362), (74, 2.0), (76, 1.75)), ('K.322 Musescore', 'P1', 1, (367, 385), (78, 2.0), (80, 1.75))]) 

2 .    (((1, 1, 1, 1, -2, -2, 8, -2, -2, -2, -2, -2, -2, 2), (0.5, 0.5, 0.5, 0.5, 0.25, 0.25, 0.5, 1.5, 0.25, 0.25, 0.25, 0.25, 0.25, 0.25), (1.0, 1.5, 2.0, 2.5, 1.0, 1.25, 1.5, 2.0, 1.5, 1.75, 2.0, 2.25, 2.5, 2.75)), [('K.322 Musescore', 'P1', 1, (105, 119), (25, 1.0), (27, 2.75)), ('K.322 Musescore', 'P1', 1, (138, 152), (33, 1.0), (35, 2.75))]) 

3 .    (((2, 2, 2, -4, -2, -2, 2, -2, -2, 2, 6), (0.5, 0.5, 0.25, 0.25, 0.5, 0.25, 0.25, 0.5, 0.25, 0.25, 0.5), (1.5, 2.0, 2.5, 2.75, 1.0, 1.5, 1.75, 2.0, 2.5, 2.75, 1.0)), [('K.322 Musescore', 'P1', 1, (153, 164), (36, 1.5), (38, 1.0)), ('K.322 Musescore', 'P1', 1, (175, 186), (40, 1.5), (42, 1.0))]) 

4 .    (((-4, 1, 4, -4, 1, 1, 4, -3, 2, -3, -2), (0.25, 0.25, 0.5, 0.25, 0.25, 0.5, 0.5, 0.25, 0.25, 0.25, 0.25), (1.5, 1.75, 2.0, 2.5, 2.75, 1.0, 1.5, 2.0, 2.25, 2.5, 2.75)), [('K.322 Musescore', 'P1', 1, (225, 236), (50, 1.5), (52, 2.75)), ('K.322 Musescore', 'P1', 1, (237, 248), (52, 1.5), (54, 2.75))]) 

5 .    (((-2, -2, -2, -2, -2, 2, -2, -2, 2), (0.5, 0.25, 0.25, 0.5, 0.25, 0.25, 0.5, 0.25, 0.25), (2.0, 2.5, 2.75, 1.0, 1.5, 1.75, 2.0, 2.5, 2.75)), [('K.322 Musescore', 'P1', 1, (165, 174), (38, 2.0), (39, 2.75)), ('K.322 Musescore', 'P1', 1, (188, 197), (42, 2.0), (43, 2.75))]) 

6 .    (((3, -2, -2, -2, -2, -2, 2), (0.25, 0.0, 0.5, 0.25, 0.25, 0.5, 0.5), (2.75, 1.0, 1.0, 1.5, 1.75, 2.0, 2.5)), [('K.322 Musescore', 'P1', 1, (4, 11), (2, 2.75), (3, 2.5)), ('K.322 Musescore', 'P1', 1, (15, 22), (4, 2.75), (5, 2.5))]) 

7 .    (((5, -6, 1, -2, 6, -4), (0.5, 1.0, 0.5, 0.5, 1.0, 0.25), (1.0, 1.5, 2.5, 1.0, 1.5, 2.5)), [('K.322 Musescore', 'P1', 1, (41, 47), (11, 1.0), (12, 2.5)), ('K.322 Musescore', 'P1', 1, (48, 54), (13, 1.0), (14, 2.5))]) 

8 .    (((6, -6, 2, 5, -5, 2), (0.5, 0.25, 0.25, 0.5, 0.25, 0.25), (2.0, 2.5, 2.75, 1.0, 1.5, 1.75)), [('K.322 Musescore', 'P1', 1, (75, 81), (19, 2.0), (20, 1.75)), ('K.322 Musescore', 'P1', 1, (263, 269), (57, 2.0), (57, 1.75))]) 

9 .    (((1, 1, 1, 1, -3, 2), (0.25, 0.5, 0.5, 0.5, 0.5, 0.25), (1.75, 2.0, 2.5, 1.0, 1.5, 2.0)), [('K.322 Musescore', 'P1', 1, (199, 205), (44, 1.75), (46, 2.0)), ('K.322 Musescore', 'P1', 1, (289, 295), (61, 1.75), (63, 2.0))]) 

10 .    (((-2, 1, -4, 1, 2, 1), (1.0, 1.0, 1.0, 1.0, 1.0, 1.0), (2.0, 1.0, 2.0, 1.0, 2.0, 1.0)), [('K.322 Musescore', 'P1', 2, (28, 34), (15, 2.0), (18, 1.0)), ('K.322 Musescore', 'P1', 2, (43, 49), (23, 2.0), (26, 1.0))]) 

11 .    (((-3, 1, 1, 1, 1), (0.25, 0.25, 0.5, 0.5, 0.5), (2.5, 2.75, 1.0, 1.5, 2.0)), [('K.322 Musescore', 'P1', 1, (93, 98), (22, 2.5), (23, 2.0)), ('K.322 Musescore', 'P1', 1, (120, 125), (28, 2.5), (29, 2.0))]) 

12 .    (((-2, -2, -2, -2, -2), (0.25, 0.25, 0.25, 0.25, 0.25), (2.5, 2.75, 1.0, 1.25, 1.5)), [('K.322 Musescore', 'P1', 1, (270, 275), (58, 2.5), (58, 1.5)), ('K.322 Musescore', 'P1', 1, (299, 304), (64, 2.5), (64, 1.5))]) 

13 .    (((-3, 1, 1, 1, 1), (0.25, 0.25, 0.5, 0.5, 0.5), (1.5, 1.75, 2.0, 2.5, 1.0)), [('K.322 Musescore', 'P1', 1, (278, 283), (59, 1.5), (60, 1.0)), ('K.322 Musescore', 'P1', 1, (306, 311), (65, 1.5), (66, 1.0))]) 

14 .    (((2, -8, 4, 4), (1.0, 1.0, 1.0, 1.0), (2.0, 1.0, 2.0, 1.0)), [('K.322 Musescore', 'P1', 2, (63, 67), (34, 2.0), (36, 1.0)), ('K.322 Musescore', 'P1', 2, (71, 75), (38, 2.0), (40, 1.0))]) 

15 .    (((1, -2, 1, -2), (1.0, 1.0, 1.0, 1.0), (2.0, 1.0, 2.0, 1.0)), [('K.322 Musescore', 'P1', 2, (93, 97), (50, 2.0), (51, 1.0)), ('K.322 Musescore', 'P1', 2, (98, 102), (53, 2.0), (54, 1.0))]) 

16 .    (((1, 2, -8, 4), (1.0, 1.0, 1.0, 1.0), (2.0, 1.0, 2.0, 1.0)), [('K.322 Musescore', 'P1', 2, (117, 121), (63, 2.0), (64, 1.0)), ('K.322 Musescore', 'P1', 2, (130, 134), (71, 2.0), (72, 1.0))]) 

17 .    (((1, 1, 1), (0.5, 0.5, 0.5), (2.0, 2.5, 1.0)), [('K.322 Musescore', 'P1', 1, (209, 212), (47, 2.0), (47, 1.0)), ('K.322 Musescore', 'P1', 1, (316, 319), (68, 2.0), (68, 1.0)), ('K.322 Musescore', 'P1', 1, (324, 327), (70, 2.0), (70, 1.0))]) 

18 .    (((1, -2, 1), (1.0, 1.0, 1.0), (2.0, 1.0, 2.0)), [('K.322 Musescore', 'P1', 2, (83, 86), (45, 2.0), (46, 2.0)), ('K.322 Musescore', 'P1', 2, (87, 90), (47, 2.0), (48, 2.0))]) 

19 .    (((2, -8, 4), (1.0, 1.0, 1.0), (1.0, 2.0, 1.0)), [('K.322 Musescore', 'P1', 2, (139, 142), (75, 1.0), (76, 1.0)), ('K.322 Musescore', 'P1', 2, (147, 150), (79, 1.0), (80, 1.0))]) 

20 .    (((-2, -2, -2), (1.0, 1.0, 1.0), (1.0, 2.0, 1.0)), [('K.322 Musescore', 'P1', 2, (135, 138), (73, 1.0), (74, 1.0)), ('K.322 Musescore', 'P1', 2, (143, 146), (77, 1.0), (78, 1.0))]) 

21 .    (((2, 2, 2), (0.5, 0.5, 0.25), (2.5, 1.0, 1.5)), [('K.322 Musescore', 'P1', 1, (339, 342), (73, 2.5), (73, 1.5)), ('K.322 Musescore', 'P1', 1, (363, 366), (77, 2.5), (77, 1.5))]) 

22 .    (((1, -2, 2), (1.0, 1.0, 1.0), (2.0, 1.0, 2.0)), [('K.322 Musescore', 'P1', 2, (10, 13), (6, 2.0), (7, 2.0)), ('K.322 Musescore', 'P1', 2, (14, 17), (8, 2.0), (9, 2.0))]) 

23 .    (((2, 4, 2), (1.0, 1.0, 1.0), (2.0, 1.0, 2.0)), [('K.322 Musescore', 'P1', 2, (38, 41), (20, 2.0), (21, 2.0)), ('K.322 Musescore', 'P1', 2, (77, 80), (41, 2.0), (42, 2.0))]) 

24 .    (((-2, -2, 1), (1.0, 1.0, 1.0), (2.0, 1.0, 2.0)), [('K.322 Musescore', 'P1', 2, (111, 114), (60, 2.0), (61, 2.0)), ('K.322 Musescore', 'P1', 2, (122, 125), (66, 2.0), (67, 2.0))]) 

25 .    (((1, 1), (0.5, 0.5), (1.0, 1.5)), [('K.322 Musescore', 'P1', 1, (55, 57), (15, 1.0), (15, 1.5)), ('K.322 Musescore', 'P1', 1, (130, 132), (31, 1.0), (31, 1.5))]) 

26 .    (((1, 1), (1.0, 1.0), (1.0, 2.0)), [('K.322 Musescore', 'P1', 1, (0, 2), (1, 1.0), (1, 2.0)), ('K.322 Musescore', 'P1', 2, (56, 58), (30, 1.0), (30, 2.0)), ('K.322 Musescore', 'P1', 2, (59, 61), (32, 1.0), (32, 2.0))]) 

27 .    (((1, 2), (1.0, 1.0), (1.0, 2.0)), [('K.322 Musescore', 'P1', 2, (19, 21), (11, 1.0), (11, 2.0)), ('K.322 Musescore', 'P1', 2, (23, 25), (13, 1.0), (13, 2.0))]) 

28 .    (((1, -2), (0.5, 0.5), (2.5, 1.0)), [('K.322 Musescore', 'P1', 1, (29, 31), (7, 2.5), (8, 1.0)), ('K.322 Musescore', 'P1', 1, (36, 38), (9, 2.5), (10, 1.0))]) 

29 .    (((-2, -2), (0.25, 0.25), (2.0, 2.25)), [('K.322 Musescore', 'P1', 1, (87, 89), (21, 2.0), (21, 2.25)), ('K.322 Musescore', 'P1', 1, (285, 287), (61, 2.0), (61, 2.25))]) 

30 .    (((-8, 4), (1.0, 1.0), (1.0, 2.0)), [('K.322 Musescore', 'P1', 2, (5, 7), (4, 1.0), (4, 2.0)), ('K.322 Musescore', 'P1', 2, (50, 52), (27, 1.0), (27, 2.0))]) 

31 .    (((1, 2), (0.25, 0.5), (2.75, 1.0)), [('K.322 Musescore', 'P1', 1, (59, 61), (15, 2.75), (16, 1.0)), ('K.322 Musescore', 'P1', 1, (63, 65), (16, 2.75), (17, 1.0)), ('K.322 Musescore', 'P1', 1, (67, 69), (17, 2.75), (18, 1.0))]) 

32 .    (((2, 2), (0.25, 0.25), (2.0, 2.25)), [('K.322 Musescore', 'P1', 1, (213, 215), (48, 2.0), (48, 2.25)), ('K.322 Musescore', 'P1', 1, (222, 224), (50, 2.0), (50, 2.25))]) 

33 .    (((2, 2), (1.0, 1.0), (2.0, 1.0)), [('K.322 Musescore', 'P1', 2, (2, 4), (2, 2.0), (3, 1.0)), ('K.322 Musescore', 'P1', 2, (106, 108), (57, 2.0), (57, 1.0))]) 

34 .    (((3, -2), (0.25, 0.25), (2.5, 2.75)), [('K.322 Musescore', 'P1', 1, (24, 26), (6, 2.5), (6, 2.75)), ('K.322 Musescore', 'P1', 1, (32, 34), (8, 2.5), (8, 2.75))]) 

35 .    (((1,), (1.0,), (2.0,)), [('K.322 Musescore', 'P1', 2, (91, 92), (49, 2.0), (49, 2.0)), ('K.322 Musescore', 'P1', 2, (115, 116), (62, 2.0), (62, 2.0)), ('K.322 Musescore', 'P1', 2, (127, 128), (69, 2.0), (69, 2.0))]) 

36 .    (((-2,), (1.0,), (1.0,)), [('K.322 Musescore', 'P1', 2, (54, 55), (29, 1.0), (29, 1.0)), ('K.322 Musescore', 'P1', 2, (68, 69), (37, 1.0), (37, 1.0)), ('K.322 Musescore', 'P1', 2, (103, 104), (55, 1.0), (55, 1.0))]) 

37 .    (((1,), (0.5,), (2.5,)), [('K.322 Musescore', 'P1', 1, (133, 134), (31, 2.5), (31, 2.5)), ('K.322 Musescore', 'P1', 1, (219, 220), (49, 2.5), (49, 2.5))]) 

38 .    (((2,), (0.25,), (2.75,)), [('K.322 Musescore', 'P1', 1, (71, 72), (18, 2.75), (18, 2.75)), ('K.322 Musescore', 'P1', 1, (83, 84), (20, 2.75), (20, 2.75)), ('K.322 Musescore', 'P1', 1, (259, 260), (56, 2.75), (56, 2.75))]) 

39 .    (((-2,), (1.0,), (2.0,)), [('K.322 Musescore', 'P1', 2, (26, 27), (14, 2.0), (14, 2.0)), ('K.322 Musescore', 'P1', 2, (36, 37), (19, 2.0), (19, 2.0))]) 

40 .    (((-2,), (0.25,), (1.75,)), [('K.322 Musescore', 'P1', 1, (217, 218), (48, 1.75), (48, 1.75)), ('K.322 Musescore', 'P1', 1, (250, 251), (54, 1.75), (54, 1.75)), ('K.322 Musescore', 'P1', 1, (256, 257), (55, 1.75), (55, 1.75))]) 

41 .    (((-2,), (0.25,), (2.75,)), [('K.322 Musescore', 'P1', 1, (90, 91), (21, 2.75), (21, 2.75)), ('K.322 Musescore', 'P1', 1, (253, 254), (55, 2.75), (55, 2.75))]) 

42 .    (((-3,), (0.25,), (2.5,)), [('K.322 Musescore', 'P1', 1, (128, 129), (30, 2.5), (30, 2.5)), ('K.322 Musescore', 'P1', 1, (136, 137), (32, 2.5), (32, 2.5)), ('K.322 Musescore', 'P1', 1, (333, 334), (72, 2.5), (72, 2.5))]) 

43 .    (((-3,), (0.25,), (1.5,)), [('K.322 Musescore', 'P1', 1, (314, 315), (67, 1.5), (67, 1.5)), ('K.322 Musescore', 'P1', 1, (322, 323), (69, 1.5), (69, 1.5)), ('K.322 Musescore', 'P1', 1, (330, 331), (71, 1.5), (71, 1.5)), ('K.322 Musescore', 'P1', 1, (336, 337), (72, 1.5), (72, 1.5))]) 

44 .    (((2,), (0.5,), (2.0,)), [('K.322 Musescore', 'P1', 1, (312, 313), (67, 2.0), (67, 2.0)), ('K.322 Musescore', 'P1', 1, (320, 321), (69, 2.0), (69, 2.0))]) 

45 .    (((-4,), (0.25,), (1.5,)), [('K.322 Musescore', 'P1', 1, (207, 208), (46, 1.5), (46, 1.5)), ('K.322 Musescore', 'P1', 1, (261, 262), (56, 1.5), (56, 1.5))]) 

46 .    (((-5,), (1.0,), (2.0,)), [('K.322 Musescore', 'P1', 2, (8, 9), (5, 2.0), (5, 2.0)), ('K.322 Musescore', 'P1', 2, (81, 82), (43, 2.0), (43, 2.0))]) 

47 .    (((-3,), (0.5,), (2.0,)), [('K.322 Musescore', 'P1', 1, (276, 277), (59, 2.0), (59, 2.0)), ('K.322 Musescore', 'P1', 1, (328, 329), (71, 2.0), (71, 2.0))]) 

