1 .    ('nomes', 'K.43 Musicalion') 

2 .    ('quantidade', 1) 

3 .    ('analise', 'sequÍncias IntDiaDurPcompasso sem contidos e intercalados') 

1 .    (((-3, -3, -12, 15, -3, -3, -12), (1.0, 1.0, 1.0, 3.0, 1.0, 1.0, 1.0), (11.0, 12.0, 1.0, 2.0, 5.0, 6.0, 7.0)), [[('K.43 Musicalion', 'P1', 3, (99, 106), (14, 11.0), (15, 7.0)), ('K.43 Musicalion', 'P1', 3, (107, 114), (15, 11.0), (16, 7.0))], [('K.43 Musicalion', 'P1', 3, (121, 128), (17, 11.0), (18, 7.0)), ('K.43 Musicalion', 'P1', 3, (129, 136), (18, 11.0), (19, 7.0))]]) 

2 .    (((-3, -3, -12, 15, -3, -3, -12), (1.0, 1.0, 1.0, 3.0, 1.0, 1.0, 1.0), (4.0, 5.0, 6.0, 7.0, 10.0, 11.0, 12.0)), [[('K.43 Musicalion', 'P1', 3, (257, 264), (34, 4.0), (34, 12.0)), ('K.43 Musicalion', 'P1', 3, (265, 272), (35, 4.0), (35, 12.0))], [('K.43 Musicalion', 'P1', 3, (279, 286), (37, 4.0), (37, 12.0)), ('K.43 Musicalion', 'P1', 3, (287, 294), (38, 4.0), (38, 12.0))]]) 

3 .    (((-3, -5, 1, 6, -3, -3), (1.0, 1.0, 3.0, 1.0, 1.0, 1.0), (8.0, 9.0, 10.0, 1.0, 2.0, 3.0)), [[('K.43 Musicalion', 'P1', 1, (308, 314), (34, 8.0), (35, 3.0)), ('K.43 Musicalion', 'P1', 1, (315, 321), (35, 8.0), (36, 3.0))], [('K.43 Musicalion', 'P1', 1, (331, 337), (37, 8.0), (38, 3.0)), ('K.43 Musicalion', 'P1', 1, (338, 344), (38, 8.0), (39, 3.0))]]) 

4 .    (((-3, -5, 6, -3, -3), (1.0, 1.0, 4.0, 1.0, 1.0), (3.0, 4.0, 5.0, 9.0, 10.0)), [[('K.43 Musicalion', 'P1', 1, (133, 138), (15, 3.0), (15, 10.0)), ('K.43 Musicalion', 'P1', 1, (139, 144), (16, 3.0), (16, 10.0))], [('K.43 Musicalion', 'P1', 1, (154, 159), (18, 3.0), (18, 10.0)), ('K.43 Musicalion', 'P1', 1, (160, 165), (19, 3.0), (19, 10.0))]]) 

