1.    nomes:
K.356 Corrigida por mim

2.    quantidade:
1

3.    analise:
[('intDia', 'p1p2'), ('duracao', 'p1p2'), ('Ntempo', 'p1p2'), ('Ptempo', 'p1p2')] SemContInte Distancia: 0

1.    ((3, -2, 1, 2, 2, -2, -2, -2, -2, 6, -2, -2, -2, -2, -2, -2, 2, 2, 3, -2, 1, 2, 2, -2, -2, -2), (0.17, 0.17, 0.17, 0.67, 0.17, 0.17, 0.17, 0.17, 0.17, 0.17, 0.17, 0.17, 0.17, 0.17, 0.17, 0.75, 0.12, 0.12, 0.17, 0.17, 0.17, 0.67, 0.17, 0.17, 0.17, 0.17), (2, 2, 2, 2, 1, 1, 1, 1, 1, 2, 2, 2, 2, 2, 2, 1, 1, 1, 2, 2, 2, 2, 1, 1, 1, 1), (0.0, 0.17, 0.33, 0.5, 0.17, 0.33, 0.5, 0.67, 0.83, 0.0, 0.17, 0.33, 0.5, 0.67, 0.83, 0.0, 0.75, 0.88, 0.0, 0.17, 0.33, 0.5, 0.17, 0.33, 0.5, 0.67)):
('K.356 Corrigida por mim', 'P1', 1, (48, 74), (10,), (2.0,), (12,), (1.67,))
('K.356 Corrigida por mim', 'P1', 1, (75, 101), (14,), (2.0,), (16,), (1.67,))

2.    ((-8, 8, -2, -8, 8, -2, -8, 8, -2, -8, 8, -2, -8, 8, -2, -8, 8, -2, -8, 8, -9), (0.17, 0.17, 0.17, 0.17, 0.17, 0.17, 0.17, 0.17, 0.17, 0.17, 0.17, 0.17, 0.17, 0.17, 0.17, 0.17, 0.17, 0.17, 0.17, 0.17, 0.17), (2, 2, 2, 2, 2, 2, 1, 1, 1, 1, 1, 1, 2, 2, 2, 2, 2, 2, 1, 1, 1), (0.0, 0.17, 0.33, 0.5, 0.67, 0.83, 0.0, 0.17, 0.33, 0.5, 0.67, 0.83, 0.0, 0.17, 0.33, 0.5, 0.67, 0.83, 0.0, 0.17, 0.33)):
('K.356 Corrigida por mim', 'P1', 3, (341, 362), (90,), (2.0,), (91,), (1.33,))
('K.356 Corrigida por mim', 'P1', 3, (423, 444), (109,), (2.0,), (110,), (1.33,))

3.    ((-8, 8, -2, -8, 8, -2, -8, 8, -2, -8, 8, -2, -8, 8, -2, -8, 8, -2, -8, 8), (0.17, 0.17, 0.17, 0.17, 0.17, 0.17, 0.17, 0.17, 0.17, 0.17, 0.17, 0.17, 0.17, 0.17, 0.17, 0.17, 0.17, 0.17, 0.17, 0.17), (2, 2, 2, 2, 2, 2, 1, 1, 1, 1, 1, 1, 2, 2, 2, 2, 2, 2, 1, 1), (0.0, 0.17, 0.33, 0.5, 0.67, 0.83, 0.0, 0.17, 0.33, 0.5, 0.67, 0.83, 0.0, 0.17, 0.33, 0.5, 0.67, 0.83, 0.0, 0.17)):
('K.356 Corrigida por mim', 'P1', 1, (616, 636), (109,), (2.0,), (110,), (1.17,))
('K.356 Corrigida por mim', 'P1', 3, (341, 361), (90,), (2.0,), (91,), (1.17,))
('K.356 Corrigida por mim', 'P1', 3, (423, 443), (109,), (2.0,), (110,), (1.17,))

4.    ((-8, 8, -2, -8, 8, -2, -8, 8, -2, -8, 8, -2, -8, 8, -2, -8, 8), (0.17, 0.17, 0.17, 0.17, 0.17, 0.17, 0.17, 0.17, 0.17, 0.17, 0.17, 0.17, 0.17, 0.17, 0.17, 0.17, 0.17), (1, 1, 1, 2, 2, 2, 2, 2, 2, 1, 1, 1, 1, 1, 1, 2, 2), (0.5, 0.67, 0.83, 0.0, 0.17, 0.33, 0.5, 0.67, 0.83, 0.0, 0.17, 0.33, 0.5, 0.67, 0.83, 0.0, 0.17)):
('K.356 Corrigida por mim', 'P1', 3, (277, 294), (80,), (1.5,), (81,), (2.17,))
('K.356 Corrigida por mim', 'P1', 3, (453, 470), (113,), (1.5,), (114,), (2.17,))

5.    (((3, 1), (3, 1), (3, 1), (3, -2), (3, 1), (3, 1), (3, 1), (3, 2), (3, 1), (3, 1), (3, 1), (3, 2), -8), ((0.0, 0.5), (0.0, 0.5), (0.0, 0.5), (0.0, 0.5), (0.0, 0.5), (0.0, 0.5), (0.0, 0.5), (0.0, 0.5), (0.0, 0.5), (0.0, 0.5), (0.0, 0.5), (0.0, 0.5), 0.5), (1, 2, 2, 1, 1, 2, 2, 1, 1, 2, 2, 1, 1), (0.5, 0.0, 0.5, 0.0, 0.5, 0.0, 0.5, 0.0, 0.5, 0.0, 0.5, 0.0, 0.5)):
('K.356 Corrigida por mim', 'P1', 3, (159, 172), (46,), (1.5,), (49,), (1.5,))
('K.356 Corrigida por mim', 'P1', 3, (328, 341), (87,), (1.5,), (90,), (1.5,))

6.    ((-2, 2, 2, 3, -2, 1, 2, 2, -2, -2, -2, -2), (0.75, 0.12, 0.12, 0.17, 0.17, 0.17, 0.67, 0.17, 0.17, 0.17, 0.17, 0.17), (2, 1, 1, 1, 1, 1, 2, 2, 2, 1, 1, 1), (0.5, 0.25, 0.38, 0.5, 0.67, 0.83, 0.0, 0.67, 0.83, 0.0, 0.17, 0.33)):
('K.356 Corrigida por mim', 'P1', 1, (137, 149), (22,), (2.5,), (23,), (1.33,))
('K.356 Corrigida por mim', 'P1', 1, (155, 167), (24,), (2.5,), (25,), (1.33,))

7.    ((-2, -2, 5, -2, -2, 5, -2, -2, 1, -2, -2), (0.17, 0.17, 0.17, 0.17, 0.17, 0.17, 0.17, 0.17, 0.17, 0.17, 0.17), (1, 1, 1, 2, 2, 2, 2, 2, 2, 1, 1), (0.5, 0.67, 0.83, 0.0, 0.17, 0.33, 0.5, 0.67, 0.83, 0.0, 0.17)):
('K.356 Corrigida por mim', 'P1', 1, (264, 275), (39,), (1.5,), (39,), (1.17,))
('K.356 Corrigida por mim', 'P1', 1, (281, 292), (41,), (1.5,), (41,), (1.17,))

8.    ((-4, -3, -3, -4, -3, -3, -4, -3, -3, -4, -3), (0.17, 0.17, 0.17, 0.17, 0.17, 0.17, 0.17, 0.17, 0.17, 0.17, 0.17), (1, 1, 1, 2, 2, 2, 2, 2, 2, 1, 1), (0.5, 0.67, 0.83, 0.0, 0.17, 0.33, 0.5, 0.67, 0.83, 0.0, 0.17)):
('K.356 Corrigida por mim', 'P1', 1, (369, 380), (57,), (1.5,), (57,), (1.17,))
('K.356 Corrigida por mim', 'P1', 1, (637, 648), (111,), (1.5,), (111,), (1.17,))

9.    ((-6, 4, 3, -6, 4, 4, -6, 3, 2, -5, 3), (0.17, 0.17, 0.17, 0.17, 0.17, 0.17, 0.17, 0.17, 0.17, 0.17, 0.17), (1, 1, 1, 2, 2, 2, 2, 2, 2, 1, 1), (0.5, 0.67, 0.83, 0.0, 0.17, 0.33, 0.5, 0.67, 0.83, 0.0, 0.17)):
('K.356 Corrigida por mim', 'P1', 1, (568, 579), (99,), (1.5,), (99,), (1.17,))
('K.356 Corrigida por mim', 'P1', 1, (598, 609), (105,), (1.5,), (105,), (1.17,))

10.    ((-2, -2, 6, -2, -2, 2, 5, -4, -3, -3), (0.17, 0.17, 0.17, 1.0, 0.17, 0.17, 0.17, 0.17, 0.17, 0.17), (2, 2, 2, 2, 1, 1, 1, 2, 2, 2), (0.0, 0.17, 0.33, 0.5, 0.5, 0.67, 0.83, 0.0, 0.17, 0.33)):
('K.356 Corrigida por mim', 'P1', 1, (102, 112), (18,), (2.0,), (19,), (2.33,))
('K.356 Corrigida por mim', 'P1', 1, (117, 127), (20,), (2.0,), (21,), (2.33,))

11.    ((-3, -3, -4, -3, -3, -4, -3, -3, -4, -3), (0.17, 0.17, 0.17, 0.17, 0.17, 0.17, 0.17, 0.17, 0.17, 0.17), (2, 2, 1, 1, 1, 1, 1, 1, 2, 2), (0.67, 0.83, 0.0, 0.17, 0.33, 0.5, 0.67, 0.83, 0.0, 0.17)):
('K.356 Corrigida por mim', 'P1', 1, (217, 227), (32,), (2.67,), (33,), (2.17,))
('K.356 Corrigida por mim', 'P1', 1, (665, 675), (115,), (2.67,), (115,), (2.17,))

12.    ((-4, -3, 2, 3, 6, -2, -6, 3, -2, (6, -6)), (0.17, 0.17, 0.17, 0.17, 0.17, 0.17, 0.17, 0.17, 0.17, (0.0, 0.5)), (2, 2, 2, 2, 2, 2, 1, 1, 1, 1), (0.0, 0.17, 0.33, 0.5, 0.67, 0.83, 0.0, 0.17, 0.33, 0.5)):
('K.356 Corrigida por mim', 'P1', 2, (53, 63), (51,), (2.0,), (52,), (1.5,))
('K.356 Corrigida por mim', 'P1', 2, (63, 73), (52,), (2.0,), (53,), (1.5,))

13.    ((2, -4, 1, 2, -4, 2, 2, 2, 1), (0.17, 0.17, 0.17, 0.17, 0.17, 0.17, 0.17, 0.17, 0.17), (1, 1, 1, 2, 2, 2, 2, 2, 2), (0.5, 0.67, 0.83, 0.0, 0.17, 0.33, 0.5, 0.67, 0.83)):
('K.356 Corrigida por mim', 'P1', 1, (489, 498), (87,), (1.5,), (87,), (2.83,))
('K.356 Corrigida por mim', 'P1', 1, (501, 510), (88,), (1.5,), (88,), (2.83,))

14.    ((-6, 4, 4, -6, 3, 2, -5, 3, 2), (0.17, 0.17, 0.17, 0.17, 0.17, 0.17, 0.17, 0.17, 2.17), (2, 2, 2, 2, 2, 2, 1, 1, 1), (0.0, 0.17, 0.33, 0.5, 0.67, 0.83, 0.0, 0.17, 0.33)):
('K.356 Corrigida por mim', 'P1', 2, (134, 143), (98,), (2.0,), (98,), (1.33,))
('K.356 Corrigida por mim', 'P1', 2, (150, 159), (104,), (2.0,), (104,), (1.33,))

15.    ((-6, 4, 4, -6, 3, 2, -5, 3), (0.17, 0.17, 0.17, 0.17, 0.17, 0.17, 0.17, 0.17), (2, 2, 2, 2, 2, 2, 1, 1), (0.0, 0.17, 0.33, 0.5, 0.67, 0.83, 0.0, 0.17)):
('K.356 Corrigida por mim', 'P1', 1, (571, 579), (99,), (2.0,), (99,), (1.17,))
('K.356 Corrigida por mim', 'P1', 1, (601, 609), (105,), (2.0,), (105,), (1.17,))
('K.356 Corrigida por mim', 'P1', 2, (134, 142), (98,), (2.0,), (98,), (1.17,))
('K.356 Corrigida por mim', 'P1', 2, (150, 158), (104,), (2.0,), (104,), (1.17,))

16.    ((2, 2, 2, 2, 2, -3, -2, -2), (0.17, 0.17, 0.17, 0.17, 0.17, 0.17, 0.17, 0.17), (2, 2, 2, 2, 2, 2, 1, 1), (0.0, 0.17, 0.33, 0.5, 0.67, 0.83, 0.0, 0.17)):
('K.356 Corrigida por mim', 'P1', 1, (192, 200), (30,), (2.0,), (30,), (1.17,))
('K.356 Corrigida por mim', 'P1', 1, (348, 356), (49,), (2.0,), (49,), (1.17,))
('K.356 Corrigida por mim', 'P1', 2, (43, 51), (50,), (2.0,), (50,), (1.17,))

17.    ((-3, -4, -2, 3, 4, -2, -2, 2), (0.17, 0.17, 0.17, 0.17, 0.17, 0.17, 0.17, 0.17), (2, 2, 2, 2, 2, 2, 1, 1), (0.0, 0.17, 0.33, 0.5, 0.67, 0.83, 0.0, 0.17)):
('K.356 Corrigida por mim', 'P1', 1, (255, 263), (37,), (2.0,), (37,), (1.17,))
('K.356 Corrigida por mim', 'P1', 2, (18, 26), (36,), (2.0,), (36,), (1.17,))

18.    ((-3, -5, 6, -2, -6, 3, 3, -2), (0.17, 0.17, 0.17, 0.5, 0.5, 0.17, 0.17, 0.17), (2, 2, 2, 2, 1, 1, 1, 1), (0.0, 0.17, 0.33, 0.5, 0.0, 0.5, 0.67, 0.83)):
('K.356 Corrigida por mim', 'P1', 1, (684, 692), (119,), (2.0,), (120,), (1.83,))
('K.356 Corrigida por mim', 'P1', 2, (170, 178), (117,), (2.0,), (118,), (1.83,))

19.    ((-2, 2, 4, -4, 1, -2, 2), (0.75, 0.12, 0.12, 0.5, 0.5, 0.75, 0.12), (1, 1, 1, 2, 2, 1, 1), (0.0, 0.75, 0.88, 0.0, 0.5, 0.0, 0.75)):
('K.356 Corrigida por mim', 'P1', 1, (0, 7), (1,), (1.0,), (2,), (1.75,))
('K.356 Corrigida por mim', 'P1', 1, (27, 34), (5,), (1.0,), (6,), (1.75,))

20.    ((-4, -3, -3, -4, -3, 7, -2), (0.17, 0.17, 0.17, 0.17, 0.17, 0.17, 1.0), (2, 2, 2, 1, 1, 1, 1), (0.5, 0.67, 0.83, 0.0, 0.17, 0.33, 0.5)):
('K.356 Corrigida por mim', 'P1', 1, (381, 388), (58,), (2.5,), (58,), (1.5,))
('K.356 Corrigida por mim', 'P1', 1, (649, 656), (112,), (2.5,), (112,), (1.5,))

21.    ((-2, -2, 1, -2, -2, 2, -2), (0.17, 0.17, 0.17, 0.5, 0.75, 0.12, 0.12), (1, 1, 1, 1, 2, 2, 2), (0.0, 0.17, 0.33, 0.5, 0.0, 0.75, 0.88)):
('K.356 Corrigida por mim', 'P1', 1, (437, 444), (69,), (1.0,), (69,), (2.88,))
('K.356 Corrigida por mim', 'P1', 1, (459, 466), (77,), (1.0,), (77,), (2.88,))

22.    ((-8, 2, 2, 2, 2, 2, 3), (0.5, 0.67, 0.17, 0.17, 0.17, 0.17, 0.17), (2, 2, 1, 1, 1, 1, 1), (0.0, 0.5, 0.17, 0.33, 0.5, 0.67, 0.83)):
('K.356 Corrigida por mim', 'P1', 1, (526, 533), (92,), (2.0,), (93,), (1.83,))
('K.356 Corrigida por mim', 'P1', 1, (533, 540), (93,), (2.0,), (94,), (1.83,))

23.    ((-2, 2, -10, 8, (4, 1), (4, 1), (4, -8)), (0.75, 0.12, 0.12, 0.5, (0.0, 0.5), (0.0, 0.5), (0.0, 0.5)), (1, 1, 1, 2, 2, 1, 1), (0.0, 0.75, 0.88, 0.0, 0.5, 0.0, 0.5)):
('K.356 Corrigida por mim', 'P1', 3, (49, 56), (13,), (1.0,), (14,), (1.5,))
('K.356 Corrigida por mim', 'P1', 3, (58, 65), (15,), (1.0,), (16,), (1.5,))

24.    ((-4, -3, -3, -4, -3, -3), (0.17, 0.17, 0.17, 0.17, 0.17, 0.17), (2, 2, 2, 1, 1, 1), (0.5, 0.67, 0.83, 0.0, 0.17, 0.33)):
('K.356 Corrigida por mim', 'P1', 1, (127, 133), (21,), (2.5,), (21,), (1.33,))
('K.356 Corrigida por mim', 'P1', 1, (216, 222), (32,), (2.5,), (32,), (1.33,))
('K.356 Corrigida por mim', 'P1', 3, (192, 198), (55,), (2.5,), (55,), (1.33,))

25.    ((2, 2, 2, 2, -2, -2), (0.17, 0.33, 0.17, 0.17, 0.17, 0.17), (2, 2, 2, 2, 1, 1), (0.17, 0.33, 0.67, 0.83, 0.0, 0.17)):
('K.356 Corrigida por mim', 'P1', 1, (234, 240), (34,), (2.17,), (34,), (1.17,))
('K.356 Corrigida por mim', 'P1', 1, (245, 251), (35,), (2.17,), (35,), (1.17,))

26.    ((-4, -3, -3, -4, -3, 7), (0.17, 0.17, 0.17, 0.17, 0.17, 0.17), (1, 1, 1, 2, 2, 2), (0.5, 0.67, 0.83, 0.0, 0.17, 0.33)):
('K.356 Corrigida por mim', 'P1', 1, (362, 368), (56,), (1.5,), (56,), (2.33,))
('K.356 Corrigida por mim', 'P1', 1, (676, 682), (116,), (1.5,), (116,), (2.33,))

27.    ((3, -5, -4, 5, -3, 2), (0.17, 0.17, 0.17, 0.17, 0.17, 0.17), (1, 1, 1, 2, 2, 2), (0.5, 0.67, 0.83, 0.0, 0.17, 0.33)):
('K.356 Corrigida por mim', 'P1', 1, (394, 400), (59,), (1.5,), (59,), (2.33,))
('K.356 Corrigida por mim', 'P1', 1, (406, 412), (60,), (1.5,), (60,), (2.33,))

28.    (((3, 1), (3, 1), (4, 1), (4, 1), (4, 1), (4, 1)), ((0.0, 0.5), (0.0, 0.5), (0.0, 0.5), (0.0, 0.5), (0.0, 0.5), (0.0, 0.5)), (1, 1, 2, 2, 1, 1), (0.0, 0.5, 0.0, 0.5, 0.0, 0.5)):
('K.356 Corrigida por mim', 'P1', 3, (34, 40), (9,), (1.0,), (10,), (1.5,))
('K.356 Corrigida por mim', 'P1', 3, (42, 48), (11,), (1.0,), (12,), (1.5,))

29.    (((3, 1), (3, -2), (3, 1), (3, 2), (3, 1), (3, -4)), ((0.0, 0.5), (0.0, 0.5), (0.0, 0.5), (0.0, 0.5), (0.0, 0.5), (0.0, 0.5)), (1, 1, 2, 2, 1, 1), (0.0, 0.5, 0.0, 0.5, 0.0, 0.5)):
('K.356 Corrigida por mim', 'P1', 3, (66, 72), (17,), (1.0,), (18,), (1.5,))
('K.356 Corrigida por mim', 'P1', 3, (74, 80), (19,), (1.0,), (20,), (1.5,))

30.    ((-2, -3, -4, 7, -2, -3), (0.5, 0.5, 0.5, 0.5, 0.5, 0.5), (1, 1, 2, 2, 1, 1), (0.0, 0.5, 0.0, 0.5, 0.0, 0.5)):
('K.356 Corrigida por mim', 'P1', 3, (363, 369), (92,), (1.0,), (94,), (1.5,))
('K.356 Corrigida por mim', 'P1', 3, (370, 376), (94,), (1.0,), (96,), (1.5,))

31.    (((8, 1), (8, -2), (8, 2), (8, 1), (8, -2), (8, 2)), ((0.0, 0.5), (0.0, 0.5), (0.0, 1.0), (0.0, 0.5), (0.0, 0.5), (0.0, 0.5)), (2, 2, 1, 2, 2, 1), (0.0, 0.5, 0.0, 0.0, 0.5, 0.0)):
('K.356 Corrigida por mim', 'P1', 3, (383, 389), (98,), (2.0,), (99,), (1.0,))
('K.356 Corrigida por mim', 'P1', 3, (404, 410), (104,), (2.0,), (105,), (1.0,))

32.    ((2, 2, -2, -2, 2), (0.17, 0.17, 0.17, 0.67, 0.17), (2, 2, 2, 2, 1), (0.0, 0.17, 0.33, 0.5, 0.17)):
('K.356 Corrigida por mim', 'P1', 1, (296, 301), (43,), (2.0,), (43,), (1.17,))
('K.356 Corrigida por mim', 'P1', 1, (305, 310), (44,), (2.0,), (44,), (1.17,))

33.    ((-2, -2, -2, 2, -3), (0.67, 0.17, 0.17, 0.17, 0.17), (1, 2, 2, 2, 2), (0.5, 0.17, 0.33, 0.5, 0.67)):
('K.356 Corrigida por mim', 'P1', 1, (467, 472), (78,), (1.5,), (78,), (2.67,))
('K.356 Corrigida por mim', 'P1', 1, (474, 479), (79,), (1.5,), (79,), (2.67,))

34.    ((-3, -2, -2, -2, -2), (0.5, 0.17, 0.17, 0.17, 0.5), (2, 2, 2, 2, 1), (0.0, 0.5, 0.67, 0.83, 0.0)):
('K.356 Corrigida por mim', 'P1', 1, (581, 586), (101,), (2.0,), (101,), (1.0,))
('K.356 Corrigida por mim', 'P1', 1, (587, 592), (102,), (2.0,), (102,), (1.0,))

35.    ((-3, -2, -2, -2), (0.5, 0.17, 0.17, 0.17), (2, 2, 2, 2), (0.0, 0.5, 0.67, 0.83)):
('K.356 Corrigida por mim', 'P1', 1, (581, 585), (101,), (2.0,), (101,), (2.83,))
('K.356 Corrigida por mim', 'P1', 1, (587, 591), (102,), (2.0,), (102,), (2.83,))
('K.356 Corrigida por mim', 'P1', 1, (593, 597), (103,), (2.0,), (103,), (2.83,))
('K.356 Corrigida por mim', 'P1', 2, (144, 148), (100,), (2.0,), (100,), (2.83,))

36.    ((1, 1, 1, -2), (0.5, 0.5, 0.5, 0.5), (2, 1, 1, 2), (0.5, 0.0, 0.5, 0.0)):
('K.356 Corrigida por mim', 'P1', 3, (226, 230), (65,), (2.5,), (65,), (2.0,))
('K.356 Corrigida por mim', 'P1', 4, (11, 15), (63,), (2.5,), (63,), (2.0,))
('K.356 Corrigida por mim', 'P1', 4, (15, 19), (64,), (2.5,), (64,), (2.0,))
('K.356 Corrigida por mim', 'P1', 4, (19, 23), (65,), (2.5,), (65,), (2.0,))

37.    ((-2, -2, -2, -2), (0.17, 0.17, 0.17, 0.17), (1, 1, 2, 2), (0.67, 0.83, 0.0, 0.17)):
('K.356 Corrigida por mim', 'P1', 1, (150, 154), (24,), (1.67,), (24,), (2.17,))
('K.356 Corrigida por mim', 'P1', 1, (211, 215), (32,), (1.67,), (32,), (2.17,))
('K.356 Corrigida por mim', 'P1', 1, (562, 566), (97,), (1.67,), (97,), (2.17,))

38.    ((-6, 1, -2, 2), (0.5, 0.5, 0.75, 0.12), (1, 2, 2, 1), (0.5, 0.0, 0.5, 0.25)):
('K.356 Corrigida por mim', 'P1', 1, (172, 176), (27,), (1.5,), (27,), (1.25,))
('K.356 Corrigida por mim', 'P1', 1, (177, 181), (28,), (1.5,), (28,), (1.25,))

39.    ((-2, 1, -2, -2), (0.17, 0.17, 0.17, 0.17), (1, 1, 2, 2), (0.67, 0.83, 0.0, 0.17)):
('K.356 Corrigida por mim', 'P1', 1, (336, 340), (48,), (1.67,), (48,), (2.17,))
('K.356 Corrigida por mim', 'P1', 1, (514, 518), (89,), (1.67,), (89,), (2.17,))

40.    ((-6, -2, -2, 2), (0.5, 0.5, 0.75, 0.12), (1, 1, 2, 2), (0.0, 0.5, 0.0, 0.75)):
('K.356 Corrigida por mim', 'P1', 1, (444, 448), (70,), (1.0,), (70,), (2.75,))
('K.356 Corrigida por mim', 'P1', 2, (104, 108), (71,), (1.0,), (71,), (2.75,))

41.    ((-8, 2, 2, -2), (0.5, 0.17, 0.17, 0.17), (1, 2, 2, 2), (0.5, 0.0, 0.17, 0.33)):
('K.356 Corrigida por mim', 'P1', 1, (610, 614), (107,), (1.5,), (107,), (2.33,))
('K.356 Corrigida por mim', 'P1', 2, (164, 168), (108,), (1.5,), (108,), (2.33,))

42.    ((1, -2, 2, 1), (0.5, 0.75, 0.12, 6.12), (2, 1, 1, 1), (0.5, 0.0, 0.75, 0.88)):
('K.356 Corrigida por mim', 'P1', 2, (1, 5), (9,), (2.5,), (9,), (1.88,))
('K.356 Corrigida por mim', 'P1', 2, (6, 10), (13,), (2.5,), (13,), (1.88,))

43.    ((8, (4, 1), (4, 1), (4, -8)), (0.5, (0.0, 0.5), (0.0, 0.5), (0.0, 0.5)), (1, 2, 2, 1), (0.5, 0.0, 0.5, 0.0)):
('K.356 Corrigida por mim', 'P1', 3, (85, 89), (23,), (1.5,), (23,), (1.0,))
('K.356 Corrigida por mim', 'P1', 3, (93, 97), (25,), (1.5,), (25,), (1.0,))

44.    (((3, 1), (3, 1), (3, 1), (3, -2)), ((0.0, 0.5), (0.0, 0.5), (0.0, 0.5), (0.0, 0.5)), (1, 2, 2, 1), (0.5, 0.0, 0.5, 0.0)):
('K.356 Corrigida por mim', 'P1', 3, (137, 141), (39,), (1.5,), (39,), (1.0,))
('K.356 Corrigida por mim', 'P1', 3, (143, 147), (41,), (1.5,), (41,), (1.0,))

45.    ((1, -2, 2), (0.5, 0.75, 0.12), (2, 1, 1), (0.5, 0.0, 0.75)):
('K.356 Corrigida por mim', 'P1', 1, (4, 7), (2,), (2.5,), (2,), (1.75,))
('K.356 Corrigida por mim', 'P1', 1, (31, 34), (6,), (2.5,), (6,), (1.75,))
('K.356 Corrigida por mim', 'P1', 1, (36, 39), (7,), (2.5,), (7,), (1.75,))
('K.356 Corrigida por mim', 'P1', 2, (1, 4), (9,), (2.5,), (9,), (1.75,))
('K.356 Corrigida por mim', 'P1', 2, (6, 9), (13,), (2.5,), (13,), (1.75,))
('K.356 Corrigida por mim', 'P1', 3, (20, 23), (6,), (2.5,), (6,), (1.75,))
('K.356 Corrigida por mim', 'P1', 3, (25, 28), (7,), (2.5,), (7,), (1.75,))
('K.356 Corrigida por mim', 'P1', 3, (57, 60), (15,), (2.5,), (15,), (1.75,))

46.    ((1, -2, 2), (0.5, 0.75, 0.12), (2, 2, 1), (0.0, 0.5, 0.25)):
('K.356 Corrigida por mim', 'P1', 1, (136, 139), (22,), (2.0,), (22,), (1.25,))
('K.356 Corrigida por mim', 'P1', 1, (168, 171), (26,), (2.0,), (26,), (1.25,))
('K.356 Corrigida por mim', 'P1', 1, (173, 176), (27,), (2.0,), (27,), (1.25,))
('K.356 Corrigida por mim', 'P1', 1, (178, 181), (28,), (2.0,), (28,), (1.25,))
('K.356 Corrigida por mim', 'P1', 2, (33, 36), (42,), (2.0,), (42,), (1.25,))
('K.356 Corrigida por mim', 'P1', 2, (38, 41), (45,), (2.0,), (45,), (1.25,))
('K.356 Corrigida por mim', 'P1', 2, (129, 132), (86,), (2.0,), (86,), (1.25,))

47.    ((2, 2, 1), (0.17, 0.17, 0.17), (1, 1, 1), (0.0, 0.17, 0.33)):
('K.356 Corrigida por mim', 'P1', 1, (113, 116), (19,), (1.0,), (19,), (1.33,))
('K.356 Corrigida por mim', 'P1', 1, (510, 513), (88,), (1.0,), (88,), (1.33,))
('K.356 Corrigida por mim', 'P1', 2, (11, 14), (17,), (1.0,), (17,), (1.33,))

48.    ((-2, -2, -2), (0.17, 0.17, 0.17), (2, 2, 2), (0.0, 0.17, 0.33)):
('K.356 Corrigida por mim', 'P1', 1, (152, 155), (24,), (2.0,), (24,), (2.33,))
('K.356 Corrigida por mim', 'P1', 1, (338, 341), (48,), (2.0,), (48,), (2.33,))
('K.356 Corrigida por mim', 'P1', 2, (111, 114), (72,), (2.0,), (72,), (2.33,))

49.    ((-2, -2, -2), (0.17, 0.17, 0.17), (2, 2, 1), (0.67, 0.83, 0.0)):
('K.356 Corrigida por mim', 'P1', 1, (206, 209), (31,), (2.67,), (31,), (1.0,))
('K.356 Corrigida por mim', 'P1', 1, (520, 523), (89,), (2.67,), (89,), (1.0,))

50.    ((-2, 2, 5), (0.75, 0.12, 0.12), (1, 2, 2), (0.5, 0.25, 0.38)):
('K.356 Corrigida por mim', 'P1', 1, (413, 416), (62,), (1.5,), (62,), (2.38,))
('K.356 Corrigida por mim', 'P1', 1, (423, 426), (64,), (1.5,), (64,), (2.38,))

51.    ((1, -2, 2), (0.5, 0.75, 0.12), (1, 2, 2), (0.5, 0.0, 0.75)):
('K.356 Corrigida por mim', 'P1', 1, (9, 12), (3,), (1.5,), (3,), (2.75,))
('K.356 Corrigida por mim', 'P1', 2, (125, 128), (82,), (1.5,), (82,), (2.75,))

52.    ((1, 2, 2), (0.5, 0.75, 0.12), (2, 2, 1), (0.0, 0.5, 0.25)):
('K.356 Corrigida por mim', 'P1', 1, (277, 280), (40,), (2.0,), (40,), (1.25,))
('K.356 Corrigida por mim', 'P1', 2, (28, 31), (38,), (2.0,), (38,), (1.25,))

53.    ((-2, -2, 2), (0.75, 0.12, 0.12), (2, 2, 2), (0.0, 0.75, 0.88)):
('K.356 Corrigida por mim', 'P1', 1, (451, 454), (73,), (2.0,), (73,), (2.88,))
('K.356 Corrigida por mim', 'P1', 2, (117, 120), (75,), (2.0,), (75,), (2.88,))

54.    ((-3, -2, 2), (0.5, 0.75, 0.12), (1, 1, 2), (0.0, 0.5, 0.25)):
('K.356 Corrigida por mim', 'P1', 1, (417, 420), (63,), (1.0,), (63,), (2.25,))
('K.356 Corrigida por mim', 'P1', 3, (218, 221), (63,), (1.0,), (63,), (2.25,))

55.    ((15, 1, 1), (0.5, 0.5, 0.5), (1, 1, 2), (0.0, 0.5, 0.0)):
('K.356 Corrigida por mim', 'P1', 2, (100, 103), (68,), (1.0,), (68,), (2.0,))
('K.356 Corrigida por mim', 'P1', 2, (120, 123), (76,), (1.0,), (76,), (2.0,))

56.    ((1, 1, -3), (0.5, 0.5, 1.0), (2, 2, 1), (0.0, 0.5, 0.0)):
('K.356 Corrigida por mim', 'P1', 3, (98, 101), (27,), (2.0,), (27,), (1.0,))
('K.356 Corrigida por mim', 'P1', 3, (101, 104), (28,), (2.0,), (28,), (1.0,))

57.    (((3, -2), (3, -2), (3, -2)), ((0.0, 0.5), (0.0, 0.5), (0.0, 0.5)), (2, 2, 1), (0.0, 0.5, 0.0)):
('K.356 Corrigida por mim', 'P1', 3, (120, 123), (34,), (2.0,), (34,), (1.0,))
('K.356 Corrigida por mim', 'P1', 3, (124, 127), (35,), (2.0,), (35,), (1.0,))

58.    (((8, 2), (8, 2), (8, -2)), ((0.0, 0.5), (0.0, 0.5), (0.0, 0.5)), (2, 2, 1), (0.0, 0.5, 0.0)):
('K.356 Corrigida por mim', 'P1', 3, (128, 131), (36,), (2.0,), (36,), (1.0,))
('K.356 Corrigida por mim', 'P1', 3, (132, 135), (37,), (2.0,), (37,), (1.0,))

59.    (((8, -2), (8, 4), (8, -5)), ((0.0, 0.5), (0.0, 0.5), (0.0, 0.5)), (2, 2, 1), (0.0, 0.5, 0.0)):
('K.356 Corrigida por mim', 'P1', 3, (150, 153), (43,), (2.0,), (43,), (1.0,))
('K.356 Corrigida por mim', 'P1', 3, (154, 157), (44,), (2.0,), (44,), (1.0,))

60.    ((-2, (3, -2), (3, -2)), (0.5, (0.0, 0.5), (0.0, 0.5)), (2, 2, 1), (0.0, 0.5, 0.0)):
('K.356 Corrigida por mim', 'P1', 3, (180, 183), (51,), (2.0,), (51,), (1.0,))
('K.356 Corrigida por mim', 'P1', 3, (184, 187), (52,), (2.0,), (52,), (1.0,))

61.    (((8, -2), (8, -2), (8, 4)), ((0.0, 0.5), (0.0, 0.5), (0.0, 0.5)), (1, 1, 2), (0.0, 0.5, 0.0)):
('K.356 Corrigida por mim', 'P1', 3, (232, 235), (67,), (1.0,), (67,), (2.0,))
('K.356 Corrigida por mim', 'P1', 3, (487, 490), (119,), (1.0,), (120,), (2.0,))

62.    ((-8, (3, -4), (5, 1)), (0.5, (0.0, 0.5), (0.0, 0.5)), (1, 1, 2), (0.0, 0.5, 0.0)):
('K.356 Corrigida por mim', 'P1', 3, (242, 245), (70,), (1.0,), (70,), (2.0,))
('K.356 Corrigida por mim', 'P1', 3, (246, 249), (71,), (1.0,), (71,), (2.0,))

63.    (((3, 1), (3, -2), (3, 1)), ((0.0, 0.5), (0.0, 0.5), (0.0, 0.5)), (2, 2, 1), (0.0, 0.5, 0.0)):
('K.356 Corrigida por mim', 'P1', 3, (270, 273), (78,), (2.0,), (79,), (1.0,))
('K.356 Corrigida por mim', 'P1', 3, (274, 277), (79,), (2.0,), (80,), (1.0,))

64.    (((3, 1), (3, 1), (3, 2)), ((0.0, 0.5), (0.0, 0.5), (0.0, 0.5)), (2, 2, 1), (0.0, 0.5, 0.0)):
('K.356 Corrigida por mim', 'P1', 3, (396, 399), (102,), (2.0,), (102,), (1.0,))
('K.356 Corrigida por mim', 'P1', 3, (400, 403), (103,), (2.0,), (103,), (1.0,))

65.    ((2, 2, -3), (0.5, 0.5, 0.5), (2, 2, 1), (0.0, 0.5, 0.0)):
('K.356 Corrigida por mim', 'P1', 3, (411, 414), (106,), (2.0,), (106,), (1.0,))
('K.356 Corrigida por mim', 'P1', 3, (415, 418), (107,), (2.0,), (107,), (1.0,))

66.    ((-2, -2), (0.17, 0.17), (1, 1), (0.5, 0.67)):
('K.356 Corrigida por mim', 'P1', 1, (22, 24), (4,), (1.5,), (4,), (1.67,))
('K.356 Corrigida por mim', 'P1', 1, (45, 47), (8,), (1.5,), (8,), (1.67,))
('K.356 Corrigida por mim', 'P1', 1, (54, 56), (10,), (1.5,), (10,), (1.67,))
('K.356 Corrigida por mim', 'P1', 1, (72, 74), (12,), (1.5,), (12,), (1.67,))
('K.356 Corrigida por mim', 'P1', 1, (81, 83), (14,), (1.5,), (14,), (1.67,))
('K.356 Corrigida por mim', 'P1', 1, (99, 101), (16,), (1.5,), (16,), (1.67,))
('K.356 Corrigida por mim', 'P1', 1, (241, 243), (35,), (1.5,), (35,), (1.67,))
('K.356 Corrigida por mim', 'P1', 1, (264, 266), (39,), (1.5,), (39,), (1.67,))
('K.356 Corrigida por mim', 'P1', 1, (281, 283), (41,), (1.5,), (41,), (1.67,))
('K.356 Corrigida por mim', 'P1', 1, (513, 515), (89,), (1.5,), (89,), (1.67,))
('K.356 Corrigida por mim', 'P1', 1, (561, 563), (97,), (1.5,), (97,), (1.67,))
('K.356 Corrigida por mim', 'P1', 2, (15, 17), (36,), (1.5,), (36,), (1.67,))

67.    ((-4, -3), (0.17, 0.17), (2, 2), (0.0, 0.17)):
('K.356 Corrigida por mim', 'P1', 1, (109, 111), (19,), (2.0,), (19,), (2.17,))
('K.356 Corrigida por mim', 'P1', 1, (124, 126), (21,), (2.0,), (21,), (2.17,))
('K.356 Corrigida por mim', 'P1', 1, (225, 227), (33,), (2.0,), (33,), (2.17,))
('K.356 Corrigida por mim', 'P1', 1, (365, 367), (56,), (2.0,), (56,), (2.17,))
('K.356 Corrigida por mim', 'P1', 1, (372, 374), (57,), (2.0,), (57,), (2.17,))
('K.356 Corrigida por mim', 'P1', 1, (640, 642), (111,), (2.0,), (111,), (2.17,))
('K.356 Corrigida por mim', 'P1', 1, (673, 675), (115,), (2.0,), (115,), (2.17,))
('K.356 Corrigida por mim', 'P1', 1, (679, 681), (116,), (2.0,), (116,), (2.17,))
('K.356 Corrigida por mim', 'P1', 2, (53, 55), (51,), (2.0,), (51,), (2.17,))
('K.356 Corrigida por mim', 'P1', 2, (63, 65), (52,), (2.0,), (52,), (2.17,))

68.    ((-2, 2), (0.75, 0.12), (2, 1), (0.5, 0.25)):
('K.356 Corrigida por mim', 'P1', 1, (137, 139), (22,), (2.5,), (22,), (1.25,))
('K.356 Corrigida por mim', 'P1', 1, (155, 157), (24,), (2.5,), (24,), (1.25,))
('K.356 Corrigida por mim', 'P1', 1, (169, 171), (26,), (2.5,), (26,), (1.25,))
('K.356 Corrigida por mim', 'P1', 1, (174, 176), (27,), (2.5,), (27,), (1.25,))
('K.356 Corrigida por mim', 'P1', 1, (179, 181), (28,), (2.5,), (28,), (1.25,))
('K.356 Corrigida por mim', 'P1', 2, (34, 36), (42,), (2.5,), (42,), (1.25,))
('K.356 Corrigida por mim', 'P1', 2, (39, 41), (45,), (2.5,), (45,), (1.25,))
('K.356 Corrigida por mim', 'P1', 2, (130, 132), (86,), (2.5,), (86,), (1.25,))
('K.356 Corrigida por mim', 'P1', 3, (82, 84), (22,), (2.5,), (22,), (1.25,))

69.    ((-2, 2), (0.75, 0.12), (2, 2), (0.0, 0.75)):
('K.356 Corrigida por mim', 'P1', 1, (10, 12), (3,), (2.0,), (3,), (2.75,))
('K.356 Corrigida por mim', 'P1', 1, (441, 443), (69,), (2.0,), (69,), (2.75,))
('K.356 Corrigida por mim', 'P1', 1, (446, 448), (70,), (2.0,), (70,), (2.75,))
('K.356 Corrigida por mim', 'P1', 1, (463, 465), (77,), (2.0,), (77,), (2.75,))
('K.356 Corrigida por mim', 'P1', 1, (482, 484), (83,), (2.0,), (83,), (2.75,))
('K.356 Corrigida por mim', 'P1', 2, (106, 108), (71,), (2.0,), (71,), (2.75,))
('K.356 Corrigida por mim', 'P1', 2, (126, 128), (82,), (2.0,), (82,), (2.75,))
('K.356 Corrigida por mim', 'P1', 3, (8, 10), (3,), (2.0,), (3,), (2.75,))

70.    ((-2, 2), (0.75, 0.12), (1, 2), (0.5, 0.25)):
('K.356 Corrigida por mim', 'P1', 1, (413, 415), (62,), (1.5,), (62,), (2.25,))
('K.356 Corrigida por mim', 'P1', 1, (423, 425), (64,), (1.5,), (64,), (2.25,))
('K.356 Corrigida por mim', 'P1', 2, (97, 99), (66,), (1.5,), (66,), (2.25,))
('K.356 Corrigida por mim', 'P1', 3, (214, 216), (62,), (1.5,), (62,), (2.25,))

71.    ((-3, -2), (0.5, 0.75), (1, 1), (0.0, 0.5)):
('K.356 Corrigida por mim', 'P1', 1, (417, 419), (63,), (1.0,), (63,), (1.5,))
('K.356 Corrigida por mim', 'P1', 2, (91, 93), (65,), (1.0,), (65,), (1.5,))
('K.356 Corrigida por mim', 'P1', 3, (218, 220), (63,), (1.0,), (63,), (1.5,))

72.    ((1, 1), (0.5, 0.5), (1, 2), (0.5, 0.0)):
('K.356 Corrigida por mim', 'P1', 2, (101, 103), (68,), (1.5,), (68,), (2.0,))
('K.356 Corrigida por mim', 'P1', 2, (121, 123), (76,), (1.5,), (76,), (2.0,))
('K.356 Corrigida por mim', 'P1', 4, (31, 33), (83,), (1.5,), (83,), (2.0,))

73.    ((3, -2), (0.17, 0.17), (2, 2), (0.67, 0.83)):
('K.356 Corrigida por mim', 'P1', 1, (389, 391), (59,), (2.67,), (59,), (2.83,))
('K.356 Corrigida por mim', 'P1', 1, (401, 403), (60,), (2.67,), (60,), (2.83,))

74.    ((-3, 5), (0.17, 0.17), (2, 2), (0.0, 0.17)):
('K.356 Corrigida por mim', 'P1', 1, (358, 360), (55,), (2.0,), (55,), (2.17,))
('K.356 Corrigida por mim', 'P1', 2, (83, 85), (54,), (2.0,), (54,), (2.17,))

75.    ((-4, 1), (0.5, 0.5), (1, 1), (0.0, 0.5)):
('K.356 Corrigida por mim', 'P1', 1, (8, 10), (3,), (1.0,), (3,), (1.5,))
('K.356 Corrigida por mim', 'P1', 3, (223, 225), (64,), (1.0,), (64,), (1.5,))

76.    ((1, 2), (0.5, 0.5), (2, 2), (0.0, 0.5)):
('K.356 Corrigida por mim', 'P1', 3, (11, 13), (4,), (2.0,), (4,), (2.5,))
('K.356 Corrigida por mim', 'P1', 3, (302, 304), (83,), (2.0,), (83,), (2.5,))

77.    (((3, 1), (3, 1)), ((0.0, 0.5), (0.0, 0.5)), (2, 2), (0.0, 0.5)):
('K.356 Corrigida por mim', 'P1', 3, (40, 42), (11,), (2.0,), (11,), (2.5,))
('K.356 Corrigida por mim', 'P1', 3, (90, 92), (24,), (2.0,), (24,), (2.5,))

78.    (((8, 2), (8, -5)), ((0.0, 0.5), (0.0, 0.5)), (1, 2), (0.5, 0.0)):
('K.356 Corrigida por mim', 'P1', 3, (259, 261), (75,), (1.5,), (75,), (2.0,))
('K.356 Corrigida por mim', 'P1', 3, (447, 449), (112,), (1.5,), (112,), (2.0,))

79.    ((-2,), (0.17,), (2,), (0.83,)):
('K.356 Corrigida por mim', 'P1', 1, (18, 19), (4,), (2.83,), (4,), (2.83,))
('K.356 Corrigida por mim', 'P1', 1, (62, 63), (11,), (2.83,), (11,), (2.83,))
('K.356 Corrigida por mim', 'P1', 1, (89, 90), (15,), (2.83,), (15,), (2.83,))
('K.356 Corrigida por mim', 'P1', 1, (145, 146), (23,), (2.83,), (23,), (2.83,))
('K.356 Corrigida por mim', 'P1', 1, (163, 164), (25,), (2.83,), (25,), (2.83,))
('K.356 Corrigida por mim', 'P1', 1, (185, 186), (29,), (2.83,), (29,), (2.83,))
('K.356 Corrigida por mim', 'P1', 1, (207, 208), (31,), (2.83,), (31,), (2.83,))
('K.356 Corrigida por mim', 'P1', 1, (260, 261), (37,), (2.83,), (37,), (2.83,))
('K.356 Corrigida por mim', 'P1', 1, (390, 391), (59,), (2.83,), (59,), (2.83,))
('K.356 Corrigida por mim', 'P1', 1, (402, 403), (60,), (2.83,), (60,), (2.83,))
('K.356 Corrigida por mim', 'P1', 1, (521, 522), (89,), (2.83,), (89,), (2.83,))
('K.356 Corrigida por mim', 'P1', 1, (584, 585), (101,), (2.83,), (101,), (2.83,))
('K.356 Corrigida por mim', 'P1', 1, (590, 591), (102,), (2.83,), (102,), (2.83,))
('K.356 Corrigida por mim', 'P1', 1, (596, 597), (103,), (2.83,), (103,), (2.83,))
('K.356 Corrigida por mim', 'P1', 1, (621, 622), (109,), (2.83,), (109,), (2.83,))
('K.356 Corrigida por mim', 'P1', 1, (633, 634), (110,), (2.83,), (110,), (2.83,))
('K.356 Corrigida por mim', 'P1', 2, (23, 24), (36,), (2.83,), (36,), (2.83,))
('K.356 Corrigida por mim', 'P1', 2, (58, 59), (51,), (2.83,), (51,), (2.83,))
('K.356 Corrigida por mim', 'P1', 2, (68, 69), (52,), (2.83,), (52,), (2.83,))
('K.356 Corrigida por mim', 'P1', 2, (78, 79), (53,), (2.83,), (53,), (2.83,))
('K.356 Corrigida por mim', 'P1', 2, (147, 148), (100,), (2.83,), (100,), (2.83,))
('K.356 Corrigida por mim', 'P1', 3, (285, 286), (80,), (2.83,), (80,), (2.83,))
('K.356 Corrigida por mim', 'P1', 3, (322, 323), (85,), (2.83,), (85,), (2.83,))
('K.356 Corrigida por mim', 'P1', 3, (346, 347), (90,), (2.83,), (90,), (2.83,))
('K.356 Corrigida por mim', 'P1', 3, (358, 359), (91,), (2.83,), (91,), (2.83,))
('K.356 Corrigida por mim', 'P1', 3, (428, 429), (109,), (2.83,), (109,), (2.83,))
('K.356 Corrigida por mim', 'P1', 3, (440, 441), (110,), (2.83,), (110,), (2.83,))
('K.356 Corrigida por mim', 'P1', 3, (461, 462), (114,), (2.83,), (114,), (2.83,))

80.    ((-2,), (0.17,), (2,), (0.33,)):
('K.356 Corrigida por mim', 'P1', 1, (59, 60), (11,), (2.33,), (11,), (2.33,))
('K.356 Corrigida por mim', 'P1', 1, (86, 87), (15,), (2.33,), (15,), (2.33,))
('K.356 Corrigida por mim', 'P1', 1, (154, 155), (24,), (2.33,), (24,), (2.33,))
('K.356 Corrigida por mim', 'P1', 1, (257, 258), (37,), (2.33,), (37,), (2.33,))
('K.356 Corrigida por mim', 'P1', 1, (298, 299), (43,), (2.33,), (43,), (2.33,))
('K.356 Corrigida por mim', 'P1', 1, (307, 308), (44,), (2.33,), (44,), (2.33,))
('K.356 Corrigida por mim', 'P1', 1, (340, 341), (48,), (2.33,), (48,), (2.33,))
('K.356 Corrigida por mim', 'P1', 1, (469, 470), (78,), (2.33,), (78,), (2.33,))
('K.356 Corrigida por mim', 'P1', 1, (476, 477), (79,), (2.33,), (79,), (2.33,))
('K.356 Corrigida por mim', 'P1', 1, (613, 614), (107,), (2.33,), (107,), (2.33,))
('K.356 Corrigida por mim', 'P1', 1, (618, 619), (109,), (2.33,), (109,), (2.33,))
('K.356 Corrigida por mim', 'P1', 1, (630, 631), (110,), (2.33,), (110,), (2.33,))
('K.356 Corrigida por mim', 'P1', 2, (20, 21), (36,), (2.33,), (36,), (2.33,))
('K.356 Corrigida por mim', 'P1', 2, (75, 76), (53,), (2.33,), (53,), (2.33,))
('K.356 Corrigida por mim', 'P1', 2, (113, 114), (72,), (2.33,), (72,), (2.33,))
('K.356 Corrigida por mim', 'P1', 2, (162, 163), (106,), (2.33,), (106,), (2.33,))
('K.356 Corrigida por mim', 'P1', 2, (167, 168), (108,), (2.33,), (108,), (2.33,))
('K.356 Corrigida por mim', 'P1', 3, (282, 283), (80,), (2.33,), (80,), (2.33,))
('K.356 Corrigida por mim', 'P1', 3, (294, 295), (81,), (2.33,), (81,), (2.33,))
('K.356 Corrigida por mim', 'P1', 3, (310, 311), (84,), (2.33,), (84,), (2.33,))
('K.356 Corrigida por mim', 'P1', 3, (319, 320), (85,), (2.33,), (85,), (2.33,))
('K.356 Corrigida por mim', 'P1', 3, (343, 344), (90,), (2.33,), (90,), (2.33,))
('K.356 Corrigida por mim', 'P1', 3, (355, 356), (91,), (2.33,), (91,), (2.33,))
('K.356 Corrigida por mim', 'P1', 3, (425, 426), (109,), (2.33,), (109,), (2.33,))
('K.356 Corrigida por mim', 'P1', 3, (437, 438), (110,), (2.33,), (110,), (2.33,))
('K.356 Corrigida por mim', 'P1', 3, (458, 459), (113,), (2.33,), (113,), (2.33,))

81.    ((-2,), (0.17,), (1,), (0.33,)):
('K.356 Corrigida por mim', 'P1', 1, (21, 22), (4,), (1.33,), (4,), (1.33,))
('K.356 Corrigida por mim', 'P1', 1, (44, 45), (8,), (1.33,), (8,), (1.33,))
('K.356 Corrigida por mim', 'P1', 1, (53, 54), (10,), (1.33,), (10,), (1.33,))
('K.356 Corrigida por mim', 'P1', 1, (71, 72), (12,), (1.33,), (12,), (1.33,))
('K.356 Corrigida por mim', 'P1', 1, (80, 81), (14,), (1.33,), (14,), (1.33,))
('K.356 Corrigida por mim', 'P1', 1, (98, 99), (16,), (1.33,), (16,), (1.33,))
('K.356 Corrigida por mim', 'P1', 1, (148, 149), (23,), (1.33,), (23,), (1.33,))
('K.356 Corrigida por mim', 'P1', 1, (166, 167), (25,), (1.33,), (25,), (1.33,))
('K.356 Corrigida por mim', 'P1', 1, (188, 189), (29,), (1.33,), (29,), (1.33,))
('K.356 Corrigida por mim', 'P1', 1, (275, 276), (39,), (1.33,), (39,), (1.33,))
('K.356 Corrigida por mim', 'P1', 1, (301, 302), (43,), (1.33,), (43,), (1.33,))
('K.356 Corrigida por mim', 'P1', 1, (346, 347), (48,), (1.33,), (48,), (1.33,))
('K.356 Corrigida por mim', 'P1', 1, (393, 394), (59,), (1.33,), (59,), (1.33,))
('K.356 Corrigida por mim', 'P1', 1, (624, 625), (109,), (1.33,), (109,), (1.33,))
('K.356 Corrigida por mim', 'P1', 2, (61, 62), (51,), (1.33,), (51,), (1.33,))
('K.356 Corrigida por mim', 'P1', 2, (71, 72), (52,), (1.33,), (52,), (1.33,))
('K.356 Corrigida por mim', 'P1', 2, (81, 82), (53,), (1.33,), (53,), (1.33,))
('K.356 Corrigida por mim', 'P1', 3, (288, 289), (81,), (1.33,), (81,), (1.33,))
('K.356 Corrigida por mim', 'P1', 3, (349, 350), (90,), (1.33,), (90,), (1.33,))
('K.356 Corrigida por mim', 'P1', 3, (431, 432), (109,), (1.33,), (109,), (1.33,))
('K.356 Corrigida por mim', 'P1', 3, (452, 453), (113,), (1.33,), (113,), (1.33,))
('K.356 Corrigida por mim', 'P1', 3, (464, 465), (114,), (1.33,), (114,), (1.33,))

82.    ((-2,), (0.17,), (1,), (0.83,)):
('K.356 Corrigida por mim', 'P1', 1, (56, 57), (10,), (1.83,), (10,), (1.83,))
('K.356 Corrigida por mim', 'P1', 1, (83, 84), (14,), (1.83,), (14,), (1.83,))
('K.356 Corrigida por mim', 'P1', 1, (151, 152), (24,), (1.83,), (24,), (1.83,))
('K.356 Corrigida por mim', 'P1', 1, (202, 203), (31,), (1.83,), (31,), (1.83,))
('K.356 Corrigida por mim', 'P1', 1, (212, 213), (32,), (1.83,), (32,), (1.83,))
('K.356 Corrigida por mim', 'P1', 1, (563, 564), (97,), (1.83,), (97,), (1.83,))
('K.356 Corrigida por mim', 'P1', 1, (627, 628), (110,), (1.83,), (110,), (1.83,))
('K.356 Corrigida por mim', 'P1', 1, (691, 692), (120,), (1.83,), (120,), (1.83,))
('K.356 Corrigida por mim', 'P1', 2, (177, 178), (118,), (1.83,), (118,), (1.83,))
('K.356 Corrigida por mim', 'P1', 3, (279, 280), (80,), (1.83,), (80,), (1.83,))
('K.356 Corrigida por mim', 'P1', 3, (291, 292), (81,), (1.83,), (81,), (1.83,))
('K.356 Corrigida por mim', 'P1', 3, (307, 308), (84,), (1.83,), (84,), (1.83,))
('K.356 Corrigida por mim', 'P1', 3, (316, 317), (85,), (1.83,), (85,), (1.83,))
('K.356 Corrigida por mim', 'P1', 3, (352, 353), (91,), (1.83,), (91,), (1.83,))
('K.356 Corrigida por mim', 'P1', 3, (434, 435), (110,), (1.83,), (110,), (1.83,))
('K.356 Corrigida por mim', 'P1', 3, (455, 456), (113,), (1.83,), (113,), (1.83,))
('K.356 Corrigida por mim', 'P1', 3, (467, 468), (114,), (1.83,), (114,), (1.83,))

83.    ((1,), (0.5,), (2,), (0.5,)):
('K.356 Corrigida por mim', 'P1', 1, (4, 5), (2,), (2.5,), (2,), (2.5,))
('K.356 Corrigida por mim', 'P1', 1, (31, 32), (6,), (2.5,), (6,), (2.5,))
('K.356 Corrigida por mim', 'P1', 1, (36, 37), (7,), (2.5,), (7,), (2.5,))
('K.356 Corrigida por mim', 'P1', 2, (1, 2), (9,), (2.5,), (9,), (2.5,))
('K.356 Corrigida por mim', 'P1', 2, (6, 7), (13,), (2.5,), (13,), (2.5,))
('K.356 Corrigida por mim', 'P1', 3, (20, 21), (6,), (2.5,), (6,), (2.5,))
('K.356 Corrigida por mim', 'P1', 3, (25, 26), (7,), (2.5,), (7,), (2.5,))
('K.356 Corrigida por mim', 'P1', 3, (57, 58), (15,), (2.5,), (15,), (2.5,))
('K.356 Corrigida por mim', 'P1', 3, (99, 100), (27,), (2.5,), (27,), (2.5,))
('K.356 Corrigida por mim', 'P1', 3, (102, 103), (28,), (2.5,), (28,), (2.5,))
('K.356 Corrigida por mim', 'P1', 3, (217, 218), (63,), (2.5,), (63,), (2.5,))
('K.356 Corrigida por mim', 'P1', 3, (222, 223), (64,), (2.5,), (64,), (2.5,))
('K.356 Corrigida por mim', 'P1', 3, (226, 227), (65,), (2.5,), (65,), (2.5,))
('K.356 Corrigida por mim', 'P1', 3, (445, 446), (112,), (2.5,), (112,), (2.5,))
('K.356 Corrigida por mim', 'P1', 4, (11, 12), (63,), (2.5,), (63,), (2.5,))
('K.356 Corrigida por mim', 'P1', 4, (15, 16), (64,), (2.5,), (64,), (2.5,))
('K.356 Corrigida por mim', 'P1', 4, (19, 20), (65,), (2.5,), (65,), (2.5,))

84.    ((1,), (0.5,), (2,), (0.0,)):
('K.356 Corrigida por mim', 'P1', 1, (136, 137), (22,), (2.0,), (22,), (2.0,))
('K.356 Corrigida por mim', 'P1', 1, (168, 169), (26,), (2.0,), (26,), (2.0,))
('K.356 Corrigida por mim', 'P1', 1, (173, 174), (27,), (2.0,), (27,), (2.0,))
('K.356 Corrigida por mim', 'P1', 1, (178, 179), (28,), (2.0,), (28,), (2.0,))
('K.356 Corrigida por mim', 'P1', 1, (277, 278), (40,), (2.0,), (40,), (2.0,))
('K.356 Corrigida por mim', 'P1', 2, (28, 29), (38,), (2.0,), (38,), (2.0,))
('K.356 Corrigida por mim', 'P1', 2, (33, 34), (42,), (2.0,), (42,), (2.0,))
('K.356 Corrigida por mim', 'P1', 2, (38, 39), (45,), (2.0,), (45,), (2.0,))
('K.356 Corrigida por mim', 'P1', 2, (102, 103), (68,), (2.0,), (68,), (2.0,))
('K.356 Corrigida por mim', 'P1', 2, (122, 123), (76,), (2.0,), (76,), (2.0,))
('K.356 Corrigida por mim', 'P1', 2, (129, 130), (86,), (2.0,), (86,), (2.0,))
('K.356 Corrigida por mim', 'P1', 3, (11, 12), (4,), (2.0,), (4,), (2.0,))
('K.356 Corrigida por mim', 'P1', 3, (98, 99), (27,), (2.0,), (27,), (2.0,))
('K.356 Corrigida por mim', 'P1', 3, (101, 102), (28,), (2.0,), (28,), (2.0,))
('K.356 Corrigida por mim', 'P1', 3, (302, 303), (83,), (2.0,), (83,), (2.0,))
('K.356 Corrigida por mim', 'P1', 4, (32, 33), (83,), (2.0,), (83,), (2.0,))

85.    ((1,), (0.5,), (1,), (0.5,)):
('K.356 Corrigida por mim', 'P1', 1, (9, 10), (3,), (1.5,), (3,), (1.5,))
('K.356 Corrigida por mim', 'P1', 2, (101, 102), (68,), (1.5,), (68,), (1.5,))
('K.356 Corrigida por mim', 'P1', 2, (121, 122), (76,), (1.5,), (76,), (1.5,))
('K.356 Corrigida por mim', 'P1', 2, (125, 126), (82,), (1.5,), (82,), (1.5,))
('K.356 Corrigida por mim', 'P1', 3, (211, 212), (60,), (1.5,), (60,), (1.5,))
('K.356 Corrigida por mim', 'P1', 3, (224, 225), (64,), (1.5,), (64,), (1.5,))
('K.356 Corrigida por mim', 'P1', 3, (228, 229), (65,), (1.5,), (65,), (1.5,))
('K.356 Corrigida por mim', 'P1', 3, (472, 473), (116,), (1.5,), (116,), (1.5,))
('K.356 Corrigida por mim', 'P1', 4, (13, 14), (63,), (1.5,), (63,), (1.5,))
('K.356 Corrigida por mim', 'P1', 4, (17, 18), (64,), (1.5,), (64,), (1.5,))
('K.356 Corrigida por mim', 'P1', 4, (21, 22), (65,), (1.5,), (65,), (1.5,))
('K.356 Corrigida por mim', 'P1', 4, (31, 32), (83,), (1.5,), (83,), (1.5,))

86.    ((-3,), (0.17,), (2,), (0.83,)):
('K.356 Corrigida por mim', 'P1', 1, (129, 130), (21,), (2.83,), (21,), (2.83,))
('K.356 Corrigida por mim', 'P1', 1, (197, 198), (30,), (2.83,), (30,), (2.83,))
('K.356 Corrigida por mim', 'P1', 1, (218, 219), (32,), (2.83,), (32,), (2.83,))
('K.356 Corrigida por mim', 'P1', 1, (353, 354), (49,), (2.83,), (49,), (2.83,))
('K.356 Corrigida por mim', 'P1', 1, (377, 378), (57,), (2.83,), (57,), (2.83,))
('K.356 Corrigida por mim', 'P1', 1, (383, 384), (58,), (2.83,), (58,), (2.83,))
('K.356 Corrigida por mim', 'P1', 1, (645, 646), (111,), (2.83,), (111,), (2.83,))
('K.356 Corrigida por mim', 'P1', 1, (651, 652), (112,), (2.83,), (112,), (2.83,))
('K.356 Corrigida por mim', 'P1', 1, (666, 667), (115,), (2.83,), (115,), (2.83,))
('K.356 Corrigida por mim', 'P1', 2, (48, 49), (50,), (2.83,), (50,), (2.83,))
('K.356 Corrigida por mim', 'P1', 3, (194, 195), (55,), (2.83,), (55,), (2.83,))

87.    ((-8,), (0.5,), (1,), (0.5,)):
('K.356 Corrigida por mim', 'P1', 1, (276, 277), (40,), (1.5,), (40,), (1.5,))
('K.356 Corrigida por mim', 'P1', 1, (347, 348), (49,), (1.5,), (49,), (1.5,))
('K.356 Corrigida por mim', 'P1', 1, (610, 611), (107,), (1.5,), (107,), (1.5,))
('K.356 Corrigida por mim', 'P1', 2, (32, 33), (42,), (1.5,), (42,), (1.5,))
('K.356 Corrigida por mim', 'P1', 2, (149, 150), (104,), (1.5,), (104,), (1.5,))
('K.356 Corrigida por mim', 'P1', 2, (164, 165), (108,), (1.5,), (108,), (1.5,))
('K.356 Corrigida por mim', 'P1', 3, (171, 172), (49,), (1.5,), (49,), (1.5,))
('K.356 Corrigida por mim', 'P1', 3, (175, 176), (50,), (1.5,), (50,), (1.5,))
('K.356 Corrigida por mim', 'P1', 3, (203, 204), (58,), (1.5,), (58,), (1.5,))
('K.356 Corrigida por mim', 'P1', 3, (340, 341), (90,), (1.5,), (90,), (1.5,))
('K.356 Corrigida por mim', 'P1', 3, (414, 415), (107,), (1.5,), (107,), (1.5,))

88.    ((-2,), (0.5,), (1,), (0.0,)):
('K.356 Corrigida por mim', 'P1', 1, (585, 586), (101,), (1.0,), (101,), (1.0,))
('K.356 Corrigida por mim', 'P1', 1, (591, 592), (102,), (1.0,), (102,), (1.0,))
('K.356 Corrigida por mim', 'P1', 3, (118, 119), (33,), (1.0,), (33,), (1.0,))
('K.356 Corrigida por mim', 'P1', 3, (136, 137), (38,), (1.0,), (38,), (1.0,))
('K.356 Corrigida por mim', 'P1', 3, (363, 364), (92,), (1.0,), (92,), (1.0,))
('K.356 Corrigida por mim', 'P1', 3, (367, 368), (93,), (1.0,), (93,), (1.0,))
('K.356 Corrigida por mim', 'P1', 3, (370, 371), (94,), (1.0,), (94,), (1.0,))
('K.356 Corrigida por mim', 'P1', 3, (374, 375), (95,), (1.0,), (95,), (1.0,))

89.    ((1,), (0.5,), (1,), (0.0,)):
('K.356 Corrigida por mim', 'P1', 2, (96, 97), (66,), (1.0,), (66,), (1.0,))
('K.356 Corrigida por mim', 'P1', 3, (13, 14), (4,), (1.0,), (4,), (1.0,))
('K.356 Corrigida por mim', 'P1', 3, (227, 228), (65,), (1.0,), (65,), (1.0,))
('K.356 Corrigida por mim', 'P1', 3, (300, 301), (83,), (1.0,), (83,), (1.0,))
('K.356 Corrigida por mim', 'P1', 4, (12, 13), (63,), (1.0,), (63,), (1.0,))
('K.356 Corrigida por mim', 'P1', 4, (16, 17), (64,), (1.0,), (64,), (1.0,))
('K.356 Corrigida por mim', 'P1', 4, (20, 21), (65,), (1.0,), (65,), (1.0,))
('K.356 Corrigida por mim', 'P1', 4, (30, 31), (83,), (1.0,), (83,), (1.0,))

90.    ((-2,), (0.5,), (1,), (0.5,)):
('K.356 Corrigida por mim', 'P1', 1, (440, 441), (69,), (1.5,), (69,), (1.5,))
('K.356 Corrigida por mim', 'P1', 1, (445, 446), (70,), (1.5,), (70,), (1.5,))
('K.356 Corrigida por mim', 'P1', 1, (455, 456), (74,), (1.5,), (74,), (1.5,))
('K.356 Corrigida por mim', 'P1', 1, (462, 463), (77,), (1.5,), (77,), (1.5,))
('K.356 Corrigida por mim', 'P1', 1, (683, 684), (119,), (1.5,), (119,), (1.5,))
('K.356 Corrigida por mim', 'P1', 2, (105, 106), (71,), (1.5,), (71,), (1.5,))
('K.356 Corrigida por mim', 'P1', 3, (256, 257), (74,), (1.5,), (74,), (1.5,))

91.    ((2,), (0.17,), (2,), (0.33,)):
('K.356 Corrigida por mim', 'P1', 1, (328, 329), (47,), (2.33,), (47,), (2.33,))
('K.356 Corrigida por mim', 'P1', 1, (566, 567), (97,), (2.33,), (97,), (2.33,))
('K.356 Corrigida por mim', 'P1', 1, (694, 695), (120,), (2.33,), (120,), (2.33,))
('K.356 Corrigida por mim', 'P1', 2, (55, 56), (51,), (2.33,), (51,), (2.33,))
('K.356 Corrigida por mim', 'P1', 2, (65, 66), (52,), (2.33,), (52,), (2.33,))
('K.356 Corrigida por mim', 'P1', 2, (180, 181), (118,), (2.33,), (118,), (2.33,))

92.    ((2,), (0.17,), (1,), (0.33,)):
('K.356 Corrigida por mim', 'P1', 1, (405, 406), (60,), (1.33,), (60,), (1.33,))
('K.356 Corrigida por mim', 'P1', 1, (430, 431), (67,), (1.33,), (67,), (1.33,))
('K.356 Corrigida por mim', 'P1', 1, (529, 530), (92,), (1.33,), (92,), (1.33,))
('K.356 Corrigida por mim', 'P1', 1, (536, 537), (93,), (1.33,), (93,), (1.33,))
('K.356 Corrigida por mim', 'P1', 1, (550, 551), (95,), (1.33,), (95,), (1.33,))
('K.356 Corrigida por mim', 'P1', 2, (51, 52), (50,), (1.33,), (50,), (1.33,))

93.    ((-3,), (0.5,), (2,), (0.0,)):
('K.356 Corrigida por mim', 'P1', 1, (25, 26), (5,), (2.0,), (5,), (2.0,))
('K.356 Corrigida por mim', 'P1', 1, (581, 582), (101,), (2.0,), (101,), (2.0,))
('K.356 Corrigida por mim', 'P1', 1, (587, 588), (102,), (2.0,), (102,), (2.0,))
('K.356 Corrigida por mim', 'P1', 1, (593, 594), (103,), (2.0,), (103,), (2.0,))
('K.356 Corrigida por mim', 'P1', 2, (144, 145), (100,), (2.0,), (100,), (2.0,))
('K.356 Corrigida por mim', 'P1', 3, (172, 173), (49,), (2.0,), (49,), (2.0,))

94.    ((-2,), (0.5,), (2,), (0.5,)):
('K.356 Corrigida por mim', 'P1', 1, (41, 42), (8,), (2.5,), (8,), (2.5,))
('K.356 Corrigida por mim', 'P1', 1, (687, 688), (119,), (2.5,), (119,), (2.5,))
('K.356 Corrigida por mim', 'P1', 2, (90, 91), (65,), (2.5,), (65,), (2.5,))
('K.356 Corrigida por mim', 'P1', 2, (173, 174), (117,), (2.5,), (117,), (2.5,))
('K.356 Corrigida por mim', 'P1', 4, (29, 30), (82,), (2.5,), (82,), (2.5,))
('K.356 Corrigida por mim', 'P1', 4, (33, 34), (83,), (2.5,), (83,), (2.5,))

95.    ((-3,), (0.5,), (1,), (0.5,)):
('K.356 Corrigida por mim', 'P1', 1, (481, 482), (83,), (1.5,), (83,), (1.5,))
('K.356 Corrigida por mim', 'P1', 3, (301, 302), (83,), (1.5,), (83,), (1.5,))
('K.356 Corrigida por mim', 'P1', 3, (364, 365), (93,), (1.5,), (93,), (1.5,))
('K.356 Corrigida por mim', 'P1', 3, (368, 369), (94,), (1.5,), (94,), (1.5,))
('K.356 Corrigida por mim', 'P1', 3, (371, 372), (95,), (1.5,), (95,), (1.5,))
('K.356 Corrigida por mim', 'P1', 3, (375, 376), (96,), (1.5,), (96,), (1.5,))

96.    ((3,), (0.17,), (2,), (0.0,)):
('K.356 Corrigida por mim', 'P1', 1, (48, 49), (10,), (2.0,), (10,), (2.0,))
('K.356 Corrigida por mim', 'P1', 1, (66, 67), (12,), (2.0,), (12,), (2.0,))
('K.356 Corrigida por mim', 'P1', 1, (75, 76), (14,), (2.0,), (14,), (2.0,))
('K.356 Corrigida por mim', 'P1', 1, (93, 94), (16,), (2.0,), (16,), (2.0,))
('K.356 Corrigida por mim', 'P1', 2, (178, 179), (118,), (2.0,), (118,), (2.0,))

97.    ((-4,), (0.5,), (2,), (0.0,)):
('K.356 Corrigida por mim', 'P1', 1, (3, 4), (2,), (2.0,), (2,), (2.0,))
('K.356 Corrigida por mim', 'P1', 1, (30, 31), (6,), (2.0,), (6,), (2.0,))
('K.356 Corrigida por mim', 'P1', 1, (35, 36), (7,), (2.0,), (7,), (2.0,))
('K.356 Corrigida por mim', 'P1', 3, (365, 366), (93,), (2.0,), (93,), (2.0,))
('K.356 Corrigida por mim', 'P1', 3, (372, 373), (95,), (2.0,), (95,), (2.0,))

98.    (((8, 2),), ((0.0, 0.5),), (2,), (0.0,)):
('K.356 Corrigida por mim', 'P1', 1, (663, 664), (114,), (2.0,), (114,), (2.0,))
('K.356 Corrigida por mim', 'P1', 3, (128, 129), (36,), (2.0,), (36,), (2.0,))
('K.356 Corrigida por mim', 'P1', 3, (132, 133), (37,), (2.0,), (37,), (2.0,))
('K.356 Corrigida por mim', 'P1', 3, (419, 420), (108,), (2.0,), (108,), (2.0,))
('K.356 Corrigida por mim', 'P1', 3, (485, 486), (119,), (2.0,), (119,), (2.0,))

99.    ((-8,), (0.5,), (1,), (0.0,)):
('K.356 Corrigida por mim', 'P1', 2, (115, 116), (75,), (1.0,), (75,), (1.0,))
('K.356 Corrigida por mim', 'P1', 3, (31, 32), (8,), (1.0,), (8,), (1.0,))
('K.356 Corrigida por mim', 'P1', 3, (242, 243), (70,), (1.0,), (70,), (1.0,))
('K.356 Corrigida por mim', 'P1', 3, (246, 247), (71,), (1.0,), (71,), (1.0,))
('K.356 Corrigida por mim', 'P1', 3, (304, 305), (84,), (1.0,), (84,), (1.0,))

100.    ((3,), (0.17,), (2,), (0.5,)):
('K.356 Corrigida por mim', 'P1', 1, (341, 342), (48,), (2.5,), (48,), (2.5,))
('K.356 Corrigida por mim', 'P1', 1, (519, 520), (89,), (2.5,), (89,), (2.5,))
('K.356 Corrigida por mim', 'P1', 2, (56, 57), (51,), (2.5,), (51,), (2.5,))
('K.356 Corrigida por mim', 'P1', 2, (66, 67), (52,), (2.5,), (52,), (2.5,))

101.    ((-6,), (0.5,), (1,), (0.5,)):
('K.356 Corrigida por mim', 'P1', 1, (172, 173), (27,), (1.5,), (27,), (1.5,))
('K.356 Corrigida por mim', 'P1', 1, (177, 178), (28,), (1.5,), (28,), (1.5,))
('K.356 Corrigida por mim', 'P1', 2, (133, 134), (98,), (1.5,), (98,), (1.5,))
('K.356 Corrigida por mim', 'P1', 3, (395, 396), (102,), (1.5,), (102,), (1.5,))

102.    ((8,), (0.5,), (2,), (0.0,)):
('K.356 Corrigida por mim', 'P1', 1, (40, 41), (8,), (2.0,), (8,), (2.0,))
('K.356 Corrigida por mim', 'P1', 3, (29, 30), (8,), (2.0,), (8,), (2.0,))
('K.356 Corrigida por mim', 'P1', 3, (52, 53), (14,), (2.0,), (14,), (2.0,))
('K.356 Corrigida por mim', 'P1', 3, (61, 62), (16,), (2.0,), (16,), (2.0,))

103.    ((-5,), (0.5,), (1,), (0.0,)):
('K.356 Corrigida por mim', 'P1', 1, (422, 423), (64,), (1.0,), (64,), (1.0,))
('K.356 Corrigida por mim', 'P1', 1, (473, 474), (79,), (1.0,), (79,), (1.0,))
('K.356 Corrigida por mim', 'P1', 3, (200, 201), (56,), (1.0,), (56,), (1.0,))
('K.356 Corrigida por mim', 'P1', 3, (327, 328), (86,), (1.0,), (86,), (1.0,))

104.    ((-3,), (0.5,), (2,), (0.5,)):
('K.356 Corrigida por mim', 'P1', 1, (112, 113), (19,), (2.5,), (19,), (2.5,))
('K.356 Corrigida por mim', 'P1', 1, (416, 417), (63,), (2.5,), (63,), (2.5,))
('K.356 Corrigida por mim', 'P1', 3, (173, 174), (49,), (2.5,), (49,), (2.5,))
('K.356 Corrigida por mim', 'P1', 4, (1, 2), (2,), (2.5,), (2,), (2.5,))

105.    (((8, 22),), ((0.0, 1.5),), (1,), (0.5,)):
('K.356 Corrigida por mim', 'P1', 3, (135, 136), (38,), (1.5,), (38,), (1.5,))
('K.356 Corrigida por mim', 'P1', 3, (157, 158), (45,), (1.5,), (45,), (1.5,))
('K.356 Corrigida por mim', 'P1', 3, (326, 327), (86,), (1.5,), (86,), (1.5,))
('K.356 Corrigida por mim', 'P1', 3, (389, 390), (100,), (1.5,), (100,), (1.5,))

106.    ((-5,), (0.5,), (2,), (0.0,)):
('K.356 Corrigida por mim', 'P1', 3, (204, 205), (58,), (2.0,), (58,), (2.0,))
('K.356 Corrigida por mim', 'P1', 3, (212, 213), (60,), (2.0,), (60,), (2.0,))
('K.356 Corrigida por mim', 'P1', 4, (24, 25), (73,), (2.0,), (73,), (2.0,))
('K.356 Corrigida por mim', 'P1', 4, (27, 28), (74,), (2.0,), (74,), (2.0,))

107.    ((3,), (0.5,), (1,), (0.5,)):
('K.356 Corrigida por mim', 'P1', 1, (586, 587), (102,), (1.5,), (102,), (1.5,))
('K.356 Corrigida por mim', 'P1', 2, (110, 111), (72,), (1.5,), (72,), (1.5,))
('K.356 Corrigida por mim', 'P1', 3, (399, 400), (103,), (1.5,), (103,), (1.5,))

108.    ((-5,), (0.5,), (1,), (0.5,)):
('K.356 Corrigida por mim', 'P1', 1, (182, 183), (29,), (1.5,), (29,), (1.5,))
('K.356 Corrigida por mim', 'P1', 1, (450, 451), (73,), (1.5,), (73,), (1.5,))
('K.356 Corrigida por mim', 'P1', 3, (14, 15), (4,), (1.5,), (4,), (1.5,))

109.    ((-2,), (1.0,), (1,), (0.5,)):
('K.356 Corrigida por mim', 'P1', 1, (387, 388), (58,), (1.5,), (58,), (1.5,))
('K.356 Corrigida por mim', 'P1', 1, (655, 656), (112,), (1.5,), (112,), (1.5,))
('K.356 Corrigida por mim', 'P1', 4, (10, 11), (62,), (1.5,), (62,), (1.5,))

110.    (((3, 2),), ((0.0, 0.5),), (1,), (0.5,)):
('K.356 Corrigida por mim', 'P1', 2, (116, 117), (75,), (1.5,), (75,), (1.5,))
('K.356 Corrigida por mim', 'P1', 3, (119, 120), (34,), (1.5,), (34,), (1.5,))
('K.356 Corrigida por mim', 'P1', 3, (273, 274), (79,), (1.5,), (79,), (1.5,))

111.    (((3, -2),), ((0.0, 0.5),), (1,), (0.5,)):
('K.356 Corrigida por mim', 'P1', 3, (253, 254), (73,), (1.5,), (73,), (1.5,))
('K.356 Corrigida por mim', 'P1', 3, (265, 266), (77,), (1.5,), (77,), (1.5,))
('K.356 Corrigida por mim', 'P1', 3, (480, 481), (118,), (1.5,), (118,), (1.5,))

112.    ((2,), (0.17,), (1,), (0.83,)):
('K.356 Corrigida por mim', 'P1', 1, (24, 25), (4,), (1.83,), (4,), (1.83,))
('K.356 Corrigida por mim', 'P1', 1, (254, 255), (37,), (1.83,), (37,), (1.83,))

113.    ((2,), (0.17,), (1,), (0.5,)):
('K.356 Corrigida por mim', 'P1', 1, (189, 190), (30,), (1.5,), (30,), (1.5,))
('K.356 Corrigida por mim', 'P1', 1, (311, 312), (46,), (1.5,), (46,), (1.5,))

114.    ((-3,), (0.17,), (2,), (0.33,)):
('K.356 Corrigida por mim', 'P1', 1, (227, 228), (33,), (2.33,), (33,), (2.33,))
('K.356 Corrigida por mim', 'P1', 1, (360, 361), (55,), (2.33,), (55,), (2.33,))

115.    ((-2,), (1.0,), (2,), (0.5,)):
('K.356 Corrigida por mim', 'P1', 1, (368, 369), (56,), (2.5,), (56,), (2.5,))
('K.356 Corrigida por mim', 'P1', 1, (695, 696), (120,), (2.5,), (120,), (2.5,))

116.    (((8, 1),), ((0.0, 0.5),), (1,), (0.0,)):
('K.356 Corrigida por mim', 'P1', 1, (657, 658), (113,), (1.0,), (113,), (1.0,))
('K.356 Corrigida por mim', 'P1', 1, (661, 662), (114,), (1.0,), (114,), (1.0,))

117.    ((-3,), (0.17,), (1,), (0.0,)):
('K.356 Corrigida por mim', 'P1', 1, (428, 429), (67,), (1.0,), (67,), (1.0,))
('K.356 Corrigida por mim', 'P1', 2, (87, 88), (54,), (1.0,), (54,), (1.0,))

118.    ((-15,), (0.5,), (2,), (0.0,)):
('K.356 Corrigida por mim', 'P1', 1, (540, 541), (94,), (2.0,), (94,), (2.0,))
('K.356 Corrigida por mim', 'P1', 2, (5, 6), (13,), (2.0,), (13,), (2.0,))

119.    ((3,), (0.17,), (2,), (0.17,)):
('K.356 Corrigida por mim', 'P1', 1, (555, 556), (96,), (2.17,), (96,), (2.17,))
('K.356 Corrigida por mim', 'P1', 2, (74, 75), (53,), (2.17,), (53,), (2.17,))

120.    ((15,), (0.5,), (1,), (0.5,)):
('K.356 Corrigida por mim', 'P1', 1, (615, 616), (109,), (1.5,), (109,), (1.5,))
('K.356 Corrigida por mim', 'P1', 2, (37, 38), (45,), (1.5,), (45,), (1.5,))

121.    ((12,), (1.0,), (2,), (0.5,)):
('K.356 Corrigida por mim', 'P1', 1, (412, 413), (61,), (2.5,), (61,), (2.5,))
('K.356 Corrigida por mim', 'P1', 3, (202, 203), (58,), (2.5,), (58,), (2.5,))

122.    ((3,), (0.5,), (2,), (0.5,)):
('K.356 Corrigida por mim', 'P1', 1, (656, 657), (113,), (2.5,), (113,), (2.5,))
('K.356 Corrigida por mim', 'P1', 3, (299, 300), (82,), (2.5,), (82,), (2.5,))

123.    (((8, 1),), ((0.0, 0.5),), (1,), (0.5,)):
('K.356 Corrigida por mim', 'P1', 1, (658, 659), (113,), (1.5,), (113,), (1.5,))
('K.356 Corrigida por mim', 'P1', 3, (207, 208), (59,), (1.5,), (59,), (1.5,))

124.    ((2,), (0.5,), (1,), (0.5,)):
('K.356 Corrigida por mim', 'P1', 1, (116, 117), (19,), (1.5,), (19,), (1.5,))
('K.356 Corrigida por mim', 'P1', 4, (26, 27), (74,), (1.5,), (74,), (1.5,))

125.    ((3,), (1.0,), (2,), (0.0,)):
('K.356 Corrigida por mim', 'P1', 3, (3, 4), (2,), (2.0,), (2,), (2.0,))
('K.356 Corrigida por mim', 'P1', 3, (376, 377), (96,), (2.0,), (96,), (2.0,))

126.    (((5, 2, 2),), ((0.0, 0.0, 0.5),), (1,), (0.5,)):
('K.356 Corrigida por mim', 'P1', 3, (111, 112), (31,), (1.5,), (31,), (1.5,))
('K.356 Corrigida por mim', 'P1', 3, (115, 116), (32,), (1.5,), (32,), (1.5,))

127.    (((8, -2),), ((0.0, 0.5),), (1,), (0.5,)):
('K.356 Corrigida por mim', 'P1', 3, (131, 132), (37,), (1.5,), (37,), (1.5,))
('K.356 Corrigida por mim', 'P1', 3, (149, 150), (43,), (1.5,), (43,), (1.5,))

128.    (((8, 2),), ((0.0, 0.5),), (1,), (0.0,)):
('K.356 Corrigida por mim', 'P1', 3, (148, 149), (42,), (1.0,), (42,), (1.0,))
('K.356 Corrigida por mim', 'P1', 3, (206, 207), (59,), (1.0,), (59,), (1.0,))

129.    (((8, 3),), ((0.0, 0.5),), (1,), (0.5,)):
('K.356 Corrigida por mim', 'P1', 3, (153, 154), (44,), (1.5,), (44,), (1.5,))
('K.356 Corrigida por mim', 'P1', 3, (484, 485), (119,), (1.5,), (119,), (1.5,))

130.    ((-8,), (0.5,), (2,), (0.5,)):
('K.356 Corrigida por mim', 'P1', 3, (199, 200), (56,), (2.5,), (56,), (2.5,))
('K.356 Corrigida por mim', 'P1', 3, (380, 381), (97,), (2.5,), (97,), (2.5,))

131.    ((2,), (0.5,), (1,), (0.0,)):
('K.356 Corrigida por mim', 'P1', 3, (210, 211), (60,), (1.0,), (60,), (1.0,))
('K.356 Corrigida por mim', 'P1', 3, (394, 395), (101,), (1.0,), (101,), (1.0,))

132.    ((-2,), (1.0,), (2,), (0.0,)):
('K.356 Corrigida por mim', 'P1', 3, (254, 255), (73,), (2.0,), (73,), (2.0,))
('K.356 Corrigida por mim', 'P1', 3, (257, 258), (74,), (2.0,), (74,), (2.0,))

133.    (((3, 2),), ((0.0, 0.5),), (2,), (0.0,)):
('K.356 Corrigida por mim', 'P1', 3, (379, 380), (97,), (2.0,), (97,), (2.0,))
('K.356 Corrigida por mim', 'P1', 3, (477, 478), (117,), (2.0,), (117,), (2.0,))

134.    ((-15,), (0.5,), (1,), (0.5,)):
('K.356 Corrigida por mim', 'P1', 3, (382, 383), (98,), (1.5,), (98,), (1.5,))
('K.356 Corrigida por mim', 'P1', 3, (418, 419), (108,), (1.5,), (108,), (1.5,))

135.    (((8, -5),), ((0.0, 0.5),), (1,), (0.0,)):
('K.356 Corrigida por mim', 'P1', 3, (421, 422), (108,), (1.0,), (108,), (1.0,))
('K.356 Corrigida por mim', 'P1', 3, (475, 476), (116,), (1.0,), (116,), (1.0,))

136.    ((3,), (0.5,), (2,), (0.0,)):
('K.356 Corrigida por mim', 'P1', 3, (225, 226), (64,), (2.0,), (64,), (2.0,))
('K.356 Corrigida por mim', 'P1', 4, (0, 1), (2,), (2.0,), (2,), (2.0,))

137.    ((3,), (0.5,), (1,), (0.0,)):
('K.356 Corrigida por mim', 'P1', 3, (255, 256), (74,), (1.0,), (74,), (1.0,))
('K.356 Corrigida por mim', 'P1', 4, (2, 3), (3,), (1.0,), (3,), (1.0,))

138.    ((1,), (2.0,), (1,), (0.0,)):
('K.356 Corrigida por mim', 'P1', 4, (4, 5), (5,), (1.0,), (5,), (1.0,))
('K.356 Corrigida por mim', 'P1', 4, (5, 6), (6,), (1.0,), (6,), (1.0,))

