1 .    ('nomes', 'K.431 Musescore') 

2 .    ('quantidade', 1) 

3 .    ('analise', 'recorręncias IntDiaDur sem contidos e intercalados') 

1 .    (((-4, -3, -3, 3, 6, -5, 4, 3), (0.33, 0.33, 0.33, 0.33, 0.33, 0.33, 0.33, 0.33)), [('K.431 Musescore', 'P1', 1, (0, 8), (1, 1.0), (1, 3.33)), ('K.431 Musescore', 'P1', 1, (9, 17), (2, 1.0), (2, 3.33))]) 

2 .    (((-3, 2, -4, -3, -3, -4, -3, -3), (0.33, 0.33, 0.33, 0.33, 0.33, 0.33, 0.33, 0.33)), [('K.431 Musescore', 'P1', 1, (25, 33), (3, 3.33), (4, 2.67)), ('K.431 Musescore', 'P1', 1, (120, 128), (15, 3.33), (16, 2.67))]) 

3 .    (((-3, 5, -3, -3), (0.33, 0.33, 0.33, 0.33)), [('K.431 Musescore', 'P1', 1, (73, 77), (10, 1.0), (10, 2.0)), ('K.431 Musescore', 'P1', 1, (79, 83), (10, 3.0), (11, 1.0))]) 

4 .    (((-3, -4, 6, 3), (0.33, 0.33, 0.33, 0.33)), [('K.431 Musescore', 'P1', 1, (96, 100), (13, 1.33), (13, 2.33)), ('K.431 Musescore', 'P1', 1, (105, 109), (14, 1.33), (14, 2.33))]) 

5 .    (((3, 3, -2), (0.33, 0.33, 0.33)), [('K.431 Musescore', 'P1', 1, (40, 43), (5, 3.0), (5, 3.67)), ('K.431 Musescore', 'P1', 1, (67, 70), (9, 2.0), (9, 2.67))]) 

6 .    (((-5, 6, -3), (0.33, 0.33, 0.33)), [('K.431 Musescore', 'P1', 1, (20, 23), (3, 1.67), (3, 2.33)), ('K.431 Musescore', 'P1', 1, (48, 51), (6, 2.67), (6, 3.33))]) 

7 .    (((-4, -3), (0.33, 0.33)), [('K.431 Musescore', 'P1', 1, (35, 37), (5, 1.33), (5, 1.67)), ('K.431 Musescore', 'P1', 1, (61, 63), (8, 1.0), (8, 1.33)), ('K.431 Musescore', 'P1', 1, (64, 66), (9, 1.0), (9, 1.33)), ('K.431 Musescore', 'P1', 2, (15, 17), (8, 2.0), (8, 2.33))]) 

8 .    (((-3, -4), (0.33, 0.33)), [('K.431 Musescore', 'P1', 1, (44, 46), (6, 1.33), (6, 1.67)), ('K.431 Musescore', 'P1', 1, (110, 112), (14, 3.0), (14, 3.33))]) 

9 .    (((-6, -3), (0.33, 0.33)), [('K.431 Musescore', 'P1', 1, (84, 86), (11, 1.67), (11, 2.0)), ('K.431 Musescore', 'P1', 1, (116, 118), (15, 2.0), (15, 2.33))]) 

10 .    (((-7, 2), (1.0, 1.0)), [('K.431 Musescore', 'P1', 2, (4, 6), (3, 1.0), (3, 2.0)), ('K.431 Musescore', 'P1', 2, (11, 13), (6, 3.0), (7, 1.0))]) 

11 .    (((-3,), (0.33,)), [('K.431 Musescore', 'P1', 1, (53, 54), (7, 1.33), (7, 1.33)), ('K.431 Musescore', 'P1', 1, (59, 60), (7, 3.33), (7, 3.33)), ('K.431 Musescore', 'P1', 1, (113, 114), (15, 1.0), (15, 1.0))]) 

12 .    (((3,), (0.33,)), [('K.431 Musescore', 'P1', 1, (55, 56), (7, 2.0), (7, 2.0)), ('K.431 Musescore', 'P1', 1, (71, 72), (9, 3.33), (9, 3.33)), ('K.431 Musescore', 'P1', 1, (102, 103), (13, 3.33), (13, 3.33))]) 

13 .    (((-6,), (0.33,)), [('K.431 Musescore', 'P1', 1, (38, 39), (5, 2.33), (5, 2.33)), ('K.431 Musescore', 'P1', 1, (87, 88), (11, 2.67), (11, 2.67)), ('K.431 Musescore', 'P1', 1, (90, 91), (11, 3.67), (11, 3.67))]) 

14 .    (((-2,), (1.0,)), [('K.431 Musescore', 'P1', 2, (9, 10), (5, 3.0), (5, 3.0)), ('K.431 Musescore', 'P1', 2, (18, 19), (9, 1.0), (9, 1.0))]) 

