1.    nomes:
K.5 Musicalion

2.    quantidade:
1

3.    analise:
[('intDia', 'p1p2'), ('duracao', 'p1p2'), ('Ntempo', 'p1p2'), ('Ptempo', 'p1p2')] SemContInte Distancia: 0

1.    ((-2, -2, -2, -2, -2, 2, 2, 2, 2, 2, -6, 2, 2, 2, 2, 2), (0.5, 0.5, 0.5, 0.5, 0.5, 3.5, 0.5, 0.5, 0.5, 0.5, 0.5, 3.5, 0.5, 0.5, 0.5, 0.5), (1, 2, 2, 3, 3, 1, 1, 2, 2, 3, 3, 1, 1, 2, 2, 3), (0.5, 0.0, 0.5, 0.0, 0.5, 0.0, 0.5, 0.0, 0.5, 0.0, 0.5, 0.0, 0.5, 0.0, 0.5, 0.0)):
('K.5 Musicalion', 'P1', 1, (40, 56), (12,), (1.5,), (16,), (3.0,))
('K.5 Musicalion', 'P1', 2, (4, 20), (11,), (1.5,), (15,), (3.0,))

2.    ((-4, -3, -3, 7, -2, -2, -2, 5, -4, -3, -3, 7, -2), (0.5, 0.5, 0.5, 0.5, 1.0, 1.0, 1.0, 1.0, 0.5, 0.5, 0.5, 0.5, 1.0), (2, 2, 3, 3, 1, 2, 3, 1, 2, 2, 3, 3, 1), (0.0, 0.5, 0.0, 0.5, 0.0, 0.0, 0.0, 0.0, 0.0, 0.5, 0.0, 0.5, 0.0)):
('K.5 Musicalion', 'P1', 1, (242, 255), (54,), (2.0,), (56,), (1.0,))
('K.5 Musicalion', 'P1', 1, (258, 271), (58,), (2.0,), (60,), (1.0,))

3.    ((2, 2, 2, 2, 2, -2, -2, -2, -2, -2, -2, 2), (0.5, 0.5, 0.5, 0.5, 0.5, 0.5, 0.5, 0.5, 0.5, 0.5, 0.5, 0.5), (1, 2, 2, 3, 3, 1, 1, 2, 2, 3, 3, 1), (0.5, 0.0, 0.5, 0.0, 0.5, 0.0, 0.5, 0.0, 0.5, 0.0, 0.5, 0.0)):
('K.5 Musicalion', 'P1', 1, (52, 64), (16,), (1.5,), (18,), (1.0,))
('K.5 Musicalion', 'P1', 1, (64, 76), (18,), (1.5,), (20,), (1.0,))

4.    ((-6, 2, 4, -2, -2, 2, -7, 2, 5, -2, -2, 2), (0.5, 0.5, 0.5, 0.5, 0.5, 0.5, 0.5, 0.5, 0.5, 0.5, 0.5, 0.5), (2, 2, 3, 3, 1, 1, 2, 2, 3, 3, 1, 1), (0.0, 0.5, 0.0, 0.5, 0.0, 0.5, 0.0, 0.5, 0.0, 0.5, 0.0, 0.5)):
('K.5 Musicalion', 'P1', 1, (209, 221), (48,), (2.0,), (49,), (1.5,))
('K.5 Musicalion', 'P1', 1, (221, 233), (50,), (2.0,), (51,), (1.5,))

5.    ((-2, -2, 2, -3, 2, -4, 2, -2, 2, 2, 3), (0.5, 0.5, 0.5, 0.5, 0.5, 0.5, 0.5, 1.5, 0.25, 0.25, 0.5), (1, 2, 2, 3, 3, 1, 1, 2, 3, 3, 1), (0.5, 0.0, 0.5, 0.0, 0.5, 0.0, 0.5, 0.0, 0.5, 0.75, 0.0)):
('K.5 Musicalion', 'P1', 1, (136, 147), (33,), (1.5,), (35,), (1.0,))
('K.5 Musicalion', 'P1', 1, (159, 170), (37,), (1.5,), (39,), (1.0,))

6.    ((-2, -2, 2, -3, 2, -4, 2, -2, 2, 2, 3), (0.5, 0.5, 0.5, 0.5, 0.5, 0.5, 0.5, 1.5, 0.25, 0.25, 0.5), (2, 3, 3, 1, 1, 2, 2, 3, 1, 1, 2), (0.5, 0.0, 0.5, 0.0, 0.5, 0.0, 0.5, 0.0, 0.5, 0.75, 0.0)):
('K.5 Musicalion', 'P1', 1, (369, 380), (80,), (2.5,), (82,), (2.0,))
('K.5 Musicalion', 'P1', 1, (392, 403), (84,), (2.5,), (86,), (2.0,))

7.    ((-6, 5, -6, 5, -6, 5, -6, 5, -6, 5), (0.5, 0.5, 0.5, 0.5, 0.5, 0.5, 0.5, 0.5, 0.5, 0.5), (2, 3, 3, 1, 1, 2, 2, 3, 3, 1), (0.5, 0.0, 0.5, 0.0, 0.5, 0.0, 0.5, 0.0, 0.5, 0.0)):
('K.5 Musicalion', 'P1', 1, (149, 159), (35,), (2.5,), (37,), (1.0,))
('K.5 Musicalion', 'P1', 1, (380, 390), (82,), (2.5,), (83,), (1.0,))

8.    ((-2, -2, 2, 2, -4, 4, 2, 2, 2), (1.0, 1.5, 0.25, 0.25, 0.5, 0.5, 0.5, 0.5, 0.5), (1, 2, 3, 3, 1, 1, 2, 2, 3), (0.0, 0.0, 0.5, 0.75, 0.0, 0.5, 0.0, 0.5, 0.0)):
('K.5 Musicalion', 'P1', 1, (0, 9), (1,), (1.0,), (2,), (3.0,))
('K.5 Musicalion', 'P1', 1, (193, 202), (44,), (1.0,), (45,), (3.0,))

9.    ((-2, 2, -3, 3, -6, 8, 1, -2, -2), (0.5, 0.5, 0.5, 0.5, 0.5, 0.5, 0.5, 0.0, 2.0), (1, 2, 2, 3, 3, 1, 1, 2, 2), (0.5, 0.0, 0.5, 0.0, 0.5, 0.0, 0.5, 0.0, 0.0)):
('K.5 Musicalion', 'P1', 1, (104, 113), (27,), (1.5,), (28,), (2.0,))
('K.5 Musicalion', 'P1', 1, (114, 123), (29,), (1.5,), (30,), (2.0,))

10.    ((-2, 2, -3, 3, -6, 8, 1, -2, -2), (0.5, 0.5, 0.5, 0.5, 0.5, 0.5, 0.5, 0.0, 2.0), (2, 3, 3, 1, 1, 2, 2, 3, 3), (0.5, 0.0, 0.5, 0.0, 0.5, 0.0, 0.5, 0.0, 0.0)):
('K.5 Musicalion', 'P1', 1, (337, 346), (74,), (2.5,), (75,), (3.0,))
('K.5 Musicalion', 'P1', 1, (347, 356), (76,), (2.5,), (77,), (3.0,))

11.    ((-2, 2, -4, 6, -6, -2, -2), (0.5, 0.5, 0.5, 0.5, 0.5, 1.0, 2.0), (1, 2, 2, 3, 3, 1, 2), (0.5, 0.0, 0.5, 0.0, 0.5, 0.0, 0.0)):
('K.5 Musicalion', 'P1', 1, (88, 95), (23,), (1.5,), (24,), (2.0,))
('K.5 Musicalion', 'P1', 1, (96, 103), (25,), (1.5,), (26,), (2.0,))

12.    ((-2, 2, -4, 6, -6, -2, -2), (0.5, 0.5, 0.5, 0.5, 0.5, 1.0, 2.0), (2, 3, 3, 1, 1, 2, 3), (0.5, 0.0, 0.5, 0.0, 0.5, 0.0, 0.0)):
('K.5 Musicalion', 'P1', 1, (321, 328), (70,), (2.5,), (71,), (3.0,))
('K.5 Musicalion', 'P1', 1, (329, 336), (72,), (2.5,), (73,), (3.0,))

13.    ((-2, -2, -2, -2, -2, -2), (1.0, 1.0, 1.0, 1.0, 1.0, 1.0), (2, 3, 1, 2, 3, 1), (0.0, 0.0, 0.0, 0.0, 0.0, 0.0)):
('K.5 Musicalion', 'P1', 2, (53, 59), (31,), (2.0,), (33,), (1.0,))
('K.5 Musicalion', 'P1', 2, (95, 101), (78,), (2.0,), (79,), (1.0,))

14.    ((8, -3, -4, -3, 1, 1), (0.5, 0.5, 0.5, 0.5, 0.5, 0.5), (2, 2, 3, 3, 1, 1), (0.0, 0.5, 0.0, 0.5, 0.0, 0.5)):
('K.5 Musicalion', 'P1', 3, (120, 126), (87,), (2.0,), (87,), (1.5,))
('K.5 Musicalion', 'P1', 3, (126, 132), (88,), (2.0,), (88,), (1.5,))

15.    ((-2, 2, 4, -2, -2), (0.5, 0.5, 1.0, 1.0, 1.0), (2, 2, 3, 1, 2), (0.0, 0.5, 0.0, 0.0, 0.0)):
('K.5 Musicalion', 'P1', 2, (59, 64), (33,), (2.0,), (34,), (2.0,))
('K.5 Musicalion', 'P1', 3, (27, 32), (37,), (2.0,), (38,), (2.0,))

16.    (((3, -2), (3, -2), (3, -2), (3, -2), (3, -2)), ((0.0, 1.0), (0.0, 1.0), (0.0, 1.0), (0.0, 1.0), (0.0, 1.0)), (1, 2, 3, 1, 2), (0.0, 0.0, 0.0, 0.0, 0.0)):
('K.5 Musicalion', 'P1', 2, (65, 70), (35,), (1.0,), (36,), (2.0,))
('K.5 Musicalion', 'P1', 3, (108, 113), (82,), (1.0,), (84,), (2.0,))

17.    ((-3, -4, -3, 1), (0.5, 0.5, 0.5, 0.5), (2, 3, 3, 1), (0.5, 0.0, 0.5, 0.0)):
('K.5 Musicalion', 'P1', 1, (403, 407), (86,), (2.5,), (86,), (1.0,))
('K.5 Musicalion', 'P1', 3, (121, 125), (87,), (2.5,), (87,), (1.0,))
('K.5 Musicalion', 'P1', 3, (127, 131), (88,), (2.5,), (88,), (1.0,))

18.    ((-2, -2, -2), (1.0, 1.0, 1.0), (1, 2, 3), (0.0, 0.0, 0.0)):
('K.5 Musicalion', 'P1', 1, (246, 249), (54,), (1.0,), (55,), (3.0,))
('K.5 Musicalion', 'P1', 1, (254, 257), (56,), (1.0,), (57,), (3.0,))
('K.5 Musicalion', 'P1', 1, (262, 265), (58,), (1.0,), (59,), (3.0,))
('K.5 Musicalion', 'P1', 2, (52, 55), (31,), (1.0,), (31,), (3.0,))
('K.5 Musicalion', 'P1', 2, (55, 58), (32,), (1.0,), (32,), (3.0,))
('K.5 Musicalion', 'P1', 2, (62, 65), (34,), (1.0,), (34,), (3.0,))

19.    ((2, 2, 2), (1.0, 1.0, 1.0), (1, 2, 3), (0.0, 0.0, 0.0)):
('K.5 Musicalion', 'P1', 1, (36, 39), (10,), (1.0,), (10,), (3.0,))
('K.5 Musicalion', 'P1', 2, (0, 3), (10,), (1.0,), (10,), (3.0,))
('K.5 Musicalion', 'P1', 3, (46, 49), (54,), (1.0,), (55,), (3.0,))
('K.5 Musicalion', 'P1', 3, (51, 54), (56,), (1.0,), (57,), (3.0,))
('K.5 Musicalion', 'P1', 3, (56, 59), (58,), (1.0,), (59,), (3.0,))

20.    ((-2, -2, -2), (1.0, 1.0, 1.0), (2, 3, 1), (0.0, 0.0, 0.0)):
('K.5 Musicalion', 'P1', 2, (53, 56), (31,), (2.0,), (32,), (1.0,))
('K.5 Musicalion', 'P1', 2, (56, 59), (32,), (2.0,), (33,), (1.0,))
('K.5 Musicalion', 'P1', 2, (95, 98), (78,), (2.0,), (78,), (1.0,))
('K.5 Musicalion', 'P1', 2, (98, 101), (79,), (2.0,), (79,), (1.0,))
('K.5 Musicalion', 'P1', 3, (103, 106), (81,), (2.0,), (81,), (1.0,))

21.    ((-2, -2, -2), (1.0, 1.0, 1.0), (3, 1, 2), (0.0, 0.0, 0.0)):
('K.5 Musicalion', 'P1', 1, (19, 22), (5,), (3.0,), (6,), (2.0,))
('K.5 Musicalion', 'P1', 1, (27, 30), (7,), (3.0,), (8,), (2.0,))
('K.5 Musicalion', 'P1', 2, (96, 99), (78,), (3.0,), (79,), (2.0,))
('K.5 Musicalion', 'P1', 2, (99, 102), (79,), (3.0,), (80,), (2.0,))

22.    ((-2, -2, -2), (0.5, 0.5, 0.5), (2, 3, 3), (0.5, 0.0, 0.5)):
('K.5 Musicalion', 'P1', 1, (234, 237), (52,), (2.5,), (52,), (3.5,))
('K.5 Musicalion', 'P1', 1, (308, 311), (67,), (2.5,), (67,), (3.5,))
('K.5 Musicalion', 'P1', 2, (74, 77), (45,), (2.5,), (45,), (3.5,))

23.    ((2, 2, 2), (0.25, 0.25, 0.25), (2, 2, 2), (0.0, 0.25, 0.5)):
('K.5 Musicalion', 'P1', 2, (31, 34), (21,), (2.0,), (21,), (2.5,))
('K.5 Musicalion', 'P1', 2, (84, 87), (68,), (2.0,), (68,), (2.5,))

24.    (((3, -2), (3, -2), (3, -2)), ((0.0, 2.0), (0.0, 1.0), (0.0, 2.0)), (2, 1, 2), (0.0, 0.0, 0.0)):
('K.5 Musicalion', 'P1', 2, (80, 83), (48,), (2.0,), (49,), (2.0,))
('K.5 Musicalion', 'P1', 3, (39, 42), (50,), (2.0,), (51,), (2.0,))

25.    ((-2, -2), (1.0, 1.0), (1, 2), (0.0, 0.0)):
('K.5 Musicalion', 'P1', 1, (12, 14), (4,), (1.0,), (4,), (2.0,))
('K.5 Musicalion', 'P1', 1, (246, 248), (54,), (1.0,), (55,), (2.0,))
('K.5 Musicalion', 'P1', 1, (254, 256), (56,), (1.0,), (57,), (2.0,))
('K.5 Musicalion', 'P1', 1, (262, 264), (58,), (1.0,), (59,), (2.0,))
('K.5 Musicalion', 'P1', 1, (314, 316), (68,), (1.0,), (69,), (2.0,))
('K.5 Musicalion', 'P1', 2, (37, 39), (22,), (1.0,), (22,), (2.0,))
('K.5 Musicalion', 'P1', 2, (52, 54), (31,), (1.0,), (31,), (2.0,))
('K.5 Musicalion', 'P1', 2, (62, 64), (34,), (1.0,), (34,), (2.0,))
('K.5 Musicalion', 'P1', 2, (97, 99), (78,), (1.0,), (79,), (2.0,))
('K.5 Musicalion', 'P1', 3, (30, 32), (38,), (1.0,), (38,), (2.0,))

26.    ((-2, -2), (1.0, 1.0), (3, 1), (0.0, 0.0)):
('K.5 Musicalion', 'P1', 1, (19, 21), (5,), (3.0,), (6,), (1.0,))
('K.5 Musicalion', 'P1', 1, (27, 29), (7,), (3.0,), (8,), (1.0,))
('K.5 Musicalion', 'P1', 2, (54, 56), (31,), (3.0,), (32,), (1.0,))
('K.5 Musicalion', 'P1', 2, (99, 101), (79,), (3.0,), (79,), (1.0,))
('K.5 Musicalion', 'P1', 3, (63, 65), (61,), (3.0,), (61,), (1.0,))
('K.5 Musicalion', 'P1', 3, (69, 71), (63,), (3.0,), (63,), (1.0,))
('K.5 Musicalion', 'P1', 3, (75, 77), (65,), (3.0,), (65,), (1.0,))

27.    ((-2, 2), (0.5, 0.5), (3, 3), (0.0, 0.5)):
('K.5 Musicalion', 'P1', 1, (79, 81), (20,), (3.0,), (20,), (3.5,))
('K.5 Musicalion', 'P1', 1, (370, 372), (80,), (3.0,), (80,), (3.5,))
('K.5 Musicalion', 'P1', 1, (393, 395), (84,), (3.0,), (84,), (3.5,))
('K.5 Musicalion', 'P1', 2, (102, 104), (80,), (3.0,), (80,), (3.5,))
('K.5 Musicalion', 'P1', 3, (113, 115), (84,), (3.0,), (84,), (3.5,))

28.    ((-2, -2), (1.0, 1.0), (2, 3), (0.0, 0.0)):
('K.5 Musicalion', 'P1', 1, (239, 241), (53,), (2.0,), (53,), (3.0,))
('K.5 Musicalion', 'P1', 2, (56, 58), (32,), (2.0,), (32,), (3.0,))
('K.5 Musicalion', 'P1', 2, (95, 97), (78,), (2.0,), (78,), (3.0,))
('K.5 Musicalion', 'P1', 3, (103, 105), (81,), (2.0,), (81,), (3.0,))
('K.5 Musicalion', 'P1', 3, (116, 118), (85,), (2.0,), (85,), (3.0,))

29.    ((-2, -5), (1.0, 1.0), (1, 2), (0.0, 0.0)):
('K.5 Musicalion', 'P1', 2, (40, 42), (24,), (1.0,), (24,), (2.0,))
('K.5 Musicalion', 'P1', 2, (43, 45), (26,), (1.0,), (26,), (2.0,))
('K.5 Musicalion', 'P1', 2, (46, 48), (28,), (1.0,), (28,), (2.0,))
('K.5 Musicalion', 'P1', 2, (49, 51), (30,), (1.0,), (30,), (2.0,))
('K.5 Musicalion', 'P1', 4, (0, 2), (3,), (1.0,), (3,), (2.0,))

30.    ((-2, 2), (0.5, 0.5), (2, 2), (0.0, 0.5)):
('K.5 Musicalion', 'P1', 1, (137, 139), (33,), (2.0,), (33,), (2.5,))
('K.5 Musicalion', 'P1', 1, (160, 162), (37,), (2.0,), (37,), (2.5,))
('K.5 Musicalion', 'P1', 2, (59, 61), (33,), (2.0,), (33,), (2.5,))
('K.5 Musicalion', 'P1', 3, (27, 29), (37,), (2.0,), (37,), (2.5,))

31.    ((2, 2), (0.25, 0.25), (1, 1), (0.5, 0.75)):
('K.5 Musicalion', 'P1', 1, (377, 379), (81,), (1.5,), (81,), (1.75,))
('K.5 Musicalion', 'P1', 1, (400, 402), (85,), (1.5,), (85,), (1.75,))
('K.5 Musicalion', 'P1', 2, (29, 31), (21,), (1.5,), (21,), (1.75,))

32.    ((-6, 5), (0.5, 0.5), (1, 2), (0.5, 0.0)):
('K.5 Musicalion', 'P1', 1, (147, 149), (35,), (1.5,), (35,), (2.0,))
('K.5 Musicalion', 'P1', 1, (390, 392), (83,), (1.5,), (84,), (2.0,))

33.    (((3, 2), (3, 2)), ((0.0, 1.0), (0.0, 2.0)), (1, 2), (0.0, 0.0)):
('K.5 Musicalion', 'P1', 2, (71, 73), (44,), (1.0,), (44,), (2.0,))
('K.5 Musicalion', 'P1', 3, (0, 2), (1,), (1.0,), (1,), (2.0,))

34.    ((-2,), (1.0,), (1,), (0.0,)):
('K.5 Musicalion', 'P1', 1, (0, 1), (1,), (1.0,), (1,), (1.0,))
('K.5 Musicalion', 'P1', 1, (10, 11), (3,), (1.0,), (3,), (1.0,))
('K.5 Musicalion', 'P1', 1, (12, 13), (4,), (1.0,), (4,), (1.0,))
('K.5 Musicalion', 'P1', 1, (20, 21), (6,), (1.0,), (6,), (1.0,))
('K.5 Musicalion', 'P1', 1, (28, 29), (8,), (1.0,), (8,), (1.0,))
('K.5 Musicalion', 'P1', 1, (93, 94), (24,), (1.0,), (24,), (1.0,))
('K.5 Musicalion', 'P1', 1, (101, 102), (26,), (1.0,), (26,), (1.0,))
('K.5 Musicalion', 'P1', 1, (193, 194), (44,), (1.0,), (44,), (1.0,))
('K.5 Musicalion', 'P1', 1, (203, 204), (46,), (1.0,), (46,), (1.0,))
('K.5 Musicalion', 'P1', 1, (246, 247), (54,), (1.0,), (54,), (1.0,))
('K.5 Musicalion', 'P1', 1, (254, 255), (56,), (1.0,), (56,), (1.0,))
('K.5 Musicalion', 'P1', 1, (262, 263), (58,), (1.0,), (58,), (1.0,))
('K.5 Musicalion', 'P1', 1, (270, 271), (60,), (1.0,), (60,), (1.0,))
('K.5 Musicalion', 'P1', 1, (314, 315), (68,), (1.0,), (68,), (1.0,))
('K.5 Musicalion', 'P1', 2, (37, 38), (22,), (1.0,), (22,), (1.0,))
('K.5 Musicalion', 'P1', 2, (40, 41), (24,), (1.0,), (24,), (1.0,))
('K.5 Musicalion', 'P1', 2, (43, 44), (26,), (1.0,), (26,), (1.0,))
('K.5 Musicalion', 'P1', 2, (46, 47), (28,), (1.0,), (28,), (1.0,))
('K.5 Musicalion', 'P1', 2, (49, 50), (30,), (1.0,), (30,), (1.0,))
('K.5 Musicalion', 'P1', 2, (52, 53), (31,), (1.0,), (31,), (1.0,))
('K.5 Musicalion', 'P1', 2, (55, 56), (32,), (1.0,), (32,), (1.0,))
('K.5 Musicalion', 'P1', 2, (58, 59), (33,), (1.0,), (33,), (1.0,))
('K.5 Musicalion', 'P1', 2, (62, 63), (34,), (1.0,), (34,), (1.0,))
('K.5 Musicalion', 'P1', 2, (97, 98), (78,), (1.0,), (78,), (1.0,))
('K.5 Musicalion', 'P1', 2, (100, 101), (79,), (1.0,), (79,), (1.0,))
('K.5 Musicalion', 'P1', 3, (3, 4), (3,), (1.0,), (3,), (1.0,))
('K.5 Musicalion', 'P1', 3, (30, 31), (38,), (1.0,), (38,), (1.0,))
('K.5 Musicalion', 'P1', 3, (64, 65), (61,), (1.0,), (61,), (1.0,))
('K.5 Musicalion', 'P1', 3, (67, 68), (62,), (1.0,), (62,), (1.0,))
('K.5 Musicalion', 'P1', 3, (70, 71), (63,), (1.0,), (63,), (1.0,))
('K.5 Musicalion', 'P1', 3, (73, 74), (64,), (1.0,), (64,), (1.0,))
('K.5 Musicalion', 'P1', 3, (76, 77), (65,), (1.0,), (65,), (1.0,))
('K.5 Musicalion', 'P1', 3, (79, 80), (66,), (1.0,), (66,), (1.0,))
('K.5 Musicalion', 'P1', 3, (105, 106), (81,), (1.0,), (81,), (1.0,))
('K.5 Musicalion', 'P1', 4, (0, 1), (3,), (1.0,), (3,), (1.0,))

35.    ((2,), (1.0,), (2,), (0.0,)):
('K.5 Musicalion', 'P1', 1, (37, 38), (10,), (2.0,), (10,), (2.0,))
('K.5 Musicalion', 'P1', 2, (1, 2), (10,), (2.0,), (10,), (2.0,))
('K.5 Musicalion', 'P1', 2, (25, 26), (20,), (2.0,), (20,), (2.0,))
('K.5 Musicalion', 'P1', 3, (9, 10), (6,), (2.0,), (6,), (2.0,))
('K.5 Musicalion', 'P1', 3, (14, 15), (8,), (2.0,), (8,), (2.0,))
('K.5 Musicalion', 'P1', 3, (47, 48), (55,), (2.0,), (55,), (2.0,))
('K.5 Musicalion', 'P1', 3, (52, 53), (57,), (2.0,), (57,), (2.0,))
('K.5 Musicalion', 'P1', 3, (57, 58), (59,), (2.0,), (59,), (2.0,))
('K.5 Musicalion', 'P1', 3, (62, 63), (61,), (2.0,), (61,), (2.0,))
('K.5 Musicalion', 'P1', 3, (65, 66), (62,), (2.0,), (62,), (2.0,))
('K.5 Musicalion', 'P1', 3, (68, 69), (63,), (2.0,), (63,), (2.0,))
('K.5 Musicalion', 'P1', 3, (71, 72), (64,), (2.0,), (64,), (2.0,))
('K.5 Musicalion', 'P1', 3, (74, 75), (65,), (2.0,), (65,), (2.0,))
('K.5 Musicalion', 'P1', 3, (77, 78), (66,), (2.0,), (66,), (2.0,))
('K.5 Musicalion', 'P1', 3, (80, 81), (67,), (2.0,), (67,), (2.0,))
('K.5 Musicalion', 'P1', 4, (9, 10), (69,), (2.0,), (69,), (2.0,))
('K.5 Musicalion', 'P1', 4, (11, 12), (81,), (2.0,), (81,), (2.0,))
('K.5 Musicalion', 'P1', 4, (13, 14), (85,), (2.0,), (85,), (2.0,))

36.    ((2,), (1.0,), (1,), (0.0,)):
('K.5 Musicalion', 'P1', 1, (36, 37), (10,), (1.0,), (10,), (1.0,))
('K.5 Musicalion', 'P1', 2, (0, 1), (10,), (1.0,), (10,), (1.0,))
('K.5 Musicalion', 'P1', 3, (8, 9), (6,), (1.0,), (6,), (1.0,))
('K.5 Musicalion', 'P1', 3, (13, 14), (8,), (1.0,), (8,), (1.0,))
('K.5 Musicalion', 'P1', 3, (18, 19), (22,), (1.0,), (22,), (1.0,))
('K.5 Musicalion', 'P1', 3, (24, 25), (34,), (1.0,), (34,), (1.0,))
('K.5 Musicalion', 'P1', 3, (46, 47), (54,), (1.0,), (54,), (1.0,))
('K.5 Musicalion', 'P1', 3, (51, 52), (56,), (1.0,), (56,), (1.0,))
('K.5 Musicalion', 'P1', 3, (56, 57), (58,), (1.0,), (58,), (1.0,))
('K.5 Musicalion', 'P1', 3, (61, 62), (60,), (1.0,), (60,), (1.0,))
('K.5 Musicalion', 'P1', 4, (3, 4), (38,), (1.0,), (38,), (1.0,))

37.    ((-6,), (0.5,), (3,), (0.5,)):
('K.5 Musicalion', 'P1', 1, (92, 93), (23,), (3.5,), (23,), (3.5,))
('K.5 Musicalion', 'P1', 1, (100, 101), (25,), (3.5,), (25,), (3.5,))
('K.5 Musicalion', 'P1', 1, (108, 109), (27,), (3.5,), (27,), (3.5,))
('K.5 Musicalion', 'P1', 1, (118, 119), (29,), (3.5,), (29,), (3.5,))
('K.5 Musicalion', 'P1', 1, (128, 129), (31,), (3.5,), (31,), (3.5,))
('K.5 Musicalion', 'P1', 1, (151, 152), (35,), (3.5,), (35,), (3.5,))
('K.5 Musicalion', 'P1', 1, (157, 158), (36,), (3.5,), (36,), (3.5,))
('K.5 Musicalion', 'P1', 1, (382, 383), (82,), (3.5,), (82,), (3.5,))
('K.5 Musicalion', 'P1', 1, (388, 389), (83,), (3.5,), (83,), (3.5,))
('K.5 Musicalion', 'P1', 2, (20, 21), (15,), (3.5,), (15,), (3.5,))

38.    ((-2,), (1.0,), (2,), (0.0,)):
('K.5 Musicalion', 'P1', 1, (21, 22), (6,), (2.0,), (6,), (2.0,))
('K.5 Musicalion', 'P1', 1, (29, 30), (8,), (2.0,), (8,), (2.0,))
('K.5 Musicalion', 'P1', 1, (326, 327), (71,), (2.0,), (71,), (2.0,))
('K.5 Musicalion', 'P1', 1, (334, 335), (73,), (2.0,), (73,), (2.0,))
('K.5 Musicalion', 'P1', 2, (101, 102), (80,), (2.0,), (80,), (2.0,))
('K.5 Musicalion', 'P1', 3, (84, 85), (69,), (2.0,), (69,), (2.0,))
('K.5 Musicalion', 'P1', 3, (88, 89), (71,), (2.0,), (71,), (2.0,))
('K.5 Musicalion', 'P1', 3, (92, 93), (73,), (2.0,), (73,), (2.0,))
('K.5 Musicalion', 'P1', 3, (96, 97), (75,), (2.0,), (75,), (2.0,))
('K.5 Musicalion', 'P1', 3, (100, 101), (77,), (2.0,), (77,), (2.0,))

39.    ((-3,), (0.5,), (3,), (0.0,)):
('K.5 Musicalion', 'P1', 1, (139, 140), (33,), (3.0,), (33,), (3.0,))
('K.5 Musicalion', 'P1', 1, (162, 163), (37,), (3.0,), (37,), (3.0,))
('K.5 Musicalion', 'P1', 1, (244, 245), (54,), (3.0,), (54,), (3.0,))
('K.5 Musicalion', 'P1', 1, (252, 253), (56,), (3.0,), (56,), (3.0,))
('K.5 Musicalion', 'P1', 1, (260, 261), (58,), (3.0,), (58,), (3.0,))
('K.5 Musicalion', 'P1', 1, (268, 269), (60,), (3.0,), (60,), (3.0,))
('K.5 Musicalion', 'P1', 3, (134, 135), (89,), (3.0,), (89,), (3.0,))

40.    ((8,), (0.5,), (2,), (0.0,)):
('K.5 Musicalion', 'P1', 1, (336, 337), (74,), (2.0,), (74,), (2.0,))
('K.5 Musicalion', 'P1', 1, (342, 343), (75,), (2.0,), (75,), (2.0,))
('K.5 Musicalion', 'P1', 1, (352, 353), (77,), (2.0,), (77,), (2.0,))
('K.5 Musicalion', 'P1', 1, (368, 369), (80,), (2.0,), (80,), (2.0,))
('K.5 Musicalion', 'P1', 3, (120, 121), (87,), (2.0,), (87,), (2.0,))
('K.5 Musicalion', 'P1', 3, (126, 127), (88,), (2.0,), (88,), (2.0,))

41.    ((2,), (0.5,), (1,), (0.0,)):
('K.5 Musicalion', 'P1', 1, (63, 64), (18,), (1.0,), (18,), (1.0,))
('K.5 Musicalion', 'P1', 1, (275, 276), (61,), (1.0,), (61,), (1.0,))
('K.5 Musicalion', 'P1', 1, (287, 288), (63,), (1.0,), (63,), (1.0,))
('K.5 Musicalion', 'P1', 1, (299, 300), (65,), (1.0,), (65,), (1.0,))
('K.5 Musicalion', 'P1', 2, (3, 4), (11,), (1.0,), (11,), (1.0,))

42.    ((-4,), (0.5,), (2,), (0.5,)):
('K.5 Musicalion', 'P1', 1, (90, 91), (23,), (2.5,), (23,), (2.5,))
('K.5 Musicalion', 'P1', 1, (98, 99), (25,), (2.5,), (25,), (2.5,))
('K.5 Musicalion', 'P1', 1, (357, 358), (78,), (2.5,), (78,), (2.5,))
('K.5 Musicalion', 'P1', 3, (133, 134), (89,), (2.5,), (89,), (2.5,))

43.    ((1,), (0.5,), (1,), (0.5,)):
('K.5 Musicalion', 'P1', 1, (110, 111), (28,), (1.5,), (28,), (1.5,))
('K.5 Musicalion', 'P1', 1, (120, 121), (30,), (1.5,), (30,), (1.5,))
('K.5 Musicalion', 'P1', 3, (125, 126), (87,), (1.5,), (87,), (1.5,))
('K.5 Musicalion', 'P1', 3, (131, 132), (88,), (1.5,), (88,), (1.5,))

44.    ((6,), (0.5,), (1,), (0.0,)):
('K.5 Musicalion', 'P1', 1, (95, 96), (25,), (1.0,), (25,), (1.0,))
('K.5 Musicalion', 'P1', 1, (129, 130), (32,), (1.0,), (32,), (1.0,))
('K.5 Musicalion', 'P1', 1, (187, 188), (42,), (1.0,), (42,), (1.0,))

45.    ((8,), (0.5,), (1,), (0.0,)):
('K.5 Musicalion', 'P1', 1, (103, 104), (27,), (1.0,), (27,), (1.0,))
('K.5 Musicalion', 'P1', 1, (135, 136), (33,), (1.0,), (33,), (1.0,))
('K.5 Musicalion', 'P1', 1, (366, 367), (79,), (1.0,), (79,), (1.0,))

46.    ((6,), (0.5,), (2,), (0.0,)):
('K.5 Musicalion', 'P1', 1, (328, 329), (72,), (2.0,), (72,), (2.0,))
('K.5 Musicalion', 'P1', 1, (362, 363), (79,), (2.0,), (79,), (2.0,))
('K.5 Musicalion', 'P1', 3, (132, 133), (89,), (2.0,), (89,), (2.0,))

47.    ((-4,), (0.5,), (1,), (0.5,)):
('K.5 Musicalion', 'P1', 1, (124, 125), (31,), (1.5,), (31,), (1.5,))
('K.5 Musicalion', 'P1', 1, (188, 189), (42,), (1.5,), (42,), (1.5,))

48.    ((3,), (0.5,), (2,), (0.0,)):
('K.5 Musicalion', 'P1', 1, (233, 234), (52,), (2.0,), (52,), (2.0,))
('K.5 Musicalion', 'P1', 1, (356, 357), (78,), (2.0,), (78,), (2.0,))

49.    ((1,), (0.5,), (2,), (0.0,)):
('K.5 Musicalion', 'P1', 1, (320, 321), (70,), (2.0,), (70,), (2.0,))
('K.5 Musicalion', 'P1', 1, (346, 347), (76,), (2.0,), (76,), (2.0,))

50.    (((8, 1),), ((0.0, 3.0),), (1,), (0.0,)):
('K.5 Musicalion', 'P1', 3, (33, 34), (39,), (1.0,), (39,), (1.0,))
('K.5 Musicalion', 'P1', 3, (34, 35), (40,), (1.0,), (40,), (1.0,))

51.    (((8, 1),), ((0.0, 3.0),), (2,), (0.0,)):
('K.5 Musicalion', 'P1', 4, (15, 16), (87,), (2.0,), (87,), (2.0,))
('K.5 Musicalion', 'P1', 4, (16, 17), (88,), (2.0,), (88,), (2.0,))

