1.    nomes:
K.262 Musicalion

2.    quantidade:
1

3.    analise:
[('intDia', 'p1p2')] SemContInte Distancia: 0

1.    ((-2, -2, -2, -2, -2, -2, -2, -2, -2, -2, -2, -4, 15, -2, -2, -2, -2, -2, -2, -2, -2, -2, -2, -2, -4, 6, (6, 2), (5, 2, 2), (5, -5), (8, 12), -2, -2, -2, -2, -2, -2, -2, -2, -2, -2, -2, -4, 15, -2, -2, -2, -2, -2, -2, -2, -2, -2, -2, -2, -4, 6, (6, 2), (5, 2, 2), (5, -5)),):
('K.262 Musicalion', 'P1', 3, (81, 140), (12,), (10.0,), (18,), (4.0,))
('K.262 Musicalion', 'P1', 3, (268, 327), (47,), (10.0,), (53,), (4.0,))

2.    ((-3, -2, 2, -4, (3, 6), -3, -2, 2, -4, (3, 6), 2, 2, 1, -2, -2, -2, -2, -2, -2, 2, 2, 2, 1, 2, 2, 1, 2, 2, 1),):
('K.262 Musicalion', 'P1', 1, (124, 153), (15,), (10.0,), (19,), (6.0,))
('K.262 Musicalion', 'P1', 1, (446, 475), (50,), (10.0,), (54,), (6.0,))

3.    ((3, -3, -2, -3, 4, 2, -5, 4, 3, -3, -2, -3, 4, 2),):
('K.262 Musicalion', 'P1', 3, (141, 155), (18,), (10.0,), (22,), (1.0,))
('K.262 Musicalion', 'P1', 3, (328, 342), (53,), (10.0,), (57,), (1.0,))

4.    ((1, 1, -2, 1, 1, 2, 1, 1, -2, 1, 1, 1),):
('K.262 Musicalion', 'P1', 1, (67, 79), (9,), (4.0,), (10,), (3.0,))
('K.262 Musicalion', 'P1', 3, (35, 47), (5,), (4.0,), (6,), (3.0,))
('K.262 Musicalion', 'P1', 3, (47, 59), (6,), (4.0,), (7,), (3.0,))

5.    ((-2, -2, -2, -2, -2, -2, -2, -2, -2, -2, -2, -2),):
('K.262 Musicalion', 'P1', 1, (25, 37), (3,), (4.0,), (3,), (12.5,))
('K.262 Musicalion', 'P1', 1, (38, 50), (4,), (4.0,), (4,), (12.5,))

6.    (((3, 2), (3, 2), (3, 2), (3, 2), (3, 2), (3, -2), (3, -2), (3, -2), (3, -2), (3, -2), (3, 2), (3, -2)),):
('K.262 Musicalion', 'P1', 1, (401, 413), (45,), (7.0,), (46,), (6.0,))
('K.262 Musicalion', 'P1', 1, (413, 425), (46,), (7.0,), (47,), (6.0,))

7.    ((8, -2, -2, -2, -2, -2, -2, -2, -2, -2, -2, -2),):
('K.262 Musicalion', 'P1', 1, (24, 36), (3,), (1.0,), (3,), (12.0,))
('K.262 Musicalion', 'P1', 3, (267, 279), (47,), (7.0,), (48,), (3.0,))

8.    ((-5, 1, 1, 3, 1, 1, 2, 1, 1, 2, 1, 1),):
('K.262 Musicalion', 'P1', 3, (7, 19), (2,), (10.0,), (3,), (11.0,))
('K.262 Musicalion', 'P1', 3, (19, 31), (3,), (12.0,), (4,), (11.0,))

9.    ((-2, -2, -2, -2, -2, -2, -2, -2, -2, -2, -2),):
('K.262 Musicalion', 'P1', 1, (38, 49), (4,), (4.0,), (4,), (12.0,))
('K.262 Musicalion', 'P1', 3, (81, 92), (12,), (10.0,), (13,), (3.0,))
('K.262 Musicalion', 'P1', 3, (94, 105), (13,), (10.0,), (14,), (3.0,))
('K.262 Musicalion', 'P1', 3, (111, 122), (15,), (10.0,), (16,), (3.0,))
('K.262 Musicalion', 'P1', 3, (124, 135), (16,), (10.0,), (17,), (3.0,))
('K.262 Musicalion', 'P1', 3, (281, 292), (48,), (10.0,), (49,), (3.0,))
('K.262 Musicalion', 'P1', 3, (298, 309), (50,), (10.0,), (51,), (3.0,))
('K.262 Musicalion', 'P1', 3, (311, 322), (51,), (10.0,), (52,), (3.0,))

10.    ((1, 1, -2, 1, 1, 2, 1, 1, -2, 1, 1),):
('K.262 Musicalion', 'P1', 1, (67, 78), (9,), (4.0,), (10,), (2.0,))
('K.262 Musicalion', 'P1', 2, (0, 11), (7,), (4.0,), (8,), (2.0,))
('K.262 Musicalion', 'P1', 2, (12, 23), (8,), (4.0,), (9,), (2.0,))
('K.262 Musicalion', 'P1', 3, (35, 46), (5,), (4.0,), (6,), (2.0,))
('K.262 Musicalion', 'P1', 3, (47, 58), (6,), (4.0,), (7,), (2.0,))

11.    ((1, 2, -3, 1, 2, -3, 1, 2, -3, 1, 2),):
('K.262 Musicalion', 'P1', 1, (198, 209), (23,), (8.0,), (24,), (6.0,))
('K.262 Musicalion', 'P1', 1, (525, 536), (59,), (2.0,), (59,), (12.0,))

12.    ((2, -4, 3, -2, -2, -2, 1, -2, 2, 2),):
('K.262 Musicalion', 'P1', 1, (81, 91), (10,), (9.0,), (11,), (6.0,))
('K.262 Musicalion', 'P1', 1, (93, 103), (11,), (9.0,), (12,), (6.0,))

13.    (((4, -2), (5, 2), (4, -2), (5, 1), (5, -2), (6, 2), (5, -2), (6, -2), (6, -2)),):
('K.262 Musicalion', 'P1', 3, (59, 68), (7,), (4.0,), (9,), (4.0,))
('K.262 Musicalion', 'P1', 3, (242, 251), (41,), (4.0,), (43,), (4.0,))

14.    ((3, 2, -3, 2, -3, 2, -3, 2),):
('K.262 Musicalion', 'P1', 3, (164, 172), (23,), (7.0,), (24,), (6.0,))
('K.262 Musicalion', 'P1', 3, (355, 363), (59,), (1.0,), (59,), (12.0,))

15.    ((-5, 2, 4, 1, -5, 2, 4),):
('K.262 Musicalion', 'P1', 2, (32, 39), (13,), (1.0,), (14,), (7.0,))
('K.262 Musicalion', 'P1', 2, (39, 46), (16,), (1.0,), (17,), (7.0,))

16.    ((-5, -2, 6, 1, -5, -2, 2),):
('K.262 Musicalion', 'P1', 2, (62, 69), (48,), (1.0,), (49,), (7.0,))
('K.262 Musicalion', 'P1', 2, (70, 77), (51,), (1.0,), (52,), (7.0,))

17.    ((2, -2, 2, 1, -2, 2),):
('K.262 Musicalion', 'P1', 1, (248, 254), (30,), (6.0,), (30,), (11.0,))
('K.262 Musicalion', 'P1', 1, (259, 265), (31,), (6.0,), (31,), (11.0,))
('K.262 Musicalion', 'P1', 1, (270, 276), (32,), (6.0,), (32,), (11.0,))
('K.262 Musicalion', 'P1', 1, (281, 287), (33,), (6.0,), (33,), (11.0,))
('K.262 Musicalion', 'P1', 1, (292, 298), (34,), (6.0,), (34,), (11.0,))
('K.262 Musicalion', 'P1', 3, (234, 240), (39,), (4.0,), (40,), (7.0,))

18.    ((2, -2, -2, 2, -2),):
('K.262 Musicalion', 'P1', 1, (333, 338), (37,), (12.0,), (38,), (4.0,))
('K.262 Musicalion', 'P1', 1, (339, 344), (38,), (6.0,), (38,), (10.0,))
('K.262 Musicalion', 'P1', 2, (48, 53), (21,), (12.0,), (41,), (11.0,))

19.    ((-2, -2, -2, -3, 2),):
('K.262 Musicalion', 'P1', 1, (222, 227), (26,), (2.0,), (26,), (7.0,))
('K.262 Musicalion', 'P1', 1, (228, 233), (27,), (2.0,), (27,), (7.0,))

20.    ((2, 5, -5, -2, 6),):
('K.262 Musicalion', 'P1', 1, (303, 308), (35,), (6.0,), (35,), (10.0,))
('K.262 Musicalion', 'P1', 2, (68, 73), (49,), (7.0,), (51,), (7.0,))

21.    (((3, 3), -2, -2, -2, 3),):
('K.262 Musicalion', 'P1', 2, (27, 32), (10,), (1.0,), (10,), (7.0,))
('K.262 Musicalion', 'P1', 2, (57, 62), (44,), (1.0,), (44,), (7.0,))

22.    ((-2, -2, -2, 2),):
('K.262 Musicalion', 'P1', 1, (140, 144), (18,), (4.0,), (18,), (7.0,))
('K.262 Musicalion', 'P1', 1, (161, 165), (20,), (3.0,), (20,), (6.0,))
('K.262 Musicalion', 'P1', 1, (183, 187), (22,), (3.0,), (22,), (6.0,))
('K.262 Musicalion', 'P1', 1, (188, 192), (22,), (11.0,), (22,), (12.5,))
('K.262 Musicalion', 'P1', 1, (193, 197), (23,), (5.0,), (23,), (6.5,))
('K.262 Musicalion', 'P1', 1, (217, 221), (25,), (3.0,), (25,), (6.0,))
('K.262 Musicalion', 'P1', 1, (327, 331), (37,), (6.0,), (37,), (9.0,))
('K.262 Musicalion', 'P1', 1, (462, 466), (53,), (4.0,), (53,), (7.0,))
('K.262 Musicalion', 'P1', 1, (484, 488), (55,), (4.0,), (55,), (7.0,))
('K.262 Musicalion', 'P1', 1, (510, 514), (57,), (11.0,), (57,), (12.5,))
('K.262 Musicalion', 'P1', 1, (515, 519), (58,), (5.0,), (58,), (6.5,))
('K.262 Musicalion', 'P1', 1, (520, 524), (58,), (11.0,), (58,), (12.5,))
('K.262 Musicalion', 'P1', 1, (544, 548), (60,), (9.0,), (60,), (12.0,))
('K.262 Musicalion', 'P1', 2, (79, 83), (61,), (2.0,), (61,), (6.0,))

23.    ((-2, -2, -2, 3),):
('K.262 Musicalion', 'P1', 1, (47, 51), (4,), (11.5,), (5,), (1.0,))
('K.262 Musicalion', 'P1', 1, (506, 510), (57,), (4.0,), (57,), (7.0,))
('K.262 Musicalion', 'P1', 2, (28, 32), (10,), (4.0,), (10,), (7.0,))
('K.262 Musicalion', 'P1', 2, (58, 62), (44,), (4.0,), (44,), (7.0,))

24.    ((1, -3, -3, 1),):
('K.262 Musicalion', 'P1', 1, (1, 5), (1,), (2.0,), (1,), (5.0,))
('K.262 Musicalion', 'P1', 1, (10, 14), (1,), (11.0,), (2,), (2.0,))

25.    ((-5, 1, 2, 4),):
('K.262 Musicalion', 'P1', 1, (347, 351), (39,), (5.0,), (39,), (9.0,))
('K.262 Musicalion', 'P1', 1, (351, 355), (39,), (11.0,), (40,), (3.0,))

26.    ((-4, 1, 2, -3),):
('K.262 Musicalion', 'P1', 1, (355, 359), (40,), (5.0,), (40,), (8.0,))
('K.262 Musicalion', 'P1', 1, (360, 364), (40,), (11.0,), (41,), (2.0,))

27.    ((-2, 2, -2, -2),):
('K.262 Musicalion', 'P1', 2, (47, 51), (20,), (1.0,), (41,), (5.0,))
('K.262 Musicalion', 'P1', 3, (238, 242), (40,), (4.0,), (41,), (1.0,))

28.    ((2, -3, 2, 2),):
('K.262 Musicalion', 'P1', 2, (82, 86), (61,), (6.0,), (61,), (9.0,))
('K.262 Musicalion', 'P1', 3, (369, 373), (60,), (10.0,), (61,), (3.0,))

29.    ((2, 2, -3, -3),):
('K.262 Musicalion', 'P1', 3, (173, 177), (24,), (9.0,), (25,), (1.0,))
('K.262 Musicalion', 'P1', 3, (364, 368), (60,), (3.0,), (60,), (7.0,))

30.    (((5, 2, 1), (5, 2, 2), (4, 3, 1), (4, 3, -2)),):
('K.262 Musicalion', 'P1', 3, (189, 193), (28,), (1.0,), (28,), (10.0,))
('K.262 Musicalion', 'P1', 3, (193, 197), (29,), (1.0,), (29,), (10.0,))

31.    ((-2, -2, -2),):
('K.262 Musicalion', 'P1', 1, (25, 28), (3,), (4.0,), (3,), (8.0,))
('K.262 Musicalion', 'P1', 1, (28, 31), (3,), (8.5,), (3,), (9.5,))
('K.262 Musicalion', 'P1', 1, (31, 34), (3,), (10.0,), (3,), (11.0,))
('K.262 Musicalion', 'P1', 1, (34, 37), (3,), (11.5,), (3,), (12.5,))
('K.262 Musicalion', 'P1', 1, (38, 41), (4,), (4.0,), (4,), (8.0,))
('K.262 Musicalion', 'P1', 1, (41, 44), (4,), (8.5,), (4,), (9.5,))
('K.262 Musicalion', 'P1', 1, (44, 47), (4,), (10.0,), (4,), (11.0,))
('K.262 Musicalion', 'P1', 1, (47, 50), (4,), (11.5,), (4,), (12.5,))
('K.262 Musicalion', 'P1', 1, (84, 87), (10,), (12.0,), (11,), (2.0,))
('K.262 Musicalion', 'P1', 1, (96, 99), (11,), (12.0,), (12,), (2.0,))
('K.262 Musicalion', 'P1', 1, (117, 120), (15,), (1.0,), (15,), (3.0,))
('K.262 Musicalion', 'P1', 1, (137, 140), (18,), (1.0,), (18,), (3.0,))
('K.262 Musicalion', 'P1', 1, (140, 143), (18,), (4.0,), (18,), (6.0,))
('K.262 Musicalion', 'P1', 1, (159, 162), (20,), (1.0,), (20,), (3.0,))
('K.262 Musicalion', 'P1', 1, (181, 184), (22,), (1.0,), (22,), (3.0,))
('K.262 Musicalion', 'P1', 1, (188, 191), (22,), (11.0,), (22,), (12.0,))
('K.262 Musicalion', 'P1', 1, (193, 196), (23,), (5.0,), (23,), (6.0,))
('K.262 Musicalion', 'P1', 1, (215, 218), (25,), (1.0,), (25,), (3.0,))
('K.262 Musicalion', 'P1', 1, (222, 225), (26,), (2.0,), (26,), (5.0,))
('K.262 Musicalion', 'P1', 1, (228, 231), (27,), (2.0,), (27,), (5.0,))
('K.262 Musicalion', 'P1', 1, (327, 330), (37,), (6.0,), (37,), (8.0,))
('K.262 Musicalion', 'P1', 1, (394, 397), (44,), (12.0,), (45,), (2.0,))
('K.262 Musicalion', 'P1', 1, (397, 400), (45,), (3.0,), (45,), (5.0,))
('K.262 Musicalion', 'P1', 1, (439, 442), (50,), (1.0,), (50,), (3.0,))
('K.262 Musicalion', 'P1', 1, (442, 445), (50,), (4.0,), (50,), (6.0,))
('K.262 Musicalion', 'P1', 1, (459, 462), (53,), (1.0,), (53,), (3.0,))
('K.262 Musicalion', 'P1', 1, (462, 465), (53,), (4.0,), (53,), (6.0,))
('K.262 Musicalion', 'P1', 1, (478, 481), (54,), (10.0,), (54,), (12.0,))
('K.262 Musicalion', 'P1', 1, (484, 487), (55,), (4.0,), (55,), (6.0,))
('K.262 Musicalion', 'P1', 1, (500, 503), (56,), (10.0,), (56,), (12.0,))
('K.262 Musicalion', 'P1', 1, (506, 509), (57,), (4.0,), (57,), (6.0,))
('K.262 Musicalion', 'P1', 1, (510, 513), (57,), (11.0,), (57,), (12.0,))
('K.262 Musicalion', 'P1', 1, (515, 518), (58,), (5.0,), (58,), (6.0,))
('K.262 Musicalion', 'P1', 1, (520, 523), (58,), (11.0,), (58,), (12.0,))
('K.262 Musicalion', 'P1', 2, (28, 31), (10,), (4.0,), (10,), (6.0,))
('K.262 Musicalion', 'P1', 2, (58, 61), (44,), (4.0,), (44,), (6.0,))
('K.262 Musicalion', 'P1', 2, (79, 82), (61,), (2.0,), (61,), (5.0,))
('K.262 Musicalion', 'P1', 3, (81, 84), (12,), (10.0,), (12,), (11.0,))
('K.262 Musicalion', 'P1', 3, (84, 87), (12,), (11.5,), (12,), (12.5,))
('K.262 Musicalion', 'P1', 3, (87, 90), (13,), (1.0,), (13,), (2.0,))
('K.262 Musicalion', 'P1', 3, (94, 97), (13,), (10.0,), (13,), (11.0,))
('K.262 Musicalion', 'P1', 3, (97, 100), (13,), (11.5,), (13,), (12.5,))
('K.262 Musicalion', 'P1', 3, (100, 103), (14,), (1.0,), (14,), (2.0,))
('K.262 Musicalion', 'P1', 3, (111, 114), (15,), (10.0,), (15,), (11.0,))
('K.262 Musicalion', 'P1', 3, (114, 117), (15,), (11.5,), (15,), (12.5,))
('K.262 Musicalion', 'P1', 3, (117, 120), (16,), (1.0,), (16,), (2.0,))
('K.262 Musicalion', 'P1', 3, (124, 127), (16,), (10.0,), (16,), (11.0,))
('K.262 Musicalion', 'P1', 3, (127, 130), (16,), (11.5,), (16,), (12.5,))
('K.262 Musicalion', 'P1', 3, (130, 133), (17,), (1.0,), (17,), (2.0,))
('K.262 Musicalion', 'P1', 3, (268, 271), (47,), (10.0,), (47,), (11.0,))
('K.262 Musicalion', 'P1', 3, (271, 274), (47,), (11.5,), (47,), (12.5,))
('K.262 Musicalion', 'P1', 3, (274, 277), (48,), (1.0,), (48,), (2.0,))
('K.262 Musicalion', 'P1', 3, (281, 284), (48,), (10.0,), (48,), (11.0,))
('K.262 Musicalion', 'P1', 3, (284, 287), (48,), (11.5,), (48,), (12.5,))
('K.262 Musicalion', 'P1', 3, (287, 290), (49,), (1.0,), (49,), (2.0,))
('K.262 Musicalion', 'P1', 3, (298, 301), (50,), (10.0,), (50,), (11.0,))
('K.262 Musicalion', 'P1', 3, (301, 304), (50,), (11.5,), (50,), (12.5,))
('K.262 Musicalion', 'P1', 3, (304, 307), (51,), (1.0,), (51,), (2.0,))
('K.262 Musicalion', 'P1', 3, (311, 314), (51,), (10.0,), (51,), (11.0,))
('K.262 Musicalion', 'P1', 3, (314, 317), (51,), (11.5,), (51,), (12.5,))
('K.262 Musicalion', 'P1', 3, (317, 320), (52,), (1.0,), (52,), (2.0,))

32.    ((2, -3, 2),):
('K.262 Musicalion', 'P1', 1, (246, 249), (30,), (4.0,), (30,), (6.0,))
('K.262 Musicalion', 'P1', 1, (257, 260), (31,), (4.0,), (31,), (6.0,))
('K.262 Musicalion', 'P1', 1, (268, 271), (32,), (4.0,), (32,), (6.0,))
('K.262 Musicalion', 'P1', 1, (279, 282), (33,), (4.0,), (33,), (6.0,))
('K.262 Musicalion', 'P1', 1, (290, 293), (34,), (4.0,), (34,), (6.0,))
('K.262 Musicalion', 'P1', 1, (301, 304), (35,), (4.0,), (35,), (6.0,))
('K.262 Musicalion', 'P1', 2, (82, 85), (61,), (6.0,), (61,), (8.0,))
('K.262 Musicalion', 'P1', 2, (85, 88), (61,), (9.0,), (61,), (11.0,))
('K.262 Musicalion', 'P1', 3, (165, 168), (23,), (9.0,), (23,), (12.0,))
('K.262 Musicalion', 'P1', 3, (169, 172), (24,), (3.0,), (24,), (6.0,))
('K.262 Musicalion', 'P1', 3, (356, 359), (59,), (3.0,), (59,), (6.0,))
('K.262 Musicalion', 'P1', 3, (360, 363), (59,), (9.0,), (59,), (12.0,))
('K.262 Musicalion', 'P1', 3, (369, 372), (60,), (10.0,), (61,), (1.0,))

33.    ((2, -2, 2),):
('K.262 Musicalion', 'P1', 1, (59, 62), (7,), (4.0,), (7,), (10.0,))
('K.262 Musicalion', 'P1', 1, (63, 66), (8,), (4.0,), (8,), (10.0,))
('K.262 Musicalion', 'P1', 1, (330, 333), (37,), (9.0,), (37,), (11.0,))
('K.262 Musicalion', 'P1', 1, (336, 339), (38,), (3.0,), (38,), (5.0,))
('K.262 Musicalion', 'P1', 1, (342, 345), (38,), (9.0,), (38,), (11.0,))
('K.262 Musicalion', 'P1', 1, (549, 552), (61,), (6.0,), (61,), (9.0,))
('K.262 Musicalion', 'P1', 2, (46, 49), (19,), (12.0,), (21,), (12.0,))
('K.262 Musicalion', 'P1', 3, (234, 237), (39,), (4.0,), (39,), (10.0,))

34.    ((2, 4, 1),):
('K.262 Musicalion', 'P1', 1, (65, 68), (8,), (10.0,), (9,), (4.0,))
('K.262 Musicalion', 'P1', 2, (33, 36), (13,), (4.0,), (13,), (10.0,))
('K.262 Musicalion', 'P1', 2, (40, 43), (16,), (4.0,), (16,), (10.0,))

35.    ((-2, 2, -2),):
('K.262 Musicalion', 'P1', 1, (546, 549), (60,), (11.0,), (61,), (1.0,))
('K.262 Musicalion', 'P1', 2, (50, 53), (41,), (5.0,), (41,), (11.0,))
('K.262 Musicalion', 'P1', 3, (238, 241), (40,), (4.0,), (40,), (10.0,))

36.    (((4, -2), (5, 2), (4, -2)),):
('K.262 Musicalion', 'P1', 1, (51, 54), (5,), (4.0,), (5,), (10.0,))
('K.262 Musicalion', 'P1', 3, (59, 62), (7,), (4.0,), (7,), (10.0,))
('K.262 Musicalion', 'P1', 3, (242, 245), (41,), (4.0,), (41,), (10.0,))

37.    ((-2, 1, 2),):
('K.262 Musicalion', 'P1', 1, (373, 376), (42,), (5.0,), (42,), (7.0,))
('K.262 Musicalion', 'P1', 1, (377, 380), (42,), (11.0,), (43,), (1.0,))
('K.262 Musicalion', 'P1', 3, (252, 255), (43,), (10.0,), (44,), (4.0,))

38.    ((2, 3, -2),):
('K.262 Musicalion', 'P1', 1, (365, 368), (41,), (5.0,), (41,), (7.0,))
('K.262 Musicalion', 'P1', 1, (369, 372), (41,), (11.0,), (42,), (1.0,))

39.    ((5, 1, -2),):
('K.262 Musicalion', 'P1', 1, (381, 384), (43,), (5.0,), (43,), (7.0,))
('K.262 Musicalion', 'P1', 1, (385, 388), (43,), (11.0,), (44,), (1.0,))

40.    ((2, 4, -5),):
('K.262 Musicalion', 'P1', 1, (349, 352), (39,), (7.0,), (39,), (11.0,))
('K.262 Musicalion', 'P1', 2, (37, 40), (14,), (4.0,), (16,), (1.0,))

41.    ((-3, 2, 3),):
('K.262 Musicalion', 'P1', 1, (368, 371), (41,), (9.0,), (41,), (12.0,))
('K.262 Musicalion', 'P1', 3, (170, 173), (24,), (4.0,), (24,), (7.0,))

42.    (((6, 2), (5, 3), (6, -2)),):
('K.262 Musicalion', 'P1', 3, (73, 76), (10,), (10.0,), (11,), (4.0,))
('K.262 Musicalion', 'P1', 3, (77, 80), (11,), (10.0,), (12,), (4.0,))

43.    (((4, 2, 3, 1), (4, 2, 3, 2), (3, 2, 3, 1)),):
('K.262 Musicalion', 'P1', 3, (181, 184), (26,), (1.0,), (26,), (7.0,))
('K.262 Musicalion', 'P1', 3, (185, 188), (27,), (1.0,), (27,), (7.0,))

44.    ((-3, -2),):
('K.262 Musicalion', 'P1', 1, (104, 106), (12,), (10.0,), (13,), (4.0,))
('K.262 Musicalion', 'P1', 1, (109, 111), (13,), (10.0,), (14,), (4.0,))
('K.262 Musicalion', 'P1', 1, (124, 126), (15,), (10.0,), (16,), (4.0,))
('K.262 Musicalion', 'P1', 1, (129, 131), (16,), (10.0,), (17,), (4.0,))
('K.262 Musicalion', 'P1', 1, (244, 246), (30,), (2.0,), (30,), (3.0,))
('K.262 Musicalion', 'P1', 1, (255, 257), (31,), (2.0,), (31,), (3.0,))
('K.262 Musicalion', 'P1', 1, (266, 268), (32,), (2.0,), (32,), (3.0,))
('K.262 Musicalion', 'P1', 1, (277, 279), (33,), (2.0,), (33,), (3.0,))
('K.262 Musicalion', 'P1', 1, (288, 290), (34,), (2.0,), (34,), (3.0,))
('K.262 Musicalion', 'P1', 1, (299, 301), (35,), (2.0,), (35,), (3.0,))
('K.262 Musicalion', 'P1', 1, (426, 428), (47,), (10.0,), (48,), (4.0,))
('K.262 Musicalion', 'P1', 1, (431, 433), (48,), (10.0,), (49,), (4.0,))
('K.262 Musicalion', 'P1', 1, (446, 448), (50,), (10.0,), (51,), (4.0,))
('K.262 Musicalion', 'P1', 1, (451, 453), (51,), (10.0,), (52,), (4.0,))
('K.262 Musicalion', 'P1', 3, (142, 144), (19,), (1.0,), (19,), (4.0,))
('K.262 Musicalion', 'P1', 3, (150, 152), (21,), (1.0,), (21,), (4.0,))
('K.262 Musicalion', 'P1', 3, (329, 331), (54,), (1.0,), (54,), (4.0,))
('K.262 Musicalion', 'P1', 3, (337, 339), (56,), (1.0,), (56,), (4.0,))

45.    ((-3, 4),):
('K.262 Musicalion', 'P1', 1, (8, 10), (1,), (9.0,), (1,), (10.0,))
('K.262 Musicalion', 'P1', 3, (144, 146), (19,), (7.0,), (19,), (10.0,))
('K.262 Musicalion', 'P1', 3, (152, 154), (21,), (7.0,), (21,), (10.0,))
('K.262 Musicalion', 'P1', 3, (331, 333), (54,), (7.0,), (54,), (10.0,))
('K.262 Musicalion', 'P1', 3, (339, 341), (56,), (7.0,), (56,), (10.0,))

46.    ((-2, -3),):
('K.262 Musicalion', 'P1', 1, (230, 232), (27,), (5.0,), (27,), (6.0,))
('K.262 Musicalion', 'P1', 1, (235, 237), (28,), (3.0,), (28,), (5.0,))
('K.262 Musicalion', 'P1', 1, (240, 242), (29,), (3.0,), (29,), (5.0,))
('K.262 Musicalion', 'P1', 3, (258, 260), (45,), (4.0,), (45,), (7.0,))
('K.262 Musicalion', 'P1', 3, (262, 264), (46,), (4.0,), (46,), (7.0,))

47.    ((4, 2),):
('K.262 Musicalion', 'P1', 2, (45, 47), (17,), (7.0,), (19,), (12.0,))
('K.262 Musicalion', 'P1', 3, (145, 147), (19,), (10.0,), (20,), (1.0,))
('K.262 Musicalion', 'P1', 3, (153, 155), (21,), (10.0,), (22,), (1.0,))
('K.262 Musicalion', 'P1', 3, (332, 334), (54,), (10.0,), (55,), (1.0,))
('K.262 Musicalion', 'P1', 3, (340, 342), (56,), (10.0,), (57,), (1.0,))

48.    ((3, 2),):
('K.262 Musicalion', 'P1', 2, (53, 55), (42,), (1.0,), (43,), (5.0,))
('K.262 Musicalion', 'P1', 3, (0, 2), (1,), (1.0,), (1,), (4.0,))
('K.262 Musicalion', 'P1', 3, (4, 6), (2,), (1.0,), (2,), (4.0,))
('K.262 Musicalion', 'P1', 3, (164, 166), (23,), (7.0,), (23,), (9.0,))
('K.262 Musicalion', 'P1', 3, (355, 357), (59,), (1.0,), (59,), (3.0,))

49.    ((-5, -2),):
('K.262 Musicalion', 'P1', 1, (234, 236), (28,), (2.0,), (28,), (3.0,))
('K.262 Musicalion', 'P1', 1, (239, 241), (29,), (2.0,), (29,), (3.0,))
('K.262 Musicalion', 'P1', 2, (66, 68), (49,), (1.0,), (49,), (4.0,))
('K.262 Musicalion', 'P1', 2, (74, 76), (52,), (1.0,), (52,), (4.0,))

50.    ((5, 1),):
('K.262 Musicalion', 'P1', 1, (381, 383), (43,), (5.0,), (43,), (6.0,))
('K.262 Musicalion', 'P1', 1, (385, 387), (43,), (11.0,), (43,), (12.0,))
('K.262 Musicalion', 'P1', 1, (524, 526), (59,), (1.0,), (59,), (2.0,))
('K.262 Musicalion', 'P1', 2, (11, 13), (8,), (3.0,), (8,), (4.0,))

51.    ((-3, -3),):
('K.262 Musicalion', 'P1', 1, (2, 4), (1,), (3.0,), (1,), (4.0,))
('K.262 Musicalion', 'P1', 1, (11, 13), (1,), (12.0,), (2,), (1.0,))
('K.262 Musicalion', 'P1', 3, (175, 177), (24,), (12.0,), (25,), (1.0,))
('K.262 Musicalion', 'P1', 3, (366, 368), (60,), (6.0,), (60,), (7.0,))

52.    ((-5, 1),):
('K.262 Musicalion', 'P1', 1, (347, 349), (39,), (5.0,), (39,), (6.0,))
('K.262 Musicalion', 'P1', 1, (351, 353), (39,), (11.0,), (39,), (12.0,))
('K.262 Musicalion', 'P1', 3, (7, 9), (2,), (10.0,), (3,), (1.0,))
('K.262 Musicalion', 'P1', 3, (19, 21), (3,), (12.0,), (4,), (1.0,))

53.    ((1, 3),):
('K.262 Musicalion', 'P1', 1, (474, 476), (54,), (6.0,), (54,), (7.0,))
('K.262 Musicalion', 'P1', 1, (496, 498), (56,), (6.0,), (56,), (7.0,))
('K.262 Musicalion', 'P1', 3, (9, 11), (3,), (2.0,), (3,), (3.0,))
('K.262 Musicalion', 'P1', 3, (21, 23), (4,), (2.0,), (4,), (3.0,))

54.    ((1, -4),):
('K.262 Musicalion', 'P1', 1, (13, 15), (2,), (2.0,), (2,), (3.0,))
('K.262 Musicalion', 'P1', 2, (77, 79), (52,), (10.0,), (61,), (1.0,))

55.    ((3,),):
('K.262 Musicalion', 'P1', 1, (50, 51), (5,), (1.0,), (5,), (1.0,))
('K.262 Musicalion', 'P1', 1, (83, 84), (10,), (11.0,), (10,), (11.0,))
('K.262 Musicalion', 'P1', 1, (95, 96), (11,), (11.0,), (11,), (11.0,))
('K.262 Musicalion', 'P1', 1, (187, 188), (22,), (7.0,), (22,), (7.0,))
('K.262 Musicalion', 'P1', 1, (192, 193), (23,), (1.0,), (23,), (1.0,))
('K.262 Musicalion', 'P1', 1, (346, 347), (39,), (1.0,), (39,), (1.0,))
('K.262 Musicalion', 'P1', 1, (366, 367), (41,), (6.0,), (41,), (6.0,))
('K.262 Musicalion', 'P1', 1, (370, 371), (41,), (12.0,), (41,), (12.0,))
('K.262 Musicalion', 'P1', 1, (372, 373), (42,), (3.0,), (42,), (3.0,))
('K.262 Musicalion', 'P1', 1, (393, 394), (44,), (11.0,), (44,), (11.0,))
('K.262 Musicalion', 'P1', 1, (475, 476), (54,), (7.0,), (54,), (7.0,))
('K.262 Musicalion', 'P1', 1, (497, 498), (56,), (7.0,), (56,), (7.0,))
('K.262 Musicalion', 'P1', 1, (509, 510), (57,), (7.0,), (57,), (7.0,))
('K.262 Musicalion', 'P1', 1, (514, 515), (58,), (1.0,), (58,), (1.0,))
('K.262 Musicalion', 'P1', 1, (519, 520), (58,), (7.0,), (58,), (7.0,))
('K.262 Musicalion', 'P1', 2, (31, 32), (10,), (7.0,), (10,), (7.0,))
('K.262 Musicalion', 'P1', 2, (53, 54), (42,), (1.0,), (42,), (1.0,))
('K.262 Musicalion', 'P1', 2, (61, 62), (44,), (7.0,), (44,), (7.0,))
('K.262 Musicalion', 'P1', 3, (0, 1), (1,), (1.0,), (1,), (1.0,))
('K.262 Musicalion', 'P1', 3, (4, 5), (2,), (1.0,), (2,), (1.0,))
('K.262 Musicalion', 'P1', 3, (10, 11), (3,), (3.0,), (3,), (3.0,))
('K.262 Musicalion', 'P1', 3, (22, 23), (4,), (3.0,), (4,), (3.0,))
('K.262 Musicalion', 'P1', 3, (34, 35), (5,), (3.0,), (5,), (3.0,))
('K.262 Musicalion', 'P1', 3, (141, 142), (18,), (10.0,), (18,), (10.0,))
('K.262 Musicalion', 'P1', 3, (149, 150), (20,), (10.0,), (20,), (10.0,))
('K.262 Musicalion', 'P1', 3, (156, 157), (22,), (7.0,), (22,), (7.0,))
('K.262 Musicalion', 'P1', 3, (157, 158), (22,), (8.0,), (22,), (8.0,))
('K.262 Musicalion', 'P1', 3, (160, 161), (23,), (1.0,), (23,), (1.0,))
('K.262 Musicalion', 'P1', 3, (161, 162), (23,), (2.0,), (23,), (2.0,))
('K.262 Musicalion', 'P1', 3, (164, 165), (23,), (7.0,), (23,), (7.0,))
('K.262 Musicalion', 'P1', 3, (172, 173), (24,), (7.0,), (24,), (7.0,))
('K.262 Musicalion', 'P1', 3, (328, 329), (53,), (10.0,), (53,), (10.0,))
('K.262 Musicalion', 'P1', 3, (336, 337), (55,), (10.0,), (55,), (10.0,))
('K.262 Musicalion', 'P1', 3, (343, 344), (57,), (7.0,), (57,), (7.0,))
('K.262 Musicalion', 'P1', 3, (344, 345), (57,), (8.0,), (57,), (8.0,))
('K.262 Musicalion', 'P1', 3, (347, 348), (58,), (1.0,), (58,), (1.0,))
('K.262 Musicalion', 'P1', 3, (348, 349), (58,), (2.0,), (58,), (2.0,))
('K.262 Musicalion', 'P1', 3, (351, 352), (58,), (7.0,), (58,), (7.0,))
('K.262 Musicalion', 'P1', 3, (352, 353), (58,), (8.0,), (58,), (8.0,))
('K.262 Musicalion', 'P1', 3, (355, 356), (59,), (1.0,), (59,), (1.0,))

56.    ((-2,),):
('K.262 Musicalion', 'P1', 1, (235, 236), (28,), (3.0,), (28,), (3.0,))
('K.262 Musicalion', 'P1', 1, (240, 241), (29,), (3.0,), (29,), (3.0,))
('K.262 Musicalion', 'P1', 1, (245, 246), (30,), (3.0,), (30,), (3.0,))
('K.262 Musicalion', 'P1', 1, (256, 257), (31,), (3.0,), (31,), (3.0,))
('K.262 Musicalion', 'P1', 1, (267, 268), (32,), (3.0,), (32,), (3.0,))
('K.262 Musicalion', 'P1', 1, (278, 279), (33,), (3.0,), (33,), (3.0,))
('K.262 Musicalion', 'P1', 1, (289, 290), (34,), (3.0,), (34,), (3.0,))
('K.262 Musicalion', 'P1', 1, (300, 301), (35,), (3.0,), (35,), (3.0,))
('K.262 Musicalion', 'P1', 1, (306, 307), (35,), (9.0,), (35,), (9.0,))
('K.262 Musicalion', 'P1', 1, (313, 314), (36,), (4.0,), (36,), (4.0,))
('K.262 Musicalion', 'P1', 1, (316, 317), (36,), (7.0,), (36,), (7.0,))
('K.262 Musicalion', 'P1', 1, (319, 320), (36,), (10.0,), (36,), (10.0,))
('K.262 Musicalion', 'P1', 1, (322, 323), (37,), (1.0,), (37,), (1.0,))
('K.262 Musicalion', 'P1', 1, (325, 326), (37,), (4.0,), (37,), (4.0,))
('K.262 Musicalion', 'P1', 1, (367, 368), (41,), (7.0,), (41,), (7.0,))
('K.262 Musicalion', 'P1', 1, (371, 372), (42,), (1.0,), (42,), (1.0,))
('K.262 Musicalion', 'P1', 1, (373, 374), (42,), (5.0,), (42,), (5.0,))
('K.262 Musicalion', 'P1', 1, (400, 401), (45,), (6.0,), (45,), (6.0,))
('K.262 Musicalion', 'P1', 1, (552, 553), (61,), (10.0,), (61,), (10.0,))
('K.262 Musicalion', 'P1', 2, (23, 24), (9,), (3.0,), (9,), (3.0,))
('K.262 Musicalion', 'P1', 2, (49, 50), (22,), (1.0,), (22,), (1.0,))
('K.262 Musicalion', 'P1', 2, (63, 64), (48,), (4.0,), (48,), (4.0,))
('K.262 Musicalion', 'P1', 2, (71, 72), (51,), (4.0,), (51,), (4.0,))
('K.262 Musicalion', 'P1', 3, (143, 144), (19,), (4.0,), (19,), (4.0,))
('K.262 Musicalion', 'P1', 3, (151, 152), (21,), (4.0,), (21,), (4.0,))
('K.262 Musicalion', 'P1', 3, (241, 242), (41,), (1.0,), (41,), (1.0,))
('K.262 Musicalion', 'P1', 3, (258, 259), (45,), (4.0,), (45,), (4.0,))
('K.262 Musicalion', 'P1', 3, (262, 263), (46,), (4.0,), (46,), (4.0,))
('K.262 Musicalion', 'P1', 3, (266, 267), (47,), (4.0,), (47,), (4.0,))
('K.262 Musicalion', 'P1', 3, (330, 331), (54,), (4.0,), (54,), (4.0,))
('K.262 Musicalion', 'P1', 3, (338, 339), (56,), (4.0,), (56,), (4.0,))

57.    ((-4,),):
('K.262 Musicalion', 'P1', 1, (14, 15), (2,), (3.0,), (2,), (3.0,))
('K.262 Musicalion', 'P1', 1, (82, 83), (10,), (10.0,), (10,), (10.0,))
('K.262 Musicalion', 'P1', 1, (94, 95), (11,), (10.0,), (11,), (10.0,))
('K.262 Musicalion', 'P1', 1, (107, 108), (13,), (6.0,), (13,), (6.0,))
('K.262 Musicalion', 'P1', 1, (112, 113), (14,), (6.0,), (14,), (6.0,))
('K.262 Musicalion', 'P1', 1, (127, 128), (16,), (6.0,), (16,), (6.0,))
('K.262 Musicalion', 'P1', 1, (132, 133), (17,), (6.0,), (17,), (6.0,))
('K.262 Musicalion', 'P1', 1, (197, 198), (23,), (7.0,), (23,), (7.0,))
('K.262 Musicalion', 'P1', 1, (211, 212), (24,), (9.0,), (24,), (9.0,))
('K.262 Musicalion', 'P1', 1, (355, 356), (40,), (5.0,), (40,), (5.0,))
('K.262 Musicalion', 'P1', 1, (360, 361), (40,), (11.0,), (40,), (11.0,))
('K.262 Musicalion', 'P1', 1, (384, 385), (43,), (9.0,), (43,), (9.0,))
('K.262 Musicalion', 'P1', 1, (392, 393), (44,), (10.0,), (44,), (10.0,))
('K.262 Musicalion', 'P1', 1, (429, 430), (48,), (6.0,), (48,), (6.0,))
('K.262 Musicalion', 'P1', 1, (434, 435), (49,), (6.0,), (49,), (6.0,))
('K.262 Musicalion', 'P1', 1, (449, 450), (51,), (6.0,), (51,), (6.0,))
('K.262 Musicalion', 'P1', 1, (454, 455), (52,), (6.0,), (52,), (6.0,))
('K.262 Musicalion', 'P1', 1, (539, 540), (60,), (4.0,), (60,), (4.0,))
('K.262 Musicalion', 'P1', 2, (78, 79), (61,), (1.0,), (61,), (1.0,))
('K.262 Musicalion', 'P1', 3, (92, 93), (13,), (4.0,), (13,), (4.0,))
('K.262 Musicalion', 'P1', 3, (105, 106), (14,), (4.0,), (14,), (4.0,))
('K.262 Musicalion', 'P1', 3, (122, 123), (16,), (4.0,), (16,), (4.0,))
('K.262 Musicalion', 'P1', 3, (135, 136), (17,), (4.0,), (17,), (4.0,))
('K.262 Musicalion', 'P1', 3, (279, 280), (48,), (4.0,), (48,), (4.0,))
('K.262 Musicalion', 'P1', 3, (292, 293), (49,), (4.0,), (49,), (4.0,))
('K.262 Musicalion', 'P1', 3, (309, 310), (51,), (4.0,), (51,), (4.0,))
('K.262 Musicalion', 'P1', 3, (322, 323), (52,), (4.0,), (52,), (4.0,))

58.    ((2,),):
('K.262 Musicalion', 'P1', 1, (62, 63), (8,), (1.0,), (8,), (1.0,))
('K.262 Musicalion', 'P1', 1, (93, 94), (11,), (9.0,), (11,), (9.0,))
('K.262 Musicalion', 'P1', 1, (164, 165), (20,), (6.0,), (20,), (6.0,))
('K.262 Musicalion', 'P1', 1, (186, 187), (22,), (6.0,), (22,), (6.0,))
('K.262 Musicalion', 'P1', 1, (191, 192), (22,), (12.5,), (22,), (12.5,))
('K.262 Musicalion', 'P1', 1, (196, 197), (23,), (6.5,), (23,), (6.5,))
('K.262 Musicalion', 'P1', 1, (220, 221), (25,), (6.0,), (25,), (6.0,))
('K.262 Musicalion', 'P1', 1, (345, 346), (38,), (12.0,), (38,), (12.0,))
('K.262 Musicalion', 'P1', 1, (365, 366), (41,), (5.0,), (41,), (5.0,))
('K.262 Musicalion', 'P1', 1, (391, 392), (44,), (9.0,), (44,), (9.0,))
('K.262 Musicalion', 'P1', 1, (513, 514), (57,), (12.5,), (57,), (12.5,))
('K.262 Musicalion', 'P1', 1, (518, 519), (58,), (6.5,), (58,), (6.5,))
('K.262 Musicalion', 'P1', 1, (523, 524), (58,), (12.5,), (58,), (12.5,))
('K.262 Musicalion', 'P1', 1, (542, 543), (60,), (7.0,), (60,), (7.0,))
('K.262 Musicalion', 'P1', 2, (54, 55), (43,), (5.0,), (43,), (5.0,))
('K.262 Musicalion', 'P1', 2, (56, 57), (43,), (11.0,), (43,), (11.0,))
('K.262 Musicalion', 'P1', 3, (146, 147), (20,), (1.0,), (20,), (1.0,))
('K.262 Musicalion', 'P1', 3, (154, 155), (22,), (1.0,), (22,), (1.0,))
('K.262 Musicalion', 'P1', 3, (333, 334), (55,), (1.0,), (55,), (1.0,))
('K.262 Musicalion', 'P1', 3, (372, 373), (61,), (3.0,), (61,), (3.0,))

59.    ((-5,),):
('K.262 Musicalion', 'P1', 1, (234, 235), (28,), (2.0,), (28,), (2.0,))
('K.262 Musicalion', 'P1', 1, (239, 240), (29,), (2.0,), (29,), (2.0,))
('K.262 Musicalion', 'P1', 1, (305, 306), (35,), (8.0,), (35,), (8.0,))
('K.262 Musicalion', 'P1', 1, (347, 348), (39,), (5.0,), (39,), (5.0,))
('K.262 Musicalion', 'P1', 1, (351, 352), (39,), (11.0,), (39,), (11.0,))
('K.262 Musicalion', 'P1', 2, (32, 33), (13,), (1.0,), (13,), (1.0,))
('K.262 Musicalion', 'P1', 2, (39, 40), (16,), (1.0,), (16,), (1.0,))
('K.262 Musicalion', 'P1', 2, (62, 63), (48,), (1.0,), (48,), (1.0,))
('K.262 Musicalion', 'P1', 2, (70, 71), (51,), (1.0,), (51,), (1.0,))
('K.262 Musicalion', 'P1', 3, (3, 4), (1,), (10.0,), (1,), (10.0,))
('K.262 Musicalion', 'P1', 3, (7, 8), (2,), (10.0,), (2,), (10.0,))
('K.262 Musicalion', 'P1', 3, (19, 20), (3,), (12.0,), (3,), (12.0,))
('K.262 Musicalion', 'P1', 3, (147, 148), (20,), (4.0,), (20,), (4.0,))
('K.262 Musicalion', 'P1', 3, (155, 156), (22,), (4.0,), (22,), (4.0,))
('K.262 Musicalion', 'P1', 3, (179, 180), (25,), (6.0,), (25,), (6.0,))
('K.262 Musicalion', 'P1', 3, (334, 335), (55,), (4.0,), (55,), (4.0,))
('K.262 Musicalion', 'P1', 3, (374, 375), (61,), (6.0,), (61,), (6.0,))
('K.262 Musicalion', 'P1', 3, (376, 377), (61,), (9.0,), (61,), (9.0,))
('K.262 Musicalion', 'P1', 3, (378, 379), (61,), (12.0,), (61,), (12.0,))

60.    ((6,),):
('K.262 Musicalion', 'P1', 1, (6, 7), (1,), (7.0,), (1,), (7.0,))
('K.262 Musicalion', 'P1', 1, (18, 19), (2,), (7.0,), (2,), (7.0,))
('K.262 Musicalion', 'P1', 1, (21, 22), (2,), (10.0,), (2,), (10.0,))
('K.262 Musicalion', 'P1', 1, (214, 215), (24,), (12.0,), (24,), (12.0,))
('K.262 Musicalion', 'P1', 1, (307, 308), (35,), (10.0,), (35,), (10.0,))
('K.262 Musicalion', 'P1', 1, (311, 312), (36,), (2.0,), (36,), (2.0,))
('K.262 Musicalion', 'P1', 1, (314, 315), (36,), (5.0,), (36,), (5.0,))
('K.262 Musicalion', 'P1', 1, (317, 318), (36,), (8.0,), (36,), (8.0,))
('K.262 Musicalion', 'P1', 1, (320, 321), (36,), (11.0,), (36,), (11.0,))
('K.262 Musicalion', 'P1', 1, (323, 324), (37,), (2.0,), (37,), (2.0,))
('K.262 Musicalion', 'P1', 1, (326, 327), (37,), (5.0,), (37,), (5.0,))
('K.262 Musicalion', 'P1', 2, (64, 65), (48,), (7.0,), (48,), (7.0,))
('K.262 Musicalion', 'P1', 2, (72, 73), (51,), (7.0,), (51,), (7.0,))
('K.262 Musicalion', 'P1', 3, (106, 107), (14,), (7.0,), (14,), (7.0,))
('K.262 Musicalion', 'P1', 3, (136, 137), (17,), (7.0,), (17,), (7.0,))
('K.262 Musicalion', 'P1', 3, (293, 294), (49,), (7.0,), (49,), (7.0,))
('K.262 Musicalion', 'P1', 3, (323, 324), (52,), (7.0,), (52,), (7.0,))

61.    (((3, -2),),):
('K.262 Musicalion', 'P1', 1, (406, 407), (45,), (12.0,), (45,), (12.0,))
('K.262 Musicalion', 'P1', 1, (407, 408), (46,), (1.0,), (46,), (1.0,))
('K.262 Musicalion', 'P1', 1, (408, 409), (46,), (2.0,), (46,), (2.0,))
('K.262 Musicalion', 'P1', 1, (409, 410), (46,), (3.0,), (46,), (3.0,))
('K.262 Musicalion', 'P1', 1, (410, 411), (46,), (4.0,), (46,), (4.0,))
('K.262 Musicalion', 'P1', 1, (412, 413), (46,), (6.0,), (46,), (6.0,))
('K.262 Musicalion', 'P1', 1, (418, 419), (46,), (12.0,), (46,), (12.0,))
('K.262 Musicalion', 'P1', 1, (419, 420), (47,), (1.0,), (47,), (1.0,))
('K.262 Musicalion', 'P1', 1, (420, 421), (47,), (2.0,), (47,), (2.0,))
('K.262 Musicalion', 'P1', 1, (421, 422), (47,), (3.0,), (47,), (3.0,))
('K.262 Musicalion', 'P1', 1, (422, 423), (47,), (4.0,), (47,), (4.0,))
('K.262 Musicalion', 'P1', 1, (424, 425), (47,), (6.0,), (47,), (6.0,))
('K.262 Musicalion', 'P1', 2, (25, 26), (9,), (7.0,), (9,), (7.0,))
('K.262 Musicalion', 'P1', 2, (55, 56), (43,), (7.0,), (43,), (7.0,))

62.    ((5,),):
('K.262 Musicalion', 'P1', 1, (227, 228), (26,), (12.0,), (26,), (12.0,))
('K.262 Musicalion', 'P1', 1, (243, 244), (29,), (7.0,), (29,), (7.0,))
('K.262 Musicalion', 'P1', 1, (265, 266), (31,), (12.0,), (31,), (12.0,))
('K.262 Musicalion', 'P1', 1, (287, 288), (33,), (12.0,), (33,), (12.0,))
('K.262 Musicalion', 'P1', 1, (304, 305), (35,), (7.0,), (35,), (7.0,))
('K.262 Musicalion', 'P1', 1, (381, 382), (43,), (5.0,), (43,), (5.0,))
('K.262 Musicalion', 'P1', 1, (385, 386), (43,), (11.0,), (43,), (11.0,))
('K.262 Musicalion', 'P1', 1, (445, 446), (50,), (7.0,), (50,), (7.0,))
('K.262 Musicalion', 'P1', 1, (524, 525), (59,), (1.0,), (59,), (1.0,))
('K.262 Musicalion', 'P1', 2, (11, 12), (8,), (3.0,), (8,), (3.0,))
('K.262 Musicalion', 'P1', 2, (69, 70), (49,), (10.0,), (49,), (10.0,))
('K.262 Musicalion', 'P1', 3, (177, 178), (25,), (3.0,), (25,), (3.0,))

63.    ((-6,),):
('K.262 Musicalion', 'P1', 1, (308, 309), (35,), (11.0,), (35,), (11.0,))
('K.262 Musicalion', 'P1', 1, (312, 313), (36,), (3.0,), (36,), (3.0,))
('K.262 Musicalion', 'P1', 1, (315, 316), (36,), (6.0,), (36,), (6.0,))
('K.262 Musicalion', 'P1', 1, (318, 319), (36,), (9.0,), (36,), (9.0,))
('K.262 Musicalion', 'P1', 1, (321, 322), (36,), (12.0,), (36,), (12.0,))
('K.262 Musicalion', 'P1', 1, (324, 325), (37,), (3.0,), (37,), (3.0,))
('K.262 Musicalion', 'P1', 3, (255, 256), (44,), (7.0,), (44,), (7.0,))
('K.262 Musicalion', 'P1', 3, (363, 364), (60,), (1.0,), (60,), (1.0,))

64.    ((8,),):
('K.262 Musicalion', 'P1', 1, (233, 234), (27,), (12.0,), (27,), (12.0,))
('K.262 Musicalion', 'P1', 3, (233, 234), (39,), (1.0,), (39,), (1.0,))
('K.262 Musicalion', 'P1', 3, (346, 347), (57,), (10.0,), (57,), (10.0,))
('K.262 Musicalion', 'P1', 3, (350, 351), (58,), (4.0,), (58,), (4.0,))
('K.262 Musicalion', 'P1', 3, (354, 355), (58,), (10.0,), (58,), (10.0,))

65.    (((3, 1),),):
('K.262 Musicalion', 'P1', 1, (55, 56), (6,), (4.0,), (6,), (4.0,))
('K.262 Musicalion', 'P1', 1, (57, 58), (6,), (10.0,), (6,), (10.0,))
('K.262 Musicalion', 'P1', 3, (229, 230), (38,), (1.0,), (38,), (1.0,))
('K.262 Musicalion', 'P1', 3, (231, 232), (38,), (7.0,), (38,), (7.0,))

66.    ((-7,),):
('K.262 Musicalion', 'P1', 1, (165, 166), (20,), (7.0,), (20,), (7.0,))
('K.262 Musicalion', 'P1', 1, (553, 554), (61,), (12.0,), (61,), (12.0,))

67.    (((8,),),):
('K.262 Musicalion', 'P1', 1, (554, 555), (62,), (1.0,), (62,), (1.0,))
('K.262 Musicalion', 'P1', 3, (379, 380), (62,), (1.0,), (62,), (1.0,))

68.    (((4, 2),),):
('K.262 Musicalion', 'P1', 2, (24, 25), (9,), (4.0,), (9,), (4.0,))
('K.262 Musicalion', 'P1', 2, (26, 27), (9,), (10.0,), (9,), (10.0,))

69.    (((8, 8),),):
('K.262 Musicalion', 'P1', 3, (80, 81), (12,), (7.0,), (12,), (7.0,))
('K.262 Musicalion', 'P1', 3, (180, 181), (25,), (7.0,), (25,), (7.0,))

