1.    nomes:
K.3 Musicalion

2.    quantidade:
1

3.    analise:
[('intDia', 'p1p2'), ('duracao', 'p1p2'), ('Ptempo', 'p1')] SemContInte Distancia: 0

1.    ((2, 2, -5, 3, 2, 2, -7, 5, 2, 2, -9, 7, 2, 2, -11, 2, 2, 2, 2, 2, 2, 2), (0.5, 0.5, 0.5, 0.5, 0.5, 0.5, 0.5, 0.5, 0.5, 0.5, 0.5, 0.5, 0.5, 0.5, 0.5, 0.5, 0.5, 0.5, 0.5, 0.5, 0.5, 0.5), (0.5,)):
('K.3 Musicalion', 'P1', 1, (94, 116), (28,), (1.5,), (33,), (2.0,))
('K.3 Musicalion', 'P1', 1, (288, 310), (79,), (1.5,), (84,), (2.0,))

2.    ((-2, -2, -2, -2, -4, -2, -2, -2, -2, 8, -4, 6), (0.12, 0.12, 0.12, 1.62, 0.5, 0.12, 0.12, 0.12, 0.12, 1.5, 0.5, 0.5), (0.0,)):
('K.3 Musicalion', 'P1', 1, (0, 12), (1,), (1.0,), (3,), (2.0,))
('K.3 Musicalion', 'P1', 1, (176, 188), (49,), (1.0,), (51,), (2.0,))

3.    ((8, -2, 1, -2, 1, -2, -2, -2, -2, -2, -2, 2), (0.5, 0.5, 0.5, 0.5, 0.5, 1.0, 1.0, 1.0, 1.0, 1.0, 1.0, 0.5), (0.0,)):
('K.3 Musicalion', 'P1', 1, (128, 140), (36,), (1.0,), (40,), (1.5,))
('K.3 Musicalion', 'P1', 1, (319, 331), (87,), (1.0,), (91,), (1.5,))

4.    ((8, -9, -2, 8, -9, -2, 8, -9, -2, 8, -9, -2), (0.5, 1.0, 0.5, 0.5, 1.0, 0.5, 0.5, 1.0, 0.5, 0.5, 1.0, 0.5), (0.0,)):
('K.3 Musicalion', 'P1', 3, (61, 73), (28,), (1.0,), (31,), (2.5,))
('K.3 Musicalion', 'P1', 3, (185, 197), (79,), (1.0,), (82,), (2.5,))

5.    ((2, 2, 2, -7, 8, -3, 2, 2, -2, 2, -8, 4), (0.5, 0.5, 0.5, 0.5, 0.5, 0.5, 0.5, 0.5, 0.5, 0.5, 0.5, 0.5), (0.0,)):
('K.3 Musicalion', 'P1', 3, (77, 89), (33,), (1.0,), (35,), (2.5,))
('K.3 Musicalion', 'P1', 3, (94, 106), (41,), (1.0,), (43,), (2.5,))

6.    ((-2, -2, -2, -2, -4, -2, -2, -2, -2, 8, -4), (0.12, 0.12, 0.12, 0.12, 0.5, 0.12, 0.12, 0.12, 0.12, 2.5, 0.5), (0.5,)):
('K.3 Musicalion', 'P1', 1, (158, 169), (44,), (1.5,), (46,), (1.5,))
('K.3 Musicalion', 'P1', 1, (209, 220), (56,), (1.5,), (58,), (1.5,))

7.    ((2, 2, 2, 2, 2, -7, 2, 2, 2, 2, 2), (0.5, 0.5, 0.5, 0.5, 0.5, 5.5, 0.5, 0.5, 0.5, 0.5, 0.5), (0.5,)):
('K.3 Musicalion', 'P1', 3, (42, 53), (18,), (1.5,), (23,), (1.5,))
('K.3 Musicalion', 'P1', 3, (164, 175), (68,), (1.5,), (73,), (1.5,))

8.    ((5, -2, -2, -2, -2, -4, -2, -2, -2, -2), (2.5, 0.12, 0.12, 0.12, 0.12, 0.5, 0.12, 0.12, 0.12, 0.12), (0.0,)):
('K.3 Musicalion', 'P1', 3, (106, 116), (44,), (1.0,), (45,), (2.88,))
('K.3 Musicalion', 'P1', 3, (139, 149), (56,), (1.0,), (57,), (2.88,))

9.    ((-2, -2, -2, -2, -4, -2, -2, -2, -2), (0.12, 0.12, 0.12, 0.12, 0.5, 0.12, 0.12, 0.12, 0.12), (0.5,)):
('K.3 Musicalion', 'P1', 1, (158, 167), (44,), (1.5,), (44,), (2.88,))
('K.3 Musicalion', 'P1', 1, (193, 202), (53,), (1.5,), (53,), (2.88,))
('K.3 Musicalion', 'P1', 1, (209, 218), (56,), (1.5,), (56,), (2.88,))
('K.3 Musicalion', 'P1', 1, (337, 346), (93,), (1.5,), (93,), (2.88,))
('K.3 Musicalion', 'P1', 3, (107, 116), (45,), (1.5,), (45,), (2.88,))
('K.3 Musicalion', 'P1', 3, (140, 149), (57,), (1.5,), (57,), (2.88,))

10.    ((-2, 1, -2, 1, -2, -2, 1, -2, 1), (0.5, 0.5, 0.5, 0.5, 0.5, 1.0, 0.5, 0.5, 0.5), (0.5,)):
('K.3 Musicalion', 'P1', 2, (1, 10), (37,), (1.5,), (39,), (2.0,))
('K.3 Musicalion', 'P1', 2, (20, 29), (61,), (1.5,), (63,), (2.0,))
('K.3 Musicalion', 'P1', 2, (32, 41), (88,), (1.5,), (90,), (2.0,))
('K.3 Musicalion', 'P1', 3, (31, 40), (13,), (1.5,), (15,), (2.0,))

11.    ((-2, -2, -2, -2, 8, -4, 6, -2), (0.12, 0.12, 0.12, 0.12, 1.5, 0.5, 0.5, 0.5), (0.5,)):
('K.3 Musicalion', 'P1', 1, (5, 13), (2,), (1.5,), (3,), (2.5,))
('K.3 Musicalion', 'P1', 3, (0, 8), (2,), (2.5,), (4,), (1.5,))

12.    ((2, 2, 2, 2, 2, 2, 2), (0.5, 0.5, 0.5, 0.5, 0.5, 0.5, 0.5), (0.5,)):
('K.3 Musicalion', 'P1', 1, (110, 117), (32,), (1.5,), (33,), (2.5,))
('K.3 Musicalion', 'P1', 3, (54, 61), (26,), (1.5,), (27,), (2.5,))

13.    ((-2, 1, -2, 1), (0.5, 0.5, 0.5, 0.5), (0.5,)):
('K.3 Musicalion', 'P1', 1, (129, 133), (36,), (1.5,), (37,), (1.0,))
('K.3 Musicalion', 'P1', 1, (227, 231), (60,), (1.5,), (61,), (1.0,))
('K.3 Musicalion', 'P1', 1, (320, 324), (87,), (1.5,), (88,), (1.0,))
('K.3 Musicalion', 'P1', 2, (1, 5), (37,), (1.5,), (38,), (1.0,))
('K.3 Musicalion', 'P1', 2, (20, 24), (61,), (1.5,), (62,), (1.0,))
('K.3 Musicalion', 'P1', 2, (32, 36), (88,), (1.5,), (89,), (1.0,))
('K.3 Musicalion', 'P1', 3, (31, 35), (13,), (1.5,), (14,), (1.0,))

14.    ((1, -2, 1, -2), (0.5, 0.5, 0.5, 1.0), (0.0,)):
('K.3 Musicalion', 'P1', 1, (130, 134), (36,), (2.0,), (37,), (1.5,))
('K.3 Musicalion', 'P1', 1, (228, 232), (60,), (2.0,), (61,), (1.5,))
('K.3 Musicalion', 'P1', 1, (321, 325), (87,), (2.0,), (88,), (1.5,))
('K.3 Musicalion', 'P1', 3, (157, 161), (65,), (1.0,), (65,), (2.5,))

15.    ((-2, 2, -3, -2), (0.5, 0.5, 0.5, 1.0), (0.5,)):
('K.3 Musicalion', 'P1', 1, (315, 319), (85,), (2.5,), (86,), (2.0,))
('K.3 Musicalion', 'P1', 1, (332, 336), (91,), (2.5,), (92,), (2.0,))

16.    ((-7, 2, 2, 2), (0.5, 0.5, 0.5, 0.5), (0.5,)):
('K.3 Musicalion', 'P1', 1, (141, 145), (40,), (2.5,), (41,), (2.0,))
('K.3 Musicalion', 'P1', 3, (93, 97), (40,), (2.5,), (41,), (2.0,))

17.    ((2, -8, 4), (0.5, 1.0, 1.0), (0.5,)):
('K.3 Musicalion', 'P1', 3, (118, 121), (46,), (2.5,), (47,), (2.0,))
('K.3 Musicalion', 'P1', 3, (127, 130), (51,), (2.5,), (52,), (2.0,))
('K.3 Musicalion', 'P1', 3, (136, 139), (54,), (2.5,), (55,), (2.0,))
('K.3 Musicalion', 'P1', 3, (227, 230), (94,), (2.5,), (95,), (2.0,))

18.    ((7, -2, 2), (0.5, 0.5, 0.5), (0.0,)):
('K.3 Musicalion', 'P1', 1, (314, 317), (85,), (2.0,), (86,), (1.0,))
('K.3 Musicalion', 'P1', 3, (205, 208), (85,), (1.0,), (85,), (2.0,))

19.    ((8, -2, -2), (0.5, 0.5, 0.5), (0.0,)):
('K.3 Musicalion', 'P1', 3, (73, 76), (32,), (1.0,), (32,), (2.0,))
('K.3 Musicalion', 'P1', 3, (90, 93), (40,), (1.0,), (40,), (2.0,))

20.    ((3, 3), (0.5, 0.5), (0.5,)):
('K.3 Musicalion', 'P1', 1, (48, 50), (16,), (2.5,), (17,), (1.0,))
('K.3 Musicalion', 'P1', 1, (52, 54), (17,), (2.5,), (18,), (1.0,))
('K.3 Musicalion', 'P1', 1, (64, 66), (20,), (2.5,), (21,), (1.0,))
('K.3 Musicalion', 'P1', 1, (68, 70), (21,), (2.5,), (22,), (1.0,))
('K.3 Musicalion', 'P1', 1, (80, 82), (24,), (2.5,), (25,), (1.0,))
('K.3 Musicalion', 'P1', 1, (84, 86), (25,), (2.5,), (26,), (1.0,))
('K.3 Musicalion', 'P1', 1, (244, 246), (67,), (2.5,), (68,), (1.0,))
('K.3 Musicalion', 'P1', 1, (254, 256), (70,), (1.5,), (70,), (2.0,))
('K.3 Musicalion', 'P1', 1, (258, 260), (71,), (1.5,), (71,), (2.0,))
('K.3 Musicalion', 'P1', 3, (161, 163), (66,), (1.5,), (66,), (2.0,))

21.    ((-2, -2), (0.5, 0.5), (0.0,)):
('K.3 Musicalion', 'P1', 1, (57, 59), (19,), (1.0,), (19,), (1.5,))
('K.3 Musicalion', 'P1', 1, (73, 75), (23,), (1.0,), (23,), (1.5,))
('K.3 Musicalion', 'P1', 1, (224, 226), (59,), (2.0,), (59,), (2.5,))
('K.3 Musicalion', 'P1', 1, (249, 251), (69,), (1.0,), (69,), (1.5,))
('K.3 Musicalion', 'P1', 1, (264, 266), (73,), (1.0,), (73,), (1.5,))
('K.3 Musicalion', 'P1', 3, (75, 77), (32,), (2.0,), (32,), (2.5,))

22.    ((8, -2), (0.5, 0.5), (0.0,)):
('K.3 Musicalion', 'P1', 1, (128, 130), (36,), (1.0,), (36,), (1.5,))
('K.3 Musicalion', 'P1', 1, (319, 321), (87,), (1.0,), (87,), (1.5,))
('K.3 Musicalion', 'P1', 3, (73, 75), (32,), (1.0,), (32,), (1.5,))
('K.3 Musicalion', 'P1', 3, (90, 92), (40,), (1.0,), (40,), (1.5,))

23.    ((2, -2), (0.5, 0.5), (0.5,)):
('K.3 Musicalion', 'P1', 1, (145, 147), (41,), (2.5,), (42,), (1.0,))
('K.3 Musicalion', 'P1', 3, (208, 210), (85,), (2.5,), (86,), (1.0,))
('K.3 Musicalion', 'P1', 3, (216, 218), (91,), (2.5,), (92,), (1.0,))

24.    ((-2, -2), (1.0, 1.0), (0.0,)):
('K.3 Musicalion', 'P1', 2, (11, 13), (47,), (1.0,), (47,), (2.0,))
('K.3 Musicalion', 'P1', 3, (180, 182), (76,), (2.0,), (77,), (1.0,))
('K.3 Musicalion', 'P1', 3, (182, 184), (77,), (2.0,), (78,), (1.0,))

25.    ((-3, 2), (0.5, 0.5), (0.0,)):
('K.3 Musicalion', 'P1', 1, (171, 173), (47,), (1.0,), (47,), (1.5,))
('K.3 Musicalion', 'P1', 1, (173, 175), (47,), (2.0,), (47,), (2.5,))

26.    ((1, -2), (0.5, 0.5), (0.5,)):
('K.3 Musicalion', 'P1', 1, (188, 190), (51,), (2.5,), (52,), (1.0,))
('K.3 Musicalion', 'P1', 1, (223, 225), (59,), (1.5,), (59,), (2.0,))

27.    ((-2, -2), (0.5, 0.5), (0.5,)):
('K.3 Musicalion', 'P1', 1, (18, 20), (5,), (2.5,), (6,), (1.0,))
('K.3 Musicalion', 'P1', 3, (198, 200), (83,), (1.5,), (83,), (2.0,))

28.    ((8, 2), (0.5, 0.5), (0.0,)):
('K.3 Musicalion', 'P1', 1, (287, 289), (79,), (1.0,), (79,), (1.5,))
('K.3 Musicalion', 'P1', 3, (135, 137), (54,), (2.0,), (54,), (2.5,))

29.    ((2, -2), (0.5, 1.0), (0.5,)):
('K.3 Musicalion', 'P1', 2, (41, 43), (90,), (2.5,), (91,), (1.0,))
('K.3 Musicalion', 'P1', 3, (178, 180), (75,), (2.5,), (76,), (1.0,))

30.    ((2,), (0.5,), (0.5,)):
('K.3 Musicalion', 'P1', 1, (33, 34), (10,), (2.5,), (10,), (2.5,))
('K.3 Musicalion', 'P1', 1, (46, 47), (16,), (1.5,), (16,), (1.5,))
('K.3 Musicalion', 'P1', 1, (50, 51), (17,), (1.5,), (17,), (1.5,))
('K.3 Musicalion', 'P1', 1, (62, 63), (20,), (1.5,), (20,), (1.5,))
('K.3 Musicalion', 'P1', 1, (66, 67), (21,), (1.5,), (21,), (1.5,))
('K.3 Musicalion', 'P1', 1, (78, 79), (24,), (1.5,), (24,), (1.5,))
('K.3 Musicalion', 'P1', 1, (82, 83), (25,), (1.5,), (25,), (1.5,))
('K.3 Musicalion', 'P1', 1, (94, 95), (28,), (1.5,), (28,), (1.5,))
('K.3 Musicalion', 'P1', 1, (98, 99), (29,), (1.5,), (29,), (1.5,))
('K.3 Musicalion', 'P1', 1, (102, 103), (30,), (1.5,), (30,), (1.5,))
('K.3 Musicalion', 'P1', 1, (106, 107), (31,), (1.5,), (31,), (1.5,))
('K.3 Musicalion', 'P1', 1, (110, 111), (32,), (1.5,), (32,), (1.5,))
('K.3 Musicalion', 'P1', 1, (112, 113), (32,), (2.5,), (32,), (2.5,))
('K.3 Musicalion', 'P1', 1, (114, 115), (33,), (1.5,), (33,), (1.5,))
('K.3 Musicalion', 'P1', 1, (116, 117), (33,), (2.5,), (33,), (2.5,))
('K.3 Musicalion', 'P1', 1, (139, 140), (40,), (1.5,), (40,), (1.5,))
('K.3 Musicalion', 'P1', 1, (143, 144), (41,), (1.5,), (41,), (1.5,))
('K.3 Musicalion', 'P1', 1, (145, 146), (41,), (2.5,), (41,), (2.5,))
('K.3 Musicalion', 'P1', 1, (172, 173), (47,), (1.5,), (47,), (1.5,))
('K.3 Musicalion', 'P1', 1, (174, 175), (47,), (2.5,), (47,), (2.5,))
('K.3 Musicalion', 'P1', 1, (242, 243), (67,), (1.5,), (67,), (1.5,))
('K.3 Musicalion', 'P1', 1, (256, 257), (70,), (2.5,), (70,), (2.5,))
('K.3 Musicalion', 'P1', 1, (288, 289), (79,), (1.5,), (79,), (1.5,))
('K.3 Musicalion', 'P1', 1, (292, 293), (80,), (1.5,), (80,), (1.5,))
('K.3 Musicalion', 'P1', 1, (296, 297), (81,), (1.5,), (81,), (1.5,))
('K.3 Musicalion', 'P1', 1, (300, 301), (82,), (1.5,), (82,), (1.5,))
('K.3 Musicalion', 'P1', 1, (304, 305), (83,), (1.5,), (83,), (1.5,))
('K.3 Musicalion', 'P1', 1, (306, 307), (83,), (2.5,), (83,), (2.5,))
('K.3 Musicalion', 'P1', 1, (308, 309), (84,), (1.5,), (84,), (1.5,))
('K.3 Musicalion', 'P1', 1, (330, 331), (91,), (1.5,), (91,), (1.5,))
('K.3 Musicalion', 'P1', 2, (41, 42), (90,), (2.5,), (90,), (2.5,))
('K.3 Musicalion', 'P1', 3, (42, 43), (18,), (1.5,), (18,), (1.5,))
('K.3 Musicalion', 'P1', 3, (44, 45), (18,), (2.5,), (18,), (2.5,))
('K.3 Musicalion', 'P1', 3, (46, 47), (19,), (1.5,), (19,), (1.5,))
('K.3 Musicalion', 'P1', 3, (48, 49), (22,), (1.5,), (22,), (1.5,))
('K.3 Musicalion', 'P1', 3, (50, 51), (22,), (2.5,), (22,), (2.5,))
('K.3 Musicalion', 'P1', 3, (52, 53), (23,), (1.5,), (23,), (1.5,))
('K.3 Musicalion', 'P1', 3, (54, 55), (26,), (1.5,), (26,), (1.5,))
('K.3 Musicalion', 'P1', 3, (56, 57), (26,), (2.5,), (26,), (2.5,))
('K.3 Musicalion', 'P1', 3, (58, 59), (27,), (1.5,), (27,), (1.5,))
('K.3 Musicalion', 'P1', 3, (60, 61), (27,), (2.5,), (27,), (2.5,))
('K.3 Musicalion', 'P1', 3, (78, 79), (33,), (1.5,), (33,), (1.5,))
('K.3 Musicalion', 'P1', 3, (84, 85), (34,), (2.5,), (34,), (2.5,))
('K.3 Musicalion', 'P1', 3, (86, 87), (35,), (1.5,), (35,), (1.5,))
('K.3 Musicalion', 'P1', 3, (95, 96), (41,), (1.5,), (41,), (1.5,))
('K.3 Musicalion', 'P1', 3, (101, 102), (42,), (2.5,), (42,), (2.5,))
('K.3 Musicalion', 'P1', 3, (103, 104), (43,), (1.5,), (43,), (1.5,))
('K.3 Musicalion', 'P1', 3, (118, 119), (46,), (2.5,), (46,), (2.5,))
('K.3 Musicalion', 'P1', 3, (127, 128), (51,), (2.5,), (51,), (2.5,))
('K.3 Musicalion', 'P1', 3, (136, 137), (54,), (2.5,), (54,), (2.5,))
('K.3 Musicalion', 'P1', 3, (164, 165), (68,), (1.5,), (68,), (1.5,))
('K.3 Musicalion', 'P1', 3, (166, 167), (68,), (2.5,), (68,), (2.5,))
('K.3 Musicalion', 'P1', 3, (168, 169), (69,), (1.5,), (69,), (1.5,))
('K.3 Musicalion', 'P1', 3, (170, 171), (72,), (1.5,), (72,), (1.5,))
('K.3 Musicalion', 'P1', 3, (172, 173), (72,), (2.5,), (72,), (2.5,))
('K.3 Musicalion', 'P1', 3, (174, 175), (73,), (1.5,), (73,), (1.5,))
('K.3 Musicalion', 'P1', 3, (176, 177), (75,), (1.5,), (75,), (1.5,))
('K.3 Musicalion', 'P1', 3, (178, 179), (75,), (2.5,), (75,), (2.5,))
('K.3 Musicalion', 'P1', 3, (202, 203), (84,), (1.5,), (84,), (1.5,))
('K.3 Musicalion', 'P1', 3, (208, 209), (85,), (2.5,), (85,), (2.5,))
('K.3 Musicalion', 'P1', 3, (210, 211), (86,), (1.5,), (86,), (1.5,))
('K.3 Musicalion', 'P1', 3, (216, 217), (91,), (2.5,), (91,), (2.5,))
('K.3 Musicalion', 'P1', 3, (218, 219), (92,), (1.5,), (92,), (1.5,))
('K.3 Musicalion', 'P1', 3, (227, 228), (94,), (2.5,), (94,), (2.5,))

31.    ((-2,), (0.5,), (0.5,)):
('K.3 Musicalion', 'P1', 1, (12, 13), (3,), (2.5,), (3,), (2.5,))
('K.3 Musicalion', 'P1', 1, (18, 19), (5,), (2.5,), (5,), (2.5,))
('K.3 Musicalion', 'P1', 1, (24, 25), (7,), (2.5,), (7,), (2.5,))
('K.3 Musicalion', 'P1', 1, (30, 31), (9,), (2.5,), (9,), (2.5,))
('K.3 Musicalion', 'P1', 1, (58, 59), (19,), (1.5,), (19,), (1.5,))
('K.3 Musicalion', 'P1', 1, (74, 75), (23,), (1.5,), (23,), (1.5,))
('K.3 Musicalion', 'P1', 1, (90, 91), (27,), (1.5,), (27,), (1.5,))
('K.3 Musicalion', 'P1', 1, (191, 192), (52,), (2.5,), (52,), (2.5,))
('K.3 Musicalion', 'P1', 1, (225, 226), (59,), (2.5,), (59,), (2.5,))
('K.3 Musicalion', 'P1', 1, (250, 251), (69,), (1.5,), (69,), (1.5,))
('K.3 Musicalion', 'P1', 1, (265, 266), (73,), (1.5,), (73,), (1.5,))
('K.3 Musicalion', 'P1', 1, (315, 316), (85,), (2.5,), (85,), (2.5,))
('K.3 Musicalion', 'P1', 1, (332, 333), (91,), (2.5,), (91,), (2.5,))
('K.3 Musicalion', 'P1', 2, (5, 6), (38,), (1.5,), (38,), (1.5,))
('K.3 Musicalion', 'P1', 2, (24, 25), (62,), (1.5,), (62,), (1.5,))
('K.3 Musicalion', 'P1', 2, (36, 37), (89,), (1.5,), (89,), (1.5,))
('K.3 Musicalion', 'P1', 3, (7, 8), (4,), (1.5,), (4,), (1.5,))
('K.3 Musicalion', 'P1', 3, (12, 13), (6,), (1.5,), (6,), (1.5,))
('K.3 Musicalion', 'P1', 3, (17, 18), (8,), (1.5,), (8,), (1.5,))
('K.3 Musicalion', 'P1', 3, (22, 23), (10,), (1.5,), (10,), (1.5,))
('K.3 Musicalion', 'P1', 3, (28, 29), (12,), (1.5,), (12,), (1.5,))
('K.3 Musicalion', 'P1', 3, (35, 36), (14,), (1.5,), (14,), (1.5,))
('K.3 Musicalion', 'P1', 3, (40, 41), (15,), (2.5,), (15,), (2.5,))
('K.3 Musicalion', 'P1', 3, (63, 64), (28,), (2.5,), (28,), (2.5,))
('K.3 Musicalion', 'P1', 3, (66, 67), (29,), (2.5,), (29,), (2.5,))
('K.3 Musicalion', 'P1', 3, (69, 70), (30,), (2.5,), (30,), (2.5,))
('K.3 Musicalion', 'P1', 3, (72, 73), (31,), (2.5,), (31,), (2.5,))
('K.3 Musicalion', 'P1', 3, (74, 75), (32,), (1.5,), (32,), (1.5,))
('K.3 Musicalion', 'P1', 3, (76, 77), (32,), (2.5,), (32,), (2.5,))
('K.3 Musicalion', 'P1', 3, (91, 92), (40,), (1.5,), (40,), (1.5,))
('K.3 Musicalion', 'P1', 3, (187, 188), (79,), (2.5,), (79,), (2.5,))
('K.3 Musicalion', 'P1', 3, (190, 191), (80,), (2.5,), (80,), (2.5,))
('K.3 Musicalion', 'P1', 3, (193, 194), (81,), (2.5,), (81,), (2.5,))
('K.3 Musicalion', 'P1', 3, (196, 197), (82,), (2.5,), (82,), (2.5,))
('K.3 Musicalion', 'P1', 3, (198, 199), (83,), (1.5,), (83,), (1.5,))
('K.3 Musicalion', 'P1', 3, (200, 201), (83,), (2.5,), (83,), (2.5,))
('K.3 Musicalion', 'P1', 3, (206, 207), (85,), (1.5,), (85,), (1.5,))

32.    ((-2,), (1.0,), (0.0,)):
('K.3 Musicalion', 'P1', 1, (318, 319), (86,), (2.0,), (86,), (2.0,))
('K.3 Musicalion', 'P1', 1, (335, 336), (92,), (2.0,), (92,), (2.0,))
('K.3 Musicalion', 'P1', 2, (6, 7), (38,), (2.0,), (38,), (2.0,))
('K.3 Musicalion', 'P1', 2, (11, 12), (47,), (1.0,), (47,), (1.0,))
('K.3 Musicalion', 'P1', 2, (12, 13), (47,), (2.0,), (47,), (2.0,))
('K.3 Musicalion', 'P1', 2, (14, 15), (52,), (1.0,), (52,), (1.0,))
('K.3 Musicalion', 'P1', 2, (18, 19), (59,), (2.0,), (59,), (2.0,))
('K.3 Musicalion', 'P1', 2, (25, 26), (62,), (2.0,), (62,), (2.0,))
('K.3 Musicalion', 'P1', 2, (30, 31), (86,), (1.0,), (86,), (1.0,))
('K.3 Musicalion', 'P1', 2, (37, 38), (89,), (2.0,), (89,), (2.0,))
('K.3 Musicalion', 'P1', 2, (42, 43), (91,), (1.0,), (91,), (1.0,))
('K.3 Musicalion', 'P1', 3, (8, 9), (4,), (2.0,), (4,), (2.0,))
('K.3 Musicalion', 'P1', 3, (13, 14), (6,), (2.0,), (6,), (2.0,))
('K.3 Musicalion', 'P1', 3, (18, 19), (8,), (2.0,), (8,), (2.0,))
('K.3 Musicalion', 'P1', 3, (23, 24), (10,), (2.0,), (10,), (2.0,))
('K.3 Musicalion', 'P1', 3, (24, 25), (11,), (1.0,), (11,), (1.0,))
('K.3 Musicalion', 'P1', 3, (29, 30), (12,), (2.0,), (12,), (2.0,))
('K.3 Musicalion', 'P1', 3, (36, 37), (14,), (2.0,), (14,), (2.0,))
('K.3 Musicalion', 'P1', 3, (156, 157), (64,), (2.0,), (64,), (2.0,))
('K.3 Musicalion', 'P1', 3, (179, 180), (76,), (1.0,), (76,), (1.0,))
('K.3 Musicalion', 'P1', 3, (180, 181), (76,), (2.0,), (76,), (2.0,))
('K.3 Musicalion', 'P1', 3, (181, 182), (77,), (1.0,), (77,), (1.0,))
('K.3 Musicalion', 'P1', 3, (182, 183), (77,), (2.0,), (77,), (2.0,))
('K.3 Musicalion', 'P1', 3, (183, 184), (78,), (1.0,), (78,), (1.0,))
('K.3 Musicalion', 'P1', 3, (214, 215), (91,), (1.0,), (91,), (1.0,))

33.    ((-2,), (0.5,), (0.0,)):
('K.3 Musicalion', 'P1', 1, (13, 14), (4,), (1.0,), (4,), (1.0,))
('K.3 Musicalion', 'P1', 1, (25, 26), (8,), (1.0,), (8,), (1.0,))
('K.3 Musicalion', 'P1', 1, (31, 32), (10,), (1.0,), (10,), (1.0,))
('K.3 Musicalion', 'P1', 1, (59, 60), (19,), (2.0,), (19,), (2.0,))
('K.3 Musicalion', 'P1', 1, (75, 76), (23,), (2.0,), (23,), (2.0,))
('K.3 Musicalion', 'P1', 1, (117, 118), (34,), (1.0,), (34,), (1.0,))
('K.3 Musicalion', 'P1', 1, (189, 190), (52,), (1.0,), (52,), (1.0,))
('K.3 Musicalion', 'P1', 1, (222, 223), (59,), (1.0,), (59,), (1.0,))
('K.3 Musicalion', 'P1', 1, (251, 252), (69,), (2.0,), (69,), (2.0,))
('K.3 Musicalion', 'P1', 1, (266, 267), (73,), (2.0,), (73,), (2.0,))
('K.3 Musicalion', 'P1', 1, (275, 276), (76,), (1.0,), (76,), (1.0,))
('K.3 Musicalion', 'P1', 1, (279, 280), (77,), (1.0,), (77,), (1.0,))
('K.3 Musicalion', 'P1', 1, (283, 284), (78,), (1.0,), (78,), (1.0,))
('K.3 Musicalion', 'P1', 3, (92, 93), (40,), (2.0,), (40,), (2.0,))

34.    ((-3,), (0.5,), (0.5,)):
('K.3 Musicalion', 'P1', 1, (16, 17), (5,), (1.5,), (5,), (1.5,))
('K.3 Musicalion', 'P1', 1, (317, 318), (86,), (1.5,), (86,), (1.5,))
('K.3 Musicalion', 'P1', 1, (334, 335), (92,), (1.5,), (92,), (1.5,))
('K.3 Musicalion', 'P1', 3, (82, 83), (34,), (1.5,), (34,), (1.5,))
('K.3 Musicalion', 'P1', 3, (99, 100), (42,), (1.5,), (42,), (1.5,))

35.    ((-5,), (0.5,), (0.5,)):
('K.3 Musicalion', 'P1', 1, (92, 93), (27,), (2.5,), (27,), (2.5,))
('K.3 Musicalion', 'P1', 1, (96, 97), (28,), (2.5,), (28,), (2.5,))
('K.3 Musicalion', 'P1', 1, (290, 291), (79,), (2.5,), (79,), (2.5,))
('K.3 Musicalion', 'P1', 3, (150, 151), (58,), (2.5,), (58,), (2.5,))

36.    ((-5,), (0.5,), (0.0,)):
('K.3 Musicalion', 'P1', 1, (120, 121), (34,), (2.0,), (34,), (2.0,))
('K.3 Musicalion', 'P1', 1, (149, 150), (42,), (2.0,), (42,), (2.0,))
('K.3 Musicalion', 'P1', 3, (215, 216), (91,), (2.0,), (91,), (2.0,))

37.    ((4,), (0.5,), (0.0,)):
('K.3 Musicalion', 'P1', 1, (270, 271), (74,), (2.0,), (74,), (2.0,))
('K.3 Musicalion', 'P1', 1, (331, 332), (91,), (2.0,), (91,), (2.0,))
('K.3 Musicalion', 'P1', 3, (226, 227), (94,), (2.0,), (94,), (2.0,))

38.    ((5,), (0.5,), (0.0,)):
('K.3 Musicalion', 'P1', 1, (17, 18), (5,), (2.0,), (5,), (2.0,))
('K.3 Musicalion', 'P1', 1, (157, 158), (44,), (1.0,), (44,), (1.0,))

39.    ((4,), (1.0,), (0.5,)):
('K.3 Musicalion', 'P1', 1, (15, 16), (4,), (2.5,), (4,), (2.5,))
('K.3 Musicalion', 'P1', 3, (117, 118), (46,), (1.5,), (46,), (1.5,))

40.    ((2,), (1.0,), (0.0,)):
('K.3 Musicalion', 'P1', 2, (15, 16), (52,), (2.0,), (52,), (2.0,))
('K.3 Musicalion', 'P1', 3, (152, 153), (59,), (2.0,), (59,), (2.0,))

