1.    nomes:
K.258 KernScores

2.    quantidade:
1

3.    analise:
[('intDia', 'p1p2'), ('duracao', 'p1p2'), ('Ptempo', 'p1')] SemContInte Distancia: 0

1.    ((2, 2, 2, 1, 2, 2, 2, -8, 3, 3, 2, -7, 3, 3, 2, -3, 2, -3, 2, -3, 2, -3, 2, 8, -2, 2, -4, 2, -3, 2, -3, 2, -3, 2, 2, 2, 2, -2, 4, -2, 2, -4, 2, -3, 2, -3, 2, -3, 2, 2, 2, 2, -2, -2, -2, -2, -2, -2, 2, 2, 2, 2, -2, 2, 2, -2, -2, -2, -2, -2, 2, 8, -2, 2, -4, 2, -3, 2, -3, 2, -3, 2, -3, 2, -3, 2, -4, 2, -3, -2, 6, -7, 6), (0.25, 0.25, 0.25, 0.25, 0.25, 0.25, 0.25, 0.25, 0.25, 0.25, 0.25, 0.25, 0.25, 0.25, 0.25, 0.25, 0.25, 0.25, 0.25, 0.25, 0.25, 0.25, 0.25, 0.5, 0.25, 0.25, 0.25, 0.25, 0.25, 0.25, 0.25, 0.25, 0.25, 0.25, 1.5, 0.5, 0.5, 0.5, 0.5, 0.25, 0.25, 0.25, 0.25, 0.25, 0.25, 0.25, 0.25, 0.25, 0.25, 1.5, 0.5, 0.5, 0.5, 0.5, 0.5, 0.5, 0.5, 0.5, 0.5, 0.25, 0.25, 0.25, 0.25, 0.25, 0.25, 0.25, 0.25, 0.25, 0.25, 0.25, 0.25, 0.5, 0.25, 0.25, 0.25, 0.25, 0.25, 0.25, 0.25, 0.25, 0.25, 0.25, 0.25, 0.25, 0.25, 0.25, 0.25, 0.25, 0.25, 0.25, 0.25, 0.25, 0.25), (0.25,)):
('K.258 KernScores', 'P1', 1, (192, 285), (38,), (1.25,), (47,), (3.5,))
('K.258 KernScores', 'P1', 1, (463, 556), (74,), (1.25,), (83,), (3.5,))

2.    ((3, 2, 2, -5, 3, 2, 2, -2, -2, 2, 2, -8, 4, 8, -2, 2, -2, 2, -4, 2, -3, 2, -3, 2, -3, 2, 6, -2, 2, -2, 2, -4, 2, -3, 2, -3, 2, -3, 2, -3, 2, -3, 2, -4, 2, -3, 2, -3, 2, -3, 2, 2, 2, -8, 4, 8, -2, 2, -5, 2), (0.25, 0.25, 0.25, 2.25, 0.25, 0.25, 0.25, 1.5, 0.5, 1.0, 1.0, 1.0, 1.0, 1.0, 1.0, 1.5, 0.25, 0.25, 0.25, 0.25, 0.25, 0.25, 0.25, 0.25, 0.25, 0.25, 1.0, 1.0, 1.5, 0.25, 0.25, 0.25, 0.25, 0.25, 0.25, 0.25, 0.25, 0.25, 0.25, 0.25, 0.25, 0.25, 0.25, 0.25, 0.25, 0.25, 0.25, 0.25, 0.25, 0.25, 0.25, 0.5, 0.5, 1.0, 1.0, 1.0, 1.0, 1.0, 1.0, 1.0), (0.25,)):
('K.258 KernScores', 'P2', 1, (170, 230), (36,), (3.25,), (47,), (2.0,))
('K.258 KernScores', 'P2', 1, (357, 417), (72,), (3.25,), (83,), (2.0,))

3.    ((2, -2, 2, 3, -2, 2, -2, 3, -2, 2, -2, 3, -2, 2, -2, 3, -2, 2, -2, -2, -2, 5), (0.25, 0.25, 0.25, 0.25, 0.25, 0.25, 0.25, 0.25, 0.25, 0.25, 0.25, 0.25, 0.25, 0.25, 0.25, 0.25, 0.25, 0.25, 0.25, 0.5, 0.25, 0.25), (0.25,)):
('K.258 KernScores', 'P1', 1, (117, 139), (28,), (1.25,), (29,), (3.75,))
('K.258 KernScores', 'P2', 1, (133, 155), (30,), (1.25,), (31,), (3.75,))
('K.258 KernScores', 'P2', 1, (254, 276), (56,), (1.25,), (57,), (3.75,))
('K.258 KernScores', 'P2', 1, (279, 301), (59,), (1.25,), (60,), (3.75,))
('K.258 KernScores', 'P2', 1, (304, 326), (62,), (1.25,), (63,), (3.75,))

4.    ((-2, 2, -4, 2, -3, 2, -3, 2, -3, 2, -3, 2, -3, 2, -4, 2, -3), (0.25, 0.25, 0.25, 0.25, 0.25, 0.25, 0.25, 0.25, 0.25, 0.25, 0.25, 0.25, 0.25, 0.25, 0.25, 0.25, 0.25), (0.5,)):
('K.258 KernScores', 'P1', 1, (264, 281), (46,), (1.5,), (47,), (2.5,))
('K.258 KernScores', 'P1', 1, (535, 552), (82,), (1.5,), (83,), (2.5,))
('K.258 KernScores', 'P1', 1, (558, 575), (84,), (1.5,), (85,), (2.5,))
('K.258 KernScores', 'P2', 1, (199, 216), (43,), (1.5,), (44,), (2.5,))
('K.258 KernScores', 'P2', 1, (386, 403), (79,), (1.5,), (80,), (2.5,))

5.    ((2, 2, 2, -8, 2, 2, 2, (3, 2), 2, 2, 2, -8, 2, 2, 2), (0.25, 0.25, 0.25, 0.25, 0.25, 0.25, 0.25, (0.0, 1.25), 0.25, 0.25, 0.25, 0.25, 0.25, 0.25, 0.25), (0.25,)):
('K.258 KernScores', 'P1', 2, (63, 78), (68,), (1.25,), (69,), (2.75,))
('K.258 KernScores', 'P1', 2, (80, 95), (72,), (1.25,), (73,), (2.75,))

6.    ((-8, 11, -8, 5, -8, 11, -8, 9, -8, 4, -8, 12, -8, 4), (0.5, 0.5, 0.5, 0.5, 0.5, 0.5, 0.5, 0.5, 0.5, 0.5, 0.5, 0.5, 0.5, 0.5), (0.0,)):
('K.258 KernScores', 'P2', 1, (77, 91), (19,), (2.0,), (21,), (2.5,))
('K.258 KernScores', 'P2', 1, (101, 115), (23,), (2.0,), (25,), (2.5,))

7.    ((-2, 2, -4, 2, -3, 2, -3, 2, -3, 2), (0.25, 0.25, 0.25, 0.25, 0.25, 0.25, 0.25, 0.25, 0.25, 0.25), (0.5,)):
('K.258 KernScores', 'P1', 1, (216, 226), (40,), (1.5,), (40,), (3.75,))
('K.258 KernScores', 'P1', 1, (231, 241), (42,), (1.5,), (42,), (3.75,))
('K.258 KernScores', 'P1', 1, (487, 497), (76,), (1.5,), (76,), (3.75,))
('K.258 KernScores', 'P1', 1, (502, 512), (78,), (1.5,), (78,), (3.75,))
('K.258 KernScores', 'P2', 1, (186, 196), (41,), (1.5,), (41,), (3.75,))
('K.258 KernScores', 'P2', 1, (373, 383), (77,), (1.5,), (77,), (3.75,))

8.    ((-2, -2, -2, -2, -2, -2, -2, -2), (0.25, 0.25, 0.25, 0.25, 0.25, 0.25, 0.25, 0.25), (0.0,)):
('K.258 KernScores', 'P1', 1, (105, 113), (26,), (1.0,), (26,), (2.75,))
('K.258 KernScores', 'P1', 2, (49, 57), (65,), (3.0,), (66,), (1.75,))
('K.258 KernScores', 'P2', 1, (116, 124), (27,), (1.0,), (27,), (2.75,))

9.    ((-8, 2, 2, 6, -8, 2, 2), (0.25, 0.25, 0.25, 2.25, 0.25, 0.25, 0.25), (0.0,)):
('K.258 KernScores', 'P1', 2, (30, 37), (32,), (2.0,), (33,), (2.5,))
('K.258 KernScores', 'P1', 2, (38, 45), (36,), (2.0,), (37,), (2.5,))

10.    ((1, -2, -2, 2, 2, -9, 10), (1.5, 0.5, 0.5, 0.5, 0.5, 0.5, 2.0), (0.0,)):
('K.258 KernScores', 'P2', 1, (8, 15), (3,), (3.0,), (5,), (1.0,))
('K.258 KernScores', 'P2', 1, (15, 22), (5,), (3.0,), (7,), (1.0,))

11.    ((-3, -4, -3, 10, -2, -2), (0.5, 0.5, 0.5, 0.5, 0.5, 0.25), (0.0,)):
('K.258 KernScores', 'P1', 1, (8, 14), (3,), (1.0,), (3,), (3.5,))
('K.258 KernScores', 'P1', 1, (16, 22), (5,), (1.0,), (5,), (3.5,))
('K.258 KernScores', 'P1', 1, (24, 30), (7,), (1.0,), (7,), (3.5,))
('K.258 KernScores', 'P2', 1, (38, 44), (11,), (1.0,), (11,), (3.5,))
('K.258 KernScores', 'P2', 1, (46, 52), (13,), (1.0,), (13,), (3.5,))
('K.258 KernScores', 'P2', 1, (54, 60), (15,), (1.0,), (15,), (3.5,))

12.    ((-4, -3, -3, 10, -2, -2), (0.5, 0.5, 0.5, 0.5, 0.5, 0.25), (0.0,)):
('K.258 KernScores', 'P1', 1, (0, 6), (1,), (1.0,), (1,), (3.5,))
('K.258 KernScores', 'P2', 1, (30, 36), (9,), (1.0,), (9,), (3.5,))

13.    (((3, 2), 2, 2, 2), ((0.0, 1.25), 0.25, 0.25, 0.25), (0.0,)):
('K.258 KernScores', 'P1', 1, (149, 153), (32,), (3.0,), (33,), (1.75,))
('K.258 KernScores', 'P1', 1, (155, 159), (33,), (3.0,), (34,), (1.75,))
('K.258 KernScores', 'P1', 1, (185, 189), (36,), (3.0,), (37,), (1.75,))
('K.258 KernScores', 'P1', 1, (191, 195), (37,), (3.0,), (38,), (1.75,))
('K.258 KernScores', 'P1', 2, (70, 74), (68,), (3.0,), (69,), (1.75,))
('K.258 KernScores', 'P1', 2, (87, 91), (72,), (3.0,), (73,), (1.75,))

14.    ((2, 2, 2, -8), (0.25, 0.25, 0.25, 0.25), (0.25,)):
('K.258 KernScores', 'P1', 1, (160, 164), (34,), (2.25,), (34,), (3.0,))
('K.258 KernScores', 'P1', 1, (196, 200), (38,), (2.25,), (38,), (3.0,))
('K.258 KernScores', 'P1', 1, (439, 443), (70,), (2.25,), (70,), (3.0,))
('K.258 KernScores', 'P1', 1, (467, 471), (74,), (2.25,), (74,), (3.0,))
('K.258 KernScores', 'P1', 2, (27, 31), (32,), (1.25,), (32,), (2.0,))
('K.258 KernScores', 'P1', 2, (63, 67), (68,), (1.25,), (68,), (2.0,))

15.    ((2, 2, 2, 2), (0.25, 0.25, 0.25, 0.25), (0.0,)):
('K.258 KernScores', 'P1', 1, (179, 183), (36,), (1.0,), (36,), (1.75,))
('K.258 KernScores', 'P1', 1, (342, 346), (54,), (2.0,), (54,), (2.75,))
('K.258 KernScores', 'P1', 2, (79, 83), (72,), (1.0,), (72,), (1.75,))

16.    ((-2, -2, -2, -2), (0.25, 0.25, 0.25, 0.25), (0.0,)):
('K.258 KernScores', 'P1', 1, (425, 429), (67,), (2.0,), (67,), (2.75,))
('K.258 KernScores', 'P1', 2, (58, 62), (67,), (1.0,), (67,), (1.75,))
('K.258 KernScores', 'P2', 1, (124, 128), (27,), (3.0,), (27,), (3.75,))

17.    ((1, 2, 2, 2), (1.25, 0.25, 0.25, 0.25), (0.0,)):
('K.258 KernScores', 'P2', 1, (326, 330), (64,), (1.0,), (64,), (2.75,))
('K.258 KernScores', 'P2', 1, (330, 334), (64,), (3.0,), (65,), (1.75,))

18.    ((2, 2, 2), (0.25, 0.25, 0.25), (0.25,)):
('K.258 KernScores', 'P1', 1, (150, 153), (33,), (1.25,), (33,), (1.75,))
('K.258 KernScores', 'P1', 1, (156, 159), (34,), (1.25,), (34,), (1.75,))
('K.258 KernScores', 'P1', 1, (160, 163), (34,), (2.25,), (34,), (2.75,))
('K.258 KernScores', 'P1', 1, (180, 183), (36,), (1.25,), (36,), (1.75,))
('K.258 KernScores', 'P1', 1, (186, 189), (37,), (1.25,), (37,), (1.75,))
('K.258 KernScores', 'P1', 1, (192, 195), (38,), (1.25,), (38,), (1.75,))
('K.258 KernScores', 'P1', 1, (196, 199), (38,), (2.25,), (38,), (2.75,))
('K.258 KernScores', 'P1', 1, (343, 346), (54,), (2.25,), (54,), (2.75,))
('K.258 KernScores', 'P1', 1, (355, 358), (55,), (2.25,), (55,), (2.75,))
('K.258 KernScores', 'P1', 1, (359, 362), (55,), (3.25,), (55,), (3.75,))
('K.258 KernScores', 'P1', 1, (372, 375), (58,), (2.25,), (58,), (2.75,))
('K.258 KernScores', 'P1', 1, (389, 392), (61,), (2.25,), (61,), (2.75,))
('K.258 KernScores', 'P1', 1, (402, 405), (64,), (1.25,), (64,), (1.75,))
('K.258 KernScores', 'P1', 1, (435, 438), (70,), (1.25,), (70,), (1.75,))
('K.258 KernScores', 'P1', 1, (439, 442), (70,), (2.25,), (70,), (2.75,))
('K.258 KernScores', 'P1', 1, (463, 466), (74,), (1.25,), (74,), (1.75,))
('K.258 KernScores', 'P1', 1, (467, 470), (74,), (2.25,), (74,), (2.75,))
('K.258 KernScores', 'P1', 2, (27, 30), (32,), (1.25,), (32,), (1.75,))
('K.258 KernScores', 'P1', 2, (63, 66), (68,), (1.25,), (68,), (1.75,))
('K.258 KernScores', 'P1', 2, (67, 70), (68,), (2.25,), (68,), (2.75,))
('K.258 KernScores', 'P1', 2, (71, 74), (69,), (1.25,), (69,), (1.75,))
('K.258 KernScores', 'P1', 2, (75, 78), (69,), (2.25,), (69,), (2.75,))
('K.258 KernScores', 'P1', 2, (80, 83), (72,), (1.25,), (72,), (1.75,))
('K.258 KernScores', 'P1', 2, (84, 87), (72,), (2.25,), (72,), (2.75,))
('K.258 KernScores', 'P1', 2, (88, 91), (73,), (1.25,), (73,), (1.75,))
('K.258 KernScores', 'P1', 2, (92, 95), (73,), (2.25,), (73,), (2.75,))
('K.258 KernScores', 'P2', 1, (327, 330), (64,), (2.25,), (64,), (2.75,))
('K.258 KernScores', 'P2', 1, (331, 334), (65,), (1.25,), (65,), (1.75,))

19.    ((3, 2, 2), (0.25, 0.25, 0.25), (0.25,)):
('K.258 KernScores', 'P1', 1, (288, 291), (49,), (1.25,), (49,), (1.75,))
('K.258 KernScores', 'P1', 1, (292, 295), (49,), (2.25,), (49,), (2.75,))
('K.258 KernScores', 'P1', 1, (296, 299), (50,), (1.25,), (50,), (1.75,))
('K.258 KernScores', 'P1', 1, (300, 303), (50,), (2.25,), (50,), (2.75,))
('K.258 KernScores', 'P1', 1, (304, 307), (51,), (1.25,), (51,), (1.75,))
('K.258 KernScores', 'P2', 1, (156, 159), (32,), (3.25,), (32,), (3.75,))
('K.258 KernScores', 'P2', 1, (160, 163), (33,), (3.25,), (33,), (3.75,))
('K.258 KernScores', 'P2', 1, (170, 173), (36,), (3.25,), (36,), (3.75,))
('K.258 KernScores', 'P2', 1, (174, 177), (37,), (3.25,), (37,), (3.75,))
('K.258 KernScores', 'P2', 1, (343, 346), (68,), (3.25,), (68,), (3.75,))
('K.258 KernScores', 'P2', 1, (347, 350), (69,), (3.25,), (69,), (3.75,))
('K.258 KernScores', 'P2', 1, (357, 360), (72,), (3.25,), (72,), (3.75,))
('K.258 KernScores', 'P2', 1, (361, 364), (73,), (3.25,), (73,), (3.75,))

20.    ((-2, -2, 2), (0.5, 0.5, 0.5), (0.5,)):
('K.258 KernScores', 'P1', 1, (248, 251), (44,), (2.5,), (44,), (3.5,))
('K.258 KernScores', 'P1', 1, (519, 522), (80,), (2.5,), (80,), (3.5,))
('K.258 KernScores', 'P2', 1, (2, 5), (2,), (1.5,), (2,), (2.5,))
('K.258 KernScores', 'P2', 1, (9, 12), (4,), (1.5,), (4,), (2.5,))
('K.258 KernScores', 'P2', 1, (16, 19), (6,), (1.5,), (6,), (2.5,))

21.    ((2, 2, -3), (0.5, 0.5, 0.5), (0.0,)):
('K.258 KernScores', 'P1', 1, (45, 48), (10,), (3.0,), (11,), (1.0,))
('K.258 KernScores', 'P1', 1, (54, 57), (12,), (3.0,), (13,), (1.0,))
('K.258 KernScores', 'P1', 1, (63, 66), (14,), (3.0,), (15,), (1.0,))
('K.258 KernScores', 'P2', 1, (65, 68), (17,), (1.0,), (17,), (2.0,))

22.    ((-2, -2, -2), (0.5, 0.5, 0.5), (0.5,)):
('K.258 KernScores', 'P1', 1, (73, 76), (16,), (3.5,), (17,), (1.5,))
('K.258 KernScores', 'P1', 1, (244, 247), (43,), (3.5,), (44,), (1.5,))
('K.258 KernScores', 'P1', 1, (515, 518), (79,), (3.5,), (80,), (1.5,))
('K.258 KernScores', 'P2', 1, (62, 65), (16,), (2.5,), (16,), (3.5,))

23.    ((-2, -2, 2), (0.5, 0.25, 0.25), (0.0,)):
('K.258 KernScores', 'P1', 1, (37, 40), (8,), (3.0,), (8,), (3.75,))
('K.258 KernScores', 'P2', 1, (27, 30), (8,), (3.0,), (8,), (3.75,))
('K.258 KernScores', 'P2', 1, (69, 72), (17,), (3.0,), (17,), (3.75,))

24.    ((6, -5, (4, -2)), (0.5, 0.5, (0.0, 1.0)), (0.0,)):
('K.258 KernScores', 'P1', 1, (82, 85), (19,), (1.0,), (19,), (2.0,))
('K.258 KernScores', 'P1', 1, (85, 88), (19,), (3.0,), (20,), (1.0,))

25.    ((1, 3, -3), (1.5, 0.5, 1.5), (0.5,)):
('K.258 KernScores', 'P1', 1, (94, 97), (21,), (3.5,), (22,), (2.5,))
('K.258 KernScores', 'P1', 1, (98, 101), (23,), (1.5,), (23,), (3.5,))

26.    (((5, 2), -2, (5, 2)), ((0.0, 1.0), 1.0, (0.0, 1.0)), (0.0,)):
('K.258 KernScores', 'P1', 2, (12, 15), (22,), (1.0,), (22,), (3.0,))
('K.258 KernScores', 'P1', 2, (16, 19), (23,), (2.0,), (24,), (1.0,))

27.    ((4, 2, 2), (0.25, 0.25, 0.25), (0.0,)):
('K.258 KernScores', 'P2', 1, (232, 235), (49,), (3.0,), (49,), (3.5,))
('K.258 KernScores', 'P2', 1, (236, 239), (50,), (3.0,), (50,), (3.5,))

28.    ((-5, 2, -5), (1.0, 1.0, 1.0), (0.0,)):
('K.258 KernScores', 'P2', 1, (334, 337), (65,), (2.0,), (66,), (1.0,))
('K.258 KernScores', 'P2', 1, (337, 340), (66,), (2.0,), (67,), (1.0,))

29.    ((2, 2), (0.25, 0.25), (0.25,)):
('K.258 KernScores', 'P1', 1, (252, 254), (45,), (1.25,), (45,), (1.5,))
('K.258 KernScores', 'P1', 1, (376, 378), (58,), (3.25,), (58,), (3.5,))
('K.258 KernScores', 'P1', 1, (393, 395), (61,), (3.25,), (61,), (3.5,))
('K.258 KernScores', 'P1', 1, (408, 410), (64,), (3.25,), (64,), (3.5,))
('K.258 KernScores', 'P1', 1, (523, 525), (81,), (1.25,), (81,), (1.5,))
('K.258 KernScores', 'P1', 2, (31, 33), (32,), (2.25,), (32,), (2.5,))
('K.258 KernScores', 'P1', 2, (35, 37), (33,), (2.25,), (33,), (2.5,))
('K.258 KernScores', 'P1', 2, (39, 41), (36,), (2.25,), (36,), (2.5,))
('K.258 KernScores', 'P1', 2, (43, 45), (37,), (2.25,), (37,), (2.5,))
('K.258 KernScores', 'P2', 1, (233, 235), (49,), (3.25,), (49,), (3.5,))
('K.258 KernScores', 'P2', 1, (237, 239), (50,), (3.25,), (50,), (3.5,))

30.    ((-2, -2), (0.5, 0.5), (0.0,)):
('K.258 KernScores', 'P1', 1, (74, 76), (17,), (1.0,), (17,), (1.5,))
('K.258 KernScores', 'P1', 1, (76, 78), (17,), (2.0,), (17,), (2.5,))
('K.258 KernScores', 'P1', 1, (245, 247), (44,), (1.0,), (44,), (1.5,))
('K.258 KernScores', 'P1', 1, (247, 249), (44,), (2.0,), (44,), (2.5,))
('K.258 KernScores', 'P1', 1, (405, 407), (64,), (2.0,), (64,), (2.5,))
('K.258 KernScores', 'P1', 1, (516, 518), (80,), (1.0,), (80,), (1.5,))
('K.258 KernScores', 'P1', 1, (518, 520), (80,), (2.0,), (80,), (2.5,))
('K.258 KernScores', 'P1', 2, (46, 48), (65,), (1.0,), (65,), (1.5,))
('K.258 KernScores', 'P2', 1, (63, 65), (16,), (3.0,), (16,), (3.5,))

31.    ((2, 2), (0.5, 0.5), (0.0,)):
('K.258 KernScores', 'P1', 1, (43, 45), (10,), (2.0,), (10,), (2.5,))
('K.258 KernScores', 'P1', 1, (49, 51), (11,), (2.0,), (11,), (2.5,))
('K.258 KernScores', 'P1', 1, (52, 54), (12,), (2.0,), (12,), (2.5,))
('K.258 KernScores', 'P1', 1, (58, 60), (13,), (2.0,), (13,), (2.5,))
('K.258 KernScores', 'P1', 1, (61, 63), (14,), (2.0,), (14,), (2.5,))
('K.258 KernScores', 'P2', 1, (221, 223), (45,), (1.0,), (45,), (1.5,))
('K.258 KernScores', 'P2', 1, (408, 410), (81,), (1.0,), (81,), (1.5,))

32.    ((-2, 2), (0.25, 0.25), (0.5,)):
('K.258 KernScores', 'P1', 1, (261, 263), (45,), (3.5,), (45,), (3.75,))
('K.258 KernScores', 'P1', 1, (340, 342), (54,), (1.5,), (54,), (1.75,))
('K.258 KernScores', 'P1', 1, (348, 350), (54,), (3.5,), (54,), (3.75,))
('K.258 KernScores', 'P1', 1, (352, 354), (55,), (1.5,), (55,), (1.75,))
('K.258 KernScores', 'P1', 1, (532, 534), (81,), (3.5,), (81,), (3.75,))
('K.258 KernScores', 'P2', 1, (23, 25), (8,), (1.5,), (8,), (1.75,))

33.    ((-2, 2), (0.5, 1.0), (0.5,)):
('K.258 KernScores', 'P1', 2, (47, 49), (65,), (1.5,), (65,), (2.0,))
('K.258 KernScores', 'P2', 1, (164, 166), (34,), (2.5,), (34,), (3.0,))
('K.258 KernScores', 'P2', 1, (178, 180), (38,), (2.5,), (38,), (3.0,))
('K.258 KernScores', 'P2', 1, (351, 353), (70,), (2.5,), (70,), (3.0,))
('K.258 KernScores', 'P2', 1, (365, 367), (74,), (2.5,), (74,), (3.0,))

34.    ((2,), (0.5,), (0.0,)):
('K.258 KernScores', 'P1', 1, (33, 34), (8,), (2.0,), (8,), (2.0,))
('K.258 KernScores', 'P1', 1, (43, 44), (10,), (2.0,), (10,), (2.0,))
('K.258 KernScores', 'P1', 1, (45, 46), (10,), (3.0,), (10,), (3.0,))
('K.258 KernScores', 'P1', 1, (49, 50), (11,), (2.0,), (11,), (2.0,))
('K.258 KernScores', 'P1', 1, (52, 53), (12,), (2.0,), (12,), (2.0,))
('K.258 KernScores', 'P1', 1, (54, 55), (12,), (3.0,), (12,), (3.0,))
('K.258 KernScores', 'P1', 1, (58, 59), (13,), (2.0,), (13,), (2.0,))
('K.258 KernScores', 'P1', 1, (61, 62), (14,), (2.0,), (14,), (2.0,))
('K.258 KernScores', 'P1', 1, (63, 64), (14,), (3.0,), (14,), (3.0,))
('K.258 KernScores', 'P1', 1, (93, 94), (21,), (3.0,), (21,), (3.0,))
('K.258 KernScores', 'P1', 1, (228, 229), (41,), (3.0,), (41,), (3.0,))
('K.258 KernScores', 'P1', 1, (243, 244), (43,), (3.0,), (43,), (3.0,))
('K.258 KernScores', 'P1', 1, (499, 500), (77,), (3.0,), (77,), (3.0,))
('K.258 KernScores', 'P1', 1, (514, 515), (79,), (3.0,), (79,), (3.0,))
('K.258 KernScores', 'P1', 2, (0, 1), (10,), (1.0,), (10,), (1.0,))
('K.258 KernScores', 'P1', 2, (3, 4), (12,), (1.0,), (12,), (1.0,))
('K.258 KernScores', 'P1', 2, (6, 7), (14,), (1.0,), (14,), (1.0,))
('K.258 KernScores', 'P2', 1, (5, 6), (2,), (3.0,), (2,), (3.0,))
('K.258 KernScores', 'P2', 1, (12, 13), (4,), (3.0,), (4,), (3.0,))
('K.258 KernScores', 'P2', 1, (19, 20), (6,), (3.0,), (6,), (3.0,))
('K.258 KernScores', 'P2', 1, (65, 66), (17,), (1.0,), (17,), (1.0,))
('K.258 KernScores', 'P2', 1, (221, 222), (45,), (1.0,), (45,), (1.0,))
('K.258 KernScores', 'P2', 1, (408, 409), (81,), (1.0,), (81,), (1.0,))

35.    ((2,), (1.0,), (0.0,)):
('K.258 KernScores', 'P1', 1, (141, 142), (30,), (3.0,), (30,), (3.0,))
('K.258 KernScores', 'P1', 2, (15, 16), (23,), (1.0,), (23,), (1.0,))
('K.258 KernScores', 'P1', 2, (21, 22), (25,), (1.0,), (25,), (1.0,))
('K.258 KernScores', 'P1', 2, (48, 49), (65,), (2.0,), (65,), (2.0,))
('K.258 KernScores', 'P2', 1, (129, 130), (28,), (3.0,), (28,), (3.0,))
('K.258 KernScores', 'P2', 1, (130, 131), (29,), (1.0,), (29,), (1.0,))
('K.258 KernScores', 'P2', 1, (131, 132), (29,), (2.0,), (29,), (2.0,))
('K.258 KernScores', 'P2', 1, (165, 166), (34,), (3.0,), (34,), (3.0,))
('K.258 KernScores', 'P2', 1, (166, 167), (35,), (1.0,), (35,), (1.0,))
('K.258 KernScores', 'P2', 1, (179, 180), (38,), (3.0,), (38,), (3.0,))
('K.258 KernScores', 'P2', 1, (180, 181), (39,), (1.0,), (39,), (1.0,))
('K.258 KernScores', 'P2', 1, (227, 228), (46,), (3.0,), (46,), (3.0,))
('K.258 KernScores', 'P2', 1, (229, 230), (47,), (2.0,), (47,), (2.0,))
('K.258 KernScores', 'P2', 1, (335, 336), (65,), (3.0,), (65,), (3.0,))
('K.258 KernScores', 'P2', 1, (338, 339), (66,), (3.0,), (66,), (3.0,))
('K.258 KernScores', 'P2', 1, (352, 353), (70,), (3.0,), (70,), (3.0,))
('K.258 KernScores', 'P2', 1, (353, 354), (71,), (1.0,), (71,), (1.0,))
('K.258 KernScores', 'P2', 1, (366, 367), (74,), (3.0,), (74,), (3.0,))
('K.258 KernScores', 'P2', 1, (367, 368), (75,), (1.0,), (75,), (1.0,))
('K.258 KernScores', 'P2', 1, (414, 415), (82,), (3.0,), (82,), (3.0,))
('K.258 KernScores', 'P2', 1, (416, 417), (83,), (2.0,), (83,), (2.0,))
('K.258 KernScores', 'P2', 1, (420, 421), (84,), (3.0,), (84,), (3.0,))
('K.258 KernScores', 'P2', 1, (422, 423), (85,), (2.0,), (85,), (2.0,))

36.    ((1,), (1.0,), (0.0,)):
('K.258 KernScores', 'P1', 1, (362, 363), (56,), (1.0,), (56,), (1.0,))
('K.258 KernScores', 'P1', 1, (363, 364), (56,), (2.0,), (56,), (2.0,))
('K.258 KernScores', 'P1', 1, (364, 365), (56,), (3.0,), (56,), (3.0,))
('K.258 KernScores', 'P1', 1, (365, 366), (57,), (1.0,), (57,), (1.0,))
('K.258 KernScores', 'P1', 1, (366, 367), (57,), (2.0,), (57,), (2.0,))
('K.258 KernScores', 'P1', 1, (379, 380), (59,), (1.0,), (59,), (1.0,))
('K.258 KernScores', 'P1', 1, (380, 381), (59,), (2.0,), (59,), (2.0,))
('K.258 KernScores', 'P1', 1, (381, 382), (59,), (3.0,), (59,), (3.0,))
('K.258 KernScores', 'P1', 1, (382, 383), (60,), (1.0,), (60,), (1.0,))
('K.258 KernScores', 'P1', 1, (383, 384), (60,), (2.0,), (60,), (2.0,))
('K.258 KernScores', 'P1', 1, (396, 397), (62,), (1.0,), (62,), (1.0,))
('K.258 KernScores', 'P1', 1, (397, 398), (62,), (2.0,), (62,), (2.0,))
('K.258 KernScores', 'P1', 1, (398, 399), (62,), (3.0,), (62,), (3.0,))
('K.258 KernScores', 'P1', 1, (399, 400), (63,), (1.0,), (63,), (1.0,))
('K.258 KernScores', 'P1', 1, (400, 401), (63,), (2.0,), (63,), (2.0,))
('K.258 KernScores', 'P1', 2, (11, 12), (21,), (3.0,), (21,), (3.0,))
('K.258 KernScores', 'P1', 2, (19, 20), (24,), (2.0,), (24,), (2.0,))

37.    ((-2,), (1.0,), (0.0,)):
('K.258 KernScores', 'P1', 1, (78, 79), (17,), (3.0,), (17,), (3.0,))
('K.258 KernScores', 'P1', 1, (139, 140), (30,), (1.0,), (30,), (1.0,))
('K.258 KernScores', 'P1', 1, (142, 143), (31,), (1.0,), (31,), (1.0,))
('K.258 KernScores', 'P1', 1, (415, 416), (66,), (1.0,), (66,), (1.0,))
('K.258 KernScores', 'P1', 1, (424, 425), (67,), (1.0,), (67,), (1.0,))
('K.258 KernScores', 'P1', 2, (9, 10), (21,), (1.0,), (21,), (1.0,))
('K.258 KernScores', 'P1', 2, (13, 14), (22,), (2.0,), (22,), (2.0,))
('K.258 KernScores', 'P1', 2, (17, 18), (23,), (3.0,), (23,), (3.0,))
('K.258 KernScores', 'P2', 1, (72, 73), (18,), (1.0,), (18,), (1.0,))
('K.258 KernScores', 'P2', 1, (184, 185), (40,), (2.0,), (40,), (2.0,))
('K.258 KernScores', 'P2', 1, (197, 198), (42,), (2.0,), (42,), (2.0,))
('K.258 KernScores', 'P2', 1, (226, 227), (46,), (2.0,), (46,), (2.0,))
('K.258 KernScores', 'P2', 1, (371, 372), (76,), (2.0,), (76,), (2.0,))
('K.258 KernScores', 'P2', 1, (384, 385), (78,), (2.0,), (78,), (2.0,))
('K.258 KernScores', 'P2', 1, (413, 414), (82,), (2.0,), (82,), (2.0,))
('K.258 KernScores', 'P2', 1, (419, 420), (84,), (2.0,), (84,), (2.0,))
('K.258 KernScores', 'P2', 2, (3, 4), (50,), (2.0,), (50,), (2.0,))

38.    ((4,), (1.0,), (0.0,)):
('K.258 KernScores', 'P1', 1, (41, 42), (9,), (2.0,), (9,), (2.0,))
('K.258 KernScores', 'P1', 1, (143, 144), (31,), (2.0,), (31,), (2.0,))
('K.258 KernScores', 'P2', 1, (74, 75), (18,), (3.0,), (18,), (3.0,))
('K.258 KernScores', 'P2', 1, (182, 183), (39,), (3.0,), (39,), (3.0,))
('K.258 KernScores', 'P2', 1, (224, 225), (45,), (3.0,), (45,), (3.0,))
('K.258 KernScores', 'P2', 1, (355, 356), (71,), (3.0,), (71,), (3.0,))
('K.258 KernScores', 'P2', 1, (369, 370), (75,), (3.0,), (75,), (3.0,))
('K.258 KernScores', 'P2', 1, (411, 412), (81,), (3.0,), (81,), (3.0,))

39.    ((2,), (1.5,), (0.0,)):
('K.258 KernScores', 'P1', 1, (226, 227), (41,), (1.0,), (41,), (1.0,))
('K.258 KernScores', 'P1', 1, (241, 242), (43,), (1.0,), (43,), (1.0,))
('K.258 KernScores', 'P1', 1, (497, 498), (77,), (1.0,), (77,), (1.0,))
('K.258 KernScores', 'P1', 1, (512, 513), (79,), (1.0,), (79,), (1.0,))
('K.258 KernScores', 'P2', 1, (185, 186), (40,), (3.0,), (40,), (3.0,))
('K.258 KernScores', 'P2', 1, (198, 199), (42,), (3.0,), (42,), (3.0,))
('K.258 KernScores', 'P2', 1, (372, 373), (76,), (3.0,), (76,), (3.0,))
('K.258 KernScores', 'P2', 1, (385, 386), (78,), (3.0,), (78,), (3.0,))

40.    ((-8,), (0.25,), (0.0,)):
('K.258 KernScores', 'P1', 1, (314, 315), (52,), (1.0,), (52,), (1.0,))
('K.258 KernScores', 'P1', 2, (34, 35), (33,), (2.0,), (33,), (2.0,))
('K.258 KernScores', 'P1', 2, (38, 39), (36,), (2.0,), (36,), (2.0,))
('K.258 KernScores', 'P1', 2, (42, 43), (37,), (2.0,), (37,), (2.0,))
('K.258 KernScores', 'P1', 2, (74, 75), (69,), (2.0,), (69,), (2.0,))
('K.258 KernScores', 'P1', 2, (83, 84), (72,), (2.0,), (72,), (2.0,))
('K.258 KernScores', 'P1', 2, (91, 92), (73,), (2.0,), (73,), (2.0,))

41.    (((5, 2),), ((0.0, 1.0),), (0.0,)):
('K.258 KernScores', 'P1', 2, (10, 11), (21,), (2.0,), (21,), (2.0,))
('K.258 KernScores', 'P1', 2, (12, 13), (22,), (1.0,), (22,), (1.0,))
('K.258 KernScores', 'P1', 2, (14, 15), (22,), (3.0,), (22,), (3.0,))
('K.258 KernScores', 'P1', 2, (16, 17), (23,), (2.0,), (23,), (2.0,))
('K.258 KernScores', 'P1', 2, (18, 19), (24,), (1.0,), (24,), (1.0,))
('K.258 KernScores', 'P2', 1, (242, 243), (52,), (1.0,), (52,), (1.0,))

42.    ((-2,), (2.0,), (0.0,)):
('K.258 KernScores', 'P1', 1, (42, 43), (9,), (3.0,), (9,), (3.0,))
('K.258 KernScores', 'P1', 1, (51, 52), (11,), (3.0,), (11,), (3.0,))
('K.258 KernScores', 'P1', 1, (60, 61), (13,), (3.0,), (13,), (3.0,))
('K.258 KernScores', 'P1', 1, (81, 82), (18,), (2.0,), (18,), (2.0,))
('K.258 KernScores', 'P2', 2, (0, 1), (49,), (1.0,), (49,), (1.0,))

43.    (((4, -2),), ((0.0, 1.0),), (0.0,)):
('K.258 KernScores', 'P1', 1, (84, 85), (19,), (2.0,), (19,), (2.0,))
('K.258 KernScores', 'P1', 1, (87, 88), (20,), (1.0,), (20,), (1.0,))
('K.258 KernScores', 'P1', 2, (20, 21), (24,), (3.0,), (24,), (3.0,))
('K.258 KernScores', 'P1', 2, (22, 23), (25,), (2.0,), (25,), (2.0,))

44.    ((-2,), (1.25,), (0.0,)):
('K.258 KernScores', 'P1', 1, (295, 296), (49,), (3.0,), (49,), (3.0,))
('K.258 KernScores', 'P1', 1, (303, 304), (50,), (3.0,), (50,), (3.0,))
('K.258 KernScores', 'P2', 1, (278, 279), (58,), (3.0,), (58,), (3.0,))
('K.258 KernScores', 'P2', 1, (303, 304), (61,), (3.0,), (61,), (3.0,))

45.    ((1,), (1.25,), (0.0,)):
('K.258 KernScores', 'P1', 1, (367, 368), (57,), (3.0,), (57,), (3.0,))
('K.258 KernScores', 'P1', 1, (384, 385), (60,), (3.0,), (60,), (3.0,))
('K.258 KernScores', 'P2', 1, (326, 327), (64,), (1.0,), (64,), (1.0,))
('K.258 KernScores', 'P2', 1, (330, 331), (64,), (3.0,), (64,), (3.0,))

46.    ((1,), (0.5,), (0.0,)):
('K.258 KernScores', 'P1', 1, (101, 102), (24,), (2.0,), (24,), (2.0,))
('K.258 KernScores', 'P1', 1, (103, 104), (25,), (1.0,), (25,), (1.0,))
('K.258 KernScores', 'P1', 1, (557, 558), (84,), (1.0,), (84,), (1.0,))

47.    ((-5,), (1.0,), (0.0,)):
('K.258 KernScores', 'P2', 1, (73, 74), (18,), (2.0,), (18,), (2.0,))
('K.258 KernScores', 'P2', 1, (168, 169), (35,), (3.0,), (35,), (3.0,))
('K.258 KernScores', 'P2', 1, (230, 231), (47,), (3.0,), (47,), (3.0,))

48.    ((6,), (0.5,), (0.5,)):
('K.258 KernScores', 'P1', 1, (71, 72), (16,), (1.5,), (16,), (1.5,))
('K.258 KernScores', 'P2', 1, (92, 93), (21,), (3.5,), (21,), (3.5,))

49.    ((-2,), (1.5,), (0.0,)):
('K.258 KernScores', 'P1', 1, (72, 73), (16,), (2.0,), (16,), (2.0,))
('K.258 KernScores', 'P2', 1, (22, 23), (7,), (3.0,), (7,), (3.0,))

50.    (((3,),), ((0.0,),), (0.0,)):
('K.258 KernScores', 'P1', 2, (95, 96), (73,), (3.0,), (73,), (3.0,))
('K.258 KernScores', 'P2', 2, (6, 7), (51,), (2.0,), (51,), (2.0,))

51.    (((3, 2),), ((0.0, 1.0),), (0.0,)):
('K.258 KernScores', 'P2', 1, (248, 249), (54,), (1.0,), (54,), (1.0,))
('K.258 KernScores', 'P2', 2, (5, 6), (51,), (1.0,), (51,), (1.0,))

52.    ((5,), (1.0,), (0.0,)):
('K.258 KernScores', 'P2', 2, (1, 2), (49,), (3.0,), (49,), (3.0,))
('K.258 KernScores', 'P2', 2, (4, 5), (50,), (3.0,), (50,), (3.0,))

