1 .    ('nomes', 'K.29 Musicalion') 

2 .    ('quantidade', 1) 

3 .    ('analise', 'sequÍncias IntDiaDurPtempo sem contidos e intercalados') 

1 .    ((((3, -3), 3, 3), ((0.0, 0.25), 0.25, 0.25), 0.5), [[('K.29 Musicalion', 'P1', 1, (404, 407), (34, 2.5), (34, 3.0)), ('K.29 Musicalion', 'P1', 1, (408, 411), (34, 3.5), (34, 4.0)), ('K.29 Musicalion', 'P1', 1, (412, 415), (34, 1.5), (34, 2.0)), ('K.29 Musicalion', 'P1', 1, (416, 419), (35, 1.5), (35, 2.0)), ('K.29 Musicalion', 'P1', 1, (420, 423), (35, 2.5), (35, 3.0)), ('K.29 Musicalion', 'P1', 1, (424, 427), (35, 3.5), (35, 4.0)), ('K.29 Musicalion', 'P1', 1, (428, 431), (35, 4.5), (35, 1.0)), ('K.29 Musicalion', 'P1', 1, (432, 435), (36, 1.5), (36, 2.0)), ('K.29 Musicalion', 'P1', 1, (436, 439), (36, 2.5), (36, 3.0)), ('K.29 Musicalion', 'P1', 1, (440, 443), (36, 3.5), (36, 4.0)), ('K.29 Musicalion', 'P1', 1, (444, 447), (36, 4.5), (36, 1.0)), ('K.29 Musicalion', 'P1', 1, (448, 451), (37, 1.5), (37, 2.0)), ('K.29 Musicalion', 'P1', 1, (452, 455), (37, 2.5), (37, 3.0))], [('K.29 Musicalion', 'P1', 1, (579, 582), (53, 2.5), (53, 3.0)), ('K.29 Musicalion', 'P1', 1, (583, 586), (53, 3.5), (53, 4.0)), ('K.29 Musicalion', 'P1', 1, (587, 590), (53, 4.5), (53, 1.0)), ('K.29 Musicalion', 'P1', 1, (591, 594), (53, 1.5), (53, 2.0))], [('K.29 Musicalion', 'P1', 1, (619, 622), (56, 4.5), (56, 1.0)), ('K.29 Musicalion', 'P1', 1, (623, 626), (56, 1.5), (56, 2.0)), ('K.29 Musicalion', 'P1', 1, (627, 630), (56, 2.5), (56, 3.0)), ('K.29 Musicalion', 'P1', 1, (631, 634), (56, 3.5), (56, 4.0))]]) 

2 .    ((((3, -3), 3, 3, 2, (3, -3), 3, 3), ((0.0, 0.25), 0.25, 0.25, 0.25, (0.0, 0.25), 0.25, 0.25), 0.75), [[('K.29 Musicalion', 'P1', 1, (785, 792), (76, 1.75), (76, 3.25)), ('K.29 Musicalion', 'P1', 1, (793, 800), (76, 3.75), (76, 1.25)), ('K.29 Musicalion', 'P1', 1, (801, 808), (77, 3.75), (77, 1.25)), ('K.29 Musicalion', 'P1', 1, (809, 816), (78, 1.75), (78, 3.25))], [('K.29 Musicalion', 'P1', 3, (332, 339), (75, 3.75), (75, 1.25)), ('K.29 Musicalion', 'P1', 3, (340, 347), (77, 1.75), (77, 3.25)), ('K.29 Musicalion', 'P1', 3, (348, 355), (78, 3.75), (78, 1.25))]]) 

3 .    (((-2, -2, -2), (0.25, 0.25, 0.25), 0.25), [[('K.29 Musicalion', 'P1', 1, (9, 12), (1, 3.25), (1, 3.75)), ('K.29 Musicalion', 'P1', 1, (13, 16), (1, 4.25), (1, 4.75)), ('K.29 Musicalion', 'P1', 1, (17, 20), (1, 1.25), (1, 1.75)), ('K.29 Musicalion', 'P1', 1, (21, 24), (2, 2.25), (2, 2.75)), ('K.29 Musicalion', 'P1', 1, (25, 28), (2, 3.25), (2, 3.75)), ('K.29 Musicalion', 'P1', 1, (29, 32), (2, 4.25), (2, 4.75))], [('K.29 Musicalion', 'P1', 1, (181, 184), (14, 2.25), (14, 2.75)), ('K.29 Musicalion', 'P1', 1, (185, 188), (14, 3.25), (14, 3.75)), ('K.29 Musicalion', 'P1', 1, (189, 192), (14, 4.25), (14, 4.75)), ('K.29 Musicalion', 'P1', 1, (193, 196), (14, 1.25), (14, 1.75)), ('K.29 Musicalion', 'P1', 1, (197, 200), (15, 2.25), (15, 2.75))], [('K.29 Musicalion', 'P1', 1, (563, 566), (49, 4.25), (50, 4.75)), ('K.29 Musicalion', 'P1', 1, (567, 570), (50, 1.25), (50, 1.75))], [('K.29 Musicalion', 'P1', 1, (709, 712), (65, 2.25), (65, 2.75)), ('K.29 Musicalion', 'P1', 1, (713, 716), (65, 3.25), (65, 3.75))], [('K.29 Musicalion', 'P1', 3, (5, 8), (3, 1.25), (3, 1.75)), ('K.29 Musicalion', 'P1', 3, (9, 12), (4, 2.25), (4, 2.75)), ('K.29 Musicalion', 'P1', 3, (13, 16), (4, 3.25), (4, 3.75)), ('K.29 Musicalion', 'P1', 3, (17, 20), (4, 4.25), (4, 4.75)), ('K.29 Musicalion', 'P1', 3, (21, 24), (4, 1.25), (4, 1.75)), ('K.29 Musicalion', 'P1', 3, (25, 28), (5, 2.25), (5, 2.75))], [('K.29 Musicalion', 'P1', 2, (17, 20), (14, 2.25), (14, 2.75)), ('K.29 Musicalion', 'P1', 2, (21, 24), (14, 3.25), (14, 3.75)), ('K.29 Musicalion', 'P1', 2, (25, 28), (14, 4.25), (14, 4.75))]]) 

4 .    (((2, -2, -2), (0.25, 0.25, 0.25), 0.0), [[('K.29 Musicalion', 'P1', 1, (180, 183), (14, 2.0), (14, 2.5)), ('K.29 Musicalion', 'P1', 1, (184, 187), (14, 3.0), (14, 3.5)), ('K.29 Musicalion', 'P1', 1, (188, 191), (14, 4.0), (14, 4.5)), ('K.29 Musicalion', 'P1', 1, (192, 195), (14, 1.0), (14, 1.5)), ('K.29 Musicalion', 'P1', 1, (196, 199), (15, 2.0), (15, 2.5))], [('K.29 Musicalion', 'P1', 3, (4, 7), (3, 1.0), (3, 1.5)), ('K.29 Musicalion', 'P1', 3, (8, 11), (4, 2.0), (4, 2.5))], [('K.29 Musicalion', 'P1', 2, (16, 19), (14, 2.0), (14, 2.5)), ('K.29 Musicalion', 'P1', 2, (20, 23), (14, 3.0), (14, 3.5)), ('K.29 Musicalion', 'P1', 2, (24, 27), (14, 4.0), (14, 4.5)), ('K.29 Musicalion', 'P1', 2, (28, 31), (14, 1.0), (14, 1.5))]]) 

5 .    (((-2, -2, -2), (0.25, 0.25, 0.25), 0.75), [[('K.29 Musicalion', 'P1', 1, (522, 525), (45, 1.75), (45, 2.25)), ('K.29 Musicalion', 'P1', 1, (526, 529), (45, 2.75), (45, 3.25))], [('K.29 Musicalion', 'P1', 1, (561, 564), (49, 3.75), (49, 4.25)), ('K.29 Musicalion', 'P1', 1, (565, 568), (50, 4.75), (50, 1.25)), ('K.29 Musicalion', 'P1', 1, (569, 572), (50, 1.75), (50, 2.25))], [('K.29 Musicalion', 'P1', 1, (856, 859), (84, 3.75), (84, 4.25)), ('K.29 Musicalion', 'P1', 1, (860, 863), (84, 4.75), (84, 1.25)), ('K.29 Musicalion', 'P1', 1, (864, 867), (84, 1.75), (84, 2.25)), ('K.29 Musicalion', 'P1', 1, (868, 871), (84, 2.75), (84, 3.25))], [('K.29 Musicalion', 'P1', 3, (185, 188), (46, 4.75), (46, 1.25)), ('K.29 Musicalion', 'P1', 3, (189, 192), (46, 1.75), (46, 2.25))], [('K.29 Musicalion', 'P1', 3, (214, 217), (50, 3.75), (50, 4.25)), ('K.29 Musicalion', 'P1', 3, (218, 221), (51, 4.75), (51, 1.25)), ('K.29 Musicalion', 'P1', 3, (222, 225), (51, 1.75), (51, 2.25))], [('K.29 Musicalion', 'P1', 2, (81, 84), (45, 1.75), (45, 2.25)), ('K.29 Musicalion', 'P1', 2, (85, 88), (45, 2.75), (45, 3.25))], [('K.29 Musicalion', 'P1', 2, (179, 182), (84, 3.75), (84, 4.25)), ('K.29 Musicalion', 'P1', 2, (183, 186), (84, 4.75), (84, 1.25)), ('K.29 Musicalion', 'P1', 2, (187, 190), (84, 1.75), (84, 2.25)), ('K.29 Musicalion', 'P1', 2, (191, 194), (84, 2.75), (84, 3.25))], [('K.29 Musicalion', 'P1', 4, (7, 10), (46, 4.75), (46, 1.25)), ('K.29 Musicalion', 'P1', 4, (11, 14), (46, 1.75), (46, 2.25))]]) 

6 .    (((2, -2, -2), (0.25, 0.25, 0.25), 0.5), [[('K.29 Musicalion', 'P1', 3, (184, 187), (46, 4.5), (46, 1.0)), ('K.29 Musicalion', 'P1', 3, (188, 191), (46, 1.5), (46, 2.0))], [('K.29 Musicalion', 'P1', 4, (6, 9), (46, 4.5), (46, 1.0)), ('K.29 Musicalion', 'P1', 4, (10, 13), (46, 1.5), (46, 2.0))]]) 

7 .    (((-2, -2, 2), (0.25, 0.25, 0.25), 0.75), [[('K.29 Musicalion', 'P1', 1, (510, 513), (44, 2.75), (44, 3.25)), ('K.29 Musicalion', 'P1', 1, (514, 517), (44, 3.75), (44, 4.25)), ('K.29 Musicalion', 'P1', 1, (518, 521), (45, 4.75), (45, 1.25))], [('K.29 Musicalion', 'P1', 2, (69, 72), (44, 2.75), (44, 3.25)), ('K.29 Musicalion', 'P1', 2, (73, 76), (44, 3.75), (44, 4.25)), ('K.29 Musicalion', 'P1', 2, (77, 80), (45, 4.75), (45, 1.25))]]) 

8 .    (((-2, -2, -2), (0.25, 0.25, 0.25), 0.0), [[('K.29 Musicalion', 'P1', 1, (84, 87), (8, 3.0), (8, 3.5)), ('K.29 Musicalion', 'P1', 1, (88, 91), (8, 4.0), (8, 4.5))], [('K.29 Musicalion', 'P1', 1, (116, 119), (10, 1.0), (10, 1.5)), ('K.29 Musicalion', 'P1', 1, (120, 123), (10, 2.0), (10, 2.5))], [('K.29 Musicalion', 'P1', 1, (333, 336), (26, 2.0), (26, 2.5)), ('K.29 Musicalion', 'P1', 1, (337, 340), (26, 3.0), (26, 3.5))], [('K.29 Musicalion', 'P1', 1, (708, 711), (65, 2.0), (65, 2.5)), ('K.29 Musicalion', 'P1', 1, (712, 715), (65, 3.0), (65, 3.5))], [('K.29 Musicalion', 'P1', 1, (873, 876), (85, 4.0), (85, 4.5)), ('K.29 Musicalion', 'P1', 1, (877, 880), (85, 1.0), (85, 1.5))]]) 

9 .    (((2, 2, 2), (0.25, 0.25, 0.25), 0.25), [[('K.29 Musicalion', 'P1', 1, (1, 4), (0, 1.25), (0, 1.75)), ('K.29 Musicalion', 'P1', 1, (5, 8), (1, 2.25), (1, 2.75))], [('K.29 Musicalion', 'P1', 1, (49, 52), (5, 1.25), (5, 1.75)), ('K.29 Musicalion', 'P1', 1, (53, 56), (6, 2.25), (6, 2.75))], [('K.29 Musicalion', 'P1', 1, (173, 176), (13, 4.25), (13, 4.75)), ('K.29 Musicalion', 'P1', 1, (177, 180), (13, 1.25), (13, 1.75))], [('K.29 Musicalion', 'P1', 3, (235, 238), (51, 4.25), (52, 4.75)), ('K.29 Musicalion', 'P1', 3, (239, 242), (52, 1.25), (52, 1.75))]]) 

10 .    (((-4, 4, -5), (0.25, 0.25, 0.25), 0.25), [[('K.29 Musicalion', 'P1', 1, (290, 293), (23, 4.25), (23, 4.75)), ('K.29 Musicalion', 'P1', 1, (294, 297), (24, 1.25), (24, 1.75))], [('K.29 Musicalion', 'P1', 3, (285, 288), (62, 2.25), (62, 2.75)), ('K.29 Musicalion', 'P1', 3, (289, 292), (62, 3.25), (62, 3.75))]]) 

11 .    (((-4, 4, -5), (0.25, 0.25, 0.25), 0.5), [[('K.29 Musicalion', 'P1', 1, (686, 689), (64, 4.5), (64, 1.0)), ('K.29 Musicalion', 'P1', 1, (690, 693), (64, 1.5), (64, 2.0))], [('K.29 Musicalion', 'P1', 1, (698, 701), (64, 3.5), (64, 4.0)), ('K.29 Musicalion', 'P1', 1, (702, 705), (65, 4.5), (65, 1.0))]]) 

12 .    (((3, 3), (0.25, 0.25), 0.75), [[('K.29 Musicalion', 'P1', 3, (127, 129), (33, 4.75), (33, 1.0)), ('K.29 Musicalion', 'P1', 3, (130, 132), (33, 1.75), (33, 2.0))], [('K.29 Musicalion', 'P1', 3, (134, 136), (34, 4.75), (34, 1.0)), ('K.29 Musicalion', 'P1', 3, (137, 139), (40, 1.75), (40, 2.0))]]) 

