1.    nomes:
K.73 Musicalion

2.    quantidade:
1

3.    analise:
[('intDia', 'p1p2'), ('duracao', 'p1p2')] SemContInte Distancia: 0

1.    ((-2, -2, -2, -2, -2, -2, -2, -2, -2, -2, 2, 6, -2, -2, -2, -2, -2, -2), (0.25, 0.25, 0.25, 0.25, 0.25, 0.25, 0.25, 0.25, 0.25, 0.25, 0.25, 0.25, 0.25, 0.25, 0.25, 0.25, 0.25, 0.25)):
('K.73 Musicalion', 'P1', 1, (99, 117), (18,), (1.25,), (19,), (2.5,))
('K.73 Musicalion', 'P1', 1, (283, 301), (47,), (1.25,), (48,), (2.5,))

2.    ((2, -2, 2, -4, 3, 2, -2, 2, -4, 3, 2, -2, 2, -4), (0.5, 0.25, 0.25, 0.5, 0.5, 0.5, 0.25, 0.25, 0.5, 0.5, 0.5, 0.25, 0.25, 0.5)):
('K.73 Musicalion', 'P1', 1, (61, 75), (13,), (1.0,), (14,), (3.0,))
('K.73 Musicalion', 'P1', 1, (229, 243), (40,), (2.0,), (42,), (1.0,))

3.    ((-2, -2, 2, -3, 4, -2, -2, 2, -3, 4, -2, -2, 2), (0.5, 0.25, 0.25, 0.5, 0.5, 0.5, 0.25, 0.25, 0.5, 0.5, 0.5, 0.25, 0.25)):
('K.73 Musicalion', 'P1', 1, (76, 89), (15,), (1.0,), (16,), (2.75,))
('K.73 Musicalion', 'P1', 1, (244, 257), (42,), (2.0,), (43,), (3.75,))

4.    ((-2, -3, -2, 5, -2, -3, -2, -2, -2, 2), (1.0, 0.5, 0.5, 1.0, 1.0, 0.5, 0.5, 1.5, 0.25, 0.25)):
('K.73 Musicalion', 'P1', 1, (18, 28), (4,), (3.0,), (6,), (3.75,))
('K.73 Musicalion', 'P1', 1, (31, 41), (7,), (3.0,), (9,), (3.75,))

5.    ((3, 2, 3, -6, -2, 3, 4, -2, -5), (0.5, 0.5, 0.5, 1.0, 0.5, 0.5, 0.5, 1.0, 1.0)):
('K.73 Musicalion', 'P1', 1, (143, 152), (24,), (1.0,), (25,), (3.0,))
('K.73 Musicalion', 'P1', 1, (152, 161), (26,), (1.0,), (27,), (3.0,))

6.    ((-2, -2, -2, -2, 2, -3, 2, 1), (1.0, 0.5, 0.5, 0.5, 0.5, 0.5, 0.5, 3.0)):
('K.73 Musicalion', 'P1', 1, (337, 345), (59,), (3.0,), (61,), (1.0,))
('K.73 Musicalion', 'P1', 1, (395, 403), (75,), (3.0,), (77,), (1.0,))

7.    ((-2, 2, 7, -2, -2, 2, -2, -2), (0.5, 0.25, 0.25, 0.5, 0.25, 0.25, 0.5, 0.25)):
('K.73 Musicalion', 'P1', 1, (433, 441), (84,), (1.0,), (84,), (3.5,))
('K.73 Musicalion', 'P1', 1, (485, 493), (93,), (2.0,), (94,), (1.5,))

8.    ((2, -3, 2, -8, 2, 2, 2), (0.5, 0.5, 0.5, 1.5, 0.5, 0.5, 0.5)):
('K.73 Musicalion', 'P1', 2, (19, 26), (5,), (2.5,), (6,), (3.5,))
('K.73 Musicalion', 'P1', 2, (31, 38), (8,), (2.5,), (9,), (3.5,))

9.    ((2, 2, 2, -8, 3, 2, 1), (0.5, 0.5, 0.5, 1.0, 1.0, 1.0, 1.5)):
('K.73 Musicalion', 'P1', 2, (80, 87), (25,), (2.5,), (27,), (1.0,))
('K.73 Musicalion', 'P1', 2, (87, 94), (27,), (2.5,), (29,), (1.0,))

10.    ((-4, 6, -2, -2, -2, 2), (0.5, 0.5, 1.0, 1.0, 0.5, 0.5)):
('K.73 Musicalion', 'P1', 1, (0, 6), (1,), (1.0,), (2,), (1.5,))
('K.73 Musicalion', 'P1', 1, (135, 141), (22,), (1.0,), (23,), (1.5,))

11.    ((3, -2, 2, 4, -5, 6), (0.5, 0.25, 0.25, 0.5, 0.5, 0.5)):
('K.73 Musicalion', 'P1', 1, (47, 53), (11,), (1.0,), (11,), (3.0,))
('K.73 Musicalion', 'P1', 1, (54, 60), (12,), (1.0,), (12,), (3.0,))

12.    ((6, -6, 3, -2, -2, 3), (0.5, 0.5, 0.5, 1.0, 1.0, 0.5)):
('K.73 Musicalion', 'P1', 1, (184, 190), (31,), (3.5,), (33,), (1.0,))
('K.73 Musicalion', 'P1', 1, (368, 374), (67,), (3.5,), (69,), (1.0,))

13.    ((2, 6, -2, 2, -6, 2), (1.0, 0.5, 0.25, 0.25, 1.0, 1.0)):
('K.73 Musicalion', 'P1', 1, (193, 199), (33,), (3.0,), (34,), (3.0,))
('K.73 Musicalion', 'P1', 1, (203, 209), (35,), (3.0,), (36,), (3.0,))

14.    ((4, 3, -7, 3, 4), (0.5, 0.5, 2.0, 0.5, 0.5)):
('K.73 Musicalion', 'P1', 1, (379, 384), (71,), (1.0,), (72,), (1.5,))
('K.73 Musicalion', 'P1', 1, (388, 393), (74,), (1.0,), (75,), (1.5,))

15.    ((-2, -2, 2, 2, -5), (1.0, 1.0, 0.5, 0.25, 0.25)):
('K.73 Musicalion', 'P1', 1, (451, 456), (87,), (2.0,), (88,), (1.75,))
('K.73 Musicalion', 'P1', 2, (98, 103), (30,), (2.0,), (31,), (1.75,))

16.    ((1, 2, 2, 2, 1), (1.5, 0.5, 0.5, 0.5, 1.5)):
('K.73 Musicalion', 'P1', 2, (26, 31), (7,), (1.0,), (8,), (1.0,))
('K.73 Musicalion', 'P1', 2, (117, 122), (35,), (1.0,), (36,), (1.0,))

17.    (((3, 2), (3, -2), (3, 2), (3, -2), (3, 2)), ((0.0, 1.0), (0.0, 1.0), (0.0, 1.0), (0.0, 1.0), (0.0, 1.0))):
('K.73 Musicalion', 'P1', 2, (49, 54), (13,), (1.0,), (14,), (2.0,))
('K.73 Musicalion', 'P1', 2, (136, 141), (40,), (2.0,), (41,), (3.0,))

18.    (((6, 2), (5, -2), (6, 2), (5, -2), (6, 2)), ((0.0, 1.0), (0.0, 1.0), (0.0, 1.0), (0.0, 1.0), (0.0, 1.0))):
('K.73 Musicalion', 'P1', 2, (55, 60), (15,), (1.0,), (16,), (2.0,))
('K.73 Musicalion', 'P1', 2, (142, 147), (42,), (2.0,), (43,), (3.0,))

19.    ((2, 2, -8, 4, 1), (1.0, 1.0, 1.0, 1.0, 3.0)):
('K.73 Musicalion', 'P1', 2, (179, 184), (59,), (3.0,), (61,), (1.0,))
('K.73 Musicalion', 'P1', 2, (213, 218), (75,), (3.0,), (77,), (1.0,))

20.    ((2, 2, -3, -2), (0.5, 0.25, 0.25, 1.0)):
('K.73 Musicalion', 'P1', 1, (403, 407), (78,), (1.0,), (78,), (2.0,))
('K.73 Musicalion', 'P1', 1, (443, 447), (86,), (1.0,), (86,), (2.0,))

21.    ((2, 1, -4, 1), (1.0, 2.0, 1.0, 2.0)):
('K.73 Musicalion', 'P1', 2, (201, 205), (69,), (3.0,), (71,), (1.0,))
('K.73 Musicalion', 'P1', 2, (205, 209), (71,), (3.0,), (73,), (1.0,))

22.    ((2, 2, 2), (0.5, 0.5, 0.5)):
('K.73 Musicalion', 'P1', 1, (362, 365), (66,), (3.5,), (67,), (1.5,))
('K.73 Musicalion', 'P1', 2, (15, 18), (4,), (2.5,), (4,), (3.5,))
('K.73 Musicalion', 'P1', 2, (23, 26), (6,), (2.5,), (6,), (3.5,))
('K.73 Musicalion', 'P1', 2, (27, 30), (7,), (2.5,), (7,), (3.5,))
('K.73 Musicalion', 'P1', 2, (35, 38), (9,), (2.5,), (9,), (3.5,))
('K.73 Musicalion', 'P1', 2, (80, 83), (25,), (2.5,), (25,), (3.5,))
('K.73 Musicalion', 'P1', 2, (87, 90), (27,), (2.5,), (27,), (3.5,))
('K.73 Musicalion', 'P1', 2, (110, 113), (33,), (2.5,), (33,), (3.5,))
('K.73 Musicalion', 'P1', 2, (118, 121), (35,), (2.5,), (35,), (3.5,))

23.    ((2, -3, 2), (0.5, 0.5, 0.5)):
('K.73 Musicalion', 'P1', 1, (341, 344), (60,), (2.5,), (60,), (3.5,))
('K.73 Musicalion', 'P1', 1, (399, 402), (76,), (2.5,), (76,), (3.5,))
('K.73 Musicalion', 'P1', 2, (7, 10), (2,), (3.5,), (3,), (1.5,))
('K.73 Musicalion', 'P1', 2, (19, 22), (5,), (2.5,), (5,), (3.5,))
('K.73 Musicalion', 'P1', 2, (31, 34), (8,), (2.5,), (8,), (3.5,))
('K.73 Musicalion', 'P1', 2, (42, 45), (11,), (2.5,), (11,), (3.5,))
('K.73 Musicalion', 'P1', 2, (46, 49), (12,), (2.5,), (12,), (3.5,))
('K.73 Musicalion', 'P1', 2, (132, 135), (39,), (2.5,), (39,), (3.5,))

24.    ((-2, -3, 2), (0.5, 0.5, 0.5)):
('K.73 Musicalion', 'P1', 2, (5, 8), (2,), (2.5,), (2,), (3.5,))
('K.73 Musicalion', 'P1', 2, (73, 76), (23,), (2.5,), (23,), (3.5,))
('K.73 Musicalion', 'P1', 2, (122, 125), (36,), (2.5,), (36,), (3.5,))

25.    ((3, 4, -3), (0.5, 0.5, 2.0)):
('K.73 Musicalion', 'P1', 1, (328, 331), (57,), (1.0,), (57,), (2.0,))
('K.73 Musicalion', 'P1', 1, (331, 334), (58,), (1.0,), (58,), (2.0,))

26.    ((8, -2, -3), (1.5, 0.5, 0.5)):
('K.73 Musicalion', 'P1', 2, (0, 3), (1,), (1.0,), (1,), (3.0,))
('K.73 Musicalion', 'P1', 2, (68, 71), (22,), (1.0,), (22,), (3.0,))

27.    ((-2, -2, 5), (1.0, 1.0, 1.0)):
('K.73 Musicalion', 'P1', 2, (38, 41), (10,), (1.0,), (10,), (3.0,))
('K.73 Musicalion', 'P1', 2, (230, 233), (84,), (1.0,), (84,), (3.0,))

28.    ((-2, -3), (0.5, 0.5)):
('K.73 Musicalion', 'P1', 1, (222, 224), (38,), (3.5,), (39,), (1.0,))
('K.73 Musicalion', 'P1', 1, (226, 228), (39,), (3.5,), (40,), (1.0,))
('K.73 Musicalion', 'P1', 2, (1, 3), (1,), (2.5,), (1,), (3.0,))
('K.73 Musicalion', 'P1', 2, (5, 7), (2,), (2.5,), (2,), (3.0,))
('K.73 Musicalion', 'P1', 2, (69, 71), (22,), (2.5,), (22,), (3.0,))
('K.73 Musicalion', 'P1', 2, (73, 75), (23,), (2.5,), (23,), (3.0,))
('K.73 Musicalion', 'P1', 2, (94, 96), (29,), (2.5,), (29,), (3.0,))
('K.73 Musicalion', 'P1', 2, (122, 124), (36,), (2.5,), (36,), (3.0,))

29.    ((-2, -2), (1.0, 1.0)):
('K.73 Musicalion', 'P1', 1, (30, 32), (7,), (2.0,), (7,), (3.0,))
('K.73 Musicalion', 'P1', 1, (187, 189), (32,), (2.0,), (32,), (3.0,))
('K.73 Musicalion', 'P1', 1, (371, 373), (68,), (2.0,), (68,), (3.0,))
('K.73 Musicalion', 'P1', 2, (38, 40), (10,), (1.0,), (10,), (2.0,))
('K.73 Musicalion', 'P1', 2, (125, 127), (37,), (1.0,), (37,), (2.0,))
('K.73 Musicalion', 'P1', 2, (230, 232), (84,), (1.0,), (84,), (2.0,))

30.    ((-6, 2), (1.0, 1.0)):
('K.73 Musicalion', 'P1', 1, (197, 199), (34,), (2.0,), (34,), (3.0,))
('K.73 Musicalion', 'P1', 1, (202, 204), (35,), (2.0,), (35,), (3.0,))
('K.73 Musicalion', 'P1', 1, (207, 209), (36,), (2.0,), (36,), (3.0,))
('K.73 Musicalion', 'P1', 2, (76, 78), (24,), (1.0,), (24,), (2.0,))

31.    ((2, 2), (1.0, 1.0)):
('K.73 Musicalion', 'P1', 1, (411, 413), (79,), (2.0,), (79,), (3.0,))
('K.73 Musicalion', 'P1', 2, (179, 181), (59,), (3.0,), (60,), (1.0,))
('K.73 Musicalion', 'P1', 2, (196, 198), (67,), (3.0,), (68,), (1.0,))
('K.73 Musicalion', 'P1', 2, (213, 215), (75,), (3.0,), (76,), (1.0,))

32.    ((2, -5), (1.0, 1.0)):
('K.73 Musicalion', 'P1', 1, (461, 463), (89,), (2.0,), (89,), (3.0,))
('K.73 Musicalion', 'P1', 1, (466, 468), (90,), (2.0,), (90,), (3.0,))
('K.73 Musicalion', 'P1', 2, (251, 253), (93,), (3.0,), (94,), (1.0,))
('K.73 Musicalion', 'P1', 2, (253, 255), (94,), (2.0,), (94,), (3.0,))

33.    ((3, 2), (0.5, 0.5)):
('K.73 Musicalion', 'P1', 1, (10, 12), (3,), (2.0,), (3,), (2.5,))
('K.73 Musicalion', 'P1', 1, (280, 282), (46,), (3.0,), (46,), (3.5,))

34.    ((-6, -2), (0.5, 0.5)):
('K.73 Musicalion', 'P1', 1, (12, 14), (3,), (3.0,), (3,), (3.5,))
('K.73 Musicalion', 'P1', 1, (92, 94), (17,), (1.0,), (17,), (1.5,))

35.    ((-3, -2), (0.5, 0.5)):
('K.73 Musicalion', 'P1', 1, (223, 225), (39,), (1.0,), (39,), (1.5,))
('K.73 Musicalion', 'P1', 1, (365, 367), (67,), (2.0,), (67,), (2.5,))

36.    ((6, -2), (0.5, 1.0)):
('K.73 Musicalion', 'P1', 1, (336, 338), (59,), (2.5,), (59,), (3.0,))
('K.73 Musicalion', 'P1', 2, (96, 98), (29,), (3.5,), (30,), (1.0,))

37.    (((8, 1), (8, 1)), ((0.0, 3.0), (0.0, 3.0))):
('K.73 Musicalion', 'P1', 2, (64, 66), (18,), (1.0,), (19,), (1.0,))
('K.73 Musicalion', 'P1', 2, (156, 158), (47,), (1.0,), (48,), (1.0,))

38.    ((2, -3), (2.0, 1.0)):
('K.73 Musicalion', 'P1', 2, (220, 222), (79,), (1.0,), (79,), (3.0,))
('K.73 Musicalion', 'P1', 2, (222, 224), (80,), (1.0,), (80,), (3.0,))

39.    ((-2,), (0.5,)):
('K.73 Musicalion', 'P1', 1, (4, 5), (2,), (1.0,), (2,), (1.0,))
('K.73 Musicalion', 'P1', 1, (13, 14), (3,), (3.5,), (3,), (3.5,))
('K.73 Musicalion', 'P1', 1, (20, 21), (5,), (1.5,), (5,), (1.5,))
('K.73 Musicalion', 'P1', 1, (24, 25), (6,), (1.5,), (6,), (1.5,))
('K.73 Musicalion', 'P1', 1, (33, 34), (8,), (1.5,), (8,), (1.5,))
('K.73 Musicalion', 'P1', 1, (37, 38), (9,), (1.5,), (9,), (1.5,))
('K.73 Musicalion', 'P1', 1, (76, 77), (15,), (1.0,), (15,), (1.0,))
('K.73 Musicalion', 'P1', 1, (81, 82), (15,), (3.0,), (15,), (3.0,))
('K.73 Musicalion', 'P1', 1, (86, 87), (16,), (2.0,), (16,), (2.0,))
('K.73 Musicalion', 'P1', 1, (93, 94), (17,), (1.5,), (17,), (1.5,))
('K.73 Musicalion', 'P1', 1, (139, 140), (23,), (1.0,), (23,), (1.0,))
('K.73 Musicalion', 'P1', 1, (147, 148), (24,), (3.5,), (24,), (3.5,))
('K.73 Musicalion', 'P1', 1, (156, 157), (26,), (3.5,), (26,), (3.5,))
('K.73 Musicalion', 'P1', 1, (165, 166), (28,), (3.5,), (28,), (3.5,))
('K.73 Musicalion', 'P1', 1, (211, 212), (37,), (2.0,), (37,), (2.0,))
('K.73 Musicalion', 'P1', 1, (214, 215), (37,), (3.0,), (37,), (3.0,))
('K.73 Musicalion', 'P1', 1, (217, 218), (38,), (1.0,), (38,), (1.0,))
('K.73 Musicalion', 'P1', 1, (218, 219), (38,), (1.5,), (38,), (1.5,))
('K.73 Musicalion', 'P1', 1, (219, 220), (38,), (2.0,), (38,), (2.0,))
('K.73 Musicalion', 'P1', 1, (220, 221), (38,), (2.5,), (38,), (2.5,))
('K.73 Musicalion', 'P1', 1, (221, 222), (38,), (3.0,), (38,), (3.0,))
('K.73 Musicalion', 'P1', 1, (224, 225), (39,), (1.5,), (39,), (1.5,))
('K.73 Musicalion', 'P1', 1, (244, 245), (42,), (2.0,), (42,), (2.0,))
('K.73 Musicalion', 'P1', 1, (249, 250), (43,), (1.0,), (43,), (1.0,))
('K.73 Musicalion', 'P1', 1, (254, 255), (43,), (3.0,), (43,), (3.0,))
('K.73 Musicalion', 'P1', 1, (257, 258), (44,), (1.0,), (44,), (1.0,))
('K.73 Musicalion', 'P1', 1, (260, 261), (44,), (2.0,), (44,), (2.0,))
('K.73 Musicalion', 'P1', 1, (263, 264), (44,), (3.0,), (44,), (3.0,))
('K.73 Musicalion', 'P1', 1, (266, 267), (45,), (1.0,), (45,), (1.0,))
('K.73 Musicalion', 'P1', 1, (269, 270), (45,), (2.0,), (45,), (2.0,))
('K.73 Musicalion', 'P1', 1, (273, 274), (45,), (3.5,), (45,), (3.5,))
('K.73 Musicalion', 'P1', 1, (274, 275), (46,), (1.0,), (46,), (1.0,))
('K.73 Musicalion', 'P1', 1, (277, 278), (46,), (2.0,), (46,), (2.0,))
('K.73 Musicalion', 'P1', 1, (335, 336), (59,), (2.0,), (59,), (2.0,))
('K.73 Musicalion', 'P1', 1, (338, 339), (60,), (1.0,), (60,), (1.0,))
('K.73 Musicalion', 'P1', 1, (339, 340), (60,), (1.5,), (60,), (1.5,))
('K.73 Musicalion', 'P1', 1, (340, 341), (60,), (2.0,), (60,), (2.0,))
('K.73 Musicalion', 'P1', 1, (358, 359), (66,), (1.5,), (66,), (1.5,))
('K.73 Musicalion', 'P1', 1, (359, 360), (66,), (2.0,), (66,), (2.0,))
('K.73 Musicalion', 'P1', 1, (360, 361), (66,), (2.5,), (66,), (2.5,))
('K.73 Musicalion', 'P1', 1, (361, 362), (66,), (3.0,), (66,), (3.0,))
('K.73 Musicalion', 'P1', 1, (366, 367), (67,), (2.5,), (67,), (2.5,))
('K.73 Musicalion', 'P1', 1, (367, 368), (67,), (3.0,), (67,), (3.0,))
('K.73 Musicalion', 'P1', 1, (396, 397), (76,), (1.0,), (76,), (1.0,))
('K.73 Musicalion', 'P1', 1, (397, 398), (76,), (1.5,), (76,), (1.5,))
('K.73 Musicalion', 'P1', 1, (398, 399), (76,), (2.0,), (76,), (2.0,))
('K.73 Musicalion', 'P1', 1, (433, 434), (84,), (1.0,), (84,), (1.0,))
('K.73 Musicalion', 'P1', 1, (436, 437), (84,), (2.0,), (84,), (2.0,))
('K.73 Musicalion', 'P1', 1, (439, 440), (84,), (3.0,), (84,), (3.0,))
('K.73 Musicalion', 'P1', 1, (485, 486), (93,), (2.0,), (93,), (2.0,))
('K.73 Musicalion', 'P1', 1, (488, 489), (93,), (3.0,), (93,), (3.0,))
('K.73 Musicalion', 'P1', 1, (491, 492), (94,), (1.0,), (94,), (1.0,))
('K.73 Musicalion', 'P1', 2, (114, 115), (34,), (2.5,), (34,), (2.5,))

40.    ((3,), (0.5,)):
('K.73 Musicalion', 'P1', 1, (47, 48), (11,), (1.0,), (11,), (1.0,))
('K.73 Musicalion', 'P1', 1, (54, 55), (12,), (1.0,), (12,), (1.0,))
('K.73 Musicalion', 'P1', 1, (65, 66), (13,), (2.5,), (13,), (2.5,))
('K.73 Musicalion', 'P1', 1, (70, 71), (14,), (1.5,), (14,), (1.5,))
('K.73 Musicalion', 'P1', 1, (143, 144), (24,), (1.0,), (24,), (1.0,))
('K.73 Musicalion', 'P1', 1, (148, 149), (25,), (1.0,), (25,), (1.0,))
('K.73 Musicalion', 'P1', 1, (152, 153), (26,), (1.0,), (26,), (1.0,))
('K.73 Musicalion', 'P1', 1, (157, 158), (27,), (1.0,), (27,), (1.0,))
('K.73 Musicalion', 'P1', 1, (163, 164), (28,), (2.0,), (28,), (2.0,))
('K.73 Musicalion', 'P1', 1, (166, 167), (29,), (1.0,), (29,), (1.0,))
('K.73 Musicalion', 'P1', 1, (186, 187), (32,), (1.5,), (32,), (1.5,))
('K.73 Musicalion', 'P1', 1, (189, 190), (33,), (1.0,), (33,), (1.0,))
('K.73 Musicalion', 'P1', 1, (228, 229), (40,), (1.5,), (40,), (1.5,))
('K.73 Musicalion', 'P1', 1, (233, 234), (40,), (3.5,), (40,), (3.5,))
('K.73 Musicalion', 'P1', 1, (238, 239), (41,), (2.5,), (41,), (2.5,))
('K.73 Musicalion', 'P1', 1, (280, 281), (46,), (3.0,), (46,), (3.0,))
('K.73 Musicalion', 'P1', 1, (307, 308), (50,), (1.0,), (50,), (1.0,))
('K.73 Musicalion', 'P1', 1, (308, 309), (50,), (1.5,), (50,), (1.5,))
('K.73 Musicalion', 'P1', 1, (313, 314), (52,), (1.0,), (52,), (1.0,))
('K.73 Musicalion', 'P1', 1, (314, 315), (52,), (1.5,), (52,), (1.5,))
('K.73 Musicalion', 'P1', 1, (319, 320), (54,), (1.0,), (54,), (1.0,))
('K.73 Musicalion', 'P1', 1, (320, 321), (54,), (1.5,), (54,), (1.5,))
('K.73 Musicalion', 'P1', 1, (325, 326), (56,), (1.0,), (56,), (1.0,))
('K.73 Musicalion', 'P1', 1, (326, 327), (56,), (1.5,), (56,), (1.5,))
('K.73 Musicalion', 'P1', 1, (328, 329), (57,), (1.0,), (57,), (1.0,))
('K.73 Musicalion', 'P1', 1, (331, 332), (58,), (1.0,), (58,), (1.0,))
('K.73 Musicalion', 'P1', 1, (345, 346), (62,), (1.0,), (62,), (1.0,))
('K.73 Musicalion', 'P1', 1, (346, 347), (62,), (1.5,), (62,), (1.5,))
('K.73 Musicalion', 'P1', 1, (348, 349), (63,), (1.0,), (63,), (1.0,))
('K.73 Musicalion', 'P1', 1, (351, 352), (64,), (1.0,), (64,), (1.0,))
('K.73 Musicalion', 'P1', 1, (352, 353), (64,), (1.5,), (64,), (1.5,))
('K.73 Musicalion', 'P1', 1, (354, 355), (65,), (1.0,), (65,), (1.0,))
('K.73 Musicalion', 'P1', 1, (357, 358), (66,), (1.0,), (66,), (1.0,))
('K.73 Musicalion', 'P1', 1, (370, 371), (68,), (1.5,), (68,), (1.5,))
('K.73 Musicalion', 'P1', 1, (373, 374), (69,), (1.0,), (69,), (1.0,))
('K.73 Musicalion', 'P1', 1, (374, 375), (69,), (1.5,), (69,), (1.5,))
('K.73 Musicalion', 'P1', 1, (377, 378), (70,), (1.5,), (70,), (1.5,))
('K.73 Musicalion', 'P1', 1, (380, 381), (71,), (1.5,), (71,), (1.5,))
('K.73 Musicalion', 'P1', 1, (382, 383), (72,), (1.0,), (72,), (1.0,))
('K.73 Musicalion', 'P1', 1, (385, 386), (73,), (1.0,), (73,), (1.0,))
('K.73 Musicalion', 'P1', 1, (389, 390), (74,), (1.5,), (74,), (1.5,))
('K.73 Musicalion', 'P1', 1, (391, 392), (75,), (1.0,), (75,), (1.0,))
('K.73 Musicalion', 'P1', 2, (10, 11), (3,), (2.0,), (3,), (2.0,))

41.    ((2,), (1.0,)):
('K.73 Musicalion', 'P1', 1, (94, 95), (17,), (2.0,), (17,), (2.0,))
('K.73 Musicalion', 'P1', 1, (193, 194), (33,), (3.0,), (33,), (3.0,))
('K.73 Musicalion', 'P1', 1, (407, 408), (78,), (3.0,), (78,), (3.0,))
('K.73 Musicalion', 'P1', 1, (416, 417), (80,), (2.0,), (80,), (2.0,))
('K.73 Musicalion', 'P1', 1, (421, 422), (81,), (2.0,), (81,), (2.0,))
('K.73 Musicalion', 'P1', 1, (426, 427), (82,), (2.0,), (82,), (2.0,))
('K.73 Musicalion', 'P1', 1, (431, 432), (83,), (2.0,), (83,), (2.0,))
('K.73 Musicalion', 'P1', 1, (471, 472), (91,), (2.0,), (91,), (2.0,))
('K.73 Musicalion', 'P1', 1, (495, 496), (94,), (3.0,), (94,), (3.0,))
('K.73 Musicalion', 'P1', 2, (85, 86), (26,), (3.0,), (26,), (3.0,))
('K.73 Musicalion', 'P1', 2, (92, 93), (28,), (3.0,), (28,), (3.0,))
('K.73 Musicalion', 'P1', 2, (104, 105), (31,), (3.0,), (31,), (3.0,))
('K.73 Musicalion', 'P1', 2, (129, 130), (38,), (2.0,), (38,), (2.0,))
('K.73 Musicalion', 'P1', 2, (160, 161), (50,), (3.0,), (50,), (3.0,))
('K.73 Musicalion', 'P1', 2, (185, 186), (62,), (3.0,), (62,), (3.0,))
('K.73 Musicalion', 'P1', 2, (187, 188), (63,), (3.0,), (63,), (3.0,))
('K.73 Musicalion', 'P1', 2, (189, 190), (64,), (3.0,), (64,), (3.0,))
('K.73 Musicalion', 'P1', 2, (191, 192), (65,), (3.0,), (65,), (3.0,))
('K.73 Musicalion', 'P1', 2, (194, 195), (66,), (3.0,), (66,), (3.0,))
('K.73 Musicalion', 'P1', 2, (201, 202), (69,), (3.0,), (69,), (3.0,))
('K.73 Musicalion', 'P1', 2, (205, 206), (71,), (3.0,), (71,), (3.0,))
('K.73 Musicalion', 'P1', 2, (219, 220), (78,), (3.0,), (78,), (3.0,))
('K.73 Musicalion', 'P1', 2, (235, 236), (86,), (3.0,), (86,), (3.0,))
('K.73 Musicalion', 'P1', 2, (237, 238), (87,), (3.0,), (87,), (3.0,))
('K.73 Musicalion', 'P1', 2, (241, 242), (89,), (3.0,), (89,), (3.0,))
('K.73 Musicalion', 'P1', 2, (243, 244), (90,), (3.0,), (90,), (3.0,))
('K.73 Musicalion', 'P1', 2, (245, 246), (91,), (3.0,), (91,), (3.0,))
('K.73 Musicalion', 'P1', 2, (248, 249), (92,), (3.0,), (92,), (3.0,))

42.    ((4,), (0.5,)):
('K.73 Musicalion', 'P1', 1, (41, 42), (10,), (1.0,), (10,), (1.0,))
('K.73 Musicalion', 'P1', 1, (50, 51), (11,), (2.0,), (11,), (2.0,))
('K.73 Musicalion', 'P1', 1, (57, 58), (12,), (2.0,), (12,), (2.0,))
('K.73 Musicalion', 'P1', 1, (75, 76), (14,), (3.5,), (14,), (3.5,))
('K.73 Musicalion', 'P1', 1, (149, 150), (25,), (1.5,), (25,), (1.5,))
('K.73 Musicalion', 'P1', 1, (158, 159), (27,), (1.5,), (27,), (1.5,))
('K.73 Musicalion', 'P1', 1, (167, 168), (29,), (1.5,), (29,), (1.5,))
('K.73 Musicalion', 'P1', 1, (172, 173), (29,), (3.5,), (29,), (3.5,))
('K.73 Musicalion', 'P1', 1, (329, 330), (57,), (1.5,), (57,), (1.5,))
('K.73 Musicalion', 'P1', 1, (332, 333), (58,), (1.5,), (58,), (1.5,))
('K.73 Musicalion', 'P1', 1, (376, 377), (70,), (1.0,), (70,), (1.0,))
('K.73 Musicalion', 'P1', 1, (379, 380), (71,), (1.0,), (71,), (1.0,))
('K.73 Musicalion', 'P1', 1, (383, 384), (72,), (1.5,), (72,), (1.5,))
('K.73 Musicalion', 'P1', 1, (386, 387), (73,), (1.5,), (73,), (1.5,))
('K.73 Musicalion', 'P1', 1, (388, 389), (74,), (1.0,), (74,), (1.0,))
('K.73 Musicalion', 'P1', 1, (392, 393), (75,), (1.5,), (75,), (1.5,))
('K.73 Musicalion', 'P1', 2, (71, 72), (22,), (3.5,), (22,), (3.5,))

43.    ((2,), (0.5,)):
('K.73 Musicalion', 'P1', 1, (5, 6), (2,), (1.5,), (2,), (1.5,))
('K.73 Musicalion', 'P1', 1, (11, 12), (3,), (2.5,), (3,), (2.5,))
('K.73 Musicalion', 'P1', 1, (61, 62), (13,), (1.0,), (13,), (1.0,))
('K.73 Musicalion', 'P1', 1, (66, 67), (13,), (3.0,), (13,), (3.0,))
('K.73 Musicalion', 'P1', 1, (71, 72), (14,), (2.0,), (14,), (2.0,))
('K.73 Musicalion', 'P1', 1, (168, 169), (29,), (2.0,), (29,), (2.0,))
('K.73 Musicalion', 'P1', 1, (173, 174), (30,), (1.0,), (30,), (1.0,))
('K.73 Musicalion', 'P1', 1, (229, 230), (40,), (2.0,), (40,), (2.0,))
('K.73 Musicalion', 'P1', 1, (234, 235), (41,), (1.0,), (41,), (1.0,))
('K.73 Musicalion', 'P1', 1, (239, 240), (41,), (3.0,), (41,), (3.0,))
('K.73 Musicalion', 'P1', 1, (281, 282), (46,), (3.5,), (46,), (3.5,))
('K.73 Musicalion', 'P1', 2, (3, 4), (1,), (3.5,), (1,), (3.5,))
('K.73 Musicalion', 'P1', 2, (13, 14), (3,), (3.5,), (3,), (3.5,))
('K.73 Musicalion', 'P1', 2, (75, 76), (23,), (3.5,), (23,), (3.5,))
('K.73 Musicalion', 'P1', 2, (106, 107), (32,), (1.5,), (32,), (1.5,))
('K.73 Musicalion', 'P1', 2, (124, 125), (36,), (3.5,), (36,), (3.5,))

44.    ((-2,), (1.0,)):
('K.73 Musicalion', 'P1', 1, (7, 8), (2,), (3.0,), (2,), (3.0,))
('K.73 Musicalion', 'P1', 1, (18, 19), (4,), (3.0,), (4,), (3.0,))
('K.73 Musicalion', 'P1', 1, (22, 23), (5,), (3.0,), (5,), (3.0,))
('K.73 Musicalion', 'P1', 1, (35, 36), (8,), (3.0,), (8,), (3.0,))
('K.73 Musicalion', 'P1', 1, (142, 143), (23,), (3.0,), (23,), (3.0,))
('K.73 Musicalion', 'P1', 1, (150, 151), (25,), (2.0,), (25,), (2.0,))
('K.73 Musicalion', 'P1', 1, (159, 160), (27,), (2.0,), (27,), (2.0,))
('K.73 Musicalion', 'P1', 1, (334, 335), (59,), (1.0,), (59,), (1.0,))
('K.73 Musicalion', 'P1', 1, (395, 396), (75,), (3.0,), (75,), (3.0,))
('K.73 Musicalion', 'P1', 1, (406, 407), (78,), (2.0,), (78,), (2.0,))
('K.73 Musicalion', 'P1', 2, (130, 131), (38,), (3.0,), (38,), (3.0,))
('K.73 Musicalion', 'P1', 2, (162, 163), (51,), (3.0,), (51,), (3.0,))
('K.73 Musicalion', 'P1', 2, (166, 167), (53,), (3.0,), (53,), (3.0,))
('K.73 Musicalion', 'P1', 2, (170, 171), (55,), (3.0,), (55,), (3.0,))
('K.73 Musicalion', 'P1', 2, (227, 228), (82,), (3.0,), (82,), (3.0,))
('K.73 Musicalion', 'P1', 2, (239, 240), (88,), (3.0,), (88,), (3.0,))

45.    ((4,), (1.0,)):
('K.73 Musicalion', 'P1', 1, (417, 418), (80,), (3.0,), (80,), (3.0,))
('K.73 Musicalion', 'P1', 1, (422, 423), (81,), (3.0,), (81,), (3.0,))
('K.73 Musicalion', 'P1', 1, (427, 428), (82,), (3.0,), (82,), (3.0,))
('K.73 Musicalion', 'P1', 1, (472, 473), (91,), (3.0,), (91,), (3.0,))
('K.73 Musicalion', 'P1', 2, (108, 109), (32,), (3.0,), (32,), (3.0,))
('K.73 Musicalion', 'P1', 2, (127, 128), (37,), (3.0,), (37,), (3.0,))
('K.73 Musicalion', 'P1', 2, (164, 165), (52,), (3.0,), (52,), (3.0,))
('K.73 Musicalion', 'P1', 2, (168, 169), (54,), (3.0,), (54,), (3.0,))
('K.73 Musicalion', 'P1', 2, (172, 173), (56,), (3.0,), (56,), (3.0,))
('K.73 Musicalion', 'P1', 2, (174, 175), (57,), (3.0,), (57,), (3.0,))
('K.73 Musicalion', 'P1', 2, (182, 183), (60,), (3.0,), (60,), (3.0,))
('K.73 Musicalion', 'P1', 2, (199, 200), (68,), (3.0,), (68,), (3.0,))
('K.73 Musicalion', 'P1', 2, (211, 212), (74,), (3.0,), (74,), (3.0,))
('K.73 Musicalion', 'P1', 2, (216, 217), (76,), (3.0,), (76,), (3.0,))

46.    ((1,), (2.0,)):
('K.73 Musicalion', 'P1', 1, (350, 351), (63,), (2.0,), (63,), (2.0,))
('K.73 Musicalion', 'P1', 1, (356, 357), (65,), (2.0,), (65,), (2.0,))
('K.73 Musicalion', 'P1', 2, (202, 203), (70,), (1.0,), (70,), (1.0,))
('K.73 Musicalion', 'P1', 2, (204, 205), (71,), (1.0,), (71,), (1.0,))
('K.73 Musicalion', 'P1', 2, (206, 207), (72,), (1.0,), (72,), (1.0,))
('K.73 Musicalion', 'P1', 2, (208, 209), (73,), (1.0,), (73,), (1.0,))
('K.73 Musicalion', 'P1', 2, (210, 211), (74,), (1.0,), (74,), (1.0,))
('K.73 Musicalion', 'P1', 2, (236, 237), (87,), (1.0,), (87,), (1.0,))
('K.73 Musicalion', 'P1', 2, (238, 239), (88,), (1.0,), (88,), (1.0,))
('K.73 Musicalion', 'P1', 2, (240, 241), (89,), (1.0,), (89,), (1.0,))
('K.73 Musicalion', 'P1', 2, (242, 243), (90,), (1.0,), (90,), (1.0,))
('K.73 Musicalion', 'P1', 2, (244, 245), (91,), (1.0,), (91,), (1.0,))

47.    ((-8,), (1.0,)):
('K.73 Musicalion', 'P1', 1, (192, 193), (33,), (2.0,), (33,), (2.0,))
('K.73 Musicalion', 'P1', 2, (83, 84), (26,), (1.0,), (26,), (1.0,))
('K.73 Musicalion', 'P1', 2, (90, 91), (28,), (1.0,), (28,), (1.0,))
('K.73 Musicalion', 'P1', 2, (107, 108), (32,), (2.0,), (32,), (2.0,))
('K.73 Musicalion', 'P1', 2, (181, 182), (60,), (2.0,), (60,), (2.0,))
('K.73 Musicalion', 'P1', 2, (198, 199), (68,), (2.0,), (68,), (2.0,))
('K.73 Musicalion', 'P1', 2, (209, 210), (73,), (3.0,), (73,), (3.0,))
('K.73 Musicalion', 'P1', 2, (215, 216), (76,), (2.0,), (76,), (2.0,))
('K.73 Musicalion', 'P1', 2, (246, 247), (92,), (1.0,), (92,), (1.0,))
('K.73 Musicalion', 'P1', 2, (249, 250), (93,), (1.0,), (93,), (1.0,))

48.    ((-2,), (2.0,)):
('K.73 Musicalion', 'P1', 1, (312, 313), (51,), (2.0,), (51,), (2.0,))
('K.73 Musicalion', 'P1', 1, (318, 319), (53,), (2.0,), (53,), (2.0,))
('K.73 Musicalion', 'P1', 1, (324, 325), (55,), (2.0,), (55,), (2.0,))
('K.73 Musicalion', 'P1', 1, (347, 348), (62,), (2.0,), (62,), (2.0,))
('K.73 Musicalion', 'P1', 1, (353, 354), (64,), (2.0,), (64,), (2.0,))
('K.73 Musicalion', 'P1', 1, (384, 385), (72,), (2.0,), (72,), (2.0,))
('K.73 Musicalion', 'P1', 2, (161, 162), (51,), (1.0,), (51,), (1.0,))
('K.73 Musicalion', 'P1', 2, (165, 166), (53,), (1.0,), (53,), (1.0,))
('K.73 Musicalion', 'P1', 2, (169, 170), (55,), (1.0,), (55,), (1.0,))

49.    ((-3,), (2.0,)):
('K.73 Musicalion', 'P1', 1, (330, 331), (57,), (2.0,), (57,), (2.0,))
('K.73 Musicalion', 'P1', 1, (333, 334), (58,), (2.0,), (58,), (2.0,))
('K.73 Musicalion', 'P1', 2, (163, 164), (52,), (1.0,), (52,), (1.0,))
('K.73 Musicalion', 'P1', 2, (167, 168), (54,), (1.0,), (54,), (1.0,))
('K.73 Musicalion', 'P1', 2, (171, 172), (56,), (1.0,), (56,), (1.0,))
('K.73 Musicalion', 'P1', 2, (188, 189), (64,), (1.0,), (64,), (1.0,))

50.    ((1,), (3.0,)):
('K.73 Musicalion', 'P1', 1, (344, 345), (61,), (1.0,), (61,), (1.0,))
('K.73 Musicalion', 'P1', 1, (402, 403), (77,), (1.0,), (77,), (1.0,))
('K.73 Musicalion', 'P1', 2, (66, 67), (20,), (1.0,), (20,), (1.0,))
('K.73 Musicalion', 'P1', 2, (67, 68), (21,), (1.0,), (21,), (1.0,))
('K.73 Musicalion', 'P1', 2, (183, 184), (61,), (1.0,), (61,), (1.0,))
('K.73 Musicalion', 'P1', 2, (217, 218), (77,), (1.0,), (77,), (1.0,))

51.    ((5,), (1.0,)):
('K.73 Musicalion', 'P1', 1, (6, 7), (2,), (2.0,), (2,), (2.0,))
('K.73 Musicalion', 'P1', 1, (21, 22), (5,), (2.0,), (5,), (2.0,))
('K.73 Musicalion', 'P1', 1, (34, 35), (8,), (2.0,), (8,), (2.0,))
('K.73 Musicalion', 'P1', 2, (40, 41), (10,), (3.0,), (10,), (3.0,))
('K.73 Musicalion', 'P1', 2, (232, 233), (84,), (3.0,), (84,), (3.0,))

52.    ((-4,), (1.0,)):
('K.73 Musicalion', 'P1', 1, (432, 433), (83,), (3.0,), (83,), (3.0,))
('K.73 Musicalion', 'P1', 2, (135, 136), (40,), (1.0,), (40,), (1.0,))
('K.73 Musicalion', 'P1', 2, (176, 177), (58,), (3.0,), (58,), (3.0,))
('K.73 Musicalion', 'P1', 2, (203, 204), (70,), (3.0,), (70,), (3.0,))
('K.73 Musicalion', 'P1', 2, (207, 208), (72,), (3.0,), (72,), (3.0,))

53.    ((8,), (0.5,)):
('K.73 Musicalion', 'P1', 1, (29, 30), (7,), (1.5,), (7,), (1.5,))
('K.73 Musicalion', 'P1', 1, (394, 395), (75,), (2.5,), (75,), (2.5,))
('K.73 Musicalion', 'P1', 2, (12, 13), (3,), (3.0,), (3,), (3.0,))
('K.73 Musicalion', 'P1', 2, (105, 106), (32,), (1.0,), (32,), (1.0,))

54.    ((7,), (0.5,)):
('K.73 Musicalion', 'P1', 1, (179, 180), (30,), (3.5,), (30,), (3.5,))
('K.73 Musicalion', 'P1', 1, (210, 211), (37,), (1.5,), (37,), (1.5,))
('K.73 Musicalion', 'P1', 1, (272, 273), (45,), (3.0,), (45,), (3.0,))
('K.73 Musicalion', 'P1', 2, (116, 117), (34,), (3.5,), (34,), (3.5,))

55.    ((-4,), (0.5,)):
('K.73 Musicalion', 'P1', 1, (60, 61), (12,), (3.5,), (12,), (3.5,))
('K.73 Musicalion', 'P1', 1, (209, 210), (37,), (1.0,), (37,), (1.0,))
('K.73 Musicalion', 'P1', 1, (393, 394), (75,), (2.0,), (75,), (2.0,))

56.    ((4,), (0.25,)):
('K.73 Musicalion', 'P1', 1, (98, 99), (18,), (1.0,), (18,), (1.0,))
('K.73 Musicalion', 'P1', 1, (122, 123), (20,), (1.0,), (20,), (1.0,))
('K.73 Musicalion', 'P1', 1, (182, 183), (31,), (2.75,), (31,), (2.75,))

57.    ((-5,), (1.0,)):
('K.73 Musicalion', 'P1', 1, (151, 152), (25,), (3.0,), (25,), (3.0,))
('K.73 Musicalion', 'P1', 1, (160, 161), (27,), (3.0,), (27,), (3.0,))
('K.73 Musicalion', 'P1', 2, (78, 79), (24,), (3.0,), (24,), (3.0,))

58.    (((8, 2),), ((0.0, 1.0),)):
('K.73 Musicalion', 'P1', 2, (61, 62), (17,), (1.0,), (17,), (1.0,))
('K.73 Musicalion', 'P1', 2, (62, 63), (17,), (2.0,), (17,), (2.0,))
('K.73 Musicalion', 'P1', 2, (154, 155), (46,), (2.0,), (46,), (2.0,))

59.    ((2,), (0.12,)):
('K.73 Musicalion', 'P1', 1, (96, 97), (17,), (3.75,), (17,), (3.75,))
('K.73 Musicalion', 'P1', 1, (97, 98), (17,), (3.88,), (17,), (3.88,))

60.    ((-7,), (0.25,)):
('K.73 Musicalion', 'P1', 1, (430, 431), (83,), (1.75,), (83,), (1.75,))
('K.73 Musicalion', 'P1', 1, (493, 494), (94,), (1.75,), (94,), (1.75,))

61.    ((-7,), (0.5,)):
('K.73 Musicalion', 'P1', 1, (53, 54), (11,), (3.5,), (11,), (3.5,))
('K.73 Musicalion', 'P1', 2, (11, 12), (3,), (2.5,), (3,), (2.5,))

62.    ((-3,), (1.5,)):
('K.73 Musicalion', 'P1', 2, (4, 5), (2,), (1.0,), (2,), (1.0,))
('K.73 Musicalion', 'P1', 2, (109, 110), (33,), (1.0,), (33,), (1.0,))

63.    ((8,), (1.5,)):
('K.73 Musicalion', 'P1', 2, (18, 19), (5,), (1.0,), (5,), (1.0,))
('K.73 Musicalion', 'P1', 2, (79, 80), (25,), (1.0,), (25,), (1.0,))

64.    (((5, -5),), ((0.0, 1.0),)):
('K.73 Musicalion', 'P1', 2, (60, 61), (16,), (3.0,), (16,), (3.0,))
('K.73 Musicalion', 'P1', 2, (149, 150), (44,), (3.0,), (44,), (3.0,))

65.    (((8, -5),), ((0.0, 1.0),)):
('K.73 Musicalion', 'P1', 2, (153, 154), (46,), (1.0,), (46,), (1.0,))
('K.73 Musicalion', 'P1', 2, (155, 156), (46,), (3.0,), (46,), (3.0,))

66.    ((-8,), (2.0,)):
('K.73 Musicalion', 'P1', 2, (173, 174), (57,), (1.0,), (57,), (1.0,))
('K.73 Musicalion', 'P1', 2, (186, 187), (63,), (1.0,), (63,), (1.0,))

67.    ((8,), (1.0,)):
('K.73 Musicalion', 'P1', 2, (177, 178), (59,), (1.0,), (59,), (1.0,))
('K.73 Musicalion', 'P1', 2, (247, 248), (92,), (2.0,), (92,), (2.0,))

68.    ((-3,), (1.0,)):
('K.73 Musicalion', 'P1', 2, (178, 179), (59,), (2.0,), (59,), (2.0,))
('K.73 Musicalion', 'P1', 2, (192, 193), (66,), (1.0,), (66,), (1.0,))

69.    ((3,), (2.0,)):
('K.73 Musicalion', 'P1', 2, (212, 213), (75,), (1.0,), (75,), (1.0,))
('K.73 Musicalion', 'P1', 2, (234, 235), (86,), (1.0,), (86,), (1.0,))

