1 .    ('nomes', 'K.306 Musescore') 

2 .    ('quantidade', 1) 

3 .    ('analise', 'recorręncias IntDiaDur sem contidos e intercalados') 

1 .    (((1, 1, 1, 3, 1, 1, 2, 1, -3, 1, -2, 1, 3, 1, 2, 1, -3, 1, -2, 1, 1, 1, 2, 1, -3, 1, 2, 1, -4, 1, 2, 1, -4, 1, 2, 1, -4, 1, 2, 1, -3, 1, 2, 1, -4, 1, 2, 1, -4, 1, 2, 4, 2, 2, -2, 8, 1, 1, 2, 1, -3, 1, 2, 1, -4, 1, 2, 1, -4, 1, 2, 1, -4, 1, 2, 1, -3, 1, 2, 1, -4, 1, 2, 1, -4, 1, 2, 4, 2, -8, 4, 2, 2, 2, 2, 3, 2, -5, 2, -8, 4, 2, 2, 2, 2, 3, 2, -5, 2, -8), (1.0, 1.0, 1.0, 1.25, 0.25, 0.25, 0.25, 0.25, 0.25, 0.25, 0.25, 0.25, 0.25, 0.25, 0.25, 0.25, 0.25, 0.25, 0.25, 0.25, 0.25, 0.25, 0.25, 0.25, 0.25, 0.25, 0.25, 0.25, 0.25, 0.25, 0.25, 0.25, 0.25, 0.25, 0.25, 0.25, 0.25, 0.25, 0.25, 0.25, 0.25, 0.25, 0.25, 0.25, 0.25, 0.25, 0.25, 0.25, 0.25, 0.25, 0.25, 0.5, 0.5, 0.5, 0.5, 0.25, 0.25, 0.25, 0.25, 0.25, 0.25, 0.25, 0.25, 0.25, 0.25, 0.25, 0.25, 0.25, 0.25, 0.25, 0.25, 0.25, 0.25, 0.25, 0.25, 0.25, 0.25, 0.25, 0.25, 0.25, 0.25, 0.25, 0.25, 0.25, 0.25, 0.25, 0.25, 0.5, 0.5, 0.5, 0.5, 1.5, 0.5, 1.0, 1.0, 1.5, 0.5, 0.5, 0.5, 0.5, 0.5, 1.5, 0.5, 1.0, 1.0, 1.5, 0.5, 0.5, 0.5, 0.5)), [('K.306 Musescore', 'P1', 3, (183, 293), (37, 1.0), (58, 2.0)), ('K.306 Musescore', 'P1', 3, (431, 541), (84, 1.0), (105, 2.0))]) 

2 .    (((2, 2, -3, 2, 6, -2, -6, 2, 2, 2, -4, 2, 6, -2, -6, 2, 2, 2, 3, -4, 3, -4, 3, -4, 3, -2, 5, 1, -2, 1, -2, 1, -2, 1, -2, 1, -2, 1, -2, 1, -2, 1, 9, 1, -2, 1, -2, 1, -2, 1, 3, -4, 3, -4, 3, -4, 3, -2, 5, 1, -2, 1, -2, 1, -2, 1, -2, 1, -2, 1, -2, 1, -2, 1, 9, 1, -2, 1, -2, 1, -2, 1, 3, -4, 3, -4, 3, -4, 3, -2), (0.25, 0.25, 0.5, 0.5, 0.5, 0.5, 0.5, 0.5, 0.5, 0.5, 0.5, 0.5, 0.5, 0.5, 0.5, 0.5, 0.5, 0.5, 0.25, 0.25, 0.25, 0.25, 0.25, 0.25, 0.25, 0.25, 0.25, 0.25, 0.25, 0.25, 0.25, 0.25, 0.25, 0.25, 0.25, 0.25, 0.25, 0.25, 0.25, 0.25, 0.25, 0.25, 0.25, 0.25, 0.25, 0.25, 0.25, 0.25, 0.25, 0.25, 0.25, 0.25, 0.25, 0.25, 0.25, 0.25, 0.25, 0.25, 0.25, 0.25, 0.25, 0.25, 0.25, 0.25, 0.25, 0.25, 0.25, 0.25, 0.25, 0.25, 0.25, 0.25, 0.25, 0.25, 0.25, 0.25, 0.25, 0.25, 0.25, 0.25, 0.25, 0.25, 0.25, 0.25, 0.25, 0.25, 0.25, 0.25, 0.25, 0.25)), [('K.306 Musescore', 'P1', 1, (268, 358), (45, 2.5), (58, 2.75)), ('K.306 Musescore', 'P1', 1, (554, 644), (92, 2.5), (105, 2.75))]) 

3 .    (((-2, -2, -2, 2, 3, 1, -5, 2, -2, -2, 1, 2, 2, 4, 1, -5, 2, -2, -2, 1, 2, 2, 4, 2, -2, -2, 1, 2, 2, -2, -2, 1, 2, 2, -2, -2, 1, 2, 2, -2, -2, 1, 2), (0.0, 0.5, 0.25, 0.25, 0.25, 0.25, 0.25, 0.25, 0.0, 0.25, 0.25, 0.25, 0.25, 0.25, 0.25, 0.25, 0.25, 0.0, 0.25, 0.25, 0.25, 0.25, 0.25, 0.25, 0.0, 0.25, 0.25, 0.25, 0.25, 0.0, 0.25, 0.25, 0.25, 0.25, 0.0, 0.25, 0.25, 0.25, 0.25, 0.0, 0.25, 0.25, 0.0)), [('K.306 Musescore', 'P1', 1, (179, 222), (31, 2.0), (36, 1.0)), ('K.306 Musescore', 'P1', 1, (465, 508), (79, 1.0), (83, 2.0))]) 

4 .    (((1, 1, 2, -3, 4, -3, 4, -4, 1, 1, 2, -3, 4, -3, 4, -4, 2, 2, 2, -4, 2, 2, 2, -6, 2, 6, -2, -6, 2, 2, 2, -4, 2, 6, -2, -6, 2, 2, 2, 3, -2, -3, 2), (0.25, 0.25, 0.25, 0.25, 0.25, 0.25, 0.25, 0.25, 0.25, 0.25, 0.25, 0.25, 0.25, 0.25, 0.25, 0.5, 0.5, 0.5, 0.5, 0.5, 0.5, 0.5, 0.5, 0.5, 0.5, 0.5, 0.5, 0.5, 0.5, 0.5, 0.5, 0.5, 0.5, 0.5, 0.5, 0.5, 0.5, 0.5, 0.5, 0.25, 0.25, 0.25, 0.25)), [('K.306 Musescore', 'P1', 1, (223, 266), (37, 1.25), (45, 1.75)), ('K.306 Musescore', 'P1', 1, (509, 552), (84, 1.25), (92, 1.75))]) 

5 .    (((2, -3, 2, 8, 1, -2, 1, -2, 1, -2, 1, -2, 1, -2, 1, -2, 1, -2, 1, 1, 4, 1, -5, 1, 4, 1, -5, 1, 4, 1, -5, 1, 4, 1, -5), (0.5, 1.0, 1.0, 0.25, 0.25, 0.25, 0.25, 0.25, 0.25, 0.25, 0.25, 0.25, 0.25, 0.25, 0.25, 0.25, 0.25, 0.25, 0.25, 0.25, 0.25, 0.25, 0.25, 0.25, 0.25, 0.25, 0.25, 0.25, 0.25, 0.25, 0.25, 0.25, 0.25, 0.25, 0.25)), [('K.306 Musescore', 'P1', 3, (47, 82), (10, 2.5), (15, 2.75)), ('K.306 Musescore', 'P1', 3, (356, 391), (69, 2.5), (74, 2.75))]) 

6 .    (((1, -2, 1, 3, 1, -2, 1, 3, 1, -2, 1, 3, 1, -2, 1, 3, 1, -2, 1), (0.25, 0.25, 0.25, 0.25, 0.25, 0.25, 0.25, 0.25, 0.25, 0.25, 0.25, 0.25, 0.25, 0.25, 0.25, 0.25, 0.25, 0.25, 0.25)), [('K.306 Musescore', 'P1', 1, (87, 106), (17, 1.25), (19, 1.75)), ('K.306 Musescore', 'P1', 1, (107, 126), (19, 2.25), (21, 2.75))]) 

7 .    (((8, -2, -2, 1, 4, 1, -5, 1, 4, 1, -5, 3, -2, -2, -4, 6, -2, -2, -4), (0.5, 1.0, 0.5, 0.25, 0.25, 0.25, 0.25, 0.25, 0.25, 0.25, 0.25, 0.5, 0.5, 0.5, 0.5, 0.5, 0.5, 0.5, 0.5)), [('K.306 Musescore', 'P1', 3, (155, 174), (30, 1.0), (33, 2.5)), ('K.306 Musescore', 'P1', 3, (403, 422), (77, 2.0), (81, 1.5))]) 

8 .    (((8, 1, -2, 1, -2, 1, -2, 1, -2, 1, -2, 1, -2, 1, -2, 1), (0.25, 0.25, 0.25, 0.25, 0.25, 0.25, 0.25, 0.25, 0.25, 0.25, 0.25, 0.25, 0.25, 0.25, 0.25, 0.25)), [('K.306 Musescore', 'P1', 3, (14, 30), (6, 1.0), (7, 2.75)), ('K.306 Musescore', 'P1', 3, (108, 124), (23, 2.0), (25, 1.75))]) 

9 .    (((2, -2, 2, 2, 2, 2, -2, 4, -5, 4, -5, 5, -2, -2, -2, 2), (1.5, 0.5, 0.5, 0.5, 0.5, 0.5, 0.5, 0.5, 0.5, 0.5, 0.5, 0.5, 0.0, 0.5, 0.25, 0.25)), [('K.306 Musescore', 'P1', 1, (62, 78), (12, 1.0), (15, 2.75)), ('K.306 Musescore', 'P1', 1, (421, 437), (71, 1.0), (74, 2.75))]) 

10 .    (((1, -2, 1, -2, 1, -2, 1, -2, 1, -2, 1, -2, 1, -2), (0.25, 0.25, 0.25, 0.25, 0.25, 0.25, 0.25, 0.25, 0.25, 0.25, 0.25, 0.25, 0.25, 0.25)), [('K.306 Musescore', 'P1', 1, (406, 420), (69, 1.25), (70, 2.5)), ('K.306 Musescore', 'P1', 3, (31, 45), (8, 1.25), (9, 2.5))]) 

11 .    (((4, 1, -5, 1, 4, 1, -5, 1, 4, 1, -5, 1, 4, 1), (0.25, 0.25, 0.25, 0.25, 0.25, 0.25, 0.25, 0.25, 0.25, 0.25, 0.25, 0.25, 0.25, 0.25)), [('K.306 Musescore', 'P1', 3, (125, 139), (25, 2.25), (27, 1.5)), ('K.306 Musescore', 'P1', 3, (339, 353), (67, 1.25), (68, 2.5))]) 

12 .    (((-3, 3, -2, -2, -2, 2, 1, 1, 1, -2, 1, 4, 1, 4), (0.5, 0.5, 0.0, 0.5, 0.25, 0.25, 0.25, 0.25, 0.25, 0.25, 0.25, 0.25, 0.25, 0.25)), [('K.306 Musescore', 'P1', 1, (163, 177), (29, 1.0), (30, 2.75)), ('K.306 Musescore', 'P1', 1, (449, 463), (76, 2.0), (78, 1.75))]) 

13 .    (((-8, 3, -2, 6, 2, -8, 3, -2, 6, -3, -3, -2), (0.25, 0.25, 0.25, 0.5, 0.75, 0.25, 0.25, 0.25, 0.25, 0.25, 0.25, 0.25)), [('K.306 Musescore', 'P1', 1, (360, 372), (59, 2.25), (61, 1.75)), ('K.306 Musescore', 'P1', 1, (645, 657), (106, 2.25), (108, 1.75))]) 

14 .    (((-3, -2, -3, 4, -5, 2, -8, 9, -3, 2, -8), (0.25, 0.25, 0.5, 0.5, 0.5, 0.5, 0.5, 0.5, 0.5, 0.5, 0.5)), [('K.306 Musescore', 'P1', 3, (302, 313), (60, 1.5), (62, 2.0)), ('K.306 Musescore', 'P1', 3, (550, 561), (107, 1.5), (109, 2.0))]) 

15 .    (((4, -5, 4, -5, 5, -2, -2, -2, 2), (0.5, 0.5, 0.5, 0.5, 0.5, 0.0, 0.5, 0.25, 0.25)), [('K.306 Musescore', 'P1', 1, (144, 153), (25, 2.5), (27, 1.75)), ('K.306 Musescore', 'P1', 1, (396, 405), (67, 1.5), (68, 2.75))]) 

16 .    (((-3, 2, 2, -3, 2, 2, -2, 2, -2), (0.5, 0.25, 1.25, 0.5, 0.25, 1.5, 0.5, 1.5, 0.5)), [('K.306 Musescore', 'P1', 2, (0, 9), (37, 2.25), (40, 2.5)), ('K.306 Musescore', 'P1', 2, (15, 24), (84, 2.25), (87, 2.5))]) 

17 .    (((1, -2, 1, -2, 1, -2, 1), (0.25, 0.25, 0.25, 0.25, 0.25, 0.25, 0.25)), [('K.306 Musescore', 'P1', 1, (48, 55), (10, 1.25), (10, 2.75)), ('K.306 Musescore', 'P1', 1, (79, 86), (16, 1.25), (16, 2.75))]) 

18 .    (((1, 4, 1, -5, 1, 4, 1), (0.25, 0.25, 0.25, 0.25, 0.25, 0.25, 0.25)), [('K.306 Musescore', 'P1', 1, (441, 448), (75, 2.0), (76, 1.5)), ('K.306 Musescore', 'P1', 3, (395, 402), (76, 2.0), (77, 1.5))]) 

19 .    (((1, -2, 1, 1, 1, 2, 1), (0.25, 0.25, 0.25, 0.25, 0.25, 0.25, 0.25)), [('K.306 Musescore', 'P1', 3, (320, 327), (64, 2.5), (65, 2.0)), ('K.306 Musescore', 'P1', 3, (328, 335), (65, 2.5), (66, 2.0))]) 

20 .    (((1, -2, 1, -2, 1, -2, 2), (0.25, 0.25, 0.25, 0.25, 0.25, 0.25, 0.25)), [('K.306 Musescore', 'P1', 1, (4, 11), (2, 1.25), (2, 2.75)), ('K.306 Musescore', 'P1', 1, (12, 19), (3, 1.25), (3, 2.75))]) 

21 .    (((-2, -2, 3, -2, -3, -2, -3), (0.5, 0.5, 0.5, 0.5, 0.5, 0.5, 0.5)), [('K.306 Musescore', 'P1', 3, (85, 92), (17, 2.0), (19, 1.0)), ('K.306 Musescore', 'P1', 3, (93, 100), (19, 2.0), (21, 1.0))]) 

22 .    (((1, -3, 1, -3, 1), (0.25, 0.25, 0.25, 0.25, 0.25)), [('K.306 Musescore', 'P1', 1, (20, 25), (4, 1.25), (4, 2.25)), ('K.306 Musescore', 'P1', 1, (26, 31), (4, 2.75), (5, 1.75))]) 

23 .    (((6, -2, -2, -2, -2), (1.5, 0.5, 0.5, 0.5, 0.5)), [('K.306 Musescore', 'P1', 1, (35, 40), (6, 1.0), (7, 2.0)), ('K.306 Musescore', 'P1', 1, (41, 46), (8, 1.0), (9, 2.0))]) 

24 .    (((6, -7, 6, 1, 2), (0.25, 0.25, 0.25, 0.25, 0.0)), [('K.306 Musescore', 'P1', 1, (380, 385), (62, 2.0), (63, 1.0)), ('K.306 Musescore', 'P1', 1, (665, 670), (109, 2.0), (110, 1.0))]) 

25 .    ((((3, 4, 1), (3, 4, 2), (3, 4, 1), (3, 4, -2), (3, 4, 1)), ((0.0, 0.0, 0.5), (0.0, 0.0, 0.5), (0.0, 0.0, 0.5), (0.0, 0.0, 0.5), (0.0, 0.0, 0.5))), [('K.306 Musescore', 'P1', 3, (176, 181), (34, 2.0), (35, 2.0)), ('K.306 Musescore', 'P1', 3, (424, 429), (82, 1.0), (83, 1.0))]) 

26 .    (((1, -2, 1), (0.25, 0.25, 0.25)), [('K.306 Musescore', 'P1', 1, (56, 59), (11, 1.25), (11, 1.75)), ('K.306 Musescore', 'P1', 1, (127, 130), (22, 1.25), (22, 1.75)), ('K.306 Musescore', 'P1', 1, (155, 158), (27, 2.5), (28, 1.0))]) 

27 .    (((-3, -2, -3), (0.25, 0.25, 0.5)), [('K.306 Musescore', 'P1', 3, (296, 299), (59, 1.5), (59, 2.0)), ('K.306 Musescore', 'P1', 3, (544, 547), (106, 1.5), (106, 2.0))]) 

28 .    (((1, 6, 1), (0.25, 0.25, 0.25)), [('K.306 Musescore', 'P1', 3, (143, 146), (28, 2.0), (28, 2.5)), ('K.306 Musescore', 'P1', 3, (147, 150), (29, 1.0), (29, 1.5)), ('K.306 Musescore', 'P1', 3, (151, 154), (29, 2.0), (29, 2.5))]) 

29 .    ((((3, -2), (3, -2), (3, 2)), ((0.0, 0.5), (0.0, 0.5), (0.0, 0.5))), [('K.306 Musescore', 'P1', 3, (3, 6), (2, 1.5), (2, 2.5)), ('K.306 Musescore', 'P1', 3, (7, 10), (3, 1.5), (3, 2.5))]) 

30 .    (((1, -2), (0.25, 0.25)), [('K.306 Musescore', 'P1', 1, (32, 34), (5, 2.25), (5, 2.5)), ('K.306 Musescore', 'P1', 1, (131, 133), (22, 2.25), (22, 2.5)), ('K.306 Musescore', 'P1', 3, (336, 338), (66, 2.5), (66, 2.75))]) 

31 .    (((2, 2), (0.5, 0.5)), [('K.306 Musescore', 'P1', 1, (138, 140), (24, 1.5), (24, 2.0)), ('K.306 Musescore', 'P1', 1, (141, 143), (25, 1.0), (25, 1.5)), ('K.306 Musescore', 'P1', 3, (102, 104), (22, 1.0), (22, 1.5))]) 

32 .    (((1, 1), (0.25, 0.25)), [('K.306 Musescore', 'P1', 1, (438, 440), (75, 1.25), (75, 1.5)), ('K.306 Musescore', 'P1', 3, (315, 317), (64, 1.25), (64, 1.5))]) 

33 .    (((2, -3), (0.5, 0.5)), [('K.306 Musescore', 'P1', 1, (388, 390), (64, 2.5), (65, 1.0)), ('K.306 Musescore', 'P1', 1, (391, 393), (65, 2.5), (66, 1.0))]) 

34 .    (((1,), (0.25,)), [('K.306 Musescore', 'P1', 1, (159, 160), (28, 1.5), (28, 1.5)), ('K.306 Musescore', 'P1', 3, (318, 319), (64, 2.0), (64, 2.0))]) 

35 .    (((2,), (0.5,)), [('K.306 Musescore', 'P1', 1, (394, 395), (66, 2.5), (66, 2.5)), ('K.306 Musescore', 'P1', 3, (11, 12), (4, 2.5), (4, 2.5))]) 

36 .    (((2,), (0.25,)), [('K.306 Musescore', 'P1', 1, (660, 661), (108, 2.75), (108, 2.75)), ('K.306 Musescore', 'P1', 1, (662, 663), (109, 1.25), (109, 1.25))]) 

37 .    (((3,), (0.25,)), [('K.306 Musescore', 'P1', 1, (374, 375), (61, 2.5), (61, 2.5)), ('K.306 Musescore', 'P1', 1, (376, 377), (62, 1.0), (62, 1.0)), ('K.306 Musescore', 'P1', 1, (378, 379), (62, 1.5), (62, 1.5))]) 

38 .    (((8,), (0.25,)), [('K.306 Musescore', 'P1', 3, (542, 543), (106, 1.0), (106, 1.0)), ('K.306 Musescore', 'P1', 3, (548, 549), (107, 1.0), (107, 1.0))]) 

39 .    (((5,), (0.25,)), [('K.306 Musescore', 'P1', 3, (294, 295), (59, 1.0), (59, 1.0)), ('K.306 Musescore', 'P1', 3, (300, 301), (60, 1.0), (60, 1.0))]) 

40 .    (((-2,), (1.0,)), [('K.306 Musescore', 'P1', 3, (141, 142), (27, 2.5), (27, 2.5)), ('K.306 Musescore', 'P1', 3, (392, 393), (75, 1.5), (75, 1.5)), ('K.306 Musescore', 'P1', 2, (11, 12), (65, 1.0), (65, 1.0)), ('K.306 Musescore', 'P1', 2, (13, 14), (66, 1.0), (66, 1.0))]) 

41 .    (((-2,), (0.12,)), [('K.306 Musescore', 'P1', 1, (1, 2), (1, 1.75), (1, 1.75)), ('K.306 Musescore', 'P1', 1, (136, 137), (23, 1.88), (23, 1.88))]) 

