1 .    ('nomes', 'K.18 Musicalion') 

2 .    ('quantidade', 1) 

3 .    ('analise', 'recorręncias IntDiaDurPcompasso sem contidos e intercalados') 

1 .    (((-2, 2, -2, 3, -2, 3, -2, 3, -2, -2, -2, -3, 2, -2, 2, -2, 2, -2, 3, -2, 2, -2, 3, -2, 3, -2, 3), (0.25, 0.25, 0.25, 0.25, 0.25, 0.25, 0.25, 0.25, 0.5, 0.25, 0.25, 0.25, 0.25, 0.25, 0.25, 0.25, 0.25, 0.25, 0.25, 0.25, 0.25, 0.25, 0.25, 0.25, 0.25, 0.25, 0.25), (2.0, 2.25, 2.5, 2.75, 3.0, 3.25, 3.5, 3.75, 4.0, 4.5, 4.75, 1.0, 1.25, 1.5, 1.75, 2.0, 2.25, 2.5, 2.75, 3.0, 3.25, 3.5, 3.75, 4.0, 4.25, 4.5, 4.75)), [('K.18 Musicalion', 'P1', 1, (86, 113), (9, 2.0), (10, 4.75)), ('K.18 Musicalion', 'P1', 1, (117, 144), (11, 2.0), (12, 4.75))]) 

2 .    (((-2, 2, -2, 3, -2, 3, -2, 3, -2, -2, -2, -3, 2, -2, 2, -2, 2, -2, 3, -2, 2, -2, 3, -2, 3, -2, 3), (0.25, 0.25, 0.25, 0.25, 0.25, 0.25, 0.25, 0.25, 0.5, 0.25, 0.25, 0.25, 0.25, 0.25, 0.25, 0.25, 0.25, 0.25, 0.25, 0.25, 0.25, 0.25, 0.25, 0.25, 0.25, 0.25, 0.25), (1.0, 1.25, 1.5, 1.75, 2.0, 2.25, 2.5, 2.75, 3.0, 3.5, 3.75, 4.0, 4.25, 4.5, 4.75, 1.0, 1.25, 1.5, 1.75, 2.0, 2.25, 2.5, 2.75, 3.0, 3.25, 3.5, 3.75)), [('K.18 Musicalion', 'P1', 1, (428, 455), (37, 1.0), (38, 3.75)), ('K.18 Musicalion', 'P1', 1, (459, 486), (39, 1.0), (40, 3.75))]) 

3 .    (((2, -2, 3, -2, 3, -3, 4, -5, -2, 2, 2, -2, 3, -3, 4, -5, -2, 2, 2, -2, 3, -3, 4), (0.25, 0.25, 0.25, 0.25, 0.25, 0.25, 0.25, 0.25, 0.25, 0.25, 0.25, 0.25, 0.25, 0.25, 0.25, 0.25, 0.25, 0.25, 0.25, 0.25, 0.25, 0.25, 0.25), (1.25, 1.5, 1.75, 2.0, 2.25, 2.5, 2.75, 3.0, 3.25, 3.5, 3.75, 4.0, 4.25, 4.5, 4.75, 1.0, 1.25, 1.5, 1.75, 2.0, 2.25, 2.5, 2.75)), [('K.18 Musicalion', 'P1', 1, (35, 58), (5, 1.25), (6, 2.75)), ('K.18 Musicalion', 'P1', 1, (161, 184), (15, 1.25), (16, 2.75))]) 

4 .    (((-7, 2, 4, -5, 2, 6, -7, 2, 4, -5, 2, 6, -7, 2, 4, -5, 2), (0.25, 0.25, 0.5, 0.25, 0.25, 0.5, 0.25, 0.25, 0.5, 0.25, 0.25, 0.5, 0.25, 0.25, 0.5, 0.25, 0.25), (4.0, 4.25, 4.5, 1.0, 1.25, 1.5, 2.0, 2.25, 2.5, 3.0, 3.25, 3.5, 4.0, 4.25, 4.5, 1.0, 1.25)), [('K.18 Musicalion', 'P1', 2, (155, 172), (41, 4.0), (42, 1.25)), ('K.18 Musicalion', 'P1', 2, (179, 196), (43, 4.0), (44, 1.25))]) 

5 .    (((9, -3, 2, -3, 2, -3, 2, -3, 2, -3, 2, -3, 2, -3, 2, -3), (0.25, 0.25, 0.25, 0.25, 0.25, 0.25, 0.25, 0.25, 0.25, 0.25, 0.25, 0.25, 0.25, 0.25, 0.25, 0.25), (1.75, 2.0, 2.25, 2.5, 2.75, 3.0, 3.25, 3.5, 3.75, 4.0, 4.25, 4.5, 4.75, 1.0, 1.25, 1.5)), [('K.18 Musicalion', 'P1', 1, (331, 347), (30, 1.75), (31, 1.5)), ('K.18 Musicalion', 'P1', 1, (399, 415), (35, 1.75), (36, 1.5))]) 

6 .    (((8, -2, 2, -2, 2, -2, 2, -7, 7, -2, 2, -2, 2, -2, 2), (0.25, 0.25, 0.25, 0.25, 0.25, 0.25, 0.25, 0.25, 0.25, 0.25, 0.25, 0.25, 0.25, 0.25, 0.25), (1.0, 1.25, 1.5, 1.75, 2.0, 2.25, 2.5, 2.75, 3.0, 3.25, 3.5, 3.75, 4.0, 4.25, 4.5)), [('K.18 Musicalion', 'P1', 3, (135, 150), (18, 1.0), (18, 4.5)), ('K.18 Musicalion', 'P1', 3, (167, 182), (20, 1.0), (20, 4.5))]) 

7 .    (((-2, 2, -2, 2, -2, 2, -8, 8, -2, 2, -2, 2, -2, 2), (0.25, 0.25, 0.25, 0.25, 0.25, 0.25, 0.25, 0.25, 0.25, 0.25, 0.25, 0.25, 0.25, 0.25), (2.25, 2.5, 2.75, 3.0, 3.25, 3.5, 3.75, 4.0, 4.25, 4.5, 4.75, 1.0, 1.25, 1.5)), [('K.18 Musicalion', 'P1', 3, (363, 377), (45, 2.25), (45, 1.5)), ('K.18 Musicalion', 'P1', 3, (379, 393), (46, 2.25), (46, 1.5))]) 

8 .    (((-2, 3, -2, 2, -2, 3, -2, 3, -2, 3, -2), (0.25, 0.25, 0.25, 0.25, 0.25, 0.25, 0.25, 0.25, 0.25, 0.25, 0.25), (1.5, 1.75, 2.0, 2.25, 2.5, 2.75, 3.0, 3.25, 3.5, 3.75, 4.0)), [('K.18 Musicalion', 'P1', 1, (543, 554), (47, 1.5), (48, 4.0)), ('K.18 Musicalion', 'P1', 1, (559, 570), (48, 1.5), (49, 4.0))]) 

9 .    (((-6, 2, 3, -4, -2, 7, -6, 2, 3, -4, -2), (0.25, 0.25, 0.5, 0.25, 0.25, 0.5, 0.25, 0.25, 0.5, 0.25, 0.25), (3.0, 3.25, 3.5, 4.0, 4.25, 4.5, 1.0, 1.25, 1.5, 2.0, 2.25)), [('K.18 Musicalion', 'P1', 2, (2, 13), (2, 3.0), (3, 2.25)), ('K.18 Musicalion', 'P1', 2, (14, 25), (3, 3.0), (4, 2.25))]) 

10 .    (((-6, 2, 5, -5, -2, 9, -4, 2, 3, -4, -2), (0.25, 0.25, 0.5, 0.25, 0.25, 0.5, 0.25, 0.25, 0.5, 0.25, 0.25), (3.0, 3.25, 3.5, 4.0, 4.25, 4.5, 1.0, 1.25, 1.5, 2.0, 2.25)), [('K.18 Musicalion', 'P1', 2, (31, 42), (6, 3.0), (7, 2.25)), ('K.18 Musicalion', 'P1', 2, (43, 54), (7, 3.0), (8, 2.25))]) 

11 .    (((-6, 2, 3, -4, -2, 2, -6, 2, 5, -5, -2), (0.25, 0.25, 0.5, 0.25, 0.25, 0.5, 0.25, 0.25, 0.5, 0.25, 0.25), (1.0, 1.25, 1.5, 2.0, 2.25, 2.5, 3.0, 3.25, 3.5, 4.0, 4.25)), [('K.18 Musicalion', 'P1', 2, (61, 72), (13, 1.0), (13, 4.25)), ('K.18 Musicalion', 'P1', 2, (73, 84), (14, 1.0), (14, 4.25))]) 

12 .    (((-6, 2, 5, -5, -2, 9, -4, 2, 3, -4, -2), (0.25, 0.25, 0.5, 0.25, 0.25, 0.5, 0.25, 0.25, 0.5, 0.25, 0.25), (2.0, 2.25, 2.5, 3.0, 3.25, 3.5, 4.0, 4.25, 4.5, 1.0, 1.25)), [('K.18 Musicalion', 'P1', 2, (125, 136), (32, 2.0), (33, 1.25)), ('K.18 Musicalion', 'P1', 2, (137, 148), (33, 2.0), (34, 1.25))]) 

13 .    (((-2, -2, 4, -2, -2, -2, 4, -2, -2, -2), (0.25, 0.75, 0.25, 0.75, 0.25, 0.75, 0.25, 0.75, 0.25, 0.75), (4.75, 1.0, 1.75, 2.0, 2.75, 3.0, 3.75, 4.0, 4.75, 1.0)), [('K.18 Musicalion', 'P1', 1, (487, 497), (41, 4.75), (42, 1.0)), ('K.18 Musicalion', 'P1', 1, (503, 513), (43, 4.75), (44, 1.0))]) 

14 .    (((-2, 3, -2, 2, -2, 3, -2, 3, -2), (0.25, 0.25, 0.25, 0.25, 0.25, 0.25, 0.25, 0.25, 0.25), (2.5, 2.75, 3.0, 3.25, 3.5, 3.75, 4.0, 4.25, 4.5)), [('K.18 Musicalion', 'P1', 1, (236, 245), (22, 2.5), (22, 4.5)), ('K.18 Musicalion', 'P1', 3, (189, 198), (21, 2.5), (21, 4.5))]) 

15 .    ((((3, -5), 2, 7, -2, -2, 3, -2, -2, -2), ((0.0, 0.5), 0.5, 1.0, 0.5, 0.5, 0.5, 0.5, 0.5, 0.5), (3.0, 3.5, 4.0, 1.0, 1.5, 2.0, 2.5, 3.0, 3.5)), [('K.18 Musicalion', 'P1', 3, (305, 314), (37, 3.0), (38, 3.5)), ('K.18 Musicalion', 'P1', 3, (320, 329), (39, 3.0), (40, 3.5))]) 

16 .    (((-2, -2, -2, 4, -2, -2, -2), (0.75, 0.25, 0.75, 0.25, 0.75, 0.25, 0.75), (3.0, 3.75, 4.0, 4.75, 1.0, 1.75, 2.0)), [('K.18 Musicalion', 'P1', 1, (12, 19), (2, 3.0), (3, 2.0)), ('K.18 Musicalion', 'P1', 1, (20, 27), (3, 3.0), (4, 2.0))]) 

17 .    (((-2, -2, -3, 2, -2, -2, 5), (0.25, 0.75, 0.25, 0.75, 0.25, 0.75, 0.25), (1.75, 2.0, 2.75, 3.0, 3.75, 4.0, 4.75)), [('K.18 Musicalion', 'P1', 1, (63, 70), (7, 1.75), (7, 4.75)), ('K.18 Musicalion', 'P1', 1, (153, 160), (14, 1.75), (14, 4.75))]) 

18 .    ((((3, 2), (3, 2), (3, 2), (3, -2), (3, -2), (3, -2), (3, 2)), ((0.0, 0.5), (0.0, 0.5), (0.0, 0.5), (0.0, 0.5), (0.0, 0.5), (0.0, 0.5), (0.0, 0.5)), (1.0, 1.5, 2.0, 2.5, 3.0, 3.5, 4.0)), [('K.18 Musicalion', 'P1', 1, (206, 213), (18, 1.0), (18, 4.0)), ('K.18 Musicalion', 'P1', 1, (222, 229), (20, 1.0), (20, 4.0))]) 

19 .    (((-3, 2, -3, 2, -3, 2, -2), (0.25, 0.25, 0.25, 0.25, 0.25, 0.25, 0.25), (2.0, 2.25, 2.5, 2.75, 3.0, 3.25, 3.5)), [('K.18 Musicalion', 'P1', 1, (316, 323), (29, 2.0), (29, 3.5)), ('K.18 Musicalion', 'P1', 1, (348, 355), (31, 2.0), (31, 3.5))]) 

20 .    (((2, -2, -2, 5, 2, -2, -2), (0.75, 0.25, 0.75, 0.25, 0.75, 0.25, 0.75), (2.0, 2.75, 3.0, 3.75, 4.0, 4.75, 1.0)), [('K.18 Musicalion', 'P1', 1, (368, 375), (32, 2.0), (33, 1.0)), ('K.18 Musicalion', 'P1', 1, (376, 383), (33, 2.0), (34, 1.0))]) 

21 .    (((2, -2, -2, -2, -2, 1, 2), (0.75, 0.25, 0.25, 0.25, 0.25, 0.25, 0.0), (2.0, 2.75, 3.0, 3.25, 3.5, 3.75, 4.0)), [('K.18 Musicalion', 'P1', 1, (621, 628), (53, 2.0), (53, 4.0)), ('K.18 Musicalion', 'P1', 1, (629, 636), (54, 2.0), (54, 4.0))]) 

22 .    (((11, -2, -2, -9, 4, -2, -2), (0.5, 0.5, 0.5, 0.5, 0.5, 0.5, 0.5), (3.0, 3.5, 4.0, 4.5, 1.0, 1.5, 2.0)), [('K.18 Musicalion', 'P1', 3, (13, 20), (2, 3.0), (3, 2.0)), ('K.18 Musicalion', 'P1', 3, (21, 28), (3, 3.0), (4, 2.0))]) 

23 .    ((((3, 1), (3, 1), (3, -2), (3, 1), (3, 1), (3, 1), (3, -2)), ((0.0, 0.5), (0.0, 0.5), (0.0, 0.5), (0.0, 0.5), (0.0, 0.5), (0.0, 0.5), (0.0, 0.5)), (3.5, 4.0, 4.5, 1.0, 1.5, 2.0, 2.5)), [('K.18 Musicalion', 'P1', 3, (38, 45), (5, 3.5), (6, 2.5)), ('K.18 Musicalion', 'P1', 3, (116, 123), (15, 3.5), (16, 2.5))]) 

24 .    ((((3, -5), 2, 7, -2, -2, 3, -2), ((0.0, 0.5), 0.5, 1.0, 0.5, 0.5, 0.5, 0.5), (4.0, 4.5, 1.0, 2.0, 2.5, 3.0, 3.5)), [('K.18 Musicalion', 'P1', 3, (71, 78), (9, 4.0), (10, 3.5)), ('K.18 Musicalion', 'P1', 3, (86, 93), (11, 4.0), (12, 3.5))]) 

25 .    (((4, -2, -2, -7, (3, 2), (3, -2), (3, -2)), (0.5, 0.5, 0.5, 0.5, (0.0, 0.5), (0.0, 0.5), (0.0, 0.5)), (1.0, 1.5, 2.0, 2.5, 3.0, 3.5, 4.0)), [('K.18 Musicalion', 'P1', 3, (95, 102), (13, 1.0), (13, 4.0)), ('K.18 Musicalion', 'P1', 3, (103, 110), (14, 1.0), (14, 4.0))]) 

26 .    ((((3, 2), (3, -2), (3, -2), (3, 9), 2, -2, -2), ((0.0, 0.5), (0.0, 0.5), (0.0, 0.5), (0.0, 0.5), 0.5, 0.5, 0.5), (2.0, 2.5, 3.0, 3.5, 4.0, 4.5, 1.0)), [('K.18 Musicalion', 'P1', 3, (263, 270), (32, 2.0), (33, 1.0)), ('K.18 Musicalion', 'P1', 3, (271, 278), (33, 2.0), (34, 1.0))]) 

27 .    (((1, 1, 1, -7, (7, 1), (7, 1), (7, 1)), (0.5, 0.5, 0.5, 0.5, (0.0, 0.5), (0.0, 0.5), (0.0, 0.5)), (2.0, 2.5, 3.0, 3.5, 4.0, 4.5, 1.0)), [('K.18 Musicalion', 'P1', 3, (279, 286), (34, 2.0), (35, 1.0)), ('K.18 Musicalion', 'P1', 3, (287, 294), (35, 2.0), (36, 1.0))]) 

28 .    (((-3, 2, -3, 2, -3, 2), (0.25, 0.25, 0.25, 0.25, 0.25, 0.25), (2.0, 2.25, 2.5, 2.75, 3.0, 3.25)), [('K.18 Musicalion', 'P1', 1, (384, 390), (34, 2.0), (34, 3.25)), ('K.18 Musicalion', 'P1', 1, (577, 583), (50, 2.0), (50, 3.25))]) 

29 .    (((-3, 2, -3, 2, -3, 2), (0.25, 0.25, 0.25, 0.25, 0.25, 0.25), (3.0, 3.25, 3.5, 3.75, 4.0, 4.25)), [('K.18 Musicalion', 'P1', 1, (254, 260), (23, 3.0), (23, 4.25)), ('K.18 Musicalion', 'P1', 2, (96, 102), (26, 3.0), (26, 4.25))]) 

30 .    (((-2, 2, -2, 2, -2, 2), (0.25, 0.25, 0.25, 0.25, 0.25, 0.25), (2.25, 2.5, 2.75, 3.0, 3.25, 3.5)), [('K.18 Musicalion', 'P1', 3, (355, 361), (44, 2.25), (44, 3.5)), ('K.18 Musicalion', 'P1', 3, (395, 401), (47, 2.25), (47, 3.5))]) 

31 .    ((((3, -2), (3, -2), (3, 9), 2, -2, -2), ((0.0, 0.5), (0.0, 0.5), (0.0, 0.5), 0.5, 0.5, 0.5), (3.5, 4.0, 4.5, 1.0, 1.5, 2.0)), [('K.18 Musicalion', 'P1', 3, (46, 52), (6, 3.5), (7, 2.0)), ('K.18 Musicalion', 'P1', 3, (54, 60), (7, 3.5), (8, 2.0))]) 

32 .    (((2, -3, 2, -3, 2), (0.25, 0.25, 0.25, 0.25, 0.25), (4.25, 4.5, 4.75, 1.0, 1.25)), [('K.18 Musicalion', 'P1', 1, (393, 398), (35, 4.25), (35, 1.25)), ('K.18 Musicalion', 'P1', 1, (614, 619), (52, 4.25), (52, 1.25))]) 

33 .    (((-3, 2, -3, 2, -4), (0.25, 0.25, 0.25, 0.25, 0.25), (1.0, 1.25, 1.5, 1.75, 2.0)), [('K.18 Musicalion', 'P1', 2, (88, 93), (26, 1.0), (26, 2.0)), ('K.18 Musicalion', 'P1', 2, (117, 122), (28, 1.0), (28, 2.0)), ('K.18 Musicalion', 'P1', 2, (197, 202), (51, 1.0), (52, 2.0))]) 

34 .    (((2, 4, -2, -2, 2), (0.25, 0.25, 0.25, 0.25, 0.25), (4.75, 1.0, 1.25, 1.5, 1.75)), [('K.18 Musicalion', 'P1', 1, (261, 266), (23, 4.75), (24, 1.75)), ('K.18 Musicalion', 'P1', 1, (277, 282), (24, 4.75), (25, 1.75))]) 

35 .    (((-2, -2, -2, -2), (0.5, 0.5, 0.5, 0.5), (3.0, 3.5, 4.0, 4.5)), [('K.18 Musicalion', 'P1', 1, (298, 302), (26, 3.0), (26, 4.5)), ('K.18 Musicalion', 'P1', 3, (250, 254), (30, 3.0), (30, 4.5))]) 

36 .    ((((3, -2), (3, -2), (3, -2), (3, -2)), ((0.0, 0.5), (0.0, 0.5), (0.0, 0.5), (0.0, 0.5)), (2.0, 2.5, 3.0, 3.5)), [('K.18 Musicalion', 'P1', 1, (526, 530), (46, 2.0), (46, 3.5)), ('K.18 Musicalion', 'P1', 3, (129, 133), (17, 2.0), (17, 3.5))]) 

37 .    (((2, 4, -2, -2), (0.25, 0.25, 0.25, 0.25), (3.75, 4.0, 4.25, 4.5)), [('K.18 Musicalion', 'P1', 1, (584, 588), (50, 3.75), (50, 4.5)), ('K.18 Musicalion', 'P1', 1, (600, 604), (51, 3.75), (51, 4.5))]) 

38 .    (((-4, 2, -2, -2), (0.25, 0.25, 0.5, 0.5), (2.0, 2.25, 2.5, 3.0)), [('K.18 Musicalion', 'P1', 2, (210, 214), (53, 2.0), (53, 3.0)), ('K.18 Musicalion', 'P1', 2, (215, 219), (54, 2.0), (54, 3.0))]) 

39 .    (((2, -3, 2, -8), (0.5, 0.5, 0.5, 0.5), (4.5, 1.0, 1.5, 2.0)), [('K.18 Musicalion', 'P1', 3, (213, 217), (23, 4.5), (24, 2.0)), ('K.18 Musicalion', 'P1', 3, (221, 225), (24, 4.5), (25, 2.0))]) 

40 .    (((2, -3, 2, -8), (0.5, 0.5, 0.5, 0.5), (3.5, 4.0, 4.5, 1.0)), [('K.18 Musicalion', 'P1', 3, (423, 427), (50, 3.5), (50, 1.0)), ('K.18 Musicalion', 'P1', 3, (431, 435), (51, 3.5), (51, 1.0))]) 

41 .    (((-5, 2, 1, -5), (0.5, 0.5, 0.5, 0.5), (2.0, 2.5, 3.0, 3.5)), [('K.18 Musicalion', 'P1', 3, (444, 448), (53, 2.0), (53, 3.5)), ('K.18 Musicalion', 'P1', 3, (453, 457), (54, 2.0), (54, 3.5))]) 

42 .    (((-2, 3, -2), (0.25, 0.25, 0.25), (1.5, 1.75, 2.0)), [('K.18 Musicalion', 'P1', 1, (232, 235), (22, 1.5), (22, 2.0)), ('K.18 Musicalion', 'P1', 1, (248, 251), (23, 1.5), (23, 2.0))]) 

43 .    (((2, -3, 2), (0.25, 0.25, 0.25), (3.25, 3.5, 3.75)), [('K.18 Musicalion', 'P1', 1, (1, 4), (1, 3.25), (1, 3.75)), ('K.18 Musicalion', 'P1', 1, (287, 290), (25, 3.25), (25, 3.75))]) 

44 .    (((2, -3, 2), (0.25, 0.25, 0.25), (4.25, 4.5, 4.75)), [('K.18 Musicalion', 'P1', 1, (5, 8), (1, 4.25), (1, 4.75)), ('K.18 Musicalion', 'P1', 1, (325, 328), (29, 4.25), (29, 4.75))]) 

45 .    (((-2, 3, -2), (0.25, 0.25, 0.25), (4.5, 4.75, 1.0)), [('K.18 Musicalion', 'P1', 1, (80, 83), (8, 4.5), (9, 1.0)), ('K.18 Musicalion', 'P1', 1, (555, 558), (48, 4.5), (48, 1.0)), ('K.18 Musicalion', 'P1', 1, (571, 574), (49, 4.5), (49, 1.0))]) 

46 .    (((-2, 2, -2), (0.25, 0.25, 0.25), (4.0, 4.25, 4.5)), [('K.18 Musicalion', 'P1', 1, (356, 359), (31, 4.0), (31, 4.5)), ('K.18 Musicalion', 'P1', 1, (424, 427), (37, 4.0), (37, 4.5))]) 

47 .    (((-2, 3, -2), (0.5, 0.5, 0.5), (1.5, 2.0, 2.5)), [('K.18 Musicalion', 'P1', 3, (81, 84), (11, 1.5), (11, 2.5)), ('K.18 Musicalion', 'P1', 3, (404, 407), (47, 1.5), (48, 2.5))]) 

48 .    (((-2, -2, -2), (0.5, 0.5, 0.5), (1.5, 2.0, 2.5)), [('K.18 Musicalion', 'P1', 1, (308, 311), (28, 1.5), (28, 2.5)), ('K.18 Musicalion', 'P1', 3, (200, 203), (22, 1.5), (22, 2.5))]) 

49 .    (((4, -5, 4), (0.25, 0.25, 0.25), (3.25, 3.5, 3.75)), [('K.18 Musicalion', 'P1', 1, (185, 188), (16, 3.25), (16, 3.75)), ('K.18 Musicalion', 'P1', 1, (201, 204), (17, 3.25), (17, 3.75))]) 

50 .    ((((3, -2), (3, -2), (3, 2)), ((0.0, 0.5), (0.0, 0.5), (0.0, 0.5)), (2.0, 2.5, 3.0)), [('K.18 Musicalion', 'P1', 1, (518, 521), (45, 2.0), (45, 3.0)), ('K.18 Musicalion', 'P1', 1, (534, 537), (47, 2.0), (47, 3.0))]) 

51 .    ((((5, 2), (4, -2), (5, 2)), ((0.0, 0.5), (0.0, 0.5), (0.0, 0.5)), (2.0, 2.5, 3.0)), [('K.18 Musicalion', 'P1', 3, (341, 344), (42, 2.0), (42, 3.0)), ('K.18 Musicalion', 'P1', 3, (349, 352), (43, 2.0), (43, 3.0))]) 

52 .    (((2, -2), (0.25, 0.25), (1.25, 1.5)), [('K.18 Musicalion', 'P1', 1, (114, 116), (11, 1.25), (11, 1.5)), ('K.18 Musicalion', 'P1', 3, (184, 186), (21, 1.25), (21, 1.5)), ('K.18 Musicalion', 'P1', 3, (244, 246), (29, 1.25), (29, 1.5))]) 

53 .    (((2, -2), (0.25, 0.25), (4.25, 4.5)), [('K.18 Musicalion', 'P1', 1, (361, 363), (32, 4.25), (32, 4.5)), ('K.18 Musicalion', 'P1', 1, (456, 458), (39, 4.25), (39, 4.5)), ('K.18 Musicalion', 'P1', 1, (538, 540), (47, 4.25), (47, 4.5))]) 

54 .    (((-2, -2), (0.5, 0.5), (1.0, 1.5)), [('K.18 Musicalion', 'P1', 1, (294, 296), (26, 1.0), (26, 1.5)), ('K.18 Musicalion', 'P1', 1, (605, 607), (51, 1.0), (51, 1.5)), ('K.18 Musicalion', 'P1', 3, (411, 413), (48, 1.0), (48, 1.5)), ('K.18 Musicalion', 'P1', 3, (419, 421), (49, 1.0), (49, 1.5))]) 

55 .    (((2, -2), (0.25, 0.25), (3.25, 3.5)), [('K.18 Musicalion', 'P1', 1, (75, 77), (8, 3.25), (8, 3.5)), ('K.18 Musicalion', 'P1', 1, (421, 423), (36, 3.25), (36, 3.5))]) 

56 .    (((-2, -2), (0.5, 0.5), (3.5, 4.0)), [('K.18 Musicalion', 'P1', 3, (204, 206), (22, 3.5), (22, 4.0)), ('K.18 Musicalion', 'P1', 4, (4, 6), (21, 3.5), (21, 4.0))]) 

57 .    (((-6, 2), (0.25, 0.25), (3.0, 3.25)), [('K.18 Musicalion', 'P1', 2, (149, 151), (37, 3.0), (37, 3.25)), ('K.18 Musicalion', 'P1', 2, (152, 154), (39, 3.0), (39, 3.25))]) 

58 .    ((((3, -2), (3, -2)), ((0.0, 0.5), (0.0, 0.5)), (3.5, 4.0)), [('K.18 Musicalion', 'P1', 1, (219, 221), (19, 3.5), (19, 4.0)), ('K.18 Musicalion', 'P1', 3, (124, 126), (16, 3.5), (16, 4.0))]) 

59 .    (((-2, -2), (0.5, 0.5), (2.0, 2.5)), [('K.18 Musicalion', 'P1', 3, (209, 211), (23, 2.0), (23, 2.5)), ('K.18 Musicalion', 'P1', 4, (1, 3), (21, 2.0), (21, 2.5))]) 

60 .    (((-2, -2), (0.25, 0.75), (3.75, 4.0)), [('K.18 Musicalion', 'P1', 1, (59, 61), (6, 3.75), (6, 4.0)), ('K.18 Musicalion', 'P1', 1, (149, 151), (13, 3.75), (13, 4.0))]) 

61 .    (((-2, -2), (0.25, 0.75), (1.75, 2.0)), [('K.18 Musicalion', 'P1', 1, (71, 73), (8, 1.75), (8, 2.0)), ('K.18 Musicalion', 'P1', 1, (145, 147), (13, 1.75), (13, 2.0))]) 

62 .    (((-2, -2), (0.25, 0.25), (3.25, 3.5)), [('K.18 Musicalion', 'P1', 1, (271, 273), (24, 3.25), (24, 3.5)), ('K.18 Musicalion', 'P1', 2, (113, 115), (27, 3.25), (27, 3.5))]) 

63 .    ((((3, -2), (3, -2)), ((0.0, 0.5), (0.0, 0.5)), (4.5, 1.0)), [('K.18 Musicalion', 'P1', 3, (330, 332), (41, 4.5), (41, 1.0)), ('K.18 Musicalion', 'P1', 3, (338, 340), (42, 4.5), (42, 1.0))]) 

64 .    (((1, 1), (1.0, 1.0), (1.0, 2.0)), [('K.18 Musicalion', 'P1', 3, (227, 229), (26, 1.0), (26, 2.0)), ('K.18 Musicalion', 'P1', 3, (231, 233), (27, 1.0), (27, 2.0)), ('K.18 Musicalion', 'P1', 3, (237, 239), (28, 1.0), (28, 2.0))]) 

65 .    ((((3, 2), (3, 2)), ((0.0, 0.5), (0.0, 0.5)), (2.0, 2.5)), [('K.18 Musicalion', 'P1', 1, (216, 218), (19, 2.0), (19, 2.5)), ('K.18 Musicalion', 'P1', 1, (514, 516), (44, 2.0), (44, 2.5))]) 

66 .    (((-2, 2), (0.25, 0.25), (2.5, 2.75)), [('K.18 Musicalion', 'P1', 1, (418, 420), (36, 2.5), (36, 2.75)), ('K.18 Musicalion', 'P1', 1, (595, 597), (51, 2.5), (51, 2.75))]) 

67 .    ((((3, 2), (3, 2)), ((0.0, 0.5), (0.0, 0.5)), (4.5, 1.0)), [('K.18 Musicalion', 'P1', 1, (523, 525), (45, 4.5), (45, 1.0)), ('K.18 Musicalion', 'P1', 1, (531, 533), (46, 4.5), (46, 1.0))]) 

68 .    (((2, 2), (0.25, 0.25), (1.0, 1.25)), [('K.18 Musicalion', 'P1', 1, (589, 591), (50, 1.0), (50, 1.25)), ('K.18 Musicalion', 'P1', 3, (449, 451), (53, 1.0), (53, 1.25))]) 

69 .    (((-6, 2), (0.25, 0.25), (4.0, 4.25)), [('K.18 Musicalion', 'P1', 2, (55, 57), (9, 4.0), (9, 4.25)), ('K.18 Musicalion', 'P1', 2, (58, 60), (11, 4.0), (11, 4.25))]) 

70 .    ((((4, 1), (4, -2)), ((0.0, 0.5), (0.0, 0.5)), (2.0, 2.5)), [('K.18 Musicalion', 'P1', 3, (35, 37), (5, 2.0), (5, 2.5)), ('K.18 Musicalion', 'P1', 3, (113, 115), (15, 2.0), (15, 2.5))]) 

71 .    (((2,), (0.25,), (3.25,)), [('K.18 Musicalion', 'P1', 1, (598, 599), (51, 3.25), (51, 3.25)), ('K.18 Musicalion', 'P1', 2, (27, 28), (4, 3.25), (4, 3.25)), ('K.18 Musicalion', 'P1', 2, (177, 178), (42, 3.25), (42, 3.25))]) 

72 .    (((2,), (0.25,), (4.25,)), [('K.18 Musicalion', 'P1', 1, (275, 276), (24, 4.25), (24, 4.25)), ('K.18 Musicalion', 'P1', 1, (291, 292), (25, 4.25), (25, 4.25)), ('K.18 Musicalion', 'P1', 2, (86, 87), (17, 4.25), (17, 4.25))]) 

73 .    (((2,), (0.25,), (2.25,)), [('K.18 Musicalion', 'P1', 1, (267, 268), (24, 2.25), (24, 2.25)), ('K.18 Musicalion', 'P1', 2, (109, 110), (27, 2.25), (27, 2.25)), ('K.18 Musicalion', 'P1', 2, (174, 175), (42, 2.25), (42, 2.25))]) 

74 .    (((-2,), (0.25,), (1.5,)), [('K.18 Musicalion', 'P1', 1, (84, 85), (9, 1.5), (9, 1.5)), ('K.18 Musicalion', 'P1', 1, (575, 576), (49, 1.5), (49, 1.5))]) 

75 .    (((2,), (0.25,), (3.75,)), [('K.18 Musicalion', 'P1', 1, (391, 392), (34, 3.75), (34, 3.75)), ('K.18 Musicalion', 'P1', 1, (501, 502), (42, 3.75), (42, 3.75)), ('K.18 Musicalion', 'P1', 1, (612, 613), (52, 3.75), (52, 3.75))]) 

76 .    (((2,), (0.25,), (4.75,)), [('K.18 Musicalion', 'P1', 1, (33, 34), (4, 4.75), (4, 4.75)), ('K.18 Musicalion', 'P1', 2, (29, 30), (4, 4.75), (4, 4.75))]) 

77 .    (((-2,), (0.5,), (3.5,)), [('K.18 Musicalion', 'P1', 3, (298, 299), (36, 3.5), (36, 3.5)), ('K.18 Musicalion', 'P1', 3, (408, 409), (48, 3.5), (48, 3.5)), ('K.18 Musicalion', 'P1', 3, (416, 417), (49, 3.5), (49, 3.5))]) 

78 .    (((-2,), (0.25,), (4.25,)), [('K.18 Musicalion', 'P1', 3, (164, 165), (19, 4.25), (19, 4.25)), ('K.18 Musicalion', 'P1', 3, (234, 235), (27, 4.25), (27, 4.25))]) 

79 .    (((-2,), (0.25,), (3.75,)), [('K.18 Musicalion', 'P1', 1, (29, 30), (4, 3.75), (4, 3.75)), ('K.18 Musicalion', 'P1', 3, (162, 163), (19, 3.75), (19, 3.75))]) 

80 .    ((((3, -2),), ((0.0, 0.5),), (2.5,)), [('K.18 Musicalion', 'P1', 2, (203, 204), (52, 2.5), (52, 2.5)), ('K.18 Musicalion', 'P1', 3, (334, 335), (41, 2.5), (41, 2.5))]) 

81 .    (((-2,), (0.25,), (1.0,)), [('K.18 Musicalion', 'P1', 1, (230, 231), (22, 1.0), (22, 1.0)), ('K.18 Musicalion', 'P1', 1, (246, 247), (23, 1.0), (23, 1.0)), ('K.18 Musicalion', 'P1', 1, (541, 542), (47, 1.0), (47, 1.0))]) 

82 .    (((-3,), (0.25,), (1.0,)), [('K.18 Musicalion', 'P1', 1, (364, 365), (32, 1.0), (32, 1.0)), ('K.18 Musicalion', 'P1', 2, (104, 105), (27, 1.0), (27, 1.0))]) 

83 .    (((-2,), (0.5,), (4.5,)), [('K.18 Musicalion', 'P1', 3, (64, 65), (8, 4.5), (8, 4.5)), ('K.18 Musicalion', 'P1', 3, (79, 80), (10, 4.5), (10, 4.5)), ('K.18 Musicalion', 'P1', 3, (315, 316), (39, 4.5), (39, 4.5)), ('K.18 Musicalion', 'P1', 4, (8, 9), (44, 4.5), (44, 4.5))]) 

84 .    (((2,), (0.25,), (2.75,)), [('K.18 Musicalion', 'P1', 1, (269, 270), (24, 2.75), (24, 2.75)), ('K.18 Musicalion', 'P1', 1, (285, 286), (25, 2.75), (25, 2.75)), ('K.18 Musicalion', 'P1', 2, (111, 112), (27, 2.75), (27, 2.75))]) 

85 .    (((2,), (0.5,), (2.5,)), [('K.18 Musicalion', 'P1', 1, (305, 306), (27, 2.5), (27, 2.5)), ('K.18 Musicalion', 'P1', 3, (429, 430), (51, 2.5), (51, 2.5)), ('K.18 Musicalion', 'P1', 3, (437, 438), (52, 2.5), (52, 2.5))]) 

86 .    (((2,), (0.5,), (3.5,)), [('K.18 Musicalion', 'P1', 2, (205, 206), (52, 3.5), (52, 3.5)), ('K.18 Musicalion', 'P1', 3, (30, 31), (4, 3.5), (4, 3.5)), ('K.18 Musicalion', 'P1', 3, (219, 220), (24, 3.5), (24, 3.5))]) 

87 .    (((8,), (0.5,), (1.0,)), [('K.18 Musicalion', 'P1', 3, (33, 34), (5, 1.0), (5, 1.0)), ('K.18 Musicalion', 'P1', 3, (111, 112), (15, 1.0), (15, 1.0)), ('K.18 Musicalion', 'P1', 3, (442, 443), (52, 1.0), (52, 1.0))]) 

88 .    (((5,), (0.25,), (1.75,)), [('K.18 Musicalion', 'P1', 1, (9, 10), (2, 1.75), (2, 1.75)), ('K.18 Musicalion', 'P1', 2, (107, 108), (27, 1.75), (27, 1.75))]) 

89 .    (((4,), (0.25,), (2.25,)), [('K.18 Musicalion', 'P1', 1, (197, 198), (17, 2.25), (17, 2.25)), ('K.18 Musicalion', 'P1', 3, (4, 5), (1, 2.25), (1, 2.25))]) 

