1.    nomes:
K.36 Musicalion

2.    quantidade:
1

3.    analise:
[('intDia', 'p1p2')] SemContInte Distancia: 0

1.    ((-3, 3, -4, 4, -5, 5, -6, 6, -5, 5, -6, 6, -5, 4, -5, 4, -5, 4, -5, 4, -5, 4, -3, 4, -3, 4, -5, 4, -5, 4, -3, 4, -5, 4, -3, 4, -3, 4, -5, 4, -5, 4, -3, 4, -5, 4, -3, 4, -5),):
('K.36 Musicalion', 'P1', 2, (178, 227), (51,), (3.5,), (59,), (3.5,))
('K.36 Musicalion', 'P1', 2, (260, 309), (69,), (3.5,), (77,), (3.5,))

2.    ((2, -7, 2, 5, 2, -7, 2, 5, 2, -7, 2, 7, 2, -2, -2, -2, -2, 2, -2, -2, -2, 2, -2, -2, -2, 2, -2, -2, -2, 2, -2, -2, -2, 2, -2),):
('K.36 Musicalion', 'P1', 1, (119, 154), (28,), (1.5,), (36,), (3.0,))
('K.36 Musicalion', 'P1', 1, (337, 372), (81,), (1.5,), (89,), (3.0,))

3.    ((-2, -2, -2, 2, -2, 2, -2, -2, -2, -2, 2, 2, -2, -2, 2, -2, 2, 2, -2, -2, 2, -2, 2, 11, -3, 2, -3, 2, -3, 2, -3, 2, -3, 2),):
('K.36 Musicalion', 'P1', 1, (218, 252), (52,), (1.0,), (61,), (2.5,))
('K.36 Musicalion', 'P1', 1, (294, 328), (70,), (1.0,), (79,), (2.5,))

4.    ((-4, -3, -3, 9, -3, 2, -4, 6, -3, 5, -3, 6, -4, -3, -3, 2, 6, -5),):
('K.36 Musicalion', 'P1', 1, (178, 196), (41,), (1.0,), (43,), (3.5,))
('K.36 Musicalion', 'P1', 1, (384, 402), (92,), (1.0,), (94,), (3.5,))

5.    ((-5, 3, -4, 4, -5, 5, -4, 4, -5, 5, -6, 6, -5, 5),):
('K.36 Musicalion', 'P1', 2, (42, 56), (12,), (1.0,), (15,), (1.0,))
('K.36 Musicalion', 'P1', 2, (73, 87), (20,), (3.0,), (23,), (1.0,))

6.    ((4, -3, 2, 2, -3, 2, 2, -3, 2, -3, 1),):
('K.36 Musicalion', 'P1', 2, (102, 113), (28,), (1.0,), (31,), (2.0,))
('K.36 Musicalion', 'P1', 2, (318, 329), (81,), (1.0,), (84,), (2.0,))

7.    ((-2, -2, -2, 2, 2, -2, 2, 2, 2),):
('K.36 Musicalion', 'P1', 1, (203, 212), (47,), (1.0,), (49,), (3.0,))
('K.36 Musicalion', 'P1', 2, (233, 242), (62,), (1.0,), (64,), (3.0,))

8.    ((-4, 2, -3, 2, -3, 2, -3, 2),):
('K.36 Musicalion', 'P1', 1, (22, 30), (6,), (2.0,), (7,), (3.5,))
('K.36 Musicalion', 'P1', 1, (110, 118), (26,), (3.0,), (27,), (3.5,))

9.    ((-4, -3, -3, -4, 5, 2, 2),):
('K.36 Musicalion', 'P1', 1, (0, 7), (1,), (1.0,), (2,), (1.0,))
('K.36 Musicalion', 'P1', 2, (1, 8), (2,), (1.0,), (3,), (1.0,))

10.    ((2, -2, -2, -2, -2),):
('K.36 Musicalion', 'P1', 1, (131, 136), (31,), (1.5,), (32,), (1.5,))
('K.36 Musicalion', 'P1', 1, (152, 157), (36,), (2.0,), (37,), (2.0,))
('K.36 Musicalion', 'P1', 1, (349, 354), (84,), (1.5,), (85,), (1.5,))
('K.36 Musicalion', 'P1', 2, (117, 122), (35,), (2.0,), (36,), (2.0,))

11.    ((7, -2, -2, -2, -2),):
('K.36 Musicalion', 'P1', 1, (51, 56), (14,), (1.0,), (15,), (2.0,))
('K.36 Musicalion', 'P1', 2, (336, 341), (88,), (2.0,), (89,), (2.0,))

12.    ((-2, -2, -2, -2, -7),):
('K.36 Musicalion', 'P1', 2, (118, 123), (35,), (3.0,), (36,), (3.0,))
('K.36 Musicalion', 'P1', 2, (337, 342), (88,), (3.0,), (89,), (3.0,))

13.    ((2, -3, 2, -3),):
('K.36 Musicalion', 'P1', 1, (23, 27), (6,), (3.0,), (7,), (2.0,))
('K.36 Musicalion', 'P1', 1, (111, 115), (26,), (3.5,), (27,), (2.0,))
('K.36 Musicalion', 'P1', 1, (243, 247), (60,), (1.5,), (60,), (3.0,))
('K.36 Musicalion', 'P1', 1, (247, 251), (60,), (3.5,), (61,), (2.0,))
('K.36 Musicalion', 'P1', 1, (253, 257), (61,), (3.5,), (62,), (2.0,))
('K.36 Musicalion', 'P1', 1, (319, 323), (78,), (1.5,), (78,), (3.0,))
('K.36 Musicalion', 'P1', 1, (323, 327), (78,), (3.5,), (79,), (2.0,))
('K.36 Musicalion', 'P1', 2, (13, 17), (5,), (1.0,), (6,), (1.0,))
('K.36 Musicalion', 'P1', 2, (108, 112), (30,), (1.0,), (31,), (1.0,))
('K.36 Musicalion', 'P1', 2, (324, 328), (83,), (1.0,), (84,), (1.0,))

14.    ((-3, 4, -3, 4),):
('K.36 Musicalion', 'P1', 1, (106, 110), (26,), (1.0,), (26,), (2.5,))
('K.36 Musicalion', 'P1', 2, (200, 204), (55,), (2.5,), (56,), (1.0,))
('K.36 Musicalion', 'P1', 2, (212, 216), (57,), (2.5,), (58,), (1.0,))
('K.36 Musicalion', 'P1', 2, (282, 286), (73,), (2.5,), (74,), (1.0,))
('K.36 Musicalion', 'P1', 2, (294, 298), (75,), (2.5,), (76,), (1.0,))

15.    ((-2, 6, -7, 6),):
('K.36 Musicalion', 'P1', 1, (331, 335), (80,), (1.5,), (80,), (3.0,))
('K.36 Musicalion', 'P1', 1, (379, 383), (91,), (1.5,), (91,), (3.0,))

16.    ((2, -3, 2),):
('K.36 Musicalion', 'P1', 1, (27, 30), (7,), (2.5,), (7,), (3.5,))
('K.36 Musicalion', 'P1', 1, (115, 118), (27,), (2.5,), (27,), (3.5,))
('K.36 Musicalion', 'P1', 2, (313, 316), (79,), (2.0,), (80,), (1.0,))

17.    ((2, 2, -7),):
('K.36 Musicalion', 'P1', 1, (48, 51), (13,), (1.0,), (13,), (3.0,))
('K.36 Musicalion', 'P1', 2, (242, 245), (65,), (1.0,), (65,), (3.0,))

18.    ((-5, -3, 4),):
('K.36 Musicalion', 'P1', 2, (19, 22), (7,), (1.0,), (7,), (3.0,))
('K.36 Musicalion', 'P1', 2, (227, 230), (60,), (1.0,), (60,), (3.0,))

19.    ((2, 2, -8),):
('K.36 Musicalion', 'P1', 2, (125, 128), (37,), (3.0,), (38,), (2.0,))
('K.36 Musicalion', 'P1', 2, (344, 347), (90,), (3.0,), (91,), (2.0,))

20.    (((8, 3), (8, 3), (8, -5)),):
('K.36 Musicalion', 'P1', 2, (133, 136), (43,), (1.0,), (43,), (3.0,))
('K.36 Musicalion', 'P1', 2, (350, 353), (94,), (1.0,), (94,), (3.0,))

21.    ((1, 2, -4),):
('K.36 Musicalion', 'P1', 2, (331, 334), (85,), (3.0,), (86,), (3.0,))
('K.36 Musicalion', 'P1', 3, (4, 7), (36,), (1.0,), (62,), (2.0,))

22.    ((3, -2),):
('K.36 Musicalion', 'P1', 1, (158, 160), (37,), (3.0,), (37,), (3.5,))
('K.36 Musicalion', 'P1', 1, (160, 162), (38,), (1.0,), (38,), (1.5,))
('K.36 Musicalion', 'P1', 1, (266, 268), (64,), (1.0,), (64,), (1.5,))
('K.36 Musicalion', 'P1', 1, (268, 270), (64,), (2.0,), (64,), (2.5,))
('K.36 Musicalion', 'P1', 1, (270, 272), (64,), (3.0,), (64,), (3.5,))
('K.36 Musicalion', 'P1', 1, (272, 274), (65,), (1.0,), (65,), (1.5,))
('K.36 Musicalion', 'P1', 1, (274, 276), (65,), (2.0,), (65,), (2.5,))
('K.36 Musicalion', 'P1', 1, (276, 278), (65,), (3.0,), (65,), (3.5,))
('K.36 Musicalion', 'P1', 2, (92, 94), (24,), (1.0,), (25,), (1.0,))
('K.36 Musicalion', 'P1', 3, (1, 3), (34,), (2.0,), (34,), (3.0,))

23.    ((5, -4),):
('K.36 Musicalion', 'P1', 1, (78, 80), (19,), (3.5,), (20,), (1.0,))
('K.36 Musicalion', 'P1', 2, (32, 34), (10,), (2.0,), (10,), (2.5,))
('K.36 Musicalion', 'P1', 2, (47, 49), (13,), (3.0,), (13,), (3.5,))
('K.36 Musicalion', 'P1', 2, (55, 57), (15,), (1.0,), (15,), (1.5,))
('K.36 Musicalion', 'P1', 2, (78, 80), (21,), (3.0,), (21,), (3.5,))
('K.36 Musicalion', 'P1', 2, (145, 147), (46,), (2.0,), (46,), (2.5,))
('K.36 Musicalion', 'P1', 2, (157, 159), (48,), (2.0,), (48,), (2.5,))
('K.36 Musicalion', 'P1', 2, (163, 165), (49,), (2.0,), (49,), (2.5,))
('K.36 Musicalion', 'P1', 2, (257, 259), (69,), (2.0,), (69,), (2.5,))

24.    ((2, -4),):
('K.36 Musicalion', 'P1', 1, (21, 23), (6,), (1.5,), (6,), (2.0,))
('K.36 Musicalion', 'P1', 1, (165, 167), (38,), (3.5,), (39,), (1.0,))
('K.36 Musicalion', 'P1', 1, (171, 173), (39,), (3.5,), (40,), (1.0,))
('K.36 Musicalion', 'P1', 1, (183, 185), (41,), (3.5,), (42,), (1.0,))
('K.36 Musicalion', 'P1', 1, (383, 385), (91,), (3.5,), (92,), (1.0,))
('K.36 Musicalion', 'P1', 1, (389, 391), (92,), (3.5,), (93,), (1.0,))
('K.36 Musicalion', 'P1', 2, (332, 334), (86,), (2.0,), (86,), (3.0,))
('K.36 Musicalion', 'P1', 3, (5, 7), (62,), (1.0,), (62,), (2.0,))

25.    ((6, -7),):
('K.36 Musicalion', 'P1', 1, (9, 11), (3,), (1.5,), (3,), (2.0,))
('K.36 Musicalion', 'P1', 1, (332, 334), (80,), (2.0,), (80,), (2.5,))
('K.36 Musicalion', 'P1', 1, (334, 336), (80,), (3.0,), (80,), (3.5,))
('K.36 Musicalion', 'P1', 1, (380, 382), (91,), (2.0,), (91,), (2.5,))
('K.36 Musicalion', 'P1', 2, (88, 90), (23,), (2.0,), (23,), (2.5,))

26.    ((-3, 2),):
('K.36 Musicalion', 'P1', 1, (170, 172), (39,), (3.0,), (39,), (3.5,))
('K.36 Musicalion', 'P1', 1, (182, 184), (41,), (3.0,), (41,), (3.5,))
('K.36 Musicalion', 'P1', 1, (388, 390), (92,), (3.0,), (92,), (3.5,))
('K.36 Musicalion', 'P1', 2, (100, 102), (27,), (2.0,), (27,), (3.0,))

27.    ((6, -3),):
('K.36 Musicalion', 'P1', 1, (173, 175), (40,), (1.5,), (40,), (2.0,))
('K.36 Musicalion', 'P1', 1, (185, 187), (42,), (1.5,), (42,), (2.0,))
('K.36 Musicalion', 'P1', 1, (391, 393), (93,), (1.5,), (93,), (2.0,))
('K.36 Musicalion', 'P1', 2, (177, 179), (51,), (3.0,), (51,), (3.5,))

28.    ((-5,),):
('K.36 Musicalion', 'P1', 1, (195, 196), (43,), (3.5,), (43,), (3.5,))
('K.36 Musicalion', 'P1', 1, (401, 402), (94,), (3.5,), (94,), (3.5,))
('K.36 Musicalion', 'P1', 2, (19, 20), (7,), (1.0,), (7,), (1.0,))
('K.36 Musicalion', 'P1', 2, (27, 28), (9,), (2.5,), (9,), (2.5,))
('K.36 Musicalion', 'P1', 2, (39, 40), (11,), (2.5,), (11,), (2.5,))
('K.36 Musicalion', 'P1', 2, (42, 43), (12,), (1.0,), (12,), (1.0,))
('K.36 Musicalion', 'P1', 2, (46, 47), (13,), (2.5,), (13,), (2.5,))
('K.36 Musicalion', 'P1', 2, (50, 51), (14,), (1.5,), (14,), (1.5,))
('K.36 Musicalion', 'P1', 2, (73, 74), (20,), (3.0,), (20,), (3.0,))
('K.36 Musicalion', 'P1', 2, (77, 78), (21,), (2.5,), (21,), (2.5,))
('K.36 Musicalion', 'P1', 2, (81, 82), (22,), (1.5,), (22,), (1.5,))
('K.36 Musicalion', 'P1', 2, (128, 129), (38,), (3.0,), (38,), (3.0,))
('K.36 Musicalion', 'P1', 2, (140, 141), (45,), (2.5,), (45,), (2.5,))
('K.36 Musicalion', 'P1', 2, (152, 153), (47,), (2.5,), (47,), (2.5,))
('K.36 Musicalion', 'P1', 2, (162, 163), (49,), (1.5,), (49,), (1.5,))
('K.36 Musicalion', 'P1', 2, (170, 171), (50,), (2.5,), (50,), (2.5,))
('K.36 Musicalion', 'P1', 2, (182, 183), (52,), (2.5,), (52,), (2.5,))
('K.36 Musicalion', 'P1', 2, (192, 193), (54,), (1.5,), (54,), (1.5,))
('K.36 Musicalion', 'P1', 2, (194, 195), (54,), (2.5,), (54,), (2.5,))
('K.36 Musicalion', 'P1', 2, (196, 197), (54,), (3.5,), (54,), (3.5,))
('K.36 Musicalion', 'P1', 2, (198, 199), (55,), (1.5,), (55,), (1.5,))
('K.36 Musicalion', 'P1', 2, (204, 205), (56,), (1.5,), (56,), (1.5,))
('K.36 Musicalion', 'P1', 2, (206, 207), (56,), (2.5,), (56,), (2.5,))
('K.36 Musicalion', 'P1', 2, (210, 211), (57,), (1.5,), (57,), (1.5,))
('K.36 Musicalion', 'P1', 2, (216, 217), (58,), (1.5,), (58,), (1.5,))
('K.36 Musicalion', 'P1', 2, (218, 219), (58,), (2.5,), (58,), (2.5,))
('K.36 Musicalion', 'P1', 2, (222, 223), (59,), (1.5,), (59,), (1.5,))
('K.36 Musicalion', 'P1', 2, (226, 227), (59,), (3.5,), (59,), (3.5,))
('K.36 Musicalion', 'P1', 2, (227, 228), (60,), (1.0,), (60,), (1.0,))
('K.36 Musicalion', 'P1', 2, (252, 253), (68,), (2.5,), (68,), (2.5,))
('K.36 Musicalion', 'P1', 2, (264, 265), (70,), (2.5,), (70,), (2.5,))
('K.36 Musicalion', 'P1', 2, (274, 275), (72,), (1.5,), (72,), (1.5,))
('K.36 Musicalion', 'P1', 2, (276, 277), (72,), (2.5,), (72,), (2.5,))
('K.36 Musicalion', 'P1', 2, (278, 279), (72,), (3.5,), (72,), (3.5,))
('K.36 Musicalion', 'P1', 2, (280, 281), (73,), (1.5,), (73,), (1.5,))
('K.36 Musicalion', 'P1', 2, (286, 287), (74,), (1.5,), (74,), (1.5,))
('K.36 Musicalion', 'P1', 2, (288, 289), (74,), (2.5,), (74,), (2.5,))
('K.36 Musicalion', 'P1', 2, (292, 293), (75,), (1.5,), (75,), (1.5,))
('K.36 Musicalion', 'P1', 2, (298, 299), (76,), (1.5,), (76,), (1.5,))
('K.36 Musicalion', 'P1', 2, (300, 301), (76,), (2.5,), (76,), (2.5,))
('K.36 Musicalion', 'P1', 2, (304, 305), (77,), (1.5,), (77,), (1.5,))
('K.36 Musicalion', 'P1', 2, (308, 309), (77,), (3.5,), (77,), (3.5,))
('K.36 Musicalion', 'P1', 2, (311, 312), (78,), (3.0,), (78,), (3.0,))

29.    ((4,),):
('K.36 Musicalion', 'P1', 1, (33, 34), (8,), (3.0,), (8,), (3.0,))
('K.36 Musicalion', 'P1', 1, (47, 48), (12,), (3.0,), (12,), (3.0,))
('K.36 Musicalion', 'P1', 1, (64, 65), (17,), (2.5,), (17,), (2.5,))
('K.36 Musicalion', 'P1', 1, (69, 70), (18,), (2.0,), (18,), (2.0,))
('K.36 Musicalion', 'P1', 1, (75, 76), (19,), (2.0,), (19,), (2.0,))
('K.36 Musicalion', 'P1', 1, (82, 83), (20,), (2.5,), (20,), (2.5,))
('K.36 Musicalion', 'P1', 1, (217, 218), (51,), (3.0,), (51,), (3.0,))
('K.36 Musicalion', 'P1', 1, (259, 260), (62,), (3.5,), (62,), (3.5,))
('K.36 Musicalion', 'P1', 1, (287, 288), (67,), (3.0,), (67,), (3.0,))
('K.36 Musicalion', 'P1', 2, (49, 50), (14,), (1.0,), (14,), (1.0,))
('K.36 Musicalion', 'P1', 2, (80, 81), (22,), (1.0,), (22,), (1.0,))
('K.36 Musicalion', 'P1', 2, (159, 160), (48,), (3.0,), (48,), (3.0,))
('K.36 Musicalion', 'P1', 2, (191, 192), (54,), (1.0,), (54,), (1.0,))
('K.36 Musicalion', 'P1', 2, (193, 194), (54,), (2.0,), (54,), (2.0,))
('K.36 Musicalion', 'P1', 2, (195, 196), (54,), (3.0,), (54,), (3.0,))
('K.36 Musicalion', 'P1', 2, (197, 198), (55,), (1.0,), (55,), (1.0,))
('K.36 Musicalion', 'P1', 2, (199, 200), (55,), (2.0,), (55,), (2.0,))
('K.36 Musicalion', 'P1', 2, (205, 206), (56,), (2.0,), (56,), (2.0,))
('K.36 Musicalion', 'P1', 2, (211, 212), (57,), (2.0,), (57,), (2.0,))
('K.36 Musicalion', 'P1', 2, (217, 218), (58,), (2.0,), (58,), (2.0,))
('K.36 Musicalion', 'P1', 2, (273, 274), (72,), (1.0,), (72,), (1.0,))
('K.36 Musicalion', 'P1', 2, (275, 276), (72,), (2.0,), (72,), (2.0,))
('K.36 Musicalion', 'P1', 2, (277, 278), (72,), (3.0,), (72,), (3.0,))
('K.36 Musicalion', 'P1', 2, (279, 280), (73,), (1.0,), (73,), (1.0,))
('K.36 Musicalion', 'P1', 2, (281, 282), (73,), (2.0,), (73,), (2.0,))
('K.36 Musicalion', 'P1', 2, (287, 288), (74,), (2.0,), (74,), (2.0,))
('K.36 Musicalion', 'P1', 2, (293, 294), (75,), (2.0,), (75,), (2.0,))
('K.36 Musicalion', 'P1', 2, (299, 300), (76,), (2.0,), (76,), (2.0,))

30.    ((5,),):
('K.36 Musicalion', 'P1', 1, (12, 13), (4,), (1.0,), (4,), (1.0,))
('K.36 Musicalion', 'P1', 1, (16, 17), (5,), (1.0,), (5,), (1.0,))
('K.36 Musicalion', 'P1', 1, (66, 67), (17,), (3.5,), (17,), (3.5,))
('K.36 Musicalion', 'P1', 1, (72, 73), (18,), (3.5,), (18,), (3.5,))
('K.36 Musicalion', 'P1', 1, (122, 123), (29,), (1.0,), (29,), (1.0,))
('K.36 Musicalion', 'P1', 1, (126, 127), (30,), (1.0,), (30,), (1.0,))
('K.36 Musicalion', 'P1', 1, (175, 176), (40,), (2.5,), (40,), (2.5,))
('K.36 Musicalion', 'P1', 1, (187, 188), (42,), (2.5,), (42,), (2.5,))
('K.36 Musicalion', 'P1', 1, (336, 337), (81,), (1.0,), (81,), (1.0,))
('K.36 Musicalion', 'P1', 1, (340, 341), (82,), (1.0,), (82,), (1.0,))
('K.36 Musicalion', 'P1', 1, (344, 345), (83,), (1.0,), (83,), (1.0,))
('K.36 Musicalion', 'P1', 1, (393, 394), (93,), (2.5,), (93,), (2.5,))
('K.36 Musicalion', 'P1', 2, (28, 29), (9,), (3.0,), (9,), (3.0,))
('K.36 Musicalion', 'P1', 2, (40, 41), (11,), (3.0,), (11,), (3.0,))
('K.36 Musicalion', 'P1', 2, (51, 52), (14,), (2.0,), (14,), (2.0,))
('K.36 Musicalion', 'P1', 2, (82, 83), (22,), (2.0,), (22,), (2.0,))
('K.36 Musicalion', 'P1', 2, (86, 87), (23,), (1.0,), (23,), (1.0,))
('K.36 Musicalion', 'P1', 2, (141, 142), (45,), (3.0,), (45,), (3.0,))
('K.36 Musicalion', 'P1', 2, (153, 154), (47,), (3.0,), (47,), (3.0,))
('K.36 Musicalion', 'P1', 2, (171, 172), (50,), (3.0,), (50,), (3.0,))
('K.36 Musicalion', 'P1', 2, (175, 176), (51,), (2.0,), (51,), (2.0,))
('K.36 Musicalion', 'P1', 2, (183, 184), (52,), (3.0,), (52,), (3.0,))
('K.36 Musicalion', 'P1', 2, (187, 188), (53,), (2.0,), (53,), (2.0,))
('K.36 Musicalion', 'P1', 2, (253, 254), (68,), (3.0,), (68,), (3.0,))
('K.36 Musicalion', 'P1', 2, (265, 266), (70,), (3.0,), (70,), (3.0,))
('K.36 Musicalion', 'P1', 2, (269, 270), (71,), (2.0,), (71,), (2.0,))
('K.36 Musicalion', 'P1', 2, (312, 313), (79,), (1.0,), (79,), (1.0,))

31.    ((-6,),):
('K.36 Musicalion', 'P1', 1, (65, 66), (17,), (3.0,), (17,), (3.0,))
('K.36 Musicalion', 'P1', 1, (71, 72), (18,), (3.0,), (18,), (3.0,))
('K.36 Musicalion', 'P1', 1, (77, 78), (19,), (3.0,), (19,), (3.0,))
('K.36 Musicalion', 'P1', 1, (83, 84), (20,), (3.0,), (20,), (3.0,))
('K.36 Musicalion', 'P1', 2, (29, 30), (9,), (3.5,), (9,), (3.5,))
('K.36 Musicalion', 'P1', 2, (41, 42), (11,), (3.5,), (11,), (3.5,))
('K.36 Musicalion', 'P1', 2, (52, 53), (14,), (2.5,), (14,), (2.5,))
('K.36 Musicalion', 'P1', 2, (83, 84), (22,), (2.5,), (22,), (2.5,))
('K.36 Musicalion', 'P1', 2, (87, 88), (23,), (1.5,), (23,), (1.5,))
('K.36 Musicalion', 'P1', 2, (91, 92), (23,), (3.5,), (23,), (3.5,))
('K.36 Musicalion', 'P1', 2, (142, 143), (45,), (3.5,), (45,), (3.5,))
('K.36 Musicalion', 'P1', 2, (154, 155), (47,), (3.5,), (47,), (3.5,))
('K.36 Musicalion', 'P1', 2, (172, 173), (50,), (3.5,), (50,), (3.5,))
('K.36 Musicalion', 'P1', 2, (176, 177), (51,), (2.5,), (51,), (2.5,))
('K.36 Musicalion', 'P1', 2, (184, 185), (52,), (3.5,), (52,), (3.5,))
('K.36 Musicalion', 'P1', 2, (188, 189), (53,), (2.5,), (53,), (2.5,))
('K.36 Musicalion', 'P1', 2, (254, 255), (68,), (3.5,), (68,), (3.5,))
('K.36 Musicalion', 'P1', 2, (266, 267), (70,), (3.5,), (70,), (3.5,))
('K.36 Musicalion', 'P1', 2, (270, 271), (71,), (2.5,), (71,), (2.5,))

32.    ((-3,),):
('K.36 Musicalion', 'P1', 1, (59, 60), (16,), (2.5,), (16,), (2.5,))
('K.36 Musicalion', 'P1', 1, (176, 177), (40,), (3.0,), (40,), (3.0,))
('K.36 Musicalion', 'P1', 1, (188, 189), (42,), (3.0,), (42,), (3.0,))
('K.36 Musicalion', 'P1', 1, (242, 243), (60,), (1.0,), (60,), (1.0,))
('K.36 Musicalion', 'P1', 1, (318, 319), (78,), (1.0,), (78,), (1.0,))
('K.36 Musicalion', 'P1', 1, (378, 379), (91,), (1.0,), (91,), (1.0,))
('K.36 Musicalion', 'P1', 1, (394, 395), (93,), (3.0,), (93,), (3.0,))
('K.36 Musicalion', 'P1', 2, (8, 9), (3,), (2.0,), (3,), (2.0,))

33.    ((6,),):
('K.36 Musicalion', 'P1', 1, (60, 61), (16,), (3.0,), (16,), (3.0,))
('K.36 Musicalion', 'P1', 1, (177, 178), (40,), (3.5,), (40,), (3.5,))
('K.36 Musicalion', 'P1', 1, (189, 190), (42,), (3.5,), (42,), (3.5,))
('K.36 Musicalion', 'P1', 1, (382, 383), (91,), (3.0,), (91,), (3.0,))
('K.36 Musicalion', 'P1', 1, (395, 396), (93,), (3.5,), (93,), (3.5,))
('K.36 Musicalion', 'P1', 2, (232, 233), (61,), (3.0,), (61,), (3.0,))

34.    ((7,),):
('K.36 Musicalion', 'P1', 1, (20, 21), (6,), (1.0,), (6,), (1.0,))
('K.36 Musicalion', 'P1', 1, (130, 131), (31,), (1.0,), (31,), (1.0,))
('K.36 Musicalion', 'P1', 1, (328, 329), (79,), (3.0,), (79,), (3.0,))
('K.36 Musicalion', 'P1', 1, (348, 349), (84,), (1.0,), (84,), (1.0,))
('K.36 Musicalion', 'P1', 2, (90, 91), (23,), (3.0,), (23,), (3.0,))

35.    ((1,),):
('K.36 Musicalion', 'P1', 2, (112, 113), (31,), (2.0,), (31,), (2.0,))
('K.36 Musicalion', 'P1', 2, (131, 132), (41,), (1.0,), (41,), (1.0,))
('K.36 Musicalion', 'P1', 2, (328, 329), (84,), (2.0,), (84,), (2.0,))
('K.36 Musicalion', 'P1', 3, (7, 8), (88,), (2.0,), (88,), (2.0,))

36.    ((8,),):
('K.36 Musicalion', 'P1', 2, (329, 330), (85,), (1.0,), (85,), (1.0,))
('K.36 Musicalion', 'P1', 2, (342, 343), (90,), (1.0,), (90,), (1.0,))

37.    ((None,),):
('K.36 Musicalion', 'P1', 2, (0, 1), (1,), (1.0,), (1,), (1.0,))
('K.36 Musicalion', 'P1', 3, (0, 1), (34,), (1.0,), (34,), (1.0,))

