1.    nomes:
K.251 KernScores

2.    quantidade:
1

3.    analise:
[('intDia', 'p1p2')] SemContInte Distancia: 0

1.    ((-2, -2, -2, -2, -2, -2, -2, -2, 4, -2, 2, 8, -8, -2, 2, 8, -8, -2, 2, 8, -8, -2, 2, 8, -8, -2, 2, 8, -2, 1, -2, 1, -2, 1, -2, -2, -3, -2, 2, 8, -8, -2, 2, 8, -8, -2, 2, 8, -8, -2, 2, 8, -8, -2, 2, 8, -2, 1, -2, 1, -2, 1, -2, -2),):
('K.251 KernScores', 'P1', 1, (87, 151), (25,), (1.0,), (38,), (3.5,))
('K.251 KernScores', 'P1', 1, (324, 388), (81,), (1.0,), (94,), (3.5,))

2.    ((-8, 2, 7, -2, -2, -2, 1, -2, 2, 8, -10, -2, 2, 10, -12, -2, 2, 12, -13, -2, 2, 13, -13, (6, 6), -2, -7, (8, 8), -2, 2, 8, -10, -2, 2, 10, -12, -2, 2, 12, -13, -2, 2, 13, -13, (6, 6), -2),):
('K.251 KernScores', 'P2', 1, (70, 115), (25,), (1.0,), (38,), (1.0,))
('K.251 KernScores', 'P2', 1, (226, 271), (81,), (2.0,), (94,), (1.0,))

3.    ((-2, 2, 2, 2, 2, -3, -2, 2, 2, 2, 2, -3, -2, 2, 2, 2, 2, -2, -2, 2, 2, 2, 2),):
('K.251 KernScores', 'P1', 1, (49, 72), (16,), (1.5,), (19,), (3.5,))
('K.251 KernScores', 'P2', 1, (44, 67), (20,), (1.5,), (23,), (3.5,))

4.    ((-3, -4, -3, 3, 1, 2, -2, -2, -2, 6, -4, -3, -3, 3, 1, 2, -2, -2, -2),):
('K.251 KernScores', 'P1', 1, (152, 171), (39,), (1.5,), (42,), (2.0,))
('K.251 KernScores', 'P1', 1, (172, 191), (43,), (1.5,), (46,), (2.0,))

5.    ((-4, -3, -3, -4, -4, 11, 1, -2, -2, 3, -3, -3, -4, -3, -2),):
('K.251 KernScores', 'P1', 1, (389, 404), (95,), (1.5,), (97,), (3.5,))
('K.251 KernScores', 'P1', 1, (409, 424), (99,), (1.5,), (101,), (3.5,))

6.    ((-3, 2, 2, 4, 1, -2, 1, -3, 2, 2, 4, 1, 2),):
('K.251 KernScores', 'P1', 1, (206, 219), (52,), (1.5,), (55,), (1.0,))
('K.251 KernScores', 'P1', 1, (220, 233), (56,), (1.5,), (59,), (1.0,))

7.    ((-4, 4, 3, -3, 3, 4, -3, 2, -3, 2, -3, 2),):
('K.251 KernScores', 'P1', 1, (0, 12), (1,), (1.0,), (3,), (3.5,))
('K.251 KernScores', 'P2', 1, (1, 13), (4,), (1.0,), (6,), (3.5,))

8.    ((-2, -2, -2, -2, -2, -2, -2, -2, -2, -2),):
('K.251 KernScores', 'P1', 1, (85, 95), (24,), (3.0,), (26,), (1.5,))
('K.251 KernScores', 'P2', 2, (34, 44), (60,), (1.0,), (69,), (1.0,))

9.    ((4, -7, 3, 4, -7, 5, 4, -12, 5, 4),):
('K.251 KernScores', 'P2', 1, (144, 154), (52,), (2.0,), (55,), (2.0,))
('K.251 KernScores', 'P2', 1, (156, 166), (56,), (2.0,), (59,), (2.0,))

10.    ((-2, -2, -2, -2, -2, 4, -2, 2),):
('K.251 KernScores', 'P1', 1, (90, 98), (25,), (2.5,), (27,), (2.0,))
('K.251 KernScores', 'P1', 1, (327, 335), (81,), (2.5,), (83,), (2.0,))
('K.251 KernScores', 'P2', 1, (210, 218), (76,), (1.0,), (78,), (2.0,))

11.    ((-5, 2, -2, 3, 2, 1, 2),):
('K.251 KernScores', 'P1', 1, (34, 41), (11,), (3.0,), (13,), (1.0,))
('K.251 KernScores', 'P1', 1, (41, 48), (13,), (1.0,), (15,), (1.0,))

12.    ((-2, 2, 2, 2, 2, -4),):
('K.251 KernScores', 'P1', 1, (67, 73), (19,), (1.5,), (20,), (1.0,))
('K.251 KernScores', 'P1', 1, (289, 295), (75,), (1.5,), (76,), (1.0,))

13.    ((2, -2, 2, -5, 2, 2),):
('K.251 KernScores', 'P2', 2, (8, 14), (32,), (1.0,), (41,), (2.0,))
('K.251 KernScores', 'P2', 2, (51, 57), (88,), (1.0,), (95,), (2.0,))

14.    ((-2, -2, -2, -2, -2),):
('K.251 KernScores', 'P1', 1, (15, 20), (5,), (3.0,), (7,), (1.0,))
('K.251 KernScores', 'P1', 1, (85, 90), (24,), (3.0,), (25,), (2.0,))
('K.251 KernScores', 'P1', 1, (90, 95), (25,), (2.5,), (26,), (1.5,))
('K.251 KernScores', 'P1', 1, (324, 329), (81,), (1.0,), (81,), (3.0,))
('K.251 KernScores', 'P2', 1, (210, 215), (76,), (1.0,), (77,), (2.0,))
('K.251 KernScores', 'P2', 2, (34, 39), (60,), (1.0,), (64,), (1.0,))
('K.251 KernScores', 'P2', 2, (39, 44), (65,), (1.0,), (69,), (1.0,))

15.    ((2, 2, -2, -2, -2),):
('K.251 KernScores', 'P1', 1, (322, 327), (80,), (3.0,), (81,), (2.0,))
('K.251 KernScores', 'P2', 1, (14, 19), (7,), (2.0,), (8,), (3.0,))

16.    ((2, 2, 2, 2),):
('K.251 KernScores', 'P1', 1, (50, 54), (16,), (2.0,), (16,), (3.5,))
('K.251 KernScores', 'P1', 1, (56, 60), (17,), (2.0,), (17,), (3.5,))
('K.251 KernScores', 'P1', 1, (62, 66), (18,), (2.0,), (18,), (3.5,))
('K.251 KernScores', 'P1', 1, (68, 72), (19,), (2.0,), (19,), (3.5,))
('K.251 KernScores', 'P1', 1, (290, 294), (75,), (2.0,), (75,), (3.5,))
('K.251 KernScores', 'P2', 1, (45, 49), (20,), (2.0,), (20,), (3.5,))
('K.251 KernScores', 'P2', 1, (51, 55), (21,), (2.0,), (21,), (3.5,))
('K.251 KernScores', 'P2', 1, (57, 61), (22,), (2.0,), (22,), (3.5,))
('K.251 KernScores', 'P2', 1, (63, 67), (23,), (2.0,), (23,), (3.5,))
('K.251 KernScores', 'P2', 1, (276, 280), (97,), (1.0,), (98,), (1.0,))
('K.251 KernScores', 'P2', 1, (282, 286), (99,), (1.0,), (100,), (1.0,))
('K.251 KernScores', 'P2', 1, (288, 292), (101,), (1.0,), (102,), (1.0,))
('K.251 KernScores', 'P2', 2, (12, 16), (41,), (1.0,), (42,), (1.0,))
('K.251 KernScores', 'P2', 2, (17, 21), (45,), (1.0,), (46,), (1.0,))

17.    ((-2, 2, -5, 2),):
('K.251 KernScores', 'P2', 1, (270, 274), (94,), (1.0,), (96,), (1.0,))
('K.251 KernScores', 'P2', 2, (9, 13), (32,), (2.0,), (41,), (1.0,))
('K.251 KernScores', 'P2', 2, (52, 56), (88,), (2.0,), (95,), (1.0,))

18.    ((-2, 2, 2, 3),):
('K.251 KernScores', 'P1', 1, (276, 280), (72,), (1.5,), (72,), (3.0,))
('K.251 KernScores', 'P1', 1, (283, 287), (74,), (1.5,), (74,), (3.0,))

19.    ((8, -2, -9, (8, 4)),):
('K.251 KernScores', 'P2', 1, (200, 204), (71,), (1.0,), (72,), (1.0,))
('K.251 KernScores', 'P2', 1, (204, 208), (73,), (1.0,), (74,), (1.0,))

20.    ((-2, 2, 8),):
('K.251 KernScores', 'P1', 1, (100, 103), (28,), (1.5,), (28,), (2.5,))
('K.251 KernScores', 'P1', 1, (104, 107), (29,), (1.5,), (29,), (2.5,))
('K.251 KernScores', 'P1', 1, (108, 111), (30,), (1.5,), (30,), (2.5,))
('K.251 KernScores', 'P1', 1, (112, 115), (31,), (1.5,), (31,), (2.5,))
('K.251 KernScores', 'P1', 1, (128, 131), (34,), (1.5,), (34,), (2.5,))
('K.251 KernScores', 'P1', 1, (132, 135), (35,), (1.5,), (35,), (2.5,))
('K.251 KernScores', 'P1', 1, (136, 139), (36,), (1.5,), (36,), (2.5,))
('K.251 KernScores', 'P1', 1, (140, 143), (37,), (1.5,), (37,), (2.5,))
('K.251 KernScores', 'P1', 1, (337, 340), (84,), (1.5,), (84,), (2.5,))
('K.251 KernScores', 'P1', 1, (341, 344), (85,), (1.5,), (85,), (2.5,))
('K.251 KernScores', 'P1', 1, (345, 348), (86,), (1.5,), (86,), (2.5,))
('K.251 KernScores', 'P1', 1, (349, 352), (87,), (1.5,), (87,), (2.5,))
('K.251 KernScores', 'P1', 1, (365, 368), (90,), (1.5,), (90,), (2.5,))
('K.251 KernScores', 'P1', 1, (369, 372), (91,), (1.5,), (91,), (2.5,))
('K.251 KernScores', 'P1', 1, (373, 376), (92,), (1.5,), (92,), (2.5,))
('K.251 KernScores', 'P1', 1, (377, 380), (93,), (1.5,), (93,), (2.5,))
('K.251 KernScores', 'P2', 1, (97, 100), (33,), (2.5,), (33,), (3.5,))
('K.251 KernScores', 'P2', 1, (253, 256), (89,), (2.5,), (89,), (3.5,))

21.    ((-2, 1, -2),):
('K.251 KernScores', 'P1', 1, (115, 118), (31,), (3.0,), (32,), (1.0,))
('K.251 KernScores', 'P1', 1, (119, 122), (32,), (2.0,), (32,), (3.0,))
('K.251 KernScores', 'P1', 1, (143, 146), (37,), (3.0,), (38,), (1.0,))
('K.251 KernScores', 'P1', 1, (147, 150), (38,), (2.0,), (38,), (3.0,))
('K.251 KernScores', 'P1', 1, (352, 355), (87,), (3.0,), (88,), (1.0,))
('K.251 KernScores', 'P1', 1, (356, 359), (88,), (2.0,), (88,), (3.0,))
('K.251 KernScores', 'P1', 1, (380, 383), (93,), (3.0,), (94,), (1.0,))
('K.251 KernScores', 'P1', 1, (384, 387), (94,), (2.0,), (94,), (3.0,))
('K.251 KernScores', 'P2', 1, (75, 78), (26,), (3.5,), (27,), (2.5,))
('K.251 KernScores', 'P2', 1, (231, 234), (82,), (3.5,), (83,), (2.5,))

22.    ((1, -2, 1),):
('K.251 KernScores', 'P1', 1, (116, 119), (31,), (3.5,), (32,), (1.5,))
('K.251 KernScores', 'P1', 1, (144, 147), (37,), (3.5,), (38,), (1.5,))
('K.251 KernScores', 'P1', 1, (210, 213), (52,), (3.5,), (53,), (3.0,))
('K.251 KernScores', 'P1', 1, (224, 227), (56,), (3.5,), (57,), (3.0,))
('K.251 KernScores', 'P1', 1, (353, 356), (87,), (3.5,), (88,), (1.5,))
('K.251 KernScores', 'P1', 1, (381, 384), (93,), (3.5,), (94,), (1.5,))
('K.251 KernScores', 'P2', 2, (48, 51), (79,), (1.0,), (81,), (1.0,))

23.    ((2, 2, 4),):
('K.251 KernScores', 'P1', 1, (193, 196), (48,), (2.0,), (48,), (3.0,))
('K.251 KernScores', 'P1', 1, (207, 210), (52,), (2.0,), (52,), (3.0,))
('K.251 KernScores', 'P1', 1, (214, 217), (54,), (2.0,), (54,), (3.0,))
('K.251 KernScores', 'P1', 1, (221, 224), (56,), (2.0,), (56,), (3.0,))
('K.251 KernScores', 'P1', 1, (228, 231), (58,), (2.0,), (58,), (3.0,))
('K.251 KernScores', 'P2', 2, (19, 22), (45,), (3.0,), (46,), (2.0,))

24.    ((4, 2, 2),):
('K.251 KernScores', 'P1', 1, (303, 306), (77,), (2.5,), (77,), (3.5,))
('K.251 KernScores', 'P2', 1, (275, 278), (96,), (3.0,), (97,), (2.0,))
('K.251 KernScores', 'P2', 1, (281, 284), (98,), (3.0,), (99,), (2.0,))
('K.251 KernScores', 'P2', 1, (287, 290), (100,), (3.0,), (101,), (2.0,))

25.    ((2, 2, -8),):
('K.251 KernScores', 'P1', 1, (316, 319), (79,), (3.0,), (80,), (1.0,))
('K.251 KernScores', 'P2', 1, (278, 281), (97,), (3.0,), (98,), (2.0,))
('K.251 KernScores', 'P2', 1, (284, 287), (99,), (3.0,), (100,), (2.0,))
('K.251 KernScores', 'P2', 1, (290, 293), (101,), (3.0,), (102,), (2.0,))

26.    ((4, -2, 2),):
('K.251 KernScores', 'P1', 1, (95, 98), (26,), (2.0,), (27,), (2.0,))
('K.251 KernScores', 'P1', 1, (332, 335), (82,), (2.0,), (83,), (2.0,))
('K.251 KernScores', 'P2', 1, (215, 218), (77,), (3.0,), (78,), (2.0,))
('K.251 KernScores', 'P2', 2, (1, 4), (8,), (2.0,), (11,), (1.0,))

27.    ((2, -2, 2),):
('K.251 KernScores', 'P2', 1, (12, 15), (6,), (3.5,), (7,), (2.0,))
('K.251 KernScores', 'P2', 1, (218, 221), (78,), (3.0,), (79,), (2.0,))
('K.251 KernScores', 'P2', 1, (221, 224), (79,), (3.0,), (80,), (2.0,))
('K.251 KernScores', 'P2', 2, (3, 6), (11,), (1.0,), (13,), (1.0,))

28.    ((2, -5, 2),):
('K.251 KernScores', 'P1', 1, (40, 43), (13,), (1.0,), (14,), (1.5,))
('K.251 KernScores', 'P2', 1, (271, 274), (94,), (3.0,), (96,), (1.0,))
('K.251 KernScores', 'P2', 2, (53, 56), (94,), (1.0,), (95,), (1.0,))

29.    ((-2, 2, 2),):
('K.251 KernScores', 'P1', 1, (283, 286), (74,), (1.5,), (74,), (2.5,))
('K.251 KernScores', 'P2', 1, (219, 222), (79,), (1.0,), (79,), (3.0,))

30.    ((2, 2, -5),):
('K.251 KernScores', 'P1', 1, (298, 301), (76,), (3.0,), (77,), (1.0,))
('K.251 KernScores', 'P2', 2, (14, 17), (41,), (3.0,), (42,), (2.0,))

31.    ((6, -2, -2),):
('K.251 KernScores', 'P2', 2, (25, 28), (51,), (1.0,), (53,), (1.0,))
('K.251 KernScores', 'P2', 2, (33, 36), (59,), (1.0,), (61,), (1.0,))

32.    ((-2, 2),):
('K.251 KernScores', 'P1', 1, (100, 102), (28,), (1.5,), (28,), (2.0,))
('K.251 KernScores', 'P1', 1, (104, 106), (29,), (1.5,), (29,), (2.0,))
('K.251 KernScores', 'P1', 1, (108, 110), (30,), (1.5,), (30,), (2.0,))
('K.251 KernScores', 'P1', 1, (112, 114), (31,), (1.5,), (31,), (2.0,))
('K.251 KernScores', 'P1', 1, (124, 126), (33,), (1.5,), (33,), (2.0,))
('K.251 KernScores', 'P1', 1, (128, 130), (34,), (1.5,), (34,), (2.0,))
('K.251 KernScores', 'P1', 1, (132, 134), (35,), (1.5,), (35,), (2.0,))
('K.251 KernScores', 'P1', 1, (136, 138), (36,), (1.5,), (36,), (2.0,))
('K.251 KernScores', 'P1', 1, (140, 142), (37,), (1.5,), (37,), (2.0,))
('K.251 KernScores', 'P1', 1, (283, 285), (74,), (1.5,), (74,), (2.0,))
('K.251 KernScores', 'P1', 1, (295, 297), (76,), (1.5,), (76,), (2.0,))
('K.251 KernScores', 'P1', 1, (301, 303), (77,), (1.5,), (77,), (2.0,))
('K.251 KernScores', 'P1', 1, (307, 309), (78,), (1.5,), (78,), (2.0,))
('K.251 KernScores', 'P1', 1, (313, 315), (79,), (1.5,), (79,), (2.0,))
('K.251 KernScores', 'P1', 1, (319, 321), (80,), (1.5,), (80,), (2.0,))
('K.251 KernScores', 'P1', 1, (337, 339), (84,), (1.5,), (84,), (2.0,))
('K.251 KernScores', 'P1', 1, (341, 343), (85,), (1.5,), (85,), (2.0,))
('K.251 KernScores', 'P1', 1, (345, 347), (86,), (1.5,), (86,), (2.0,))
('K.251 KernScores', 'P1', 1, (349, 351), (87,), (1.5,), (87,), (2.0,))
('K.251 KernScores', 'P1', 1, (361, 363), (89,), (1.5,), (89,), (2.0,))
('K.251 KernScores', 'P1', 1, (365, 367), (90,), (1.5,), (90,), (2.0,))
('K.251 KernScores', 'P1', 1, (369, 371), (91,), (1.5,), (91,), (2.0,))
('K.251 KernScores', 'P1', 1, (373, 375), (92,), (1.5,), (92,), (2.0,))
('K.251 KernScores', 'P1', 1, (377, 379), (93,), (1.5,), (93,), (2.0,))
('K.251 KernScores', 'P2', 1, (81, 83), (28,), (2.5,), (28,), (3.0,))
('K.251 KernScores', 'P2', 1, (85, 87), (29,), (2.5,), (29,), (3.0,))
('K.251 KernScores', 'P2', 1, (89, 91), (30,), (2.5,), (30,), (3.0,))
('K.251 KernScores', 'P2', 1, (97, 99), (33,), (2.5,), (33,), (3.0,))
('K.251 KernScores', 'P2', 1, (101, 103), (34,), (2.5,), (34,), (3.0,))
('K.251 KernScores', 'P2', 1, (105, 107), (35,), (2.5,), (35,), (3.0,))
('K.251 KernScores', 'P2', 1, (109, 111), (36,), (2.5,), (36,), (3.0,))
('K.251 KernScores', 'P2', 1, (222, 224), (80,), (1.0,), (80,), (2.0,))
('K.251 KernScores', 'P2', 1, (237, 239), (84,), (2.5,), (84,), (3.0,))
('K.251 KernScores', 'P2', 1, (241, 243), (85,), (2.5,), (85,), (3.0,))
('K.251 KernScores', 'P2', 1, (245, 247), (86,), (2.5,), (86,), (3.0,))
('K.251 KernScores', 'P2', 1, (253, 255), (89,), (2.5,), (89,), (3.0,))
('K.251 KernScores', 'P2', 1, (257, 259), (90,), (2.5,), (90,), (3.0,))
('K.251 KernScores', 'P2', 1, (261, 263), (91,), (2.5,), (91,), (3.0,))
('K.251 KernScores', 'P2', 1, (265, 267), (92,), (2.5,), (92,), (3.0,))
('K.251 KernScores', 'P2', 2, (4, 6), (12,), (1.0,), (13,), (1.0,))

33.    ((1, -2),):
('K.251 KernScores', 'P1', 1, (196, 198), (48,), (3.5,), (49,), (1.0,))
('K.251 KernScores', 'P1', 1, (203, 205), (50,), (3.5,), (51,), (1.0,))
('K.251 KernScores', 'P1', 1, (210, 212), (52,), (3.5,), (53,), (1.0,))
('K.251 KernScores', 'P1', 1, (224, 226), (56,), (3.5,), (57,), (1.0,))
('K.251 KernScores', 'P1', 1, (238, 240), (60,), (3.5,), (61,), (1.0,))
('K.251 KernScores', 'P1', 1, (245, 247), (62,), (3.5,), (63,), (1.0,))
('K.251 KernScores', 'P1', 1, (252, 254), (64,), (3.5,), (65,), (1.0,))
('K.251 KernScores', 'P1', 1, (259, 261), (66,), (3.5,), (67,), (1.0,))
('K.251 KernScores', 'P1', 1, (266, 268), (68,), (3.5,), (69,), (1.0,))
('K.251 KernScores', 'P1', 1, (395, 397), (96,), (1.5,), (96,), (2.0,))
('K.251 KernScores', 'P1', 1, (405, 407), (98,), (1.5,), (98,), (2.0,))
('K.251 KernScores', 'P1', 1, (415, 417), (100,), (1.5,), (100,), (2.0,))
('K.251 KernScores', 'P2', 1, (76, 78), (27,), (1.0,), (27,), (2.5,))
('K.251 KernScores', 'P2', 1, (120, 122), (41,), (1.0,), (42,), (1.0,))
('K.251 KernScores', 'P2', 1, (127, 129), (45,), (1.0,), (46,), (1.0,))
('K.251 KernScores', 'P2', 1, (232, 234), (83,), (1.0,), (83,), (2.5,))
('K.251 KernScores', 'P2', 2, (48, 50), (79,), (1.0,), (80,), (1.0,))

34.    ((3, 4),):
('K.251 KernScores', 'P1', 1, (83, 85), (24,), (2.0,), (24,), (2.5,))
('K.251 KernScores', 'P2', 1, (24, 26), (11,), (1.0,), (11,), (2.0,))
('K.251 KernScores', 'P2', 1, (30, 32), (13,), (1.0,), (13,), (2.0,))
('K.251 KernScores', 'P2', 1, (36, 38), (15,), (1.0,), (15,), (2.0,))
('K.251 KernScores', 'P2', 1, (131, 133), (48,), (1.0,), (48,), (2.0,))
('K.251 KernScores', 'P2', 1, (146, 148), (53,), (1.0,), (53,), (2.0,))
('K.251 KernScores', 'P2', 1, (158, 160), (57,), (1.0,), (57,), (2.0,))
('K.251 KernScores', 'P2', 1, (170, 172), (61,), (1.0,), (61,), (2.0,))
('K.251 KernScores', 'P2', 1, (176, 178), (63,), (1.0,), (63,), (2.0,))
('K.251 KernScores', 'P2', 1, (182, 184), (65,), (1.0,), (65,), (2.0,))
('K.251 KernScores', 'P2', 1, (188, 190), (67,), (1.0,), (67,), (2.0,))
('K.251 KernScores', 'P2', 1, (194, 196), (69,), (1.0,), (69,), (2.0,))

35.    ((2, 8),):
('K.251 KernScores', 'P1', 1, (236, 238), (60,), (2.5,), (60,), (3.0,))
('K.251 KernScores', 'P1', 1, (243, 245), (62,), (2.5,), (62,), (3.0,))
('K.251 KernScores', 'P1', 1, (250, 252), (64,), (2.5,), (64,), (3.0,))
('K.251 KernScores', 'P1', 1, (257, 259), (66,), (2.5,), (66,), (3.0,))
('K.251 KernScores', 'P1', 1, (264, 266), (68,), (2.5,), (68,), (3.0,))
('K.251 KernScores', 'P1', 1, (271, 273), (70,), (2.5,), (70,), (3.0,))
('K.251 KernScores', 'P2', 1, (78, 80), (27,), (3.0,), (27,), (3.5,))
('K.251 KernScores', 'P2', 1, (234, 236), (83,), (3.0,), (83,), (3.5,))

36.    ((-2, -2),):
('K.251 KernScores', 'P1', 1, (66, 68), (19,), (1.0,), (19,), (1.5,))
('K.251 KernScores', 'P1', 1, (121, 123), (32,), (3.0,), (32,), (3.5,))
('K.251 KernScores', 'P1', 1, (149, 151), (38,), (3.0,), (38,), (3.5,))
('K.251 KernScores', 'P1', 1, (358, 360), (88,), (3.0,), (88,), (3.5,))
('K.251 KernScores', 'P1', 1, (386, 388), (94,), (3.0,), (94,), (3.5,))
('K.251 KernScores', 'P2', 1, (43, 45), (19,), (3.0,), (20,), (1.5,))
('K.251 KernScores', 'P2', 1, (61, 63), (23,), (1.0,), (23,), (1.5,))
('K.251 KernScores', 'P2', 2, (26, 28), (52,), (1.0,), (53,), (1.0,))

37.    ((3, 2),):
('K.251 KernScores', 'P1', 1, (30, 32), (10,), (2.5,), (10,), (3.0,))
('K.251 KernScores', 'P1', 1, (37, 39), (12,), (2.5,), (12,), (3.0,))
('K.251 KernScores', 'P1', 1, (44, 46), (14,), (2.5,), (14,), (3.0,))
('K.251 KernScores', 'P1', 1, (75, 77), (21,), (2.0,), (21,), (3.0,))
('K.251 KernScores', 'P1', 1, (297, 299), (76,), (2.5,), (76,), (3.0,))
('K.251 KernScores', 'P2', 1, (68, 70), (24,), (2.0,), (24,), (3.0,))
('K.251 KernScores', 'P2', 1, (134, 136), (49,), (1.0,), (49,), (2.0,))

38.    ((4, 1),):
('K.251 KernScores', 'P1', 1, (195, 197), (48,), (3.0,), (48,), (3.5,))
('K.251 KernScores', 'P1', 1, (209, 211), (52,), (3.0,), (52,), (3.5,))
('K.251 KernScores', 'P1', 1, (216, 218), (54,), (3.0,), (54,), (3.5,))
('K.251 KernScores', 'P1', 1, (223, 225), (56,), (3.0,), (56,), (3.5,))
('K.251 KernScores', 'P1', 1, (230, 232), (58,), (3.0,), (58,), (3.5,))
('K.251 KernScores', 'P2', 1, (153, 155), (55,), (2.0,), (55,), (3.0,))

39.    ((2, -2),):
('K.251 KernScores', 'P1', 1, (28, 30), (10,), (1.5,), (10,), (2.0,))
('K.251 KernScores', 'P2', 1, (12, 14), (6,), (3.5,), (7,), (1.0,))
('K.251 KernScores', 'P2', 1, (218, 220), (78,), (3.0,), (79,), (1.0,))
('K.251 KernScores', 'P2', 2, (8, 10), (32,), (1.0,), (32,), (2.0,))
('K.251 KernScores', 'P2', 2, (30, 32), (56,), (1.0,), (57,), (1.0,))
('K.251 KernScores', 'P2', 2, (51, 53), (88,), (1.0,), (88,), (2.0,))

40.    ((-2, -7),):
('K.251 KernScores', 'P2', 1, (94, 96), (32,), (1.0,), (32,), (3.0,))
('K.251 KernScores', 'P2', 1, (114, 116), (38,), (1.0,), (38,), (3.0,))
('K.251 KernScores', 'P2', 1, (121, 123), (42,), (1.0,), (42,), (3.0,))
('K.251 KernScores', 'P2', 1, (128, 130), (46,), (1.0,), (46,), (3.0,))
('K.251 KernScores', 'P2', 1, (250, 252), (88,), (1.0,), (88,), (3.0,))
('K.251 KernScores', 'P2', 2, (6, 8), (14,), (1.0,), (15,), (1.0,))

41.    ((8, -8),):
('K.251 KernScores', 'P1', 1, (98, 100), (27,), (2.5,), (27,), (3.0,))
('K.251 KernScores', 'P1', 1, (126, 128), (33,), (2.5,), (33,), (3.0,))
('K.251 KernScores', 'P1', 1, (335, 337), (83,), (2.5,), (83,), (3.0,))
('K.251 KernScores', 'P1', 1, (363, 365), (89,), (2.5,), (89,), (3.0,))
('K.251 KernScores', 'P2', 1, (225, 227), (81,), (1.0,), (81,), (2.0,))

42.    ((-2, -5),):
('K.251 KernScores', 'P1', 1, (33, 35), (11,), (1.0,), (11,), (3.0,))
('K.251 KernScores', 'P1', 1, (204, 206), (51,), (1.0,), (51,), (3.0,))
('K.251 KernScores', 'P2', 2, (27, 29), (53,), (1.0,), (54,), (1.0,))
('K.251 KernScores', 'P2', 2, (31, 33), (57,), (1.0,), (58,), (1.0,))

43.    ((2, -8),):
('K.251 KernScores', 'P1', 1, (47, 49), (15,), (1.0,), (15,), (1.0,))
('K.251 KernScores', 'P1', 1, (232, 234), (59,), (1.0,), (59,), (3.0,))
('K.251 KernScores', 'P2', 1, (273, 275), (96,), (1.0,), (96,), (2.0,))

44.    ((2, 7),):
('K.251 KernScores', 'P1', 1, (320, 322), (80,), (2.0,), (80,), (2.5,))
('K.251 KernScores', 'P2', 1, (71, 73), (25,), (3.0,), (26,), (1.0,))
('K.251 KernScores', 'P2', 1, (227, 229), (81,), (3.0,), (82,), (1.0,))

45.    ((2, 3),):
('K.251 KernScores', 'P1', 1, (11, 13), (3,), (3.5,), (4,), (1.0,))
('K.251 KernScores', 'P1', 1, (296, 298), (76,), (2.0,), (76,), (2.5,))

46.    ((-6, -2),):
('K.251 KernScores', 'P1', 1, (23, 25), (8,), (1.5,), (8,), (2.0,))
('K.251 KernScores', 'P1', 1, (306, 308), (78,), (1.0,), (78,), (1.5,))

47.    ((-7, -2),):
('K.251 KernScores', 'P1', 1, (312, 314), (79,), (1.0,), (79,), (1.5,))
('K.251 KernScores', 'P1', 1, (425, 427), (102,), (1.5,), (102,), (2.0,))

48.    ((2, -7),):
('K.251 KernScores', 'P1', 1, (311, 313), (78,), (3.5,), (79,), (1.0,))
('K.251 KernScores', 'P2', 1, (223, 225), (80,), (2.0,), (80,), (3.0,))

49.    ((2, 4),):
('K.251 KernScores', 'P1', 1, (302, 304), (77,), (2.0,), (77,), (2.5,))
('K.251 KernScores', 'P2', 2, (0, 2), (8,), (1.0,), (8,), (2.0,))

50.    ((8,),):
('K.251 KernScores', 'P1', 1, (22, 23), (8,), (1.0,), (8,), (1.0,))
('K.251 KernScores', 'P1', 1, (98, 99), (27,), (2.5,), (27,), (2.5,))
('K.251 KernScores', 'P1', 1, (102, 103), (28,), (2.5,), (28,), (2.5,))
('K.251 KernScores', 'P1', 1, (106, 107), (29,), (2.5,), (29,), (2.5,))
('K.251 KernScores', 'P1', 1, (110, 111), (30,), (2.5,), (30,), (2.5,))
('K.251 KernScores', 'P1', 1, (114, 115), (31,), (2.5,), (31,), (2.5,))
('K.251 KernScores', 'P1', 1, (126, 127), (33,), (2.5,), (33,), (2.5,))
('K.251 KernScores', 'P1', 1, (130, 131), (34,), (2.5,), (34,), (2.5,))
('K.251 KernScores', 'P1', 1, (134, 135), (35,), (2.5,), (35,), (2.5,))
('K.251 KernScores', 'P1', 1, (138, 139), (36,), (2.5,), (36,), (2.5,))
('K.251 KernScores', 'P1', 1, (142, 143), (37,), (2.5,), (37,), (2.5,))
('K.251 KernScores', 'P1', 1, (151, 152), (39,), (1.0,), (39,), (1.0,))
('K.251 KernScores', 'P1', 1, (237, 238), (60,), (3.0,), (60,), (3.0,))
('K.251 KernScores', 'P1', 1, (244, 245), (62,), (3.0,), (62,), (3.0,))
('K.251 KernScores', 'P1', 1, (251, 252), (64,), (3.0,), (64,), (3.0,))
('K.251 KernScores', 'P1', 1, (258, 259), (66,), (3.0,), (66,), (3.0,))
('K.251 KernScores', 'P1', 1, (265, 266), (68,), (3.0,), (68,), (3.0,))
('K.251 KernScores', 'P1', 1, (272, 273), (70,), (3.0,), (70,), (3.0,))
('K.251 KernScores', 'P1', 1, (335, 336), (83,), (2.5,), (83,), (2.5,))
('K.251 KernScores', 'P1', 1, (339, 340), (84,), (2.5,), (84,), (2.5,))
('K.251 KernScores', 'P1', 1, (343, 344), (85,), (2.5,), (85,), (2.5,))
('K.251 KernScores', 'P1', 1, (347, 348), (86,), (2.5,), (86,), (2.5,))
('K.251 KernScores', 'P1', 1, (351, 352), (87,), (2.5,), (87,), (2.5,))
('K.251 KernScores', 'P1', 1, (363, 364), (89,), (2.5,), (89,), (2.5,))
('K.251 KernScores', 'P1', 1, (367, 368), (90,), (2.5,), (90,), (2.5,))
('K.251 KernScores', 'P1', 1, (371, 372), (91,), (2.5,), (91,), (2.5,))
('K.251 KernScores', 'P1', 1, (375, 376), (92,), (2.5,), (92,), (2.5,))
('K.251 KernScores', 'P1', 1, (379, 380), (93,), (2.5,), (93,), (2.5,))
('K.251 KernScores', 'P1', 1, (408, 409), (99,), (1.0,), (99,), (1.0,))
('K.251 KernScores', 'P2', 1, (20, 21), (9,), (2.0,), (9,), (2.0,))
('K.251 KernScores', 'P2', 1, (79, 80), (27,), (3.5,), (27,), (3.5,))
('K.251 KernScores', 'P2', 1, (99, 100), (33,), (3.5,), (33,), (3.5,))
('K.251 KernScores', 'P2', 1, (200, 201), (71,), (1.0,), (71,), (1.0,))
('K.251 KernScores', 'P2', 1, (204, 205), (73,), (1.0,), (73,), (1.0,))
('K.251 KernScores', 'P2', 1, (225, 226), (81,), (1.0,), (81,), (1.0,))
('K.251 KernScores', 'P2', 1, (235, 236), (83,), (3.5,), (83,), (3.5,))
('K.251 KernScores', 'P2', 1, (255, 256), (89,), (3.5,), (89,), (3.5,))
('K.251 KernScores', 'P2', 2, (29, 30), (55,), (1.0,), (55,), (1.0,))

51.    ((2,),):
('K.251 KernScores', 'P1', 1, (7, 8), (3,), (1.5,), (3,), (1.5,))
('K.251 KernScores', 'P1', 1, (9, 10), (3,), (2.5,), (3,), (2.5,))
('K.251 KernScores', 'P1', 1, (11, 12), (3,), (3.5,), (3,), (3.5,))
('K.251 KernScores', 'P1', 1, (20, 21), (7,), (2.0,), (7,), (2.0,))
('K.251 KernScores', 'P1', 1, (26, 27), (9,), (1.0,), (9,), (1.0,))
('K.251 KernScores', 'P1', 1, (31, 32), (10,), (3.0,), (10,), (3.0,))
('K.251 KernScores', 'P1', 1, (38, 39), (12,), (3.0,), (12,), (3.0,))
('K.251 KernScores', 'P1', 1, (45, 46), (14,), (3.0,), (14,), (3.0,))
('K.251 KernScores', 'P1', 1, (47, 48), (15,), (1.0,), (15,), (1.0,))
('K.251 KernScores', 'P1', 1, (73, 74), (20,), (3.0,), (20,), (3.0,))
('K.251 KernScores', 'P1', 1, (76, 77), (21,), (3.0,), (21,), (3.0,))
('K.251 KernScores', 'P1', 1, (79, 80), (22,), (3.0,), (22,), (3.0,))
('K.251 KernScores', 'P1', 1, (157, 158), (40,), (1.0,), (40,), (1.0,))
('K.251 KernScores', 'P1', 1, (167, 168), (42,), (1.0,), (42,), (1.0,))
('K.251 KernScores', 'P1', 1, (177, 178), (44,), (1.0,), (44,), (1.0,))
('K.251 KernScores', 'P1', 1, (187, 188), (46,), (1.0,), (46,), (1.0,))
('K.251 KernScores', 'P1', 1, (218, 219), (55,), (1.0,), (55,), (1.0,))
('K.251 KernScores', 'P1', 1, (232, 233), (59,), (1.0,), (59,), (1.0,))
('K.251 KernScores', 'P1', 1, (285, 286), (74,), (2.5,), (74,), (2.5,))
('K.251 KernScores', 'P2', 1, (8, 9), (6,), (1.5,), (6,), (1.5,))
('K.251 KernScores', 'P2', 1, (10, 11), (6,), (2.5,), (6,), (2.5,))
('K.251 KernScores', 'P2', 1, (69, 70), (24,), (3.0,), (24,), (3.0,))
('K.251 KernScores', 'P2', 1, (71, 72), (25,), (3.0,), (25,), (3.0,))
('K.251 KernScores', 'P2', 1, (78, 79), (27,), (3.0,), (27,), (3.0,))
('K.251 KernScores', 'P2', 1, (227, 228), (81,), (3.0,), (81,), (3.0,))
('K.251 KernScores', 'P2', 1, (234, 235), (83,), (3.0,), (83,), (3.0,))
('K.251 KernScores', 'P2', 2, (0, 1), (8,), (1.0,), (8,), (1.0,))
('K.251 KernScores', 'P2', 2, (56, 57), (95,), (2.0,), (95,), (2.0,))

52.    ((-2,),):
('K.251 KernScores', 'P1', 1, (33, 34), (11,), (1.0,), (11,), (1.0,))
('K.251 KernScores', 'P1', 1, (36, 37), (12,), (2.0,), (12,), (2.0,))
('K.251 KernScores', 'P1', 1, (43, 44), (14,), (2.0,), (14,), (2.0,))
('K.251 KernScores', 'P1', 1, (49, 50), (16,), (1.5,), (16,), (1.5,))
('K.251 KernScores', 'P1', 1, (55, 56), (17,), (1.5,), (17,), (1.5,))
('K.251 KernScores', 'P1', 1, (61, 62), (18,), (1.5,), (18,), (1.5,))
('K.251 KernScores', 'P1', 1, (82, 83), (23,), (3.0,), (23,), (3.0,))
('K.251 KernScores', 'P1', 1, (287, 288), (74,), (3.5,), (74,), (3.5,))
('K.251 KernScores', 'P1', 1, (289, 290), (75,), (1.5,), (75,), (1.5,))
('K.251 KernScores', 'P1', 1, (397, 398), (96,), (2.0,), (96,), (2.0,))
('K.251 KernScores', 'P1', 1, (403, 404), (97,), (3.5,), (97,), (3.5,))
('K.251 KernScores', 'P1', 1, (407, 408), (98,), (2.0,), (98,), (2.0,))
('K.251 KernScores', 'P1', 1, (417, 418), (100,), (2.0,), (100,), (2.0,))
('K.251 KernScores', 'P1', 1, (423, 424), (101,), (3.5,), (101,), (3.5,))
('K.251 KernScores', 'P1', 1, (426, 427), (102,), (2.0,), (102,), (2.0,))
('K.251 KernScores', 'P2', 1, (50, 51), (21,), (1.5,), (21,), (1.5,))
('K.251 KernScores', 'P2', 1, (56, 57), (22,), (1.5,), (22,), (1.5,))
('K.251 KernScores', 'P2', 1, (94, 95), (32,), (1.0,), (32,), (1.0,))
('K.251 KernScores', 'P2', 1, (114, 115), (38,), (1.0,), (38,), (1.0,))
('K.251 KernScores', 'P2', 1, (201, 202), (71,), (2.0,), (71,), (2.0,))
('K.251 KernScores', 'P2', 1, (205, 206), (73,), (2.0,), (73,), (2.0,))
('K.251 KernScores', 'P2', 1, (250, 251), (88,), (1.0,), (88,), (1.0,))
('K.251 KernScores', 'P2', 1, (270, 271), (94,), (1.0,), (94,), (1.0,))
('K.251 KernScores', 'P2', 2, (6, 7), (14,), (1.0,), (14,), (1.0,))
('K.251 KernScores', 'P2', 2, (23, 24), (49,), (1.0,), (49,), (1.0,))

53.    ((3,),):
('K.251 KernScores', 'P1', 1, (12, 13), (4,), (1.0,), (4,), (1.0,))
('K.251 KernScores', 'P1', 1, (32, 33), (10,), (3.5,), (10,), (3.5,))
('K.251 KernScores', 'P1', 1, (286, 287), (74,), (3.0,), (74,), (3.0,))
('K.251 KernScores', 'P2', 1, (21, 22), (10,), (1.0,), (10,), (1.0,))
('K.251 KernScores', 'P2', 1, (22, 23), (10,), (2.0,), (10,), (2.0,))
('K.251 KernScores', 'P2', 1, (27, 28), (12,), (1.0,), (12,), (1.0,))
('K.251 KernScores', 'P2', 1, (28, 29), (12,), (2.0,), (12,), (2.0,))
('K.251 KernScores', 'P2', 1, (33, 34), (14,), (1.0,), (14,), (1.0,))
('K.251 KernScores', 'P2', 1, (34, 35), (14,), (2.0,), (14,), (2.0,))
('K.251 KernScores', 'P2', 1, (137, 138), (50,), (1.0,), (50,), (1.0,))
('K.251 KernScores', 'P2', 1, (138, 139), (50,), (2.0,), (50,), (2.0,))
('K.251 KernScores', 'P2', 1, (167, 168), (60,), (1.0,), (60,), (1.0,))
('K.251 KernScores', 'P2', 1, (168, 169), (60,), (2.0,), (60,), (2.0,))
('K.251 KernScores', 'P2', 1, (173, 174), (62,), (1.0,), (62,), (1.0,))
('K.251 KernScores', 'P2', 1, (174, 175), (62,), (2.0,), (62,), (2.0,))
('K.251 KernScores', 'P2', 1, (179, 180), (64,), (1.0,), (64,), (1.0,))
('K.251 KernScores', 'P2', 1, (180, 181), (64,), (2.0,), (64,), (2.0,))
('K.251 KernScores', 'P2', 1, (185, 186), (66,), (1.0,), (66,), (1.0,))
('K.251 KernScores', 'P2', 1, (186, 187), (66,), (2.0,), (66,), (2.0,))
('K.251 KernScores', 'P2', 1, (191, 192), (68,), (1.0,), (68,), (1.0,))
('K.251 KernScores', 'P2', 1, (192, 193), (68,), (2.0,), (68,), (2.0,))
('K.251 KernScores', 'P2', 1, (197, 198), (70,), (1.0,), (70,), (1.0,))
('K.251 KernScores', 'P2', 1, (198, 199), (70,), (2.0,), (70,), (2.0,))

54.    ((-7,),):
('K.251 KernScores', 'P1', 1, (312, 313), (79,), (1.0,), (79,), (1.0,))
('K.251 KernScores', 'P1', 1, (425, 426), (102,), (1.5,), (102,), (1.5,))
('K.251 KernScores', 'P2', 1, (95, 96), (32,), (3.0,), (32,), (3.0,))
('K.251 KernScores', 'P2', 1, (115, 116), (38,), (3.0,), (38,), (3.0,))
('K.251 KernScores', 'P2', 1, (122, 123), (42,), (3.0,), (42,), (3.0,))
('K.251 KernScores', 'P2', 1, (129, 130), (46,), (3.0,), (46,), (3.0,))
('K.251 KernScores', 'P2', 1, (133, 134), (48,), (3.0,), (48,), (3.0,))
('K.251 KernScores', 'P2', 1, (145, 146), (52,), (3.0,), (52,), (3.0,))
('K.251 KernScores', 'P2', 1, (148, 149), (53,), (3.0,), (53,), (3.0,))
('K.251 KernScores', 'P2', 1, (157, 158), (56,), (3.0,), (56,), (3.0,))
('K.251 KernScores', 'P2', 1, (160, 161), (57,), (3.0,), (57,), (3.0,))
('K.251 KernScores', 'P2', 1, (172, 173), (61,), (3.0,), (61,), (3.0,))
('K.251 KernScores', 'P2', 1, (178, 179), (63,), (3.0,), (63,), (3.0,))
('K.251 KernScores', 'P2', 1, (184, 185), (65,), (3.0,), (65,), (3.0,))
('K.251 KernScores', 'P2', 1, (190, 191), (67,), (3.0,), (67,), (3.0,))
('K.251 KernScores', 'P2', 1, (196, 197), (69,), (3.0,), (69,), (3.0,))
('K.251 KernScores', 'P2', 1, (224, 225), (80,), (3.0,), (80,), (3.0,))
('K.251 KernScores', 'P2', 1, (251, 252), (88,), (3.0,), (88,), (3.0,))
('K.251 KernScores', 'P2', 2, (7, 8), (15,), (1.0,), (15,), (1.0,))

55.    ((-4,),):
('K.251 KernScores', 'P1', 1, (0, 1), (1,), (1.0,), (1,), (1.0,))
('K.251 KernScores', 'P1', 1, (72, 73), (20,), (1.0,), (20,), (1.0,))
('K.251 KernScores', 'P1', 1, (153, 154), (39,), (2.0,), (39,), (2.0,))
('K.251 KernScores', 'P1', 1, (162, 163), (41,), (1.5,), (41,), (1.5,))
('K.251 KernScores', 'P1', 1, (173, 174), (43,), (2.0,), (43,), (2.0,))
('K.251 KernScores', 'P1', 1, (182, 183), (45,), (1.5,), (45,), (1.5,))
('K.251 KernScores', 'P1', 1, (219, 220), (55,), (3.0,), (55,), (3.0,))
('K.251 KernScores', 'P1', 1, (294, 295), (76,), (1.0,), (76,), (1.0,))
('K.251 KernScores', 'P1', 1, (389, 390), (95,), (1.5,), (95,), (1.5,))
('K.251 KernScores', 'P1', 1, (392, 393), (95,), (3.0,), (95,), (3.0,))
('K.251 KernScores', 'P1', 1, (393, 394), (95,), (3.5,), (95,), (3.5,))
('K.251 KernScores', 'P1', 1, (401, 402), (97,), (2.5,), (97,), (2.5,))
('K.251 KernScores', 'P1', 1, (409, 410), (99,), (1.5,), (99,), (1.5,))
('K.251 KernScores', 'P1', 1, (412, 413), (99,), (3.0,), (99,), (3.0,))
('K.251 KernScores', 'P1', 1, (413, 414), (99,), (3.5,), (99,), (3.5,))
('K.251 KernScores', 'P1', 1, (421, 422), (101,), (2.5,), (101,), (2.5,))
('K.251 KernScores', 'P2', 1, (1, 2), (4,), (1.0,), (4,), (1.0,))
('K.251 KernScores', 'P2', 2, (24, 25), (50,), (1.0,), (50,), (1.0,))

56.    ((-8,),):
('K.251 KernScores', 'P1', 1, (103, 104), (28,), (3.0,), (28,), (3.0,))
('K.251 KernScores', 'P1', 1, (107, 108), (29,), (3.0,), (29,), (3.0,))
('K.251 KernScores', 'P1', 1, (111, 112), (30,), (3.0,), (30,), (3.0,))
('K.251 KernScores', 'P1', 1, (131, 132), (34,), (3.0,), (34,), (3.0,))
('K.251 KernScores', 'P1', 1, (135, 136), (35,), (3.0,), (35,), (3.0,))
('K.251 KernScores', 'P1', 1, (139, 140), (36,), (3.0,), (36,), (3.0,))
('K.251 KernScores', 'P1', 1, (340, 341), (84,), (3.0,), (84,), (3.0,))
('K.251 KernScores', 'P1', 1, (344, 345), (85,), (3.0,), (85,), (3.0,))
('K.251 KernScores', 'P1', 1, (348, 349), (86,), (3.0,), (86,), (3.0,))
('K.251 KernScores', 'P1', 1, (368, 369), (90,), (3.0,), (90,), (3.0,))
('K.251 KernScores', 'P1', 1, (372, 373), (91,), (3.0,), (91,), (3.0,))
('K.251 KernScores', 'P1', 1, (376, 377), (92,), (3.0,), (92,), (3.0,))
('K.251 KernScores', 'P2', 1, (19, 20), (9,), (1.0,), (9,), (1.0,))
('K.251 KernScores', 'P2', 1, (38, 39), (15,), (3.0,), (15,), (3.0,))
('K.251 KernScores', 'P2', 1, (67, 68), (24,), (1.0,), (24,), (1.0,))
('K.251 KernScores', 'P2', 1, (70, 71), (25,), (1.0,), (25,), (1.0,))
('K.251 KernScores', 'P2', 1, (139, 140), (50,), (3.0,), (50,), (3.0,))

57.    ((1,),):
('K.251 KernScores', 'P1', 1, (27, 28), (9,), (1.0,), (9,), (1.0,))
('K.251 KernScores', 'P1', 1, (39, 40), (12,), (3.5,), (12,), (3.5,))
('K.251 KernScores', 'P1', 1, (46, 47), (14,), (3.5,), (14,), (3.5,))
('K.251 KernScores', 'P1', 1, (156, 157), (39,), (3.5,), (39,), (3.5,))
('K.251 KernScores', 'P1', 1, (166, 167), (41,), (3.5,), (41,), (3.5,))
('K.251 KernScores', 'P1', 1, (176, 177), (43,), (3.5,), (43,), (3.5,))
('K.251 KernScores', 'P1', 1, (186, 187), (45,), (3.5,), (45,), (3.5,))
('K.251 KernScores', 'P1', 1, (212, 213), (53,), (3.0,), (53,), (3.0,))
('K.251 KernScores', 'P1', 1, (217, 218), (54,), (3.5,), (54,), (3.5,))
('K.251 KernScores', 'P1', 1, (226, 227), (57,), (3.0,), (57,), (3.0,))
('K.251 KernScores', 'P1', 1, (231, 232), (58,), (3.5,), (58,), (3.5,))
('K.251 KernScores', 'P1', 1, (273, 274), (70,), (3.5,), (70,), (3.5,))
('K.251 KernScores', 'P2', 1, (154, 155), (55,), (3.0,), (55,), (3.0,))
('K.251 KernScores', 'P2', 2, (45, 46), (76,), (1.0,), (76,), (1.0,))
('K.251 KernScores', 'P2', 2, (46, 47), (77,), (1.0,), (77,), (1.0,))
('K.251 KernScores', 'P2', 2, (47, 48), (78,), (1.0,), (78,), (1.0,))
('K.251 KernScores', 'P2', 2, (50, 51), (81,), (1.0,), (81,), (1.0,))

58.    ((-6,),):
('K.251 KernScores', 'P1', 1, (23, 24), (8,), (1.5,), (8,), (1.5,))
('K.251 KernScores', 'P1', 1, (306, 307), (78,), (1.0,), (78,), (1.0,))
('K.251 KernScores', 'P2', 1, (23, 24), (10,), (3.0,), (10,), (3.0,))
('K.251 KernScores', 'P2', 1, (29, 30), (12,), (3.0,), (12,), (3.0,))
('K.251 KernScores', 'P2', 1, (35, 36), (14,), (3.0,), (14,), (3.0,))
('K.251 KernScores', 'P2', 1, (169, 170), (60,), (3.0,), (60,), (3.0,))
('K.251 KernScores', 'P2', 1, (175, 176), (62,), (3.0,), (62,), (3.0,))
('K.251 KernScores', 'P2', 1, (181, 182), (64,), (3.0,), (64,), (3.0,))
('K.251 KernScores', 'P2', 1, (187, 188), (66,), (3.0,), (66,), (3.0,))
('K.251 KernScores', 'P2', 1, (193, 194), (68,), (3.0,), (68,), (3.0,))
('K.251 KernScores', 'P2', 1, (199, 200), (70,), (3.0,), (70,), (3.0,))

59.    ((5,),):
('K.251 KernScores', 'P1', 1, (14, 15), (5,), (1.0,), (5,), (1.0,))
('K.251 KernScores', 'P1', 1, (309, 310), (78,), (2.5,), (78,), (2.5,))
('K.251 KernScores', 'P2', 1, (140, 141), (51,), (1.0,), (51,), (1.0,))
('K.251 KernScores', 'P2', 1, (149, 150), (54,), (1.0,), (54,), (1.0,))
('K.251 KernScores', 'P2', 1, (152, 153), (55,), (1.0,), (55,), (1.0,))
('K.251 KernScores', 'P2', 1, (155, 156), (56,), (1.0,), (56,), (1.0,))
('K.251 KernScores', 'P2', 1, (161, 162), (58,), (1.0,), (58,), (1.0,))
('K.251 KernScores', 'P2', 1, (164, 165), (59,), (1.0,), (59,), (1.0,))

60.    ((-5,),):
('K.251 KernScores', 'P1', 1, (13, 14), (4,), (3.0,), (4,), (3.0,))
('K.251 KernScores', 'P1', 1, (205, 206), (51,), (3.0,), (51,), (3.0,))
('K.251 KernScores', 'P1', 1, (300, 301), (77,), (1.0,), (77,), (1.0,))
('K.251 KernScores', 'P2', 1, (26, 27), (11,), (3.0,), (11,), (3.0,))
('K.251 KernScores', 'P2', 1, (32, 33), (13,), (3.0,), (13,), (3.0,))
('K.251 KernScores', 'P2', 2, (16, 17), (42,), (2.0,), (42,), (2.0,))
('K.251 KernScores', 'P2', 2, (28, 29), (54,), (1.0,), (54,), (1.0,))
('K.251 KernScores', 'P2', 2, (32, 33), (58,), (1.0,), (58,), (1.0,))

61.    ((6,),):
('K.251 KernScores', 'P1', 1, (161, 162), (41,), (1.0,), (41,), (1.0,))
('K.251 KernScores', 'P1', 1, (181, 182), (45,), (1.0,), (45,), (1.0,))
('K.251 KernScores', 'P1', 1, (202, 203), (50,), (3.0,), (50,), (3.0,))
('K.251 KernScores', 'P1', 1, (315, 316), (79,), (2.5,), (79,), (2.5,))
('K.251 KernScores', 'P1', 1, (388, 389), (95,), (1.0,), (95,), (1.0,))
('K.251 KernScores', 'P2', 2, (25, 26), (51,), (1.0,), (51,), (1.0,))
('K.251 KernScores', 'P2', 2, (33, 34), (59,), (1.0,), (59,), (1.0,))

62.    ((10,),):
('K.251 KernScores', 'P1', 1, (171, 172), (43,), (1.0,), (43,), (1.0,))
('K.251 KernScores', 'P2', 1, (83, 84), (28,), (3.5,), (28,), (3.5,))
('K.251 KernScores', 'P2', 1, (103, 104), (34,), (3.5,), (34,), (3.5,))
('K.251 KernScores', 'P2', 1, (239, 240), (84,), (3.5,), (84,), (3.5,))
('K.251 KernScores', 'P2', 1, (259, 260), (90,), (3.5,), (90,), (3.5,))

63.    (((8, 8),),):
('K.251 KernScores', 'P2', 1, (130, 131), (47,), (1.0,), (47,), (1.0,))
('K.251 KernScores', 'P2', 1, (208, 209), (75,), (1.0,), (75,), (1.0,))

