1 .    ('nomes', 'K.205 KernScores') 

2 .    ('quantidade', 1) 

3 .    ('analise', 'sequęncias IntDiaDur sem contidos e intercalados') 

1 .    (((2, 2, -2, -2, -2), (1.0, 1.0, 1.0, 1.0, 1.0)), [[('K.205 KernScores', 'P1', 1, (233, 238), (40, 7.0), (40, 11.0)), ('K.205 KernScores', 'P1', 1, (239, 244), (41, 1.0), (41, 5.0)), ('K.205 KernScores', 'P1', 1, (245, 250), (41, 7.0), (41, 11.0)), ('K.205 KernScores', 'P1', 1, (251, 256), (42, 1.0), (42, 5.0)), ('K.205 KernScores', 'P1', 1, (257, 262), (42, 7.0), (42, 11.0))], [('K.205 KernScores', 'P1', 1, (831, 836), (115, 7.0), (115, 11.0)), ('K.205 KernScores', 'P1', 1, (837, 842), (116, 1.0), (116, 5.0))], [('K.205 KernScores', 'P2', 1, (130, 135), (43, 7.0), (43, 11.0)), ('K.205 KernScores', 'P2', 1, (136, 141), (44, 1.0), (44, 5.0)), ('K.205 KernScores', 'P2', 1, (142, 147), (44, 7.0), (44, 11.0)), ('K.205 KernScores', 'P2', 1, (148, 153), (45, 1.0), (45, 5.0)), ('K.205 KernScores', 'P2', 1, (154, 159), (45, 7.0), (45, 11.0))]]) 

2 .    (((-2, -2, -2, 2, 2), (1.0, 1.0, 1.0, 1.0, 1.0)), [[('K.205 KernScores', 'P1', 1, (577, 582), (83, 4.0), (83, 8.0)), ('K.205 KernScores', 'P1', 1, (583, 588), (83, 10.0), (84, 2.0))]]) 

3 .    (((-3, -3, -2, 1, -2), (0.25, 0.25, 0.25, 0.25, 0.5)), [[('K.205 KernScores', 'P1', 1, (128, 133), (24, 1.0), (25, 2.0)), ('K.205 KernScores', 'P1', 1, (134, 139), (25, 1.0), (26, 2.0)), ('K.205 KernScores', 'P1', 1, (140, 145), (26, 1.0), (27, 2.0)), ('K.205 KernScores', 'P1', 1, (146, 151), (27, 1.0), (28, 2.0))], [('K.205 KernScores', 'P1', 1, (804, 809), (111, 2.0), (112, 1.0)), ('K.205 KernScores', 'P1', 1, (810, 815), (112, 2.0), (113, 1.0)), ('K.205 KernScores', 'P1', 1, (816, 821), (113, 2.0), (114, 1.0))]]) 

4 .    (((2, -3, 2), (2.0, 1.0, 1.0)), [[('K.205 KernScores', 'P1', 1, (457, 460), (67, 3.0), (67, 6.0)), ('K.205 KernScores', 'P1', 1, (461, 464), (67, 9.0), (67, 12.0)), ('K.205 KernScores', 'P1', 1, (465, 468), (68, 3.0), (68, 6.0))], [('K.205 KernScores', 'P1', 1, (926, 929), (125, 3.0), (125, 6.0)), ('K.205 KernScores', 'P1', 1, (930, 933), (125, 9.0), (125, 12.0)), ('K.205 KernScores', 'P1', 1, (934, 937), (126, 3.0), (126, 6.0)), ('K.205 KernScores', 'P1', 1, (938, 941), (126, 9.0), (126, 12.0))], [('K.205 KernScores', 'P1', 1, (947, 950), (127, 9.0), (127, 12.0)), ('K.205 KernScores', 'P1', 1, (951, 954), (128, 3.0), (128, 6.0)), ('K.205 KernScores', 'P1', 1, (955, 958), (128, 9.0), (128, 12.0)), ('K.205 KernScores', 'P1', 1, (959, 962), (129, 3.0), (129, 6.0)), ('K.205 KernScores', 'P1', 1, (963, 966), (129, 9.0), (129, 12.0))]]) 

5 .    (((3, 3, 3, 1, -2), (0.25, 0.25, 0.25, 0.25, 0.5)), [[('K.205 KernScores', 'P1', 1, (104, 109), (20, 1.0), (21, 2.0)), ('K.205 KernScores', 'P1', 1, (110, 115), (21, 1.0), (22, 2.0))], [('K.205 KernScores', 'P1', 1, (696, 701), (95, 2.0), (96, 1.0)), ('K.205 KernScores', 'P1', 1, (702, 707), (96, 2.0), (97, 1.0)), ('K.205 KernScores', 'P1', 1, (708, 713), (97, 2.0), (98, 1.0))], [('K.205 KernScores', 'P1', 1, (736, 741), (101, 2.0), (102, 1.0)), ('K.205 KernScores', 'P1', 1, (742, 747), (102, 2.0), (103, 1.0))], [('K.205 KernScores', 'P1', 1, (764, 769), (105, 2.0), (106, 1.0)), ('K.205 KernScores', 'P1', 1, (770, 775), (106, 2.0), (107, 1.0))], [('K.205 KernScores', 'P1', 1, (792, 797), (109, 2.0), (110, 1.0)), ('K.205 KernScores', 'P1', 1, (798, 803), (110, 2.0), (111, 1.0))], [('K.205 KernScores', 'P2', 1, (33, 38), (12, 1.0), (13, 2.0)), ('K.205 KernScores', 'P2', 1, (39, 44), (13, 1.0), (14, 2.0))], [('K.205 KernScores', 'P2', 1, (65, 70), (22, 1.0), (23, 2.0)), ('K.205 KernScores', 'P2', 1, (71, 76), (23, 1.0), (24, 2.0))]]) 

6 .    (((1, 1, 1, -2, 1), (1.0, 1.0, 1.0, 1.0, 1.0)), [[('K.205 KernScores', 'P1', 2, (5, 10), (57, 4.0), (57, 8.0)), ('K.205 KernScores', 'P1', 2, (11, 16), (57, 10.0), (58, 2.0))], [('K.205 KernScores', 'P1', 2, (22, 27), (61, 4.0), (61, 8.0)), ('K.205 KernScores', 'P1', 2, (28, 33), (61, 10.0), (62, 2.0)), ('K.205 KernScores', 'P1', 2, (34, 39), (62, 4.0), (62, 8.0))], [('K.205 KernScores', 'P1', 2, (60, 65), (132, 4.0), (132, 8.0)), ('K.205 KernScores', 'P1', 2, (66, 71), (132, 10.0), (133, 2.0)), ('K.205 KernScores', 'P1', 2, (72, 77), (133, 4.0), (133, 8.0))], [('K.205 KernScores', 'P1', 2, (97, 102), (135, 10.0), (136, 2.0)), ('K.205 KernScores', 'P1', 2, (103, 108), (136, 4.0), (136, 8.0)), ('K.205 KernScores', 'P1', 2, (109, 114), (136, 10.0), (137, 2.0))], [('K.205 KernScores', 'P1', 2, (142, 147), (141, 10.0), (142, 2.0)), ('K.205 KernScores', 'P1', 2, (148, 153), (142, 4.0), (142, 8.0)), ('K.205 KernScores', 'P1', 2, (154, 159), (142, 10.0), (143, 2.0))]]) 

7 .    (((-2, -8, 8, 2, -2), (1.0, 1.0, 1.0, 1.0, 1.0)), [[('K.205 KernScores', 'P2', 1, (327, 332), (85, 12.0), (86, 4.0)), ('K.205 KernScores', 'P2', 1, (333, 338), (86, 6.0), (86, 10.0))], [('K.205 KernScores', 'P2', 1, (441, 446), (118, 6.0), (118, 10.0)), ('K.205 KernScores', 'P2', 1, (447, 452), (118, 12.0), (119, 4.0)), ('K.205 KernScores', 'P2', 1, (453, 458), (119, 6.0), (119, 10.0))]]) 

8 .    (((-2, -2), (1.0, 1.0)), [[('K.205 KernScores', 'P1', 1, (328, 330), (52, 1.0), (52, 2.0)), ('K.205 KernScores', 'P1', 1, (331, 333), (52, 4.0), (52, 5.0)), ('K.205 KernScores', 'P1', 1, (334, 336), (52, 7.0), (52, 8.0)), ('K.205 KernScores', 'P1', 1, (337, 339), (52, 10.0), (52, 11.0))], [('K.205 KernScores', 'P1', 1, (363, 365), (55, 1.0), (55, 2.0)), ('K.205 KernScores', 'P1', 1, (366, 368), (55, 4.0), (55, 5.0)), ('K.205 KernScores', 'P1', 1, (369, 371), (55, 7.0), (55, 8.0))], [('K.205 KernScores', 'P1', 1, (426, 428), (64, 1.0), (64, 2.0)), ('K.205 KernScores', 'P1', 1, (429, 431), (64, 4.0), (64, 5.0))], [('K.205 KernScores', 'P1', 1, (670, 672), (93, 1.0), (93, 2.0)), ('K.205 KernScores', 'P1', 1, (673, 675), (93, 4.0), (93, 5.0)), ('K.205 KernScores', 'P1', 1, (676, 678), (93, 7.0), (93, 8.0)), ('K.205 KernScores', 'P1', 1, (679, 681), (93, 10.0), (93, 11.0)), ('K.205 KernScores', 'P1', 1, (682, 684), (94, 1.0), (94, 2.0)), ('K.205 KernScores', 'P1', 1, (685, 687), (94, 4.0), (94, 5.0))], [('K.205 KernScores', 'P1', 1, (913, 915), (124, 1.0), (124, 2.0)), ('K.205 KernScores', 'P1', 1, (916, 918), (124, 4.0), (124, 5.0)), ('K.205 KernScores', 'P1', 1, (919, 921), (124, 7.0), (124, 8.0))], [('K.205 KernScores', 'P1', 1, (1018, 1020), (140, 1.0), (140, 2.0)), ('K.205 KernScores', 'P1', 1, (1021, 1023), (140, 4.0), (140, 5.0))], [('K.205 KernScores', 'P1', 1, (1054, 1056), (146, 1.0), (146, 2.0)), ('K.205 KernScores', 'P1', 1, (1057, 1059), (146, 4.0), (146, 5.0))]]) 

9 .    (((1, -2), (1.0, 1.0)), [[('K.205 KernScores', 'P1', 1, (327, 329), (51, 12.0), (52, 1.0)), ('K.205 KernScores', 'P1', 1, (330, 332), (52, 3.0), (52, 4.0)), ('K.205 KernScores', 'P1', 1, (333, 335), (52, 6.0), (52, 7.0)), ('K.205 KernScores', 'P1', 1, (336, 338), (52, 9.0), (52, 10.0))], [('K.205 KernScores', 'P1', 1, (669, 671), (92, 12.0), (93, 1.0)), ('K.205 KernScores', 'P1', 1, (672, 674), (93, 3.0), (93, 4.0)), ('K.205 KernScores', 'P1', 1, (675, 677), (93, 6.0), (93, 7.0)), ('K.205 KernScores', 'P1', 1, (678, 680), (93, 9.0), (93, 10.0)), ('K.205 KernScores', 'P1', 1, (681, 683), (93, 12.0), (94, 1.0)), ('K.205 KernScores', 'P1', 1, (684, 686), (94, 3.0), (94, 4.0))], [('K.205 KernScores', 'P1', 1, (912, 914), (123, 12.0), (124, 1.0)), ('K.205 KernScores', 'P1', 1, (915, 917), (124, 3.0), (124, 4.0)), ('K.205 KernScores', 'P1', 1, (918, 920), (124, 6.0), (124, 7.0))]]) 

10 .    (((2, -3, -2, 3, 2, -3, -2), (3.0, 3.0, 3.0, 3.0, 3.0, 3.0, 3.0)), [[('K.205 KernScores', 'P2', 1, (169, 176), (48, 4.0), (49, 10.0)), ('K.205 KernScores', 'P2', 1, (177, 184), (50, 4.0), (51, 10.0))], [('K.205 KernScores', 'P2', 1, (461, 468), (120, 4.0), (121, 10.0)), ('K.205 KernScores', 'P2', 1, (469, 476), (122, 4.0), (123, 10.0))]]) 

11 .    ((((3, 2), (3, -3), (3, 2), (3, -3), (3, 2), (3, -3), (3, 2)), ((0.0, 2.0), (0.0, 1.0), (0.0, 2.0), (0.0, 1.0), (0.0, 2.0), (0.0, 1.0), (0.0, 1.0))), [[('K.205 KernScores', 'P1', 1, (536, 543), (76, 3.0), (76, 12.0)), ('K.205 KernScores', 'P1', 1, (544, 551), (77, 3.0), (77, 12.0))], [('K.205 KernScores', 'P1', 1, (1115, 1122), (152, 9.0), (153, 6.0)), ('K.205 KernScores', 'P1', 1, (1123, 1130), (153, 9.0), (154, 6.0))]]) 

12 .    (((2, -3, -2), (3.0, 3.0, 3.0)), [[('K.205 KernScores', 'P2', 1, (341, 344), (87, 4.0), (87, 10.0)), ('K.205 KernScores', 'P2', 1, (345, 348), (88, 4.0), (88, 10.0))]]) 

13 .    (((3, -2, 6, 2), (1.0, 1.0, 2.0, 1.0)), [[('K.205 KernScores', 'P1', 1, (487, 491), (70, 8.0), (70, 12.0)), ('K.205 KernScores', 'P1', 1, (492, 496), (71, 2.0), (71, 6.0)), ('K.205 KernScores', 'P1', 1, (497, 501), (71, 8.0), (71, 12.0))], [('K.205 KernScores', 'P1', 1, (515, 519), (73, 8.0), (73, 12.0)), ('K.205 KernScores', 'P1', 1, (520, 524), (74, 2.0), (74, 6.0))]]) 

14 .    (((1, 1), (1.0, 1.0)), [[('K.205 KernScores', 'P1', 1, (354, 356), (54, 4.0), (54, 5.0)), ('K.205 KernScores', 'P1', 1, (357, 359), (54, 7.0), (54, 8.0)), ('K.205 KernScores', 'P1', 1, (360, 362), (54, 10.0), (54, 11.0))], [('K.205 KernScores', 'P1', 1, (378, 380), (58, 4.0), (58, 5.0)), ('K.205 KernScores', 'P1', 1, (381, 383), (58, 7.0), (58, 8.0))], [('K.205 KernScores', 'P1', 1, (384, 386), (58, 10.0), (58, 11.0)), ('K.205 KernScores', 'P1', 1, (387, 389), (59, 1.0), (59, 2.0)), ('K.205 KernScores', 'P1', 1, (390, 392), (59, 4.0), (59, 5.0))], [('K.205 KernScores', 'P1', 1, (410, 412), (62, 10.0), (62, 11.0)), ('K.205 KernScores', 'P1', 1, (413, 415), (63, 1.0), (63, 2.0))], [('K.205 KernScores', 'P1', 1, (416, 418), (63, 4.0), (63, 5.0)), ('K.205 KernScores', 'P1', 1, (419, 421), (63, 7.0), (63, 8.0)), ('K.205 KernScores', 'P1', 1, (422, 424), (63, 10.0), (63, 11.0))], [('K.205 KernScores', 'P1', 1, (1000, 1002), (138, 4.0), (138, 5.0)), ('K.205 KernScores', 'P1', 1, (1003, 1005), (138, 7.0), (138, 8.0))], [('K.205 KernScores', 'P1', 1, (1008, 1010), (139, 4.0), (139, 5.0)), ('K.205 KernScores', 'P1', 1, (1011, 1013), (139, 7.0), (139, 8.0)), ('K.205 KernScores', 'P1', 1, (1014, 1016), (139, 10.0), (139, 11.0))], [('K.205 KernScores', 'P1', 1, (1036, 1038), (144, 4.0), (144, 5.0)), ('K.205 KernScores', 'P1', 1, (1039, 1041), (144, 7.0), (144, 8.0))], [('K.205 KernScores', 'P1', 1, (1044, 1046), (145, 4.0), (145, 5.0)), ('K.205 KernScores', 'P1', 1, (1047, 1049), (145, 7.0), (145, 8.0)), ('K.205 KernScores', 'P1', 1, (1050, 1052), (145, 10.0), (145, 11.0))], [('K.205 KernScores', 'P1', 2, (118, 120), (137, 7.0), (137, 8.0)), ('K.205 KernScores', 'P1', 2, (121, 123), (137, 10.0), (137, 11.0)), ('K.205 KernScores', 'P1', 2, (124, 126), (138, 1.0), (138, 2.0))], [('K.205 KernScores', 'P1', 2, (129, 131), (138, 10.0), (138, 11.0)), ('K.205 KernScores', 'P1', 2, (132, 134), (139, 1.0), (139, 2.0))], [('K.205 KernScores', 'P1', 2, (163, 165), (143, 7.0), (143, 8.0)), ('K.205 KernScores', 'P1', 2, (166, 168), (143, 10.0), (143, 11.0)), ('K.205 KernScores', 'P1', 2, (169, 171), (144, 1.0), (144, 2.0))], [('K.205 KernScores', 'P1', 2, (174, 176), (144, 10.0), (144, 11.0)), ('K.205 KernScores', 'P1', 2, (177, 179), (145, 1.0), (145, 2.0))], [('K.205 KernScores', 'P1', 3, (3, 5), (56, 4.0), (56, 5.0)), ('K.205 KernScores', 'P1', 3, (6, 8), (56, 7.0), (56, 8.0))]]) 

15 .    (((1, 1, 2, 1, 1), (1.0, 1.0, 1.0, 1.0, 1.0)), [[('K.205 KernScores', 'P1', 1, (378, 383), (58, 4.0), (58, 8.0)), ('K.205 KernScores', 'P1', 1, (384, 389), (58, 10.0), (59, 2.0))], [('K.205 KernScores', 'P1', 1, (410, 415), (62, 10.0), (63, 2.0)), ('K.205 KernScores', 'P1', 1, (416, 421), (63, 4.0), (63, 8.0))]]) 

16 .    (((-6, 2, 2), (2.0, 1.0, 2.0)), [[('K.205 KernScores', 'P2', 1, (245, 248), (71, 1.0), (71, 4.0)), ('K.205 KernScores', 'P2', 1, (249, 252), (71, 7.0), (71, 10.0)), ('K.205 KernScores', 'P2', 1, (253, 256), (72, 1.0), (72, 4.0))], [('K.205 KernScores', 'P2', 1, (262, 265), (74, 1.0), (74, 4.0)), ('K.205 KernScores', 'P2', 1, (266, 269), (74, 7.0), (74, 10.0))]]) 

17 .    (((2, 2, -5), (3.0, 3.0, 3.0)), [[('K.205 KernScores', 'P2', 1, (281, 284), (77, 4.0), (77, 10.0)), ('K.205 KernScores', 'P2', 1, (285, 288), (78, 4.0), (78, 10.0)), ('K.205 KernScores', 'P2', 1, (289, 292), (79, 4.0), (79, 10.0))], [('K.205 KernScores', 'P2', 1, (611, 614), (157, 10.0), (158, 4.0)), ('K.205 KernScores', 'P2', 1, (615, 618), (158, 10.0), (159, 4.0))]]) 

18 .    (((3, 2, 2), (3.0, 3.0, 3.0)), [[('K.205 KernScores', 'P2', 1, (280, 283), (77, 1.0), (77, 7.0)), ('K.205 KernScores', 'P2', 1, (284, 287), (78, 1.0), (78, 7.0)), ('K.205 KernScores', 'P2', 1, (288, 291), (79, 1.0), (79, 7.0))], [('K.205 KernScores', 'P2', 1, (610, 613), (157, 7.0), (158, 1.0)), ('K.205 KernScores', 'P2', 1, (614, 617), (158, 7.0), (159, 1.0))]]) 

19 .    (((-2, -2, -2, 6), (0.5, 0.25, 0.25, 0.5)), [[('K.205 KernScores', 'P1', 1, (0, 4), (1, 1.0), (2, 2.0)), ('K.205 KernScores', 'P1', 1, (5, 9), (2, 1.0), (3, 2.0))], [('K.205 KernScores', 'P2', 1, (1, 5), (5, 1.0), (6, 2.0)), ('K.205 KernScores', 'P2', 1, (6, 10), (6, 1.0), (7, 2.0))]]) 

20 .    (((-3, 2, 5), (1.0, 1.0, 2.0)), [[('K.205 KernScores', 'P1', 1, (445, 448), (65, 11.0), (66, 1.0)), ('K.205 KernScores', 'P1', 1, (449, 452), (66, 5.0), (66, 7.0))], [('K.205 KernScores', 'P1', 1, (471, 474), (68, 11.0), (69, 1.0)), ('K.205 KernScores', 'P1', 1, (475, 478), (69, 5.0), (69, 7.0))]]) 

21 .    ((((3, -2), (3, -2), (3, 2, -2)), ((0.0, 3.0), (0.0, 3.0), (0.0, 0.0, 3.0))), [[('K.205 KernScores', 'P2', 1, (224, 227), (64, 10.0), (65, 4.0)), ('K.205 KernScores', 'P2', 1, (228, 231), (65, 10.0), (66, 4.0))], [('K.205 KernScores', 'P2', 1, (481, 484), (125, 4.0), (125, 10.0)), ('K.205 KernScores', 'P2', 1, (485, 488), (126, 4.0), (126, 10.0))], [('K.205 KernScores', 'P2', 1, (495, 498), (128, 4.0), (128, 10.0)), ('K.205 KernScores', 'P2', 1, (499, 502), (129, 4.0), (129, 10.0))]]) 

22 .    (((2, 2), (1.0, 1.0)), [[('K.205 KernScores', 'P1', 1, (551, 553), (78, 1.0), (78, 2.0)), ('K.205 KernScores', 'P1', 1, (554, 556), (78, 4.0), (78, 5.0))], [('K.205 KernScores', 'P1', 1, (561, 563), (79, 1.0), (79, 2.0)), ('K.205 KernScores', 'P1', 1, (564, 566), (79, 4.0), (79, 5.0))], [('K.205 KernScores', 'P1', 1, (1130, 1132), (154, 7.0), (154, 8.0)), ('K.205 KernScores', 'P1', 1, (1133, 1135), (154, 10.0), (154, 11.0))], [('K.205 KernScores', 'P1', 1, (1162, 1164), (157, 7.0), (157, 8.0)), ('K.205 KernScores', 'P1', 1, (1165, 1167), (157, 10.0), (157, 11.0))], [('K.205 KernScores', 'P1', 1, (1174, 1176), (158, 7.0), (158, 8.0)), ('K.205 KernScores', 'P1', 1, (1177, 1179), (158, 10.0), (158, 11.0))], [('K.205 KernScores', 'P2', 1, (292, 294), (80, 1.0), (80, 2.0)), ('K.205 KernScores', 'P2', 1, (295, 297), (80, 4.0), (80, 5.0))], [('K.205 KernScores', 'P2', 1, (302, 304), (81, 1.0), (81, 2.0)), ('K.205 KernScores', 'P2', 1, (305, 307), (81, 4.0), (81, 5.0))], [('K.205 KernScores', 'P2', 1, (590, 592), (155, 7.0), (155, 8.0)), ('K.205 KernScores', 'P2', 1, (593, 595), (155, 10.0), (155, 11.0))], [('K.205 KernScores', 'P2', 1, (600, 602), (156, 7.0), (156, 8.0)), ('K.205 KernScores', 'P2', 1, (603, 605), (156, 10.0), (156, 11.0))]]) 

23 .    (((-2, -2), (0.5, 0.25)), [[('K.205 KernScores', 'P1', 1, (10, 12), (3, 1.0), (3, 1.5)), ('K.205 KernScores', 'P1', 1, (13, 15), (4, 2.0), (4, 2.5))], [('K.205 KernScores', 'P2', 1, (11, 13), (7, 1.0), (7, 1.5)), ('K.205 KernScores', 'P2', 1, (14, 16), (8, 2.0), (8, 2.5))]]) 

24 .    (((-2, 3), (3.0, 3.0)), [[('K.205 KernScores', 'P2', 1, (201, 203), (56, 10.0), (57, 1.0)), ('K.205 KernScores', 'P2', 1, (204, 206), (57, 10.0), (58, 1.0))], [('K.205 KernScores', 'P2', 1, (213, 215), (61, 4.0), (61, 7.0)), ('K.205 KernScores', 'P2', 1, (216, 218), (62, 4.0), (62, 7.0))]]) 

25 .    ((((3, 1), (3, 1)), ((0.0, 0.5), (0.0, 0.5))), [[('K.205 KernScores', 'P2', 1, (48, 50), (15, 1.0), (15, 1.5)), ('K.205 KernScores', 'P2', 1, (51, 53), (16, 1.5), (17, 2.0))], [('K.205 KernScores', 'P2', 1, (54, 56), (17, 1.0), (17, 1.5)), ('K.205 KernScores', 'P2', 1, (57, 59), (18, 1.5), (19, 2.0))]]) 

26 .    (((1, 2), (0.25, 0.25)), [[('K.205 KernScores', 'P1', 1, (753, 755), (104, 1.25), (104, 1.5)), ('K.205 KernScores', 'P1', 1, (756, 758), (104, 2.0), (104, 2.25))], [('K.205 KernScores', 'P1', 1, (781, 783), (108, 1.25), (108, 1.5)), ('K.205 KernScores', 'P1', 1, (784, 786), (108, 2.0), (108, 2.25))]]) 

27 .    (((-2, -2), (6.0, 3.0)), [[('K.205 KernScores', 'P2', 1, (200, 202), (56, 4.0), (56, 10.0)), ('K.205 KernScores', 'P2', 1, (203, 205), (57, 4.0), (57, 10.0))], [('K.205 KernScores', 'P2', 1, (212, 214), (60, 10.0), (61, 4.0)), ('K.205 KernScores', 'P2', 1, (215, 217), (61, 10.0), (62, 4.0))]]) 

