1 .    ('nomes', 'K.11 Musicalion') 

2 .    ('quantidade', 1) 

3 .    ('analise', 'recorrõncias IntDiaDurPcompasso sem contidos e intercalados') 

1 .    (((-4, 4, 3, 3, -2, -2, -2, -2, 2, -2, -2, 6, -5, 3, 3, 4, -5, -2, -2, -2, 2, -2, -2, 2, 8, -2, -2, -2, -2, -2, -2, -2, 1, -2, -2, -2, -2, -2, -2), (0.25, 0.25, 0.25, 0.25, 0.5, 0.5, 0.75, 0.12, 0.12, 0.75, 0.12, 0.12, 0.25, 0.25, 0.25, 0.25, 0.5, 0.5, 0.75, 0.12, 0.12, 0.75, 0.12, 0.12, 0.25, 0.25, 0.25, 0.25, 0.25, 0.25, 0.25, 0.25, 0.25, 0.25, 0.25, 0.25, 0.25, 0.25, 0.25), (1.0, 1.25, 1.5, 1.75, 2.0, 2.5, 3.0, 3.75, 3.88, 4.0, 4.75, 4.88, 1.0, 1.25, 1.5, 1.75, 2.0, 2.5, 3.0, 3.75, 3.88, 4.0, 4.75, 4.88, 1.0, 1.25, 1.5, 1.75, 2.0, 2.25, 2.5, 2.75, 3.0, 3.25, 3.5, 3.75, 4.0, 4.25, 4.5)), [('K.11 Musicalion', 'P1', 1, (63, 102), (11, 1.0), (13, 4.5)), ('K.11 Musicalion', 'P1', 1, (179, 218), (25, 1.0), (27, 4.5))]) 

2 .    (((-7, 6, -6, 5, -2, -2, 2, -4, 4, 3, 2, -7, 6, -6, 5, -2, -2, 2, -2), (0.5, 0.5, 0.5, 0.5, 0.5, 0.25, 0.25, 0.25, 0.25, 0.25, 0.25, 0.5, 0.5, 0.5, 0.5, 0.5, 0.25, 0.25, 0.25), (1.0, 1.5, 2.0, 2.5, 3.0, 3.5, 3.75, 4.0, 4.25, 4.5, 4.75, 1.0, 1.5, 2.0, 2.5, 3.0, 3.5, 3.75, 4.0)), [('K.11 Musicalion', 'P1', 2, (28, 47), (7, 1.0), (8, 4.0)), ('K.11 Musicalion', 'P1', 2, (81, 100), (21, 1.0), (22, 4.0))]) 

3 .    (((-2, -2, -2, -2, -2, -2, -2, -2, 3, -2, -2, -2, -2, 2, -2, -2), (0.5, 0.5, 0.5, 0.5, 0.5, 0.5, 0.5, 0.5, 1.0, 0.5, 0.5, 0.75, 0.12, 0.12, 0.75, 0.12), (1.0, 1.5, 2.0, 2.5, 3.0, 3.5, 4.0, 4.5, 1.0, 2.0, 2.5, 3.0, 3.75, 3.88, 4.0, 4.75)), [('K.11 Musicalion', 'P1', 1, (46, 62), (9, 1.0), (10, 4.75)), ('K.11 Musicalion', 'P1', 1, (162, 178), (23, 1.0), (24, 4.75))]) 

4 .    (((-2, -2, -2, 2, -3, 2, 2, 2, -4, 4, 3), (0.25, 0.25, 0.25, 0.25, 0.25, 0.25, 0.25, 0.25, 0.25, 0.25, 0.25), (3.0, 3.25, 3.5, 3.75, 4.0, 4.25, 4.5, 4.75, 1.0, 1.25, 1.5)), [('K.11 Musicalion', 'P1', 3, (65, 76), (23, 3.0), (24, 1.5)), ('K.11 Musicalion', 'P1', 2, (58, 69), (9, 3.0), (10, 1.5))]) 

5 .    (((-6, 5, -5, 4, -2, -2, 2, -3, 3, 3), (0.5, 0.5, 0.5, 0.5, 0.5, 0.25, 0.25, 0.25, 0.25, 0.25), (1.0, 1.5, 2.0, 2.5, 3.0, 3.5, 3.75, 4.0, 4.25, 4.5)), [('K.11 Musicalion', 'P1', 2, (6, 16), (5, 1.0), (5, 4.5)), ('K.11 Musicalion', 'P1', 2, (17, 27), (6, 1.0), (6, 4.5))]) 

6 .    (((4, -2, -2, -2, 4, -2, -2, -2), (0.5, 1.0, 1.0, 1.0, 1.0, 1.0, 1.0, 1.0), (4.5, 1.0, 2.0, 3.0, 4.0, 1.0, 2.0, 3.0)), [('K.11 Musicalion', 'P1', 1, (29, 37), (4, 4.5), (6, 3.0)), ('K.11 Musicalion', 'P1', 1, (152, 160), (20, 4.5), (22, 3.0))]) 

7 .    (((2, -2, -2, -2, 2, -2, -2, -2), (0.25, 0.25, 0.25, 0.25, 0.25, 0.25, 0.25, 0.25), (4.75, 1.0, 1.25, 1.5, 1.75, 2.0, 2.25, 2.5)), [('K.11 Musicalion', 'P1', 2, (49, 57), (8, 4.75), (9, 2.5)), ('K.11 Musicalion', 'P1', 2, (102, 110), (22, 4.75), (23, 2.5))]) 

8 .    (((2, 2, 2, -5, -2, -2, -2), (0.5, 0.5, 0.5, 0.5, 0.5, 0.5, 0.5), (4.5, 1.0, 1.5, 2.0, 2.5, 3.0, 3.5)), [('K.11 Musicalion', 'P1', 1, (5, 12), (1, 4.5), (2, 3.5)), ('K.11 Musicalion', 'P1', 1, (21, 28), (3, 4.5), (4, 3.5))]) 

9 .    (((2, 2, 2, -6, 2, 2), (0.25, 0.25, 0.25, 0.25, 0.25, 0.25), (2.25, 2.5, 2.75, 3.0, 3.25, 3.5)), [('K.11 Musicalion', 'P1', 3, (38, 44), (14, 2.25), (14, 3.5)), ('K.11 Musicalion', 'P1', 3, (89, 95), (28, 2.25), (28, 3.5))]) 

10 .    ((((3, 2), (3, 2), 2, 2, -7), ((0.0, 0.5), (0.0, 0.5), 0.5, 0.5, 0.5), (4.5, 1.0, 1.5, 2.0, 2.5)), [('K.11 Musicalion', 'P1', 3, (5, 10), (1, 4.5), (2, 2.5)), ('K.11 Musicalion', 'P1', 3, (19, 24), (3, 4.5), (4, 2.5))]) 

11 .    (((-2, -2, -2), (1.0, 1.0, 1.0), (1.0, 2.0, 3.0)), [('K.11 Musicalion', 'P1', 1, (38, 41), (7, 1.0), (7, 3.0)), ('K.11 Musicalion', 'P1', 1, (42, 45), (8, 1.0), (8, 3.0))]) 

12 .    (((2, -2, -2), (0.5, 1.0, 1.0), (2.5, 3.0, 4.0)), [('K.11 Musicalion', 'P1', 3, (25, 28), (10, 2.5), (10, 4.0)), ('K.11 Musicalion', 'P1', 3, (77, 80), (24, 2.5), (24, 4.0))]) 

13 .    (((-2, -2), (0.25, 0.25), (2.0, 2.25)), [('K.11 Musicalion', 'P1', 1, (125, 127), (18, 2.0), (18, 2.25)), ('K.11 Musicalion', 'P1', 1, (135, 137), (19, 2.0), (19, 2.25))]) 

14 .    (((2, 2), (0.5, 0.5), (1.0, 1.5)), [('K.11 Musicalion', 'P1', 1, (14, 16), (3, 1.0), (3, 1.5)), ('K.11 Musicalion', 'P1', 3, (14, 16), (3, 1.0), (3, 1.5))]) 

15 .    (((-2, 2), (0.75, 0.12), (2.0, 2.75)), [('K.11 Musicalion', 'P1', 1, (1, 3), (1, 2.0), (1, 2.75)), ('K.11 Musicalion', 'P1', 1, (147, 149), (20, 2.0), (20, 2.75))]) 

16 .    (((-8, 4), (1.0, 1.0), (3.0, 4.0)), [('K.11 Musicalion', 'P1', 3, (34, 36), (12, 3.0), (12, 4.0)), ('K.11 Musicalion', 'P1', 3, (86, 88), (26, 3.0), (26, 4.0))]) 

17 .    ((((6, -2), (6, -2)), ((0.0, 1.0), (0.0, 1.0)), (3.0, 4.0)), [('K.11 Musicalion', 'P1', 3, (60, 62), (19, 3.0), (19, 4.0)), ('K.11 Musicalion', 'P1', 3, (82, 84), (25, 3.0), (25, 4.0))]) 

18 .    (((-2,), (0.5,), (2.5,)), [('K.11 Musicalion', 'P1', 1, (17, 18), (3, 2.5), (3, 2.5)), ('K.11 Musicalion', 'P1', 3, (29, 30), (11, 2.5), (11, 2.5)), ('K.11 Musicalion', 'P1', 2, (70, 71), (12, 2.5), (12, 2.5))]) 

19 .    (((-2,), (0.5,), (4.5,)), [('K.11 Musicalion', 'P1', 1, (131, 132), (18, 4.5), (18, 4.5)), ('K.11 Musicalion', 'P1', 1, (143, 144), (19, 4.5), (19, 4.5))]) 

20 .    (((2,), (0.5,), (3.5,)), [('K.11 Musicalion', 'P1', 1, (140, 141), (19, 3.5), (19, 3.5)), ('K.11 Musicalion', 'P1', 3, (11, 12), (2, 3.5), (2, 3.5)), ('K.11 Musicalion', 'P1', 2, (77, 78), (17, 3.5), (17, 3.5))]) 

21 .    ((((3, 3, 1),), ((0.0, 0.0, 1.0),), (3.0,)), [('K.11 Musicalion', 'P1', 1, (103, 104), (14, 3.0), (14, 3.0)), ('K.11 Musicalion', 'P1', 1, (220, 221), (28, 3.0), (28, 3.0))]) 

22 .    (((2,), (1.0,), (4.0,)), [('K.11 Musicalion', 'P1', 1, (123, 124), (17, 4.0), (17, 4.0)), ('K.11 Musicalion', 'P1', 3, (48, 49), (15, 4.0), (15, 4.0))]) 

23 .    (((-3,), (0.5,), (1.0,)), [('K.11 Musicalion', 'P1', 3, (53, 54), (18, 1.0), (18, 1.0)), ('K.11 Musicalion', 'P1', 2, (72, 73), (17, 1.0), (17, 1.0))]) 

24 .    (((1,), (2.0,), (1.0,)), [('K.11 Musicalion', 'P1', 2, (0, 1), (2, 1.0), (2, 1.0)), ('K.11 Musicalion', 'P1', 2, (4, 5), (4, 1.0), (4, 1.0))]) 

