1 .    ('nomes', 'K.478 KernScores') 

2 .    ('quantidade', 1) 

3 .    ('analise', 'recorręncias IntDiaDurPcompasso sem contidos e intercalados') 

1 .    (((2, -2, 4, -2, 6, -2, -2, -2, -2, -4, 2, -2, 4, -2, 6, -2, -2, -2, -2, 1, 2, -2, 4, -2, 6, -2, -2, -2, -2, -4, 2, -2, 4, -2, 6, -2, -2, -2, -2, 8, -2, -2, -2), (0.5, 0.5, 0.5, 0.5, 0.5, 0.0, 1.5, 0.25, 0.25, 1.5, 0.5, 0.5, 0.5, 0.5, 0.5, 0.0, 1.5, 0.25, 0.25, 1.5, 0.5, 0.5, 0.5, 0.5, 0.5, 0.0, 1.5, 0.25, 0.25, 1.5, 0.5, 0.5, 0.5, 0.5, 0.5, 0.0, 1.5, 0.25, 0.25, 1.5, 1.0, 0.25, 0.25), (1.5, 2.0, 2.5, 3.0, 3.5, 1.0, 1.0, 2.5, 2.75, 3.0, 1.5, 2.0, 2.5, 3.0, 3.5, 1.0, 1.0, 2.5, 2.75, 3.0, 1.5, 2.0, 2.5, 3.0, 3.5, 1.0, 1.0, 2.5, 2.75, 3.0, 1.5, 2.0, 2.5, 3.0, 3.5, 1.0, 1.0, 2.5, 2.75, 3.0, 1.5, 2.5, 2.75)), [('K.478 KernScores', 'P1', 1, (146, 189), (30, 1.5), (38, 2.75)), ('K.478 KernScores', 'P1', 1, (351, 394), (73, 1.5), (81, 2.75))]) 

2 .    ((((3, 1), (3, 1), (3, 2), (3, 1), (3, 2), (3, -3), (3, 1), (3, 1), (3, 2), (3, 1), (3, 2), (3, 2), (3, 1), (3, 1), (3, 2), (3, 1), (3, 2), (3, -3), (3, 1), (3, 1), (3, 2), (3, 1), (3, 2), (3, 1), (3, 1), (3, 1), (3, -2), (4, 1), (4, 1), (4, -2), (4, 1), (4, 1), (4, -2), (3, 1), (3, 1)), ((0.0, 1.0), (0.0, 1.0), (0.0, 1.0), (0.0, 1.0), (0.0, 1.0), (0.0, 1.0), (0.0, 1.0), (0.0, 1.0), (0.0, 1.0), (0.0, 1.0), (0.0, 1.0), (0.0, 1.0), (0.0, 1.0), (0.0, 1.0), (0.0, 1.0), (0.0, 1.0), (0.0, 1.0), (0.0, 1.0), (0.0, 1.0), (0.0, 1.0), (0.0, 1.0), (0.0, 1.0), (0.0, 1.0), (0.0, 1.0), (0.0, 1.0), (0.0, 1.0), (0.0, 1.0), (0.0, 1.0), (0.0, 1.0), (0.0, 1.0), (0.0, 1.0), (0.0, 1.0), (0.0, 1.0), (0.0, 1.0), (0.0, 1.0)), (1.0, 2.0, 3.0, 1.0, 2.0, 3.0, 1.0, 2.0, 3.0, 1.0, 2.0, 3.0, 1.0, 2.0, 3.0, 1.0, 2.0, 3.0, 1.0, 2.0, 3.0, 1.0, 2.0, 3.0, 1.0, 2.0, 3.0, 1.0, 2.0, 3.0, 1.0, 2.0, 3.0, 1.0, 2.0)), [('K.478 KernScores', 'P2', 1, (122, 157), (30, 1.0), (41, 2.0)), ('K.478 KernScores', 'P2', 1, (281, 316), (73, 1.0), (84, 2.0))]) 

3 .    ((((8, 2), (8, 2), (8, 2), (8, 1), (8, 4), (8, -5), (8, 1), (8, 4), (8, -3), (8, 2), (8, 1), (8, -12), (8, 2), (8, 2), (8, 2), (8, 1), (8, 4), (8, -5), (8, 1), (8, 4), (8, -3), (8, 2), (8, 1)), ((0.0, 1.0), (0.0, 1.0), (0.0, 1.0), (0.0, 1.0), (0.0, 1.0), (0.0, 1.0), (0.0, 1.0), (0.0, 1.0), (0.0, 1.0), (0.0, 1.0), (0.0, 1.0), (0.0, 1.0), (0.0, 1.0), (0.0, 1.0), (0.0, 1.0), (0.0, 1.0), (0.0, 1.0), (0.0, 1.0), (0.0, 1.0), (0.0, 1.0), (0.0, 1.0), (0.0, 1.0), (0.0, 1.0)), (1.0, 2.0, 3.0, 1.0, 2.0, 3.0, 1.0, 2.0, 3.0, 1.0, 2.0, 3.0, 1.0, 2.0, 3.0, 1.0, 2.0, 3.0, 1.0, 2.0, 3.0, 1.0, 2.0)), [('K.478 KernScores', 'P2', 1, (185, 208), (49, 1.0), (56, 2.0)), ('K.478 KernScores', 'P2', 1, (374, 397), (103, 1.0), (110, 2.0))]) 

4 .    (((2, -6, 2, 2, 1, 2, -5, 2, 2, 1, 2, -5, 2, 2, -2, (3, 1), (3, -2), (3, 1), (3, -2)), (0.5, 0.5, 0.5, 0.5, 1.0, 0.5, 0.5, 0.5, 0.5, 1.0, 0.5, 0.5, 0.5, 0.5, 1.0, (0.0, 0.5), (0.0, 0.5), (0.0, 0.5), (0.0, 0.5)), (1.5, 2.0, 2.5, 3.0, 3.5, 1.5, 2.0, 2.5, 3.0, 3.5, 1.5, 2.0, 2.5, 3.0, 3.5, 1.5, 2.0, 2.5, 3.0)), [('K.478 KernScores', 'P1', 1, (255, 274), (49, 1.5), (52, 3.0)), ('K.478 KernScores', 'P1', 1, (276, 295), (53, 1.5), (56, 3.0))]) 

5 .    (((2, -6, 2, 2, 1, 2, -5, 2, 2, 1, 2, -5, 2, 2, -2, (3, 1), (3, -2), (3, 1), (3, -2)), (0.5, 0.5, 0.5, 0.5, 1.0, 0.5, 0.5, 0.5, 0.5, 1.0, 0.5, 0.5, 0.5, 0.5, 1.0, (0.0, 0.5), (0.0, 0.5), (0.0, 0.5), (0.0, 0.5)), (1.0, 1.5, 2.0, 2.5, 3.0, 1.0, 1.5, 2.0, 2.5, 3.0, 1.0, 1.5, 2.0, 2.5, 3.0, 1.0, 1.5, 2.0, 2.5)), [('K.478 KernScores', 'P1', 1, (516, 535), (103, 1.0), (106, 2.5)), ('K.478 KernScores', 'P1', 1, (538, 557), (107, 1.0), (110, 2.5))]) 

6 .    (((-2, -2, -2, 2, 2, -2, -2, -2, 2, 1, -2, -2, 4, -2, -2, -2, 2, 2), (1.0, 0.25, 0.25, 0.5, 1.0, 1.0, 0.25, 0.25, 0.5, 1.75, 0.25, 0.25, 0.25, 0.25, 0.25, 0.25, 0.25, 0.25), (1.5, 2.5, 2.75, 3.0, 3.5, 1.5, 2.5, 2.75, 3.0, 3.5, 2.25, 2.5, 2.75, 3.0, 3.25, 3.5, 3.75, 1.0)), [('K.478 KernScores', 'P1', 1, (191, 209), (39, 1.5), (42, 1.0)), ('K.478 KernScores', 'P1', 1, (396, 414), (82, 1.5), (85, 1.0))]) 

7 .    (((2, 2, 2, 3, 2, -4, 2, -4, 2, -5, 2, -4, 2, -4, 2, -4), (1.0, 1.0, 1.0, 1.0, 0.25, 0.25, 0.25, 0.25, 0.25, 0.25, 0.25, 0.25, 0.25, 0.25, 0.25, 0.25), (3.0, 1.0, 2.0, 3.0, 1.0, 1.25, 1.5, 1.75, 2.0, 2.25, 2.5, 2.75, 3.0, 3.25, 3.5, 3.75)), [('K.478 KernScores', 'P2', 1, (235, 251), (63, 3.0), (65, 3.75)), ('K.478 KernScores', 'P2', 1, (252, 268), (66, 3.0), (68, 3.75))]) 

8 .    (((-3, -3, -4, 2, -2, 2, 2, 5, -3, -3, -4, 2, -2, 2, 2), (0.5, 0.5, 0.5, 0.5, 0.25, 0.12, 0.12, 0.5, 0.5, 0.5, 0.5, 0.5, 0.25, 0.12, 0.12), (1.5, 2.0, 2.5, 3.0, 3.5, 3.75, 3.88, 1.0, 1.5, 2.0, 2.5, 3.0, 3.5, 3.75, 3.88)), [('K.478 KernScores', 'P1', 1, (61, 76), (13, 1.5), (14, 3.88)), ('K.478 KernScores', 'P1', 1, (77, 92), (15, 1.5), (16, 3.88))]) 

9 .    (((2, -4, 2, -4, 2, -5, 2, -4, 2, -4, 2, -5, 1), (0.25, 0.25, 0.25, 0.25, 0.25, 0.25, 0.25, 0.25, 0.25, 0.25, 0.25, 0.25, 1.0), (1.0, 1.25, 1.5, 1.75, 2.0, 2.25, 2.5, 2.75, 3.0, 3.25, 3.5, 3.75, 1.0)), [('K.478 KernScores', 'P2', 1, (21, 34), (10, 1.0), (11, 1.0)), ('K.478 KernScores', 'P2', 1, (36, 49), (12, 1.0), (13, 1.0))]) 

10 .    (((7, 2, -8, -2, 8, -9, 7, 2, -8, -2, 8, -9), (0.5, 0.5, 0.5, 0.5, 0.5, 0.5, 0.5, 0.5, 0.5, 0.5, 0.5, 0.5), (1.0, 1.5, 2.0, 2.5, 3.0, 3.5, 1.0, 1.5, 2.0, 2.5, 3.0, 3.5)), [('K.478 KernScores', 'P2', 1, (84, 96), (21, 1.0), (22, 3.5)), ('K.478 KernScores', 'P2', 1, (102, 114), (24, 1.0), (25, 3.5))]) 

11 .    (((2, -4, 2, -4, 2, -5, 2, -4, 2, -4, 2, -4), (0.25, 0.25, 0.25, 0.25, 0.25, 0.25, 0.25, 0.25, 0.25, 0.25, 0.25, 0.25), (1.0, 1.25, 1.5, 1.75, 2.0, 2.25, 2.5, 2.75, 3.0, 3.25, 3.5, 3.75)), [('K.478 KernScores', 'P2', 1, (162, 174), (44, 1.0), (44, 3.75)), ('K.478 KernScores', 'P2', 1, (222, 234), (62, 1.0), (62, 3.75))]) 

12 .    (((-2, 2, -2, -2, -2, 2, -2, -2, -2, 4, -2), (0.25, 0.25, 0.25, 0.25, 0.25, 0.25, 0.25, 0.25, 0.25, 0.25, 0.25), (3.5, 3.75, 1.0, 1.25, 1.5, 1.75, 2.0, 2.25, 2.5, 2.75, 3.0)), [('K.478 KernScores', 'P1', 1, (112, 123), (25, 3.5), (26, 3.0)), ('K.478 KernScores', 'P1', 1, (124, 135), (26, 3.5), (27, 3.0))]) 

13 .    (((-2, -2, -2, -2, -2, -2, -2, -2, -2), (0.25, 0.25, 0.25, 0.25, 0.25, 0.25, 0.25, 0.25, 0.25), (1.5, 1.75, 2.0, 2.25, 2.5, 2.75, 3.0, 3.25, 3.5)), [('K.478 KernScores', 'P1', 1, (210, 219), (42, 1.5), (42, 3.5)), ('K.478 KernScores', 'P1', 1, (222, 231), (43, 1.5), (43, 3.5))]) 

14 .    (((7, 2, -4, 2, -4, 2, -5, 2, -8), (3.0, 0.25, 0.25, 0.25, 0.25, 0.25, 0.25, 0.25, 0.25), (1.0, 1.0, 1.25, 1.5, 1.75, 2.0, 2.25, 2.5, 2.75)), [('K.478 KernScores', 'P2', 1, (271, 280), (70, 1.0), (71, 2.75)), ('K.478 KernScores', 'P2', 1, (320, 329), (86, 1.0), (87, 2.75))]) 

15 .    (((1, 1, 1, 1, 1, 1, 1, 1), (1.0, 1.0, 1.0, 1.0, 1.0, 1.0, 1.0, 1.0), (1.0, 2.0, 3.0, 1.0, 2.0, 3.0, 1.0, 2.0)), [('K.478 KernScores', 'P2', 1, (330, 338), (89, 1.0), (91, 2.0)), ('K.478 KernScores', 'P2', 1, (339, 347), (92, 1.0), (94, 2.0)), ('K.478 KernScores', 'P2', 1, (348, 356), (95, 1.0), (97, 2.0))]) 

16 .    (((2, 2, 2, 2, 2, 2, 2), (0.25, 0.25, 0.25, 0.25, 0.25, 0.25, 0.25), (1.25, 1.5, 1.75, 2.0, 2.25, 2.5, 2.75)), [('K.478 KernScores', 'P1', 1, (5, 12), (2, 1.25), (2, 2.75)), ('K.478 KernScores', 'P1', 1, (17, 24), (4, 1.25), (4, 2.75))]) 

17 .    (((2, -5, 2, -4, 2, -5, 2), (0.5, 0.5, 0.5, 0.5, 0.5, 0.5, 0.5), (1.0, 1.5, 2.0, 2.5, 3.0, 3.5, 1.0)), [('K.478 KernScores', 'P1', 1, (29, 36), (6, 1.0), (7, 1.0)), ('K.478 KernScores', 'P1', 1, (42, 49), (8, 1.0), (9, 1.0))]) 

18 .    ((((8, 2), (8, 2), (8, 2), (8, 2), (8, 1), (8, -5)), ((0.0, 1.0), (0.0, 1.0), (0.0, 1.0), (0.0, 1.0), (0.0, 1.0), (0.0, 1.0)), (1.0, 2.0, 3.0, 1.0, 2.0, 3.0)), [('K.478 KernScores', 'P2', 1, (215, 221), (59, 1.0), (60, 3.0)), ('K.478 KernScores', 'P2', 1, (398, 404), (111, 1.0), (112, 3.0))]) 

19 .    ((((3, -2), (3, 1), (3, -2), (3, 1), (3, -2)), ((0.0, 0.5), (0.0, 0.5), (0.0, 0.5), (0.0, 0.5), (0.0, 0.5)), (1.0, 1.5, 2.0, 2.5, 3.0)), [('K.478 KernScores', 'P1', 1, (299, 304), (58, 1.0), (58, 3.0)), ('K.478 KernScores', 'P1', 1, (308, 313), (60, 1.0), (60, 3.0))]) 

20 .    ((((3, -2), (3, 1), (3, -2), (3, 1), (3, -2)), ((0.0, 0.5), (0.0, 0.5), (0.0, 0.5), (0.0, 0.5), (0.0, 0.5)), (3.5, 1.0, 1.5, 2.0, 2.5)), [('K.478 KernScores', 'P1', 1, (563, 568), (112, 3.5), (112, 2.5)), ('K.478 KernScores', 'P1', 1, (572, 577), (114, 3.5), (114, 2.5))]) 

21 .    (((-2, -8, 8, -2), (1.0, 1.0, 1.0, 1.0), (3.0, 1.0, 2.0, 3.0)), [('K.478 KernScores', 'P2', 1, (50, 54), (13, 3.0), (14, 3.0)), ('K.478 KernScores', 'P2', 1, (56, 60), (15, 3.0), (16, 3.0))]) 

22 .    (((2, 2, 2, 2), (1.0, 1.0, 1.0, 1.0), (1.0, 2.0, 3.0, 1.0)), [('K.478 KernScores', 'P2', 2, (0, 4), (6, 1.0), (7, 1.0)), ('K.478 KernScores', 'P2', 2, (6, 10), (8, 1.0), (9, 1.0))]) 

23 .    (((-6, 2, 2, 2), (0.5, 0.5, 0.5, 0.5), (1.5, 2.0, 2.5, 3.0)), [('K.478 KernScores', 'P1', 1, (232, 236), (45, 1.5), (45, 3.0)), ('K.478 KernScores', 'P1', 1, (242, 246), (47, 1.5), (47, 3.0))]) 

24 .    ((((3, -2), (3, -2), (3, -2), (3, -2)), ((0.0, 0.5), (0.0, 0.5), (0.0, 0.5), (0.0, 0.5)), (1.0, 1.5, 2.0, 2.5)), [('K.478 KernScores', 'P1', 1, (447, 451), (91, 1.0), (91, 2.5)), ('K.478 KernScores', 'P1', 1, (466, 470), (94, 1.0), (94, 2.5))]) 

25 .    (((-3, -2, 4, -3), (0.25, 0.25, 0.5, 0.25), (1.5, 1.75, 2.0, 2.5)), [('K.478 KernScores', 'P1', 1, (478, 482), (96, 1.5), (96, 2.5)), ('K.478 KernScores', 'P1', 1, (487, 491), (97, 1.5), (97, 2.5))]) 

26 .    (((-6, 2, 2, 2), (0.5, 0.5, 0.5, 0.5), (1.0, 1.5, 2.0, 2.5)), [('K.478 KernScores', 'P1', 1, (493, 497), (99, 1.0), (99, 2.5)), ('K.478 KernScores', 'P1', 1, (503, 507), (101, 1.0), (101, 2.5))]) 

27 .    (((-8, 2, 3, -2), (0.5, 0.5, 1.0, 1.0), (3.0, 3.5, 1.0, 2.0)), [('K.478 KernScores', 'P1', 2, (0, 4), (2, 3.0), (3, 2.0)), ('K.478 KernScores', 'P1', 2, (5, 9), (4, 3.0), (5, 2.0))]) 

28 .    (((2, -4, 2), (0.25, 0.25, 0.25), (1.0, 1.25, 1.5)), [('K.478 KernScores', 'P1', 1, (339, 342), (70, 1.0), (70, 1.5)), ('K.478 KernScores', 'P1', 1, (432, 435), (86, 1.0), (86, 1.5))]) 

29 .    (((2, -4, 2), (0.25, 0.25, 0.25), (2.5, 2.75, 3.0)), [('K.478 KernScores', 'P1', 1, (345, 348), (70, 2.5), (70, 3.0)), ('K.478 KernScores', 'P1', 1, (426, 429), (86, 2.5), (86, 3.0))]) 

30 .    (((-3, -3, -4), (0.5, 0.5, 0.5), (1.5, 2.0, 2.5)), [('K.478 KernScores', 'P1', 1, (55, 58), (11, 1.5), (11, 2.5)), ('K.478 KernScores', 'P2', 1, (61, 64), (17, 1.5), (17, 2.5))]) 

31 .    (((2, 2, 2), (0.5, 0.5, 0.5), (2.0, 2.5, 3.0)), [('K.478 KernScores', 'P1', 2, (14, 17), (63, 2.0), (63, 3.0)), ('K.478 KernScores', 'P1', 2, (24, 27), (66, 2.0), (66, 3.0))]) 

32 .    (((2, -8, 4), (1.0, 1.0, 1.0), (1.0, 2.0, 3.0)), [('K.478 KernScores', 'P2', 1, (5, 8), (3, 1.0), (3, 3.0)), ('K.478 KernScores', 'P2', 1, (407, 410), (114, 1.0), (114, 3.0))]) 

33 .    (((-2, -2, -2), (3.0, 3.0, 3.0), (1.5, 1.5, 1.5)), [('K.478 KernScores', 'P1', 2, (10, 13), (38, 1.5), (40, 1.5)), ('K.478 KernScores', 'P1', 2, (31, 34), (81, 1.5), (83, 1.5))]) 

34 .    (((3, 4, 3), (0.5, 0.5, 0.5), (1.0, 1.5, 2.0)), [('K.478 KernScores', 'P2', 1, (66, 69), (18, 1.0), (18, 2.0)), ('K.478 KernScores', 'P2', 1, (78, 81), (20, 1.0), (20, 2.0))]) 

35 .    (((-2, -2), (0.25, 0.25), (2.5, 2.75)), [('K.478 KernScores', 'P1', 1, (335, 337), (69, 2.5), (69, 2.75)), ('K.478 KernScores', 'P1', 1, (419, 421), (85, 2.5), (85, 2.75))]) 

36 .    (((-2, 4), (0.5, 0.5), (2.0, 2.5)), [('K.478 KernScores', 'P1', 1, (454, 456), (92, 2.0), (92, 2.5)), ('K.478 KernScores', 'P1', 1, (474, 476), (95, 2.0), (95, 2.5))]) 

37 .    (((2, 2), (1.0, 1.0), (3.0, 1.0)), [('K.478 KernScores', 'P2', 1, (116, 118), (26, 3.0), (27, 1.0)), ('K.478 KernScores', 'P2', 1, (181, 183), (47, 3.0), (48, 1.0))]) 

38 .    (((-2, -2), (0.25, 0.25), (1.5, 1.75)), [('K.478 KernScores', 'P1', 1, (249, 251), (48, 1.5), (48, 1.75)), ('K.478 KernScores', 'P1', 1, (415, 417), (85, 1.5), (85, 1.75))]) 

39 .    (((2, 2), (1.0, 1.0), (1.5, 2.5)), [('K.478 KernScores', 'P1', 1, (101, 103), (22, 1.5), (22, 2.5)), ('K.478 KernScores', 'P1', 1, (104, 106), (23, 1.5), (23, 2.5)), ('K.478 KernScores', 'P1', 1, (107, 109), (24, 1.5), (24, 2.5))]) 

40 .    (((-2, -2), (1.0, 1.0), (1.5, 2.5)), [('K.478 KernScores', 'P1', 1, (13, 15), (3, 1.5), (3, 2.5)), ('K.478 KernScores', 'P1', 1, (26, 28), (5, 1.5), (5, 2.5))]) 

41 .    (((-4, 4), (0.25, 0.25), (2.25, 2.5)), [('K.478 KernScores', 'P1', 1, (296, 298), (57, 2.25), (57, 2.5)), ('K.478 KernScores', 'P1', 1, (305, 307), (59, 2.25), (59, 2.5))]) 

42 .    (((2, (3, 3)), (0.0, (0.0, 3.5)), (1.0, 1.0)), [('K.478 KernScores', 'P1', 1, (321, 323), (65, 1.0), (65, 1.0)), ('K.478 KernScores', 'P1', 1, (331, 333), (68, 1.0), (68, 1.0))]) 

43 .    (((-4, 8), (0.25, 0.25), (1.75, 2.0)), [('K.478 KernScores', 'P1', 1, (560, 562), (111, 1.75), (111, 2.0)), ('K.478 KernScores', 'P1', 1, (569, 571), (113, 1.75), (113, 2.0))]) 

44 .    (((1, 1), (2.0, 1.0), (1.0, 3.0)), [('K.478 KernScores', 'P2', 1, (14, 16), (6, 1.0), (6, 3.0)), ('K.478 KernScores', 'P2', 1, (18, 20), (8, 1.0), (8, 3.0))]) 

45 .    (((-8, -2), (1.0, 1.0), (2.0, 3.0)), [('K.478 KernScores', 'P2', 1, (175, 177), (45, 2.0), (45, 3.0)), ('K.478 KernScores', 'P2', 1, (178, 180), (46, 2.0), (46, 3.0))]) 

46 .    (((2,), (0.5,), (1.5,)), [('K.478 KernScores', 'P1', 1, (499, 500), (100, 1.5), (100, 1.5)), ('K.478 KernScores', 'P1', 2, (19, 20), (64, 1.5), (64, 1.5)), ('K.478 KernScores', 'P2', 1, (97, 98), (23, 1.5), (23, 1.5))]) 

47 .    (((2,), (0.5,), (2.5,)), [('K.478 KernScores', 'P1', 1, (37, 38), (7, 2.5), (7, 2.5)), ('K.478 KernScores', 'P1', 1, (239, 240), (46, 2.5), (46, 2.5)), ('K.478 KernScores', 'P1', 1, (436, 437), (89, 2.5), (89, 2.5))]) 

48 .    (((2,), (0.5,), (2.0,)), [('K.478 KernScores', 'P1', 1, (94, 95), (18, 2.0), (18, 2.0)), ('K.478 KernScores', 'P1', 1, (96, 97), (19, 2.0), (19, 2.0)), ('K.478 KernScores', 'P1', 1, (98, 99), (20, 2.0), (20, 2.0)), ('K.478 KernScores', 'P1', 1, (441, 442), (90, 2.0), (90, 2.0))]) 

49 .    ((((8, 2),), ((0.0, 1.0),), (1.0,)), [('K.478 KernScores', 'P2', 1, (209, 210), (57, 1.0), (57, 1.0)), ('K.478 KernScores', 'P2', 1, (212, 213), (58, 1.0), (58, 1.0)), ('K.478 KernScores', 'P2', 1, (371, 372), (102, 1.0), (102, 1.0))]) 

50 .    (((-2,), (0.5,), (3.0,)), [('K.478 KernScores', 'P1', 1, (39, 40), (7, 3.0), (7, 3.0)), ('K.478 KernScores', 'P1', 1, (52, 53), (9, 3.0), (9, 3.0))]) 

51 .    (((2,), (1.0,), (1.0,)), [('K.478 KernScores', 'P1', 2, (38, 39), (96, 1.0), (96, 1.0)), ('K.478 KernScores', 'P2', 1, (11, 12), (5, 1.0), (5, 1.0))]) 

52 .    (((2,), (1.0,), (3.0,)), [('K.478 KernScores', 'P1', 1, (3, 4), (1, 3.0), (1, 3.0)), ('K.478 KernScores', 'P1', 1, (253, 254), (48, 3.0), (48, 3.0))]) 

53 .    (((2,), (0.25,), (2.0,)), [('K.478 KernScores', 'P1', 1, (343, 344), (70, 2.0), (70, 2.0)), ('K.478 KernScores', 'P1', 1, (424, 425), (86, 2.0), (86, 2.0))]) 

54 .    (((-2,), (1.0,), (3.0,)), [('K.478 KernScores', 'P2', 1, (119, 120), (27, 3.0), (27, 3.0)), ('K.478 KernScores', 'P2', 1, (364, 365), (99, 3.0), (99, 3.0))]) 

55 .    (((2,), (1.0,), (2.0,)), [('K.478 KernScores', 'P1', 2, (29, 30), (69, 2.0), (69, 2.0)), ('K.478 KernScores', 'P2', 1, (9, 10), (4, 2.0), (4, 2.0)), ('K.478 KernScores', 'P2', 1, (269, 270), (69, 2.0), (69, 2.0))]) 

56 .    ((((3, -2),), ((0.0, 0.5),), (3.0,)), [('K.478 KernScores', 'P1', 1, (328, 329), (67, 3.0), (67, 3.0)), ('K.478 KernScores', 'P1', 1, (462, 463), (93, 3.0), (93, 3.0)), ('K.478 KernScores', 'P1', 1, (464, 465), (94, 3.0), (94, 3.0)), ('K.478 KernScores', 'P1', 2, (22, 23), (64, 3.0), (64, 3.0))]) 

57 .    (((2,), (0.5,), (3.5,)), [('K.478 KernScores', 'P1', 1, (471, 472), (95, 3.5), (95, 3.5)), ('K.478 KernScores', 'P2', 1, (71, 72), (18, 3.5), (18, 3.5))]) 

58 .    (((2,), (0.25,), (3.5,)), [('K.478 KernScores', 'P1', 1, (349, 350), (70, 3.5), (70, 3.5)), ('K.478 KernScores', 'P1', 1, (430, 431), (86, 3.5), (86, 3.5))]) 

59 .    (((2,), (1.0,), (1.5,)), [('K.478 KernScores', 'P1', 1, (110, 111), (25, 1.5), (25, 1.5)), ('K.478 KernScores', 'P1', 1, (318, 319), (64, 1.5), (64, 1.5)), ('K.478 KernScores', 'P1', 1, (459, 460), (93, 1.5), (93, 1.5))]) 

60 .    (((-3,), (0.25,), (1.5,)), [('K.478 KernScores', 'P1', 1, (140, 141), (28, 1.5), (28, 1.5)), ('K.478 KernScores', 'P1', 2, (53, 54), (98, 1.5), (98, 1.5))]) 

61 .    (((-2,), (0.25,), (3.75,)), [('K.478 KernScores', 'P1', 1, (485, 486), (97, 3.75), (97, 3.75)), ('K.478 KernScores', 'P1', 2, (42, 43), (97, 3.75), (97, 3.75))]) 

62 .    (((4,), (0.5,), (3.5,)), [('K.478 KernScores', 'P1', 1, (438, 439), (89, 3.5), (89, 3.5)), ('K.478 KernScores', 'P1', 1, (457, 458), (92, 3.5), (92, 3.5))]) 

63 .    (((-3,), (0.25,), (3.5,)), [('K.478 KernScores', 'P1', 1, (443, 444), (90, 3.5), (90, 3.5)), ('K.478 KernScores', 'P1', 2, (49, 50), (98, 3.5), (98, 3.5))]) 

64 .    (((-2,), (0.0,), (3.5,)), [('K.478 KernScores', 'P1', 1, (508, 509), (102, 3.5), (102, 3.5)), ('K.478 KernScores', 'P1', 1, (536, 537), (107, 3.5), (107, 3.5))]) 

