1 .    ('nomes', 'K.170 KernScores') 

2 .    ('quantidade', 1) 

3 .    ('analise', 'sequęncias IntDiaDurPtempo sem contidos e intercalados') 

1 .    (((-5, 4, -5, 4, -5, 4, -5, 4, -5, 4, -2, -2, -2), (0.5, 0.5, 0.5, 0.5, 0.5, 0.5, 0.5, 0.5, 0.5, 0.5, 1.0, 1.0, 1.0), 0.17), [[('K.170 KernScores', 'P1', 1, (409, 422), (81, 1.17), (83, 2.17)), ('K.170 KernScores', 'P1', 1, (423, 436), (84, 1.17), (86, 2.17))], [('K.170 KernScores', 'P1', 1, (546, 559), (113, 1.17), (115, 2.17)), ('K.170 KernScores', 'P1', 1, (560, 573), (116, 1.17), (118, 2.17))]]) 

2 .    (((2, 2, 2, 2, 2, 2, 2, -2, -2, -2), (0.12, 0.12, 0.12, 0.12, 0.12, 0.12, 0.12, 0.25, 0.25, 0.25), 0.62), [[('K.170 KernScores', 'P1', 1, (132, 142), (30, 1.62), (30, 1.0)), ('K.170 KernScores', 'P1', 1, (143, 153), (31, 1.62), (31, 1.0))], [('K.170 KernScores', 'P1', 1, (211, 221), (39, 1.62), (39, 1.0)), ('K.170 KernScores', 'P1', 1, (222, 232), (40, 1.62), (40, 1.0))]]) 

3 .    (((2, 2, 1, -2, 1, -2, 1, -2), (1.0, 1.0, 1.0, 0.5, 0.5, 0.5, 0.5, 0.5), 0.17), [[('K.170 KernScores', 'P1', 1, (287, 295), (50, 1.17), (51, 3.17)), ('K.170 KernScores', 'P1', 1, (296, 304), (52, 1.17), (53, 3.17))], [('K.170 KernScores', 'P1', 1, (321, 329), (58, 1.17), (59, 3.17)), ('K.170 KernScores', 'P1', 1, (330, 338), (60, 1.17), (61, 3.17))]]) 

4 .    (((2, 2, 1, -2), (0.5, 0.5, 0.5, 1.0), 0.67), [[('K.170 KernScores', 'P1', 1, (389, 393), (76, 2.67), (77, 1.17)), ('K.170 KernScores', 'P1', 1, (394, 398), (77, 2.67), (78, 1.17)), ('K.170 KernScores', 'P1', 1, (399, 403), (78, 2.67), (79, 1.17))], [('K.170 KernScores', 'P1', 1, (526, 530), (108, 2.67), (109, 1.17)), ('K.170 KernScores', 'P1', 1, (531, 535), (109, 2.67), (110, 1.17)), ('K.170 KernScores', 'P1', 1, (536, 540), (110, 2.67), (111, 1.17))]]) 

5 .    (((2, 2, 2, 1, -2), (0.5, 0.5, 0.5, 0.5, 0.0), 0.17), [[('K.170 KernScores', 'P1', 1, (438, 443), (87, 2.17), (88, 1.17)), ('K.170 KernScores', 'P1', 1, (444, 449), (88, 2.17), (89, 1.17))], [('K.170 KernScores', 'P1', 1, (457, 462), (91, 2.17), (92, 1.17)), ('K.170 KernScores', 'P1', 1, (463, 468), (92, 2.17), (93, 1.17))], [('K.170 KernScores', 'P1', 1, (575, 580), (119, 2.17), (120, 1.17)), ('K.170 KernScores', 'P1', 1, (581, 586), (120, 2.17), (121, 1.17))], [('K.170 KernScores', 'P1', 1, (594, 599), (123, 2.17), (124, 1.17)), ('K.170 KernScores', 'P1', 1, (600, 605), (124, 2.17), (125, 1.17))]]) 

6 .    (((2, -2, -2), (0.25, 0.25, 0.25), 0.0), [[('K.170 KernScores', 'P2', 1, (145, 148), (49, 2.0), (50, 2.5)), ('K.170 KernScores', 'P2', 1, (149, 152), (51, 1.0), (51, 1.5))], [('K.170 KernScores', 'P2', 1, (168, 171), (57, 2.0), (58, 2.5)), ('K.170 KernScores', 'P2', 1, (172, 175), (59, 1.0), (59, 1.5))]]) 

