1.    nomes:
K.238 KernScores

2.    quantidade:
1

3.    analise:
[('intDia', 'p1p2'), ('duracao', 'p1p2'), ('Ntempo', 'p1p2'), ('Ptempo', 'p1p2')] SemContInte Distancia: 0

1.    (((6, 1), (6, 1), (6, 2), (6, 4), (6, 1), (6, 1), (6, 2), (6, 3), 2, -3, -2, -6, (6, 1), (6, 1), (6, 2), (6, 4), (6, 1), (6, 1), (6, 2), (6, 3), 2, -3, -2, 6, 1, 1, 2, -7, (3, 1), (3, 1), (3, 4), 2, 2, -2, -2, -2, -2, -2), ((0.0, 0.25), (0.0, 0.75), (0.0, 0.25), (0.0, 0.75), (0.0, 0.25), (0.0, 0.75), (0.0, 0.25), (0.0, 1.0), 1.75, 0.25, 1.0, 0.5, (0.0, 0.5), (0.0, 0.75), (0.0, 0.25), (0.0, 0.75), (0.0, 0.25), (0.0, 0.75), (0.0, 0.25), (0.0, 1.0), 1.75, 0.25, 1.0, 0.75, 0.25, 0.75, 0.25, 0.75, (0.0, 0.25), (0.0, 0.75), (0.0, 0.25), 0.33, 0.33, 0.33, 0.33, 0.33, 0.33, 1.0), (1, 2, 2, 3, 3, 4, 4, 1, 2, 3, 4, 1, 1, 2, 2, 3, 3, 4, 4, 1, 2, 3, 4, 1, 1, 2, 2, 3, 3, 4, 4, 1, 1, 1, 2, 2, 2, 3), (0.75, 0.0, 0.75, 0.0, 0.75, 0.0, 0.75, 0.0, 0.0, 0.75, 0.0, 0.0, 0.5, 0.0, 0.75, 0.0, 0.75, 0.0, 0.75, 0.0, 0.0, 0.75, 0.0, 0.0, 0.75, 0.0, 0.75, 0.0, 0.75, 0.0, 0.75, 0.0, 0.33, 0.67, 0.0, 0.33, 0.67, 0.0)):
('K.238 KernScores', 'P1', 1, (156, 194), (30,), (1.75,), (35,), (3.0,))
('K.238 KernScores', 'P1', 1, (196, 234), (36,), (1.75,), (41,), (3.0,))

2.    (((6, 1), (6, 1), (6, 2), (6, -3), (6, 1), (6, 1), (6, -2), (8, 3), (6, 1), (6, 1), (6, 2), (6, -3), (6, 1), (6, 1), (6, -2), (8, -2), 1, 1, 7, -2), ((0.0, 0.5), (0.0, 0.75), (0.0, 0.25), (0.0, 0.75), (0.0, 0.25), (0.0, 0.75), (0.0, 0.25), (0.0, 4.5), (0.0, 0.5), (0.0, 0.75), (0.0, 0.25), (0.0, 0.75), (0.0, 0.25), (0.0, 0.75), (0.0, 0.25), (0.0, 2.5), 0.5, 0.75, 2.25, 1.0), (1, 2, 2, 3, 3, 4, 4, 1, 1, 2, 2, 3, 3, 4, 4, 1, 3, 4, 4, 3), (0.5, 0.0, 0.75, 0.0, 0.75, 0.0, 0.75, 0.0, 0.5, 0.0, 0.75, 0.0, 0.75, 0.0, 0.75, 0.0, 0.5, 0.0, 0.75, 0.0)):
('K.238 KernScores', 'P2', 1, (139, 159), (31,), (1.5,), (35,), (3.0,))
('K.238 KernScores', 'P2', 1, (161, 181), (37,), (1.5,), (41,), (3.0,))

3.    (((6, 1), (6, 1), (6, 2), (6, -3), (6, 1), (6, 1), (6, 2), 4, -3, -3, -2), ((0.0, 0.25), (0.0, 0.75), (0.0, 0.25), (0.0, 0.75), (0.0, 0.25), (0.0, 0.75), (0.0, 0.25), 1.0, 1.75, 0.25, 1.0), (3, 4, 4, 1, 1, 2, 2, 3, 4, 1, 2), (0.75, 0.0, 0.75, 0.0, 0.75, 0.0, 0.75, 0.0, 0.0, 0.75, 0.0)):
('K.238 KernScores', 'P1', 1, (66, 77), (13,), (3.75,), (15,), (2.0,))
('K.238 KernScores', 'P1', 1, (78, 89), (15,), (3.75,), (17,), (2.0,))

4.    (((3, 1), (3, 2), (3, 2), (3, -2), (3, -2), (3, -2), (3, -2), (3, -2), (3, -2), (3, -2), (3, -2)), ((0.0, 0.5), (0.0, 0.75), (0.0, 0.25), (0.0, 0.75), (0.0, 0.25), (0.0, 0.75), (0.0, 0.25), (0.0, 0.75), (0.0, 0.25), (0.0, 0.75), (0.0, 0.25)), (3, 4, 4, 1, 1, 2, 2, 3, 3, 4, 4), (0.5, 0.0, 0.75, 0.0, 0.75, 0.0, 0.75, 0.0, 0.75, 0.0, 0.75)):
('K.238 KernScores', 'P2', 1, (94, 105), (21,), (3.5,), (22,), (4.75,))
('K.238 KernScores', 'P2', 1, (106, 117), (23,), (3.5,), (24,), (4.75,))

5.    ((-8, 5, -2, -2, -2, -2, -2, 2), (0.33, 0.33, 0.33, 0.33, 0.33, 0.33, 1.0, 1.0), (3, 3, 3, 4, 4, 4, 1, 2), (0.0, 0.33, 0.67, 0.0, 0.33, 0.67, 0.0, 0.0)):
('K.238 KernScores', 'P1', 1, (97, 105), (18,), (3.0,), (19,), (2.0,))
('K.238 KernScores', 'P1', 1, (105, 113), (19,), (3.0,), (20,), (2.0,))

6.    ((4, 2, 2, 1, -2, -2, -4), (0.5, 0.75, 0.25, 0.75, 0.25, 0.75, 0.25), (1, 2, 2, 3, 3, 4, 4), (0.5, 0.0, 0.75, 0.0, 0.75, 0.0, 0.75)):
('K.238 KernScores', 'P1', 1, (1, 8), (1,), (1.5,), (1,), (4.75,))
('K.238 KernScores', 'P2', 1, (1, 8), (2,), (1.5,), (2,), (4.75,))

7.    (((6, 1), (6, 1), (6, 2), (6, 2), (6, 1), (6, 1)), ((0.0, 0.25), (0.0, 0.75), (0.0, 0.25), (0.0, 0.75), (0.0, 0.25), (0.0, 0.75)), (3, 4, 4, 1, 1, 2), (0.75, 0.0, 0.75, 0.0, 0.75, 0.0)):
('K.238 KernScores', 'P1', 1, (90, 96), (17,), (3.75,), (18,), (2.0,))
('K.238 KernScores', 'P2', 1, (39, 45), (8,), (3.75,), (9,), (2.0,))
('K.238 KernScores', 'P2', 1, (47, 53), (9,), (3.75,), (10,), (2.0,))
('K.238 KernScores', 'P2', 1, (55, 61), (10,), (3.75,), (11,), (2.0,))

8.    (((6, 1), (6, 2), (6, -3), (6, 1), (6, 1)), ((0.0, 0.75), (0.0, 0.25), (0.0, 0.75), (0.0, 0.25), (0.0, 0.75)), (4, 4, 1, 1, 2), (0.0, 0.75, 0.0, 0.75, 0.0)):
('K.238 KernScores', 'P1', 1, (67, 72), (13,), (4.0,), (14,), (2.0,))
('K.238 KernScores', 'P1', 1, (79, 84), (15,), (4.0,), (16,), (2.0,))
('K.238 KernScores', 'P2', 1, (72, 77), (14,), (4.0,), (15,), (2.0,))

9.    (((6, -3), (6, 1), (6, 1), (6, -2)), ((0.0, 0.75), (0.0, 0.25), (0.0, 0.75), (0.0, 0.25)), (1, 1, 2, 2), (0.0, 0.75, 0.0, 0.75)):
('K.238 KernScores', 'P2', 1, (74, 78), (15,), (1.0,), (15,), (2.75,))
('K.238 KernScores', 'P2', 2, (0, 4), (17,), (1.0,), (17,), (2.75,))

10.    (((6, 1), (6, 1), (6, 2)), ((0.0, 0.5), (0.0, 0.75), (0.0, 0.25)), (1, 2, 2), (0.5, 0.0, 0.75)):
('K.238 KernScores', 'P1', 1, (168, 171), (32,), (1.5,), (32,), (2.75,))
('K.238 KernScores', 'P1', 1, (208, 211), (38,), (1.5,), (38,), (2.75,))
('K.238 KernScores', 'P2', 1, (139, 142), (31,), (1.5,), (31,), (2.75,))
('K.238 KernScores', 'P2', 1, (147, 150), (33,), (1.5,), (33,), (2.75,))
('K.238 KernScores', 'P2', 1, (161, 164), (37,), (1.5,), (37,), (2.75,))
('K.238 KernScores', 'P2', 1, (169, 172), (39,), (1.5,), (39,), (2.75,))

11.    (((3, 1), (3, -2), (3, 1)), ((0.0, 0.25), (0.0, 0.75), (0.0, 0.25)), (2, 3, 3), (0.75, 0.0, 0.75)):
('K.238 KernScores', 'P1', 1, (133, 136), (26,), (2.75,), (26,), (3.75,))
('K.238 KernScores', 'P1', 1, (141, 144), (27,), (2.75,), (27,), (3.75,))
('K.238 KernScores', 'P1', 1, (149, 152), (28,), (2.75,), (28,), (3.75,))
('K.238 KernScores', 'P1', 2, (17, 20), (29,), (2.75,), (29,), (3.75,))

12.    (((6, -3), (6, 1), (6, 1)), ((0.0, 0.75), (0.0, 0.25), (0.0, 0.75)), (1, 1, 2), (0.0, 0.75, 0.0)):
('K.238 KernScores', 'P1', 1, (69, 72), (14,), (1.0,), (14,), (2.0,))
('K.238 KernScores', 'P1', 1, (81, 84), (16,), (1.0,), (16,), (2.0,))
('K.238 KernScores', 'P2', 1, (74, 77), (15,), (1.0,), (15,), (2.0,))
('K.238 KernScores', 'P2', 2, (0, 3), (17,), (1.0,), (17,), (2.0,))

13.    ((-2, -2, -2), (0.33, 0.33, 0.33), (2, 2, 2), (0.0, 0.33, 0.67)):
('K.238 KernScores', 'P1', 1, (190, 193), (35,), (2.0,), (35,), (2.67,))
('K.238 KernScores', 'P1', 1, (230, 233), (41,), (2.0,), (41,), (2.67,))
('K.238 KernScores', 'P1', 2, (29, 32), (43,), (2.0,), (43,), (2.67,))

14.    ((2, 2, -2), (0.75, 0.12, 0.12), (3, 3, 3), (0.0, 0.75, 0.88)):
('K.238 KernScores', 'P1', 1, (46, 49), (9,), (3.0,), (9,), (3.88,))
('K.238 KernScores', 'P1', 1, (50, 53), (10,), (3.0,), (10,), (3.88,))

15.    (((3, 1), (3, 2), (3, 2)), ((0.0, 0.25), (0.0, 0.75), (0.0, 0.25)), (1, 2, 2), (0.75, 0.0, 0.75)):
('K.238 KernScores', 'P1', 1, (114, 117), (21,), (1.75,), (21,), (2.75,))
('K.238 KernScores', 'P1', 1, (122, 125), (23,), (1.75,), (23,), (2.75,))

16.    ((-2, -2, 2), (0.25, 0.75, 0.25), (3, 4, 4), (0.75, 0.0, 0.75)):
('K.238 KernScores', 'P1', 1, (22, 25), (4,), (3.75,), (4,), (4.75,))
('K.238 KernScores', 'P1', 2, (23, 26), (42,), (3.75,), (42,), (4.75,))

17.    ((-5, (3, 2), (3, 2)), (0.5, (0.0, 0.75), (0.0, 0.25)), (3, 4, 4), (0.5, 0.0, 0.75)):
('K.238 KernScores', 'P2', 1, (22, 25), (5,), (3.5,), (5,), (4.75,))
('K.238 KernScores', 'P2', 1, (32, 35), (7,), (3.5,), (7,), (4.75,))

18.    ((2, 2, -8), (1.0, 1.0, 1.0), (1, 2, 3), (0.0, 0.0, 0.0)):
('K.238 KernScores', 'P2', 1, (134, 137), (29,), (1.0,), (29,), (3.0,))
('K.238 KernScores', 'P2', 2, (15, 18), (43,), (1.0,), (43,), (3.0,))

19.    ((-2, -2), (0.25, 0.75), (3, 4), (0.75, 0.0)):
('K.238 KernScores', 'P1', 1, (5, 7), (1,), (3.75,), (1,), (4.0,))
('K.238 KernScores', 'P1', 1, (14, 16), (3,), (3.75,), (3,), (4.0,))
('K.238 KernScores', 'P1', 1, (22, 24), (4,), (3.75,), (4,), (4.0,))
('K.238 KernScores', 'P1', 2, (11, 13), (25,), (3.75,), (25,), (4.0,))
('K.238 KernScores', 'P1', 2, (23, 25), (42,), (3.75,), (42,), (4.0,))
('K.238 KernScores', 'P2', 1, (5, 7), (2,), (3.75,), (2,), (4.0,))
('K.238 KernScores', 'P2', 1, (10, 12), (3,), (3.75,), (3,), (4.0,))
('K.238 KernScores', 'P2', 1, (18, 20), (4,), (3.75,), (4,), (4.0,))

20.    (((3, 2), (3, 2)), ((0.0, 0.75), (0.0, 0.25)), (4, 4), (0.0, 0.75)):
('K.238 KernScores', 'P1', 1, (119, 121), (22,), (4.0,), (22,), (4.75,))
('K.238 KernScores', 'P2', 1, (23, 25), (5,), (4.0,), (5,), (4.75,))
('K.238 KernScores', 'P2', 1, (33, 35), (7,), (4.0,), (7,), (4.75,))
('K.238 KernScores', 'P2', 1, (95, 97), (21,), (4.0,), (21,), (4.75,))
('K.238 KernScores', 'P2', 1, (107, 109), (23,), (4.0,), (23,), (4.75,))

21.    (((3, 2), (3, 2)), ((0.0, 0.75), (0.0, 0.25)), (2, 2), (0.0, 0.75)):
('K.238 KernScores', 'P1', 1, (39, 41), (7,), (2.0,), (7,), (2.75,))
('K.238 KernScores', 'P1', 1, (115, 117), (21,), (2.0,), (21,), (2.75,))
('K.238 KernScores', 'P1', 1, (123, 125), (23,), (2.0,), (23,), (2.75,))
('K.238 KernScores', 'P2', 1, (119, 121), (25,), (2.0,), (25,), (2.75,))

22.    ((-2, -2), (0.33, 0.33), (4, 4), (0.0, 0.33)):
('K.238 KernScores', 'P1', 1, (100, 102), (18,), (4.0,), (18,), (4.33,))
('K.238 KernScores', 'P1', 1, (108, 110), (19,), (4.0,), (19,), (4.33,))
('K.238 KernScores', 'P1', 2, (35, 37), (43,), (4.0,), (43,), (4.33,))

23.    (((3, -2), (3, 1)), ((0.0, 0.75), (0.0, 0.25)), (1, 1), (0.0, 0.75)):
('K.238 KernScores', 'P1', 1, (138, 140), (27,), (1.0,), (27,), (1.75,))
('K.238 KernScores', 'P1', 1, (146, 148), (28,), (1.0,), (28,), (1.75,))
('K.238 KernScores', 'P1', 2, (14, 16), (29,), (1.0,), (29,), (1.75,))

24.    ((-2, -2), (0.25, 0.75), (1, 2), (0.75, 0.0)):
('K.238 KernScores', 'P1', 1, (18, 20), (4,), (1.75,), (4,), (2.0,))
('K.238 KernScores', 'P1', 1, (42, 44), (8,), (1.75,), (8,), (2.0,))
('K.238 KernScores', 'P2', 1, (14, 16), (4,), (1.75,), (4,), (2.0,))

25.    ((1, 1), (0.5, 0.75), (3, 4), (0.5, 0.0)):
('K.238 KernScores', 'P1', 1, (54, 56), (11,), (3.5,), (11,), (4.0,))
('K.238 KernScores', 'P2', 1, (155, 157), (34,), (3.5,), (34,), (4.0,))
('K.238 KernScores', 'P2', 1, (177, 179), (40,), (3.5,), (40,), (4.0,))

26.    ((-3, 2), (0.25, 0.75), (1, 2), (0.75, 0.0)):
('K.238 KernScores', 'P1', 1, (10, 12), (3,), (1.75,), (3,), (2.0,))
('K.238 KernScores', 'P1', 1, (26, 28), (5,), (1.75,), (5,), (2.0,))

27.    ((-2, 2), (1.0, 1.0), (4, 1), (0.0, 0.0)):
('K.238 KernScores', 'P2', 1, (63, 65), (11,), (4.0,), (12,), (1.0,))
('K.238 KernScores', 'P2', 1, (67, 69), (12,), (4.0,), (13,), (1.0,))

28.    (((6, 1), (6, 1)), ((0.0, 0.5), (0.0, 0.75)), (3, 4), (0.5, 0.0)):
('K.238 KernScores', 'P2', 1, (71, 73), (14,), (3.5,), (14,), (4.0,))
('K.238 KernScores', 'P2', 1, (79, 81), (16,), (3.5,), (16,), (4.0,))

29.    ((1, 2), (1.0, 1.0), (3, 4), (0.0, 0.0)):
('K.238 KernScores', 'P2', 1, (124, 126), (26,), (3.0,), (26,), (4.0,))
('K.238 KernScores', 'P2', 1, (132, 134), (28,), (3.0,), (28,), (4.0,))

30.    (((6, 2), (6, 2)), ((0.0, 1.0), (0.0, 1.0)), (1, 2), (0.0, 0.0)):
('K.238 KernScores', 'P2', 2, (9, 11), (35,), (1.0,), (35,), (2.0,))
('K.238 KernScores', 'P2', 2, (12, 14), (41,), (1.0,), (41,), (2.0,))

31.    ((-2,), (1.0,), (4,), (0.0,)):
('K.238 KernScores', 'P1', 1, (166, 167), (31,), (4.0,), (31,), (4.0,))
('K.238 KernScores', 'P1', 1, (178, 179), (33,), (4.0,), (33,), (4.0,))
('K.238 KernScores', 'P1', 1, (206, 207), (37,), (4.0,), (37,), (4.0,))
('K.238 KernScores', 'P1', 1, (218, 219), (39,), (4.0,), (39,), (4.0,))
('K.238 KernScores', 'P2', 1, (63, 64), (11,), (4.0,), (11,), (4.0,))
('K.238 KernScores', 'P2', 1, (67, 68), (12,), (4.0,), (12,), (4.0,))
('K.238 KernScores', 'P2', 1, (137, 138), (29,), (4.0,), (29,), (4.0,))

32.    (((3, -2),), ((0.0, 0.75),), (3,), (0.0,)):
('K.238 KernScores', 'P1', 1, (134, 135), (26,), (3.0,), (26,), (3.0,))
('K.238 KernScores', 'P1', 1, (142, 143), (27,), (3.0,), (27,), (3.0,))
('K.238 KernScores', 'P1', 1, (150, 151), (28,), (3.0,), (28,), (3.0,))
('K.238 KernScores', 'P1', 2, (18, 19), (29,), (3.0,), (29,), (3.0,))
('K.238 KernScores', 'P2', 1, (101, 102), (22,), (3.0,), (22,), (3.0,))
('K.238 KernScores', 'P2', 1, (113, 114), (24,), (3.0,), (24,), (3.0,))

33.    (((3, -2),), ((0.0, 0.75),), (1,), (0.0,)):
('K.238 KernScores', 'P1', 1, (138, 139), (27,), (1.0,), (27,), (1.0,))
('K.238 KernScores', 'P1', 1, (146, 147), (28,), (1.0,), (28,), (1.0,))
('K.238 KernScores', 'P1', 2, (14, 15), (29,), (1.0,), (29,), (1.0,))
('K.238 KernScores', 'P2', 1, (97, 98), (22,), (1.0,), (22,), (1.0,))
('K.238 KernScores', 'P2', 1, (109, 110), (24,), (1.0,), (24,), (1.0,))
('K.238 KernScores', 'P2', 1, (117, 118), (25,), (1.0,), (25,), (1.0,))

34.    ((-2,), (1.0,), (3,), (0.0,)):
('K.238 KernScores', 'P1', 1, (59, 60), (12,), (3.0,), (12,), (3.0,))
('K.238 KernScores', 'P1', 1, (193, 194), (35,), (3.0,), (35,), (3.0,))
('K.238 KernScores', 'P1', 1, (233, 234), (41,), (3.0,), (41,), (3.0,))
('K.238 KernScores', 'P1', 1, (238, 239), (43,), (3.0,), (43,), (3.0,))
('K.238 KernScores', 'P2', 1, (158, 159), (35,), (3.0,), (35,), (3.0,))
('K.238 KernScores', 'P2', 1, (180, 181), (41,), (3.0,), (41,), (3.0,))

35.    ((2,), (1.0,), (4,), (0.0,)):
('K.238 KernScores', 'P1', 1, (194, 195), (35,), (4.0,), (35,), (4.0,))
('K.238 KernScores', 'P1', 1, (236, 237), (42,), (4.0,), (42,), (4.0,))
('K.238 KernScores', 'P2', 1, (89, 90), (19,), (4.0,), (19,), (4.0,))
('K.238 KernScores', 'P2', 1, (125, 126), (26,), (4.0,), (26,), (4.0,))
('K.238 KernScores', 'P2', 1, (129, 130), (27,), (4.0,), (27,), (4.0,))
('K.238 KernScores', 'P2', 1, (133, 134), (28,), (4.0,), (28,), (4.0,))

36.    ((2,), (1.0,), (2,), (0.0,)):
('K.238 KernScores', 'P1', 1, (104, 105), (19,), (2.0,), (19,), (2.0,))
('K.238 KernScores', 'P1', 1, (112, 113), (20,), (2.0,), (20,), (2.0,))
('K.238 KernScores', 'P2', 1, (127, 128), (27,), (2.0,), (27,), (2.0,))
('K.238 KernScores', 'P2', 1, (131, 132), (28,), (2.0,), (28,), (2.0,))
('K.238 KernScores', 'P2', 1, (135, 136), (29,), (2.0,), (29,), (2.0,))
('K.238 KernScores', 'P2', 2, (16, 17), (43,), (2.0,), (43,), (2.0,))

37.    ((-2,), (0.75,), (2,), (0.0,)):
('K.238 KernScores', 'P1', 1, (19, 20), (4,), (2.0,), (4,), (2.0,))
('K.238 KernScores', 'P1', 1, (43, 44), (8,), (2.0,), (8,), (2.0,))
('K.238 KernScores', 'P1', 1, (62, 63), (13,), (2.0,), (13,), (2.0,))
('K.238 KernScores', 'P1', 2, (2, 3), (12,), (2.0,), (12,), (2.0,))
('K.238 KernScores', 'P2', 1, (15, 16), (4,), (2.0,), (4,), (2.0,))

38.    (((6, 2),), ((0.0, 0.25),), (2,), (0.75,)):
('K.238 KernScores', 'P1', 1, (72, 73), (14,), (2.75,), (14,), (2.75,))
('K.238 KernScores', 'P1', 1, (84, 85), (16,), (2.75,), (16,), (2.75,))
('K.238 KernScores', 'P2', 1, (45, 46), (9,), (2.75,), (9,), (2.75,))
('K.238 KernScores', 'P2', 1, (53, 54), (10,), (2.75,), (10,), (2.75,))
('K.238 KernScores', 'P2', 1, (61, 62), (11,), (2.75,), (11,), (2.75,))

39.    ((2,), (1.0,), (1,), (0.0,)):
('K.238 KernScores', 'P1', 1, (61, 62), (13,), (1.0,), (13,), (1.0,))
('K.238 KernScores', 'P2', 1, (64, 65), (12,), (1.0,), (12,), (1.0,))
('K.238 KernScores', 'P2', 1, (68, 69), (13,), (1.0,), (13,), (1.0,))
('K.238 KernScores', 'P2', 1, (134, 135), (29,), (1.0,), (29,), (1.0,))
('K.238 KernScores', 'P2', 2, (15, 16), (43,), (1.0,), (43,), (1.0,))

40.    ((-2,), (1.0,), (1,), (0.0,)):
('K.238 KernScores', 'P1', 1, (57, 58), (12,), (1.0,), (12,), (1.0,))
('K.238 KernScores', 'P1', 1, (103, 104), (19,), (1.0,), (19,), (1.0,))
('K.238 KernScores', 'P1', 1, (111, 112), (20,), (1.0,), (20,), (1.0,))
('K.238 KernScores', 'P2', 2, (5, 6), (18,), (1.0,), (18,), (1.0,))
('K.238 KernScores', 'P2', 2, (7, 8), (19,), (1.0,), (19,), (1.0,))

41.    ((1,), (0.25,), (1,), (0.75,)):
('K.238 KernScores', 'P1', 1, (30, 31), (6,), (1.75,), (6,), (1.75,))
('K.238 KernScores', 'P1', 1, (180, 181), (34,), (1.75,), (34,), (1.75,))
('K.238 KernScores', 'P1', 1, (220, 221), (40,), (1.75,), (40,), (1.75,))
('K.238 KernScores', 'P1', 2, (1, 2), (12,), (1.75,), (12,), (1.75,))

42.    ((-2,), (0.25,), (1,), (0.75,)):
('K.238 KernScores', 'P1', 1, (18, 19), (4,), (1.75,), (4,), (1.75,))
('K.238 KernScores', 'P1', 1, (42, 43), (8,), (1.75,), (8,), (1.75,))
('K.238 KernScores', 'P1', 2, (9, 10), (25,), (1.75,), (25,), (1.75,))
('K.238 KernScores', 'P2', 1, (14, 15), (4,), (1.75,), (4,), (1.75,))

43.    ((-2,), (1.0,), (2,), (0.0,)):
('K.238 KernScores', 'P1', 1, (58, 59), (12,), (2.0,), (12,), (2.0,))
('K.238 KernScores', 'P1', 1, (76, 77), (15,), (2.0,), (15,), (2.0,))
('K.238 KernScores', 'P1', 1, (88, 89), (17,), (2.0,), (17,), (2.0,))
('K.238 KernScores', 'P2', 1, (69, 70), (13,), (2.0,), (13,), (2.0,))

44.    (((3, -2),), ((0.0, 0.75),), (2,), (0.0,)):
('K.238 KernScores', 'P1', 2, (16, 17), (29,), (2.0,), (29,), (2.0,))
('K.238 KernScores', 'P2', 1, (26, 27), (6,), (2.0,), (6,), (2.0,))
('K.238 KernScores', 'P2', 1, (99, 100), (22,), (2.0,), (22,), (2.0,))
('K.238 KernScores', 'P2', 1, (111, 112), (24,), (2.0,), (24,), (2.0,))

45.    ((2,), (0.33,), (1,), (0.33,)):
('K.238 KernScores', 'P1', 1, (188, 189), (35,), (1.33,), (35,), (1.33,))
('K.238 KernScores', 'P1', 1, (228, 229), (41,), (1.33,), (41,), (1.33,))
('K.238 KernScores', 'P1', 2, (27, 28), (43,), (1.33,), (43,), (1.33,))

46.    ((-2,), (0.25,), (2,), (0.75,)):
('K.238 KernScores', 'P1', 1, (28, 29), (5,), (2.75,), (5,), (2.75,))
('K.238 KernScores', 'P1', 1, (44, 45), (8,), (2.75,), (8,), (2.75,))
('K.238 KernScores', 'P2', 1, (37, 38), (8,), (2.75,), (8,), (2.75,))

47.    ((6,), (0.75,), (1,), (0.0,)):
('K.238 KernScores', 'P1', 1, (179, 180), (34,), (1.0,), (34,), (1.0,))
('K.238 KernScores', 'P1', 1, (219, 220), (40,), (1.0,), (40,), (1.0,))
('K.238 KernScores', 'P2', 1, (13, 14), (4,), (1.0,), (4,), (1.0,))

48.    ((2,), (0.75,), (4,), (0.0,)):
('K.238 KernScores', 'P1', 1, (35, 36), (6,), (4.0,), (6,), (4.0,))
('K.238 KernScores', 'P1', 1, (127, 128), (24,), (4.0,), (24,), (4.0,))

49.    ((-7,), (1.0,), (4,), (0.0,)):
('K.238 KernScores', 'P1', 1, (129, 130), (25,), (4.0,), (25,), (4.0,))
('K.238 KernScores', 'P1', 1, (239, 240), (43,), (4.0,), (43,), (4.0,))

50.    ((1,), (0.25,), (3,), (0.75,)):
('K.238 KernScores', 'P1', 1, (34, 35), (6,), (3.75,), (6,), (3.75,))
('K.238 KernScores', 'P1', 2, (5, 6), (12,), (3.75,), (12,), (3.75,))

51.    (((8,),), ((0.0,),), (1,), (0.0,)):
('K.238 KernScores', 'P1', 1, (240, 241), (44,), (1.0,), (44,), (1.0,))
('K.238 KernScores', 'P2', 1, (190, 191), (44,), (1.0,), (44,), (1.0,))

52.    ((-2,), (0.75,), (1,), (0.0,)):
('K.238 KernScores', 'P1', 2, (0, 1), (12,), (1.0,), (12,), (1.0,))
('K.238 KernScores', 'P1', 2, (8, 9), (25,), (1.0,), (25,), (1.0,))

53.    ((-5,), (1.0,), (2,), (0.0,)):
('K.238 KernScores', 'P2', 1, (65, 66), (12,), (2.0,), (12,), (2.0,))
('K.238 KernScores', 'P2', 1, (91, 92), (20,), (2.0,), (20,), (2.0,))

54.    (((3, -3),), ((0.0, 1.0),), (3,), (0.0,)):
('K.238 KernScores', 'P2', 1, (88, 89), (19,), (3.0,), (19,), (3.0,))
('K.238 KernScores', 'P2', 1, (121, 122), (25,), (3.0,), (25,), (3.0,))

