1 .    ('nomes', 'K.159 Musescore') 

2 .    ('quantidade', 1) 

3 .    ('analise', 'recorręncias IntDiaDurPcompasso sem contidos e intercalados') 

1 .    (((-3, 2, -2, -2, 1, 2, -2, -2, 1, 2, -2, -2, 1, 6, -3, 2, -2, -2, 1, 2, -2, -2, 1, 2, -2, -2, 1), (1.0, 1.0, 0.0, 1.0, 1.0, 1.0, 0.0, 1.0, 1.0, 1.0, 0.0, 1.0, 1.0, 2.0, 1.0, 1.0, 0.0, 1.0, 1.0, 1.0, 0.0, 1.0, 1.0, 1.0, 0.0, 1.0, 1.0), (1.0, 2.0, 3.0, 3.0, 4.0, 5.0, 6.0, 6.0, 1.0, 2.0, 3.0, 3.0, 4.0, 5.0, 1.0, 2.0, 3.0, 3.0, 4.0, 5.0, 6.0, 6.0, 1.0, 2.0, 3.0, 3.0, 4.0)), [('K.159 Musescore', 'P1', 1, (134, 161), (27, 1.0), (31, 4.0)), ('K.159 Musescore', 'P1', 1, (162, 189), (31, 1.0), (35, 4.0))]) 

2 .    (((8, -7, 3, -2, 6, -7, 3, -2, 6, -7, 3, -4, (3, 2), (3, 2), (3, -2), (3, -2), (3, -2)), (2.0, 2.0, 1.0, 1.0, 2.0, 2.0, 1.0, 1.0, 2.0, 2.0, 1.0, 1.0, (0.0, 1.0), (0.0, 1.0), (0.0, 1.0), (0.0, 1.0), (0.0, 1.0)), (1.0, 3.0, 5.0, 6.0, 1.0, 3.0, 5.0, 6.0, 1.0, 3.0, 5.0, 6.0, 1.0, 2.0, 3.0, 4.0, 5.0)), [('K.159 Musescore', 'P1', 1, (292, 309), (54, 1.0), (57, 5.0)), ('K.159 Musescore', 'P1', 1, (310, 327), (58, 1.0), (61, 5.0))]) 

3 .    (((-6, 2, 2, 4, -4, -5, -4, 11, -4, -5, -4, 11, -4, -5, -4), (2.0, 1.0, 2.0, 1.0, 1.0, 1.0, 1.0, 3.0, 1.0, 1.0, 1.0, 3.0, 1.0, 1.0, 1.0), (3.0, 5.0, 6.0, 2.0, 3.0, 4.0, 5.0, 6.0, 3.0, 4.0, 5.0, 6.0, 3.0, 4.0, 5.0)), [('K.159 Musescore', 'P1', 3, (55, 70), (13, 3.0), (16, 5.0)), ('K.159 Musescore', 'P1', 3, (71, 86), (17, 3.0), (20, 5.0))]) 

4 .    (((4, -4, -5, -4, 11, -4, -5, -4, 11, -4, -5, -4, 11, -6, 2), (1.0, 1.0, 1.0, 1.0, 3.0, 1.0, 1.0, 1.0, 3.0, 1.0, 1.0, 1.0, 3.0, 2.0, 1.0), (6.0, 1.0, 2.0, 3.0, 4.0, 1.0, 2.0, 3.0, 4.0, 1.0, 2.0, 3.0, 4.0, 1.0, 3.0)), [('K.159 Musescore', 'P1', 3, (214, 229), (53, 6.0), (57, 3.0)), ('K.159 Musescore', 'P1', 3, (230, 245), (57, 6.0), (61, 3.0))]) 

5 .    (((2, -2, -2, 1, 2, -2, -2, 1, 2, -2, -2, 1), (1.0, 0.0, 1.0, 1.0, 1.0, 0.0, 1.0, 1.0, 1.0, 0.0, 1.0, 1.0), (2.0, 3.0, 3.0, 4.0, 5.0, 6.0, 6.0, 1.0, 2.0, 3.0, 3.0, 4.0)), [('K.159 Musescore', 'P1', 1, (31, 43), (6, 2.0), (8, 4.0)), ('K.159 Musescore', 'P1', 1, (54, 66), (10, 2.0), (12, 4.0))]) 

6 .    (((-4, (3, 2), (3, 2), (3, -2), (3, -2), (3, -2), (3, 4), 6, -7, 3, -2), (1.0, (0.0, 1.0), (0.0, 1.0), (0.0, 1.0), (0.0, 1.0), (0.0, 1.0), (0.0, 1.0), 2.0, 2.0, 1.0, 1.0), (2.0, 3.0, 4.0, 5.0, 6.0, 1.0, 2.0, 3.0, 5.0, 1.0, 2.0)), [('K.159 Musescore', 'P1', 1, (70, 81), (12, 2.0), (14, 2.0)), ('K.159 Musescore', 'P1', 1, (88, 99), (16, 2.0), (18, 2.0))]) 

7 .    (((-2, -2, 1, -2, -2, 1, 2, 2, -2, 1), (1.0, 1.0, 1.0, 1.0, 1.0, 1.0, 1.0, 1.0, 2.0, 1.0), (1.0, 2.0, 3.0, 4.0, 5.0, 6.0, 1.0, 2.0, 3.0, 5.0)), [('K.159 Musescore', 'P1', 1, (0, 10), (0, 1.0), (2, 5.0)), ('K.159 Musescore', 'P1', 1, (11, 21), (2, 1.0), (4, 5.0))]) 

8 .    (((-2, -2, 1, -2, -2, 1, 2, 2, -2, 1), (1.0, 1.0, 1.0, 1.0, 1.0, 1.0, 1.0, 1.0, 2.0, 1.0), (5.0, 6.0, 1.0, 2.0, 3.0, 4.0, 5.0, 6.0, 1.0, 3.0)), [('K.159 Musescore', 'P1', 1, (240, 250), (44, 5.0), (46, 3.0)), ('K.159 Musescore', 'P1', 1, (251, 261), (46, 5.0), (48, 3.0))]) 

9 .    (((-2, -2, 1, -4, -3, 1, 3, 4, -4, 1), (1.0, 1.0, 1.0, 1.0, 1.0, 1.0, 1.0, 1.0, 2.0, 1.0), (1.0, 2.0, 3.0, 4.0, 5.0, 6.0, 1.0, 2.0, 3.0, 5.0)), [('K.159 Musescore', 'P1', 3, (0, 10), (0, 1.0), (2, 5.0)), ('K.159 Musescore', 'P1', 3, (11, 21), (2, 1.0), (4, 5.0))]) 

10 .    (((-2, -2, 1, -4, -3, 1, 3, 4, -4, 1), (1.0, 1.0, 1.0, 1.0, 1.0, 1.0, 1.0, 1.0, 2.0, 1.0), (5.0, 6.0, 1.0, 2.0, 3.0, 4.0, 5.0, 6.0, 1.0, 3.0)), [('K.159 Musescore', 'P1', 3, (171, 181), (44, 5.0), (46, 3.0)), ('K.159 Musescore', 'P1', 3, (182, 192), (46, 5.0), (48, 3.0))]) 

11 .    (((2, -2, -2, 1, 2, -2, -2), (1.0, 0.0, 1.0, 1.0, 1.0, 0.0, 1.0), (6.0, 1.0, 1.0, 2.0, 3.0, 4.0, 4.0)), [('K.159 Musescore', 'P1', 1, (271, 278), (50, 6.0), (51, 4.0)), ('K.159 Musescore', 'P1', 1, (279, 286), (51, 6.0), (52, 4.0))]) 

12 .    (((-3, 6, -7, 6, -7, 6, -7), (1.0, 2.0, 1.0, 2.0, 1.0, 2.0, 1.0), (5.0, 6.0, 2.0, 3.0, 5.0, 6.0, 2.0)), [('K.159 Musescore', 'P1', 3, (36, 43), (8, 5.0), (9, 2.0)), ('K.159 Musescore', 'P1', 3, (44, 51), (10, 5.0), (11, 2.0))]) 

13 .    ((((3, 3, 1), (3, 3, -2), (3, 3, 2, 1), (3, 3, 2, 2), (4, 3, 1), (4, 3, -4), (5, 4, 1)), ((0.0, 0.0, 2.0), (0.0, 0.0, 1.0), (0.0, 0.0, 0.0, 2.0), (0.0, 0.0, 0.0, 1.0), (0.0, 0.0, 2.0), (0.0, 0.0, 1.0), (0.0, 0.0, 2.0)), (6.0, 2.0, 3.0, 5.0, 6.0, 2.0, 3.0)), [('K.159 Musescore', 'P1', 3, (123, 130), (31, 6.0), (33, 3.0)), ('K.159 Musescore', 'P1', 3, (131, 138), (33, 6.0), (35, 3.0))]) 

14 .    ((((3, -2), (3, -2), (3, 4), (3, -2), (3, -2), (3, 2)), ((0.0, 1.0), (0.0, 1.0), (0.0, 1.0), (0.0, 1.0), (0.0, 1.0), (0.0, 1.0)), (6.0, 1.0, 2.0, 3.0, 4.0, 5.0)), [('K.159 Musescore', 'P1', 1, (110, 116), (21, 6.0), (22, 5.0)), ('K.159 Musescore', 'P1', 1, (122, 128), (23, 6.0), (24, 5.0))]) 

15 .    (((1, 1, 3, -2, -3, 1), (1.0, 1.0, 1.0, 1.0, 2.0, 1.0), (1.0, 2.0, 3.0, 4.0, 5.0, 1.0)), [('K.159 Musescore', 'P1', 1, (190, 196), (35, 1.0), (36, 1.0)), ('K.159 Musescore', 'P1', 1, (200, 206), (37, 1.0), (38, 1.0))]) 

16 .    ((((4, 1), (3, 1), (3, 1), (2, -2), (3, 2), 1), ((0.0, 1.0), (0.0, 2.0), (0.0, 1.0), (0.0, 2.0), (0.0, 1.0), 2.0), (2.0, 3.0, 5.0, 6.0, 2.0, 3.0)), [('K.159 Musescore', 'P1', 3, (108, 114), (27, 2.0), (29, 3.0)), ('K.159 Musescore', 'P1', 3, (116, 122), (29, 2.0), (31, 3.0))]) 

17 .    ((((3, 3, -2), (3, 4, 1), (3, 4, -2), (3, 4, 1), (3, 4, -2), (5, 4, 1)), ((0.0, 0.0, 1.0), (0.0, 0.0, 2.0), (0.0, 0.0, 1.0), (0.0, 0.0, 2.0), (0.0, 0.0, 1.0), (0.0, 0.0, 2.0)), (6.0, 1.0, 3.0, 4.0, 6.0, 1.0)), [('K.159 Musescore', 'P1', 3, (193, 199), (48, 6.0), (50, 1.0)), ('K.159 Musescore', 'P1', 3, (201, 207), (50, 6.0), (52, 1.0))]) 

18 .    ((((3, -2), (3, -2), (3, 4), (3, -2), (3, -2)), ((0.0, 1.0), (0.0, 1.0), (0.0, 1.0), (0.0, 1.0), (0.0, 1.0)), (4.0, 5.0, 6.0, 1.0, 2.0)), [('K.159 Musescore', 'P1', 1, (331, 336), (62, 4.0), (63, 2.0)), ('K.159 Musescore', 'P1', 1, (337, 342), (63, 4.0), (64, 2.0))]) 

19 .    (((2, -3, 4, -3, 2), (2.0, 1.0, 2.0, 1.0, 2.0), (6.0, 2.0, 3.0, 5.0, 6.0)), [('K.159 Musescore', 'P1', 3, (89, 94), (21, 6.0), (22, 6.0)), ('K.159 Musescore', 'P1', 3, (97, 102), (23, 6.0), (24, 6.0))]) 

20 .    (((-2, 1, -2, 1, -2), (1.0, 2.0, 1.0, 2.0, 1.0), (2.0, 3.0, 5.0, 6.0, 2.0)), [('K.159 Musescore', 'P1', 3, (22, 27), (4, 2.0), (5, 2.0)), ('K.159 Musescore', 'P1', 3, (30, 35), (6, 2.0), (7, 2.0))]) 

21 .    (((-2, 2, -2, 2, -2), (4.0, 2.0, 4.0, 2.0, 4.0), (3.0, 1.0, 3.0, 1.0, 3.0)), [('K.159 Musescore', 'P1', 2, (0, 5), (14, 3.0), (16, 3.0)), ('K.159 Musescore', 'P1', 2, (6, 11), (18, 3.0), (20, 3.0))]) 

22 .    (((2, -2, -2, -2, 2), (1.0, 1.0, 1.0, 1.0, 1.0), (3.0, 4.0, 5.0, 6.0, 1.0)), [('K.159 Musescore', 'P1', 2, (14, 19), (41, 3.0), (41, 1.0)), ('K.159 Musescore', 'P1', 2, (20, 25), (42, 3.0), (42, 1.0))]) 

23 .    (((-2, 2, -2, 2, -2), (4.0, 2.0, 4.0, 2.0, 4.0), (1.0, 5.0, 1.0, 5.0, 1.0)), [('K.159 Musescore', 'P1', 2, (29, 34), (54, 1.0), (56, 1.0)), ('K.159 Musescore', 'P1', 2, (35, 40), (58, 1.0), (60, 1.0))]) 

24 .    (((-3, 4, -3, 2), (1.0, 2.0, 1.0, 2.0), (6.0, 1.0, 3.0, 4.0)), [('K.159 Musescore', 'P1', 3, (246, 250), (61, 6.0), (62, 4.0)), ('K.159 Musescore', 'P1', 3, (254, 258), (63, 6.0), (64, 4.0))]) 

25 .    (((-3, 1, -2), (1.0, 1.0, 2.0), (1.0, 2.0, 3.0)), [('K.159 Musescore', 'P1', 1, (22, 25), (4, 1.0), (5, 3.0)), ('K.159 Musescore', 'P1', 1, (49, 52), (9, 1.0), (10, 3.0))]) 

26 .    ((((3, 1), (3, 2), (3, 1)), ((0.0, 2.0), (0.0, 1.0), (0.0, 2.0)), (6.0, 2.0, 3.0)), [('K.159 Musescore', 'P1', 3, (143, 146), (36, 6.0), (37, 3.0)), ('K.159 Musescore', 'P1', 3, (147, 150), (37, 6.0), (38, 3.0))]) 

27 .    ((((3, 4, 1), (3, 4, -2), (4, 2, 4, 1)), ((0.0, 0.0, 2.0), (0.0, 0.0, 1.0), (0.0, 0.0, 0.0, 2.0)), (6.0, 2.0, 3.0)), [('K.159 Musescore', 'P1', 3, (159, 162), (40, 6.0), (41, 3.0)), ('K.159 Musescore', 'P1', 3, (163, 166), (41, 6.0), (42, 3.0))]) 

28 .    (((3, -2), (1.0, 1.0), (1.0, 2.0)), [('K.159 Musescore', 'P1', 1, (83, 85), (15, 1.0), (15, 2.0)), ('K.159 Musescore', 'P1', 1, (101, 103), (19, 1.0), (19, 2.0))]) 

29 .    ((((3, 4, 1), (3, 4, -2)), ((0.0, 0.0, 2.0), (0.0, 0.0, 1.0)), (6.0, 2.0)), [('K.159 Musescore', 'P1', 3, (155, 157), (39, 6.0), (39, 2.0)), ('K.159 Musescore', 'P1', 3, (167, 169), (42, 6.0), (42, 2.0))]) 

30 .    (((1, -2), (1.0, 2.0), (6.0, 1.0)), [('K.159 Musescore', 'P1', 1, (263, 265), (48, 6.0), (49, 1.0)), ('K.159 Musescore', 'P1', 1, (267, 269), (49, 6.0), (50, 1.0))]) 

31 .    (((-2,), (1.0,), (6.0,)), [('K.159 Musescore', 'P1', 1, (68, 69), (12, 6.0), (12, 6.0)), ('K.159 Musescore', 'P1', 1, (216, 217), (40, 6.0), (40, 6.0)), ('K.159 Musescore', 'P1', 1, (287, 288), (52, 6.0), (52, 6.0))]) 

32 .    (((2,), (1.0,), (2.0,)), [('K.159 Musescore', 'P1', 1, (45, 46), (8, 2.0), (8, 2.0)), ('K.159 Musescore', 'P1', 1, (130, 131), (24, 2.0), (24, 2.0))]) 

33 .    (((-2,), (1.0,), (2.0,)), [('K.159 Musescore', 'P1', 1, (212, 213), (39, 2.0), (39, 2.0)), ('K.159 Musescore', 'P1', 3, (211, 212), (53, 2.0), (53, 2.0))]) 

34 .    (((-2,), (1.0,), (5.0,)), [('K.159 Musescore', 'P1', 1, (209, 210), (39, 5.0), (39, 5.0)), ('K.159 Musescore', 'P1', 1, (344, 345), (64, 5.0), (64, 5.0))]) 

35 .    ((((3, -2),), ((0.0, 1.0),), (1.0,)), [('K.159 Musescore', 'P1', 1, (117, 118), (22, 1.0), (22, 1.0)), ('K.159 Musescore', 'P1', 1, (328, 329), (62, 1.0), (62, 1.0))]) 

36 .    (((-2,), (2.0,), (3.0,)), [('K.159 Musescore', 'P1', 1, (28, 29), (6, 3.0), (6, 3.0)), ('K.159 Musescore', 'P1', 1, (47, 48), (9, 3.0), (9, 3.0))]) 

37 .    (((3,), (1.0,), (3.0,)), [('K.159 Musescore', 'P1', 1, (197, 198), (37, 3.0), (37, 3.0)), ('K.159 Musescore', 'P1', 1, (207, 208), (39, 3.0), (39, 3.0))]) 

38 .    (((2,), (1.0,), (4.0,)), [('K.159 Musescore', 'P1', 1, (214, 215), (40, 4.0), (40, 4.0)), ('K.159 Musescore', 'P1', 2, (26, 27), (53, 4.0), (53, 4.0))]) 

39 .    (((-2,), (3.0,), (3.0,)), [('K.159 Musescore', 'P1', 1, (219, 220), (41, 3.0), (41, 3.0)), ('K.159 Musescore', 'P1', 1, (221, 222), (42, 3.0), (42, 3.0))]) 

40 .    ((((3, 3, 1),), ((0.0, 0.0, 2.0),), (3.0,)), [('K.159 Musescore', 'P1', 3, (141, 142), (36, 3.0), (36, 3.0)), ('K.159 Musescore', 'P1', 3, (153, 154), (39, 3.0), (39, 3.0))]) 

