1.    nomes:
K.23 Musicalion

2.    quantidade:
1

3.    analise:
[('intDia', 'p1p2'), ('duracao', 'p1p2'), ('Ptempo', 'p1p2')] SemContInte Distancia: 0

1.    ((-2, -2, 2, 1, -2, 2, 2, 1, -2, -2, 2, 1, -2, 2, 2, 1, -2, -2, 2, 1, -2, 2, 2, 1, -2, -2, 2, 1, 2, 2, -3, 1, 2, 2, -2, 1, 2, 2, -4, 1, 2, 2, -2, 1, 2, 2, -4, 1, 2, 2, -2, 1, 2, 2, -7, 1, 2, 2, -2, 1, 2, 2, -4, 1, 2, 2, -2, 1, 2, 2, -4, 1, 2, 2, -2, 1, 2, 2, -7, 1, 2, 2, -2, 2, -2, -2, -2, 7, -2, -2, -2), (0.25, 0.25, 0.25, 0.25, 0.25, 0.25, 0.25, 0.25, 0.25, 0.25, 0.25, 0.25, 0.25, 0.25, 0.25, 0.25, 0.25, 0.25, 0.25, 0.25, 0.25, 0.25, 0.25, 0.25, 0.25, 0.25, 0.25, 0.25, 0.25, 0.25, 0.25, 0.25, 0.25, 0.25, 0.25, 0.25, 0.25, 0.25, 0.25, 0.25, 0.25, 0.25, 0.25, 0.25, 0.25, 0.25, 0.25, 0.25, 0.25, 0.25, 0.25, 0.25, 0.25, 0.25, 0.25, 0.25, 0.25, 0.25, 0.25, 0.25, 0.25, 0.25, 0.25, 0.25, 0.25, 0.25, 0.25, 0.25, 0.25, 0.25, 0.25, 0.25, 0.25, 0.25, 0.25, 0.25, 0.25, 0.25, 0.25, 0.25, 0.25, 0.25, 0.25, 0.25, 0.25, 0.25, 0.25, 0.25, 0.25, 0.25, 0.25), (0.25, 0.5, 0.75, 0.0, 0.25, 0.5, 0.75, 0.0, 0.25, 0.5, 0.75, 0.0, 0.25, 0.5, 0.75, 0.0, 0.25, 0.5, 0.75, 0.0, 0.25, 0.5, 0.75, 0.0, 0.25, 0.5, 0.75, 0.0, 0.25, 0.5, 0.75, 0.0, 0.25, 0.5, 0.75, 0.0, 0.25, 0.5, 0.75, 0.0, 0.25, 0.5, 0.75, 0.0, 0.25, 0.5, 0.75, 0.0, 0.25, 0.5, 0.75, 0.0, 0.25, 0.5, 0.75, 0.0, 0.25, 0.5, 0.75, 0.0, 0.25, 0.5, 0.75, 0.0, 0.25, 0.5, 0.75, 0.0, 0.25, 0.5, 0.75, 0.0, 0.25, 0.5, 0.75, 0.0, 0.25, 0.5, 0.75, 0.0, 0.25, 0.5, 0.75, 0.0, 0.25, 0.5, 0.75, 0.0, 0.25, 0.5, 0.75)):
('K.23 Musicalion', 'P1', 1, (184, 275), (16,), (4.25,), (22,), (2.75,))
('K.23 Musicalion', 'P1', 1, (664, 755), (54,), (2.25,), (59,), (4.75,))

2.    ((8, -2, 2, -4, 5, -2, -2, -7, 8, -2, 2, -4, 5, -2, -2, -7, 8, -2, 2, -4, 5, -2, -2, -7, 8, -2, -2, -6, 7, -2, -2, -9, 10, -2, -2, -4, 7, -2, -2, -9, 10, -2, -2, -4, 7, -2, -2, -9, 10, -2, -2, -7, 7, -2, -2, -9, 10, -2, -2, -4, 7, -2, -2, -9, 10, -2, -2, -4, 7, -2, -2, -9, 10, -2, -2, -7, 7, -2, -2, 2, -3, 4, -6, 2), (0.25, 0.25, 0.25, 0.25, 0.25, 0.25, 0.25, 0.25, 0.25, 0.25, 0.25, 0.25, 0.25, 0.25, 0.25, 0.25, 0.25, 0.25, 0.25, 0.25, 0.25, 0.25, 0.25, 0.25, 0.25, 0.25, 0.25, 0.25, 0.25, 0.25, 0.25, 0.25, 0.25, 0.25, 0.25, 0.25, 0.25, 0.25, 0.25, 0.25, 0.25, 0.25, 0.25, 0.25, 0.25, 0.25, 0.25, 0.25, 0.25, 0.25, 0.25, 0.25, 0.25, 0.25, 0.25, 0.25, 0.25, 0.25, 0.25, 0.25, 0.25, 0.25, 0.25, 0.25, 0.25, 0.25, 0.25, 0.25, 0.25, 0.25, 0.25, 0.25, 0.25, 0.25, 0.25, 0.25, 0.25, 0.25, 0.25, 0.25, 0.5, 0.5, 0.5, 0.5), (0.0, 0.25, 0.5, 0.75, 0.0, 0.25, 0.5, 0.75, 0.0, 0.25, 0.5, 0.75, 0.0, 0.25, 0.5, 0.75, 0.0, 0.25, 0.5, 0.75, 0.0, 0.25, 0.5, 0.75, 0.0, 0.25, 0.5, 0.75, 0.0, 0.25, 0.5, 0.75, 0.0, 0.25, 0.5, 0.75, 0.0, 0.25, 0.5, 0.75, 0.0, 0.25, 0.5, 0.75, 0.0, 0.25, 0.5, 0.75, 0.0, 0.25, 0.5, 0.75, 0.0, 0.25, 0.5, 0.75, 0.0, 0.25, 0.5, 0.75, 0.0, 0.25, 0.5, 0.75, 0.0, 0.25, 0.5, 0.75, 0.0, 0.25, 0.5, 0.75, 0.0, 0.25, 0.5, 0.75, 0.0, 0.25, 0.5, 0.75, 0.0, 0.5, 0.0, 0.5)):
('K.23 Musicalion', 'P1', 3, (120, 204), (17,), (1.0,), (22,), (2.5,))
('K.23 Musicalion', 'P1', 3, (433, 517), (54,), (3.0,), (59,), (4.5,))

3.    ((-3, 2, -2, 3, -3, 5, -5, 7, -7, 2, -2, 3, -3, 5, -5, 10, -10, 2, -2, 3, -3, 5, -5, 12, -12, 2, -2, 3, -3, 5, -5, 7, -7, 2, -2, 3, -3, 5, -5, 10, -10, 2, -2, 3, -3, 5, -5, 12, -2, -2, -2, -2, -2, -2, -2), (0.25, 0.25, 0.25, 0.25, 0.25, 0.25, 0.25, 0.25, 0.25, 0.25, 0.25, 0.25, 0.25, 0.25, 0.25, 0.25, 0.25, 0.25, 0.25, 0.25, 0.25, 0.25, 0.25, 0.25, 0.25, 0.25, 0.25, 0.25, 0.25, 0.25, 0.25, 0.25, 0.25, 0.25, 0.25, 0.25, 0.25, 0.25, 0.25, 0.25, 0.25, 0.25, 0.25, 0.25, 0.25, 0.25, 0.25, 0.25, 0.25, 0.25, 0.25, 0.25, 0.25, 0.25, 0.25), (0.0, 0.25, 0.5, 0.75, 0.0, 0.25, 0.5, 0.75, 0.0, 0.25, 0.5, 0.75, 0.0, 0.25, 0.5, 0.75, 0.0, 0.25, 0.5, 0.75, 0.0, 0.25, 0.5, 0.75, 0.0, 0.25, 0.5, 0.75, 0.0, 0.25, 0.5, 0.75, 0.0, 0.25, 0.5, 0.75, 0.0, 0.25, 0.5, 0.75, 0.0, 0.25, 0.5, 0.75, 0.0, 0.25, 0.5, 0.75, 0.0, 0.25, 0.5, 0.75, 0.0, 0.25, 0.5)):
('K.23 Musicalion', 'P1', 1, (76, 131), (8,), (3.0,), (11,), (4.5,))
('K.23 Musicalion', 'P1', 1, (441, 496), (38,), (1.0,), (41,), (2.5,))

4.    ((-2, -2, -2, -2, -2, -2, -2, -4, 3, -2, -2, 4, 3, -2, -2, 5, 3, -2, -2, 4, 3, -2, -2, -18, 3, -2, -2, 4, 3, -2, -2, 5, 3, -2, -2, 4, 3, -2, -2, 5), (1.0, 1.0, 1.0, 1.0, 1.0, 1.0, 1.0, 1.0, 0.25, 0.25, 0.25, 0.25, 0.25, 0.25, 0.25, 0.25, 0.25, 0.25, 0.25, 0.25, 0.25, 0.25, 0.25, 0.25, 0.25, 0.25, 0.25, 0.25, 0.25, 0.25, 0.25, 0.25, 0.25, 0.25, 0.25, 0.25, 0.25, 0.25, 0.25, 0.25), (0.0, 0.0, 0.0, 0.0, 0.0, 0.0, 0.0, 0.0, 0.0, 0.25, 0.5, 0.75, 0.0, 0.25, 0.5, 0.75, 0.0, 0.25, 0.5, 0.75, 0.0, 0.25, 0.5, 0.75, 0.0, 0.25, 0.5, 0.75, 0.0, 0.25, 0.5, 0.75, 0.0, 0.25, 0.5, 0.75, 0.0, 0.25, 0.5, 0.75)):
('K.23 Musicalion', 'P1', 3, (68, 108), (12,), (1.0,), (15,), (4.75,))
('K.23 Musicalion', 'P1', 3, (385, 425), (49,), (3.0,), (53,), (2.75,))

5.    ((-3, -2, -2, 5, -4, -2, -2, 6, -5, -2, -2, 7, -6, -2, -2, 8, -7, -2, -2, 9, -8, -2, -2, 10, -9, -2, -2, 11, -10, -2, -2, 5, 1, 8, 1, -8, 1, 8, 1), (0.25, 0.25, 0.25, 0.25, 0.25, 0.25, 0.25, 0.25, 0.25, 0.25, 0.25, 0.25, 0.25, 0.25, 0.25, 0.25, 0.25, 0.25, 0.25, 0.25, 0.25, 0.25, 0.25, 0.25, 0.25, 0.25, 0.25, 0.25, 0.25, 0.25, 0.25, 0.75, 0.5, 1.5, 0.5, 1.5, 0.5, 1.5, 0.5), (0.0, 0.25, 0.5, 0.75, 0.0, 0.25, 0.5, 0.75, 0.0, 0.25, 0.5, 0.75, 0.0, 0.25, 0.5, 0.75, 0.0, 0.25, 0.5, 0.75, 0.0, 0.25, 0.5, 0.75, 0.0, 0.25, 0.5, 0.75, 0.0, 0.25, 0.5, 0.75, 0.5, 0.0, 0.5, 0.0, 0.5, 0.0, 0.5)):
('K.23 Musicalion', 'P1', 1, (132, 171), (12,), (1.0,), (15,), (3.5,))
('K.23 Musicalion', 'P1', 1, (612, 651), (49,), (3.0,), (53,), (1.5,))

6.    ((-2, -2, -2, -2, -2, -2, 2, 3, -2, -2, -2, -2, -2, -2, -2, 3, 4, 3, -2, 3, -5, 3, -5, 4, 3, 3, -2, 3, -5, 3, -2), (0.25, 0.25, 0.25, 0.25, 0.25, 0.25, 0.25, 0.25, 0.25, 0.25, 0.25, 0.25, 0.25, 0.25, 0.25, 0.25, 0.25, 0.25, 0.25, 0.25, 0.25, 0.25, 0.25, 0.25, 0.25, 0.25, 0.25, 0.25, 0.25, 0.25, 0.25), (0.25, 0.5, 0.75, 0.0, 0.25, 0.5, 0.75, 0.0, 0.25, 0.5, 0.75, 0.0, 0.25, 0.5, 0.75, 0.0, 0.25, 0.5, 0.75, 0.0, 0.25, 0.5, 0.75, 0.0, 0.25, 0.5, 0.75, 0.0, 0.25, 0.5, 0.75)):
('K.23 Musicalion', 'P1', 1, (350, 381), (29,), (1.25,), (30,), (4.75,))
('K.23 Musicalion', 'P1', 1, (812, 843), (65,), (3.25,), (67,), (2.75,))

7.    ((-8, -2, 7, -8, -2, 11, -8, -2, 7, -8, -2, -2, 3, -2, -2), (0.5, 0.5, 1.0, 0.5, 0.5, 1.0, 0.5, 0.5, 1.0, 0.5, 0.5, 1.0, 0.25, 0.25, 0.25), (0.0, 0.5, 0.0, 0.0, 0.5, 0.0, 0.0, 0.5, 0.0, 0.0, 0.5, 0.0, 0.0, 0.25, 0.5)):
('K.23 Musicalion', 'P1', 1, (0, 15), (1,), (1.0,), (3,), (1.5,))
('K.23 Musicalion', 'P1', 1, (401, 416), (33,), (1.0,), (35,), (1.5,))

8.    ((-8, -2, -5, 11, -8, -2, -3, 13, -8, -2, -5, 11, -8, -2, -3), (0.5, 0.5, 0.5, 0.5, 0.5, 0.5, 0.5, 0.5, 0.5, 0.5, 0.5, 0.5, 0.5, 0.5, 0.5), (0.0, 0.5, 0.0, 0.5, 0.0, 0.5, 0.0, 0.5, 0.0, 0.5, 0.0, 0.5, 0.0, 0.5, 0.0)):
('K.23 Musicalion', 'P1', 3, (0, 15), (1,), (1.0,), (2,), (4.0,))
('K.23 Musicalion', 'P1', 3, (318, 333), (36,), (1.0,), (37,), (4.0,))

9.    ((3, -5, 3, -6, 4, -6, 3, -5), (0.25, 0.25, 0.25, 0.25, 0.25, 0.25, 0.25, 0.25), (0.0, 0.25, 0.5, 0.75, 0.0, 0.25, 0.5, 0.75)):
('K.23 Musicalion', 'P1', 1, (52, 60), (5,), (3.0,), (5,), (4.75,))
('K.23 Musicalion', 'P1', 3, (618, 626), (69,), (3.0,), (69,), (4.75,))

10.    ((1, 1, 1, 1, 1, 1), (2.0, 2.0, 2.0, 2.0, 2.0, 2.0), (0.0, 0.0, 0.0, 0.0, 0.0, 0.0)):
('K.23 Musicalion', 'P1', 3, (61, 67), (8,), (3.0,), (11,), (1.0,))
('K.23 Musicalion', 'P1', 3, (334, 340), (38,), (1.0,), (40,), (3.0,))

11.    ((-2, -2, 2, 1, -2), (0.25, 0.25, 0.25, 0.25, 0.25), (0.25, 0.5, 0.75, 0.0, 0.25)):
('K.23 Musicalion', 'P1', 1, (184, 189), (16,), (4.25,), (17,), (1.25,))
('K.23 Musicalion', 'P1', 1, (192, 197), (17,), (2.25,), (17,), (3.25,))
('K.23 Musicalion', 'P1', 1, (200, 205), (17,), (4.25,), (18,), (1.25,))
('K.23 Musicalion', 'P1', 1, (664, 669), (54,), (2.25,), (54,), (3.25,))
('K.23 Musicalion', 'P1', 1, (672, 677), (54,), (4.25,), (55,), (1.25,))
('K.23 Musicalion', 'P1', 1, (680, 685), (55,), (2.25,), (55,), (3.25,))
('K.23 Musicalion', 'P1', 3, (109, 114), (16,), (2.25,), (16,), (3.25,))

12.    ((-6, 2, -3, 2, -3), (0.5, 0.5, 0.5, 0.5, 0.5), (0.0, 0.5, 0.0, 0.5, 0.0)):
('K.23 Musicalion', 'P1', 3, (216, 221), (24,), (1.0,), (24,), (3.0,))
('K.23 Musicalion', 'P1', 3, (597, 602), (66,), (3.0,), (67,), (1.0,))

13.    ((7, -2, -2, 2), (0.25, 0.25, 0.25, 0.25), (0.0, 0.25, 0.5, 0.75)):
('K.23 Musicalion', 'P1', 1, (560, 564), (46,), (2.0,), (46,), (2.75,))
('K.23 Musicalion', 'P1', 1, (576, 580), (47,), (2.0,), (47,), (2.75,))
('K.23 Musicalion', 'P1', 1, (592, 596), (48,), (2.0,), (48,), (2.75,))
('K.23 Musicalion', 'P1', 3, (196, 200), (21,), (4.0,), (21,), (4.75,))
('K.23 Musicalion', 'P1', 3, (509, 513), (59,), (2.0,), (59,), (2.75,))

14.    ((1, 1, 1, 1), (1.0, 1.0, 1.0, 1.0), (0.0, 0.0, 0.0, 0.0)):
('K.23 Musicalion', 'P1', 2, (0, 4), (19,), (1.0,), (19,), (4.0,))
('K.23 Musicalion', 'P1', 2, (5, 9), (20,), (3.0,), (21,), (2.0,))

15.    ((4, 2, -8, -5), (0.5, 0.5, 0.5, 0.5), (0.0, 0.5, 0.0, 0.5)):
('K.23 Musicalion', 'P1', 3, (529, 533), (61,), (3.0,), (61,), (4.5,))
('K.23 Musicalion', 'P1', 3, (613, 617), (68,), (3.0,), (68,), (4.5,))

16.    ((-2, -2, -2), (0.25, 0.25, 0.25), (0.25, 0.5, 0.75)):
('K.23 Musicalion', 'P1', 1, (69, 72), (8,), (1.25,), (8,), (1.75,))
('K.23 Musicalion', 'P1', 1, (73, 76), (8,), (2.25,), (8,), (2.75,))
('K.23 Musicalion', 'P1', 1, (125, 128), (11,), (3.25,), (11,), (3.75,))
('K.23 Musicalion', 'P1', 1, (268, 271), (22,), (1.25,), (22,), (1.75,))
('K.23 Musicalion', 'P1', 1, (288, 291), (23,), (2.25,), (23,), (2.75,))
('K.23 Musicalion', 'P1', 1, (292, 295), (23,), (3.25,), (23,), (3.75,))
('K.23 Musicalion', 'P1', 1, (333, 336), (27,), (1.25,), (27,), (1.75,))
('K.23 Musicalion', 'P1', 1, (350, 353), (29,), (1.25,), (29,), (1.75,))
('K.23 Musicalion', 'P1', 1, (362, 365), (29,), (4.25,), (29,), (4.75,))
('K.23 Musicalion', 'P1', 1, (490, 493), (41,), (1.25,), (41,), (1.75,))
('K.23 Musicalion', 'P1', 1, (605, 608), (49,), (1.25,), (49,), (1.75,))
('K.23 Musicalion', 'P1', 1, (652, 655), (53,), (3.25,), (53,), (3.75,))
('K.23 Musicalion', 'P1', 1, (660, 663), (54,), (1.25,), (54,), (1.75,))
('K.23 Musicalion', 'P1', 1, (748, 751), (59,), (3.25,), (59,), (3.75,))
('K.23 Musicalion', 'P1', 1, (764, 767), (60,), (3.25,), (60,), (3.75,))
('K.23 Musicalion', 'P1', 1, (768, 771), (60,), (4.25,), (60,), (4.75,))
('K.23 Musicalion', 'P1', 1, (772, 775), (61,), (1.25,), (61,), (1.75,))
('K.23 Musicalion', 'P1', 1, (778, 781), (61,), (3.25,), (61,), (3.75,))
('K.23 Musicalion', 'P1', 1, (795, 798), (63,), (3.25,), (63,), (3.75,))
('K.23 Musicalion', 'P1', 1, (812, 815), (65,), (3.25,), (65,), (3.75,))
('K.23 Musicalion', 'P1', 1, (824, 827), (66,), (2.25,), (66,), (2.75,))
('K.23 Musicalion', 'P1', 1, (856, 859), (68,), (2.25,), (68,), (2.75,))
('K.23 Musicalion', 'P1', 3, (526, 529), (61,), (2.25,), (61,), (2.75,))

17.    ((7, -2, -2), (0.25, 0.25, 0.25), (0.0, 0.25, 0.5)):
('K.23 Musicalion', 'P1', 1, (271, 274), (22,), (2.0,), (22,), (2.5,))
('K.23 Musicalion', 'P1', 1, (275, 278), (22,), (3.0,), (22,), (3.5,))
('K.23 Musicalion', 'P1', 1, (283, 286), (23,), (1.0,), (23,), (1.5,))
('K.23 Musicalion', 'P1', 1, (751, 754), (59,), (4.0,), (59,), (4.5,))
('K.23 Musicalion', 'P1', 1, (759, 762), (60,), (2.0,), (60,), (2.5,))
('K.23 Musicalion', 'P1', 3, (148, 151), (18,), (4.0,), (18,), (4.5,))
('K.23 Musicalion', 'P1', 3, (156, 159), (19,), (2.0,), (19,), (2.5,))
('K.23 Musicalion', 'P1', 3, (164, 167), (19,), (4.0,), (19,), (4.5,))
('K.23 Musicalion', 'P1', 3, (172, 175), (20,), (2.0,), (20,), (2.5,))
('K.23 Musicalion', 'P1', 3, (180, 183), (20,), (4.0,), (20,), (4.5,))
('K.23 Musicalion', 'P1', 3, (188, 191), (21,), (2.0,), (21,), (2.5,))
('K.23 Musicalion', 'P1', 3, (461, 464), (56,), (2.0,), (56,), (2.5,))
('K.23 Musicalion', 'P1', 3, (469, 472), (56,), (4.0,), (56,), (4.5,))
('K.23 Musicalion', 'P1', 3, (477, 480), (57,), (2.0,), (57,), (2.5,))
('K.23 Musicalion', 'P1', 3, (485, 488), (57,), (4.0,), (57,), (4.5,))
('K.23 Musicalion', 'P1', 3, (493, 496), (58,), (2.0,), (58,), (2.5,))
('K.23 Musicalion', 'P1', 3, (501, 504), (58,), (4.0,), (58,), (4.5,))

18.    ((3, -2, -2), (0.25, 0.25, 0.25), (0.0, 0.25, 0.5)):
('K.23 Musicalion', 'P1', 1, (12, 15), (3,), (1.0,), (3,), (1.5,))
('K.23 Musicalion', 'P1', 1, (16, 19), (3,), (2.0,), (3,), (2.5,))
('K.23 Musicalion', 'P1', 1, (28, 31), (4,), (1.0,), (4,), (1.5,))
('K.23 Musicalion', 'P1', 1, (32, 35), (4,), (2.0,), (4,), (2.5,))
('K.23 Musicalion', 'P1', 1, (44, 47), (5,), (1.0,), (5,), (1.5,))
('K.23 Musicalion', 'P1', 1, (357, 360), (29,), (3.0,), (29,), (3.5,))
('K.23 Musicalion', 'P1', 1, (596, 599), (48,), (3.0,), (48,), (3.5,))
('K.23 Musicalion', 'P1', 1, (819, 822), (66,), (1.0,), (66,), (1.5,))
('K.23 Musicalion', 'P1', 1, (851, 854), (68,), (1.0,), (68,), (1.5,))
('K.23 Musicalion', 'P1', 3, (39, 42), (6,), (4.0,), (6,), (4.5,))
('K.23 Musicalion', 'P1', 3, (88, 91), (14,), (4.0,), (14,), (4.5,))
('K.23 Musicalion', 'P1', 3, (366, 369), (45,), (2.0,), (45,), (2.5,))
('K.23 Musicalion', 'P1', 3, (405, 408), (52,), (2.0,), (52,), (2.5,))

19.    ((-2, -2, 2), (0.25, 0.25, 0.25), (0.25, 0.5, 0.75)):
('K.23 Musicalion', 'P1', 1, (176, 179), (16,), (2.25,), (16,), (2.75,))
('K.23 Musicalion', 'P1', 1, (296, 299), (23,), (4.25,), (23,), (4.75,))
('K.23 Musicalion', 'P1', 1, (337, 340), (27,), (2.25,), (27,), (2.75,))
('K.23 Musicalion', 'P1', 1, (354, 357), (29,), (2.25,), (29,), (2.75,))
('K.23 Musicalion', 'P1', 1, (494, 497), (41,), (2.25,), (41,), (2.75,))
('K.23 Musicalion', 'P1', 1, (498, 501), (41,), (3.25,), (41,), (3.75,))
('K.23 Musicalion', 'P1', 1, (782, 785), (61,), (4.25,), (61,), (4.75,))
('K.23 Musicalion', 'P1', 1, (799, 802), (63,), (4.25,), (63,), (4.75,))
('K.23 Musicalion', 'P1', 1, (816, 819), (65,), (4.25,), (65,), (4.75,))
('K.23 Musicalion', 'P1', 3, (213, 216), (23,), (4.25,), (23,), (4.75,))

20.    ((5, -2, -2), (0.25, 0.25, 0.25), (0.0, 0.25, 0.5)):
('K.23 Musicalion', 'P1', 1, (279, 282), (22,), (4.0,), (22,), (4.5,))
('K.23 Musicalion', 'P1', 1, (655, 658), (53,), (4.0,), (53,), (4.5,))
('K.23 Musicalion', 'P1', 1, (755, 758), (60,), (1.0,), (60,), (1.5,))
('K.23 Musicalion', 'P1', 3, (116, 119), (16,), (4.0,), (16,), (4.5,))
('K.23 Musicalion', 'P1', 3, (124, 127), (17,), (2.0,), (17,), (2.5,))
('K.23 Musicalion', 'P1', 3, (132, 135), (17,), (4.0,), (17,), (4.5,))
('K.23 Musicalion', 'P1', 3, (140, 143), (18,), (2.0,), (18,), (2.5,))
('K.23 Musicalion', 'P1', 3, (437, 440), (54,), (4.0,), (54,), (4.5,))
('K.23 Musicalion', 'P1', 3, (445, 448), (55,), (2.0,), (55,), (2.5,))
('K.23 Musicalion', 'P1', 3, (453, 456), (55,), (4.0,), (55,), (4.5,))

21.    ((-8, 6, -8), (0.5, 1.5, 0.5), (0.0, 0.5, 0.0)):
('K.23 Musicalion', 'P1', 2, (10, 13), (33,), (1.0,), (33,), (3.0,))
('K.23 Musicalion', 'P1', 2, (14, 17), (34,), (1.0,), (34,), (3.0,))

22.    (((3, 2), (3, -5), (6, -3)), ((0.0, 1.0), (0.0, 1.0), (0.0, 1.0)), (0.0, 0.0, 0.0)):
('K.23 Musicalion', 'P1', 3, (16, 19), (3,), (1.0,), (3,), (3.0,))
('K.23 Musicalion', 'P1', 3, (20, 23), (4,), (1.0,), (4,), (3.0,))

23.    ((7, -2, -2), (1.25, 0.25, 0.25), (0.0, 0.25, 0.5)):
('K.23 Musicalion', 'P1', 3, (108, 111), (16,), (1.0,), (16,), (2.5,))
('K.23 Musicalion', 'P1', 3, (525, 528), (61,), (1.0,), (61,), (2.5,))

24.    ((-5, 3, -3), (0.5, 1.5, 0.5), (0.0, 0.5, 0.0)):
('K.23 Musicalion', 'P1', 3, (306, 309), (33,), (2.0,), (33,), (4.0,))
('K.23 Musicalion', 'P1', 3, (310, 313), (34,), (2.0,), (34,), (4.0,))

25.    ((-2, 2), (0.25, 0.25), (0.25, 0.5)):
('K.23 Musicalion', 'P1', 1, (180, 182), (16,), (3.25,), (16,), (3.5,))
('K.23 Musicalion', 'P1', 1, (549, 551), (45,), (3.25,), (45,), (3.5,))
('K.23 Musicalion', 'P1', 1, (557, 559), (46,), (1.25,), (46,), (1.5,))
('K.23 Musicalion', 'P1', 1, (565, 567), (46,), (3.25,), (46,), (3.5,))
('K.23 Musicalion', 'P1', 1, (573, 575), (47,), (1.25,), (47,), (1.5,))
('K.23 Musicalion', 'P1', 1, (581, 583), (47,), (3.25,), (47,), (3.5,))
('K.23 Musicalion', 'P1', 1, (589, 591), (48,), (1.25,), (48,), (1.5,))
('K.23 Musicalion', 'P1', 1, (601, 603), (48,), (4.25,), (48,), (4.5,))
('K.23 Musicalion', 'P1', 3, (121, 123), (17,), (1.25,), (17,), (1.5,))
('K.23 Musicalion', 'P1', 3, (129, 131), (17,), (3.25,), (17,), (3.5,))
('K.23 Musicalion', 'P1', 3, (137, 139), (18,), (1.25,), (18,), (1.5,))
('K.23 Musicalion', 'P1', 3, (229, 231), (25,), (3.25,), (25,), (3.5,))
('K.23 Musicalion', 'P1', 3, (233, 235), (25,), (4.25,), (25,), (4.5,))
('K.23 Musicalion', 'P1', 3, (237, 239), (26,), (1.25,), (26,), (1.5,))
('K.23 Musicalion', 'P1', 3, (245, 247), (26,), (3.25,), (26,), (3.5,))
('K.23 Musicalion', 'P1', 3, (257, 259), (27,), (3.25,), (27,), (3.5,))
('K.23 Musicalion', 'P1', 3, (261, 263), (27,), (4.25,), (27,), (4.5,))
('K.23 Musicalion', 'P1', 3, (265, 267), (28,), (1.25,), (28,), (1.5,))
('K.23 Musicalion', 'P1', 3, (273, 275), (28,), (3.25,), (28,), (3.5,))
('K.23 Musicalion', 'P1', 3, (434, 436), (54,), (3.25,), (54,), (3.5,))
('K.23 Musicalion', 'P1', 3, (442, 444), (55,), (1.25,), (55,), (1.5,))
('K.23 Musicalion', 'P1', 3, (450, 452), (55,), (3.25,), (55,), (3.5,))
('K.23 Musicalion', 'P1', 3, (534, 536), (62,), (1.25,), (62,), (1.5,))
('K.23 Musicalion', 'P1', 3, (538, 540), (62,), (2.25,), (62,), (2.5,))
('K.23 Musicalion', 'P1', 3, (542, 544), (62,), (3.25,), (62,), (3.5,))
('K.23 Musicalion', 'P1', 3, (550, 552), (63,), (1.25,), (63,), (1.5,))
('K.23 Musicalion', 'P1', 3, (554, 556), (63,), (2.25,), (63,), (2.5,))
('K.23 Musicalion', 'P1', 3, (558, 560), (63,), (3.25,), (63,), (3.5,))
('K.23 Musicalion', 'P1', 3, (566, 568), (64,), (1.25,), (64,), (1.5,))
('K.23 Musicalion', 'P1', 3, (570, 572), (64,), (2.25,), (64,), (2.5,))
('K.23 Musicalion', 'P1', 3, (574, 576), (64,), (3.25,), (64,), (3.5,))
('K.23 Musicalion', 'P1', 3, (582, 584), (65,), (1.25,), (65,), (1.5,))

26.    ((-2, -2), (0.25, 0.25), (0.25, 0.5)):
('K.23 Musicalion', 'P1', 1, (137, 139), (12,), (2.25,), (12,), (2.5,))
('K.23 Musicalion', 'P1', 1, (145, 147), (12,), (4.25,), (12,), (4.5,))
('K.23 Musicalion', 'P1', 1, (149, 151), (13,), (1.25,), (13,), (1.5,))
('K.23 Musicalion', 'P1', 1, (157, 159), (13,), (3.25,), (13,), (3.5,))
('K.23 Musicalion', 'P1', 1, (161, 163), (13,), (4.25,), (13,), (4.5,))
('K.23 Musicalion', 'P1', 1, (518, 520), (42,), (4.25,), (42,), (4.5,))
('K.23 Musicalion', 'P1', 1, (526, 528), (43,), (2.25,), (43,), (2.5,))
('K.23 Musicalion', 'P1', 1, (530, 532), (43,), (3.25,), (43,), (3.5,))
('K.23 Musicalion', 'P1', 1, (538, 540), (44,), (1.25,), (44,), (1.5,))
('K.23 Musicalion', 'P1', 1, (542, 544), (44,), (2.25,), (44,), (2.5,))
('K.23 Musicalion', 'P1', 1, (609, 611), (49,), (2.25,), (49,), (2.5,))
('K.23 Musicalion', 'P1', 1, (617, 619), (49,), (4.25,), (49,), (4.5,))
('K.23 Musicalion', 'P1', 1, (625, 627), (50,), (2.25,), (50,), (2.5,))
('K.23 Musicalion', 'P1', 1, (629, 631), (50,), (3.25,), (50,), (3.5,))
('K.23 Musicalion', 'P1', 1, (637, 639), (51,), (1.25,), (51,), (1.5,))
('K.23 Musicalion', 'P1', 1, (641, 643), (51,), (2.25,), (51,), (2.5,))
('K.23 Musicalion', 'P1', 3, (145, 147), (18,), (3.25,), (18,), (3.5,))
('K.23 Musicalion', 'P1', 3, (153, 155), (19,), (1.25,), (19,), (1.5,))
('K.23 Musicalion', 'P1', 3, (161, 163), (19,), (3.25,), (19,), (3.5,))
('K.23 Musicalion', 'P1', 3, (169, 171), (20,), (1.25,), (20,), (1.5,))
('K.23 Musicalion', 'P1', 3, (177, 179), (20,), (3.25,), (20,), (3.5,))
('K.23 Musicalion', 'P1', 3, (185, 187), (21,), (1.25,), (21,), (1.5,))
('K.23 Musicalion', 'P1', 3, (193, 195), (21,), (3.25,), (21,), (3.5,))
('K.23 Musicalion', 'P1', 3, (430, 432), (54,), (2.25,), (54,), (2.5,))
('K.23 Musicalion', 'P1', 3, (458, 460), (56,), (1.25,), (56,), (1.5,))
('K.23 Musicalion', 'P1', 3, (466, 468), (56,), (3.25,), (56,), (3.5,))
('K.23 Musicalion', 'P1', 3, (474, 476), (57,), (1.25,), (57,), (1.5,))
('K.23 Musicalion', 'P1', 3, (482, 484), (57,), (3.25,), (57,), (3.5,))
('K.23 Musicalion', 'P1', 3, (490, 492), (58,), (1.25,), (58,), (1.5,))
('K.23 Musicalion', 'P1', 3, (498, 500), (58,), (3.25,), (58,), (3.5,))
('K.23 Musicalion', 'P1', 3, (506, 508), (59,), (1.25,), (59,), (1.5,))

27.    ((-8, -2), (0.5, 0.5), (0.0, 0.5)):
('K.23 Musicalion', 'P1', 1, (0, 2), (1,), (1.0,), (1,), (1.5,))
('K.23 Musicalion', 'P1', 1, (3, 5), (1,), (3.0,), (1,), (3.5,))
('K.23 Musicalion', 'P1', 1, (6, 8), (2,), (1.0,), (2,), (1.5,))
('K.23 Musicalion', 'P1', 1, (9, 11), (2,), (3.0,), (2,), (3.5,))
('K.23 Musicalion', 'P1', 1, (401, 403), (33,), (1.0,), (33,), (1.5,))
('K.23 Musicalion', 'P1', 1, (404, 406), (33,), (3.0,), (33,), (3.5,))
('K.23 Musicalion', 'P1', 1, (407, 409), (34,), (1.0,), (34,), (1.5,))
('K.23 Musicalion', 'P1', 1, (410, 412), (34,), (3.0,), (34,), (3.5,))
('K.23 Musicalion', 'P1', 1, (429, 431), (36,), (1.0,), (36,), (1.5,))
('K.23 Musicalion', 'P1', 1, (432, 434), (36,), (3.0,), (36,), (3.5,))
('K.23 Musicalion', 'P1', 1, (435, 437), (37,), (1.0,), (37,), (1.5,))
('K.23 Musicalion', 'P1', 1, (438, 440), (37,), (3.0,), (37,), (3.5,))
('K.23 Musicalion', 'P1', 3, (0, 2), (1,), (1.0,), (1,), (1.5,))
('K.23 Musicalion', 'P1', 3, (4, 6), (1,), (3.0,), (1,), (3.5,))
('K.23 Musicalion', 'P1', 3, (8, 10), (2,), (1.0,), (2,), (1.5,))
('K.23 Musicalion', 'P1', 3, (12, 14), (2,), (3.0,), (2,), (3.5,))
('K.23 Musicalion', 'P1', 3, (318, 320), (36,), (1.0,), (36,), (1.5,))
('K.23 Musicalion', 'P1', 3, (322, 324), (36,), (3.0,), (36,), (3.5,))
('K.23 Musicalion', 'P1', 3, (326, 328), (37,), (1.0,), (37,), (1.5,))
('K.23 Musicalion', 'P1', 3, (330, 332), (37,), (3.0,), (37,), (3.5,))

28.    ((3, -3), (0.25, 0.25), (0.75, 0.0)):
('K.23 Musicalion', 'P1', 1, (79, 81), (8,), (3.75,), (8,), (4.0,))
('K.23 Musicalion', 'P1', 1, (87, 89), (9,), (1.75,), (9,), (2.0,))
('K.23 Musicalion', 'P1', 1, (95, 97), (9,), (3.75,), (9,), (4.0,))
('K.23 Musicalion', 'P1', 1, (103, 105), (10,), (1.75,), (10,), (2.0,))
('K.23 Musicalion', 'P1', 1, (111, 113), (10,), (3.75,), (10,), (4.0,))
('K.23 Musicalion', 'P1', 1, (119, 121), (11,), (1.75,), (11,), (2.0,))
('K.23 Musicalion', 'P1', 1, (444, 446), (38,), (1.75,), (38,), (2.0,))
('K.23 Musicalion', 'P1', 1, (452, 454), (38,), (3.75,), (38,), (4.0,))
('K.23 Musicalion', 'P1', 1, (460, 462), (39,), (1.75,), (39,), (2.0,))
('K.23 Musicalion', 'P1', 1, (468, 470), (39,), (3.75,), (39,), (4.0,))
('K.23 Musicalion', 'P1', 1, (476, 478), (40,), (1.75,), (40,), (2.0,))
('K.23 Musicalion', 'P1', 1, (484, 486), (40,), (3.75,), (40,), (4.0,))
('K.23 Musicalion', 'P1', 3, (231, 233), (25,), (3.75,), (25,), (4.0,))
('K.23 Musicalion', 'P1', 3, (259, 261), (27,), (3.75,), (27,), (4.0,))
('K.23 Musicalion', 'P1', 3, (536, 538), (62,), (1.75,), (62,), (2.0,))
('K.23 Musicalion', 'P1', 3, (552, 554), (63,), (1.75,), (63,), (2.0,))
('K.23 Musicalion', 'P1', 3, (568, 570), (64,), (1.75,), (64,), (2.0,))

29.    ((-5, -2), (0.25, 0.25), (0.0, 0.25)):
('K.23 Musicalion', 'P1', 1, (140, 142), (12,), (3.0,), (12,), (3.25,))
('K.23 Musicalion', 'P1', 1, (521, 523), (43,), (1.0,), (43,), (1.25,))
('K.23 Musicalion', 'P1', 1, (620, 622), (50,), (1.0,), (50,), (1.25,))
('K.23 Musicalion', 'P1', 3, (240, 242), (26,), (2.0,), (26,), (2.25,))
('K.23 Musicalion', 'P1', 3, (268, 270), (28,), (2.0,), (28,), (2.25,))
('K.23 Musicalion', 'P1', 3, (545, 547), (62,), (4.0,), (62,), (4.25,))
('K.23 Musicalion', 'P1', 3, (561, 563), (63,), (4.0,), (63,), (4.25,))
('K.23 Musicalion', 'P1', 3, (577, 579), (64,), (4.0,), (64,), (4.25,))

30.    ((-8, -2), (0.25, 0.25), (0.0, 0.25)):
('K.23 Musicalion', 'P1', 1, (152, 154), (13,), (2.0,), (13,), (2.25,))
('K.23 Musicalion', 'P1', 1, (533, 535), (43,), (4.0,), (43,), (4.25,))
('K.23 Musicalion', 'P1', 1, (632, 634), (50,), (4.0,), (50,), (4.25,))
('K.23 Musicalion', 'P1', 3, (248, 250), (26,), (4.0,), (26,), (4.25,))
('K.23 Musicalion', 'P1', 3, (276, 278), (28,), (4.0,), (28,), (4.25,))
('K.23 Musicalion', 'P1', 3, (585, 587), (65,), (2.0,), (65,), (2.25,))

31.    ((2,), (0.25,), (0.5,)):
('K.23 Musicalion', 'P1', 1, (173, 174), (16,), (1.5,), (16,), (1.5,))
('K.23 Musicalion', 'P1', 1, (189, 190), (17,), (1.5,), (17,), (1.5,))
('K.23 Musicalion', 'P1', 1, (197, 198), (17,), (3.5,), (17,), (3.5,))
('K.23 Musicalion', 'P1', 1, (205, 206), (18,), (1.5,), (18,), (1.5,))
('K.23 Musicalion', 'P1', 1, (213, 214), (18,), (3.5,), (18,), (3.5,))
('K.23 Musicalion', 'P1', 1, (217, 218), (18,), (4.5,), (18,), (4.5,))
('K.23 Musicalion', 'P1', 1, (225, 226), (19,), (2.5,), (19,), (2.5,))
('K.23 Musicalion', 'P1', 1, (233, 234), (19,), (4.5,), (19,), (4.5,))
('K.23 Musicalion', 'P1', 1, (237, 238), (20,), (1.5,), (20,), (1.5,))
('K.23 Musicalion', 'P1', 1, (241, 242), (20,), (2.5,), (20,), (2.5,))
('K.23 Musicalion', 'P1', 1, (249, 250), (20,), (4.5,), (20,), (4.5,))
('K.23 Musicalion', 'P1', 1, (257, 258), (21,), (2.5,), (21,), (2.5,))
('K.23 Musicalion', 'P1', 1, (261, 262), (21,), (3.5,), (21,), (3.5,))
('K.23 Musicalion', 'P1', 1, (265, 266), (21,), (4.5,), (21,), (4.5,))
('K.23 Musicalion', 'P1', 1, (554, 555), (45,), (4.5,), (45,), (4.5,))
('K.23 Musicalion', 'P1', 1, (570, 571), (46,), (4.5,), (46,), (4.5,))
('K.23 Musicalion', 'P1', 1, (586, 587), (47,), (4.5,), (47,), (4.5,))
('K.23 Musicalion', 'P1', 1, (669, 670), (54,), (3.5,), (54,), (3.5,))
('K.23 Musicalion', 'P1', 1, (677, 678), (55,), (1.5,), (55,), (1.5,))
('K.23 Musicalion', 'P1', 1, (685, 686), (55,), (3.5,), (55,), (3.5,))
('K.23 Musicalion', 'P1', 1, (693, 694), (56,), (1.5,), (56,), (1.5,))
('K.23 Musicalion', 'P1', 1, (697, 698), (56,), (2.5,), (56,), (2.5,))
('K.23 Musicalion', 'P1', 1, (705, 706), (56,), (4.5,), (56,), (4.5,))
('K.23 Musicalion', 'P1', 1, (713, 714), (57,), (2.5,), (57,), (2.5,))
('K.23 Musicalion', 'P1', 1, (717, 718), (57,), (3.5,), (57,), (3.5,))
('K.23 Musicalion', 'P1', 1, (721, 722), (57,), (4.5,), (57,), (4.5,))
('K.23 Musicalion', 'P1', 1, (729, 730), (58,), (2.5,), (58,), (2.5,))
('K.23 Musicalion', 'P1', 1, (737, 738), (58,), (4.5,), (58,), (4.5,))
('K.23 Musicalion', 'P1', 1, (741, 742), (59,), (1.5,), (59,), (1.5,))
('K.23 Musicalion', 'P1', 1, (745, 746), (59,), (2.5,), (59,), (2.5,))
('K.23 Musicalion', 'P1', 3, (242, 243), (26,), (2.5,), (26,), (2.5,))
('K.23 Musicalion', 'P1', 3, (250, 251), (26,), (4.5,), (26,), (4.5,))
('K.23 Musicalion', 'P1', 3, (270, 271), (28,), (2.5,), (28,), (2.5,))
('K.23 Musicalion', 'P1', 3, (278, 279), (28,), (4.5,), (28,), (4.5,))
('K.23 Musicalion', 'P1', 3, (547, 548), (62,), (4.5,), (62,), (4.5,))
('K.23 Musicalion', 'P1', 3, (563, 564), (63,), (4.5,), (63,), (4.5,))
('K.23 Musicalion', 'P1', 3, (579, 580), (64,), (4.5,), (64,), (4.5,))
('K.23 Musicalion', 'P1', 3, (587, 588), (65,), (2.5,), (65,), (2.5,))

32.    ((-8,), (0.5,), (0.0,)):
('K.23 Musicalion', 'P1', 1, (0, 1), (1,), (1.0,), (1,), (1.0,))
('K.23 Musicalion', 'P1', 1, (3, 4), (1,), (3.0,), (1,), (3.0,))
('K.23 Musicalion', 'P1', 1, (6, 7), (2,), (1.0,), (2,), (1.0,))
('K.23 Musicalion', 'P1', 1, (9, 10), (2,), (3.0,), (2,), (3.0,))
('K.23 Musicalion', 'P1', 1, (401, 402), (33,), (1.0,), (33,), (1.0,))
('K.23 Musicalion', 'P1', 1, (404, 405), (33,), (3.0,), (33,), (3.0,))
('K.23 Musicalion', 'P1', 1, (407, 408), (34,), (1.0,), (34,), (1.0,))
('K.23 Musicalion', 'P1', 1, (410, 411), (34,), (3.0,), (34,), (3.0,))
('K.23 Musicalion', 'P1', 1, (429, 430), (36,), (1.0,), (36,), (1.0,))
('K.23 Musicalion', 'P1', 1, (432, 433), (36,), (3.0,), (36,), (3.0,))
('K.23 Musicalion', 'P1', 1, (435, 436), (37,), (1.0,), (37,), (1.0,))
('K.23 Musicalion', 'P1', 1, (438, 439), (37,), (3.0,), (37,), (3.0,))
('K.23 Musicalion', 'P1', 2, (10, 11), (33,), (1.0,), (33,), (1.0,))
('K.23 Musicalion', 'P1', 2, (12, 13), (33,), (3.0,), (33,), (3.0,))
('K.23 Musicalion', 'P1', 2, (14, 15), (34,), (1.0,), (34,), (1.0,))
('K.23 Musicalion', 'P1', 2, (16, 17), (34,), (3.0,), (34,), (3.0,))
('K.23 Musicalion', 'P1', 3, (0, 1), (1,), (1.0,), (1,), (1.0,))
('K.23 Musicalion', 'P1', 3, (4, 5), (1,), (3.0,), (1,), (3.0,))
('K.23 Musicalion', 'P1', 3, (8, 9), (2,), (1.0,), (2,), (1.0,))
('K.23 Musicalion', 'P1', 3, (12, 13), (2,), (3.0,), (2,), (3.0,))
('K.23 Musicalion', 'P1', 3, (210, 211), (23,), (2.0,), (23,), (2.0,))
('K.23 Musicalion', 'P1', 3, (226, 227), (25,), (2.0,), (25,), (2.0,))
('K.23 Musicalion', 'P1', 3, (254, 255), (27,), (2.0,), (27,), (2.0,))
('K.23 Musicalion', 'P1', 3, (282, 283), (29,), (2.0,), (29,), (2.0,))
('K.23 Musicalion', 'P1', 3, (298, 299), (31,), (2.0,), (31,), (2.0,))
('K.23 Musicalion', 'P1', 3, (318, 319), (36,), (1.0,), (36,), (1.0,))
('K.23 Musicalion', 'P1', 3, (322, 323), (36,), (3.0,), (36,), (3.0,))
('K.23 Musicalion', 'P1', 3, (326, 327), (37,), (1.0,), (37,), (1.0,))
('K.23 Musicalion', 'P1', 3, (330, 331), (37,), (3.0,), (37,), (3.0,))
('K.23 Musicalion', 'P1', 3, (523, 524), (60,), (4.0,), (60,), (4.0,))
('K.23 Musicalion', 'P1', 3, (531, 532), (61,), (4.0,), (61,), (4.0,))
('K.23 Musicalion', 'P1', 3, (591, 592), (65,), (4.0,), (65,), (4.0,))
('K.23 Musicalion', 'P1', 3, (615, 616), (68,), (4.0,), (68,), (4.0,))

33.    ((-2,), (1.0,), (0.0,)):
('K.23 Musicalion', 'P1', 1, (11, 12), (2,), (4.0,), (2,), (4.0,))
('K.23 Musicalion', 'P1', 1, (412, 413), (34,), (4.0,), (34,), (4.0,))
('K.23 Musicalion', 'P1', 1, (440, 441), (37,), (4.0,), (37,), (4.0,))
('K.23 Musicalion', 'P1', 3, (68, 69), (12,), (1.0,), (12,), (1.0,))
('K.23 Musicalion', 'P1', 3, (69, 70), (12,), (2.0,), (12,), (2.0,))
('K.23 Musicalion', 'P1', 3, (70, 71), (12,), (3.0,), (12,), (3.0,))
('K.23 Musicalion', 'P1', 3, (71, 72), (12,), (4.0,), (12,), (4.0,))
('K.23 Musicalion', 'P1', 3, (72, 73), (13,), (1.0,), (13,), (1.0,))
('K.23 Musicalion', 'P1', 3, (73, 74), (13,), (2.0,), (13,), (2.0,))
('K.23 Musicalion', 'P1', 3, (74, 75), (13,), (3.0,), (13,), (3.0,))
('K.23 Musicalion', 'P1', 3, (342, 343), (41,), (3.0,), (41,), (3.0,))
('K.23 Musicalion', 'P1', 3, (346, 347), (42,), (3.0,), (42,), (3.0,))
('K.23 Musicalion', 'P1', 3, (347, 348), (42,), (4.0,), (42,), (4.0,))
('K.23 Musicalion', 'P1', 3, (348, 349), (43,), (1.0,), (43,), (1.0,))
('K.23 Musicalion', 'P1', 3, (349, 350), (43,), (2.0,), (43,), (2.0,))
('K.23 Musicalion', 'P1', 3, (350, 351), (43,), (3.0,), (43,), (3.0,))
('K.23 Musicalion', 'P1', 3, (351, 352), (43,), (4.0,), (43,), (4.0,))
('K.23 Musicalion', 'P1', 3, (352, 353), (44,), (1.0,), (44,), (1.0,))
('K.23 Musicalion', 'P1', 3, (385, 386), (49,), (3.0,), (49,), (3.0,))
('K.23 Musicalion', 'P1', 3, (386, 387), (49,), (4.0,), (49,), (4.0,))
('K.23 Musicalion', 'P1', 3, (387, 388), (50,), (1.0,), (50,), (1.0,))
('K.23 Musicalion', 'P1', 3, (388, 389), (50,), (2.0,), (50,), (2.0,))
('K.23 Musicalion', 'P1', 3, (389, 390), (50,), (3.0,), (50,), (3.0,))
('K.23 Musicalion', 'P1', 3, (390, 391), (50,), (4.0,), (50,), (4.0,))
('K.23 Musicalion', 'P1', 3, (391, 392), (51,), (1.0,), (51,), (1.0,))

34.    ((-2,), (0.25,), (0.5,)):
('K.23 Musicalion', 'P1', 1, (78, 79), (8,), (3.5,), (8,), (3.5,))
('K.23 Musicalion', 'P1', 1, (86, 87), (9,), (1.5,), (9,), (1.5,))
('K.23 Musicalion', 'P1', 1, (94, 95), (9,), (3.5,), (9,), (3.5,))
('K.23 Musicalion', 'P1', 1, (102, 103), (10,), (1.5,), (10,), (1.5,))
('K.23 Musicalion', 'P1', 1, (110, 111), (10,), (3.5,), (10,), (3.5,))
('K.23 Musicalion', 'P1', 1, (118, 119), (11,), (1.5,), (11,), (1.5,))
('K.23 Musicalion', 'P1', 1, (142, 143), (12,), (3.5,), (12,), (3.5,))
('K.23 Musicalion', 'P1', 1, (154, 155), (13,), (2.5,), (13,), (2.5,))
('K.23 Musicalion', 'P1', 1, (443, 444), (38,), (1.5,), (38,), (1.5,))
('K.23 Musicalion', 'P1', 1, (451, 452), (38,), (3.5,), (38,), (3.5,))
('K.23 Musicalion', 'P1', 1, (459, 460), (39,), (1.5,), (39,), (1.5,))
('K.23 Musicalion', 'P1', 1, (467, 468), (39,), (3.5,), (39,), (3.5,))
('K.23 Musicalion', 'P1', 1, (475, 476), (40,), (1.5,), (40,), (1.5,))
('K.23 Musicalion', 'P1', 1, (483, 484), (40,), (3.5,), (40,), (3.5,))
('K.23 Musicalion', 'P1', 1, (523, 524), (43,), (1.5,), (43,), (1.5,))
('K.23 Musicalion', 'P1', 1, (535, 536), (43,), (4.5,), (43,), (4.5,))
('K.23 Musicalion', 'P1', 1, (622, 623), (50,), (1.5,), (50,), (1.5,))
('K.23 Musicalion', 'P1', 1, (634, 635), (50,), (4.5,), (50,), (4.5,))
('K.23 Musicalion', 'P1', 3, (114, 115), (16,), (3.5,), (16,), (3.5,))

35.    ((-7,), (0.25,), (0.75,)):
('K.23 Musicalion', 'P1', 1, (238, 239), (20,), (1.75,), (20,), (1.75,))
('K.23 Musicalion', 'P1', 1, (262, 263), (21,), (3.75,), (21,), (3.75,))
('K.23 Musicalion', 'P1', 1, (322, 323), (25,), (2.75,), (25,), (2.75,))
('K.23 Musicalion', 'P1', 1, (718, 719), (57,), (3.75,), (57,), (3.75,))
('K.23 Musicalion', 'P1', 1, (742, 743), (59,), (1.75,), (59,), (1.75,))
('K.23 Musicalion', 'P1', 3, (119, 120), (16,), (4.75,), (16,), (4.75,))
('K.23 Musicalion', 'P1', 3, (127, 128), (17,), (2.75,), (17,), (2.75,))
('K.23 Musicalion', 'P1', 3, (135, 136), (17,), (4.75,), (17,), (4.75,))
('K.23 Musicalion', 'P1', 3, (143, 144), (18,), (2.75,), (18,), (2.75,))
('K.23 Musicalion', 'P1', 3, (171, 172), (20,), (1.75,), (20,), (1.75,))
('K.23 Musicalion', 'P1', 3, (195, 196), (21,), (3.75,), (21,), (3.75,))
('K.23 Musicalion', 'P1', 3, (440, 441), (54,), (4.75,), (54,), (4.75,))
('K.23 Musicalion', 'P1', 3, (448, 449), (55,), (2.75,), (55,), (2.75,))
('K.23 Musicalion', 'P1', 3, (456, 457), (55,), (4.75,), (55,), (4.75,))
('K.23 Musicalion', 'P1', 3, (484, 485), (57,), (3.75,), (57,), (3.75,))
('K.23 Musicalion', 'P1', 3, (508, 509), (59,), (1.75,), (59,), (1.75,))

36.    ((-3,), (0.5,), (0.5,)):
('K.23 Musicalion', 'P1', 1, (325, 326), (25,), (4.5,), (25,), (4.5,))
('K.23 Musicalion', 'P1', 1, (328, 329), (26,), (2.5,), (26,), (2.5,))
('K.23 Musicalion', 'P1', 1, (331, 332), (26,), (4.5,), (26,), (4.5,))
('K.23 Musicalion', 'P1', 1, (342, 343), (27,), (4.5,), (27,), (4.5,))
('K.23 Musicalion', 'P1', 1, (345, 346), (28,), (2.5,), (28,), (2.5,))
('K.23 Musicalion', 'P1', 1, (348, 349), (28,), (4.5,), (28,), (4.5,))
('K.23 Musicalion', 'P1', 1, (787, 788), (62,), (2.5,), (62,), (2.5,))
('K.23 Musicalion', 'P1', 1, (790, 791), (62,), (4.5,), (62,), (4.5,))
('K.23 Musicalion', 'P1', 1, (793, 794), (63,), (2.5,), (63,), (2.5,))
('K.23 Musicalion', 'P1', 1, (804, 805), (64,), (2.5,), (64,), (2.5,))
('K.23 Musicalion', 'P1', 1, (807, 808), (64,), (4.5,), (64,), (4.5,))
('K.23 Musicalion', 'P1', 1, (810, 811), (65,), (2.5,), (65,), (2.5,))
('K.23 Musicalion', 'P1', 3, (15, 16), (2,), (4.5,), (2,), (4.5,))
('K.23 Musicalion', 'P1', 3, (293, 294), (30,), (3.5,), (30,), (3.5,))

37.    ((-9,), (0.25,), (0.75,)):
('K.23 Musicalion', 'P1', 1, (27, 28), (3,), (4.75,), (3,), (4.75,))
('K.23 Musicalion', 'P1', 3, (151, 152), (18,), (4.75,), (18,), (4.75,))
('K.23 Musicalion', 'P1', 3, (159, 160), (19,), (2.75,), (19,), (2.75,))
('K.23 Musicalion', 'P1', 3, (167, 168), (19,), (4.75,), (19,), (4.75,))
('K.23 Musicalion', 'P1', 3, (175, 176), (20,), (2.75,), (20,), (2.75,))
('K.23 Musicalion', 'P1', 3, (183, 184), (20,), (4.75,), (20,), (4.75,))
('K.23 Musicalion', 'P1', 3, (191, 192), (21,), (2.75,), (21,), (2.75,))
('K.23 Musicalion', 'P1', 3, (464, 465), (56,), (2.75,), (56,), (2.75,))
('K.23 Musicalion', 'P1', 3, (472, 473), (56,), (4.75,), (56,), (4.75,))
('K.23 Musicalion', 'P1', 3, (480, 481), (57,), (2.75,), (57,), (2.75,))
('K.23 Musicalion', 'P1', 3, (488, 489), (57,), (4.75,), (57,), (4.75,))
('K.23 Musicalion', 'P1', 3, (496, 497), (58,), (2.75,), (58,), (2.75,))
('K.23 Musicalion', 'P1', 3, (504, 505), (58,), (4.75,), (58,), (4.75,))

38.    ((7,), (1.0,), (0.0,)):
('K.23 Musicalion', 'P1', 1, (2, 3), (1,), (2.0,), (1,), (2.0,))
('K.23 Musicalion', 'P1', 1, (8, 9), (2,), (2.0,), (2,), (2.0,))
('K.23 Musicalion', 'P1', 1, (403, 404), (33,), (2.0,), (33,), (2.0,))
('K.23 Musicalion', 'P1', 1, (409, 410), (34,), (2.0,), (34,), (2.0,))
('K.23 Musicalion', 'P1', 1, (431, 432), (36,), (2.0,), (36,), (2.0,))
('K.23 Musicalion', 'P1', 1, (437, 438), (37,), (2.0,), (37,), (2.0,))
('K.23 Musicalion', 'P1', 3, (314, 315), (35,), (1.0,), (35,), (1.0,))

39.    ((8,), (0.25,), (0.75,)):
('K.23 Musicalion', 'P1', 1, (147, 148), (12,), (4.75,), (12,), (4.75,))
('K.23 Musicalion', 'P1', 1, (528, 529), (43,), (2.75,), (43,), (2.75,))
('K.23 Musicalion', 'P1', 1, (627, 628), (50,), (2.75,), (50,), (2.75,))
('K.23 Musicalion', 'P1', 3, (247, 248), (26,), (3.75,), (26,), (3.75,))
('K.23 Musicalion', 'P1', 3, (275, 276), (28,), (3.75,), (28,), (3.75,))
('K.23 Musicalion', 'P1', 3, (584, 585), (65,), (1.75,), (65,), (1.75,))

40.    ((-6,), (0.25,), (0.75,)):
('K.23 Musicalion', 'P1', 1, (396, 397), (31,), (4.75,), (31,), (4.75,))
('K.23 Musicalion', 'P1', 3, (147, 148), (18,), (3.75,), (18,), (3.75,))
('K.23 Musicalion', 'P1', 3, (460, 461), (56,), (1.75,), (56,), (1.75,))

41.    ((1,), (1.25,), (0.0,)):
('K.23 Musicalion', 'P1', 1, (548, 549), (45,), (2.0,), (45,), (2.0,))
('K.23 Musicalion', 'P1', 1, (651, 652), (53,), (2.0,), (53,), (2.0,))

42.    ((-7,), (0.5,), (0.5,)):
('K.23 Musicalion', 'P1', 3, (211, 212), (23,), (2.5,), (23,), (2.5,))
('K.23 Musicalion', 'P1', 3, (333, 334), (37,), (4.5,), (37,), (4.5,))

43.    ((4,), (0.5,), (0.5,)):
('K.23 Musicalion', 'P1', 3, (221, 222), (24,), (3.5,), (24,), (3.5,))
('K.23 Musicalion', 'P1', 3, (223, 224), (24,), (4.5,), (24,), (4.5,))

44.    ((2,), (0.5,), (0.0,)):
('K.23 Musicalion', 'P1', 3, (222, 223), (24,), (4.0,), (24,), (4.0,))
('K.23 Musicalion', 'P1', 3, (603, 604), (67,), (2.0,), (67,), (2.0,))

45.    (((3, -2),), ((0.0, 1.0),), (0.0,)):
('K.23 Musicalion', 'P1', 3, (316, 317), (35,), (3.0,), (35,), (3.0,))
('K.23 Musicalion', 'P1', 3, (343, 344), (41,), (4.0,), (41,), (4.0,))

46.    ((2,), (0.5,), (0.5,)):
('K.23 Musicalion', 'P1', 3, (341, 342), (41,), (2.5,), (41,), (2.5,))
('K.23 Musicalion', 'P1', 3, (524, 525), (60,), (4.5,), (60,), (4.5,))

