1.    nomes:
K.512 KernScores

2.    quantidade:
1

3.    analise:
[('intDia', 'p1p2')] SemContInte Distancia: 0

1.    ((-2, -2, -2, -2, 2, -2, -2, -2, -2, 8, -8, 2, 2, -3, 4, 2, 2, 2, 1, 2, 1, -8, 2, 2, -3, 4, 2, 2, 2, 1, 2, 1, 2, 2, 2, -3, -2, 2, 2, 2, -4, -2, 3, -2, -2, -2, -2, -2, 1, 1, 7, 2, -4, -2, -2, -2, -2, 7, 2, -4, -2, -2, -2, -2, 2, 8, 2, -2, -2, -2, -2, -2, 2, -2, -2, -2, -2, -2, 2, -2, -2, -2, -2, 8, -8, 2, 2, -3, 4, 2, 2, 2, 1, 2, 1, -8, 2, 2, -3, 4, 2, 2, 2, 1, 2, 1, 2, 2, 2, -3, -2, 2, 2, 2, -4, -2, 3, -2, -2, -2, -2, -2, 8, -4, -3, -3, 5, -2, 3, -2, -2, -2, -2, -2),):
('K.512 KernScores', 'P1', 1, (106, 240), (22,), (1.5,), (48,), (3.5,))
('K.512 KernScores', 'P1', 1, (366, 500), (77,), (1.5,), (103,), (3.5,))

2.    ((-8, 14, -2, -2, -2, 4, -2, -2, -2, -5, 1, 1, -2, 1, 1, 2, 2, -8, 4, 2, 2, 2, 2, -8, 4),):
('K.512 KernScores', 'P2', 1, (92, 117), (39,), (1.0,), (48,), (3.0,))
('K.512 KernScores', 'P2', 1, (237, 262), (94,), (1.0,), (103,), (3.0,))

3.    ((3, -4, 4, -5, 5, -6, 6, -7, 7, -8, 8, -7, 6, -2, -2, -2, -2),):
('K.512 KernScores', 'P1', 1, (30, 47), (9,), (1.0,), (11,), (3.0,))
('K.512 KernScores', 'P1', 1, (48, 65), (12,), (1.0,), (14,), (3.0,))

4.    ((2, 2, 2, 2, 2, 2, -2, -2, -2, -2, -2, -2),):
('K.512 KernScores', 'P1', 1, (246, 258), (51,), (1.0,), (52,), (3.5,))
('K.512 KernScores', 'P1', 1, (258, 270), (53,), (1.0,), (54,), (3.5,))

5.    ((2, -2, -2, -2, -2, -2, -2, -2, -2, -2),):
('K.512 KernScores', 'P1', 1, (263, 273), (53,), (3.5,), (55,), (2.0,))
('K.512 KernScores', 'P2', 1, (15, 25), (8,), (1.0,), (10,), (2.0,))

6.    ((2, 2, -3, 4, 2, -2, -2, -2, -2),):
('K.512 KernScores', 'P2', 1, (1, 10), (5,), (2.0,), (6,), (3.5,))
('K.512 KernScores', 'P2', 1, (11, 20), (7,), (2.0,), (8,), (3.5,))

7.    ((1, 1, 1, 4, 1, 1, 1, -2, -3),):
('K.512 KernScores', 'P2', 2, (3, 12), (24,), (1.0,), (36,), (2.0,))
('K.512 KernScores', 'P2', 2, (23, 32), (79,), (1.0,), (91,), (2.0,))

8.    ((-2, -2, -2, -2, -2, 2, 2, -8),):
('K.512 KernScores', 'P2', 1, (20, 28), (9,), (1.0,), (11,), (2.0,))
('K.512 KernScores', 'P2', 1, (29, 37), (12,), (1.0,), (14,), (2.0,))

9.    ((-2, -2, -2, 4, -2, -2, -2),):
('K.512 KernScores', 'P1', 1, (342, 349), (72,), (2.0,), (73,), (2.5,))
('K.512 KernScores', 'P1', 1, (352, 359), (74,), (2.0,), (75,), (2.5,))
('K.512 KernScores', 'P2', 1, (61, 68), (24,), (3.0,), (27,), (2.0,))
('K.512 KernScores', 'P2', 1, (94, 101), (40,), (3.0,), (43,), (2.0,))
('K.512 KernScores', 'P2', 1, (182, 189), (68,), (3.0,), (71,), (2.0,))
('K.512 KernScores', 'P2', 1, (208, 215), (79,), (3.0,), (82,), (2.0,))
('K.512 KernScores', 'P2', 1, (239, 246), (95,), (3.0,), (98,), (2.0,))

10.    (((3, 2), (3, 1), (3, -2), (3, -2), -2, 2, 2),):
('K.512 KernScores', 'P2', 1, (81, 88), (33,), (1.0,), (37,), (2.0,))
('K.512 KernScores', 'P2', 1, (228, 235), (88,), (1.0,), (92,), (2.0,))

11.    ((2, 2, -3, 4, 2),):
('K.512 KernScores', 'P1', 1, (117, 122), (24,), (2.0,), (25,), (1.0,))
('K.512 KernScores', 'P1', 1, (128, 133), (26,), (2.0,), (27,), (1.0,))
('K.512 KernScores', 'P1', 1, (191, 196), (40,), (2.0,), (41,), (1.0,))
('K.512 KernScores', 'P1', 1, (202, 207), (42,), (2.0,), (43,), (1.0,))
('K.512 KernScores', 'P1', 1, (320, 325), (68,), (2.0,), (69,), (1.0,))
('K.512 KernScores', 'P1', 1, (331, 336), (70,), (2.0,), (71,), (1.0,))
('K.512 KernScores', 'P1', 1, (377, 382), (79,), (2.0,), (80,), (1.0,))
('K.512 KernScores', 'P1', 1, (388, 393), (81,), (2.0,), (82,), (1.0,))
('K.512 KernScores', 'P1', 1, (451, 456), (95,), (2.0,), (96,), (1.0,))
('K.512 KernScores', 'P1', 1, (462, 467), (97,), (2.0,), (98,), (1.0,))
('K.512 KernScores', 'P2', 1, (1, 6), (5,), (2.0,), (6,), (1.0,))

12.    ((2, 2, -3, 4, -2),):
('K.512 KernScores', 'P1', 1, (291, 296), (60,), (2.0,), (61,), (1.0,))
('K.512 KernScores', 'P1', 1, (306, 311), (64,), (2.0,), (65,), (1.0,))
('K.512 KernScores', 'P2', 1, (138, 143), (57,), (2.0,), (58,), (1.0,))
('K.512 KernScores', 'P2', 1, (153, 158), (61,), (2.0,), (62,), (1.0,))
('K.512 KernScores', 'P2', 1, (168, 173), (65,), (2.0,), (66,), (1.0,))

13.    ((3, -2, -2, -2, 2),):
('K.512 KernScores', 'P1', 1, (8, 13), (3,), (1.0,), (3,), (3.5,))
('K.512 KernScores', 'P1', 1, (13, 18), (4,), (1.0,), (4,), (3.5,))

14.    ((-8, 8, -8, 7, -8),):
('K.512 KernScores', 'P1', 1, (83, 88), (18,), (2.0,), (19,), (1.0,))
('K.512 KernScores', 'P1', 1, (89, 94), (19,), (2.0,), (20,), (1.0,))

15.    ((8, -2, -2, -2, -2),):
('K.512 KernScores', 'P2', 1, (41, 46), (16,), (1.0,), (17,), (3.0,))
('K.512 KernScores', 'P2', 1, (118, 123), (50,), (1.0,), (51,), (3.0,))

16.    ((-2, 2, 2, 2),):
('K.512 KernScores', 'P1', 1, (142, 146), (28,), (3.5,), (29,), (2.5,))
('K.512 KernScores', 'P1', 1, (216, 220), (44,), (3.5,), (45,), (2.5,))
('K.512 KernScores', 'P1', 1, (402, 406), (83,), (3.5,), (84,), (2.5,))
('K.512 KernScores', 'P1', 1, (476, 480), (99,), (3.5,), (100,), (2.5,))
('K.512 KernScores', 'P2', 1, (232, 236), (91,), (2.0,), (92,), (3.0,))

17.    ((-3, -2, 2, 2),):
('K.512 KernScores', 'P1', 1, (141, 145), (28,), (3.0,), (29,), (2.0,))
('K.512 KernScores', 'P1', 1, (215, 219), (44,), (3.0,), (45,), (2.0,))
('K.512 KernScores', 'P1', 1, (401, 405), (83,), (3.0,), (84,), (2.0,))
('K.512 KernScores', 'P1', 1, (475, 479), (99,), (3.0,), (100,), (2.0,))
('K.512 KernScores', 'P2', 2, (31, 35), (91,), (2.0,), (93,), (2.0,))

18.    ((-2, 2, 2),):
('K.512 KernScores', 'P1', 1, (142, 145), (28,), (3.5,), (29,), (2.0,))
('K.512 KernScores', 'P1', 1, (216, 219), (44,), (3.5,), (45,), (2.0,))
('K.512 KernScores', 'P1', 1, (257, 260), (52,), (3.5,), (53,), (1.5,))
('K.512 KernScores', 'P1', 1, (289, 292), (60,), (1.0,), (60,), (2.0,))
('K.512 KernScores', 'P1', 1, (304, 307), (64,), (1.0,), (64,), (2.0,))
('K.512 KernScores', 'P1', 1, (402, 405), (83,), (3.5,), (84,), (2.0,))
('K.512 KernScores', 'P1', 1, (476, 479), (99,), (3.5,), (100,), (2.0,))
('K.512 KernScores', 'P2', 1, (24, 27), (10,), (2.0,), (11,), (1.0,))
('K.512 KernScores', 'P2', 1, (33, 36), (13,), (2.0,), (14,), (1.0,))
('K.512 KernScores', 'P2', 1, (85, 88), (36,), (2.0,), (37,), (2.0,))
('K.512 KernScores', 'P2', 1, (122, 125), (51,), (3.0,), (52,), (2.0,))
('K.512 KernScores', 'P2', 1, (128, 131), (53,), (3.0,), (54,), (2.0,))
('K.512 KernScores', 'P2', 1, (232, 235), (91,), (2.0,), (92,), (2.0,))
('K.512 KernScores', 'P2', 2, (32, 35), (91,), (3.0,), (93,), (2.0,))

19.    ((2, 2, 1),):
('K.512 KernScores', 'P1', 1, (122, 125), (25,), (1.5,), (25,), (2.5,))
('K.512 KernScores', 'P1', 1, (133, 136), (27,), (1.5,), (27,), (2.5,))
('K.512 KernScores', 'P1', 1, (196, 199), (41,), (1.5,), (41,), (2.5,))
('K.512 KernScores', 'P1', 1, (207, 210), (43,), (1.5,), (43,), (2.5,))
('K.512 KernScores', 'P1', 1, (325, 328), (69,), (1.5,), (69,), (2.5,))
('K.512 KernScores', 'P1', 1, (336, 339), (71,), (1.5,), (71,), (2.5,))
('K.512 KernScores', 'P1', 1, (382, 385), (80,), (1.5,), (80,), (2.5,))
('K.512 KernScores', 'P1', 1, (393, 396), (82,), (1.5,), (82,), (2.5,))
('K.512 KernScores', 'P1', 1, (456, 459), (96,), (1.5,), (96,), (2.5,))
('K.512 KernScores', 'P1', 1, (467, 470), (98,), (1.5,), (98,), (2.5,))
('K.512 KernScores', 'P2', 2, (21, 24), (77,), (1.0,), (79,), (1.0,))

20.    ((1, 2, 2),):
('K.512 KernScores', 'P1', 1, (137, 140), (27,), (3.5,), (28,), (2.0,))
('K.512 KernScores', 'P1', 1, (211, 214), (43,), (3.5,), (44,), (2.0,))
('K.512 KernScores', 'P1', 1, (397, 400), (82,), (3.5,), (83,), (2.0,))
('K.512 KernScores', 'P1', 1, (471, 474), (98,), (3.5,), (99,), (2.0,))
('K.512 KernScores', 'P2', 1, (73, 76), (29,), (2.0,), (30,), (1.0,))
('K.512 KernScores', 'P2', 1, (106, 109), (45,), (2.0,), (46,), (1.0,))
('K.512 KernScores', 'P2', 1, (220, 223), (84,), (2.0,), (85,), (1.0,))
('K.512 KernScores', 'P2', 1, (251, 254), (100,), (2.0,), (101,), (1.0,))

21.    ((-2, 1, 1),):
('K.512 KernScores', 'P1', 1, (153, 156), (30,), (3.5,), (31,), (2.0,))
('K.512 KernScores', 'P1', 1, (413, 416), (85,), (3.5,), (86,), (2.0,))
('K.512 KernScores', 'P2', 1, (71, 74), (28,), (3.0,), (29,), (2.0,))
('K.512 KernScores', 'P2', 1, (104, 107), (44,), (3.0,), (45,), (2.0,))
('K.512 KernScores', 'P2', 1, (218, 221), (83,), (3.0,), (84,), (2.0,))
('K.512 KernScores', 'P2', 1, (249, 252), (99,), (3.0,), (100,), (2.0,))
('K.512 KernScores', 'P2', 2, (35, 38), (93,), (3.0,), (96,), (1.0,))

22.    ((1, 1, -2),):
('K.512 KernScores', 'P2', 1, (69, 72), (28,), (1.0,), (28,), (3.0,))
('K.512 KernScores', 'P2', 1, (102, 105), (44,), (1.0,), (44,), (3.0,))
('K.512 KernScores', 'P2', 1, (216, 219), (83,), (1.0,), (83,), (3.0,))
('K.512 KernScores', 'P2', 1, (247, 250), (99,), (1.0,), (99,), (3.0,))
('K.512 KernScores', 'P2', 2, (8, 11), (33,), (1.0,), (35,), (1.0,))
('K.512 KernScores', 'P2', 2, (28, 31), (88,), (1.0,), (90,), (1.0,))

23.    ((1, 1, 1),):
('K.512 KernScores', 'P2', 2, (12, 15), (36,), (3.0,), (41,), (1.0,))
('K.512 KernScores', 'P2', 2, (17, 20), (68,), (1.0,), (70,), (1.0,))
('K.512 KernScores', 'P2', 2, (36, 39), (95,), (1.0,), (97,), (1.0,))

24.    ((-3, -3, 8),):
('K.512 KernScores', 'P1', 1, (67, 70), (15,), (1.5,), (15,), (2.5,))
('K.512 KernScores', 'P2', 1, (39, 42), (15,), (3.0,), (16,), (1.0,))

25.    ((2, 2, -8),):
('K.512 KernScores', 'P1', 1, (81, 84), (18,), (1.0,), (18,), (2.0,))
('K.512 KernScores', 'P2', 1, (25, 28), (10,), (3.0,), (11,), (2.0,))

26.    ((2, 2),):
('K.512 KernScores', 'P1', 1, (71, 73), (16,), (2.0,), (16,), (2.5,))
('K.512 KernScores', 'P1', 1, (73, 75), (16,), (3.0,), (16,), (3.5,))
('K.512 KernScores', 'P1', 1, (75, 77), (17,), (1.0,), (17,), (1.5,))
('K.512 KernScores', 'P1', 1, (77, 79), (17,), (2.0,), (17,), (2.5,))
('K.512 KernScores', 'P1', 1, (79, 81), (17,), (3.0,), (17,), (3.5,))
('K.512 KernScores', 'P1', 1, (81, 83), (18,), (1.0,), (18,), (1.5,))
('K.512 KernScores', 'P1', 1, (117, 119), (24,), (2.0,), (24,), (2.5,))
('K.512 KernScores', 'P1', 1, (121, 123), (25,), (1.0,), (25,), (1.5,))
('K.512 KernScores', 'P1', 1, (128, 130), (26,), (2.0,), (26,), (2.5,))
('K.512 KernScores', 'P1', 1, (132, 134), (27,), (1.0,), (27,), (1.5,))
('K.512 KernScores', 'P1', 1, (138, 140), (28,), (1.5,), (28,), (2.0,))
('K.512 KernScores', 'P1', 1, (191, 193), (40,), (2.0,), (40,), (2.5,))
('K.512 KernScores', 'P1', 1, (195, 197), (41,), (1.0,), (41,), (1.5,))
('K.512 KernScores', 'P1', 1, (202, 204), (42,), (2.0,), (42,), (2.5,))
('K.512 KernScores', 'P1', 1, (206, 208), (43,), (1.0,), (43,), (1.5,))
('K.512 KernScores', 'P1', 1, (212, 214), (44,), (1.5,), (44,), (2.0,))
('K.512 KernScores', 'P1', 1, (242, 244), (50,), (2.0,), (50,), (2.5,))
('K.512 KernScores', 'P1', 1, (244, 246), (50,), (3.0,), (50,), (3.5,))
('K.512 KernScores', 'P1', 1, (246, 248), (51,), (1.0,), (51,), (1.5,))
('K.512 KernScores', 'P1', 1, (248, 250), (51,), (2.0,), (51,), (2.5,))
('K.512 KernScores', 'P1', 1, (260, 262), (53,), (2.0,), (53,), (2.5,))
('K.512 KernScores', 'P1', 1, (320, 322), (68,), (2.0,), (68,), (2.5,))
('K.512 KernScores', 'P1', 1, (324, 326), (69,), (1.0,), (69,), (1.5,))
('K.512 KernScores', 'P1', 1, (331, 333), (70,), (2.0,), (70,), (2.5,))
('K.512 KernScores', 'P1', 1, (335, 337), (71,), (1.0,), (71,), (1.5,))
('K.512 KernScores', 'P1', 1, (377, 379), (79,), (2.0,), (79,), (2.5,))
('K.512 KernScores', 'P1', 1, (381, 383), (80,), (1.0,), (80,), (1.5,))
('K.512 KernScores', 'P1', 1, (388, 390), (81,), (2.0,), (81,), (2.5,))
('K.512 KernScores', 'P1', 1, (392, 394), (82,), (1.0,), (82,), (1.5,))
('K.512 KernScores', 'P1', 1, (398, 400), (83,), (1.5,), (83,), (2.0,))
('K.512 KernScores', 'P1', 1, (451, 453), (95,), (2.0,), (95,), (2.5,))
('K.512 KernScores', 'P1', 1, (455, 457), (96,), (1.0,), (96,), (1.5,))
('K.512 KernScores', 'P1', 1, (462, 464), (97,), (2.0,), (97,), (2.5,))
('K.512 KernScores', 'P1', 1, (466, 468), (98,), (1.0,), (98,), (1.5,))
('K.512 KernScores', 'P1', 1, (472, 474), (99,), (1.5,), (99,), (2.0,))
('K.512 KernScores', 'P2', 1, (1, 3), (5,), (2.0,), (5,), (2.5,))
('K.512 KernScores', 'P2', 1, (11, 13), (7,), (2.0,), (7,), (2.5,))
('K.512 KernScores', 'P2', 1, (53, 55), (21,), (1.0,), (21,), (2.0,))
('K.512 KernScores', 'P2', 1, (74, 76), (29,), (3.0,), (30,), (1.0,))
('K.512 KernScores', 'P2', 1, (107, 109), (45,), (3.0,), (46,), (1.0,))
('K.512 KernScores', 'P2', 1, (111, 113), (47,), (1.0,), (47,), (2.0,))
('K.512 KernScores', 'P2', 1, (113, 115), (47,), (3.0,), (48,), (1.0,))
('K.512 KernScores', 'P2', 1, (138, 140), (57,), (2.0,), (57,), (2.5,))
('K.512 KernScores', 'P2', 1, (153, 155), (61,), (2.0,), (61,), (2.5,))
('K.512 KernScores', 'P2', 1, (168, 170), (65,), (2.0,), (65,), (2.5,))
('K.512 KernScores', 'P2', 1, (221, 223), (84,), (3.0,), (85,), (1.0,))
('K.512 KernScores', 'P2', 1, (252, 254), (100,), (3.0,), (101,), (1.0,))
('K.512 KernScores', 'P2', 1, (256, 258), (102,), (1.0,), (102,), (2.0,))
('K.512 KernScores', 'P2', 1, (258, 260), (102,), (3.0,), (103,), (1.0,))
('K.512 KernScores', 'P2', 1, (262, 264), (104,), (1.0,), (104,), (2.0,))
('K.512 KernScores', 'P2', 1, (264, 266), (104,), (3.0,), (105,), (1.0,))
('K.512 KernScores', 'P2', 2, (0, 2), (19,), (1.0,), (19,), (2.0,))
('K.512 KernScores', 'P2', 2, (21, 23), (77,), (1.0,), (77,), (3.0,))

27.    ((1, -8),):
('K.512 KernScores', 'P1', 1, (126, 128), (25,), (3.5,), (26,), (1.5,))
('K.512 KernScores', 'P1', 1, (200, 202), (41,), (3.5,), (42,), (1.5,))
('K.512 KernScores', 'P1', 1, (329, 331), (69,), (3.5,), (70,), (1.5,))
('K.512 KernScores', 'P1', 1, (386, 388), (80,), (3.5,), (81,), (1.5,))
('K.512 KernScores', 'P1', 1, (460, 462), (96,), (3.5,), (97,), (1.5,))
('K.512 KernScores', 'P2', 1, (205, 207), (77,), (1.0,), (78,), (1.0,))

28.    ((2, -3),):
('K.512 KernScores', 'P1', 1, (140, 142), (28,), (2.5,), (28,), (3.0,))
('K.512 KernScores', 'P1', 1, (214, 216), (44,), (2.5,), (44,), (3.0,))
('K.512 KernScores', 'P1', 1, (400, 402), (83,), (2.5,), (83,), (3.0,))
('K.512 KernScores', 'P1', 1, (474, 476), (99,), (2.5,), (99,), (3.0,))
('K.512 KernScores', 'P2', 1, (179, 181), (67,), (2.5,), (67,), (3.0,))

29.    ((4, -5),):
('K.512 KernScores', 'P1', 1, (32, 34), (9,), (2.0,), (9,), (2.5,))
('K.512 KernScores', 'P1', 1, (50, 52), (12,), (2.0,), (12,), (2.5,))
('K.512 KernScores', 'P2', 1, (48, 50), (18,), (3.0,), (19,), (1.0,))

30.    ((1, 4),):
('K.512 KernScores', 'P1', 1, (6, 8), (2,), (2.0,), (2,), (3.0,))
('K.512 KernScores', 'P2', 2, (5, 7), (26,), (1.0,), (27,), (1.0,))
('K.512 KernScores', 'P2', 2, (25, 27), (81,), (1.0,), (82,), (1.0,))

31.    ((2, 3),):
('K.512 KernScores', 'P1', 1, (12, 14), (3,), (3.5,), (4,), (1.0,))
('K.512 KernScores', 'P1', 1, (339, 341), (71,), (3.0,), (71,), (3.5,))
('K.512 KernScores', 'P2', 2, (1, 3), (19,), (2.0,), (19,), (3.0,))

32.    ((1, -5),):
('K.512 KernScores', 'P1', 2, (1, 3), (32,), (2.0,), (34,), (2.0,))
('K.512 KernScores', 'P1', 2, (4, 6), (87,), (2.0,), (89,), (2.0,))

33.    ((-2,),):
('K.512 KernScores', 'P1', 1, (1, 2), (1,), (2.0,), (1,), (2.0,))
('K.512 KernScores', 'P1', 1, (2, 3), (1,), (2.5,), (1,), (2.5,))
('K.512 KernScores', 'P1', 1, (3, 4), (1,), (3.0,), (1,), (3.0,))
('K.512 KernScores', 'P1', 1, (4, 5), (1,), (3.5,), (1,), (3.5,))
('K.512 KernScores', 'P1', 1, (9, 10), (3,), (2.0,), (3,), (2.0,))
('K.512 KernScores', 'P1', 1, (10, 11), (3,), (2.5,), (3,), (2.5,))
('K.512 KernScores', 'P1', 1, (14, 15), (4,), (2.0,), (4,), (2.0,))
('K.512 KernScores', 'P1', 1, (15, 16), (4,), (2.5,), (4,), (2.5,))
('K.512 KernScores', 'P1', 1, (18, 19), (5,), (1.0,), (5,), (1.0,))
('K.512 KernScores', 'P1', 1, (43, 44), (11,), (1.5,), (11,), (1.5,))
('K.512 KernScores', 'P1', 1, (44, 45), (11,), (2.0,), (11,), (2.0,))
('K.512 KernScores', 'P1', 1, (45, 46), (11,), (2.5,), (11,), (2.5,))
('K.512 KernScores', 'P1', 1, (46, 47), (11,), (3.0,), (11,), (3.0,))
('K.512 KernScores', 'P1', 1, (61, 62), (14,), (1.5,), (14,), (1.5,))
('K.512 KernScores', 'P1', 1, (62, 63), (14,), (2.0,), (14,), (2.0,))
('K.512 KernScores', 'P1', 1, (63, 64), (14,), (2.5,), (14,), (2.5,))
('K.512 KernScores', 'P1', 1, (101, 102), (21,), (2.0,), (21,), (2.0,))
('K.512 KernScores', 'P1', 1, (102, 103), (21,), (2.5,), (21,), (2.5,))
('K.512 KernScores', 'P1', 1, (105, 106), (22,), (1.0,), (22,), (1.0,))
('K.512 KernScores', 'P1', 1, (106, 107), (22,), (1.5,), (22,), (1.5,))
('K.512 KernScores', 'P1', 1, (107, 108), (22,), (2.0,), (22,), (2.0,))
('K.512 KernScores', 'P1', 1, (108, 109), (22,), (2.5,), (22,), (2.5,))
('K.512 KernScores', 'P1', 1, (111, 112), (23,), (1.0,), (23,), (1.0,))
('K.512 KernScores', 'P1', 1, (112, 113), (23,), (1.0,), (23,), (1.0,))
('K.512 KernScores', 'P1', 1, (113, 114), (23,), (2.0,), (23,), (2.0,))
('K.512 KernScores', 'P1', 1, (114, 115), (23,), (2.75,), (23,), (2.75,))
('K.512 KernScores', 'P1', 1, (147, 148), (29,), (3.5,), (29,), (3.5,))
('K.512 KernScores', 'P1', 1, (149, 150), (30,), (1.5,), (30,), (1.5,))
('K.512 KernScores', 'P1', 1, (150, 151), (30,), (2.0,), (30,), (2.0,))
('K.512 KernScores', 'P1', 1, (151, 152), (30,), (2.5,), (30,), (2.5,))
('K.512 KernScores', 'P1', 1, (152, 153), (30,), (3.0,), (30,), (3.0,))
('K.512 KernScores', 'P1', 1, (159, 160), (33,), (1.5,), (33,), (1.5,))
('K.512 KernScores', 'P1', 1, (160, 161), (33,), (2.0,), (33,), (2.0,))
('K.512 KernScores', 'P1', 1, (161, 162), (33,), (2.5,), (33,), (2.5,))
('K.512 KernScores', 'P1', 1, (162, 163), (33,), (3.0,), (33,), (3.0,))
('K.512 KernScores', 'P1', 1, (166, 167), (35,), (1.5,), (35,), (1.5,))
('K.512 KernScores', 'P1', 1, (167, 168), (35,), (2.0,), (35,), (2.0,))
('K.512 KernScores', 'P1', 1, (168, 169), (35,), (2.5,), (35,), (2.5,))
('K.512 KernScores', 'P1', 1, (174, 175), (37,), (1.5,), (37,), (1.5,))
('K.512 KernScores', 'P1', 1, (175, 176), (37,), (2.0,), (37,), (2.0,))
('K.512 KernScores', 'P1', 1, (176, 177), (37,), (2.5,), (37,), (2.5,))
('K.512 KernScores', 'P1', 1, (179, 180), (38,), (1.0,), (38,), (1.0,))
('K.512 KernScores', 'P1', 1, (180, 181), (38,), (1.5,), (38,), (1.5,))
('K.512 KernScores', 'P1', 1, (181, 182), (38,), (2.0,), (38,), (2.0,))
('K.512 KernScores', 'P1', 1, (182, 183), (38,), (2.5,), (38,), (2.5,))
('K.512 KernScores', 'P1', 1, (185, 186), (39,), (1.0,), (39,), (1.0,))
('K.512 KernScores', 'P1', 1, (186, 187), (39,), (1.0,), (39,), (1.0,))
('K.512 KernScores', 'P1', 1, (187, 188), (39,), (2.0,), (39,), (2.0,))
('K.512 KernScores', 'P1', 1, (188, 189), (39,), (2.75,), (39,), (2.75,))
('K.512 KernScores', 'P1', 1, (221, 222), (45,), (3.5,), (45,), (3.5,))
('K.512 KernScores', 'P1', 1, (223, 224), (46,), (1.5,), (46,), (1.5,))
('K.512 KernScores', 'P1', 1, (224, 225), (46,), (2.0,), (46,), (2.0,))
('K.512 KernScores', 'P1', 1, (225, 226), (46,), (2.5,), (46,), (2.5,))
('K.512 KernScores', 'P1', 1, (226, 227), (46,), (3.0,), (46,), (3.0,))
('K.512 KernScores', 'P1', 1, (227, 228), (46,), (3.5,), (46,), (3.5,))
('K.512 KernScores', 'P1', 1, (233, 234), (47,), (3.5,), (47,), (3.5,))
('K.512 KernScores', 'P1', 1, (235, 236), (48,), (1.5,), (48,), (1.5,))
('K.512 KernScores', 'P1', 1, (236, 237), (48,), (2.0,), (48,), (2.0,))
('K.512 KernScores', 'P1', 1, (237, 238), (48,), (2.5,), (48,), (2.5,))
('K.512 KernScores', 'P1', 1, (238, 239), (48,), (3.0,), (48,), (3.0,))
('K.512 KernScores', 'P1', 1, (239, 240), (48,), (3.5,), (48,), (3.5,))
('K.512 KernScores', 'P1', 1, (253, 254), (52,), (1.5,), (52,), (1.5,))
('K.512 KernScores', 'P1', 1, (254, 255), (52,), (2.0,), (52,), (2.0,))
('K.512 KernScores', 'P1', 1, (255, 256), (52,), (2.5,), (52,), (2.5,))
('K.512 KernScores', 'P1', 1, (256, 257), (52,), (3.0,), (52,), (3.0,))
('K.512 KernScores', 'P1', 1, (265, 266), (54,), (1.5,), (54,), (1.5,))
('K.512 KernScores', 'P1', 1, (266, 267), (54,), (2.0,), (54,), (2.0,))
('K.512 KernScores', 'P1', 1, (267, 268), (54,), (2.5,), (54,), (2.5,))
('K.512 KernScores', 'P1', 1, (268, 269), (54,), (3.0,), (54,), (3.0,))
('K.512 KernScores', 'P1', 1, (269, 270), (54,), (3.5,), (54,), (3.5,))
('K.512 KernScores', 'P1', 1, (270, 271), (55,), (1.0,), (55,), (1.0,))
('K.512 KernScores', 'P1', 1, (271, 272), (55,), (1.5,), (55,), (1.5,))
('K.512 KernScores', 'P1', 1, (272, 273), (55,), (2.0,), (55,), (2.0,))
('K.512 KernScores', 'P1', 1, (273, 274), (55,), (2.5,), (55,), (2.5,))
('K.512 KernScores', 'P1', 1, (276, 277), (56,), (1.0,), (56,), (1.0,))
('K.512 KernScores', 'P1', 1, (277, 278), (56,), (1.0,), (56,), (1.0,))
('K.512 KernScores', 'P1', 1, (278, 279), (56,), (2.0,), (56,), (2.0,))
('K.512 KernScores', 'P1', 1, (279, 280), (56,), (2.75,), (56,), (2.75,))
('K.512 KernScores', 'P1', 1, (295, 296), (61,), (1.0,), (61,), (1.0,))
('K.512 KernScores', 'P1', 1, (310, 311), (65,), (1.0,), (65,), (1.0,))
('K.512 KernScores', 'P1', 1, (341, 342), (72,), (1.5,), (72,), (1.5,))
('K.512 KernScores', 'P1', 1, (342, 343), (72,), (2.0,), (72,), (2.0,))
('K.512 KernScores', 'P1', 1, (343, 344), (72,), (2.5,), (72,), (2.5,))
('K.512 KernScores', 'P1', 1, (344, 345), (72,), (3.0,), (72,), (3.0,))
('K.512 KernScores', 'P1', 1, (346, 347), (73,), (1.5,), (73,), (1.5,))
('K.512 KernScores', 'P1', 1, (347, 348), (73,), (2.0,), (73,), (2.0,))
('K.512 KernScores', 'P1', 1, (348, 349), (73,), (2.5,), (73,), (2.5,))
('K.512 KernScores', 'P1', 1, (349, 350), (73,), (3.0,), (73,), (3.0,))
('K.512 KernScores', 'P1', 1, (351, 352), (74,), (1.5,), (74,), (1.5,))
('K.512 KernScores', 'P1', 1, (352, 353), (74,), (2.0,), (74,), (2.0,))
('K.512 KernScores', 'P1', 1, (353, 354), (74,), (2.5,), (74,), (2.5,))
('K.512 KernScores', 'P1', 1, (354, 355), (74,), (3.0,), (74,), (3.0,))
('K.512 KernScores', 'P1', 1, (356, 357), (75,), (1.5,), (75,), (1.5,))
('K.512 KernScores', 'P1', 1, (357, 358), (75,), (2.0,), (75,), (2.0,))
('K.512 KernScores', 'P1', 1, (358, 359), (75,), (2.5,), (75,), (2.5,))
('K.512 KernScores', 'P1', 1, (359, 360), (75,), (3.0,), (75,), (3.0,))
('K.512 KernScores', 'P1', 1, (361, 362), (76,), (1.5,), (76,), (1.5,))
('K.512 KernScores', 'P1', 1, (362, 363), (76,), (2.0,), (76,), (2.0,))
('K.512 KernScores', 'P1', 1, (363, 364), (76,), (2.5,), (76,), (2.5,))
('K.512 KernScores', 'P1', 1, (364, 365), (76,), (3.0,), (76,), (3.0,))
('K.512 KernScores', 'P1', 1, (366, 367), (77,), (1.5,), (77,), (1.5,))
('K.512 KernScores', 'P1', 1, (367, 368), (77,), (2.0,), (77,), (2.0,))
('K.512 KernScores', 'P1', 1, (368, 369), (77,), (2.5,), (77,), (2.5,))
('K.512 KernScores', 'P1', 1, (371, 372), (78,), (1.0,), (78,), (1.0,))
('K.512 KernScores', 'P1', 1, (372, 373), (78,), (1.0,), (78,), (1.0,))
('K.512 KernScores', 'P1', 1, (373, 374), (78,), (2.0,), (78,), (2.0,))
('K.512 KernScores', 'P1', 1, (374, 375), (78,), (2.75,), (78,), (2.75,))
('K.512 KernScores', 'P1', 1, (407, 408), (84,), (3.5,), (84,), (3.5,))
('K.512 KernScores', 'P1', 1, (409, 410), (85,), (1.5,), (85,), (1.5,))
('K.512 KernScores', 'P1', 1, (410, 411), (85,), (2.0,), (85,), (2.0,))
('K.512 KernScores', 'P1', 1, (411, 412), (85,), (2.5,), (85,), (2.5,))
('K.512 KernScores', 'P1', 1, (412, 413), (85,), (3.0,), (85,), (3.0,))
('K.512 KernScores', 'P1', 1, (419, 420), (88,), (1.5,), (88,), (1.5,))
('K.512 KernScores', 'P1', 1, (420, 421), (88,), (2.0,), (88,), (2.0,))
('K.512 KernScores', 'P1', 1, (421, 422), (88,), (2.5,), (88,), (2.5,))
('K.512 KernScores', 'P1', 1, (422, 423), (88,), (3.0,), (88,), (3.0,))
('K.512 KernScores', 'P1', 1, (426, 427), (90,), (1.5,), (90,), (1.5,))
('K.512 KernScores', 'P1', 1, (427, 428), (90,), (2.0,), (90,), (2.0,))
('K.512 KernScores', 'P1', 1, (428, 429), (90,), (2.5,), (90,), (2.5,))
('K.512 KernScores', 'P1', 1, (434, 435), (92,), (1.5,), (92,), (1.5,))
('K.512 KernScores', 'P1', 1, (435, 436), (92,), (2.0,), (92,), (2.0,))
('K.512 KernScores', 'P1', 1, (436, 437), (92,), (2.5,), (92,), (2.5,))
('K.512 KernScores', 'P1', 1, (439, 440), (93,), (1.0,), (93,), (1.0,))
('K.512 KernScores', 'P1', 1, (440, 441), (93,), (1.5,), (93,), (1.5,))
('K.512 KernScores', 'P1', 1, (441, 442), (93,), (2.0,), (93,), (2.0,))
('K.512 KernScores', 'P1', 1, (442, 443), (93,), (2.5,), (93,), (2.5,))
('K.512 KernScores', 'P1', 1, (445, 446), (94,), (1.0,), (94,), (1.0,))
('K.512 KernScores', 'P1', 1, (446, 447), (94,), (1.0,), (94,), (1.0,))
('K.512 KernScores', 'P1', 1, (447, 448), (94,), (2.0,), (94,), (2.0,))
('K.512 KernScores', 'P1', 1, (448, 449), (94,), (2.75,), (94,), (2.75,))
('K.512 KernScores', 'P1', 1, (481, 482), (100,), (3.5,), (100,), (3.5,))
('K.512 KernScores', 'P1', 1, (483, 484), (101,), (1.5,), (101,), (1.5,))
('K.512 KernScores', 'P1', 1, (484, 485), (101,), (2.0,), (101,), (2.0,))
('K.512 KernScores', 'P1', 1, (485, 486), (101,), (2.5,), (101,), (2.5,))
('K.512 KernScores', 'P1', 1, (486, 487), (101,), (3.0,), (101,), (3.0,))
('K.512 KernScores', 'P1', 1, (487, 488), (101,), (3.5,), (101,), (3.5,))
('K.512 KernScores', 'P1', 1, (493, 494), (102,), (3.5,), (102,), (3.5,))
('K.512 KernScores', 'P1', 1, (495, 496), (103,), (1.5,), (103,), (1.5,))
('K.512 KernScores', 'P1', 1, (496, 497), (103,), (2.0,), (103,), (2.0,))
('K.512 KernScores', 'P1', 1, (497, 498), (103,), (2.5,), (103,), (2.5,))
('K.512 KernScores', 'P1', 1, (498, 499), (103,), (3.0,), (103,), (3.0,))
('K.512 KernScores', 'P1', 1, (499, 500), (103,), (3.5,), (103,), (3.5,))
('K.512 KernScores', 'P1', 1, (504, 505), (104,), (3.5,), (104,), (3.5,))
('K.512 KernScores', 'P1', 1, (506, 507), (105,), (1.5,), (105,), (1.5,))
('K.512 KernScores', 'P1', 1, (507, 508), (105,), (2.0,), (105,), (2.0,))
('K.512 KernScores', 'P1', 1, (508, 509), (105,), (2.5,), (105,), (2.5,))
('K.512 KernScores', 'P1', 1, (509, 510), (105,), (3.0,), (105,), (3.0,))
('K.512 KernScores', 'P1', 1, (510, 511), (105,), (3.5,), (105,), (3.5,))
('K.512 KernScores', 'P2', 1, (7, 8), (6,), (2.5,), (6,), (2.5,))
('K.512 KernScores', 'P2', 1, (8, 9), (6,), (3.0,), (6,), (3.0,))
('K.512 KernScores', 'P2', 1, (17, 18), (8,), (2.5,), (8,), (2.5,))
('K.512 KernScores', 'P2', 1, (18, 19), (8,), (3.0,), (8,), (3.0,))
('K.512 KernScores', 'P2', 1, (19, 20), (8,), (3.5,), (8,), (3.5,))
('K.512 KernScores', 'P2', 1, (20, 21), (9,), (1.0,), (9,), (1.0,))
('K.512 KernScores', 'P2', 1, (21, 22), (9,), (2.0,), (9,), (2.0,))
('K.512 KernScores', 'P2', 1, (22, 23), (9,), (3.0,), (9,), (3.0,))
('K.512 KernScores', 'P2', 1, (23, 24), (10,), (1.0,), (10,), (1.0,))
('K.512 KernScores', 'P2', 1, (29, 30), (12,), (1.0,), (12,), (1.0,))
('K.512 KernScores', 'P2', 1, (30, 31), (12,), (2.0,), (12,), (2.0,))
('K.512 KernScores', 'P2', 1, (31, 32), (12,), (3.0,), (12,), (3.0,))
('K.512 KernScores', 'P2', 1, (32, 33), (13,), (1.0,), (13,), (1.0,))
('K.512 KernScores', 'P2', 1, (42, 43), (16,), (3.0,), (16,), (3.0,))
('K.512 KernScores', 'P2', 1, (43, 44), (17,), (1.0,), (17,), (1.0,))
('K.512 KernScores', 'P2', 1, (44, 45), (17,), (2.0,), (17,), (2.0,))
('K.512 KernScores', 'P2', 1, (45, 46), (17,), (3.0,), (17,), (3.0,))
('K.512 KernScores', 'P2', 1, (46, 47), (18,), (1.0,), (18,), (1.0,))
('K.512 KernScores', 'P2', 1, (47, 48), (18,), (2.0,), (18,), (2.0,))
('K.512 KernScores', 'P2', 1, (61, 62), (24,), (3.0,), (24,), (3.0,))
('K.512 KernScores', 'P2', 1, (62, 63), (25,), (1.0,), (25,), (1.0,))
('K.512 KernScores', 'P2', 1, (63, 64), (25,), (2.0,), (25,), (2.0,))
('K.512 KernScores', 'P2', 1, (65, 66), (26,), (3.0,), (26,), (3.0,))
('K.512 KernScores', 'P2', 1, (66, 67), (27,), (1.0,), (27,), (1.0,))
('K.512 KernScores', 'P2', 1, (67, 68), (27,), (2.0,), (27,), (2.0,))
('K.512 KernScores', 'P2', 1, (80, 81), (32,), (3.0,), (32,), (3.0,))
('K.512 KernScores', 'P2', 1, (94, 95), (40,), (3.0,), (40,), (3.0,))
('K.512 KernScores', 'P2', 1, (95, 96), (41,), (1.0,), (41,), (1.0,))
('K.512 KernScores', 'P2', 1, (96, 97), (41,), (2.0,), (41,), (2.0,))
('K.512 KernScores', 'P2', 1, (98, 99), (42,), (3.0,), (42,), (3.0,))
('K.512 KernScores', 'P2', 1, (99, 100), (43,), (1.0,), (43,), (1.0,))
('K.512 KernScores', 'P2', 1, (100, 101), (43,), (2.0,), (43,), (2.0,))
('K.512 KernScores', 'P2', 1, (119, 120), (50,), (3.0,), (50,), (3.0,))
('K.512 KernScores', 'P2', 1, (120, 121), (51,), (1.0,), (51,), (1.0,))
('K.512 KernScores', 'P2', 1, (121, 122), (51,), (2.0,), (51,), (2.0,))
('K.512 KernScores', 'P2', 1, (127, 128), (53,), (2.0,), (53,), (2.0,))
('K.512 KernScores', 'P2', 1, (142, 143), (58,), (1.0,), (58,), (1.0,))
('K.512 KernScores', 'P2', 1, (147, 148), (59,), (1.0,), (59,), (1.0,))
('K.512 KernScores', 'P2', 1, (157, 158), (62,), (1.0,), (62,), (1.0,))
('K.512 KernScores', 'P2', 1, (162, 163), (63,), (1.0,), (63,), (1.0,))
('K.512 KernScores', 'P2', 1, (172, 173), (66,), (1.0,), (66,), (1.0,))
('K.512 KernScores', 'P2', 1, (177, 178), (67,), (1.0,), (67,), (1.0,))
('K.512 KernScores', 'P2', 1, (182, 183), (68,), (3.0,), (68,), (3.0,))
('K.512 KernScores', 'P2', 1, (183, 184), (69,), (1.0,), (69,), (1.0,))
('K.512 KernScores', 'P2', 1, (184, 185), (69,), (2.0,), (69,), (2.0,))
('K.512 KernScores', 'P2', 1, (186, 187), (70,), (3.0,), (70,), (3.0,))
('K.512 KernScores', 'P2', 1, (187, 188), (71,), (1.0,), (71,), (1.0,))
('K.512 KernScores', 'P2', 1, (188, 189), (71,), (2.0,), (71,), (2.0,))
('K.512 KernScores', 'P2', 1, (208, 209), (79,), (3.0,), (79,), (3.0,))
('K.512 KernScores', 'P2', 1, (209, 210), (80,), (1.0,), (80,), (1.0,))
('K.512 KernScores', 'P2', 1, (210, 211), (80,), (2.0,), (80,), (2.0,))
('K.512 KernScores', 'P2', 1, (212, 213), (81,), (3.0,), (81,), (3.0,))
('K.512 KernScores', 'P2', 1, (213, 214), (82,), (1.0,), (82,), (1.0,))
('K.512 KernScores', 'P2', 1, (214, 215), (82,), (2.0,), (82,), (2.0,))
('K.512 KernScores', 'P2', 1, (239, 240), (95,), (3.0,), (95,), (3.0,))
('K.512 KernScores', 'P2', 1, (240, 241), (96,), (1.0,), (96,), (1.0,))
('K.512 KernScores', 'P2', 1, (241, 242), (96,), (2.0,), (96,), (2.0,))
('K.512 KernScores', 'P2', 1, (243, 244), (97,), (3.0,), (97,), (3.0,))
('K.512 KernScores', 'P2', 1, (244, 245), (98,), (1.0,), (98,), (1.0,))
('K.512 KernScores', 'P2', 1, (245, 246), (98,), (2.0,), (98,), (2.0,))
('K.512 KernScores', 'P2', 2, (10, 11), (35,), (1.0,), (35,), (1.0,))
('K.512 KernScores', 'P2', 2, (30, 31), (90,), (1.0,), (90,), (1.0,))

34.    ((1,),):
('K.512 KernScores', 'P1', 1, (6, 7), (2,), (2.0,), (2,), (2.0,))
('K.512 KernScores', 'P1', 1, (124, 125), (25,), (2.5,), (25,), (2.5,))
('K.512 KernScores', 'P1', 1, (126, 127), (25,), (3.5,), (25,), (3.5,))
('K.512 KernScores', 'P1', 1, (135, 136), (27,), (2.5,), (27,), (2.5,))
('K.512 KernScores', 'P1', 1, (137, 138), (27,), (3.5,), (27,), (3.5,))
('K.512 KernScores', 'P1', 1, (154, 155), (31,), (1.0,), (31,), (1.0,))
('K.512 KernScores', 'P1', 1, (155, 156), (31,), (2.0,), (31,), (2.0,))
('K.512 KernScores', 'P1', 1, (198, 199), (41,), (2.5,), (41,), (2.5,))
('K.512 KernScores', 'P1', 1, (200, 201), (41,), (3.5,), (41,), (3.5,))
('K.512 KernScores', 'P1', 1, (209, 210), (43,), (2.5,), (43,), (2.5,))
('K.512 KernScores', 'P1', 1, (211, 212), (43,), (3.5,), (43,), (3.5,))
('K.512 KernScores', 'P1', 1, (327, 328), (69,), (2.5,), (69,), (2.5,))
('K.512 KernScores', 'P1', 1, (329, 330), (69,), (3.5,), (69,), (3.5,))
('K.512 KernScores', 'P1', 1, (338, 339), (71,), (2.5,), (71,), (2.5,))
('K.512 KernScores', 'P1', 1, (384, 385), (80,), (2.5,), (80,), (2.5,))
('K.512 KernScores', 'P1', 1, (386, 387), (80,), (3.5,), (80,), (3.5,))
('K.512 KernScores', 'P1', 1, (395, 396), (82,), (2.5,), (82,), (2.5,))
('K.512 KernScores', 'P1', 1, (397, 398), (82,), (3.5,), (82,), (3.5,))
('K.512 KernScores', 'P1', 1, (414, 415), (86,), (1.0,), (86,), (1.0,))
('K.512 KernScores', 'P1', 1, (415, 416), (86,), (2.0,), (86,), (2.0,))
('K.512 KernScores', 'P1', 1, (458, 459), (96,), (2.5,), (96,), (2.5,))
('K.512 KernScores', 'P1', 1, (460, 461), (96,), (3.5,), (96,), (3.5,))
('K.512 KernScores', 'P1', 1, (469, 470), (98,), (2.5,), (98,), (2.5,))
('K.512 KernScores', 'P1', 1, (471, 472), (98,), (3.5,), (98,), (3.5,))
('K.512 KernScores', 'P1', 2, (1, 2), (32,), (2.0,), (32,), (2.0,))
('K.512 KernScores', 'P1', 2, (4, 5), (87,), (2.0,), (87,), (2.0,))
('K.512 KernScores', 'P2', 1, (10, 11), (7,), (1.0,), (7,), (1.0,))
('K.512 KernScores', 'P2', 1, (69, 70), (28,), (1.0,), (28,), (1.0,))
('K.512 KernScores', 'P2', 1, (70, 71), (28,), (2.0,), (28,), (2.0,))
('K.512 KernScores', 'P2', 1, (72, 73), (29,), (1.0,), (29,), (1.0,))
('K.512 KernScores', 'P2', 1, (73, 74), (29,), (2.0,), (29,), (2.0,))
('K.512 KernScores', 'P2', 1, (102, 103), (44,), (1.0,), (44,), (1.0,))
('K.512 KernScores', 'P2', 1, (103, 104), (44,), (2.0,), (44,), (2.0,))
('K.512 KernScores', 'P2', 1, (105, 106), (45,), (1.0,), (45,), (1.0,))
('K.512 KernScores', 'P2', 1, (106, 107), (45,), (2.0,), (45,), (2.0,))
('K.512 KernScores', 'P2', 1, (137, 138), (57,), (1.0,), (57,), (1.0,))
('K.512 KernScores', 'P2', 1, (205, 206), (77,), (1.0,), (77,), (1.0,))
('K.512 KernScores', 'P2', 1, (216, 217), (83,), (1.0,), (83,), (1.0,))
('K.512 KernScores', 'P2', 1, (217, 218), (83,), (2.0,), (83,), (2.0,))
('K.512 KernScores', 'P2', 1, (219, 220), (84,), (1.0,), (84,), (1.0,))
('K.512 KernScores', 'P2', 1, (220, 221), (84,), (2.0,), (84,), (2.0,))
('K.512 KernScores', 'P2', 1, (247, 248), (99,), (1.0,), (99,), (1.0,))
('K.512 KernScores', 'P2', 1, (248, 249), (99,), (2.0,), (99,), (2.0,))
('K.512 KernScores', 'P2', 1, (250, 251), (100,), (1.0,), (100,), (1.0,))
('K.512 KernScores', 'P2', 1, (251, 252), (100,), (2.0,), (100,), (2.0,))
('K.512 KernScores', 'P2', 2, (3, 4), (24,), (1.0,), (24,), (1.0,))
('K.512 KernScores', 'P2', 2, (4, 5), (25,), (1.0,), (25,), (1.0,))
('K.512 KernScores', 'P2', 2, (5, 6), (26,), (1.0,), (26,), (1.0,))
('K.512 KernScores', 'P2', 2, (7, 8), (32,), (2.0,), (32,), (2.0,))
('K.512 KernScores', 'P2', 2, (8, 9), (33,), (1.0,), (33,), (1.0,))
('K.512 KernScores', 'P2', 2, (9, 10), (34,), (2.0,), (34,), (2.0,))
('K.512 KernScores', 'P2', 2, (12, 13), (36,), (3.0,), (36,), (3.0,))
('K.512 KernScores', 'P2', 2, (13, 14), (40,), (1.0,), (40,), (1.0,))
('K.512 KernScores', 'P2', 2, (14, 15), (41,), (1.0,), (41,), (1.0,))
('K.512 KernScores', 'P2', 2, (15, 16), (42,), (1.0,), (42,), (1.0,))
('K.512 KernScores', 'P2', 2, (17, 18), (68,), (1.0,), (68,), (1.0,))
('K.512 KernScores', 'P2', 2, (18, 19), (69,), (1.0,), (69,), (1.0,))
('K.512 KernScores', 'P2', 2, (19, 20), (70,), (1.0,), (70,), (1.0,))
('K.512 KernScores', 'P2', 2, (23, 24), (79,), (1.0,), (79,), (1.0,))
('K.512 KernScores', 'P2', 2, (24, 25), (80,), (1.0,), (80,), (1.0,))
('K.512 KernScores', 'P2', 2, (25, 26), (81,), (1.0,), (81,), (1.0,))
('K.512 KernScores', 'P2', 2, (27, 28), (87,), (2.0,), (87,), (2.0,))
('K.512 KernScores', 'P2', 2, (28, 29), (88,), (1.0,), (88,), (1.0,))
('K.512 KernScores', 'P2', 2, (29, 30), (89,), (2.0,), (89,), (2.0,))
('K.512 KernScores', 'P2', 2, (36, 37), (95,), (1.0,), (95,), (1.0,))
('K.512 KernScores', 'P2', 2, (37, 38), (96,), (1.0,), (96,), (1.0,))
('K.512 KernScores', 'P2', 2, (38, 39), (97,), (1.0,), (97,), (1.0,))

35.    ((4,),):
('K.512 KernScores', 'P1', 1, (7, 8), (2,), (3.0,), (2,), (3.0,))
('K.512 KernScores', 'P1', 1, (32, 33), (9,), (2.0,), (9,), (2.0,))
('K.512 KernScores', 'P1', 1, (47, 48), (11,), (3.5,), (11,), (3.5,))
('K.512 KernScores', 'P1', 1, (50, 51), (12,), (2.0,), (12,), (2.0,))
('K.512 KernScores', 'P1', 1, (120, 121), (24,), (3.5,), (24,), (3.5,))
('K.512 KernScores', 'P1', 1, (131, 132), (26,), (3.5,), (26,), (3.5,))
('K.512 KernScores', 'P1', 1, (194, 195), (40,), (3.5,), (40,), (3.5,))
('K.512 KernScores', 'P1', 1, (205, 206), (42,), (3.5,), (42,), (3.5,))
('K.512 KernScores', 'P1', 1, (294, 295), (60,), (3.5,), (60,), (3.5,))
('K.512 KernScores', 'P1', 1, (309, 310), (64,), (3.5,), (64,), (3.5,))
('K.512 KernScores', 'P1', 1, (323, 324), (68,), (3.5,), (68,), (3.5,))
('K.512 KernScores', 'P1', 1, (334, 335), (70,), (3.5,), (70,), (3.5,))
('K.512 KernScores', 'P1', 1, (345, 346), (72,), (3.5,), (72,), (3.5,))
('K.512 KernScores', 'P1', 1, (350, 351), (73,), (3.5,), (73,), (3.5,))
('K.512 KernScores', 'P1', 1, (355, 356), (74,), (3.5,), (74,), (3.5,))
('K.512 KernScores', 'P1', 1, (360, 361), (75,), (3.5,), (75,), (3.5,))
('K.512 KernScores', 'P1', 1, (380, 381), (79,), (3.5,), (79,), (3.5,))
('K.512 KernScores', 'P1', 1, (391, 392), (81,), (3.5,), (81,), (3.5,))
('K.512 KernScores', 'P1', 1, (454, 455), (95,), (3.5,), (95,), (3.5,))
('K.512 KernScores', 'P1', 1, (465, 466), (97,), (3.5,), (97,), (3.5,))
('K.512 KernScores', 'P2', 1, (4, 5), (5,), (3.5,), (5,), (3.5,))
('K.512 KernScores', 'P2', 1, (14, 15), (7,), (3.5,), (7,), (3.5,))
('K.512 KernScores', 'P2', 1, (37, 38), (14,), (3.0,), (14,), (3.0,))
('K.512 KernScores', 'P2', 1, (48, 49), (18,), (3.0,), (18,), (3.0,))
('K.512 KernScores', 'P2', 1, (52, 53), (20,), (3.0,), (20,), (3.0,))
('K.512 KernScores', 'P2', 1, (64, 65), (25,), (3.0,), (25,), (3.0,))
('K.512 KernScores', 'P2', 1, (97, 98), (41,), (3.0,), (41,), (3.0,))
('K.512 KernScores', 'P2', 1, (110, 111), (46,), (3.0,), (46,), (3.0,))
('K.512 KernScores', 'P2', 1, (116, 117), (48,), (3.0,), (48,), (3.0,))
('K.512 KernScores', 'P2', 1, (134, 135), (55,), (3.0,), (55,), (3.0,))
('K.512 KernScores', 'P2', 1, (141, 142), (57,), (3.5,), (57,), (3.5,))
('K.512 KernScores', 'P2', 1, (146, 147), (58,), (3.5,), (58,), (3.5,))
('K.512 KernScores', 'P2', 1, (151, 152), (59,), (3.5,), (59,), (3.5,))
('K.512 KernScores', 'P2', 1, (156, 157), (61,), (3.5,), (61,), (3.5,))
('K.512 KernScores', 'P2', 1, (161, 162), (62,), (3.5,), (62,), (3.5,))
('K.512 KernScores', 'P2', 1, (166, 167), (63,), (3.5,), (63,), (3.5,))
('K.512 KernScores', 'P2', 1, (171, 172), (65,), (3.5,), (65,), (3.5,))
('K.512 KernScores', 'P2', 1, (176, 177), (66,), (3.5,), (66,), (3.5,))
('K.512 KernScores', 'P2', 1, (185, 186), (69,), (3.0,), (69,), (3.0,))
('K.512 KernScores', 'P2', 1, (211, 212), (80,), (3.0,), (80,), (3.0,))
('K.512 KernScores', 'P2', 1, (224, 225), (85,), (3.0,), (85,), (3.0,))
('K.512 KernScores', 'P2', 1, (242, 243), (96,), (3.0,), (96,), (3.0,))
('K.512 KernScores', 'P2', 1, (255, 256), (101,), (3.0,), (101,), (3.0,))
('K.512 KernScores', 'P2', 1, (261, 262), (103,), (3.0,), (103,), (3.0,))
('K.512 KernScores', 'P2', 2, (6, 7), (27,), (1.0,), (27,), (1.0,))
('K.512 KernScores', 'P2', 2, (26, 27), (82,), (1.0,), (82,), (1.0,))

36.    ((-3,),):
('K.512 KernScores', 'P1', 1, (67, 68), (15,), (1.5,), (15,), (1.5,))
('K.512 KernScores', 'P1', 1, (68, 69), (15,), (2.0,), (15,), (2.0,))
('K.512 KernScores', 'P1', 1, (119, 120), (24,), (3.0,), (24,), (3.0,))
('K.512 KernScores', 'P1', 1, (130, 131), (26,), (3.0,), (26,), (3.0,))
('K.512 KernScores', 'P1', 1, (141, 142), (28,), (3.0,), (28,), (3.0,))
('K.512 KernScores', 'P1', 1, (193, 194), (40,), (3.0,), (40,), (3.0,))
('K.512 KernScores', 'P1', 1, (204, 205), (42,), (3.0,), (42,), (3.0,))
('K.512 KernScores', 'P1', 1, (215, 216), (44,), (3.0,), (44,), (3.0,))
('K.512 KernScores', 'P1', 1, (230, 231), (47,), (2.0,), (47,), (2.0,))
('K.512 KernScores', 'P1', 1, (231, 232), (47,), (2.5,), (47,), (2.5,))
('K.512 KernScores', 'P1', 1, (293, 294), (60,), (3.0,), (60,), (3.0,))
('K.512 KernScores', 'P1', 1, (308, 309), (64,), (3.0,), (64,), (3.0,))
('K.512 KernScores', 'P1', 1, (322, 323), (68,), (3.0,), (68,), (3.0,))
('K.512 KernScores', 'P1', 1, (333, 334), (70,), (3.0,), (70,), (3.0,))
('K.512 KernScores', 'P1', 1, (379, 380), (79,), (3.0,), (79,), (3.0,))
('K.512 KernScores', 'P1', 1, (390, 391), (81,), (3.0,), (81,), (3.0,))
('K.512 KernScores', 'P1', 1, (401, 402), (83,), (3.0,), (83,), (3.0,))
('K.512 KernScores', 'P1', 1, (453, 454), (95,), (3.0,), (95,), (3.0,))
('K.512 KernScores', 'P1', 1, (464, 465), (97,), (3.0,), (97,), (3.0,))
('K.512 KernScores', 'P1', 1, (475, 476), (99,), (3.0,), (99,), (3.0,))
('K.512 KernScores', 'P1', 1, (490, 491), (102,), (2.0,), (102,), (2.0,))
('K.512 KernScores', 'P1', 1, (491, 492), (102,), (2.5,), (102,), (2.5,))
('K.512 KernScores', 'P1', 1, (501, 502), (104,), (2.0,), (104,), (2.0,))
('K.512 KernScores', 'P1', 1, (502, 503), (104,), (2.5,), (104,), (2.5,))
('K.512 KernScores', 'P2', 1, (3, 4), (5,), (3.0,), (5,), (3.0,))
('K.512 KernScores', 'P2', 1, (13, 14), (7,), (3.0,), (7,), (3.0,))
('K.512 KernScores', 'P2', 1, (39, 40), (15,), (3.0,), (15,), (3.0,))
('K.512 KernScores', 'P2', 1, (40, 41), (15,), (3.5,), (15,), (3.5,))
('K.512 KernScores', 'P2', 1, (140, 141), (57,), (3.0,), (57,), (3.0,))
('K.512 KernScores', 'P2', 1, (145, 146), (58,), (3.0,), (58,), (3.0,))
('K.512 KernScores', 'P2', 1, (150, 151), (59,), (3.0,), (59,), (3.0,))
('K.512 KernScores', 'P2', 1, (152, 153), (60,), (1.0,), (60,), (1.0,))
('K.512 KernScores', 'P2', 1, (155, 156), (61,), (3.0,), (61,), (3.0,))
('K.512 KernScores', 'P2', 1, (160, 161), (62,), (3.0,), (62,), (3.0,))
('K.512 KernScores', 'P2', 1, (165, 166), (63,), (3.0,), (63,), (3.0,))
('K.512 KernScores', 'P2', 1, (167, 168), (64,), (1.0,), (64,), (1.0,))
('K.512 KernScores', 'P2', 1, (170, 171), (65,), (3.0,), (65,), (3.0,))
('K.512 KernScores', 'P2', 1, (175, 176), (66,), (3.0,), (66,), (3.0,))
('K.512 KernScores', 'P2', 1, (180, 181), (67,), (3.0,), (67,), (3.0,))
('K.512 KernScores', 'P2', 2, (11, 12), (36,), (2.0,), (36,), (2.0,))
('K.512 KernScores', 'P2', 2, (31, 32), (91,), (2.0,), (91,), (2.0,))

37.    ((-8,),):
('K.512 KernScores', 'P1', 1, (39, 40), (10,), (2.5,), (10,), (2.5,))
('K.512 KernScores', 'P1', 1, (57, 58), (13,), (2.5,), (13,), (2.5,))
('K.512 KernScores', 'P1', 1, (85, 86), (18,), (3.0,), (18,), (3.0,))
('K.512 KernScores', 'P1', 1, (87, 88), (19,), (1.0,), (19,), (1.0,))
('K.512 KernScores', 'P1', 1, (89, 90), (19,), (2.0,), (19,), (2.0,))
('K.512 KernScores', 'P1', 1, (91, 92), (19,), (3.0,), (19,), (3.0,))
('K.512 KernScores', 'P1', 1, (93, 94), (20,), (1.0,), (20,), (1.0,))
('K.512 KernScores', 'P1', 1, (95, 96), (20,), (2.0,), (20,), (2.0,))
('K.512 KernScores', 'P1', 1, (97, 98), (20,), (3.0,), (20,), (3.0,))
('K.512 KernScores', 'P1', 1, (99, 100), (21,), (1.0,), (21,), (1.0,))
('K.512 KernScores', 'P1', 1, (116, 117), (24,), (1.5,), (24,), (1.5,))
('K.512 KernScores', 'P1', 1, (190, 191), (40,), (1.5,), (40,), (1.5,))
('K.512 KernScores', 'P1', 1, (241, 242), (50,), (1.5,), (50,), (1.5,))
('K.512 KernScores', 'P1', 1, (319, 320), (68,), (1.5,), (68,), (1.5,))
('K.512 KernScores', 'P1', 1, (376, 377), (79,), (1.5,), (79,), (1.5,))
('K.512 KernScores', 'P1', 1, (450, 451), (95,), (1.5,), (95,), (1.5,))
('K.512 KernScores', 'P2', 1, (36, 37), (14,), (2.0,), (14,), (2.0,))
('K.512 KernScores', 'P2', 1, (59, 60), (23,), (1.0,), (23,), (1.0,))
('K.512 KernScores', 'P2', 1, (76, 77), (30,), (2.0,), (30,), (2.0,))
('K.512 KernScores', 'P2', 1, (92, 93), (39,), (1.0,), (39,), (1.0,))
('K.512 KernScores', 'P2', 1, (109, 110), (46,), (2.0,), (46,), (2.0,))
('K.512 KernScores', 'P2', 1, (133, 134), (55,), (2.0,), (55,), (2.0,))
('K.512 KernScores', 'P2', 1, (135, 136), (56,), (1.0,), (56,), (1.0,))
('K.512 KernScores', 'P2', 1, (223, 224), (85,), (2.0,), (85,), (2.0,))
('K.512 KernScores', 'P2', 1, (237, 238), (94,), (1.0,), (94,), (1.0,))
('K.512 KernScores', 'P2', 1, (254, 255), (101,), (2.0,), (101,), (2.0,))

38.    ((8,),):
('K.512 KernScores', 'P1', 1, (40, 41), (10,), (3.0,), (10,), (3.0,))
('K.512 KernScores', 'P1', 1, (58, 59), (13,), (3.0,), (13,), (3.0,))
('K.512 KernScores', 'P1', 1, (69, 70), (15,), (2.5,), (15,), (2.5,))
('K.512 KernScores', 'P1', 1, (84, 85), (18,), (2.5,), (18,), (2.5,))
('K.512 KernScores', 'P1', 1, (88, 89), (19,), (1.5,), (19,), (1.5,))
('K.512 KernScores', 'P1', 1, (90, 91), (19,), (2.5,), (19,), (2.5,))
('K.512 KernScores', 'P1', 1, (100, 101), (21,), (1.5,), (21,), (1.5,))
('K.512 KernScores', 'P1', 1, (115, 116), (23,), (3.0,), (23,), (3.0,))
('K.512 KernScores', 'P1', 1, (171, 172), (36,), (1.0,), (36,), (1.0,))
('K.512 KernScores', 'P1', 1, (189, 190), (39,), (3.0,), (39,), (3.0,))
('K.512 KernScores', 'P1', 1, (228, 229), (47,), (1.0,), (47,), (1.0,))
('K.512 KernScores', 'P1', 1, (240, 241), (49,), (1.0,), (49,), (1.0,))
('K.512 KernScores', 'P1', 1, (375, 376), (78,), (3.0,), (78,), (3.0,))
('K.512 KernScores', 'P1', 1, (431, 432), (91,), (1.0,), (91,), (1.0,))
('K.512 KernScores', 'P1', 1, (449, 450), (94,), (3.0,), (94,), (3.0,))
('K.512 KernScores', 'P1', 1, (488, 489), (102,), (1.0,), (102,), (1.0,))
('K.512 KernScores', 'P1', 2, (3, 4), (36,), (1.0,), (36,), (1.0,))
('K.512 KernScores', 'P2', 1, (41, 42), (16,), (1.0,), (16,), (1.0,))
('K.512 KernScores', 'P2', 1, (117, 118), (49,), (1.0,), (49,), (1.0,))
('K.512 KernScores', 'P2', 1, (118, 119), (50,), (1.0,), (50,), (1.0,))

39.    ((-4,),):
('K.512 KernScores', 'P1', 1, (5, 6), (2,), (1.0,), (2,), (1.0,))
('K.512 KernScores', 'P1', 1, (31, 32), (9,), (1.5,), (9,), (1.5,))
('K.512 KernScores', 'P1', 1, (49, 50), (12,), (1.5,), (12,), (1.5,))
('K.512 KernScores', 'P1', 1, (66, 67), (15,), (1.0,), (15,), (1.0,))
('K.512 KernScores', 'P1', 1, (146, 147), (29,), (3.0,), (29,), (3.0,))
('K.512 KernScores', 'P1', 1, (158, 159), (33,), (1.0,), (33,), (1.0,))
('K.512 KernScores', 'P1', 1, (165, 166), (35,), (1.0,), (35,), (1.0,))
('K.512 KernScores', 'P1', 1, (220, 221), (45,), (3.0,), (45,), (3.0,))
('K.512 KernScores', 'P1', 1, (229, 230), (47,), (1.5,), (47,), (1.5,))
('K.512 KernScores', 'P1', 1, (406, 407), (84,), (3.0,), (84,), (3.0,))
('K.512 KernScores', 'P1', 1, (418, 419), (88,), (1.0,), (88,), (1.0,))
('K.512 KernScores', 'P1', 1, (425, 426), (90,), (1.0,), (90,), (1.0,))
('K.512 KernScores', 'P1', 1, (480, 481), (100,), (3.0,), (100,), (3.0,))
('K.512 KernScores', 'P1', 1, (489, 490), (102,), (1.5,), (102,), (1.5,))
('K.512 KernScores', 'P1', 1, (500, 501), (104,), (1.5,), (104,), (1.5,))
('K.512 KernScores', 'P2', 1, (189, 190), (71,), (3.0,), (71,), (3.0,))
('K.512 KernScores', 'P2', 2, (20, 21), (71,), (1.0,), (71,), (1.0,))

40.    ((3,),):
('K.512 KernScores', 'P1', 1, (8, 9), (3,), (1.0,), (3,), (1.0,))
('K.512 KernScores', 'P1', 1, (13, 14), (4,), (1.0,), (4,), (1.0,))
('K.512 KernScores', 'P1', 1, (30, 31), (9,), (1.0,), (9,), (1.0,))
('K.512 KernScores', 'P1', 1, (48, 49), (12,), (1.0,), (12,), (1.0,))
('K.512 KernScores', 'P1', 1, (148, 149), (30,), (1.0,), (30,), (1.0,))
('K.512 KernScores', 'P1', 1, (222, 223), (46,), (1.0,), (46,), (1.0,))
('K.512 KernScores', 'P1', 1, (234, 235), (48,), (1.0,), (48,), (1.0,))
('K.512 KernScores', 'P1', 1, (340, 341), (71,), (3.5,), (71,), (3.5,))
('K.512 KernScores', 'P1', 1, (408, 409), (85,), (1.0,), (85,), (1.0,))
('K.512 KernScores', 'P1', 1, (482, 483), (101,), (1.0,), (101,), (1.0,))
('K.512 KernScores', 'P1', 1, (494, 495), (103,), (1.0,), (103,), (1.0,))
('K.512 KernScores', 'P1', 1, (505, 506), (105,), (1.0,), (105,), (1.0,))
('K.512 KernScores', 'P2', 1, (181, 182), (67,), (3.5,), (67,), (3.5,))
('K.512 KernScores', 'P2', 2, (2, 3), (19,), (3.0,), (19,), (3.0,))

41.    (((3, 2),),):
('K.512 KernScores', 'P1', 1, (21, 22), (6,), (1.0,), (6,), (1.0,))
('K.512 KernScores', 'P1', 1, (27, 28), (8,), (1.0,), (8,), (1.0,))
('K.512 KernScores', 'P1', 1, (283, 284), (58,), (1.0,), (58,), (1.0,))
('K.512 KernScores', 'P1', 1, (286, 287), (59,), (1.0,), (59,), (1.0,))
('K.512 KernScores', 'P1', 1, (298, 299), (62,), (1.0,), (62,), (1.0,))
('K.512 KernScores', 'P1', 1, (301, 302), (63,), (1.0,), (63,), (1.0,))
('K.512 KernScores', 'P1', 1, (313, 314), (66,), (1.0,), (66,), (1.0,))
('K.512 KernScores', 'P1', 1, (316, 317), (67,), (1.0,), (67,), (1.0,))
('K.512 KernScores', 'P2', 1, (81, 82), (33,), (1.0,), (33,), (1.0,))
('K.512 KernScores', 'P2', 1, (192, 193), (72,), (3.0,), (72,), (3.0,))
('K.512 KernScores', 'P2', 1, (204, 205), (76,), (3.0,), (76,), (3.0,))
('K.512 KernScores', 'P2', 1, (228, 229), (88,), (1.0,), (88,), (1.0,))

42.    ((-5,),):
('K.512 KernScores', 'P1', 1, (33, 34), (9,), (2.5,), (9,), (2.5,))
('K.512 KernScores', 'P1', 1, (51, 52), (12,), (2.5,), (12,), (2.5,))
('K.512 KernScores', 'P1', 2, (2, 3), (34,), (2.0,), (34,), (2.0,))
('K.512 KernScores', 'P1', 2, (5, 6), (89,), (2.0,), (89,), (2.0,))
('K.512 KernScores', 'P2', 1, (49, 50), (19,), (1.0,), (19,), (1.0,))
('K.512 KernScores', 'P2', 1, (68, 69), (27,), (3.0,), (27,), (3.0,))
('K.512 KernScores', 'P2', 1, (77, 78), (30,), (3.0,), (30,), (3.0,))
('K.512 KernScores', 'P2', 1, (101, 102), (43,), (3.0,), (43,), (3.0,))
('K.512 KernScores', 'P2', 1, (215, 216), (82,), (3.0,), (82,), (3.0,))
('K.512 KernScores', 'P2', 1, (246, 247), (98,), (3.0,), (98,), (3.0,))
('K.512 KernScores', 'P2', 1, (267, 268), (105,), (3.0,), (105,), (3.0,))

43.    (((3, -2),),):
('K.512 KernScores', 'P1', 1, (24, 25), (7,), (1.0,), (7,), (1.0,))
('K.512 KernScores', 'P2', 1, (83, 84), (34,), (3.0,), (34,), (3.0,))
('K.512 KernScores', 'P2', 1, (84, 85), (35,), (1.0,), (35,), (1.0,))
('K.512 KernScores', 'P2', 1, (195, 196), (73,), (3.0,), (73,), (3.0,))
('K.512 KernScores', 'P2', 1, (198, 199), (74,), (3.0,), (74,), (3.0,))
('K.512 KernScores', 'P2', 1, (201, 202), (75,), (3.0,), (75,), (3.0,))
('K.512 KernScores', 'P2', 1, (227, 228), (87,), (3.0,), (87,), (3.0,))
('K.512 KernScores', 'P2', 1, (230, 231), (89,), (3.0,), (89,), (3.0,))
('K.512 KernScores', 'P2', 1, (231, 232), (90,), (1.0,), (90,), (1.0,))

44.    ((-7,),):
('K.512 KernScores', 'P1', 1, (37, 38), (10,), (1.5,), (10,), (1.5,))
('K.512 KernScores', 'P1', 1, (41, 42), (10,), (3.5,), (10,), (3.5,))
('K.512 KernScores', 'P1', 1, (55, 56), (13,), (1.5,), (13,), (1.5,))
('K.512 KernScores', 'P1', 1, (59, 60), (13,), (3.5,), (13,), (3.5,))
('K.512 KernScores', 'P2', 1, (88, 89), (37,), (3.0,), (37,), (3.0,))
('K.512 KernScores', 'P2', 1, (131, 132), (54,), (3.0,), (54,), (3.0,))
('K.512 KernScores', 'P2', 1, (236, 237), (93,), (1.0,), (93,), (1.0,))

45.    ((5,),):
('K.512 KernScores', 'P1', 1, (34, 35), (9,), (3.0,), (9,), (3.0,))
('K.512 KernScores', 'P1', 1, (52, 53), (12,), (3.0,), (12,), (3.0,))
('K.512 KernScores', 'P1', 1, (232, 233), (47,), (3.0,), (47,), (3.0,))
('K.512 KernScores', 'P1', 1, (492, 493), (102,), (3.0,), (102,), (3.0,))
('K.512 KernScores', 'P1', 1, (503, 504), (104,), (3.0,), (104,), (3.0,))
('K.512 KernScores', 'P2', 1, (38, 39), (15,), (1.0,), (15,), (1.0,))
('K.512 KernScores', 'P2', 2, (16, 17), (43,), (1.0,), (43,), (1.0,))

46.    ((None,),):
('K.512 KernScores', 'P1', 1, (0, 1), (1,), (1.0,), (1,), (1.0,))
('K.512 KernScores', 'P1', 2, (0, 1), (32,), (1.0,), (32,), (1.0,))

47.    ((11,),):
('K.512 KernScores', 'P2', 1, (28, 29), (11,), (3.0,), (11,), (3.0,))
('K.512 KernScores', 'P2', 1, (225, 226), (86,), (1.0,), (86,), (1.0,))

