1.    nomes:
K.322 Musescore

2.    quantidade:
1

3.    analise:
[('intDia', 'p1p2'), ('duracao', 'p1p2'), ('Ptempo', 'p1')] SemContInte Distancia: 0

1.    ((2, -4, 2, 2, 2, -4, -2, -2, 2, -2, -2, 2, 6, -3, -2, -2, -2, -2, -2, 2, -2, -2, 2, 5, 2, 2, 2, -4, -2, -2, 2, -2, -2, 2, 6, -3, -2, -2, -2, -2, -2, 2, -2, -2, 2), (0.25, 0.5, 0.5, 0.5, 0.25, 0.25, 0.5, 0.25, 0.25, 0.5, 0.25, 0.25, 0.5, 0.5, 0.5, 0.25, 0.25, 0.5, 0.25, 0.25, 0.5, 0.25, 0.25, 0.5, 0.5, 0.5, 0.25, 0.25, 0.5, 0.25, 0.25, 0.5, 0.25, 0.25, 0.5, 0.5, 0.5, 0.25, 0.25, 0.5, 0.25, 0.25, 0.5, 0.25, 0.25), (0.75,)):
('K.322 Musescore', 'P1', 1, (148, 193), (35,), (2.75,), (43,), (2.75,))
('K.322 Musescore', 'P1', 1, (332, 377), (72,), (2.75,), (80,), (2.75,))

2.    ((-2, -2, -2, -2, -2, -3, 8, -3, 1, 1, 1, 1, 1, -2, -2, 5, -5, 1, 1, 1, 1), (0.25, 0.25, 0.25, 0.25, 0.25, 0.5, 1.0, 0.25, 0.25, 0.5, 0.5, 0.5, 0.5, 0.25, 0.25, 1.0, 0.25, 0.25, 0.5, 0.5, 0.5), (0.75,)):
('K.322 Musescore', 'P1', 1, (84, 105), (21,), (1.75,), (25,), (2.0,))
('K.322 Musescore', 'P1', 1, (267, 288), (58,), (1.75,), (62,), (2.0,))

3.    ((-3, 1, 1, 1, 1, 1, 2, 5, -3, -3, 1, 1, 1, 1, 2), (0.25, 0.25, 0.5, 0.5, 0.5, 0.5, 0.5, 1.0, 0.25, 0.25, 0.5, 0.5, 0.5, 0.5, 0.5), (0.5,)):
('K.322 Musescore', 'P1', 1, (117, 132), (28,), (2.5,), (32,), (1.0,))
('K.322 Musescore', 'P1', 1, (301, 316), (65,), (2.5,), (69,), (1.0,))

4.    ((2, 4, -2, -2, 1, -4, 1, 2, 1, 2, -8, 4), (1.0, 2.0, 1.0, 1.0, 1.0, 1.0, 1.0, 1.0, 1.0, 1.0, 1.0, 1.0), (0.0,)):
('K.322 Musescore', 'P1', 2, (40, 52), (21,), (2.0,), (27,), (2.0,))
('K.322 Musescore', 'P1', 2, (109, 121), (58,), (2.0,), (64,), (2.0,))

5.    ((-2, -2, 1, 1, -4, 1, 1, 2, 1, 2, -8, 4), (1.0, 1.0, 1.0, 1.0, 2.0, 1.0, 1.0, 2.0, 1.0, 1.0, 1.0, 1.0), (0.0,)):
('K.322 Musescore', 'P1', 2, (54, 66), (29,), (1.0,), (35,), (2.0,))
('K.322 Musescore', 'P1', 2, (122, 134), (66,), (1.0,), (72,), (2.0,))

6.    ((-4, 1, 4, -4, 1, 1, 4, -3, 2, -3, -2), (0.25, 0.25, 0.5, 0.25, 0.25, 0.5, 0.5, 0.25, 0.25, 0.25, 0.25), (0.5,)):
('K.322 Musescore', 'P1', 1, (221, 232), (50,), (2.5,), (52,), (1.75,))
('K.322 Musescore', 'P1', 1, (233, 244), (52,), (2.5,), (54,), (1.75,))

7.    ((5, -6, 1, -2, 6, -4, 1), (0.5, 1.0, 0.5, 0.5, 1.0, 0.25, 0.25), (0.0,)):
('K.322 Musescore', 'P1', 1, (39, 46), (11,), (1.0,), (12,), (2.75,))
('K.322 Musescore', 'P1', 1, (46, 53), (13,), (1.0,), (14,), (2.75,))

8.    ((2, -2, -2, -2, -2, 2), (0.25, 0.5, 0.25, 0.25, 0.5, 0.5), (0.75,)):
('K.322 Musescore', 'P1', 1, (4, 10), (2,), (2.75,), (3,), (2.5,))
('K.322 Musescore', 'P1', 1, (14, 20), (4,), (2.75,), (5,), (2.5,))

9.    ((6, -6, 2, 5, -5, 2), (0.5, 0.25, 0.25, 0.5, 0.25, 0.25), (0.0,)):
('K.322 Musescore', 'P1', 1, (73, 79), (19,), (2.0,), (20,), (1.75,))
('K.322 Musescore', 'P1', 1, (259, 265), (57,), (1.0,), (57,), (2.75,))

10.    ((1, -2, 1, -2), (1.0, 1.0, 1.0, 1.0), (0.0,)):
('K.322 Musescore', 'P1', 2, (93, 97), (50,), (1.0,), (51,), (2.0,))
('K.322 Musescore', 'P1', 2, (98, 102), (53,), (1.0,), (54,), (2.0,))

11.    ((1, 1, 1), (0.5, 0.5, 0.5), (0.0,)):
('K.322 Musescore', 'P1', 1, (205, 208), (47,), (1.0,), (47,), (2.0,))
('K.322 Musescore', 'P1', 1, (319, 322), (70,), (1.0,), (70,), (2.0,))

12.    ((1, 1, -2), (1.0, 1.0, 1.0), (0.0,)):
('K.322 Musescore', 'P1', 2, (13, 16), (8,), (1.0,), (9,), (1.0,))
('K.322 Musescore', 'P1', 2, (34, 37), (18,), (2.0,), (19,), (2.0,))

13.    ((2, -6, 2), (1.0, 1.0, 1.0), (0.0,)):
('K.322 Musescore', 'P1', 2, (16, 19), (9,), (2.0,), (10,), (2.0,))
('K.322 Musescore', 'P1', 2, (75, 78), (40,), (2.0,), (41,), (2.0,))

14.    ((1, 1), (1.0, 1.0), (0.0,)):
('K.322 Musescore', 'P1', 1, (0, 2), (1,), (1.0,), (1,), (2.0,))
('K.322 Musescore', 'P1', 2, (13, 15), (8,), (1.0,), (8,), (2.0,))
('K.322 Musescore', 'P1', 2, (33, 35), (18,), (1.0,), (18,), (2.0,))
('K.322 Musescore', 'P1', 2, (56, 58), (30,), (1.0,), (30,), (2.0,))
('K.322 Musescore', 'P1', 2, (59, 61), (32,), (1.0,), (32,), (2.0,))
('K.322 Musescore', 'P1', 2, (85, 87), (46,), (1.0,), (46,), (2.0,))
('K.322 Musescore', 'P1', 2, (124, 126), (67,), (1.0,), (67,), (2.0,))
('K.322 Musescore', 'P1', 2, (127, 129), (69,), (1.0,), (69,), (2.0,))

15.    ((3, -2), (0.25, 0.25), (0.5,)):
('K.322 Musescore', 'P1', 1, (22, 24), (6,), (2.5,), (6,), (2.75,))
('K.322 Musescore', 'P1', 1, (30, 32), (8,), (2.5,), (8,), (2.75,))

16.    ((-6, -2), (0.25, 0.25), (0.5,)):
('K.322 Musescore', 'P1', 1, (37, 39), (10,), (2.5,), (10,), (2.75,))
('K.322 Musescore', 'P1', 1, (248, 250), (55,), (1.5,), (55,), (1.75,))

17.    ((8, -3), (1.0, 0.25), (0.5,)):
('K.322 Musescore', 'P1', 1, (132, 134), (32,), (1.5,), (32,), (2.5,))
('K.322 Musescore', 'P1', 1, (211, 213), (48,), (1.5,), (48,), (2.5,))

18.    ((-5,), (1.0,), (0.0,)):
('K.322 Musescore', 'P1', 2, (4, 5), (3,), (2.0,), (3,), (2.0,))
('K.322 Musescore', 'P1', 2, (81, 82), (43,), (2.0,), (43,), (2.0,))
('K.322 Musescore', 'P1', 2, (90, 91), (48,), (2.0,), (48,), (2.0,))
('K.322 Musescore', 'P1', 2, (138, 139), (75,), (1.0,), (75,), (1.0,))

19.    ((2,), (0.5,), (0.0,)):
('K.322 Musescore', 'P1', 1, (58, 59), (16,), (1.0,), (16,), (1.0,))
('K.322 Musescore', 'P1', 1, (62, 63), (17,), (1.0,), (17,), (1.0,))
('K.322 Musescore', 'P1', 1, (265, 266), (58,), (1.0,), (58,), (1.0,))

20.    ((4,), (1.0,), (0.0,)):
('K.322 Musescore', 'P1', 2, (39, 40), (21,), (1.0,), (21,), (1.0,))
('K.322 Musescore', 'P1', 2, (74, 75), (40,), (1.0,), (40,), (1.0,))
('K.322 Musescore', 'P1', 2, (92, 93), (49,), (2.0,), (49,), (2.0,))

21.    ((-4,), (0.25,), (0.5,)):
('K.322 Musescore', 'P1', 1, (3, 4), (2,), (2.5,), (2,), (2.5,))
('K.322 Musescore', 'P1', 1, (194, 195), (44,), (1.5,), (44,), (1.5,))

22.    ((-6,), (0.25,), (0.5,)):
('K.322 Musescore', 'P1', 1, (13, 14), (4,), (2.5,), (4,), (2.5,))
('K.322 Musescore', 'P1', 1, (68, 69), (18,), (2.5,), (18,), (2.5,))

23.    ((6,), (1.0,), (0.5,)):
('K.322 Musescore', 'P1', 1, (21, 22), (6,), (1.5,), (6,), (1.5,))
('K.322 Musescore', 'P1', 1, (316, 317), (69,), (1.5,), (69,), (1.5,))

24.    ((-3,), (0.5,), (0.0,)):
('K.322 Musescore', 'P1', 1, (24, 25), (7,), (1.0,), (7,), (1.0,))
('K.322 Musescore', 'P1', 1, (216, 217), (49,), (2.0,), (49,), (2.0,))

25.    ((7,), (0.5,), (0.0,)):
('K.322 Musescore', 'P1', 1, (26, 27), (7,), (2.0,), (7,), (2.0,))
('K.322 Musescore', 'P1', 1, (250, 251), (55,), (2.0,), (55,), (2.0,))

26.    ((4,), (0.5,), (0.0,)):
('K.322 Musescore', 'P1', 1, (55, 56), (15,), (2.0,), (15,), (2.0,))
('K.322 Musescore', 'P1', 1, (232, 233), (52,), (2.0,), (52,), (2.0,))

27.    ((8,), (1.0,), (0.0,)):
('K.322 Musescore', 'P1', 2, (9, 10), (6,), (1.0,), (6,), (1.0,))
('K.322 Musescore', 'P1', 2, (53, 54), (28,), (2.0,), (28,), (2.0,))

