1.    nomes:
K.208 Musescore

2.    quantidade:
1

3.    analise:
[('intDia', 'p1p2'), ('duracao', 'p1p2')] SemContInte Distancia: 0

1.    ((5, -2, -2, 2, -2, 2, 3, -2, -2, 2, -2, 2), (0.25, 0.25, 0.25, 0.5, 0.25, 0.25, 0.5, 0.25, 0.25, 0.5, 0.25, 0.25)):
('K.208 Musescore', 'P1', 1, (98, 110), (12,), (1.0,), (12,), (4.5,))
('K.208 Musescore', 'P1', 1, (234, 246), (23,), (3.0,), (24,), (2.5,))

2.    ((-2, 3, -2, -2, -2, -2, -2, -2, -2, -2), (0.25, 0.25, 0.25, 0.25, 0.25, 0.25, 0.25, 0.25, 0.12, 0.12)):
('K.208 Musescore', 'P1', 1, (28, 38), (4,), (3.0,), (5,), (1.12,))
('K.208 Musescore', 'P1', 1, (57, 67), (7,), (3.0,), (8,), (1.12,))

3.    ((4, 3, 3, -2, 1, -2), (0.25, 0.25, 0.25, 0.25, 0.25, 0.25)):
('K.208 Musescore', 'P1', 1, (153, 159), (18,), (1.25,), (18,), (2.5,))
('K.208 Musescore', 'P1', 1, (169, 175), (19,), (1.25,), (19,), (2.5,))

4.    ((-3, -4, 2, 4), (0.25, 0.25, 0.25, 0.25)):
('K.208 Musescore', 'P1', 1, (46, 50), (6,), (2.5,), (6,), (3.25,))
('K.208 Musescore', 'P1', 1, (248, 252), (24,), (3.5,), (24,), (4.25,))

5.    (((5, 2, 1), (5, 2, 2), (5, 1)), ((0.0, 0.0, 1.0), (0.0, 0.0, 1.0), (0.0, 1.0))):
('K.208 Musescore', 'P1', 2, (26, 29), (7,), (3.0,), (8,), (1.0,))
('K.208 Musescore', 'P1', 2, (36, 39), (10,), (1.0,), (10,), (3.0,))
('K.208 Musescore', 'P1', 2, (71, 74), (19,), (3.0,), (20,), (1.0,))
('K.208 Musescore', 'P1', 2, (75, 78), (20,), (3.0,), (21,), (1.0,))

6.    ((-2, 1, -2), (0.5, 0.25, 0.25)):
('K.208 Musescore', 'P1', 1, (133, 136), (16,), (3.75,), (16,), (4.5,))
('K.208 Musescore', 'P1', 1, (179, 182), (19,), (3.75,), (19,), (4.5,))
('K.208 Musescore', 'P1', 1, (186, 189), (20,), (1.75,), (20,), (2.5,))

7.    ((2, 2, -2), (0.25, 0.25, 0.25)):
('K.208 Musescore', 'P1', 1, (20, 23), (4,), (1.0,), (4,), (1.5,))
('K.208 Musescore', 'P1', 1, (24, 27), (4,), (2.0,), (4,), (2.5,))

8.    ((-3, -5, 7), (0.75, 0.25, 1.0)):
('K.208 Musescore', 'P1', 1, (73, 76), (9,), (2.5,), (9,), (3.5,))
('K.208 Musescore', 'P1', 1, (76, 79), (9,), (4.5,), (10,), (1.5,))

9.    ((-2, 2, -2), (0.75, 0.12, 0.12)):
('K.208 Musescore', 'P1', 1, (95, 98), (11,), (4.0,), (11,), (4.88,))
('K.208 Musescore', 'P1', 1, (260, 263), (25,), (2.0,), (25,), (2.88,))

10.    ((-2, -2, -2), (0.25, 0.25, 0.25)):
('K.208 Musescore', 'P1', 1, (111, 114), (13,), (1.0,), (13,), (1.5,))
('K.208 Musescore', 'P1', 1, (218, 221), (22,), (3.0,), (22,), (3.5,))

11.    ((1, 1, 1), (1.0, 1.0, 1.0)):
('K.208 Musescore', 'P1', 2, (0, 3), (1,), (1.0,), (1,), (3.0,))
('K.208 Musescore', 'P1', 2, (4, 7), (2,), (1.0,), (2,), (3.0,))

12.    (((5, -2), (6, 1), (6, -2)), ((0.0, 1.0), (0.0, 1.0), (0.0, 1.0))):
('K.208 Musescore', 'P1', 2, (19, 22), (5,), (4.0,), (6,), (2.0,))
('K.208 Musescore', 'P1', 2, (62, 65), (17,), (2.0,), (17,), (4.0,))

13.    (((6, 1), (6, 2)), ((0.0, 1.0), (0.0, 1.0))):
('K.208 Musescore', 'P1', 2, (10, 12), (3,), (3.0,), (3,), (4.0,))
('K.208 Musescore', 'P1', 2, (46, 48), (12,), (3.0,), (12,), (4.0,))
('K.208 Musescore', 'P1', 2, (69, 71), (19,), (1.0,), (19,), (2.0,))

14.    ((2, -3), (1.0, 0.25)):
('K.208 Musescore', 'P1', 1, (40, 42), (5,), (3.5,), (5,), (4.5,))
('K.208 Musescore', 'P1', 1, (50, 52), (6,), (3.5,), (6,), (4.5,))

15.    ((-6, 3), (0.25, 0.25)):
('K.208 Musescore', 'P1', 1, (55, 57), (7,), (2.5,), (7,), (2.75,))
('K.208 Musescore', 'P1', 1, (160, 162), (18,), (3.0,), (18,), (3.25,))

16.    ((2, -2), (0.38, 0.12)):
('K.208 Musescore', 'P1', 1, (226, 228), (23,), (1.0,), (23,), (1.38,))
('K.208 Musescore', 'P1', 1, (254, 256), (25,), (1.0,), (25,), (1.38,))

17.    (((8, 1), (8, 2)), ((0.0, 1.0), (0.0, 1.0))):
('K.208 Musescore', 'P1', 2, (32, 34), (9,), (1.0,), (9,), (2.0,))
('K.208 Musescore', 'P1', 2, (42, 44), (11,), (3.0,), (11,), (4.0,))

18.    (((5, -5), (8, 2)), ((0.0, 1.0), (0.0, 1.0))):
('K.208 Musescore', 'P1', 2, (40, 42), (11,), (1.0,), (11,), (2.0,))
('K.208 Musescore', 'P1', 2, (48, 50), (13,), (1.0,), (13,), (2.0,))

19.    (((8, 2), (4, 3, 1)), ((0.0, 1.0), (0.0, 0.0, 1.0))):
('K.208 Musescore', 'P1', 2, (84, 86), (22,), (4.0,), (23,), (1.0,))
('K.208 Musescore', 'P1', 2, (92, 94), (24,), (4.0,), (25,), (1.0,))

20.    (((3, 1), (3, 2)), ((0.0, 1.0), (0.0, 1.0))):
('K.208 Musescore', 'P1', 2, (87, 89), (23,), (3.0,), (23,), (4.0,))
('K.208 Musescore', 'P1', 2, (89, 91), (24,), (1.0,), (24,), (2.0,))

21.    ((1,), (1.0,)):
('K.208 Musescore', 'P1', 1, (122, 123), (15,), (2.0,), (15,), (2.0,))
('K.208 Musescore', 'P1', 2, (0, 1), (1,), (1.0,), (1,), (1.0,))
('K.208 Musescore', 'P1', 2, (1, 2), (1,), (2.0,), (1,), (2.0,))
('K.208 Musescore', 'P1', 2, (2, 3), (1,), (3.0,), (1,), (3.0,))
('K.208 Musescore', 'P1', 2, (4, 5), (2,), (1.0,), (2,), (1.0,))
('K.208 Musescore', 'P1', 2, (5, 6), (2,), (2.0,), (2,), (2.0,))
('K.208 Musescore', 'P1', 2, (6, 7), (2,), (3.0,), (2,), (3.0,))
('K.208 Musescore', 'P1', 2, (7, 8), (2,), (4.0,), (2,), (4.0,))
('K.208 Musescore', 'P1', 2, (17, 18), (5,), (2.0,), (5,), (2.0,))
('K.208 Musescore', 'P1', 2, (18, 19), (5,), (3.0,), (5,), (3.0,))
('K.208 Musescore', 'P1', 2, (57, 58), (16,), (1.0,), (16,), (1.0,))

22.    ((6,), (0.25,)):
('K.208 Musescore', 'P1', 1, (27, 28), (4,), (2.75,), (4,), (2.75,))
('K.208 Musescore', 'P1', 1, (86, 87), (11,), (1.25,), (11,), (1.25,))
('K.208 Musescore', 'P1', 1, (189, 190), (20,), (2.75,), (20,), (2.75,))
('K.208 Musescore', 'P1', 1, (217, 218), (22,), (2.75,), (22,), (2.75,))

23.    ((-2,), (0.25,)):
('K.208 Musescore', 'P1', 1, (159, 160), (18,), (2.75,), (18,), (2.75,))
('K.208 Musescore', 'P1', 1, (228, 229), (23,), (1.5,), (23,), (1.5,))
('K.208 Musescore', 'P1', 1, (247, 248), (24,), (3.25,), (24,), (3.25,))
('K.208 Musescore', 'P1', 1, (252, 253), (24,), (4.5,), (24,), (4.5,))

24.    ((-2,), (1.0,)):
('K.208 Musescore', 'P1', 1, (7, 8), (2,), (1.5,), (2,), (1.5,))
('K.208 Musescore', 'P1', 1, (9, 10), (2,), (2.5,), (2,), (2.5,))
('K.208 Musescore', 'P1', 1, (11, 12), (2,), (3.5,), (2,), (3.5,))
('K.208 Musescore', 'P1', 2, (56, 57), (15,), (4.0,), (15,), (4.0,))

25.    ((8,), (1.0,)):
('K.208 Musescore', 'P1', 1, (69, 70), (8,), (3.5,), (8,), (3.5,))
('K.208 Musescore', 'P1', 1, (72, 73), (9,), (1.5,), (9,), (1.5,))
('K.208 Musescore', 'P1', 2, (16, 17), (5,), (1.0,), (5,), (1.0,))
('K.208 Musescore', 'P1', 2, (53, 54), (15,), (1.0,), (15,), (1.0,))

26.    (((5, 1),), ((0.0, 1.0),)):
('K.208 Musescore', 'P1', 2, (12, 13), (4,), (1.0,), (4,), (1.0,))
('K.208 Musescore', 'P1', 2, (61, 62), (17,), (1.0,), (17,), (1.0,))
('K.208 Musescore', 'P1', 2, (74, 75), (20,), (2.0,), (20,), (2.0,))
('K.208 Musescore', 'P1', 2, (83, 84), (22,), (3.0,), (22,), (3.0,))

27.    ((2,), (0.5,)):
('K.208 Musescore', 'P1', 1, (16, 17), (3,), (3.0,), (3,), (3.0,))
('K.208 Musescore', 'P1', 1, (18, 19), (3,), (4.0,), (3,), (4.0,))
('K.208 Musescore', 'P1', 1, (19, 20), (3,), (4.5,), (3,), (4.5,))

28.    ((3,), (0.25,)):
('K.208 Musescore', 'P1', 1, (23, 24), (4,), (1.75,), (4,), (1.75,))
('K.208 Musescore', 'P1', 1, (53, 54), (7,), (1.25,), (7,), (1.25,))
('K.208 Musescore', 'P1', 1, (131, 132), (16,), (3.25,), (16,), (3.25,))

29.    ((-3,), (0.25,)):
('K.208 Musescore', 'P1', 1, (42, 43), (5,), (4.75,), (5,), (4.75,))
('K.208 Musescore', 'P1', 1, (83, 84), (10,), (4.25,), (10,), (4.25,))
('K.208 Musescore', 'P1', 1, (221, 222), (22,), (3.75,), (22,), (3.75,))

30.    ((-5,), (0.25,)):
('K.208 Musescore', 'P1', 1, (71, 72), (9,), (1.25,), (9,), (1.25,))
('K.208 Musescore', 'P1', 1, (175, 176), (19,), (2.75,), (19,), (2.75,))
('K.208 Musescore', 'P1', 1, (195, 196), (20,), (4.5,), (20,), (4.5,))

31.    ((-2,), (0.75,)):
('K.208 Musescore', 'P1', 1, (79, 80), (10,), (2.5,), (10,), (2.5,))
('K.208 Musescore', 'P1', 1, (127, 128), (16,), (1.5,), (16,), (1.5,))
('K.208 Musescore', 'P1', 1, (231, 232), (23,), (2.0,), (23,), (2.0,))

32.    ((2,), (0.25,)):
('K.208 Musescore', 'P1', 1, (94, 95), (11,), (3.75,), (11,), (3.75,))
('K.208 Musescore', 'P1', 1, (190, 191), (20,), (3.0,), (20,), (3.0,))
('K.208 Musescore', 'P1', 1, (192, 193), (20,), (3.5,), (20,), (3.5,))

33.    ((2,), (0.12,)):
('K.208 Musescore', 'P1', 1, (229, 230), (23,), (1.75,), (23,), (1.75,))
('K.208 Musescore', 'P1', 1, (230, 231), (23,), (1.88,), (23,), (1.88,))
('K.208 Musescore', 'P1', 1, (233, 234), (23,), (2.88,), (23,), (2.88,))

34.    ((-3,), (1.0,)):
('K.208 Musescore', 'P1', 1, (14, 15), (3,), (1.5,), (3,), (1.5,))
('K.208 Musescore', 'P1', 2, (54, 55), (15,), (2.0,), (15,), (2.0,))
('K.208 Musescore', 'P1', 2, (55, 56), (15,), (3.0,), (15,), (3.0,))

35.    (((3, 2),), ((0.0, 1.0),)):
('K.208 Musescore', 'P1', 1, (120, 121), (13,), (4.0,), (13,), (4.0,))
('K.208 Musescore', 'P1', 2, (88, 89), (23,), (4.0,), (23,), (4.0,))
('K.208 Musescore', 'P1', 2, (90, 91), (24,), (2.0,), (24,), (2.0,))

36.    ((2,), (1.0,)):
('K.208 Musescore', 'P1', 1, (39, 40), (5,), (2.5,), (5,), (2.5,))
('K.208 Musescore', 'P1', 1, (45, 46), (6,), (1.5,), (6,), (1.5,))

37.    ((-3,), (0.5,)):
('K.208 Musescore', 'P1', 1, (52, 53), (6,), (4.75,), (6,), (4.75,))
('K.208 Musescore', 'P1', 1, (82, 83), (10,), (3.75,), (10,), (3.75,))

38.    ((-6,), (0.25,)):
('K.208 Musescore', 'P1', 1, (68, 69), (8,), (3.25,), (8,), (3.25,))
('K.208 Musescore', 'P1', 1, (168, 169), (19,), (1.0,), (19,), (1.0,))

39.    ((1,), (0.25,)):
('K.208 Musescore', 'P1', 1, (118, 119), (13,), (2.75,), (13,), (2.75,))
('K.208 Musescore', 'P1', 1, (167, 168), (18,), (4.75,), (18,), (4.75,))

40.    ((-4,), (0.25,)):
('K.208 Musescore', 'P1', 1, (132, 133), (16,), (3.5,), (16,), (3.5,))
('K.208 Musescore', 'P1', 1, (225, 226), (22,), (4.75,), (22,), (4.75,))

41.    ((-8,), (0.25,)):
('K.208 Musescore', 'P1', 1, (152, 153), (18,), (1.0,), (18,), (1.0,))
('K.208 Musescore', 'P1', 1, (253, 254), (24,), (4.75,), (24,), (4.75,))

42.    ((4,), (0.25,)):
('K.208 Musescore', 'P1', 1, (162, 163), (18,), (3.5,), (18,), (3.5,))
('K.208 Musescore', 'P1', 1, (222, 223), (22,), (4.0,), (22,), (4.0,))

43.    (((3, -2),), ((0.0, 1.0),)):
('K.208 Musescore', 'P1', 1, (119, 120), (13,), (3.0,), (13,), (3.0,))
('K.208 Musescore', 'P1', 2, (23, 24), (6,), (4.0,), (6,), (4.0,))

44.    ((-5,), (1.0,)):
('K.208 Musescore', 'P1', 2, (3, 4), (1,), (4.0,), (1,), (4.0,))
('K.208 Musescore', 'P1', 2, (91, 92), (24,), (3.0,), (24,), (3.0,))

45.    (((5, 2),), ((0.0, 1.0),)):
('K.208 Musescore', 'P1', 2, (13, 14), (4,), (2.0,), (4,), (2.0,))
('K.208 Musescore', 'P1', 2, (86, 87), (23,), (2.0,), (23,), (2.0,))

46.    (((7, 1),), ((0.0, 1.0),)):
('K.208 Musescore', 'P1', 2, (30, 31), (8,), (3.0,), (8,), (3.0,))
('K.208 Musescore', 'P1', 2, (44, 45), (12,), (1.0,), (12,), (1.0,))

47.    (((5, 4, 1),), ((0.0, 0.0, 1.0),)):
('K.208 Musescore', 'P1', 2, (34, 35), (9,), (3.0,), (9,), (3.0,))
('K.208 Musescore', 'P1', 2, (35, 36), (9,), (4.0,), (9,), (4.0,))

48.    (((5, -5),), ((0.0, 1.0),)):
('K.208 Musescore', 'P1', 2, (78, 79), (21,), (2.0,), (21,), (2.0,))
('K.208 Musescore', 'P1', 2, (94, 95), (25,), (2.0,), (25,), (2.0,))

