1 .    ('nomes', 'K.113 KernScores') 

2 .    ('quantidade', 1) 

3 .    ('analise', 'sequęncias IntDiaDurPcompasso sem contidos e intercalados') 

1 .    (((-3, -3, 5, -2, -3, -3, 5), (0.25, 0.25, 0.25, 0.25, 0.25, 0.25, 0.25), (2.0, 2.25, 2.5, 2.75, 1.0, 1.25, 1.5)), [[('K.113 KernScores', 'P1', 2, (27, 34), (31, 2.0), (32, 1.5)), ('K.113 KernScores', 'P1', 2, (35, 42), (32, 2.0), (33, 1.5)), ('K.113 KernScores', 'P1', 2, (43, 50), (33, 2.0), (34, 1.5))], [('K.113 KernScores', 'P1', 2, (155, 162), (55, 2.0), (56, 1.5)), ('K.113 KernScores', 'P1', 2, (163, 170), (56, 2.0), (57, 1.5))], [('K.113 KernScores', 'P1', 2, (267, 274), (96, 2.0), (97, 1.5)), ('K.113 KernScores', 'P1', 2, (275, 282), (97, 2.0), (98, 1.5)), ('K.113 KernScores', 'P1', 2, (283, 290), (98, 2.0), (99, 1.5))], [('K.113 KernScores', 'P1', 2, (307, 314), (103, 2.0), (104, 1.5)), ('K.113 KernScores', 'P1', 2, (315, 322), (104, 2.0), (105, 1.5)), ('K.113 KernScores', 'P1', 2, (323, 330), (105, 2.0), (106, 1.5))]]) 

2 .    (((-2, -3, -3, 5, -2, -3, -3), (0.25, 0.25, 0.25, 0.25, 0.25, 0.25, 0.25), (1.75, 2.0, 2.25, 2.5, 2.75, 1.0, 1.25)), [[('K.113 KernScores', 'P1', 2, (26, 33), (31, 1.75), (32, 1.25)), ('K.113 KernScores', 'P1', 2, (34, 41), (32, 1.75), (33, 1.25)), ('K.113 KernScores', 'P1', 2, (42, 49), (33, 1.75), (34, 1.25))], [('K.113 KernScores', 'P1', 2, (154, 161), (55, 1.75), (56, 1.25)), ('K.113 KernScores', 'P1', 2, (162, 169), (56, 1.75), (57, 1.25))]]) 

3 .    (((3, -3, 4, -4, 5, -5, 6), (0.25, 0.25, 0.25, 0.25, 0.25, 0.25, 0.25), (1.25, 1.5, 1.75, 2.0, 2.25, 2.5, 2.75)), [[('K.113 KernScores', 'P1', 1, (311, 318), (71, 1.25), (71, 2.75)), ('K.113 KernScores', 'P1', 1, (319, 326), (72, 1.25), (72, 2.75)), ('K.113 KernScores', 'P1', 1, (327, 334), (73, 1.25), (73, 2.75))], [('K.113 KernScores', 'P1', 1, (343, 350), (75, 1.25), (75, 2.75)), ('K.113 KernScores', 'P1', 1, (351, 358), (76, 1.25), (76, 2.75))]]) 

4 .    (((-3, -3, 6, -3, 4, -3, 4), (0.25, 0.25, 0.25, 0.25, 0.25, 0.25, 0.25), (1.25, 1.5, 1.75, 2.0, 2.25, 2.5, 2.75)), [[('K.113 KernScores', 'P1', 1, (101, 108), (21, 1.25), (21, 2.75)), ('K.113 KernScores', 'P1', 1, (109, 116), (22, 1.25), (22, 2.75))], [('K.113 KernScores', 'P1', 2, (1, 8), (11, 1.25), (11, 2.75)), ('K.113 KernScores', 'P1', 2, (9, 16), (12, 1.25), (12, 2.75))], [('K.113 KernScores', 'P2', 1, (22, 29), (15, 1.25), (15, 2.75)), ('K.113 KernScores', 'P2', 1, (30, 37), (16, 1.25), (16, 2.75))], [('K.113 KernScores', 'P2', 1, (69, 76), (23, 1.25), (23, 2.75)), ('K.113 KernScores', 'P2', 1, (77, 84), (24, 1.25), (24, 2.75))], [('K.113 KernScores', 'P2', 1, (116, 123), (36, 1.25), (36, 2.75)), ('K.113 KernScores', 'P2', 1, (124, 131), (38, 1.25), (38, 2.75))]]) 

5 .    (((-6, 4, -4, 5, -5, 7, -7), (0.25, 0.25, 0.25, 0.25, 0.25, 0.25, 0.25), (1.0, 1.25, 1.5, 1.75, 2.0, 2.25, 2.5)), [[('K.113 KernScores', 'P1', 2, (223, 230), (78, 1.0), (78, 2.5)), ('K.113 KernScores', 'P1', 2, (231, 238), (79, 1.0), (79, 2.5))], [('K.113 KernScores', 'P1', 2, (247, 254), (81, 1.0), (81, 2.5)), ('K.113 KernScores', 'P1', 2, (255, 262), (82, 1.0), (82, 2.5))], [('K.113 KernScores', 'P1', 2, (351, 358), (111, 1.0), (111, 2.5)), ('K.113 KernScores', 'P1', 2, (359, 366), (112, 1.0), (112, 2.5))], [('K.113 KernScores', 'P1', 2, (375, 382), (115, 1.0), (115, 2.5)), ('K.113 KernScores', 'P1', 2, (383, 390), (116, 1.0), (116, 2.5))]]) 

6 .    (((7, -7, 6, -6, 4, -4, 5), (0.25, 0.25, 0.25, 0.25, 0.25, 0.25, 0.25), (2.25, 2.5, 2.75, 1.0, 1.25, 1.5, 1.75)), [[('K.113 KernScores', 'P1', 2, (244, 251), (80, 2.25), (81, 1.75)), ('K.113 KernScores', 'P1', 2, (252, 259), (81, 2.25), (82, 1.75))], [('K.113 KernScores', 'P1', 2, (348, 355), (110, 2.25), (111, 1.75)), ('K.113 KernScores', 'P1', 2, (356, 363), (111, 2.25), (112, 1.75))], [('K.113 KernScores', 'P1', 2, (372, 379), (114, 2.25), (115, 1.75)), ('K.113 KernScores', 'P1', 2, (380, 387), (115, 2.25), (116, 1.75))]]) 

7 .    (((5, -5, 7, -7, 6, -6, 4), (0.25, 0.25, 0.25, 0.25, 0.25, 0.25, 0.25), (1.75, 2.0, 2.25, 2.5, 2.75, 1.0, 1.25)), [[('K.113 KernScores', 'P1', 2, (346, 353), (110, 1.75), (111, 1.25)), ('K.113 KernScores', 'P1', 2, (354, 361), (111, 1.75), (112, 1.25))], [('K.113 KernScores', 'P1', 2, (370, 377), (114, 1.75), (115, 1.25)), ('K.113 KernScores', 'P1', 2, (378, 385), (115, 1.75), (116, 1.25))]]) 

8 .    (((-6, -2, -2, 8, -7, -2, -2), (0.25, 0.25, 0.25, 0.25, 0.25, 0.25, 0.25), (1.0, 1.25, 1.5, 1.75, 2.0, 2.25, 2.5)), [[('K.113 KernScores', 'P1', 1, (78, 85), (17, 1.0), (17, 2.5)), ('K.113 KernScores', 'P1', 1, (86, 93), (18, 1.0), (18, 2.5))], [('K.113 KernScores', 'P1', 1, (122, 129), (25, 1.0), (25, 2.5)), ('K.113 KernScores', 'P1', 1, (130, 137), (26, 1.0), (26, 2.5))]]) 

9 .    (((2, -3, 5, -3, 2, -3, 5), (0.25, 0.25, 0.25, 0.25, 0.25, 0.25, 0.25), (1.75, 2.0, 2.25, 2.5, 2.75, 1.0, 1.25)), [[('K.113 KernScores', 'P1', 2, (178, 185), (60, 1.75), (61, 1.25)), ('K.113 KernScores', 'P1', 2, (186, 193), (61, 1.75), (62, 1.25))], [('K.113 KernScores', 'P1', 2, (202, 209), (64, 1.75), (65, 1.25)), ('K.113 KernScores', 'P1', 2, (210, 217), (65, 1.75), (66, 1.25))]]) 

10 .    (((2, -8, 4), (0.5, 0.5, 0.5), (1.5, 2.0, 2.5)), [[('K.113 KernScores', 'P2', 1, (204, 207), (67, 1.5), (67, 2.5)), ('K.113 KernScores', 'P2', 1, (208, 211), (68, 1.5), (68, 2.5))], [('K.113 KernScores', 'P2', 1, (355, 358), (117, 1.5), (117, 2.5)), ('K.113 KernScores', 'P2', 1, (359, 362), (118, 1.5), (118, 2.5))]]) 

11 .    (((-6, 2, 2), (0.5, 0.5, 0.5), (1.0, 1.5, 2.0)), [[('K.113 KernScores', 'P2', 1, (37, 40), (17, 1.0), (17, 2.0)), ('K.113 KernScores', 'P2', 1, (41, 44), (18, 1.0), (18, 2.0))], [('K.113 KernScores', 'P2', 1, (84, 87), (25, 1.0), (25, 2.0)), ('K.113 KernScores', 'P2', 1, (88, 91), (26, 1.0), (26, 2.0))]]) 

12 .    ((((7, 1), (6, 1), (5, 1)), ((0.0, 0.5), (0.0, 0.5), (0.0, 0.5)), (1.5, 2.0, 2.5)), [[('K.113 KernScores', 'P2', 1, (214, 217), (71, 1.5), (71, 2.5)), ('K.113 KernScores', 'P2', 1, (218, 221), (72, 1.5), (72, 2.5))], [('K.113 KernScores', 'P2', 1, (227, 230), (75, 1.5), (75, 2.5)), ('K.113 KernScores', 'P2', 1, (231, 234), (76, 1.5), (76, 2.5))]]) 

