1.    nomes:
K.51 Musescore

2.    quantidade:
1

3.    analise:
[('intDia', 'p1p2')] SemContInte Distancia: 0

1.    ((-6, 4, -2, 8, -6, 5, -7, 6, -7, 6, -7, 6, -7, 6, 2, -6, 4, -2, 8, -6, 5, -7, 6, -7, 6, -7, 6, -7, 6),):
('K.51 Musescore', 'P1', 1, (1, 30), (1,), (1.25,), (2,), (4.5,))
('K.51 Musescore', 'P1', 1, (280, 309), (23,), (1.25,), (24,), (4.5,))

2.    ((-3, 2, -3, 2, -3, 2, -3, -3, 6, -2, -3, 2, -3, 2, -4, 2, -3, 2, -3, 2, -3, 2, -3, -3, 6, -2),):
('K.51 Musescore', 'P1', 1, (248, 274), (20,), (1.5,), (21,), (3.75,))
('K.51 Musescore', 'P1', 1, (569, 595), (45,), (3.5,), (46,), (1.75,))

3.    ((-2, 6, -2, -5, 2, 5, -2, -4, -2, 6, -2, -5, 2, 5, -2, -4, -2, 6, -2, -5),):
('K.51 Musescore', 'P1', 3, (208, 228), (29,), (1.75,), (30,), (2.5,))
('K.51 Musescore', 'P1', 3, (228, 248), (30,), (2.75,), (31,), (3.5,))

4.    ((-2, -2, -2, -2, (3, -4), -3, -3, 9, (3, -2), (3, -4), -3, -3, 9, (3, -2), (3, -4), -3, -3, 9),):
('K.51 Musescore', 'P1', 1, (50, 68), (4,), (4.0,), (6,), (1.75,))
('K.51 Musescore', 'P1', 1, (199, 217), (15,), (4.0,), (17,), (1.75,))

5.    ((5, -5, 6, -5, 6, -5, 6, -5, 6, -7, 6, -7, 6, -7, 6),):
('K.51 Musescore', 'P1', 1, (310, 325), (25,), (1.0,), (25,), (4.5,))
('K.51 Musescore', 'P1', 1, (326, 341), (26,), (1.0,), (26,), (4.5,))

6.    ((2, 1, 2, 1, 2, -4, 2, 1, 2, 1, 2, 2, 1, -4, 2),):
('K.51 Musescore', 'P1', 1, (343, 358), (27,), (1.25,), (27,), (4.75,))
('K.51 Musescore', 'P1', 1, (423, 438), (33,), (3.25,), (34,), (2.75,))

7.    ((-5, 5, -4, -5, 4, 5, -4, -5, 4, 5, -4, -5, 4),):
('K.51 Musescore', 'P1', 3, (29, 42), (4,), (4.5,), (6,), (2.75,))
('K.51 Musescore', 'P1', 3, (114, 127), (15,), (4.5,), (17,), (2.75,))

8.    ((-2, -2, -2, -5, 2, -8, 4, 4, -2, -2, -2),):
('K.51 Musescore', 'P1', 3, (148, 159), (20,), (1.5,), (21,), (2.5,))
('K.51 Musescore', 'P1', 3, (363, 374), (45,), (3.5,), (46,), (4.5,))

9.    ((-3, -4, -2, 6, -4, -3, -2, 6, -4, -3, -2),):
('K.51 Musescore', 'P1', 3, (280, 291), (34,), (4.25,), (35,), (2.75,))
('K.51 Musescore', 'P1', 3, (292, 303), (35,), (4.25,), (36,), (2.75,))

10.    ((-2, -2, -2, -2, -2, -2, -2),):
('K.51 Musescore', 'P1', 2, (2, 9), (20,), (1.25,), (20,), (4.5,))
('K.51 Musescore', 'P1', 2, (21, 28), (46,), (3.25,), (46,), (2.5,))

11.    ((2, -2, -2, -2, 1, -2),):
('K.51 Musescore', 'P1', 1, (509, 515), (40,), (3.75,), (40,), (1.0,))
('K.51 Musescore', 'P1', 3, (307, 313), (37,), (2.5,), (38,), (1.0,))

12.    ((10, -2, -2, -5, 2, -8),):
('K.51 Musescore', 'P1', 3, (164, 170), (23,), (1.0,), (23,), (4.0,))
('K.51 Musescore', 'P1', 3, (171, 177), (24,), (1.0,), (24,), (4.0,))

13.    ((-2, -2, -2, -2, 2, 2),):
('K.51 Musescore', 'P1', 3, (178, 184), (25,), (1.0,), (25,), (3.5,))
('K.51 Musescore', 'P1', 3, (186, 192), (26,), (1.0,), (26,), (3.5,))

14.    ((-2, -2, -2, 1, -2),):
('K.51 Musescore', 'P1', 1, (478, 483), (38,), (3.0,), (38,), (4.0,))
('K.51 Musescore', 'P1', 1, (486, 491), (39,), (2.0,), (39,), (3.0,))
('K.51 Musescore', 'P1', 1, (504, 509), (40,), (2.5,), (40,), (3.5,))
('K.51 Musescore', 'P1', 1, (510, 515), (40,), (4.0,), (40,), (1.0,))
('K.51 Musescore', 'P1', 2, (17, 22), (45,), (1.5,), (46,), (3.25,))
('K.51 Musescore', 'P1', 3, (308, 313), (37,), (3.0,), (38,), (1.0,))

15.    ((-2, -4, -2, 6, -2),):
('K.51 Musescore', 'P1', 2, (10, 15), (33,), (1.0,), (45,), (3.75,))
('K.51 Musescore', 'P1', 3, (206, 211), (29,), (1.25,), (29,), (2.25,))
('K.51 Musescore', 'P1', 3, (214, 219), (29,), (3.25,), (29,), (4.25,))
('K.51 Musescore', 'P1', 3, (222, 227), (30,), (1.25,), (30,), (2.25,))
('K.51 Musescore', 'P1', 3, (234, 239), (30,), (4.25,), (31,), (1.25,))
('K.51 Musescore', 'P1', 3, (242, 247), (31,), (2.25,), (31,), (3.25,))

16.    ((-2, 1, -2, -2, -2),):
('K.51 Musescore', 'P1', 1, (125, 130), (11,), (2.5,), (11,), (3.5,))
('K.51 Musescore', 'P1', 1, (134, 139), (11,), (4.5,), (12,), (1.5,))
('K.51 Musescore', 'P1', 1, (476, 481), (38,), (2.5,), (38,), (3.5,))
('K.51 Musescore', 'P1', 1, (484, 489), (38,), (4.5,), (39,), (2.5,))
('K.51 Musescore', 'P1', 2, (19, 24), (45,), (2.5,), (46,), (4.25,))

17.    ((6, -5, 6, -7, 6),):
('K.51 Musescore', 'P1', 1, (316, 321), (25,), (2.5,), (25,), (3.5,))
('K.51 Musescore', 'P1', 1, (332, 337), (26,), (2.5,), (26,), (3.5,))
('K.51 Musescore', 'P1', 3, (68, 73), (9,), (2.0,), (9,), (4.0,))

18.    ((1, 2, 2, 1, 2),):
('K.51 Musescore', 'P1', 1, (366, 371), (28,), (3.0,), (28,), (4.0,))
('K.51 Musescore', 'P1', 1, (461, 466), (37,), (1.25,), (37,), (2.25,))

19.    ((1, 2, 2, -3, 1),):
('K.51 Musescore', 'P1', 1, (389, 394), (30,), (3.0,), (30,), (4.75,))
('K.51 Musescore', 'P1', 1, (394, 399), (31,), (1.0,), (31,), (2.75,))

20.    ((4, -2, -2, -2, -2),):
('K.51 Musescore', 'P1', 1, (198, 203), (15,), (3.75,), (15,), (4.75,))
('K.51 Musescore', 'P1', 2, (1, 6), (4,), (4.5,), (20,), (2.75,))

21.    ((6, -2, -2, -2, -2),):
('K.51 Musescore', 'P1', 1, (272, 277), (21,), (3.5,), (21,), (4.5,))
('K.51 Musescore', 'P1', 2, (13, 18), (37,), (4.0,), (45,), (1.5,))

22.    ((-4, 2, -4, 2, -3),):
('K.51 Musescore', 'P1', 1, (412, 417), (32,), (4.5,), (33,), (1.5,))
('K.51 Musescore', 'P1', 3, (107, 112), (15,), (1.0,), (15,), (3.0,))

23.    ((-2, 2, 2, 2, 2),):
('K.51 Musescore', 'P1', 1, (516, 521), (40,), (1.5,), (41,), (2.5,))
('K.51 Musescore', 'P1', 3, (181, 186), (25,), (2.5,), (25,), (4.5,))

24.    ((2, 4, -2, -2, -2),):
('K.51 Musescore', 'P1', 2, (0, 5), (4,), (4.0,), (20,), (2.25,))
('K.51 Musescore', 'P1', 3, (333, 338), (41,), (3.5,), (41,), (1.5,))

25.    ((2, 1, 2, 1),):
('K.51 Musescore', 'P1', 1, (343, 347), (27,), (1.25,), (27,), (2.0,))
('K.51 Musescore', 'P1', 1, (349, 353), (27,), (2.75,), (27,), (3.5,))
('K.51 Musescore', 'P1', 1, (368, 372), (28,), (3.5,), (28,), (4.25,))
('K.51 Musescore', 'P1', 1, (423, 427), (33,), (3.25,), (33,), (4.0,))
('K.51 Musescore', 'P1', 1, (429, 433), (33,), (4.75,), (34,), (1.5,))
('K.51 Musescore', 'P1', 1, (453, 457), (36,), (3.25,), (36,), (4.0,))
('K.51 Musescore', 'P1', 3, (195, 199), (27,), (2.5,), (27,), (4.5,))

26.    ((-2, -2, -2, -2),):
('K.51 Musescore', 'P1', 1, (50, 54), (4,), (4.0,), (4,), (4.75,))
('K.51 Musescore', 'P1', 1, (273, 277), (21,), (3.75,), (21,), (4.5,))
('K.51 Musescore', 'P1', 2, (5, 9), (20,), (2.75,), (20,), (4.5,))
('K.51 Musescore', 'P1', 2, (22, 26), (46,), (3.75,), (46,), (1.5,))
('K.51 Musescore', 'P1', 3, (178, 182), (25,), (1.0,), (25,), (2.5,))
('K.51 Musescore', 'P1', 3, (186, 190), (26,), (1.0,), (26,), (2.5,))

27.    ((4, -2, -2, -2),):
('K.51 Musescore', 'P1', 1, (198, 202), (15,), (3.75,), (15,), (4.5,))
('K.51 Musescore', 'P1', 2, (1, 5), (4,), (4.5,), (20,), (2.25,))
('K.51 Musescore', 'P1', 3, (155, 159), (21,), (1.0,), (21,), (2.5,))
('K.51 Musescore', 'P1', 3, (334, 338), (41,), (4.0,), (41,), (1.5,))
('K.51 Musescore', 'P1', 3, (370, 374), (46,), (3.0,), (46,), (4.5,))

28.    ((-2, -2, -2, 2),):
('K.51 Musescore', 'P1', 1, (127, 131), (11,), (3.0,), (11,), (3.75,))
('K.51 Musescore', 'P1', 1, (136, 140), (12,), (1.0,), (12,), (1.75,))
('K.51 Musescore', 'P1', 3, (187, 191), (26,), (1.5,), (26,), (3.0,))

29.    ((2, 5, -3, -3),):
('K.51 Musescore', 'P1', 1, (437, 441), (34,), (2.75,), (34,), (3.5,))
('K.51 Musescore', 'P1', 3, (256, 260), (32,), (1.75,), (32,), (2.5,))
('K.51 Musescore', 'P1', 3, (264, 268), (32,), (3.75,), (32,), (4.5,))

30.    ((2, 1, 1, 2),):
('K.51 Musescore', 'P1', 3, (201, 205), (28,), (2.5,), (28,), (4.5,))
('K.51 Musescore', 'P1', 3, (274, 278), (33,), (4.5,), (34,), (2.5,))

31.    ((2, -3, 2),):
('K.51 Musescore', 'P1', 1, (221, 224), (17,), (3.75,), (17,), (4.25,))
('K.51 Musescore', 'P1', 1, (249, 252), (20,), (1.75,), (20,), (2.25,))
('K.51 Musescore', 'P1', 1, (265, 268), (21,), (1.75,), (21,), (2.25,))
('K.51 Musescore', 'P1', 1, (417, 420), (33,), (1.75,), (33,), (2.25,))
('K.51 Musescore', 'P1', 1, (570, 573), (45,), (3.75,), (45,), (4.25,))
('K.51 Musescore', 'P1', 1, (586, 589), (46,), (3.75,), (46,), (4.25,))
('K.51 Musescore', 'P1', 3, (84, 87), (11,), (2.5,), (11,), (3.5,))
('K.51 Musescore', 'P1', 3, (87, 90), (11,), (4.5,), (12,), (1.5,))
('K.51 Musescore', 'P1', 3, (90, 93), (12,), (2.5,), (12,), (3.5,))
('K.51 Musescore', 'P1', 3, (93, 96), (12,), (4.5,), (13,), (1.5,))
('K.51 Musescore', 'P1', 3, (96, 99), (13,), (2.5,), (13,), (3.5,))
('K.51 Musescore', 'P1', 3, (99, 102), (13,), (4.5,), (14,), (1.5,))

32.    ((-2, 6, -2),):
('K.51 Musescore', 'P1', 1, (132, 135), (11,), (4.0,), (11,), (4.5,))
('K.51 Musescore', 'P1', 2, (12, 15), (37,), (3.75,), (45,), (3.75,))
('K.51 Musescore', 'P1', 3, (208, 211), (29,), (1.75,), (29,), (2.25,))
('K.51 Musescore', 'P1', 3, (216, 219), (29,), (3.75,), (29,), (4.25,))
('K.51 Musescore', 'P1', 3, (224, 227), (30,), (1.75,), (30,), (2.25,))
('K.51 Musescore', 'P1', 3, (228, 231), (30,), (2.75,), (30,), (3.25,))
('K.51 Musescore', 'P1', 3, (236, 239), (30,), (4.75,), (31,), (1.25,))
('K.51 Musescore', 'P1', 3, (244, 247), (31,), (2.75,), (31,), (3.25,))

33.    ((2, -3, -3),):
('K.51 Musescore', 'P1', 1, (163, 166), (13,), (3.0,), (13,), (3.5,))
('K.51 Musescore', 'P1', 1, (171, 174), (14,), (1.0,), (14,), (1.5,))
('K.51 Musescore', 'P1', 1, (179, 182), (14,), (3.0,), (14,), (3.5,))
('K.51 Musescore', 'P1', 1, (253, 256), (20,), (2.75,), (20,), (3.25,))
('K.51 Musescore', 'P1', 1, (269, 272), (21,), (2.75,), (21,), (3.25,))
('K.51 Musescore', 'P1', 1, (574, 577), (45,), (4.75,), (45,), (1.25,))
('K.51 Musescore', 'P1', 1, (590, 593), (46,), (4.75,), (46,), (1.25,))
('K.51 Musescore', 'P1', 3, (342, 345), (42,), (1.0,), (42,), (2.5,))

34.    ((2, 5, -2),):
('K.51 Musescore', 'P1', 1, (116, 119), (10,), (3.25,), (10,), (3.75,))
('K.51 Musescore', 'P1', 3, (191, 194), (26,), (3.5,), (26,), (4.5,))
('K.51 Musescore', 'P1', 3, (212, 215), (29,), (2.75,), (29,), (3.25,))
('K.51 Musescore', 'P1', 3, (220, 223), (29,), (4.75,), (30,), (1.25,))
('K.51 Musescore', 'P1', 3, (232, 235), (30,), (3.75,), (30,), (4.25,))
('K.51 Musescore', 'P1', 3, (240, 243), (31,), (1.75,), (31,), (2.25,))

35.    ((-2, -2, 4),):
('K.51 Musescore', 'P1', 1, (196, 199), (15,), (3.25,), (15,), (3.75,))
('K.51 Musescore', 'P1', 3, (26, 29), (4,), (3.0,), (4,), (4.0,))
('K.51 Musescore', 'P1', 3, (157, 160), (21,), (2.0,), (21,), (3.0,))
('K.51 Musescore', 'P1', 3, (336, 339), (41,), (1.0,), (42,), (3.0,))

36.    ((-3, -3, 4),):
('K.51 Musescore', 'P1', 1, (227, 230), (18,), (1.25,), (18,), (1.75,))
('K.51 Musescore', 'P1', 1, (237, 240), (19,), (1.25,), (19,), (1.75,))
('K.51 Musescore', 'P1', 3, (23, 26), (4,), (2.25,), (4,), (2.75,))
('K.51 Musescore', 'P1', 3, (63, 66), (8,), (4.25,), (8,), (4.75,))

37.    ((-2, -2, 10),):
('K.51 Musescore', 'P1', 1, (158, 161), (13,), (2.0,), (13,), (2.25,))
('K.51 Musescore', 'P1', 2, (7, 10), (20,), (4.0,), (21,), (1.0,))

38.    ((3, 2, 1),):
('K.51 Musescore', 'P1', 1, (358, 361), (28,), (1.0,), (28,), (1.5,))
('K.51 Musescore', 'P1', 3, (273, 276), (33,), (3.0,), (34,), (1.0,))

39.    ((1, 1, 2),):
('K.51 Musescore', 'P1', 1, (393, 396), (30,), (4.75,), (31,), (1.5,))
('K.51 Musescore', 'P1', 3, (202, 205), (28,), (3.0,), (28,), (4.5,))

40.    ((4, 2, -8),):
('K.51 Musescore', 'P1', 3, (127, 130), (17,), (3.0,), (17,), (4.0,))
('K.51 Musescore', 'P1', 3, (159, 162), (21,), (3.0,), (21,), (4.0,))

41.    ((-3, -3),):
('K.51 Musescore', 'P1', 1, (32, 34), (3,), (1.25,), (3,), (1.5,))
('K.51 Musescore', 'P1', 1, (37, 39), (3,), (3.25,), (3,), (3.5,))
('K.51 Musescore', 'P1', 1, (42, 44), (4,), (1.25,), (4,), (1.5,))
('K.51 Musescore', 'P1', 1, (55, 57), (5,), (1.25,), (5,), (1.5,))
('K.51 Musescore', 'P1', 1, (60, 62), (5,), (3.25,), (5,), (3.5,))
('K.51 Musescore', 'P1', 1, (65, 67), (6,), (1.25,), (6,), (1.5,))
('K.51 Musescore', 'P1', 1, (70, 72), (6,), (3.25,), (6,), (3.5,))
('K.51 Musescore', 'P1', 1, (82, 84), (8,), (1.25,), (8,), (1.5,))
('K.51 Musescore', 'P1', 1, (87, 89), (8,), (3.25,), (8,), (3.5,))
('K.51 Musescore', 'P1', 1, (204, 206), (16,), (1.25,), (16,), (1.5,))
('K.51 Musescore', 'P1', 1, (209, 211), (16,), (3.25,), (16,), (3.5,))
('K.51 Musescore', 'P1', 1, (214, 216), (17,), (1.25,), (17,), (1.5,))
('K.51 Musescore', 'P1', 1, (446, 448), (35,), (3.25,), (35,), (3.5,))
('K.51 Musescore', 'P1', 1, (543, 545), (42,), (1.25,), (42,), (1.5,))
('K.51 Musescore', 'P1', 1, (548, 550), (43,), (3.25,), (43,), (3.5,))
('K.51 Musescore', 'P1', 1, (553, 555), (43,), (1.25,), (43,), (1.5,))
('K.51 Musescore', 'P1', 1, (558, 560), (44,), (3.25,), (44,), (3.5,))
('K.51 Musescore', 'P1', 1, (563, 565), (44,), (1.25,), (44,), (1.5,))
('K.51 Musescore', 'P1', 3, (15, 17), (3,), (2.25,), (3,), (2.5,))
('K.51 Musescore', 'P1', 3, (19, 21), (3,), (4.25,), (3,), (4.5,))

42.    ((-2, -2),):
('K.51 Musescore', 'P1', 1, (128, 130), (11,), (3.25,), (11,), (3.5,))
('K.51 Musescore', 'P1', 1, (140, 142), (12,), (2.0,), (12,), (2.0,))
('K.51 Musescore', 'P1', 1, (149, 151), (12,), (4.0,), (12,), (4.0,))
('K.51 Musescore', 'P1', 1, (158, 160), (13,), (2.0,), (13,), (2.0,))
('K.51 Musescore', 'P1', 1, (523, 525), (41,), (3.25,), (41,), (3.5,))
('K.51 Musescore', 'P1', 2, (15, 17), (45,), (4.25,), (45,), (4.75,))
('K.51 Musescore', 'P1', 2, (26, 28), (46,), (2.0,), (46,), (2.5,))
('K.51 Musescore', 'P1', 3, (1, 3), (1,), (2.0,), (1,), (2.5,))
('K.51 Musescore', 'P1', 3, (8, 10), (2,), (2.0,), (2,), (2.5,))
('K.51 Musescore', 'P1', 3, (165, 167), (23,), (2.0,), (23,), (2.5,))
('K.51 Musescore', 'P1', 3, (172, 174), (24,), (2.0,), (24,), (2.5,))
('K.51 Musescore', 'P1', 3, (329, 331), (40,), (1.0,), (40,), (1.5,))

43.    ((2, -2),):
('K.51 Musescore', 'P1', 1, (130, 132), (11,), (3.75,), (11,), (4.0,))
('K.51 Musescore', 'P1', 1, (139, 141), (12,), (1.75,), (12,), (2.0,))
('K.51 Musescore', 'P1', 1, (148, 150), (12,), (3.75,), (12,), (4.0,))
('K.51 Musescore', 'P1', 1, (157, 159), (13,), (1.75,), (13,), (2.0,))
('K.51 Musescore', 'P1', 1, (469, 471), (37,), (3.25,), (37,), (3.5,))
('K.51 Musescore', 'P1', 1, (509, 511), (40,), (3.75,), (40,), (4.0,))
('K.51 Musescore', 'P1', 1, (515, 517), (40,), (1.25,), (40,), (1.5,))
('K.51 Musescore', 'P1', 3, (185, 187), (25,), (4.5,), (26,), (1.0,))
('K.51 Musescore', 'P1', 3, (269, 271), (33,), (1.0,), (33,), (1.5,))
('K.51 Musescore', 'P1', 3, (307, 309), (37,), (2.5,), (37,), (3.0,))
('K.51 Musescore', 'P1', 4, (0, 2), (38,), (1.0,), (40,), (1.0,))

44.    ((-5, 2),):
('K.51 Musescore', 'P1', 1, (95, 97), (9,), (2.0,), (9,), (2.25,))
('K.51 Musescore', 'P1', 1, (103, 105), (9,), (4.0,), (9,), (4.25,))
('K.51 Musescore', 'P1', 1, (111, 113), (10,), (2.0,), (10,), (2.25,))
('K.51 Musescore', 'P1', 3, (3, 5), (1,), (3.0,), (1,), (3.5,))
('K.51 Musescore', 'P1', 3, (10, 12), (2,), (3.0,), (2,), (3.5,))
('K.51 Musescore', 'P1', 3, (151, 153), (20,), (3.0,), (20,), (3.5,))
('K.51 Musescore', 'P1', 3, (167, 169), (23,), (3.0,), (23,), (3.5,))
('K.51 Musescore', 'P1', 3, (174, 176), (24,), (3.0,), (24,), (3.5,))
('K.51 Musescore', 'P1', 3, (366, 368), (45,), (1.0,), (45,), (1.5,))

45.    ((1, 2),):
('K.51 Musescore', 'P1', 1, (144, 146), (12,), (2.75,), (12,), (3.0,))
('K.51 Musescore', 'P1', 1, (153, 155), (12,), (4.75,), (13,), (1.0,))
('K.51 Musescore', 'P1', 1, (277, 279), (21,), (4.75,), (22,), (1.0,))
('K.51 Musescore', 'P1', 1, (404, 406), (32,), (1.0,), (32,), (1.5,))
('K.51 Musescore', 'P1', 1, (409, 411), (32,), (3.0,), (32,), (3.5,))
('K.51 Musescore', 'P1', 1, (461, 463), (37,), (1.25,), (37,), (1.5,))
('K.51 Musescore', 'P1', 1, (598, 600), (46,), (2.75,), (47,), (1.0,))
('K.51 Musescore', 'P1', 3, (276, 278), (34,), (1.5,), (34,), (2.5,))

46.    ((-2, 8),):
('K.51 Musescore', 'P1', 1, (3, 5), (1,), (1.75,), (1,), (2.0,))
('K.51 Musescore', 'P1', 1, (18, 20), (2,), (1.75,), (2,), (2.0,))
('K.51 Musescore', 'P1', 1, (47, 49), (4,), (3.25,), (4,), (3.5,))
('K.51 Musescore', 'P1', 1, (282, 284), (23,), (1.75,), (23,), (2.0,))
('K.51 Musescore', 'P1', 1, (297, 299), (24,), (1.75,), (24,), (2.0,))
('K.51 Musescore', 'P1', 3, (45, 47), (6,), (4.75,), (7,), (1.0,))

47.    ((-2, -3),):
('K.51 Musescore', 'P1', 1, (257, 259), (20,), (3.75,), (20,), (4.0,))
('K.51 Musescore', 'P1', 1, (341, 343), (26,), (4.75,), (27,), (1.0,))
('K.51 Musescore', 'P1', 1, (578, 580), (45,), (1.75,), (45,), (2.0,))
('K.51 Musescore', 'P1', 1, (594, 596), (46,), (1.75,), (46,), (2.0,))
('K.51 Musescore', 'P1', 3, (330, 332), (40,), (1.5,), (41,), (2.0,))

48.    ((2, -3),):
('K.51 Musescore', 'P1', 1, (259, 261), (20,), (4.25,), (20,), (4.5,))
('K.51 Musescore', 'P1', 1, (396, 398), (31,), (2.25,), (31,), (2.5,))
('K.51 Musescore', 'P1', 1, (580, 582), (45,), (2.25,), (45,), (2.5,))
('K.51 Musescore', 'P1', 1, (596, 598), (46,), (2.25,), (46,), (2.5,))
('K.51 Musescore', 'P1', 3, (102, 104), (14,), (2.5,), (14,), (3.0,))

49.    ((-4, -3),):
('K.51 Musescore', 'P1', 1, (76, 78), (7,), (3.0,), (7,), (3.25,))
('K.51 Musescore', 'P1', 1, (231, 233), (18,), (3.0,), (18,), (3.25,))
('K.51 Musescore', 'P1', 1, (241, 243), (19,), (3.0,), (19,), (3.25,))
('K.51 Musescore', 'P1', 3, (43, 45), (6,), (4.25,), (6,), (4.5,))

50.    ((4, 2),):
('K.51 Musescore', 'P1', 1, (93, 95), (9,), (1.5,), (9,), (1.75,))
('K.51 Musescore', 'P1', 1, (101, 103), (9,), (3.5,), (9,), (3.75,))
('K.51 Musescore', 'P1', 1, (109, 111), (10,), (1.5,), (10,), (1.75,))
('K.51 Musescore', 'P1', 3, (127, 129), (17,), (3.0,), (17,), (3.5,))

51.    ((2, 1),):
('K.51 Musescore', 'P1', 1, (97, 99), (9,), (2.5,), (9,), (2.75,))
('K.51 Musescore', 'P1', 1, (105, 107), (9,), (4.5,), (9,), (4.75,))
('K.51 Musescore', 'P1', 1, (113, 115), (10,), (2.5,), (10,), (2.75,))
('K.51 Musescore', 'P1', 3, (304, 306), (36,), (4.5,), (37,), (1.0,))

52.    ((9, -4),):
('K.51 Musescore', 'P1', 1, (225, 227), (17,), (4.75,), (18,), (1.0,))
('K.51 Musescore', 'P1', 3, (346, 348), (43,), (3.0,), (43,), (4.25,))
('K.51 Musescore', 'P1', 3, (354, 356), (44,), (3.0,), (44,), (4.25,))

53.    ((2, 6),):
('K.51 Musescore', 'P1', 1, (194, 196), (15,), (2.75,), (15,), (3.0,))
('K.51 Musescore', 'P1', 1, (525, 527), (41,), (3.75,), (41,), (4.0,))

54.    ((-3, -5),):
('K.51 Musescore', 'P1', 1, (119, 121), (10,), (4.0,), (10,), (4.25,))
('K.51 Musescore', 'P1', 3, (60, 62), (8,), (2.5,), (8,), (2.75,))

55.    ((10, -3),):
('K.51 Musescore', 'P1', 1, (160, 162), (13,), (2.25,), (13,), (2.5,))
('K.51 Musescore', 'P1', 3, (58, 60), (8,), (1.0,), (8,), (2.25,))

56.    ((4, -3),):
('K.51 Musescore', 'P1', 1, (219, 221), (17,), (3.25,), (17,), (3.5,))
('K.51 Musescore', 'P1', 3, (104, 106), (14,), (3.5,), (14,), (4.0,))

57.    ((3, 2),):
('K.51 Musescore', 'P1', 1, (374, 376), (29,), (1.0,), (29,), (1.5,))
('K.51 Musescore', 'P1', 3, (332, 334), (41,), (2.5,), (41,), (3.5,))

58.    ((2,),):
('K.51 Musescore', 'P1', 1, (15, 16), (1,), (4.75,), (1,), (4.75,))
('K.51 Musescore', 'P1', 1, (30, 31), (2,), (4.75,), (2,), (4.75,))
('K.51 Musescore', 'P1', 1, (92, 93), (9,), (1.25,), (9,), (1.25,))
('K.51 Musescore', 'P1', 1, (94, 95), (9,), (1.75,), (9,), (1.75,))
('K.51 Musescore', 'P1', 1, (96, 97), (9,), (2.25,), (9,), (2.25,))
('K.51 Musescore', 'P1', 1, (97, 98), (9,), (2.5,), (9,), (2.5,))
('K.51 Musescore', 'P1', 1, (100, 101), (9,), (3.25,), (9,), (3.25,))
('K.51 Musescore', 'P1', 1, (102, 103), (9,), (3.75,), (9,), (3.75,))
('K.51 Musescore', 'P1', 1, (104, 105), (9,), (4.25,), (9,), (4.25,))
('K.51 Musescore', 'P1', 1, (105, 106), (9,), (4.5,), (9,), (4.5,))
('K.51 Musescore', 'P1', 1, (108, 109), (10,), (1.25,), (10,), (1.25,))
('K.51 Musescore', 'P1', 1, (110, 111), (10,), (1.75,), (10,), (1.75,))
('K.51 Musescore', 'P1', 1, (112, 113), (10,), (2.25,), (10,), (2.25,))
('K.51 Musescore', 'P1', 1, (113, 114), (10,), (2.5,), (10,), (2.5,))
('K.51 Musescore', 'P1', 1, (116, 117), (10,), (3.25,), (10,), (3.25,))
('K.51 Musescore', 'P1', 1, (130, 131), (11,), (3.75,), (11,), (3.75,))
('K.51 Musescore', 'P1', 1, (139, 140), (12,), (1.75,), (12,), (1.75,))
('K.51 Musescore', 'P1', 1, (145, 146), (12,), (3.0,), (12,), (3.0,))
('K.51 Musescore', 'P1', 1, (148, 149), (12,), (3.75,), (12,), (3.75,))
('K.51 Musescore', 'P1', 1, (154, 155), (13,), (1.0,), (13,), (1.0,))
('K.51 Musescore', 'P1', 1, (157, 158), (13,), (1.75,), (13,), (1.75,))
('K.51 Musescore', 'P1', 1, (163, 164), (13,), (3.0,), (13,), (3.0,))
('K.51 Musescore', 'P1', 1, (167, 168), (13,), (4.0,), (13,), (4.0,))
('K.51 Musescore', 'P1', 1, (171, 172), (14,), (1.0,), (14,), (1.0,))
('K.51 Musescore', 'P1', 1, (175, 176), (14,), (2.0,), (14,), (2.0,))
('K.51 Musescore', 'P1', 1, (179, 180), (14,), (3.0,), (14,), (3.0,))
('K.51 Musescore', 'P1', 1, (183, 184), (14,), (4.0,), (14,), (4.0,))
('K.51 Musescore', 'P1', 1, (187, 188), (15,), (1.0,), (15,), (1.0,))
('K.51 Musescore', 'P1', 1, (191, 192), (15,), (2.0,), (15,), (2.0,))
('K.51 Musescore', 'P1', 1, (194, 195), (15,), (2.75,), (15,), (2.75,))
('K.51 Musescore', 'P1', 1, (221, 222), (17,), (3.75,), (17,), (3.75,))
('K.51 Musescore', 'P1', 1, (223, 224), (17,), (4.25,), (17,), (4.25,))
('K.51 Musescore', 'P1', 1, (234, 235), (18,), (3.75,), (18,), (3.75,))
('K.51 Musescore', 'P1', 1, (244, 245), (19,), (3.75,), (19,), (3.75,))
('K.51 Musescore', 'P1', 1, (247, 248), (20,), (1.25,), (20,), (1.25,))
('K.51 Musescore', 'P1', 1, (249, 250), (20,), (1.75,), (20,), (1.75,))
('K.51 Musescore', 'P1', 1, (251, 252), (20,), (2.25,), (20,), (2.25,))
('K.51 Musescore', 'P1', 1, (253, 254), (20,), (2.75,), (20,), (2.75,))
('K.51 Musescore', 'P1', 1, (259, 260), (20,), (4.25,), (20,), (4.25,))
('K.51 Musescore', 'P1', 1, (261, 262), (20,), (4.75,), (20,), (4.75,))
('K.51 Musescore', 'P1', 1, (263, 264), (21,), (1.25,), (21,), (1.25,))
('K.51 Musescore', 'P1', 1, (265, 266), (21,), (1.75,), (21,), (1.75,))
('K.51 Musescore', 'P1', 1, (267, 268), (21,), (2.25,), (21,), (2.25,))
('K.51 Musescore', 'P1', 1, (269, 270), (21,), (2.75,), (21,), (2.75,))
('K.51 Musescore', 'P1', 1, (278, 279), (22,), (1.0,), (22,), (1.0,))
('K.51 Musescore', 'P1', 1, (294, 295), (23,), (4.75,), (23,), (4.75,))
('K.51 Musescore', 'P1', 1, (343, 344), (27,), (1.25,), (27,), (1.25,))
('K.51 Musescore', 'P1', 1, (345, 346), (27,), (1.75,), (27,), (1.75,))
('K.51 Musescore', 'P1', 1, (347, 348), (27,), (2.25,), (27,), (2.25,))
('K.51 Musescore', 'P1', 1, (349, 350), (27,), (2.75,), (27,), (2.75,))
('K.51 Musescore', 'P1', 1, (351, 352), (27,), (3.25,), (27,), (3.25,))
('K.51 Musescore', 'P1', 1, (353, 354), (27,), (3.75,), (27,), (3.75,))
('K.51 Musescore', 'P1', 1, (354, 355), (27,), (4.0,), (27,), (4.0,))
('K.51 Musescore', 'P1', 1, (357, 358), (27,), (4.75,), (27,), (4.75,))
('K.51 Musescore', 'P1', 1, (359, 360), (28,), (1.25,), (28,), (1.25,))
('K.51 Musescore', 'P1', 1, (361, 362), (28,), (1.75,), (28,), (1.75,))
('K.51 Musescore', 'P1', 1, (362, 363), (28,), (2.0,), (28,), (2.0,))
('K.51 Musescore', 'P1', 1, (365, 366), (28,), (2.75,), (28,), (2.75,))
('K.51 Musescore', 'P1', 1, (367, 368), (28,), (3.25,), (28,), (3.25,))
('K.51 Musescore', 'P1', 1, (368, 369), (28,), (3.5,), (28,), (3.5,))
('K.51 Musescore', 'P1', 1, (370, 371), (28,), (4.0,), (28,), (4.0,))
('K.51 Musescore', 'P1', 1, (373, 374), (28,), (4.75,), (28,), (4.75,))
('K.51 Musescore', 'P1', 1, (375, 376), (29,), (1.5,), (29,), (1.5,))
('K.51 Musescore', 'P1', 1, (376, 377), (29,), (2.25,), (29,), (2.25,))
('K.51 Musescore', 'P1', 1, (380, 381), (29,), (3.5,), (29,), (3.5,))
('K.51 Musescore', 'P1', 1, (381, 382), (29,), (4.25,), (29,), (4.25,))
('K.51 Musescore', 'P1', 1, (385, 386), (30,), (1.5,), (30,), (1.5,))
('K.51 Musescore', 'P1', 1, (386, 387), (30,), (2.25,), (30,), (2.25,))
('K.51 Musescore', 'P1', 1, (390, 391), (30,), (3.5,), (30,), (3.5,))
('K.51 Musescore', 'P1', 1, (391, 392), (30,), (4.25,), (30,), (4.25,))
('K.51 Musescore', 'P1', 1, (395, 396), (31,), (1.5,), (31,), (1.5,))
('K.51 Musescore', 'P1', 1, (396, 397), (31,), (2.25,), (31,), (2.25,))
('K.51 Musescore', 'P1', 1, (401, 402), (31,), (4.25,), (31,), (4.25,))
('K.51 Musescore', 'P1', 1, (403, 404), (31,), (4.75,), (31,), (4.75,))
('K.51 Musescore', 'P1', 1, (405, 406), (32,), (1.5,), (32,), (1.5,))
('K.51 Musescore', 'P1', 1, (406, 407), (32,), (2.25,), (32,), (2.25,))
('K.51 Musescore', 'P1', 1, (408, 409), (32,), (2.75,), (32,), (2.75,))
('K.51 Musescore', 'P1', 1, (410, 411), (32,), (3.5,), (32,), (3.5,))
('K.51 Musescore', 'P1', 1, (411, 412), (32,), (4.25,), (32,), (4.25,))
('K.51 Musescore', 'P1', 1, (413, 414), (32,), (4.75,), (32,), (4.75,))
('K.51 Musescore', 'P1', 1, (415, 416), (33,), (1.25,), (33,), (1.25,))
('K.51 Musescore', 'P1', 1, (417, 418), (33,), (1.75,), (33,), (1.75,))
('K.51 Musescore', 'P1', 1, (419, 420), (33,), (2.25,), (33,), (2.25,))
('K.51 Musescore', 'P1', 1, (421, 422), (33,), (2.75,), (33,), (2.75,))
('K.51 Musescore', 'P1', 1, (423, 424), (33,), (3.25,), (33,), (3.25,))
('K.51 Musescore', 'P1', 1, (425, 426), (33,), (3.75,), (33,), (3.75,))
('K.51 Musescore', 'P1', 1, (427, 428), (33,), (4.25,), (33,), (4.25,))
('K.51 Musescore', 'P1', 1, (429, 430), (33,), (4.75,), (33,), (4.75,))
('K.51 Musescore', 'P1', 1, (431, 432), (34,), (1.25,), (34,), (1.25,))
('K.51 Musescore', 'P1', 1, (433, 434), (34,), (1.75,), (34,), (1.75,))
('K.51 Musescore', 'P1', 1, (434, 435), (34,), (2.0,), (34,), (2.0,))
('K.51 Musescore', 'P1', 1, (437, 438), (34,), (2.75,), (34,), (2.75,))
('K.51 Musescore', 'P1', 1, (453, 454), (36,), (3.25,), (36,), (3.25,))
('K.51 Musescore', 'P1', 1, (455, 456), (36,), (3.75,), (36,), (3.75,))
('K.51 Musescore', 'P1', 1, (457, 458), (36,), (4.25,), (36,), (4.25,))
('K.51 Musescore', 'P1', 1, (459, 460), (36,), (4.75,), (36,), (4.75,))
('K.51 Musescore', 'P1', 1, (462, 463), (37,), (1.5,), (37,), (1.5,))
('K.51 Musescore', 'P1', 1, (463, 464), (37,), (1.75,), (37,), (1.75,))
('K.51 Musescore', 'P1', 1, (465, 466), (37,), (2.25,), (37,), (2.25,))
('K.51 Musescore', 'P1', 1, (467, 468), (37,), (2.75,), (37,), (2.75,))
('K.51 Musescore', 'P1', 1, (468, 469), (37,), (3.0,), (37,), (3.0,))
('K.51 Musescore', 'P1', 1, (469, 470), (37,), (3.25,), (37,), (3.25,))
('K.51 Musescore', 'P1', 1, (471, 472), (37,), (4.25,), (37,), (4.25,))
('K.51 Musescore', 'P1', 1, (509, 510), (40,), (3.75,), (40,), (3.75,))
('K.51 Musescore', 'P1', 1, (515, 516), (40,), (1.25,), (40,), (1.25,))
('K.51 Musescore', 'P1', 1, (517, 518), (40,), (1.75,), (40,), (1.75,))
('K.51 Musescore', 'P1', 1, (518, 519), (41,), (2.0,), (41,), (2.0,))
('K.51 Musescore', 'P1', 1, (519, 520), (41,), (2.25,), (41,), (2.25,))
('K.51 Musescore', 'P1', 1, (520, 521), (41,), (2.5,), (41,), (2.5,))
('K.51 Musescore', 'P1', 1, (521, 522), (41,), (2.75,), (41,), (2.75,))
('K.51 Musescore', 'P1', 1, (525, 526), (41,), (3.75,), (41,), (3.75,))
('K.51 Musescore', 'P1', 1, (541, 542), (42,), (4.75,), (42,), (4.75,))
('K.51 Musescore', 'P1', 1, (570, 571), (45,), (3.75,), (45,), (3.75,))
('K.51 Musescore', 'P1', 1, (572, 573), (45,), (4.25,), (45,), (4.25,))
('K.51 Musescore', 'P1', 1, (574, 575), (45,), (4.75,), (45,), (4.75,))
('K.51 Musescore', 'P1', 1, (580, 581), (45,), (2.25,), (45,), (2.25,))
('K.51 Musescore', 'P1', 1, (582, 583), (45,), (2.75,), (45,), (2.75,))
('K.51 Musescore', 'P1', 1, (584, 585), (46,), (3.25,), (46,), (3.25,))
('K.51 Musescore', 'P1', 1, (586, 587), (46,), (3.75,), (46,), (3.75,))
('K.51 Musescore', 'P1', 1, (588, 589), (46,), (4.25,), (46,), (4.25,))
('K.51 Musescore', 'P1', 1, (590, 591), (46,), (4.75,), (46,), (4.75,))
('K.51 Musescore', 'P1', 1, (596, 597), (46,), (2.25,), (46,), (2.25,))
('K.51 Musescore', 'P1', 1, (599, 600), (47,), (1.0,), (47,), (1.0,))
('K.51 Musescore', 'P1', 2, (0, 1), (4,), (4.0,), (4,), (4.0,))
('K.51 Musescore', 'P1', 3, (4, 5), (1,), (3.5,), (1,), (3.5,))
('K.51 Musescore', 'P1', 3, (11, 12), (2,), (3.5,), (2,), (3.5,))
('K.51 Musescore', 'P1', 3, (84, 85), (11,), (2.5,), (11,), (2.5,))
('K.51 Musescore', 'P1', 3, (86, 87), (11,), (3.5,), (11,), (3.5,))
('K.51 Musescore', 'P1', 3, (87, 88), (11,), (4.5,), (11,), (4.5,))
('K.51 Musescore', 'P1', 3, (89, 90), (12,), (1.5,), (12,), (1.5,))
('K.51 Musescore', 'P1', 3, (90, 91), (12,), (2.5,), (12,), (2.5,))
('K.51 Musescore', 'P1', 3, (92, 93), (12,), (3.5,), (12,), (3.5,))
('K.51 Musescore', 'P1', 3, (93, 94), (12,), (4.5,), (12,), (4.5,))
('K.51 Musescore', 'P1', 3, (95, 96), (13,), (1.5,), (13,), (1.5,))
('K.51 Musescore', 'P1', 3, (96, 97), (13,), (2.5,), (13,), (2.5,))
('K.51 Musescore', 'P1', 3, (98, 99), (13,), (3.5,), (13,), (3.5,))
('K.51 Musescore', 'P1', 3, (99, 100), (13,), (4.5,), (13,), (4.5,))
('K.51 Musescore', 'P1', 3, (101, 102), (14,), (1.5,), (14,), (1.5,))
('K.51 Musescore', 'P1', 3, (102, 103), (14,), (2.5,), (14,), (2.5,))
('K.51 Musescore', 'P1', 3, (108, 109), (15,), (1.5,), (15,), (1.5,))
('K.51 Musescore', 'P1', 3, (110, 111), (15,), (2.5,), (15,), (2.5,))
('K.51 Musescore', 'P1', 3, (128, 129), (17,), (3.5,), (17,), (3.5,))
('K.51 Musescore', 'P1', 3, (152, 153), (20,), (3.5,), (20,), (3.5,))
('K.51 Musescore', 'P1', 3, (160, 161), (21,), (3.5,), (21,), (3.5,))
('K.51 Musescore', 'P1', 3, (168, 169), (23,), (3.5,), (23,), (3.5,))
('K.51 Musescore', 'P1', 3, (175, 176), (24,), (3.5,), (24,), (3.5,))
('K.51 Musescore', 'P1', 3, (182, 183), (25,), (3.0,), (25,), (3.0,))
('K.51 Musescore', 'P1', 3, (183, 184), (25,), (3.5,), (25,), (3.5,))
('K.51 Musescore', 'P1', 3, (184, 185), (25,), (4.0,), (25,), (4.0,))
('K.51 Musescore', 'P1', 3, (185, 186), (25,), (4.5,), (25,), (4.5,))
('K.51 Musescore', 'P1', 3, (190, 191), (26,), (3.0,), (26,), (3.0,))
('K.51 Musescore', 'P1', 3, (191, 192), (26,), (3.5,), (26,), (3.5,))
('K.51 Musescore', 'P1', 3, (195, 196), (27,), (2.5,), (27,), (2.5,))
('K.51 Musescore', 'P1', 3, (197, 198), (27,), (3.5,), (27,), (3.5,))
('K.51 Musescore', 'P1', 3, (201, 202), (28,), (2.5,), (28,), (2.5,))
('K.51 Musescore', 'P1', 3, (204, 205), (28,), (4.5,), (28,), (4.5,))
('K.51 Musescore', 'P1', 3, (212, 213), (29,), (2.75,), (29,), (2.75,))
('K.51 Musescore', 'P1', 3, (220, 221), (29,), (4.75,), (29,), (4.75,))
('K.51 Musescore', 'P1', 3, (232, 233), (30,), (3.75,), (30,), (3.75,))
('K.51 Musescore', 'P1', 3, (240, 241), (31,), (1.75,), (31,), (1.75,))
('K.51 Musescore', 'P1', 3, (256, 257), (32,), (1.75,), (32,), (1.75,))
('K.51 Musescore', 'P1', 3, (264, 265), (32,), (3.75,), (32,), (3.75,))
('K.51 Musescore', 'P1', 3, (269, 270), (33,), (1.0,), (33,), (1.0,))
('K.51 Musescore', 'P1', 3, (274, 275), (33,), (4.5,), (33,), (4.5,))
('K.51 Musescore', 'P1', 3, (277, 278), (34,), (2.5,), (34,), (2.5,))
('K.51 Musescore', 'P1', 3, (304, 305), (36,), (4.5,), (36,), (4.5,))
('K.51 Musescore', 'P1', 3, (307, 308), (37,), (2.5,), (37,), (2.5,))
('K.51 Musescore', 'P1', 3, (316, 317), (38,), (3.5,), (38,), (3.5,))
('K.51 Musescore', 'P1', 3, (319, 320), (39,), (2.5,), (39,), (2.5,))
('K.51 Musescore', 'P1', 3, (333, 334), (41,), (3.5,), (41,), (3.5,))
('K.51 Musescore', 'P1', 3, (339, 340), (42,), (3.5,), (42,), (3.5,))
('K.51 Musescore', 'P1', 3, (342, 343), (42,), (1.0,), (42,), (1.0,))
('K.51 Musescore', 'P1', 3, (367, 368), (45,), (1.5,), (45,), (1.5,))
('K.51 Musescore', 'P1', 4, (0, 1), (38,), (1.0,), (38,), (1.0,))

59.    ((-2,),):
('K.51 Musescore', 'P1', 1, (3, 4), (1,), (1.75,), (1,), (1.75,))
('K.51 Musescore', 'P1', 1, (18, 19), (2,), (1.75,), (2,), (1.75,))
('K.51 Musescore', 'P1', 1, (47, 48), (4,), (3.25,), (4,), (3.25,))
('K.51 Musescore', 'P1', 1, (50, 51), (4,), (4.0,), (4,), (4.0,))
('K.51 Musescore', 'P1', 1, (51, 52), (4,), (4.25,), (4,), (4.25,))
('K.51 Musescore', 'P1', 1, (52, 53), (4,), (4.5,), (4,), (4.5,))
('K.51 Musescore', 'P1', 1, (53, 54), (4,), (4.75,), (4,), (4.75,))
('K.51 Musescore', 'P1', 1, (118, 119), (10,), (3.75,), (10,), (3.75,))
('K.51 Musescore', 'P1', 1, (125, 126), (11,), (2.5,), (11,), (2.5,))
('K.51 Musescore', 'P1', 1, (127, 128), (11,), (3.0,), (11,), (3.0,))
('K.51 Musescore', 'P1', 1, (128, 129), (11,), (3.25,), (11,), (3.25,))
('K.51 Musescore', 'P1', 1, (129, 130), (11,), (3.5,), (11,), (3.5,))
('K.51 Musescore', 'P1', 1, (131, 132), (11,), (4.0,), (11,), (4.0,))
('K.51 Musescore', 'P1', 1, (132, 133), (11,), (4.0,), (11,), (4.0,))
('K.51 Musescore', 'P1', 1, (134, 135), (11,), (4.5,), (11,), (4.5,))
('K.51 Musescore', 'P1', 1, (136, 137), (12,), (1.0,), (12,), (1.0,))
('K.51 Musescore', 'P1', 1, (137, 138), (12,), (1.25,), (12,), (1.25,))
('K.51 Musescore', 'P1', 1, (138, 139), (12,), (1.5,), (12,), (1.5,))
('K.51 Musescore', 'P1', 1, (140, 141), (12,), (2.0,), (12,), (2.0,))
('K.51 Musescore', 'P1', 1, (141, 142), (12,), (2.0,), (12,), (2.0,))
('K.51 Musescore', 'P1', 1, (149, 150), (12,), (4.0,), (12,), (4.0,))
('K.51 Musescore', 'P1', 1, (150, 151), (12,), (4.0,), (12,), (4.0,))
('K.51 Musescore', 'P1', 1, (158, 159), (13,), (2.0,), (13,), (2.0,))
('K.51 Musescore', 'P1', 1, (159, 160), (13,), (2.0,), (13,), (2.0,))
('K.51 Musescore', 'P1', 1, (196, 197), (15,), (3.25,), (15,), (3.25,))
('K.51 Musescore', 'P1', 1, (197, 198), (15,), (3.5,), (15,), (3.5,))
('K.51 Musescore', 'P1', 1, (199, 200), (15,), (4.0,), (15,), (4.0,))
('K.51 Musescore', 'P1', 1, (200, 201), (15,), (4.25,), (15,), (4.25,))
('K.51 Musescore', 'P1', 1, (201, 202), (15,), (4.5,), (15,), (4.5,))
('K.51 Musescore', 'P1', 1, (202, 203), (15,), (4.75,), (15,), (4.75,))
('K.51 Musescore', 'P1', 1, (257, 258), (20,), (3.75,), (20,), (3.75,))
('K.51 Musescore', 'P1', 1, (273, 274), (21,), (3.75,), (21,), (3.75,))
('K.51 Musescore', 'P1', 1, (274, 275), (21,), (4.0,), (21,), (4.0,))
('K.51 Musescore', 'P1', 1, (275, 276), (21,), (4.25,), (21,), (4.25,))
('K.51 Musescore', 'P1', 1, (276, 277), (21,), (4.5,), (21,), (4.5,))
('K.51 Musescore', 'P1', 1, (282, 283), (23,), (1.75,), (23,), (1.75,))
('K.51 Musescore', 'P1', 1, (297, 298), (24,), (1.75,), (24,), (1.75,))
('K.51 Musescore', 'P1', 1, (341, 342), (26,), (4.75,), (26,), (4.75,))
('K.51 Musescore', 'P1', 1, (378, 379), (29,), (2.75,), (29,), (2.75,))
('K.51 Musescore', 'P1', 1, (383, 384), (29,), (4.75,), (29,), (4.75,))
('K.51 Musescore', 'P1', 1, (470, 471), (37,), (3.5,), (37,), (3.5,))
('K.51 Musescore', 'P1', 1, (474, 475), (38,), (1.0,), (38,), (1.0,))
('K.51 Musescore', 'P1', 1, (476, 477), (38,), (2.5,), (38,), (2.5,))
('K.51 Musescore', 'P1', 1, (478, 479), (38,), (3.0,), (38,), (3.0,))
('K.51 Musescore', 'P1', 1, (479, 480), (38,), (3.25,), (38,), (3.25,))
('K.51 Musescore', 'P1', 1, (480, 481), (38,), (3.5,), (38,), (3.5,))
('K.51 Musescore', 'P1', 1, (482, 483), (38,), (4.0,), (38,), (4.0,))
('K.51 Musescore', 'P1', 1, (484, 485), (38,), (4.5,), (38,), (4.5,))
('K.51 Musescore', 'P1', 1, (486, 487), (39,), (2.0,), (39,), (2.0,))
('K.51 Musescore', 'P1', 1, (487, 488), (39,), (2.25,), (39,), (2.25,))
('K.51 Musescore', 'P1', 1, (488, 489), (39,), (2.5,), (39,), (2.5,))
('K.51 Musescore', 'P1', 1, (490, 491), (39,), (3.0,), (39,), (3.0,))
('K.51 Musescore', 'P1', 1, (492, 493), (39,), (3.5,), (39,), (3.5,))
('K.51 Musescore', 'P1', 1, (494, 495), (39,), (4.0,), (39,), (4.0,))
('K.51 Musescore', 'P1', 1, (498, 499), (39,), (1.0,), (39,), (1.0,))
('K.51 Musescore', 'P1', 1, (504, 505), (40,), (2.5,), (40,), (2.5,))
('K.51 Musescore', 'P1', 1, (505, 506), (40,), (2.75,), (40,), (2.75,))
('K.51 Musescore', 'P1', 1, (506, 507), (40,), (3.0,), (40,), (3.0,))
('K.51 Musescore', 'P1', 1, (508, 509), (40,), (3.5,), (40,), (3.5,))
('K.51 Musescore', 'P1', 1, (510, 511), (40,), (4.0,), (40,), (4.0,))
('K.51 Musescore', 'P1', 1, (511, 512), (40,), (4.25,), (40,), (4.25,))
('K.51 Musescore', 'P1', 1, (512, 513), (40,), (4.5,), (40,), (4.5,))
('K.51 Musescore', 'P1', 1, (514, 515), (40,), (1.0,), (40,), (1.0,))
('K.51 Musescore', 'P1', 1, (516, 517), (40,), (1.5,), (40,), (1.5,))
('K.51 Musescore', 'P1', 1, (523, 524), (41,), (3.25,), (41,), (3.25,))
('K.51 Musescore', 'P1', 1, (524, 525), (41,), (3.5,), (41,), (3.5,))
('K.51 Musescore', 'P1', 1, (578, 579), (45,), (1.75,), (45,), (1.75,))
('K.51 Musescore', 'P1', 1, (594, 595), (46,), (1.75,), (46,), (1.75,))
('K.51 Musescore', 'P1', 2, (2, 3), (20,), (1.25,), (20,), (1.25,))
('K.51 Musescore', 'P1', 2, (3, 4), (20,), (1.75,), (20,), (1.75,))
('K.51 Musescore', 'P1', 2, (4, 5), (20,), (2.25,), (20,), (2.25,))
('K.51 Musescore', 'P1', 2, (5, 6), (20,), (2.75,), (20,), (2.75,))
('K.51 Musescore', 'P1', 2, (6, 7), (20,), (3.5,), (20,), (3.5,))
('K.51 Musescore', 'P1', 2, (7, 8), (20,), (4.0,), (20,), (4.0,))
('K.51 Musescore', 'P1', 2, (8, 9), (20,), (4.5,), (20,), (4.5,))
('K.51 Musescore', 'P1', 2, (10, 11), (33,), (1.0,), (33,), (1.0,))
('K.51 Musescore', 'P1', 2, (12, 13), (37,), (3.75,), (37,), (3.75,))
('K.51 Musescore', 'P1', 2, (14, 15), (45,), (3.75,), (45,), (3.75,))
('K.51 Musescore', 'P1', 2, (15, 16), (45,), (4.25,), (45,), (4.25,))
('K.51 Musescore', 'P1', 2, (16, 17), (45,), (4.75,), (45,), (4.75,))
('K.51 Musescore', 'P1', 2, (17, 18), (45,), (1.5,), (45,), (1.5,))
('K.51 Musescore', 'P1', 2, (18, 19), (45,), (2.0,), (45,), (2.0,))
('K.51 Musescore', 'P1', 2, (19, 20), (45,), (2.5,), (45,), (2.5,))
('K.51 Musescore', 'P1', 2, (21, 22), (46,), (3.25,), (46,), (3.25,))
('K.51 Musescore', 'P1', 2, (22, 23), (46,), (3.75,), (46,), (3.75,))
('K.51 Musescore', 'P1', 2, (23, 24), (46,), (4.25,), (46,), (4.25,))
('K.51 Musescore', 'P1', 2, (24, 25), (46,), (4.75,), (46,), (4.75,))
('K.51 Musescore', 'P1', 2, (25, 26), (46,), (1.5,), (46,), (1.5,))
('K.51 Musescore', 'P1', 2, (26, 27), (46,), (2.0,), (46,), (2.0,))
('K.51 Musescore', 'P1', 2, (27, 28), (46,), (2.5,), (46,), (2.5,))
('K.51 Musescore', 'P1', 3, (1, 2), (1,), (2.0,), (1,), (2.0,))
('K.51 Musescore', 'P1', 3, (2, 3), (1,), (2.5,), (1,), (2.5,))
('K.51 Musescore', 'P1', 3, (8, 9), (2,), (2.0,), (2,), (2.0,))
('K.51 Musescore', 'P1', 3, (9, 10), (2,), (2.5,), (2,), (2.5,))
('K.51 Musescore', 'P1', 3, (26, 27), (4,), (3.0,), (4,), (3.0,))
('K.51 Musescore', 'P1', 3, (27, 28), (4,), (3.5,), (4,), (3.5,))
('K.51 Musescore', 'P1', 3, (45, 46), (6,), (4.75,), (6,), (4.75,))
('K.51 Musescore', 'P1', 3, (49, 50), (7,), (1.75,), (7,), (1.75,))
('K.51 Musescore', 'P1', 3, (53, 54), (7,), (2.75,), (7,), (2.75,))
('K.51 Musescore', 'P1', 3, (78, 79), (10,), (3.0,), (10,), (3.0,))
('K.51 Musescore', 'P1', 3, (79, 80), (10,), (3.5,), (10,), (3.5,))
('K.51 Musescore', 'P1', 3, (80, 81), (10,), (4.0,), (10,), (4.0,))
('K.51 Musescore', 'P1', 3, (148, 149), (20,), (1.5,), (20,), (1.5,))
('K.51 Musescore', 'P1', 3, (149, 150), (20,), (2.0,), (20,), (2.0,))
('K.51 Musescore', 'P1', 3, (150, 151), (20,), (2.5,), (20,), (2.5,))
('K.51 Musescore', 'P1', 3, (156, 157), (21,), (1.5,), (21,), (1.5,))
('K.51 Musescore', 'P1', 3, (157, 158), (21,), (2.0,), (21,), (2.0,))
('K.51 Musescore', 'P1', 3, (158, 159), (21,), (2.5,), (21,), (2.5,))
('K.51 Musescore', 'P1', 3, (165, 166), (23,), (2.0,), (23,), (2.0,))
('K.51 Musescore', 'P1', 3, (166, 167), (23,), (2.5,), (23,), (2.5,))
('K.51 Musescore', 'P1', 3, (172, 173), (24,), (2.0,), (24,), (2.0,))
('K.51 Musescore', 'P1', 3, (173, 174), (24,), (2.5,), (24,), (2.5,))
('K.51 Musescore', 'P1', 3, (178, 179), (25,), (1.0,), (25,), (1.0,))
('K.51 Musescore', 'P1', 3, (179, 180), (25,), (1.5,), (25,), (1.5,))
('K.51 Musescore', 'P1', 3, (180, 181), (25,), (2.0,), (25,), (2.0,))
('K.51 Musescore', 'P1', 3, (181, 182), (25,), (2.5,), (25,), (2.5,))
('K.51 Musescore', 'P1', 3, (186, 187), (26,), (1.0,), (26,), (1.0,))
('K.51 Musescore', 'P1', 3, (187, 188), (26,), (1.5,), (26,), (1.5,))
('K.51 Musescore', 'P1', 3, (188, 189), (26,), (2.0,), (26,), (2.0,))
('K.51 Musescore', 'P1', 3, (189, 190), (26,), (2.5,), (26,), (2.5,))
('K.51 Musescore', 'P1', 3, (193, 194), (26,), (4.5,), (26,), (4.5,))
('K.51 Musescore', 'P1', 3, (206, 207), (29,), (1.25,), (29,), (1.25,))
('K.51 Musescore', 'P1', 3, (208, 209), (29,), (1.75,), (29,), (1.75,))
('K.51 Musescore', 'P1', 3, (210, 211), (29,), (2.25,), (29,), (2.25,))
('K.51 Musescore', 'P1', 3, (214, 215), (29,), (3.25,), (29,), (3.25,))
('K.51 Musescore', 'P1', 3, (216, 217), (29,), (3.75,), (29,), (3.75,))
('K.51 Musescore', 'P1', 3, (218, 219), (29,), (4.25,), (29,), (4.25,))
('K.51 Musescore', 'P1', 3, (222, 223), (30,), (1.25,), (30,), (1.25,))
('K.51 Musescore', 'P1', 3, (224, 225), (30,), (1.75,), (30,), (1.75,))
('K.51 Musescore', 'P1', 3, (226, 227), (30,), (2.25,), (30,), (2.25,))
('K.51 Musescore', 'P1', 3, (228, 229), (30,), (2.75,), (30,), (2.75,))
('K.51 Musescore', 'P1', 3, (230, 231), (30,), (3.25,), (30,), (3.25,))
('K.51 Musescore', 'P1', 3, (234, 235), (30,), (4.25,), (30,), (4.25,))
('K.51 Musescore', 'P1', 3, (236, 237), (30,), (4.75,), (30,), (4.75,))
('K.51 Musescore', 'P1', 3, (238, 239), (31,), (1.25,), (31,), (1.25,))
('K.51 Musescore', 'P1', 3, (242, 243), (31,), (2.25,), (31,), (2.25,))
('K.51 Musescore', 'P1', 3, (244, 245), (31,), (2.75,), (31,), (2.75,))
('K.51 Musescore', 'P1', 3, (246, 247), (31,), (3.25,), (31,), (3.25,))
('K.51 Musescore', 'P1', 3, (250, 251), (31,), (4.25,), (31,), (4.25,))
('K.51 Musescore', 'P1', 3, (252, 253), (31,), (4.75,), (31,), (4.75,))
('K.51 Musescore', 'P1', 3, (260, 261), (32,), (2.75,), (32,), (2.75,))
('K.51 Musescore', 'P1', 3, (268, 269), (32,), (4.75,), (32,), (4.75,))
('K.51 Musescore', 'P1', 3, (270, 271), (33,), (1.5,), (33,), (1.5,))
('K.51 Musescore', 'P1', 3, (271, 272), (33,), (2.0,), (33,), (2.0,))
('K.51 Musescore', 'P1', 3, (272, 273), (33,), (2.5,), (33,), (2.5,))
('K.51 Musescore', 'P1', 3, (282, 283), (34,), (4.75,), (34,), (4.75,))
('K.51 Musescore', 'P1', 3, (286, 287), (35,), (1.75,), (35,), (1.75,))
('K.51 Musescore', 'P1', 3, (290, 291), (35,), (2.75,), (35,), (2.75,))
('K.51 Musescore', 'P1', 3, (294, 295), (35,), (4.75,), (35,), (4.75,))
('K.51 Musescore', 'P1', 3, (298, 299), (36,), (1.75,), (36,), (1.75,))
('K.51 Musescore', 'P1', 3, (302, 303), (36,), (2.75,), (36,), (2.75,))
('K.51 Musescore', 'P1', 3, (308, 309), (37,), (3.0,), (37,), (3.0,))
('K.51 Musescore', 'P1', 3, (309, 310), (37,), (3.5,), (37,), (3.5,))
('K.51 Musescore', 'P1', 3, (310, 311), (37,), (4.0,), (37,), (4.0,))
('K.51 Musescore', 'P1', 3, (312, 313), (38,), (1.0,), (38,), (1.0,))
('K.51 Musescore', 'P1', 3, (315, 316), (38,), (3.0,), (38,), (3.0,))
('K.51 Musescore', 'P1', 3, (318, 319), (39,), (2.0,), (39,), (2.0,))
('K.51 Musescore', 'P1', 3, (329, 330), (40,), (1.0,), (40,), (1.0,))
('K.51 Musescore', 'P1', 3, (330, 331), (40,), (1.5,), (40,), (1.5,))
('K.51 Musescore', 'P1', 3, (335, 336), (41,), (4.5,), (41,), (4.5,))
('K.51 Musescore', 'P1', 3, (336, 337), (41,), (1.0,), (41,), (1.0,))
('K.51 Musescore', 'P1', 3, (337, 338), (41,), (1.5,), (41,), (1.5,))
('K.51 Musescore', 'P1', 3, (363, 364), (45,), (3.5,), (45,), (3.5,))
('K.51 Musescore', 'P1', 3, (364, 365), (45,), (4.0,), (45,), (4.0,))
('K.51 Musescore', 'P1', 3, (365, 366), (45,), (4.5,), (45,), (4.5,))
('K.51 Musescore', 'P1', 3, (371, 372), (46,), (3.5,), (46,), (3.5,))
('K.51 Musescore', 'P1', 3, (372, 373), (46,), (4.0,), (46,), (4.0,))
('K.51 Musescore', 'P1', 3, (373, 374), (46,), (4.5,), (46,), (4.5,))
('K.51 Musescore', 'P1', 4, (1, 2), (40,), (1.0,), (40,), (1.0,))

60.    ((-4,),):
('K.51 Musescore', 'P1', 1, (31, 32), (3,), (1.0,), (3,), (1.0,))
('K.51 Musescore', 'P1', 1, (76, 77), (7,), (3.0,), (7,), (3.0,))
('K.51 Musescore', 'P1', 1, (91, 92), (9,), (1.0,), (9,), (1.0,))
('K.51 Musescore', 'P1', 1, (99, 100), (9,), (3.0,), (9,), (3.0,))
('K.51 Musescore', 'P1', 1, (107, 108), (10,), (1.0,), (10,), (1.0,))
('K.51 Musescore', 'P1', 1, (185, 186), (14,), (4.5,), (14,), (4.5,))
('K.51 Musescore', 'P1', 1, (189, 190), (15,), (1.5,), (15,), (1.5,))
('K.51 Musescore', 'P1', 1, (193, 194), (15,), (2.5,), (15,), (2.5,))
('K.51 Musescore', 'P1', 1, (226, 227), (18,), (1.0,), (18,), (1.0,))
('K.51 Musescore', 'P1', 1, (231, 232), (18,), (3.0,), (18,), (3.0,))
('K.51 Musescore', 'P1', 1, (236, 237), (19,), (1.0,), (19,), (1.0,))
('K.51 Musescore', 'P1', 1, (241, 242), (19,), (3.0,), (19,), (3.0,))
('K.51 Musescore', 'P1', 1, (246, 247), (20,), (1.0,), (20,), (1.0,))
('K.51 Musescore', 'P1', 1, (262, 263), (21,), (1.0,), (21,), (1.0,))
('K.51 Musescore', 'P1', 1, (309, 310), (24,), (4.75,), (24,), (4.75,))
('K.51 Musescore', 'P1', 1, (348, 349), (27,), (2.5,), (27,), (2.5,))
('K.51 Musescore', 'P1', 1, (356, 357), (27,), (4.5,), (27,), (4.5,))
('K.51 Musescore', 'P1', 1, (364, 365), (28,), (2.5,), (28,), (2.5,))
('K.51 Musescore', 'P1', 1, (372, 373), (28,), (4.5,), (28,), (4.5,))
('K.51 Musescore', 'P1', 1, (387, 388), (30,), (2.5,), (30,), (2.5,))
('K.51 Musescore', 'P1', 1, (388, 389), (30,), (2.75,), (30,), (2.75,))
('K.51 Musescore', 'P1', 1, (402, 403), (31,), (4.5,), (31,), (4.5,))
('K.51 Musescore', 'P1', 1, (407, 408), (32,), (2.5,), (32,), (2.5,))
('K.51 Musescore', 'P1', 1, (412, 413), (32,), (4.5,), (32,), (4.5,))
('K.51 Musescore', 'P1', 1, (414, 415), (33,), (1.0,), (33,), (1.0,))
('K.51 Musescore', 'P1', 1, (428, 429), (33,), (4.5,), (33,), (4.5,))
('K.51 Musescore', 'P1', 1, (436, 437), (34,), (2.5,), (34,), (2.5,))
('K.51 Musescore', 'P1', 1, (458, 459), (36,), (4.5,), (36,), (4.5,))
('K.51 Musescore', 'P1', 1, (466, 467), (37,), (2.5,), (37,), (2.5,))
('K.51 Musescore', 'P1', 1, (542, 543), (42,), (1.0,), (42,), (1.0,))
('K.51 Musescore', 'P1', 1, (583, 584), (46,), (3.0,), (46,), (3.0,))
('K.51 Musescore', 'P1', 2, (11, 12), (33,), (2.5,), (33,), (2.5,))
('K.51 Musescore', 'P1', 3, (31, 32), (5,), (2.25,), (5,), (2.25,))
('K.51 Musescore', 'P1', 3, (35, 36), (5,), (4.25,), (5,), (4.25,))
('K.51 Musescore', 'P1', 3, (39, 40), (6,), (2.25,), (6,), (2.25,))
('K.51 Musescore', 'P1', 3, (43, 44), (6,), (4.25,), (6,), (4.25,))
('K.51 Musescore', 'P1', 3, (51, 52), (7,), (2.25,), (7,), (2.25,))
('K.51 Musescore', 'P1', 3, (81, 82), (10,), (4.5,), (10,), (4.5,))
('K.51 Musescore', 'P1', 3, (107, 108), (15,), (1.0,), (15,), (1.0,))
('K.51 Musescore', 'P1', 3, (109, 110), (15,), (2.0,), (15,), (2.0,))
('K.51 Musescore', 'P1', 3, (116, 117), (16,), (2.25,), (16,), (2.25,))
('K.51 Musescore', 'P1', 3, (120, 121), (16,), (4.25,), (16,), (4.25,))
('K.51 Musescore', 'P1', 3, (124, 125), (17,), (2.25,), (17,), (2.25,))
('K.51 Musescore', 'P1', 3, (132, 133), (18,), (2.25,), (18,), (2.25,))
('K.51 Musescore', 'P1', 3, (136, 137), (18,), (4.25,), (18,), (4.25,))
('K.51 Musescore', 'P1', 3, (140, 141), (19,), (2.25,), (19,), (2.25,))
('K.51 Musescore', 'P1', 3, (144, 145), (19,), (4.25,), (19,), (4.25,))
('K.51 Musescore', 'P1', 3, (207, 208), (29,), (1.5,), (29,), (1.5,))
('K.51 Musescore', 'P1', 3, (215, 216), (29,), (3.5,), (29,), (3.5,))
('K.51 Musescore', 'P1', 3, (223, 224), (30,), (1.5,), (30,), (1.5,))
('K.51 Musescore', 'P1', 3, (235, 236), (30,), (4.5,), (30,), (4.5,))
('K.51 Musescore', 'P1', 3, (243, 244), (31,), (2.5,), (31,), (2.5,))
('K.51 Musescore', 'P1', 3, (254, 255), (32,), (1.25,), (32,), (1.25,))
('K.51 Musescore', 'P1', 3, (262, 263), (32,), (3.25,), (32,), (3.25,))
('K.51 Musescore', 'P1', 3, (284, 285), (35,), (1.25,), (35,), (1.25,))
('K.51 Musescore', 'P1', 3, (288, 289), (35,), (2.25,), (35,), (2.25,))
('K.51 Musescore', 'P1', 3, (296, 297), (36,), (1.25,), (36,), (1.25,))
('K.51 Musescore', 'P1', 3, (300, 301), (36,), (2.25,), (36,), (2.25,))
('K.51 Musescore', 'P1', 3, (347, 348), (43,), (4.25,), (43,), (4.25,))
('K.51 Musescore', 'P1', 3, (355, 356), (44,), (4.25,), (44,), (4.25,))

61.    ((-5,),):
('K.51 Musescore', 'P1', 1, (311, 312), (25,), (1.25,), (25,), (1.25,))
('K.51 Musescore', 'P1', 1, (315, 316), (25,), (2.25,), (25,), (2.25,))
('K.51 Musescore', 'P1', 1, (327, 328), (26,), (1.25,), (26,), (1.25,))
('K.51 Musescore', 'P1', 1, (331, 332), (26,), (2.25,), (26,), (2.25,))
('K.51 Musescore', 'P1', 3, (6, 7), (1,), (4.5,), (1,), (4.5,))
('K.51 Musescore', 'P1', 3, (13, 14), (2,), (4.5,), (2,), (4.5,))
('K.51 Musescore', 'P1', 3, (17, 18), (3,), (2.75,), (3,), (2.75,))
('K.51 Musescore', 'P1', 3, (21, 22), (3,), (4.75,), (3,), (4.75,))
('K.51 Musescore', 'P1', 3, (29, 30), (4,), (4.5,), (4,), (4.5,))
('K.51 Musescore', 'P1', 3, (57, 58), (7,), (4.75,), (7,), (4.75,))
('K.51 Musescore', 'P1', 3, (77, 78), (10,), (2.5,), (10,), (2.5,))
('K.51 Musescore', 'P1', 3, (162, 163), (21,), (4.5,), (21,), (4.5,))
('K.51 Musescore', 'P1', 3, (211, 212), (29,), (2.5,), (29,), (2.5,))
('K.51 Musescore', 'P1', 3, (219, 220), (29,), (4.5,), (29,), (4.5,))
('K.51 Musescore', 'P1', 3, (227, 228), (30,), (2.5,), (30,), (2.5,))
('K.51 Musescore', 'P1', 3, (231, 232), (30,), (3.5,), (30,), (3.5,))
('K.51 Musescore', 'P1', 3, (239, 240), (31,), (1.5,), (31,), (1.5,))
('K.51 Musescore', 'P1', 3, (247, 248), (31,), (3.5,), (31,), (3.5,))
('K.51 Musescore', 'P1', 3, (251, 252), (31,), (4.5,), (31,), (4.5,))
('K.51 Musescore', 'P1', 3, (345, 346), (42,), (2.75,), (42,), (2.75,))
('K.51 Musescore', 'P1', 3, (353, 354), (43,), (2.75,), (43,), (2.75,))
('K.51 Musescore', 'P1', 3, (361, 362), (44,), (2.75,), (44,), (2.75,))
('K.51 Musescore', 'P1', 3, (374, 375), (46,), (1.0,), (46,), (1.0,))

62.    ((5,),):
('K.51 Musescore', 'P1', 1, (6, 7), (1,), (2.5,), (1,), (2.5,))
('K.51 Musescore', 'P1', 1, (21, 22), (2,), (2.5,), (2,), (2.5,))
('K.51 Musescore', 'P1', 1, (79, 80), (7,), (3.75,), (7,), (3.75,))
('K.51 Musescore', 'P1', 1, (285, 286), (23,), (2.5,), (23,), (2.5,))
('K.51 Musescore', 'P1', 1, (300, 301), (24,), (2.5,), (24,), (2.5,))
('K.51 Musescore', 'P1', 1, (310, 311), (25,), (1.0,), (25,), (1.0,))
('K.51 Musescore', 'P1', 1, (326, 327), (26,), (1.0,), (26,), (1.0,))
('K.51 Musescore', 'P1', 1, (441, 442), (34,), (3.75,), (34,), (3.75,))
('K.51 Musescore', 'P1', 1, (530, 531), (41,), (1.0,), (41,), (1.0,))
('K.51 Musescore', 'P1', 1, (532, 533), (41,), (1.5,), (41,), (1.5,))
('K.51 Musescore', 'P1', 1, (555, 556), (43,), (1.75,), (43,), (1.75,))
('K.51 Musescore', 'P1', 1, (565, 566), (44,), (1.75,), (44,), (1.75,))
('K.51 Musescore', 'P1', 3, (30, 31), (5,), (1.0,), (5,), (1.0,))
('K.51 Musescore', 'P1', 3, (34, 35), (5,), (3.0,), (5,), (3.0,))
('K.51 Musescore', 'P1', 3, (38, 39), (6,), (1.0,), (6,), (1.0,))
('K.51 Musescore', 'P1', 3, (115, 116), (16,), (1.0,), (16,), (1.0,))
('K.51 Musescore', 'P1', 3, (119, 120), (16,), (3.0,), (16,), (3.0,))
('K.51 Musescore', 'P1', 3, (123, 124), (17,), (1.0,), (17,), (1.0,))
('K.51 Musescore', 'P1', 3, (131, 132), (18,), (1.0,), (18,), (1.0,))
('K.51 Musescore', 'P1', 3, (135, 136), (18,), (3.0,), (18,), (3.0,))
('K.51 Musescore', 'P1', 3, (139, 140), (19,), (1.0,), (19,), (1.0,))
('K.51 Musescore', 'P1', 3, (143, 144), (19,), (3.0,), (19,), (3.0,))

63.    ((-3,),):
('K.51 Musescore', 'P1', 1, (78, 79), (7,), (3.5,), (7,), (3.5,))
('K.51 Musescore', 'P1', 1, (224, 225), (17,), (4.5,), (17,), (4.5,))
('K.51 Musescore', 'P1', 1, (252, 253), (20,), (2.5,), (20,), (2.5,))
('K.51 Musescore', 'P1', 1, (268, 269), (21,), (2.5,), (21,), (2.5,))
('K.51 Musescore', 'P1', 1, (527, 528), (41,), (4.25,), (41,), (4.25,))
('K.51 Musescore', 'P1', 1, (567, 568), (45,), (3.0,), (45,), (3.0,))
('K.51 Musescore', 'P1', 1, (569, 570), (45,), (3.5,), (45,), (3.5,))
('K.51 Musescore', 'P1', 1, (573, 574), (45,), (4.5,), (45,), (4.5,))
('K.51 Musescore', 'P1', 1, (589, 590), (46,), (4.5,), (46,), (4.5,))
('K.51 Musescore', 'P1', 3, (47, 48), (7,), (1.25,), (7,), (1.25,))
('K.51 Musescore', 'P1', 3, (52, 53), (7,), (2.5,), (7,), (2.5,))
('K.51 Musescore', 'P1', 3, (255, 256), (32,), (1.5,), (32,), (1.5,))
('K.51 Musescore', 'P1', 3, (263, 264), (32,), (3.5,), (32,), (3.5,))
('K.51 Musescore', 'P1', 3, (285, 286), (35,), (1.5,), (35,), (1.5,))
('K.51 Musescore', 'P1', 3, (289, 290), (35,), (2.5,), (35,), (2.5,))
('K.51 Musescore', 'P1', 3, (292, 293), (35,), (4.25,), (35,), (4.25,))
('K.51 Musescore', 'P1', 3, (297, 298), (36,), (1.5,), (36,), (1.5,))
('K.51 Musescore', 'P1', 3, (301, 302), (36,), (2.5,), (36,), (2.5,))
('K.51 Musescore', 'P1', 3, (313, 314), (38,), (1.5,), (38,), (1.5,))

64.    (((3, -2),),):
('K.51 Musescore', 'P1', 1, (35, 36), (3,), (2.0,), (3,), (2.0,))
('K.51 Musescore', 'P1', 1, (40, 41), (3,), (4.0,), (3,), (4.0,))
('K.51 Musescore', 'P1', 1, (45, 46), (4,), (2.0,), (4,), (2.0,))
('K.51 Musescore', 'P1', 1, (58, 59), (5,), (2.0,), (5,), (2.0,))
('K.51 Musescore', 'P1', 1, (63, 64), (5,), (4.0,), (5,), (4.0,))
('K.51 Musescore', 'P1', 1, (68, 69), (6,), (2.0,), (6,), (2.0,))
('K.51 Musescore', 'P1', 1, (75, 76), (7,), (2.0,), (7,), (2.0,))
('K.51 Musescore', 'P1', 1, (80, 81), (7,), (4.0,), (7,), (4.0,))
('K.51 Musescore', 'P1', 1, (85, 86), (8,), (2.0,), (8,), (2.0,))
('K.51 Musescore', 'P1', 1, (123, 124), (11,), (1.0,), (11,), (1.0,))
('K.51 Musescore', 'P1', 1, (207, 208), (16,), (2.0,), (16,), (2.0,))
('K.51 Musescore', 'P1', 1, (212, 213), (16,), (4.0,), (16,), (4.0,))
('K.51 Musescore', 'P1', 1, (442, 443), (34,), (4.0,), (34,), (4.0,))
('K.51 Musescore', 'P1', 1, (546, 547), (42,), (2.0,), (42,), (2.0,))
('K.51 Musescore', 'P1', 1, (556, 557), (43,), (2.0,), (43,), (2.0,))
('K.51 Musescore', 'P1', 3, (328, 329), (40,), (4.5,), (40,), (4.5,))

65.    ((9,),):
('K.51 Musescore', 'P1', 1, (34, 35), (3,), (1.75,), (3,), (1.75,))
('K.51 Musescore', 'P1', 1, (39, 40), (3,), (3.75,), (3,), (3.75,))
('K.51 Musescore', 'P1', 1, (44, 45), (4,), (1.75,), (4,), (1.75,))
('K.51 Musescore', 'P1', 1, (57, 58), (5,), (1.75,), (5,), (1.75,))
('K.51 Musescore', 'P1', 1, (62, 63), (5,), (3.75,), (5,), (3.75,))
('K.51 Musescore', 'P1', 1, (67, 68), (6,), (1.75,), (6,), (1.75,))
('K.51 Musescore', 'P1', 1, (72, 73), (6,), (3.75,), (6,), (3.75,))
('K.51 Musescore', 'P1', 1, (206, 207), (16,), (1.75,), (16,), (1.75,))
('K.51 Musescore', 'P1', 1, (211, 212), (16,), (3.75,), (16,), (3.75,))
('K.51 Musescore', 'P1', 1, (216, 217), (17,), (1.75,), (17,), (1.75,))
('K.51 Musescore', 'P1', 1, (545, 546), (42,), (1.75,), (42,), (1.75,))
('K.51 Musescore', 'P1', 3, (14, 15), (3,), (1.0,), (3,), (1.0,))
('K.51 Musescore', 'P1', 3, (18, 19), (3,), (3.0,), (3,), (3.0,))
('K.51 Musescore', 'P1', 3, (22, 23), (4,), (1.0,), (4,), (1.0,))

66.    ((10,),):
('K.51 Musescore', 'P1', 1, (84, 85), (8,), (1.75,), (8,), (1.75,))
('K.51 Musescore', 'P1', 1, (160, 161), (13,), (2.25,), (13,), (2.25,))
('K.51 Musescore', 'P1', 2, (9, 10), (21,), (1.0,), (21,), (1.0,))
('K.51 Musescore', 'P1', 3, (58, 59), (8,), (1.0,), (8,), (1.0,))
('K.51 Musescore', 'P1', 3, (164, 165), (23,), (1.0,), (23,), (1.0,))
('K.51 Musescore', 'P1', 3, (171, 172), (24,), (1.0,), (24,), (1.0,))

67.    (((3, 2),),):
('K.51 Musescore', 'P1', 1, (74, 75), (7,), (1.0,), (7,), (1.0,))
('K.51 Musescore', 'P1', 1, (90, 91), (8,), (4.0,), (8,), (4.0,))
('K.51 Musescore', 'P1', 1, (217, 218), (17,), (2.0,), (17,), (2.0,))
('K.51 Musescore', 'P1', 1, (566, 567), (44,), (2.0,), (44,), (2.0,))

68.    ((12,),):
('K.51 Musescore', 'P1', 1, (89, 90), (8,), (3.75,), (8,), (3.75,))
('K.51 Musescore', 'P1', 3, (42, 43), (6,), (3.0,), (6,), (3.0,))
('K.51 Musescore', 'P1', 3, (62, 63), (8,), (3.0,), (8,), (3.0,))
('K.51 Musescore', 'P1', 3, (291, 292), (35,), (3.0,), (35,), (3.0,))

69.    ((3,),):
('K.51 Musescore', 'P1', 1, (445, 446), (35,), (3.0,), (35,), (3.0,))
('K.51 Musescore', 'P1', 1, (448, 449), (35,), (3.75,), (35,), (3.75,))
('K.51 Musescore', 'P1', 1, (460, 461), (37,), (1.0,), (37,), (1.0,))
('K.51 Musescore', 'P1', 3, (306, 307), (37,), (1.5,), (37,), (1.5,))

70.    ((8,),):
('K.51 Musescore', 'P1', 1, (279, 280), (22,), (1.0,), (22,), (1.0,))
('K.51 Musescore', 'P1', 1, (528, 529), (41,), (4.5,), (41,), (4.5,))
('K.51 Musescore', 'P1', 3, (177, 178), (24,), (4.5,), (24,), (4.5,))

71.    ((-8,),):
('K.51 Musescore', 'P1', 3, (82, 83), (11,), (1.0,), (11,), (1.0,))
('K.51 Musescore', 'P1', 3, (278, 279), (34,), (3.0,), (34,), (3.0,))
('K.51 Musescore', 'P1', 3, (376, 377), (46,), (2.0,), (46,), (2.0,))

72.    (((3, 1),),):
('K.51 Musescore', 'P1', 1, (122, 123), (10,), (4.75,), (10,), (4.75,))
('K.51 Musescore', 'P1', 3, (320, 321), (39,), (3.5,), (39,), (3.5,))

73.    (((3, 2, 1),),):
('K.51 Musescore', 'P1', 3, (321, 322), (39,), (4.0,), (39,), (4.0,))
('K.51 Musescore', 'P1', 3, (322, 323), (39,), (4.5,), (39,), (4.5,))

74.    (((5, 1),),):
('K.51 Musescore', 'P1', 3, (324, 325), (40,), (2.0,), (40,), (2.0,))
('K.51 Musescore', 'P1', 3, (325, 326), (40,), (2.5,), (40,), (2.5,))

