1.    nomes:
K.63 Musescore

2.    quantidade:
1

3.    analise:
[('intDia', 'p1p2')] SemContInte Distancia: 0

1.    ((-2, 2, -3, 8, 2, -6, -2, 2, 3, 2, 2, -5, -2, 2, 2, 2, 2, -4, -2, 2, 2, 3, -2, -6, -2, 2, 4, 3, -2),):
('K.63 Musescore', 'P1', 1, (114, 143), (24,), (1.0,), (28,), (2.5,))
('K.63 Musescore', 'P1', 1, (242, 271), (52,), (1.0,), (56,), (2.5,))

2.    ((-2, 2, -8, 7, -2, 2, -7, 6, -2, 2, -6, 5, -2, 2, -5, 8, -2, 2, -8, 7, -2, 2, -7, 6, -2, 2, -6, 5, -2),):
('K.63 Musescore', 'P1', 1, (43, 72), (10,), (2.25,), (14,), (1.25,))
('K.63 Musescore', 'P1', 3, (29, 58), (14,), (2.25,), (18,), (1.25,))

3.    ((8, -2, 2, -8, 7, -2, 2, -7, 6, -2, 2, -6, 5, -2, 2, -5),):
('K.63 Musescore', 'P1', 1, (42, 58), (10,), (2.0,), (12,), (1.75,))
('K.63 Musescore', 'P1', 1, (58, 74), (12,), (2.0,), (14,), (1.75,))

4.    ((6, -2, -2, -2, -2, 2, -3, 6, -2, -2, -2),):
('K.63 Musescore', 'P1', 1, (161, 172), (34,), (2.0,), (37,), (2.0,))
('K.63 Musescore', 'P1', 1, (183, 194), (40,), (2.0,), (43,), (2.0,))

5.    ((6, -2, 4, -4, -2, -2, -2, 2, -3),):
('K.63 Musescore', 'P1', 1, (5, 14), (2,), (2.0,), (4,), (1.75,))
('K.63 Musescore', 'P1', 1, (14, 23), (4,), (2.0,), (6,), (1.75,))

6.    ((2, 8, -2, -8, -2, 8, -2, -8),):
('K.63 Musescore', 'P1', 3, (81, 89), (24,), (2.5,), (28,), (1.0,))
('K.63 Musescore', 'P1', 3, (146, 154), (51,), (2.5,), (55,), (1.0,))

7.    (((3, 2), -2, -4, (3, 4), (3, 2), -2, -4),):
('K.63 Musescore', 'P1', 3, (3, 10), (2,), (2.5,), (5,), (2.0,))
('K.63 Musescore', 'P1', 3, (102, 109), (34,), (2.5,), (37,), (2.0,))
('K.63 Musescore', 'P1', 3, (116, 123), (40,), (2.5,), (43,), (2.0,))

8.    ((-3, 2, -5, 6, -3, 2, -5),):
('K.63 Musescore', 'P1', 4, (0, 7), (3,), (1.0,), (5,), (2.0,))
('K.63 Musescore', 'P1', 4, (10, 17), (35,), (1.0,), (37,), (2.0,))
('K.63 Musescore', 'P1', 4, (18, 25), (41,), (1.0,), (43,), (2.0,))

9.    ((-2, -8, -2, 8, -2),):
('K.63 Musescore', 'P1', 1, (24, 29), (6,), (2.5,), (7,), (2.5,))
('K.63 Musescore', 'P1', 3, (15, 20), (8,), (2.5,), (9,), (2.5,))
('K.63 Musescore', 'P1', 3, (83, 88), (25,), (2.5,), (27,), (2.5,))
('K.63 Musescore', 'P1', 3, (148, 153), (52,), (2.5,), (54,), (2.5,))

10.    ((-2, 2, 2, 2, 2),):
('K.63 Musescore', 'P1', 1, (126, 131), (26,), (1.25,), (26,), (2.5,))
('K.63 Musescore', 'P1', 1, (254, 259), (54,), (1.25,), (54,), (2.5,))
('K.63 Musescore', 'P1', 3, (58, 63), (18,), (1.5,), (19,), (1.0,))

11.    ((-2, 2, -2, 2, -8),):
('K.63 Musescore', 'P1', 1, (0, 5), (1,), (1.0,), (2,), (1.75,))
('K.63 Musescore', 'P1', 1, (156, 161), (33,), (1.0,), (34,), (1.75,))

12.    ((-7, 3, 4, 3, -7),):
('K.63 Musescore', 'P1', 1, (225, 230), (47,), (2.75,), (48,), (2.5,))
('K.63 Musescore', 'P1', 3, (69, 74), (20,), (2.5,), (21,), (2.5,))

13.    ((3, -2, 2, -3),):
('K.63 Musescore', 'P1', 1, (194, 198), (44,), (1.0,), (44,), (1.75,))
('K.63 Musescore', 'P1', 1, (210, 214), (46,), (1.0,), (46,), (1.75,))
('K.63 Musescore', 'P1', 4, (7, 11), (5,), (2.5,), (35,), (1.0,))

14.    ((5, -2, -2, 2),):
('K.63 Musescore', 'P1', 2, (4, 8), (39,), (1.0,), (58,), (1.0,))
('K.63 Musescore', 'P1', 3, (56, 60), (18,), (1.0,), (18,), (1.75,))

15.    ((-2, -2, 2),):
('K.63 Musescore', 'P1', 1, (10, 13), (3,), (2.5,), (4,), (1.5,))
('K.63 Musescore', 'P1', 1, (19, 22), (5,), (2.5,), (6,), (1.5,))
('K.63 Musescore', 'P1', 1, (28, 31), (7,), (2.5,), (8,), (1.5,))
('K.63 Musescore', 'P1', 1, (36, 39), (9,), (2.0,), (9,), (2.75,))
('K.63 Musescore', 'P1', 1, (164, 167), (35,), (2.0,), (36,), (1.5,))
('K.63 Musescore', 'P1', 1, (171, 174), (37,), (2.0,), (38,), (1.5,))
('K.63 Musescore', 'P1', 1, (186, 189), (41,), (2.0,), (42,), (1.5,))
('K.63 Musescore', 'P1', 2, (5, 8), (57,), (2.0,), (58,), (1.0,))
('K.63 Musescore', 'P1', 3, (57, 60), (18,), (1.25,), (18,), (1.75,))

16.    ((4, 3, 3),):
('K.63 Musescore', 'P1', 1, (230, 233), (49,), (1.0,), (49,), (2.0,))
('K.63 Musescore', 'P1', 1, (234, 237), (50,), (1.0,), (50,), (2.0,))
('K.63 Musescore', 'P1', 1, (238, 241), (51,), (1.0,), (51,), (2.0,))
('K.63 Musescore', 'P1', 3, (65, 68), (19,), (2.5,), (20,), (1.5,))

17.    ((2, -3, -2),):
('K.63 Musescore', 'P1', 1, (149, 152), (30,), (1.0,), (30,), (2.0,))
('K.63 Musescore', 'P1', 1, (275, 278), (57,), (2.0,), (58,), (2.0,))

18.    ((2, 6, 2),):
('K.63 Musescore', 'P1', 1, (273, 276), (57,), (1.5,), (57,), (2.0,))
('K.63 Musescore', 'P1', 3, (79, 82), (23,), (2.0,), (24,), (2.5,))

19.    (((3, -4), (3, 4, 2), (3, 3, -4)),):
('K.63 Musescore', 'P1', 3, (21, 24), (10,), (2.5,), (11,), (2.0,))
('K.63 Musescore', 'P1', 3, (25, 28), (12,), (2.5,), (13,), (2.0,))

20.    ((2, -8, 4),):
('K.63 Musescore', 'P1', 3, (63, 66), (19,), (1.5,), (19,), (2.5,))
('K.63 Musescore', 'P1', 3, (162, 165), (58,), (2.5,), (59,), (2.0,))

21.    (((3, 2), (3, 2), (3, 2)),):
('K.63 Musescore', 'P1', 3, (99, 102), (33,), (1.0,), (34,), (1.0,))
('K.63 Musescore', 'P1', 3, (126, 129), (45,), (2.5,), (46,), (2.5,))

22.    ((-2, 2),):
('K.63 Musescore', 'P1', 1, (0, 2), (1,), (1.0,), (1,), (2.0,))
('K.63 Musescore', 'P1', 1, (2, 4), (2,), (1.0,), (2,), (1.5,))
('K.63 Musescore', 'P1', 1, (11, 13), (4,), (1.0,), (4,), (1.5,))
('K.63 Musescore', 'P1', 1, (20, 22), (6,), (1.0,), (6,), (1.5,))
('K.63 Musescore', 'P1', 1, (29, 31), (8,), (1.0,), (8,), (1.5,))
('K.63 Musescore', 'P1', 1, (37, 39), (9,), (2.5,), (9,), (2.75,))
('K.63 Musescore', 'P1', 1, (39, 41), (10,), (1.0,), (10,), (1.5,))
('K.63 Musescore', 'P1', 1, (43, 45), (10,), (2.25,), (10,), (2.5,))
('K.63 Musescore', 'P1', 1, (47, 49), (11,), (1.25,), (11,), (1.5,))
('K.63 Musescore', 'P1', 1, (51, 53), (11,), (2.25,), (11,), (2.5,))
('K.63 Musescore', 'P1', 1, (55, 57), (12,), (1.25,), (12,), (1.5,))
('K.63 Musescore', 'P1', 1, (59, 61), (12,), (2.25,), (12,), (2.5,))
('K.63 Musescore', 'P1', 1, (63, 65), (13,), (1.25,), (13,), (1.5,))
('K.63 Musescore', 'P1', 1, (67, 69), (13,), (2.25,), (13,), (2.5,))
('K.63 Musescore', 'P1', 1, (71, 73), (14,), (1.25,), (14,), (1.5,))
('K.63 Musescore', 'P1', 1, (77, 79), (15,), (2.5,), (16,), (1.0,))
('K.63 Musescore', 'P1', 1, (114, 116), (24,), (1.0,), (24,), (1.5,))
('K.63 Musescore', 'P1', 1, (120, 122), (25,), (1.25,), (25,), (1.5,))
('K.63 Musescore', 'P1', 1, (126, 128), (26,), (1.25,), (26,), (1.5,))
('K.63 Musescore', 'P1', 1, (132, 134), (27,), (1.25,), (27,), (1.5,))
('K.63 Musescore', 'P1', 1, (138, 140), (28,), (1.25,), (28,), (1.5,))
('K.63 Musescore', 'P1', 1, (144, 146), (29,), (1.25,), (29,), (1.5,))
('K.63 Musescore', 'P1', 1, (151, 153), (30,), (2.0,), (30,), (2.5,))
('K.63 Musescore', 'P1', 1, (156, 158), (33,), (1.0,), (33,), (2.0,))
('K.63 Musescore', 'P1', 1, (158, 160), (34,), (1.0,), (34,), (1.5,))
('K.63 Musescore', 'P1', 1, (165, 167), (36,), (1.0,), (36,), (1.5,))
('K.63 Musescore', 'P1', 1, (172, 174), (38,), (1.0,), (38,), (1.5,))
('K.63 Musescore', 'P1', 1, (180, 182), (40,), (1.0,), (40,), (1.5,))
('K.63 Musescore', 'P1', 1, (187, 189), (42,), (1.0,), (42,), (1.5,))
('K.63 Musescore', 'P1', 1, (195, 197), (44,), (1.25,), (44,), (1.5,))
('K.63 Musescore', 'P1', 1, (203, 205), (45,), (1.25,), (45,), (1.5,))
('K.63 Musescore', 'P1', 1, (211, 213), (46,), (1.25,), (46,), (1.5,))
('K.63 Musescore', 'P1', 1, (219, 221), (47,), (1.25,), (47,), (1.5,))
('K.63 Musescore', 'P1', 1, (242, 244), (52,), (1.0,), (52,), (1.5,))
('K.63 Musescore', 'P1', 1, (248, 250), (53,), (1.25,), (53,), (1.5,))
('K.63 Musescore', 'P1', 1, (254, 256), (54,), (1.25,), (54,), (1.5,))
('K.63 Musescore', 'P1', 1, (260, 262), (55,), (1.25,), (55,), (1.5,))
('K.63 Musescore', 'P1', 1, (266, 268), (56,), (1.25,), (56,), (1.5,))
('K.63 Musescore', 'P1', 1, (272, 274), (57,), (1.25,), (57,), (1.5,))
('K.63 Musescore', 'P1', 2, (6, 8), (57,), (2.5,), (58,), (1.0,))
('K.63 Musescore', 'P1', 3, (29, 31), (14,), (2.25,), (14,), (2.5,))
('K.63 Musescore', 'P1', 3, (33, 35), (15,), (1.25,), (15,), (1.5,))
('K.63 Musescore', 'P1', 3, (37, 39), (15,), (2.25,), (15,), (2.5,))
('K.63 Musescore', 'P1', 3, (41, 43), (16,), (1.25,), (16,), (1.5,))
('K.63 Musescore', 'P1', 3, (45, 47), (16,), (2.25,), (16,), (2.5,))
('K.63 Musescore', 'P1', 3, (49, 51), (17,), (1.25,), (17,), (1.5,))
('K.63 Musescore', 'P1', 3, (53, 55), (17,), (2.25,), (17,), (2.5,))
('K.63 Musescore', 'P1', 3, (58, 60), (18,), (1.5,), (18,), (1.75,))
('K.63 Musescore', 'P1', 3, (110, 112), (38,), (2.25,), (38,), (2.5,))
('K.63 Musescore', 'P1', 4, (8, 10), (7,), (1.0,), (7,), (2.0,))

23.    ((-3, 2),):
('K.63 Musescore', 'P1', 1, (34, 36), (9,), (1.0,), (9,), (1.5,))
('K.63 Musescore', 'P1', 1, (92, 94), (19,), (1.5,), (19,), (1.75,))
('K.63 Musescore', 'P1', 1, (94, 96), (19,), (2.0,), (19,), (2.25,))
('K.63 Musescore', 'P1', 1, (96, 98), (19,), (2.5,), (19,), (2.75,))
('K.63 Musescore', 'P1', 3, (145, 147), (51,), (2.0,), (51,), (2.5,))
('K.63 Musescore', 'P1', 4, (0, 2), (3,), (1.0,), (3,), (1.5,))
('K.63 Musescore', 'P1', 4, (4, 6), (5,), (1.0,), (5,), (1.5,))
('K.63 Musescore', 'P1', 4, (10, 12), (35,), (1.0,), (35,), (1.5,))
('K.63 Musescore', 'P1', 4, (14, 16), (37,), (1.0,), (37,), (1.5,))
('K.63 Musescore', 'P1', 4, (18, 20), (41,), (1.0,), (41,), (1.5,))
('K.63 Musescore', 'P1', 4, (22, 24), (43,), (1.0,), (43,), (1.5,))

24.    ((-2, -4),):
('K.63 Musescore', 'P1', 1, (270, 272), (56,), (2.5,), (57,), (1.0,))
('K.63 Musescore', 'P1', 3, (4, 6), (3,), (1.0,), (3,), (2.0,))
('K.63 Musescore', 'P1', 3, (8, 10), (5,), (1.0,), (5,), (2.0,))
('K.63 Musescore', 'P1', 3, (103, 105), (35,), (1.0,), (35,), (2.0,))
('K.63 Musescore', 'P1', 3, (107, 109), (37,), (1.0,), (37,), (2.0,))
('K.63 Musescore', 'P1', 3, (117, 119), (41,), (1.0,), (41,), (2.0,))
('K.63 Musescore', 'P1', 3, (121, 123), (43,), (1.0,), (43,), (2.0,))

25.    ((-3, -4),):
('K.63 Musescore', 'P1', 1, (102, 104), (21,), (1.0,), (21,), (1.5,))
('K.63 Musescore', 'P1', 1, (106, 108), (22,), (1.0,), (22,), (1.5,))
('K.63 Musescore', 'P1', 3, (135, 137), (49,), (1.0,), (49,), (1.5,))
('K.63 Musescore', 'P1', 3, (139, 141), (50,), (1.0,), (50,), (1.5,))
('K.63 Musescore', 'P1', 3, (143, 145), (51,), (1.0,), (51,), (1.5,))

26.    ((4, -4),):
('K.63 Musescore', 'P1', 1, (7, 9), (3,), (1.0,), (3,), (1.5,))
('K.63 Musescore', 'P1', 1, (16, 18), (5,), (1.0,), (5,), (1.5,))
('K.63 Musescore', 'P1', 3, (130, 132), (47,), (2.5,), (48,), (1.0,))

27.    ((3, 2),):
('K.63 Musescore', 'P1', 1, (122, 124), (25,), (1.75,), (25,), (2.0,))
('K.63 Musescore', 'P1', 1, (250, 252), (53,), (1.75,), (53,), (2.0,))
('K.63 Musescore', 'P1', 3, (159, 161), (58,), (1.0,), (58,), (1.5,))

28.    ((-2, -3),):
('K.63 Musescore', 'P1', 1, (33, 35), (8,), (2.5,), (9,), (1.0,))
('K.63 Musescore', 'P1', 1, (85, 87), (18,), (1.5,), (18,), (2.0,))

29.    ((4, -5),):
('K.63 Musescore', 'P1', 1, (81, 83), (17,), (1.5,), (17,), (2.0,))
('K.63 Musescore', 'P1', 1, (89, 91), (18,), (2.75,), (19,), (1.0,))

30.    ((2, 1),):
('K.63 Musescore', 'P1', 1, (79, 81), (16,), (1.5,), (16,), (2.0,))
('K.63 Musescore', 'P1', 2, (0, 2), (30,), (1.0,), (30,), (2.0,))

31.    ((-3, -3),):
('K.63 Musescore', 'P1', 1, (111, 113), (23,), (1.5,), (23,), (2.0,))
('K.63 Musescore', 'P1', 3, (132, 134), (48,), (1.5,), (48,), (2.0,))

32.    ((-2, -7),):
('K.63 Musescore', 'P1', 2, (2, 4), (31,), (1.0,), (31,), (2.0,))
('K.63 Musescore', 'P1', 3, (12, 14), (7,), (1.5,), (7,), (2.5,))

33.    ((-7, -8),):
('K.63 Musescore', 'P1', 3, (77, 79), (22,), (2.5,), (23,), (1.0,))
('K.63 Musescore', 'P1', 3, (112, 114), (38,), (2.75,), (39,), (1.0,))

34.    ((2,),):
('K.63 Musescore', 'P1', 1, (35, 36), (9,), (1.5,), (9,), (1.5,))
('K.63 Musescore', 'P1', 1, (79, 80), (16,), (1.5,), (16,), (1.5,))
('K.63 Musescore', 'P1', 1, (93, 94), (19,), (1.75,), (19,), (1.75,))
('K.63 Musescore', 'P1', 1, (95, 96), (19,), (2.25,), (19,), (2.25,))
('K.63 Musescore', 'P1', 1, (97, 98), (19,), (2.75,), (19,), (2.75,))
('K.63 Musescore', 'P1', 1, (118, 119), (24,), (2.5,), (24,), (2.5,))
('K.63 Musescore', 'P1', 1, (123, 124), (25,), (2.0,), (25,), (2.0,))
('K.63 Musescore', 'P1', 1, (124, 125), (25,), (2.5,), (25,), (2.5,))
('K.63 Musescore', 'P1', 1, (128, 129), (26,), (1.75,), (26,), (1.75,))
('K.63 Musescore', 'P1', 1, (129, 130), (26,), (2.0,), (26,), (2.0,))
('K.63 Musescore', 'P1', 1, (130, 131), (26,), (2.5,), (26,), (2.5,))
('K.63 Musescore', 'P1', 1, (134, 135), (27,), (1.75,), (27,), (1.75,))
('K.63 Musescore', 'P1', 1, (149, 150), (30,), (1.0,), (30,), (1.0,))
('K.63 Musescore', 'P1', 1, (246, 247), (52,), (2.5,), (52,), (2.5,))
('K.63 Musescore', 'P1', 1, (251, 252), (53,), (2.0,), (53,), (2.0,))
('K.63 Musescore', 'P1', 1, (252, 253), (53,), (2.5,), (53,), (2.5,))
('K.63 Musescore', 'P1', 1, (256, 257), (54,), (1.75,), (54,), (1.75,))
('K.63 Musescore', 'P1', 1, (257, 258), (54,), (2.0,), (54,), (2.0,))
('K.63 Musescore', 'P1', 1, (258, 259), (54,), (2.5,), (54,), (2.5,))
('K.63 Musescore', 'P1', 1, (262, 263), (55,), (1.75,), (55,), (1.75,))
('K.63 Musescore', 'P1', 1, (275, 276), (57,), (2.0,), (57,), (2.0,))
('K.63 Musescore', 'P1', 2, (0, 1), (30,), (1.0,), (30,), (1.0,))
('K.63 Musescore', 'P1', 3, (60, 61), (18,), (2.0,), (18,), (2.0,))
('K.63 Musescore', 'P1', 3, (61, 62), (18,), (2.5,), (18,), (2.5,))
('K.63 Musescore', 'P1', 3, (62, 63), (19,), (1.0,), (19,), (1.0,))
('K.63 Musescore', 'P1', 3, (63, 64), (19,), (1.5,), (19,), (1.5,))
('K.63 Musescore', 'P1', 3, (79, 80), (23,), (2.0,), (23,), (2.0,))
('K.63 Musescore', 'P1', 3, (81, 82), (24,), (2.5,), (24,), (2.5,))
('K.63 Musescore', 'P1', 3, (146, 147), (51,), (2.5,), (51,), (2.5,))
('K.63 Musescore', 'P1', 3, (160, 161), (58,), (1.5,), (58,), (1.5,))
('K.63 Musescore', 'P1', 3, (162, 163), (58,), (2.5,), (58,), (2.5,))
('K.63 Musescore', 'P1', 4, (1, 2), (3,), (1.5,), (3,), (1.5,))
('K.63 Musescore', 'P1', 4, (5, 6), (5,), (1.5,), (5,), (1.5,))
('K.63 Musescore', 'P1', 4, (11, 12), (35,), (1.5,), (35,), (1.5,))
('K.63 Musescore', 'P1', 4, (15, 16), (37,), (1.5,), (37,), (1.5,))
('K.63 Musescore', 'P1', 4, (19, 20), (41,), (1.5,), (41,), (1.5,))
('K.63 Musescore', 'P1', 4, (23, 24), (43,), (1.5,), (43,), (1.5,))

35.    ((3,),):
('K.63 Musescore', 'P1', 1, (122, 123), (25,), (1.75,), (25,), (1.75,))
('K.63 Musescore', 'P1', 1, (135, 136), (27,), (2.0,), (27,), (2.0,))
('K.63 Musescore', 'P1', 1, (141, 142), (28,), (2.0,), (28,), (2.0,))
('K.63 Musescore', 'P1', 1, (194, 195), (44,), (1.0,), (44,), (1.0,))
('K.63 Musescore', 'P1', 1, (198, 199), (44,), (2.0,), (44,), (2.0,))
('K.63 Musescore', 'P1', 1, (210, 211), (46,), (1.0,), (46,), (1.0,))
('K.63 Musescore', 'P1', 1, (214, 215), (46,), (2.0,), (46,), (2.0,))
('K.63 Musescore', 'P1', 1, (226, 227), (48,), (1.0,), (48,), (1.0,))
('K.63 Musescore', 'P1', 1, (228, 229), (48,), (2.0,), (48,), (2.0,))
('K.63 Musescore', 'P1', 1, (231, 232), (49,), (1.5,), (49,), (1.5,))
('K.63 Musescore', 'P1', 1, (232, 233), (49,), (2.0,), (49,), (2.0,))
('K.63 Musescore', 'P1', 1, (235, 236), (50,), (1.5,), (50,), (1.5,))
('K.63 Musescore', 'P1', 1, (236, 237), (50,), (2.0,), (50,), (2.0,))
('K.63 Musescore', 'P1', 1, (239, 240), (51,), (1.5,), (51,), (1.5,))
('K.63 Musescore', 'P1', 1, (240, 241), (51,), (2.0,), (51,), (2.0,))
('K.63 Musescore', 'P1', 1, (250, 251), (53,), (1.75,), (53,), (1.75,))
('K.63 Musescore', 'P1', 1, (263, 264), (55,), (2.0,), (55,), (2.0,))
('K.63 Musescore', 'P1', 1, (269, 270), (56,), (2.0,), (56,), (2.0,))
('K.63 Musescore', 'P1', 3, (66, 67), (20,), (1.0,), (20,), (1.0,))
('K.63 Musescore', 'P1', 3, (67, 68), (20,), (1.5,), (20,), (1.5,))
('K.63 Musescore', 'P1', 3, (70, 71), (21,), (1.0,), (21,), (1.0,))
('K.63 Musescore', 'P1', 3, (72, 73), (21,), (2.0,), (21,), (2.0,))
('K.63 Musescore', 'P1', 3, (74, 75), (22,), (1.0,), (22,), (1.0,))
('K.63 Musescore', 'P1', 3, (76, 77), (22,), (2.0,), (22,), (2.0,))
('K.63 Musescore', 'P1', 3, (159, 160), (58,), (1.0,), (58,), (1.0,))
('K.63 Musescore', 'P1', 4, (7, 8), (5,), (2.5,), (5,), (2.5,))

36.    ((6,),):
('K.63 Musescore', 'P1', 1, (5, 6), (2,), (2.0,), (2,), (2.0,))
('K.63 Musescore', 'P1', 1, (14, 15), (4,), (2.0,), (4,), (2.0,))
('K.63 Musescore', 'P1', 1, (50, 51), (11,), (2.0,), (11,), (2.0,))
('K.63 Musescore', 'P1', 1, (66, 67), (13,), (2.0,), (13,), (2.0,))
('K.63 Musescore', 'P1', 1, (146, 147), (29,), (1.75,), (29,), (1.75,))
('K.63 Musescore', 'P1', 1, (161, 162), (34,), (2.0,), (34,), (2.0,))
('K.63 Musescore', 'P1', 1, (168, 169), (36,), (2.0,), (36,), (2.0,))
('K.63 Musescore', 'P1', 1, (183, 184), (40,), (2.0,), (40,), (2.0,))
('K.63 Musescore', 'P1', 1, (190, 191), (42,), (2.0,), (42,), (2.0,))
('K.63 Musescore', 'P1', 1, (208, 209), (45,), (2.5,), (45,), (2.5,))
('K.63 Musescore', 'P1', 1, (224, 225), (47,), (2.5,), (47,), (2.5,))
('K.63 Musescore', 'P1', 1, (274, 275), (57,), (1.75,), (57,), (1.75,))
('K.63 Musescore', 'P1', 3, (36, 37), (15,), (2.0,), (15,), (2.0,))
('K.63 Musescore', 'P1', 3, (52, 53), (17,), (2.0,), (17,), (2.0,))
('K.63 Musescore', 'P1', 3, (80, 81), (24,), (1.0,), (24,), (1.0,))
('K.63 Musescore', 'P1', 4, (3, 4), (3,), (2.5,), (3,), (2.5,))
('K.63 Musescore', 'P1', 4, (13, 14), (35,), (2.5,), (35,), (2.5,))
('K.63 Musescore', 'P1', 4, (21, 22), (41,), (2.5,), (41,), (2.5,))

37.    ((-7,),):
('K.63 Musescore', 'P1', 1, (49, 50), (11,), (1.75,), (11,), (1.75,))
('K.63 Musescore', 'P1', 1, (65, 66), (13,), (1.75,), (13,), (1.75,))
('K.63 Musescore', 'P1', 1, (109, 110), (22,), (2.5,), (22,), (2.5,))
('K.63 Musescore', 'P1', 1, (209, 210), (45,), (2.75,), (45,), (2.75,))
('K.63 Musescore', 'P1', 1, (225, 226), (47,), (2.75,), (47,), (2.75,))
('K.63 Musescore', 'P1', 1, (229, 230), (48,), (2.5,), (48,), (2.5,))
('K.63 Musescore', 'P1', 1, (233, 234), (49,), (2.5,), (49,), (2.5,))
('K.63 Musescore', 'P1', 1, (237, 238), (50,), (2.5,), (50,), (2.5,))
('K.63 Musescore', 'P1', 1, (241, 242), (51,), (2.5,), (51,), (2.5,))
('K.63 Musescore', 'P1', 2, (3, 4), (31,), (2.0,), (31,), (2.0,))
('K.63 Musescore', 'P1', 3, (13, 14), (7,), (2.5,), (7,), (2.5,))
('K.63 Musescore', 'P1', 3, (35, 36), (15,), (1.75,), (15,), (1.75,))
('K.63 Musescore', 'P1', 3, (51, 52), (17,), (1.75,), (17,), (1.75,))
('K.63 Musescore', 'P1', 3, (69, 70), (20,), (2.5,), (20,), (2.5,))
('K.63 Musescore', 'P1', 3, (73, 74), (21,), (2.5,), (21,), (2.5,))
('K.63 Musescore', 'P1', 3, (77, 78), (22,), (2.5,), (22,), (2.5,))
('K.63 Musescore', 'P1', 3, (112, 113), (38,), (2.75,), (38,), (2.75,))

38.    (((3, 2),),):
('K.63 Musescore', 'P1', 1, (280, 281), (59,), (2.0,), (59,), (2.0,))
('K.63 Musescore', 'P1', 3, (3, 4), (2,), (2.5,), (2,), (2.5,))
('K.63 Musescore', 'P1', 3, (7, 8), (4,), (2.5,), (4,), (2.5,))
('K.63 Musescore', 'P1', 3, (99, 100), (33,), (1.0,), (33,), (1.0,))
('K.63 Musescore', 'P1', 3, (100, 101), (33,), (2.0,), (33,), (2.0,))
('K.63 Musescore', 'P1', 3, (101, 102), (34,), (1.0,), (34,), (1.0,))
('K.63 Musescore', 'P1', 3, (102, 103), (34,), (2.5,), (34,), (2.5,))
('K.63 Musescore', 'P1', 3, (106, 107), (36,), (2.5,), (36,), (2.5,))
('K.63 Musescore', 'P1', 3, (116, 117), (40,), (2.5,), (40,), (2.5,))
('K.63 Musescore', 'P1', 3, (120, 121), (42,), (2.5,), (42,), (2.5,))
('K.63 Musescore', 'P1', 3, (123, 124), (44,), (1.0,), (44,), (1.0,))
('K.63 Musescore', 'P1', 3, (124, 125), (44,), (2.5,), (44,), (2.5,))
('K.63 Musescore', 'P1', 3, (126, 127), (45,), (2.5,), (45,), (2.5,))
('K.63 Musescore', 'P1', 3, (127, 128), (46,), (1.0,), (46,), (1.0,))
('K.63 Musescore', 'P1', 3, (128, 129), (46,), (2.5,), (46,), (2.5,))

39.    ((4,),):
('K.63 Musescore', 'P1', 1, (32, 33), (8,), (2.0,), (8,), (2.0,))
('K.63 Musescore', 'P1', 1, (75, 76), (15,), (1.5,), (15,), (1.5,))
('K.63 Musescore', 'P1', 1, (81, 82), (17,), (1.5,), (17,), (1.5,))
('K.63 Musescore', 'P1', 1, (87, 88), (18,), (2.25,), (18,), (2.25,))
('K.63 Musescore', 'P1', 1, (89, 90), (18,), (2.75,), (18,), (2.75,))
('K.63 Musescore', 'P1', 1, (91, 92), (19,), (1.25,), (19,), (1.25,))
('K.63 Musescore', 'P1', 1, (148, 149), (29,), (2.5,), (29,), (2.5,))
('K.63 Musescore', 'P1', 1, (200, 201), (44,), (2.5,), (44,), (2.5,))
('K.63 Musescore', 'P1', 1, (216, 217), (46,), (2.5,), (46,), (2.5,))
('K.63 Musescore', 'P1', 3, (68, 69), (20,), (2.0,), (20,), (2.0,))
('K.63 Musescore', 'P1', 3, (89, 90), (28,), (2.5,), (28,), (2.5,))
('K.63 Musescore', 'P1', 3, (114, 115), (39,), (2.0,), (39,), (2.0,))
('K.63 Musescore', 'P1', 3, (164, 165), (59,), (2.0,), (59,), (2.0,))

40.    ((8,),):
('K.63 Musescore', 'P1', 1, (42, 43), (10,), (2.0,), (10,), (2.0,))
('K.63 Musescore', 'P1', 1, (108, 109), (22,), (2.0,), (22,), (2.0,))
('K.63 Musescore', 'P1', 1, (110, 111), (23,), (1.0,), (23,), (1.0,))
('K.63 Musescore', 'P1', 1, (117, 118), (24,), (2.0,), (24,), (2.0,))
('K.63 Musescore', 'P1', 1, (175, 176), (38,), (2.0,), (38,), (2.0,))
('K.63 Musescore', 'P1', 1, (245, 246), (52,), (2.0,), (52,), (2.0,))
('K.63 Musescore', 'P1', 3, (82, 83), (25,), (1.0,), (25,), (1.0,))
('K.63 Musescore', 'P1', 3, (147, 148), (52,), (1.0,), (52,), (1.0,))

41.    ((5,),):
('K.63 Musescore', 'P1', 1, (74, 75), (14,), (2.0,), (14,), (2.0,))
('K.63 Musescore', 'P1', 1, (206, 207), (45,), (2.0,), (45,), (2.0,))
('K.63 Musescore', 'P1', 1, (222, 223), (47,), (2.0,), (47,), (2.0,))
('K.63 Musescore', 'P1', 2, (4, 5), (39,), (1.0,), (39,), (1.0,))
('K.63 Musescore', 'P1', 3, (56, 57), (18,), (1.0,), (18,), (1.0,))

42.    ((1,),):
('K.63 Musescore', 'P1', 1, (80, 81), (16,), (2.0,), (16,), (2.0,))
('K.63 Musescore', 'P1', 1, (155, 156), (32,), (1.0,), (32,), (1.0,))
('K.63 Musescore', 'P1', 2, (1, 2), (30,), (2.0,), (30,), (2.0,))
('K.63 Musescore', 'P1', 3, (20, 21), (10,), (1.0,), (10,), (1.0,))
('K.63 Musescore', 'P1', 3, (155, 156), (56,), (1.0,), (56,), (1.0,))

43.    (((3, 4),),):
('K.63 Musescore', 'P1', 1, (179, 180), (39,), (2.5,), (39,), (2.5,))
('K.63 Musescore', 'P1', 3, (6, 7), (4,), (1.0,), (4,), (1.0,))
('K.63 Musescore', 'P1', 3, (105, 106), (36,), (1.0,), (36,), (1.0,))
('K.63 Musescore', 'P1', 3, (119, 120), (42,), (1.0,), (42,), (1.0,))

44.    (((8, 2),),):
('K.63 Musescore', 'P1', 3, (91, 92), (29,), (2.5,), (29,), (2.5,))
('K.63 Musescore', 'P1', 3, (93, 94), (30,), (1.5,), (30,), (1.5,))
('K.63 Musescore', 'P1', 3, (95, 96), (30,), (2.5,), (30,), (2.5,))
('K.63 Musescore', 'P1', 3, (158, 159), (57,), (2.5,), (57,), (2.5,))

45.    (((3, -2),),):
('K.63 Musescore', 'P1', 1, (177, 178), (39,), (1.0,), (39,), (1.0,))
('K.63 Musescore', 'P1', 1, (178, 179), (39,), (1.5,), (39,), (1.5,))
('K.63 Musescore', 'P1', 1, (279, 280), (59,), (1.0,), (59,), (1.0,))

46.    ((10,),):
('K.63 Musescore', 'P1', 1, (23, 24), (6,), (2.0,), (6,), (2.0,))
('K.63 Musescore', 'P1', 4, (17, 18), (37,), (2.5,), (37,), (2.5,))

47.    (((8, -5),),):
('K.63 Musescore', 'P1', 3, (94, 95), (30,), (2.0,), (30,), (2.0,))
('K.63 Musescore', 'P1', 3, (97, 98), (31,), (2.0,), (31,), (2.0,))

48.    (((8, 1),),):
('K.63 Musescore', 'P1', 3, (96, 97), (31,), (1.0,), (31,), (1.0,))
('K.63 Musescore', 'P1', 3, (157, 158), (57,), (1.0,), (57,), (1.0,))

