1.    nomes:
K.90 Musicalion

2.    quantidade:
1

3.    analise:
[('intDia', 'p1p2'), ('duracao', 'p1p2'), ('Ntempo', 'p1p2'), ('Ptempo', 'p1p2')] SemContInte Distancia: 0

1.    ((-7, 7, -7, 7, -7, 7, -7, 6, -5, 5, -5, 5, -5, 5, -5, 6, -7, 7, -7, 7, -7, 7, -7, 6, -2, -2, -2, -2, 8, -9, 8, -9, 8, -9, 8, -9, 8, -9, 8, -9, 8, -9, 14, -2, -2, -2, 2, -2, -2, 2), (0.25, 0.25, 0.25, 0.25, 0.25, 0.25, 0.25, 0.25, 0.25, 0.25, 0.25, 0.25, 0.25, 0.25, 0.25, 0.25, 0.25, 0.25, 0.25, 0.25, 0.25, 0.25, 0.25, 0.25, 0.25, 0.25, 0.25, 0.25, 0.5, 0.5, 0.5, 0.5, 0.5, 0.5, 0.5, 0.5, 0.5, 0.5, 0.5, 0.5, 0.5, 0.5, 1.0, 1.0, 0.12, 0.12, 0.75, 0.12, 0.12, 0.75), (1, 1, 1, 1, 2, 2, 2, 2, 1, 1, 1, 1, 2, 2, 2, 2, 1, 1, 1, 1, 2, 2, 2, 2, 1, 1, 1, 1, 2, 2, 1, 1, 2, 2, 1, 1, 2, 2, 1, 1, 2, 2, 1, 2, 1, 1, 1, 2, 2, 2), (0.0, 0.25, 0.5, 0.75, 0.0, 0.25, 0.5, 0.75, 0.0, 0.25, 0.5, 0.75, 0.0, 0.25, 0.5, 0.75, 0.0, 0.25, 0.5, 0.75, 0.0, 0.25, 0.5, 0.75, 0.0, 0.25, 0.5, 0.75, 0.0, 0.5, 0.0, 0.5, 0.0, 0.5, 0.0, 0.5, 0.0, 0.5, 0.0, 0.5, 0.0, 0.5, 0.0, 0.0, 0.0, 0.12, 0.25, 0.0, 0.12, 0.25)):
('K.90 Musicalion', 'P1', 1, (808, 858), (132,), (1.0,), (140,), (2.25,))
('K.90 Musicalion', 'P1', 1, (923, 973), (153,), (1.0,), (161,), (2.25,))

2.    ((2, 2, 2, -4, -5, 9, 2, -6, -5, 7, 2, -4, -5, 9, 2, -6, -5, 11, 2, -2, -2, -2, -2, -2, -2, -2, 1, 2, 2, 2, 2, 2, 2, -2, -2, -2, 2, -5, 2, 2, 2, 2, 2, 2, -2), (0.25, 0.25, 1.25, 0.5, 0.5, 0.5, 0.5, 0.5, 0.5, 0.5, 0.5, 0.5, 0.5, 0.5, 0.5, 0.5, 0.5, 0.5, 0.5, 0.5, 0.25, 0.25, 0.5, 0.5, 0.25, 0.25, 1.0, 0.5, 0.12, 0.12, 0.75, 0.12, 0.12, 0.75, 0.12, 0.12, 0.25, 1.0, 0.5, 0.12, 0.12, 0.75, 0.12, 0.12, 0.75), (1, 1, 1, 1, 1, 2, 2, 1, 1, 2, 2, 1, 1, 2, 2, 1, 1, 2, 2, 1, 1, 1, 2, 2, 1, 1, 1, 2, 1, 1, 1, 2, 2, 2, 1, 1, 1, 1, 2, 1, 1, 1, 2, 2, 2), (0.25, 0.5, 0.75, 0.0, 0.5, 0.0, 0.5, 0.0, 0.5, 0.0, 0.5, 0.0, 0.5, 0.0, 0.5, 0.0, 0.5, 0.0, 0.5, 0.0, 0.5, 0.75, 0.0, 0.5, 0.0, 0.25, 0.5, 0.5, 0.0, 0.12, 0.25, 0.0, 0.12, 0.25, 0.0, 0.12, 0.25, 0.5, 0.5, 0.0, 0.12, 0.25, 0.0, 0.12, 0.25)):
('K.90 Musicalion', 'P1', 1, (302, 347), (29,), (1.25,), (38,), (2.25,))
('K.90 Musicalion', 'P1', 1, (591, 636), (91,), (1.25,), (100,), (2.25,))

3.    ((2, 2, 2, 2, -3, 1, -2, -2, 2, -3, 2, 2, 2, 2, -3, 1, -2, -2, 2, -3, 2, 2, 2, 2, -2, -2, -2), (0.12, 0.12, 0.12, 0.12, 1.0, 0.5, 0.12, 0.12, 1.25, 0.5, 0.12, 0.12, 0.12, 0.12, 1.0, 0.5, 0.12, 0.12, 1.25, 0.5, 0.12, 0.12, 0.12, 0.12, 1.0, 0.25, 0.25), (1, 1, 1, 1, 1, 2, 1, 1, 1, 2, 1, 1, 1, 1, 1, 2, 1, 1, 1, 2, 1, 1, 1, 1, 1, 2, 2), (0.0, 0.12, 0.25, 0.38, 0.5, 0.5, 0.0, 0.12, 0.25, 0.5, 0.0, 0.12, 0.25, 0.38, 0.5, 0.5, 0.0, 0.12, 0.25, 0.5, 0.0, 0.12, 0.25, 0.38, 0.5, 0.5, 0.75)):
('K.90 Musicalion', 'P1', 1, (370, 397), (44,), (1.0,), (48,), (2.75,))
('K.90 Musicalion', 'P1', 1, (505, 532), (72,), (1.0,), (76,), (2.75,))

4.    ((1, 2, -2, 1, 1, 2, -2, 1, 1, 2, -2, 4, -4, 2, -2, 1, 1, 2, -2, 1, 2, 2, 2, 2), (0.75, 0.25, 0.25, 0.25, 0.25, 0.25, 0.25, 0.25, 0.25, 0.25, 0.25, 0.25, 0.25, 0.25, 0.25, 0.25, 0.25, 0.25, 0.25, 0.25, 0.25, 0.25, 0.25, 0.25), (1, 2, 2, 2, 1, 1, 1, 1, 2, 2, 2, 2, 1, 1, 1, 1, 2, 2, 2, 2, 1, 1, 1, 1), (0.5, 0.25, 0.5, 0.75, 0.0, 0.25, 0.5, 0.75, 0.0, 0.25, 0.5, 0.75, 0.0, 0.25, 0.5, 0.75, 0.0, 0.25, 0.5, 0.75, 0.0, 0.25, 0.5, 0.75)):
('K.90 Musicalion', 'P1', 1, (730, 754), (119,), (1.5,), (122,), (1.75,))
('K.90 Musicalion', 'P1', 1, (757, 781), (123,), (1.5,), (126,), (1.75,))

5.    ((-3, -3, 4, -3, -3, -3, 4, 5, -2, -2, 2, -3, -3, -3, 4, -4, 2, 2, 2, -6, 2, 2, 2), (0.5, 0.5, 0.5, 0.5, 0.5, 0.5, 0.5, 0.5, 0.5, 0.5, 0.5, 0.5, 0.5, 0.5, 0.5, 0.5, 0.5, 0.5, 0.5, 0.5, 0.5, 0.5, 0.5), (1, 2, 2, 1, 1, 2, 2, 1, 1, 2, 2, 1, 1, 2, 2, 1, 1, 2, 2, 1, 1, 2, 2), (0.5, 0.0, 0.5, 0.0, 0.5, 0.0, 0.5, 0.0, 0.5, 0.0, 0.5, 0.0, 0.5, 0.0, 0.5, 0.0, 0.5, 0.0, 0.5, 0.0, 0.5, 0.0, 0.5)):
('K.90 Musicalion', 'P1', 3, (234, 257), (35,), (1.5,), (40,), (2.5,))
('K.90 Musicalion', 'P1', 3, (313, 336), (57,), (1.5,), (62,), (2.5,))

6.    ((1, 8, -9, 8, -9, 8, -9, 8, -9, 15, -9, 8, -9, 8, -9, 8, 2, 2, 2, -6, 2, 2), (0.5, 0.5, 0.5, 0.5, 0.5, 0.5, 0.5, 0.5, 0.5, 0.5, 0.5, 0.5, 0.5, 0.5, 0.5, 0.5, 0.5, 0.5, 0.5, 0.5, 0.5, 0.5), (1, 2, 2, 1, 1, 2, 2, 1, 1, 2, 2, 1, 1, 2, 2, 1, 1, 2, 2, 1, 1, 2), (0.5, 0.0, 0.5, 0.0, 0.5, 0.0, 0.5, 0.0, 0.5, 0.0, 0.5, 0.0, 0.5, 0.0, 0.5, 0.0, 0.5, 0.0, 0.5, 0.0, 0.5, 0.0)):
('K.90 Musicalion', 'P1', 3, (584, 606), (135,), (1.5,), (140,), (2.0,))
('K.90 Musicalion', 'P1', 3, (667, 689), (156,), (1.5,), (161,), (2.0,))

7.    ((2, 2, -2, -2, 2, -5, 2, 2, 2, -4, 4, 2, 2, -2, -2, 2, -5, 2, 2, 2), (1.0, 1.0, 1.0, 1.0, 1.0, 1.0, 1.0, 1.0, 1.0, 2.0, 1.0, 1.0, 1.0, 1.0, 1.0, 1.0, 1.0, 1.0, 1.0, 1.0), (10, 11, 12, 1, 2, 3, 4, 5, 6, 7, 9, 10, 11, 12, 1, 2, 3, 4, 5, 6), (0.0, 0.0, 0.0, 0.0, 0.0, 0.0, 0.0, 0.0, 0.0, 0.0, 0.0, 0.0, 0.0, 0.0, 0.0, 0.0, 0.0, 0.0, 0.0, 0.0)):
('K.90 Musicalion', 'P1', 1, (1018, 1038), (170,), (10.0,), (172,), (6.0,))
('K.90 Musicalion', 'P1', 1, (1133, 1153), (181,), (10.0,), (183,), (6.0,))

8.    ((6, -2, -5, 8, -2, -7, 10, -2, -9, 12, -2, -2, -2, -2, -2, 2, 2, -5), (1.0, 1.0, 1.0, 1.0, 1.0, 1.0, 1.0, 1.0, 1.0, 1.0, 1.0, 1.0, 1.0, 0.5, 0.5, 0.5, 0.5, 1.0), (1, 2, 3, 1, 2, 3, 1, 2, 3, 1, 2, 3, 1, 2, 2, 3, 3, 1), (0.0, 0.0, 0.0, 0.0, 0.0, 0.0, 0.0, 0.0, 0.0, 0.0, 0.0, 0.0, 0.0, 0.0, 0.5, 0.0, 0.5, 0.0)):
('K.90 Musicalion', 'P1', 1, (1171, 1189), (188,), (1.0,), (193,), (1.0,))
('K.90 Musicalion', 'P1', 1, (1247, 1265), (208,), (1.0,), (213,), (1.0,))

9.    ((2, 2, -3, -3, -3, 2, 3, 2, 2, 4, -2, -2, -2, -2, 2, -5), (0.5, 0.5, 0.5, 0.5, 0.5, 0.5, 0.5, 0.5, 0.5, 0.5, 0.25, 0.25, 0.25, 0.25, 0.5, 0.5), (2, 2, 1, 1, 2, 2, 1, 1, 2, 2, 1, 1, 1, 1, 2, 2), (0.0, 0.5, 0.0, 0.5, 0.0, 0.5, 0.0, 0.5, 0.0, 0.5, 0.0, 0.25, 0.5, 0.75, 0.0, 0.5)):
('K.90 Musicalion', 'P1', 3, (411, 427), (86,), (2.0,), (89,), (2.5,))
('K.90 Musicalion', 'P1', 3, (695, 711), (163,), (2.0,), (166,), (2.5,))

10.    ((2, 2, 2, 2, -2, -2, -2, -2, 2, 2, 2, 2, -2, -2, -2), (0.12, 0.12, 0.12, 0.12, 1.5, 0.25, 0.25, 1.5, 0.12, 0.12, 0.12, 0.12, 1.5, 0.25, 0.25), (1, 1, 1, 1, 1, 1, 1, 1, 1, 1, 1, 1, 1, 1, 1), (0.0, 0.12, 0.25, 0.38, 0.5, 0.0, 0.25, 0.5, 0.0, 0.12, 0.25, 0.38, 0.5, 0.0, 0.25)):
('K.90 Musicalion', 'P1', 1, (699, 714), (112,), (1.0,), (115,), (1.25,))
('K.90 Musicalion', 'P1', 1, (715, 730), (116,), (1.0,), (119,), (1.25,))

11.    ((8, -9, 8, -9, 8, -9, 8, -9, 8, -9, 8, -9, 8, -9), (0.5, 0.5, 0.5, 0.5, 0.5, 0.5, 0.5, 0.5, 0.5, 0.5, 0.5, 0.5, 0.5, 0.5), (2, 2, 1, 1, 2, 2, 1, 1, 2, 2, 1, 1, 2, 2), (0.0, 0.5, 0.0, 0.5, 0.0, 0.5, 0.0, 0.5, 0.0, 0.5, 0.0, 0.5, 0.0, 0.5)):
('K.90 Musicalion', 'P1', 1, (836, 850), (135,), (2.0,), (138,), (2.5,))
('K.90 Musicalion', 'P1', 1, (951, 965), (156,), (2.0,), (159,), (2.5,))
('K.90 Musicalion', 'P1', 3, (383, 397), (79,), (2.0,), (82,), (2.5,))

12.    ((4, -2, -2, -2, 2, -2, -2, 2, -2, -2, -2, -2, 2, -5), (1.0, 1.0, 0.12, 0.12, 0.75, 0.12, 0.12, 0.75, 0.25, 0.25, 0.25, 0.25, 0.5, 0.5), (1, 2, 1, 1, 1, 2, 2, 2, 1, 1, 1, 1, 2, 2), (0.0, 0.0, 0.0, 0.12, 0.25, 0.0, 0.12, 0.25, 0.0, 0.25, 0.5, 0.75, 0.0, 0.5)):
('K.90 Musicalion', 'P1', 1, (576, 590), (87,), (1.0,), (89,), (2.5,))
('K.90 Musicalion', 'P1', 1, (982, 996), (164,), (1.0,), (166,), (2.5,))

13.    ((2, 2, 2, 2, -2, -2, -2, -2, 2, 2, 2, 2, -2), (0.12, 0.12, 0.12, 0.12, 1.5, 0.25, 0.25, 1.5, 0.12, 0.12, 0.12, 0.12, 1.5), (1, 1, 1, 1, 1, 1, 1, 1, 1, 1, 1, 1, 1), (0.0, 0.12, 0.25, 0.38, 0.5, 0.0, 0.25, 0.5, 0.0, 0.12, 0.25, 0.38, 0.5)):
('K.90 Musicalion', 'P1', 1, (420, 433), (54,), (1.0,), (56,), (1.5,))
('K.90 Musicalion', 'P1', 1, (886, 899), (145,), (1.0,), (147,), (1.5,))
('K.90 Musicalion', 'P1', 1, (902, 915), (149,), (1.0,), (151,), (1.5,))

14.    ((-2, 1, 1, 1, 2, 1, 1, 1, -2, 1, 1, 1, 2), (0.5, 0.5, 0.5, 0.5, 0.5, 0.5, 0.5, 0.5, 0.5, 0.5, 0.5, 0.5, 0.5), (2, 1, 1, 2, 2, 1, 1, 2, 2, 1, 1, 2, 2), (0.5, 0.0, 0.5, 0.0, 0.5, 0.0, 0.5, 0.0, 0.5, 0.0, 0.5, 0.0, 0.5)):
('K.90 Musicalion', 'P1', 3, (570, 583), (131,), (2.5,), (134,), (2.5,))
('K.90 Musicalion', 'P1', 3, (653, 666), (152,), (2.5,), (155,), (2.5,))

15.    ((8, -9, 8, -9, 8, -9, 8, -9, 8, -9, 8, -9), (0.5, 0.5, 0.5, 0.5, 0.5, 0.5, 0.5, 0.5, 0.5, 0.5, 0.5, 0.5), (1, 1, 2, 2, 1, 1, 2, 2, 1, 1, 2, 2), (0.0, 0.5, 0.0, 0.5, 0.0, 0.5, 0.0, 0.5, 0.0, 0.5, 0.0, 0.5)):
('K.90 Musicalion', 'P1', 1, (785, 797), (127,), (1.0,), (129,), (2.5,))
('K.90 Musicalion', 'P1', 3, (553, 565), (127,), (1.0,), (129,), (2.5,))

16.    ((-4, 2, 2, -8, 1, 8, -4, 2, 2, -8, 1, 8), (0.5, 0.5, 0.5, 0.5, 0.5, 1.5, 0.5, 0.5, 0.5, 0.5, 0.5, 1.5), (1, 2, 2, 1, 1, 2, 1, 2, 2, 1, 1, 2), (0.5, 0.0, 0.5, 0.0, 0.5, 0.0, 0.5, 0.0, 0.5, 0.0, 0.5, 0.0)):
('K.90 Musicalion', 'P1', 3, (265, 277), (44,), (1.5,), (47,), (2.0,))
('K.90 Musicalion', 'P1', 3, (355, 367), (70,), (1.5,), (73,), (2.0,))

17.    ((-2, -2, -2, -2, 2, -5, -2, -2, -2, -2, 2), (0.25, 0.25, 0.25, 0.25, 0.5, 0.5, 0.25, 0.25, 0.25, 0.25, 0.5), (1, 1, 1, 1, 2, 2, 1, 1, 1, 1, 2), (0.0, 0.25, 0.5, 0.75, 0.0, 0.5, 0.0, 0.25, 0.5, 0.75, 0.0)):
('K.90 Musicalion', 'P1', 1, (990, 1001), (166,), (1.0,), (167,), (2.0,))
('K.90 Musicalion', 'P1', 3, (705, 716), (166,), (1.0,), (167,), (2.0,))

18.    ((2, -8, 4, 2, 2, -3, 4, 2, 2, -3), (0.5, 0.5, 0.5, 0.5, 0.5, 0.5, 0.5, 0.5, 0.5, 0.5), (3, 4, 4, 1, 1, 2, 2, 3, 3, 4), (0.5, 0.0, 0.5, 0.0, 0.5, 0.0, 0.5, 0.0, 0.5, 0.0)):
('K.90 Musicalion', 'P1', 3, (97, 107), (12,), (3.5,), (13,), (4.0,))
('K.90 Musicalion', 'P1', 3, (201, 211), (25,), (3.5,), (26,), (4.0,))

19.    ((-2, -2, -2, -2, 8, -2, -2, -2, -2), (0.5, 0.5, 0.5, 0.5, 1.0, 0.5, 0.5, 0.5, 0.5), (2, 2, 3, 3, 1, 2, 2, 3, 3), (0.0, 0.5, 0.0, 0.5, 0.0, 0.0, 0.5, 0.0, 0.5)):
('K.90 Musicalion', 'P1', 1, (1155, 1164), (184,), (2.0,), (185,), (3.5,))
('K.90 Musicalion', 'P1', 1, (1233, 1242), (205,), (2.0,), (206,), (3.5,))

20.    ((-2, -2, 2, -2, -2, -2, 2, -2), (0.12, 0.12, 0.25, 0.5, 0.12, 0.12, 0.25, 0.5), (3, 3, 3, 3, 4, 4, 4, 4), (0.0, 0.12, 0.25, 0.5, 0.0, 0.12, 0.25, 0.5)):
('K.90 Musicalion', 'P1', 1, (3, 11), (1,), (3.0,), (1,), (4.5,))
('K.90 Musicalion', 'P1', 1, (15, 23), (2,), (3.0,), (2,), (4.5,))

21.    ((-2, 2, 2, -2, -2, 2, -2, -2), (0.12, 0.12, 0.25, 0.12, 0.12, 0.25, 0.5, 0.5), (3, 3, 3, 3, 3, 3, 4, 4), (0.0, 0.12, 0.25, 0.5, 0.62, 0.75, 0.0, 0.5)):
('K.90 Musicalion', 'P1', 1, (150, 158), (12,), (3.0,), (12,), (4.5,))
('K.90 Musicalion', 'P1', 1, (276, 284), (25,), (3.0,), (25,), (4.5,))

22.    ((2, 2, 2, 2, 2, -2, -2, -2), (1.0, 1.0, 1.0, 1.0, 1.0, 1.0, 1.0, 1.0), (7, 8, 9, 10, 11, 12, 1, 2), (0.0, 0.0, 0.0, 0.0, 0.0, 0.0, 0.0, 0.0)):
('K.90 Musicalion', 'P1', 1, (1050, 1058), (173,), (7.0,), (174,), (2.0,))
('K.90 Musicalion', 'P1', 1, (1062, 1070), (174,), (7.0,), (175,), (2.0,))

23.    ((-2, -2, 2, -2, -2, -2, 2), (0.12, 0.12, 0.25, 0.5, 0.12, 0.12, 0.25), (1, 1, 1, 1, 2, 2, 2), (0.0, 0.12, 0.25, 0.5, 0.0, 0.12, 0.25)):
('K.90 Musicalion', 'P1', 1, (70, 77), (7,), (1.0,), (7,), (2.25,))
('K.90 Musicalion', 'P1', 1, (210, 217), (18,), (1.0,), (18,), (2.25,))

24.    ((2, 2, 2, 2, -2, -2, -2), (0.12, 0.12, 0.38, 0.12, 0.38, 0.12, 0.38), (1, 1, 1, 1, 1, 2, 2), (0.0, 0.12, 0.25, 0.62, 0.75, 0.12, 0.25)):
('K.90 Musicalion', 'P1', 1, (81, 88), (8,), (1.0,), (8,), (2.25,))
('K.90 Musicalion', 'P1', 1, (93, 100), (9,), (1.0,), (9,), (2.25,))

25.    ((4, 3, 2, 2, -5, 3, 2), (0.5, 0.5, 0.5, 0.5, 0.5, 0.5, 0.5), (4, 1, 1, 2, 2, 3, 3), (0.5, 0.0, 0.5, 0.0, 0.5, 0.0, 0.5)):
('K.90 Musicalion', 'P1', 3, (83, 90), (10,), (4.5,), (11,), (3.5,))
('K.90 Musicalion', 'P1', 3, (171, 178), (21,), (4.5,), (22,), (3.5,))

26.    ((-8, 4, 2, 2, -3, 4, -8), (0.5, 0.5, 0.5, 0.5, 0.5, 0.5, 0.5), (2, 2, 3, 3, 4, 4, 1), (0.0, 0.5, 0.0, 0.5, 0.0, 0.5, 0.0)):
('K.90 Musicalion', 'P1', 3, (150, 157), (19,), (2.0,), (20,), (1.0,))
('K.90 Musicalion', 'P1', 3, (182, 189), (23,), (2.0,), (24,), (1.0,))

27.    ((2, -2, -2, 1, 2, -2), (0.25, 0.25, 0.25, 0.25, 0.25, 0.25), (2, 2, 2, 1, 1, 1), (0.25, 0.5, 0.75, 0.0, 0.25, 0.5)):
('K.90 Musicalion', 'P1', 1, (859, 865), (141,), (2.25,), (142,), (1.5,))
('K.90 Musicalion', 'P1', 1, (867, 873), (142,), (2.25,), (143,), (1.5,))

28.    ((10, -2, -2, -2, 2, -8), (1.0, 1.0, 1.0, 1.0, 1.0, 1.0), (1, 2, 3, 4, 5, 6), (0.0, 0.0, 0.0, 0.0, 0.0, 0.0)):
('K.90 Musicalion', 'P1', 1, (1011, 1017), (170,), (1.0,), (170,), (6.0,))
('K.90 Musicalion', 'P1', 1, (1113, 1119), (180,), (1.0,), (180,), (6.0,))

29.    ((-2, -2, -2, -2, 2, -5), (0.25, 0.25, 0.25, 0.25, 0.5, 0.5), (1, 1, 1, 1, 2, 2), (0.0, 0.25, 0.5, 0.75, 0.0, 0.5)):
('K.90 Musicalion', 'P1', 1, (584, 590), (89,), (1.0,), (89,), (2.5,))
('K.90 Musicalion', 'P1', 3, (421, 427), (89,), (1.0,), (89,), (2.5,))

30.    ((2, -2, 8, -2, -2, -2), (3.0, 3.0, 1.0, 1.0, 1.0, 1.0), (1, 1, 1, 2, 3, 1), (0.0, 0.0, 0.0, 0.0, 0.0, 0.0)):
('K.90 Musicalion', 'P1', 3, (789, 795), (189,), (1.0,), (192,), (1.0,))
('K.90 Musicalion', 'P1', 3, (825, 831), (209,), (1.0,), (212,), (1.0,))

31.    ((8, -2, -2, -2, -2), (1.0, 0.5, 0.5, 0.5, 0.5), (1, 2, 2, 3, 3), (0.0, 0.0, 0.5, 0.0, 0.5)):
('K.90 Musicalion', 'P1', 1, (1159, 1164), (185,), (1.0,), (185,), (3.5,))
('K.90 Musicalion', 'P1', 1, (1164, 1169), (186,), (1.0,), (186,), (3.5,))
('K.90 Musicalion', 'P1', 1, (1237, 1242), (206,), (1.0,), (206,), (3.5,))
('K.90 Musicalion', 'P1', 3, (819, 824), (207,), (1.0,), (207,), (3.5,))

32.    ((-2, 2, 2, -2, -2), (0.12, 0.12, 0.25, 0.12, 0.12), (1, 1, 1, 1, 1), (0.0, 0.12, 0.25, 0.5, 0.62)):
('K.90 Musicalion', 'P1', 1, (59, 64), (6,), (1.0,), (6,), (1.62,))
('K.90 Musicalion', 'P1', 1, (257, 262), (23,), (1.0,), (23,), (1.62,))

33.    ((3, 3, -2, 3, 3), (0.12, 0.12, 1.75, 0.12, 0.12), (3, 3, 3, 1, 1), (0.0, 0.12, 0.25, 0.0, 0.12)):
('K.90 Musicalion', 'P1', 1, (161, 166), (13,), (3.0,), (14,), (1.12,))
('K.90 Musicalion', 'P1', 1, (270, 275), (24,), (3.0,), (25,), (1.12,))

34.    ((2, 2, 2, 2, 2), (0.75, 0.06, 0.06, 0.06, 0.06), (1, 1, 1, 1, 1), (0.0, 0.75, 0.81, 0.88, 0.94)):
('K.90 Musicalion', 'P1', 1, (406, 411), (51,), (1.0,), (51,), (1.94,))
('K.90 Musicalion', 'P1', 1, (565, 570), (85,), (1.0,), (85,), (1.94,))

35.    ((10, -2, -2, -2, 2), (1.0, 1.0, 1.0, 1.0, 1.0), (7, 8, 9, 10, 11), (0.0, 0.0, 0.0, 0.0, 0.0)):
('K.90 Musicalion', 'P1', 1, (1005, 1010), (169,), (7.0,), (169,), (11.0,))
('K.90 Musicalion', 'P1', 1, (1119, 1124), (180,), (7.0,), (180,), (11.0,))

36.    ((-3, -2, -2, -2, -2), (1.0, 0.5, 0.5, 0.5, 0.5), (1, 2, 2, 3, 3), (0.0, 0.0, 0.5, 0.0, 0.5)):
('K.90 Musicalion', 'P1', 1, (1227, 1232), (204,), (1.0,), (204,), (3.5,))
('K.90 Musicalion', 'P1', 1, (1242, 1247), (207,), (1.0,), (207,), (3.5,))

37.    ((-2, -2, -2, -2, -4), (1.0, 1.0, 1.0, 1.0, 1.0), (2, 3, 1, 2, 3), (0.0, 0.0, 0.0, 0.0, 0.0)):
('K.90 Musicalion', 'P1', 1, (1189, 1194), (193,), (2.0,), (194,), (3.0,))
('K.90 Musicalion', 'P1', 3, (798, 803), (193,), (2.0,), (194,), (3.0,))

38.    ((2, -6, 2, 2, -5), (1.0, 0.5, 0.5, 0.5, 0.5), (2, 1, 1, 2, 2), (0.0, 0.0, 0.5, 0.0, 0.5)):
('K.90 Musicalion', 'P1', 3, (259, 264), (41,), (2.0,), (42,), (2.5,))
('K.90 Musicalion', 'P1', 3, (337, 342), (63,), (2.0,), (64,), (2.5,))

39.    ((-2, -2, -2, -2, -2), (0.5, 0.5, 0.5, 0.5, 0.5), (1, 2, 2, 1, 1), (0.5, 0.0, 0.5, 0.0, 0.5)):
('K.90 Musicalion', 'P1', 3, (532, 537), (121,), (1.5,), (122,), (1.5,))
('K.90 Musicalion', 'P1', 3, (546, 551), (125,), (1.5,), (126,), (1.5,))

40.    ((-2, -2, 2, 2), (0.5, 0.5, 0.5, 0.5), (2, 2, 3, 3), (0.0, 0.5, 0.0, 0.5)):
('K.90 Musicalion', 'P1', 1, (1184, 1188), (192,), (2.0,), (192,), (3.5,))
('K.90 Musicalion', 'P1', 1, (1260, 1264), (212,), (2.0,), (212,), (3.5,))
('K.90 Musicalion', 'P1', 3, (166, 170), (21,), (2.0,), (21,), (3.5,))
('K.90 Musicalion', 'P1', 3, (190, 194), (24,), (2.0,), (24,), (3.5,))

41.    ((2, 2, 2, 2), (0.12, 0.12, 0.12, 0.12), (1, 1, 1, 1), (0.0, 0.12, 0.25, 0.38)):
('K.90 Musicalion', 'P1', 1, (477, 481), (66,), (1.0,), (66,), (1.38,))
('K.90 Musicalion', 'P1', 1, (486, 490), (68,), (1.0,), (68,), (1.38,))

42.    ((2, -2, -2, 2), (0.5, 0.5, 0.25, 0.25), (1, 2, 2, 2), (0.5, 0.0, 0.5, 0.75)):
('K.90 Musicalion', 'P1', 1, (572, 576), (86,), (1.5,), (86,), (2.75,))
('K.90 Musicalion', 'P1', 1, (693, 697), (110,), (1.5,), (110,), (2.75,))

43.    ((-2, -2, -2, 2), (1.0, 1.0, 1.0, 1.0), (3, 4, 5, 6), (0.0, 0.0, 0.0, 0.0)):
('K.90 Musicalion', 'P1', 1, (1070, 1074), (175,), (3.0,), (175,), (6.0,))
('K.90 Musicalion', 'P1', 1, (1127, 1131), (181,), (3.0,), (181,), (6.0,))

44.    ((3, 2, -2, -2), (0.5, 0.5, 0.5, 0.5), (2, 2, 3, 3), (0.0, 0.5, 0.0, 0.5)):
('K.90 Musicalion', 'P1', 3, (19, 23), (3,), (2.0,), (3,), (3.5,))
('K.90 Musicalion', 'P1', 3, (35, 39), (5,), (2.0,), (5,), (3.5,))

45.    ((-8, 8, -6, 2), (0.5, 0.5, 0.5, 0.5), (1, 1, 2, 2), (0.0, 0.5, 0.0, 0.5)):
('K.90 Musicalion', 'P1', 3, (68, 72), (9,), (1.0,), (9,), (2.5,))
('K.90 Musicalion', 'P1', 3, (92, 96), (12,), (1.0,), (12,), (2.5,))

46.    ((-8, 2, 2, 2), (0.5, 0.5, 0.5, 0.5), (1, 1, 2, 2), (0.0, 0.5, 0.0, 0.5)):
('K.90 Musicalion', 'P1', 3, (212, 216), (27,), (1.0,), (27,), (2.5,))
('K.90 Musicalion', 'P1', 3, (350, 354), (68,), (1.0,), (68,), (2.5,))

47.    ((-2, -2, -2, -2), (0.5, 0.5, 0.5, 0.5), (1, 1, 2, 2), (0.0, 0.5, 0.0, 0.5)):
('K.90 Musicalion', 'P1', 3, (465, 469), (104,), (1.0,), (104,), (2.5,))
('K.90 Musicalion', 'P1', 3, (783, 787), (187,), (1.0,), (187,), (2.5,))

48.    ((3, 2, -8, 1), (0.5, 0.5, 0.5, 0.5), (2, 2, 1, 1), (0.0, 0.5, 0.0, 0.5)):
('K.90 Musicalion', 'P1', 3, (537, 541), (122,), (2.0,), (123,), (1.5,))
('K.90 Musicalion', 'P1', 3, (612, 616), (142,), (2.0,), (143,), (1.5,))

49.    ((-8, 1, 1), (0.5, 0.5, 0.5), (1, 1, 2), (0.0, 0.5, 0.0)):
('K.90 Musicalion', 'P1', 1, (297, 300), (28,), (1.0,), (28,), (2.0,))
('K.90 Musicalion', 'P1', 3, (527, 530), (120,), (1.0,), (120,), (2.0,))
('K.90 Musicalion', 'P1', 3, (614, 617), (143,), (1.0,), (143,), (2.0,))
('K.90 Musicalion', 'P1', 3, (626, 629), (146,), (1.0,), (146,), (2.0,))
('K.90 Musicalion', 'P1', 3, (634, 637), (148,), (1.0,), (148,), (2.0,))
('K.90 Musicalion', 'P1', 3, (646, 649), (151,), (1.0,), (151,), (2.0,))

50.    ((-2, -2, 2), (0.5, 0.5, 0.5), (1, 2, 2), (0.5, 0.0, 0.5)):
('K.90 Musicalion', 'P1', 1, (241, 244), (21,), (1.5,), (21,), (2.5,))
('K.90 Musicalion', 'P1', 3, (242, 245), (37,), (1.5,), (37,), (2.5,))
('K.90 Musicalion', 'P1', 3, (321, 324), (59,), (1.5,), (59,), (2.5,))
('K.90 Musicalion', 'P1', 3, (367, 370), (74,), (1.5,), (74,), (2.5,))
('K.90 Musicalion', 'P1', 3, (446, 449), (99,), (1.5,), (99,), (2.5,))

51.    ((-2, -2, -2), (1.0, 1.0, 1.0), (2, 3, 1), (0.0, 0.0, 0.0)):
('K.90 Musicalion', 'P1', 1, (1181, 1184), (191,), (2.0,), (192,), (1.0,))
('K.90 Musicalion', 'P1', 1, (1257, 1260), (211,), (2.0,), (212,), (1.0,))
('K.90 Musicalion', 'P1', 3, (792, 795), (191,), (2.0,), (192,), (1.0,))

52.    ((2, -3, 2), (0.5, 0.5, 0.5), (1, 2, 2), (0.5, 0.0, 0.5)):
('K.90 Musicalion', 'P1', 3, (285, 288), (50,), (1.5,), (50,), (2.5,))
('K.90 Musicalion', 'P1', 3, (478, 481), (107,), (1.5,), (107,), (2.5,))
('K.90 Musicalion', 'P1', 3, (482, 485), (108,), (1.5,), (108,), (2.5,))

53.    ((1, 1, 1), (0.5, 0.5, 0.5), (1, 1, 2), (0.0, 0.5, 0.0)):
('K.90 Musicalion', 'P1', 3, (219, 222), (28,), (1.0,), (28,), (2.0,))
('K.90 Musicalion', 'P1', 3, (507, 510), (115,), (1.0,), (115,), (2.0,))

54.    ((2, 2, -3), (3.0, 3.0, 3.0), (10, 1, 4), (0.0, 0.0, 0.0)):
('K.90 Musicalion', 'P1', 3, (725, 728), (170,), (10.0,), (171,), (4.0,))
('K.90 Musicalion', 'P1', 3, (768, 771), (181,), (10.0,), (182,), (4.0,))

55.    ((-2, -2), (0.25, 0.25), (2, 2), (0.5, 0.75)):
('K.90 Musicalion', 'P1', 1, (361, 363), (41,), (2.5,), (41,), (2.75,))
('K.90 Musicalion', 'P1', 1, (395, 397), (48,), (2.5,), (48,), (2.75,))
('K.90 Musicalion', 'P1', 1, (468, 470), (63,), (2.5,), (63,), (2.75,))
('K.90 Musicalion', 'P1', 1, (530, 532), (76,), (2.5,), (76,), (2.75,))
('K.90 Musicalion', 'P1', 1, (535, 537), (77,), (2.5,), (77,), (2.75,))
('K.90 Musicalion', 'P1', 1, (690, 692), (109,), (2.5,), (109,), (2.75,))
('K.90 Musicalion', 'P1', 1, (800, 802), (130,), (2.5,), (130,), (2.75,))
('K.90 Musicalion', 'P1', 1, (860, 862), (141,), (2.5,), (141,), (2.75,))
('K.90 Musicalion', 'P1', 1, (868, 870), (142,), (2.5,), (142,), (2.75,))
('K.90 Musicalion', 'P1', 1, (976, 978), (162,), (2.5,), (162,), (2.75,))
('K.90 Musicalion', 'P1', 3, (53, 55), (7,), (2.5,), (7,), (2.75,))

56.    ((2, -6), (0.5, 0.5), (2, 1), (0.5, 0.0)):
('K.90 Musicalion', 'P1', 1, (308, 310), (30,), (2.5,), (31,), (1.0,))
('K.90 Musicalion', 'P1', 1, (316, 318), (32,), (2.5,), (33,), (1.0,))
('K.90 Musicalion', 'P1', 1, (597, 599), (92,), (2.5,), (93,), (1.0,))
('K.90 Musicalion', 'P1', 1, (605, 607), (94,), (2.5,), (95,), (1.0,))
('K.90 Musicalion', 'P1', 3, (252, 254), (39,), (2.5,), (40,), (1.0,))
('K.90 Musicalion', 'P1', 3, (331, 333), (61,), (2.5,), (62,), (1.0,))
('K.90 Musicalion', 'P1', 3, (400, 402), (83,), (2.5,), (84,), (1.0,))
('K.90 Musicalion', 'P1', 3, (602, 604), (139,), (2.5,), (140,), (1.0,))
('K.90 Musicalion', 'P1', 3, (685, 687), (160,), (2.5,), (161,), (1.0,))

57.    ((-2, -2), (0.5, 0.5), (2, 2), (0.0, 0.5)):
('K.90 Musicalion', 'P1', 1, (324, 326), (34,), (2.0,), (34,), (2.5,))
('K.90 Musicalion', 'P1', 1, (613, 615), (96,), (2.0,), (96,), (2.5,))
('K.90 Musicalion', 'P1', 3, (62, 64), (8,), (2.0,), (8,), (2.5,))
('K.90 Musicalion', 'P1', 3, (348, 350), (67,), (2.0,), (67,), (2.5,))
('K.90 Musicalion', 'P1', 3, (455, 457), (101,), (2.0,), (101,), (2.5,))
('K.90 Musicalion', 'P1', 3, (471, 473), (105,), (2.0,), (105,), (2.5,))
('K.90 Musicalion', 'P1', 3, (533, 535), (121,), (2.0,), (121,), (2.5,))

58.    ((2, -2), (0.5, 0.5), (2, 1), (0.5, 0.0)):
('K.90 Musicalion', 'P1', 1, (320, 322), (33,), (2.5,), (34,), (1.0,))
('K.90 Musicalion', 'P1', 1, (609, 611), (95,), (2.5,), (96,), (1.0,))
('K.90 Musicalion', 'P1', 3, (279, 281), (48,), (2.5,), (49,), (1.0,))
('K.90 Musicalion', 'P1', 3, (283, 285), (49,), (2.5,), (50,), (1.0,))
('K.90 Musicalion', 'P1', 3, (287, 289), (50,), (2.5,), (51,), (1.0,))
('K.90 Musicalion', 'P1', 3, (404, 406), (84,), (2.5,), (85,), (1.0,))

59.    ((-2, -2), (0.5, 0.5), (4, 4), (0.0, 0.5)):
('K.90 Musicalion', 'P1', 1, (138, 140), (11,), (4.0,), (11,), (4.5,))
('K.90 Musicalion', 'P1', 1, (156, 158), (12,), (4.0,), (12,), (4.5,))
('K.90 Musicalion', 'P1', 1, (282, 284), (25,), (4.0,), (25,), (4.5,))
('K.90 Musicalion', 'P1', 3, (66, 68), (8,), (4.0,), (8,), (4.5,))
('K.90 Musicalion', 'P1', 3, (146, 148), (18,), (4.0,), (18,), (4.5,))

60.    ((2, 2), (1.0, 1.0), (1, 2), (0.0, 0.0)):
('K.90 Musicalion', 'P1', 1, (1083, 1085), (177,), (1.0,), (177,), (2.0,))
('K.90 Musicalion', 'P1', 1, (1125, 1127), (181,), (1.0,), (181,), (2.0,))
('K.90 Musicalion', 'P1', 3, (336, 338), (63,), (1.0,), (63,), (2.0,))
('K.90 Musicalion', 'P1', 3, (485, 487), (109,), (1.0,), (109,), (2.0,))
('K.90 Musicalion', 'P1', 3, (838, 840), (214,), (1.0,), (214,), (2.0,))

61.    ((3, 3), (0.12, 0.12), (3, 3), (0.0, 0.12)):
('K.90 Musicalion', 'P1', 1, (55, 57), (5,), (3.0,), (5,), (3.12,))
('K.90 Musicalion', 'P1', 1, (167, 169), (14,), (3.0,), (14,), (3.12,))
('K.90 Musicalion', 'P1', 1, (218, 220), (18,), (3.0,), (18,), (3.12,))
('K.90 Musicalion', 'P1', 1, (244, 246), (21,), (3.0,), (21,), (3.12,))

62.    ((2, 2), (0.12, 0.12), (1, 1), (0.0, 0.12)):
('K.90 Musicalion', 'P1', 1, (230, 232), (20,), (1.0,), (20,), (1.12,))
('K.90 Musicalion', 'P1', 1, (267, 269), (24,), (1.0,), (24,), (1.12,))
('K.90 Musicalion', 'P1', 1, (288, 290), (27,), (1.0,), (27,), (1.12,))
('K.90 Musicalion', 'P1', 1, (397, 399), (49,), (1.0,), (49,), (1.12,))

63.    ((3, 3), (0.12, 0.12), (1, 1), (0.0, 0.12)):
('K.90 Musicalion', 'P1', 1, (11, 13), (2,), (1.0,), (2,), (1.12,))
('K.90 Musicalion', 'P1', 1, (31, 33), (4,), (1.0,), (4,), (1.12,))
('K.90 Musicalion', 'P1', 1, (158, 160), (13,), (1.0,), (13,), (1.12,))

64.    ((2, 2), (0.25, 0.25), (1, 1), (0.0, 0.25)):
('K.90 Musicalion', 'P1', 1, (483, 485), (67,), (1.0,), (67,), (1.25,))
('K.90 Musicalion', 'P1', 1, (532, 534), (77,), (1.0,), (77,), (1.25,))
('K.90 Musicalion', 'P1', 1, (899, 901), (148,), (1.0,), (148,), (1.25,))

65.    ((2, 2), (0.25, 0.25), (1, 1), (0.5, 0.75)):
('K.90 Musicalion', 'P1', 1, (752, 754), (122,), (1.5,), (122,), (1.75,))
('K.90 Musicalion', 'P1', 1, (779, 781), (126,), (1.5,), (126,), (1.75,))
('K.90 Musicalion', 'P1', 3, (1, 3), (1,), (1.5,), (1,), (1.75,))

66.    ((1, -2), (0.5, 0.5), (2, 1), (0.5, 0.0)):
('K.90 Musicalion', 'P1', 1, (416, 418), (52,), (2.5,), (53,), (1.0,))
('K.90 Musicalion', 'P1', 1, (755, 757), (122,), (2.5,), (123,), (1.0,))

67.    ((4, -2), (1.0, 0.5), (1, 2), (0.5, 0.5)):
('K.90 Musicalion', 'P1', 1, (418, 420), (53,), (1.5,), (53,), (2.5,))
('K.90 Musicalion', 'P1', 1, (481, 483), (66,), (1.5,), (66,), (2.5,))

68.    ((2, -2), (0.25, 0.25), (2, 2), (0.25, 0.5)):
('K.90 Musicalion', 'P1', 1, (805, 807), (131,), (2.25,), (131,), (2.5,))
('K.90 Musicalion', 'P1', 1, (875, 877), (143,), (2.25,), (143,), (2.5,))

69.    ((-4, -5), (3.0, 3.0), (1, 4), (0.0, 0.0)):
('K.90 Musicalion', 'P1', 1, (1003, 1005), (169,), (1.0,), (169,), (4.0,))
('K.90 Musicalion', 'P1', 1, (1075, 1077), (176,), (1.0,), (176,), (4.0,))

70.    ((-5, 2), (0.5, 0.5), (1, 1), (0.0, 0.5)):
('K.90 Musicalion', 'P1', 1, (571, 573), (86,), (1.0,), (86,), (1.5,))
('K.90 Musicalion', 'P1', 3, (41, 43), (6,), (1.0,), (6,), (1.5,))

71.    ((3, 2), (0.5, 0.5), (1, 1), (0.0, 0.5)):
('K.90 Musicalion', 'P1', 3, (33, 35), (5,), (1.0,), (5,), (1.5,))
('K.90 Musicalion', 'P1', 3, (693, 695), (163,), (1.0,), (163,), (1.5,))

72.    ((-4, 2), (0.5, 0.5), (1, 2), (0.5, 0.0)):
('K.90 Musicalion', 'P1', 3, (141, 143), (18,), (1.5,), (18,), (2.0,))
('K.90 Musicalion', 'P1', 3, (277, 279), (48,), (1.5,), (48,), (2.0,))

73.    ((-4, -5), (1.5, 0.5), (1, 2), (0.0, 0.5)):
('K.90 Musicalion', 'P1', 3, (224, 226), (30,), (1.0,), (30,), (2.5,))
('K.90 Musicalion', 'P1', 3, (428, 430), (92,), (1.0,), (92,), (2.5,))

74.    ((3, -3), (0.5, 0.5), (1, 1), (0.0, 0.5)):
('K.90 Musicalion', 'P1', 3, (491, 493), (111,), (1.0,), (111,), (1.5,))
('K.90 Musicalion', 'P1', 3, (650, 652), (152,), (1.0,), (152,), (1.5,))

75.    ((-2, 2), (3.0, 3.0), (1, 4), (0.0, 0.0)):
('K.90 Musicalion', 'P1', 3, (718, 720), (169,), (1.0,), (169,), (4.0,))
('K.90 Musicalion', 'P1', 3, (745, 747), (176,), (1.0,), (176,), (4.0,))

76.    ((-3, 4), (3.0, 3.0), (7, 10), (0.0, 0.0)):
('K.90 Musicalion', 'P1', 3, (751, 753), (177,), (7.0,), (177,), (10.0,))
('K.90 Musicalion', 'P1', 3, (771, 773), (182,), (7.0,), (182,), (10.0,))

77.    ((2,), (0.5,), (2,), (0.5,)):
('K.90 Musicalion', 'P1', 1, (24, 25), (3,), (2.5,), (3,), (2.5,))
('K.90 Musicalion', 'P1', 1, (291, 292), (27,), (2.5,), (27,), (2.5,))
('K.90 Musicalion', 'P1', 1, (312, 313), (31,), (2.5,), (31,), (2.5,))
('K.90 Musicalion', 'P1', 1, (329, 330), (35,), (2.5,), (35,), (2.5,))
('K.90 Musicalion', 'P1', 1, (340, 341), (37,), (2.5,), (37,), (2.5,))
('K.90 Musicalion', 'P1', 1, (366, 367), (42,), (2.5,), (42,), (2.5,))
('K.90 Musicalion', 'P1', 1, (436, 437), (57,), (2.5,), (57,), (2.5,))
('K.90 Musicalion', 'P1', 1, (447, 448), (59,), (2.5,), (59,), (2.5,))
('K.90 Musicalion', 'P1', 1, (473, 474), (64,), (2.5,), (64,), (2.5,))
('K.90 Musicalion', 'P1', 1, (601, 602), (93,), (2.5,), (93,), (2.5,))
('K.90 Musicalion', 'P1', 1, (618, 619), (97,), (2.5,), (97,), (2.5,))
('K.90 Musicalion', 'P1', 1, (629, 630), (99,), (2.5,), (99,), (2.5,))
('K.90 Musicalion', 'P1', 1, (981, 982), (163,), (2.5,), (163,), (2.5,))
('K.90 Musicalion', 'P1', 3, (20, 21), (3,), (2.5,), (3,), (2.5,))
('K.90 Musicalion', 'P1', 3, (28, 29), (4,), (2.5,), (4,), (2.5,))
('K.90 Musicalion', 'P1', 3, (36, 37), (5,), (2.5,), (5,), (2.5,))
('K.90 Musicalion', 'P1', 3, (71, 72), (9,), (2.5,), (9,), (2.5,))
('K.90 Musicalion', 'P1', 3, (79, 80), (10,), (2.5,), (10,), (2.5,))
('K.90 Musicalion', 'P1', 3, (95, 96), (12,), (2.5,), (12,), (2.5,))
('K.90 Musicalion', 'P1', 3, (215, 216), (27,), (2.5,), (27,), (2.5,))
('K.90 Musicalion', 'P1', 3, (227, 228), (31,), (2.5,), (31,), (2.5,))
('K.90 Musicalion', 'P1', 3, (229, 230), (32,), (2.5,), (32,), (2.5,))
('K.90 Musicalion', 'P1', 3, (231, 232), (33,), (2.5,), (33,), (2.5,))
('K.90 Musicalion', 'P1', 3, (256, 257), (40,), (2.5,), (40,), (2.5,))
('K.90 Musicalion', 'P1', 3, (267, 268), (44,), (2.5,), (44,), (2.5,))
('K.90 Musicalion', 'P1', 3, (273, 274), (46,), (2.5,), (46,), (2.5,))
('K.90 Musicalion', 'P1', 3, (299, 300), (53,), (2.5,), (53,), (2.5,))
('K.90 Musicalion', 'P1', 3, (335, 336), (62,), (2.5,), (62,), (2.5,))
('K.90 Musicalion', 'P1', 3, (345, 346), (66,), (2.5,), (66,), (2.5,))
('K.90 Musicalion', 'P1', 3, (353, 354), (68,), (2.5,), (68,), (2.5,))
('K.90 Musicalion', 'P1', 3, (357, 358), (70,), (2.5,), (70,), (2.5,))
('K.90 Musicalion', 'P1', 3, (363, 364), (72,), (2.5,), (72,), (2.5,))
('K.90 Musicalion', 'P1', 3, (380, 381), (78,), (2.5,), (78,), (2.5,))
('K.90 Musicalion', 'P1', 3, (408, 409), (85,), (2.5,), (85,), (2.5,))
('K.90 Musicalion', 'P1', 3, (412, 413), (86,), (2.5,), (86,), (2.5,))
('K.90 Musicalion', 'P1', 3, (416, 417), (87,), (2.5,), (87,), (2.5,))
('K.90 Musicalion', 'P1', 3, (431, 432), (93,), (2.5,), (93,), (2.5,))
('K.90 Musicalion', 'P1', 3, (433, 434), (94,), (2.5,), (94,), (2.5,))
('K.90 Musicalion', 'P1', 3, (435, 436), (95,), (2.5,), (95,), (2.5,))
('K.90 Musicalion', 'P1', 3, (480, 481), (107,), (2.5,), (107,), (2.5,))
('K.90 Musicalion', 'P1', 3, (484, 485), (108,), (2.5,), (108,), (2.5,))
('K.90 Musicalion', 'P1', 3, (490, 491), (110,), (2.5,), (110,), (2.5,))
('K.90 Musicalion', 'P1', 3, (538, 539), (122,), (2.5,), (122,), (2.5,))
('K.90 Musicalion', 'P1', 3, (574, 575), (132,), (2.5,), (132,), (2.5,))
('K.90 Musicalion', 'P1', 3, (582, 583), (134,), (2.5,), (134,), (2.5,))
('K.90 Musicalion', 'P1', 3, (609, 610), (141,), (2.5,), (141,), (2.5,))
('K.90 Musicalion', 'P1', 3, (613, 614), (142,), (2.5,), (142,), (2.5,))
('K.90 Musicalion', 'P1', 3, (637, 638), (148,), (2.5,), (148,), (2.5,))
('K.90 Musicalion', 'P1', 3, (641, 642), (149,), (2.5,), (149,), (2.5,))
('K.90 Musicalion', 'P1', 3, (657, 658), (153,), (2.5,), (153,), (2.5,))
('K.90 Musicalion', 'P1', 3, (665, 666), (155,), (2.5,), (155,), (2.5,))
('K.90 Musicalion', 'P1', 3, (689, 690), (161,), (2.5,), (161,), (2.5,))
('K.90 Musicalion', 'P1', 3, (696, 697), (163,), (2.5,), (163,), (2.5,))
('K.90 Musicalion', 'P1', 3, (700, 701), (164,), (2.5,), (164,), (2.5,))

78.    ((2,), (0.5,), (1,), (0.5,)):
('K.90 Musicalion', 'P1', 1, (693, 694), (110,), (1.5,), (110,), (1.5,))
('K.90 Musicalion', 'P1', 3, (34, 35), (5,), (1.5,), (5,), (1.5,))
('K.90 Musicalion', 'P1', 3, (77, 78), (10,), (1.5,), (10,), (1.5,))
('K.90 Musicalion', 'P1', 3, (85, 86), (11,), (1.5,), (11,), (1.5,))
('K.90 Musicalion', 'P1', 3, (101, 102), (13,), (1.5,), (13,), (1.5,))
('K.90 Musicalion', 'P1', 3, (109, 110), (14,), (1.5,), (14,), (1.5,))
('K.90 Musicalion', 'P1', 3, (117, 118), (15,), (1.5,), (15,), (1.5,))
('K.90 Musicalion', 'P1', 3, (125, 126), (16,), (1.5,), (16,), (1.5,))
('K.90 Musicalion', 'P1', 3, (133, 134), (17,), (1.5,), (17,), (1.5,))
('K.90 Musicalion', 'P1', 3, (173, 174), (22,), (1.5,), (22,), (1.5,))
('K.90 Musicalion', 'P1', 3, (181, 182), (23,), (1.5,), (23,), (1.5,))
('K.90 Musicalion', 'P1', 3, (197, 198), (25,), (1.5,), (25,), (1.5,))
('K.90 Musicalion', 'P1', 3, (205, 206), (26,), (1.5,), (26,), (1.5,))
('K.90 Musicalion', 'P1', 3, (213, 214), (27,), (1.5,), (27,), (1.5,))
('K.90 Musicalion', 'P1', 3, (250, 251), (39,), (1.5,), (39,), (1.5,))
('K.90 Musicalion', 'P1', 3, (254, 255), (40,), (1.5,), (40,), (1.5,))
('K.90 Musicalion', 'P1', 3, (261, 262), (42,), (1.5,), (42,), (1.5,))
('K.90 Musicalion', 'P1', 3, (281, 282), (49,), (1.5,), (49,), (1.5,))
('K.90 Musicalion', 'P1', 3, (285, 286), (50,), (1.5,), (50,), (1.5,))
('K.90 Musicalion', 'P1', 3, (329, 330), (61,), (1.5,), (61,), (1.5,))
('K.90 Musicalion', 'P1', 3, (333, 334), (62,), (1.5,), (62,), (1.5,))
('K.90 Musicalion', 'P1', 3, (339, 340), (64,), (1.5,), (64,), (1.5,))
('K.90 Musicalion', 'P1', 3, (351, 352), (68,), (1.5,), (68,), (1.5,))
('K.90 Musicalion', 'P1', 3, (398, 399), (83,), (1.5,), (83,), (1.5,))
('K.90 Musicalion', 'P1', 3, (402, 403), (84,), (1.5,), (84,), (1.5,))
('K.90 Musicalion', 'P1', 3, (418, 419), (88,), (1.5,), (88,), (1.5,))
('K.90 Musicalion', 'P1', 3, (478, 479), (107,), (1.5,), (107,), (1.5,))
('K.90 Musicalion', 'P1', 3, (482, 483), (108,), (1.5,), (108,), (1.5,))
('K.90 Musicalion', 'P1', 3, (600, 601), (139,), (1.5,), (139,), (1.5,))
('K.90 Musicalion', 'P1', 3, (604, 605), (140,), (1.5,), (140,), (1.5,))
('K.90 Musicalion', 'P1', 3, (619, 620), (144,), (1.5,), (144,), (1.5,))
('K.90 Musicalion', 'P1', 3, (683, 684), (160,), (1.5,), (160,), (1.5,))
('K.90 Musicalion', 'P1', 3, (687, 688), (161,), (1.5,), (161,), (1.5,))
('K.90 Musicalion', 'P1', 3, (694, 695), (163,), (1.5,), (163,), (1.5,))
('K.90 Musicalion', 'P1', 3, (702, 703), (165,), (1.5,), (165,), (1.5,))

79.    ((-2,), (0.5,), (2,), (0.5,)):
('K.90 Musicalion', 'P1', 1, (2, 3), (1,), (2.5,), (1,), (2.5,))
('K.90 Musicalion', 'P1', 1, (217, 218), (18,), (2.5,), (18,), (2.5,))
('K.90 Musicalion', 'P1', 1, (285, 286), (26,), (2.5,), (26,), (2.5,))
('K.90 Musicalion', 'P1', 1, (351, 352), (39,), (2.5,), (39,), (2.5,))
('K.90 Musicalion', 'P1', 1, (419, 420), (53,), (2.5,), (53,), (2.5,))
('K.90 Musicalion', 'P1', 1, (458, 459), (61,), (2.5,), (61,), (2.5,))
('K.90 Musicalion', 'P1', 1, (482, 483), (66,), (2.5,), (66,), (2.5,))
('K.90 Musicalion', 'P1', 1, (491, 492), (68,), (2.5,), (68,), (2.5,))
('K.90 Musicalion', 'P1', 3, (12, 13), (2,), (2.5,), (2,), (2.5,))
('K.90 Musicalion', 'P1', 3, (159, 160), (20,), (2.5,), (20,), (2.5,))
('K.90 Musicalion', 'P1', 3, (291, 292), (51,), (2.5,), (51,), (2.5,))
('K.90 Musicalion', 'P1', 3, (303, 304), (54,), (2.5,), (54,), (2.5,))
('K.90 Musicalion', 'P1', 3, (460, 461), (102,), (2.5,), (102,), (2.5,))
('K.90 Musicalion', 'P1', 3, (464, 465), (103,), (2.5,), (103,), (2.5,))
('K.90 Musicalion', 'P1', 3, (468, 469), (104,), (2.5,), (104,), (2.5,))
('K.90 Musicalion', 'P1', 3, (476, 477), (106,), (2.5,), (106,), (2.5,))
('K.90 Musicalion', 'P1', 3, (526, 527), (119,), (2.5,), (119,), (2.5,))
('K.90 Musicalion', 'P1', 3, (530, 531), (120,), (2.5,), (120,), (2.5,))
('K.90 Musicalion', 'P1', 3, (544, 545), (124,), (2.5,), (124,), (2.5,))
('K.90 Musicalion', 'P1', 3, (548, 549), (125,), (2.5,), (125,), (2.5,))
('K.90 Musicalion', 'P1', 3, (570, 571), (131,), (2.5,), (131,), (2.5,))
('K.90 Musicalion', 'P1', 3, (578, 579), (133,), (2.5,), (133,), (2.5,))
('K.90 Musicalion', 'P1', 3, (617, 618), (143,), (2.5,), (143,), (2.5,))
('K.90 Musicalion', 'P1', 3, (653, 654), (152,), (2.5,), (152,), (2.5,))
('K.90 Musicalion', 'P1', 3, (661, 662), (154,), (2.5,), (154,), (2.5,))
('K.90 Musicalion', 'P1', 3, (786, 787), (187,), (2.5,), (187,), (2.5,))

80.    ((1,), (0.5,), (1,), (0.0,)):
('K.90 Musicalion', 'P1', 1, (697, 698), (111,), (1.0,), (111,), (1.0,))
('K.90 Musicalion', 'P1', 3, (219, 220), (28,), (1.0,), (28,), (1.0,))
('K.90 Musicalion', 'P1', 3, (296, 297), (53,), (1.0,), (53,), (1.0,))
('K.90 Musicalion', 'P1', 3, (300, 301), (54,), (1.0,), (54,), (1.0,))
('K.90 Musicalion', 'P1', 3, (304, 305), (55,), (1.0,), (55,), (1.0,))
('K.90 Musicalion', 'P1', 3, (308, 309), (56,), (1.0,), (56,), (1.0,))
('K.90 Musicalion', 'P1', 3, (495, 496), (112,), (1.0,), (112,), (1.0,))
('K.90 Musicalion', 'P1', 3, (499, 500), (113,), (1.0,), (113,), (1.0,))
('K.90 Musicalion', 'P1', 3, (503, 504), (114,), (1.0,), (114,), (1.0,))
('K.90 Musicalion', 'P1', 3, (507, 508), (115,), (1.0,), (115,), (1.0,))
('K.90 Musicalion', 'P1', 3, (511, 512), (116,), (1.0,), (116,), (1.0,))
('K.90 Musicalion', 'P1', 3, (515, 516), (117,), (1.0,), (117,), (1.0,))
('K.90 Musicalion', 'P1', 3, (519, 520), (118,), (1.0,), (118,), (1.0,))
('K.90 Musicalion', 'P1', 3, (545, 546), (125,), (1.0,), (125,), (1.0,))
('K.90 Musicalion', 'P1', 3, (571, 572), (132,), (1.0,), (132,), (1.0,))
('K.90 Musicalion', 'P1', 3, (575, 576), (133,), (1.0,), (133,), (1.0,))
('K.90 Musicalion', 'P1', 3, (579, 580), (134,), (1.0,), (134,), (1.0,))
('K.90 Musicalion', 'P1', 3, (618, 619), (144,), (1.0,), (144,), (1.0,))
('K.90 Musicalion', 'P1', 3, (622, 623), (145,), (1.0,), (145,), (1.0,))
('K.90 Musicalion', 'P1', 3, (630, 631), (147,), (1.0,), (147,), (1.0,))
('K.90 Musicalion', 'P1', 3, (638, 639), (149,), (1.0,), (149,), (1.0,))
('K.90 Musicalion', 'P1', 3, (642, 643), (150,), (1.0,), (150,), (1.0,))
('K.90 Musicalion', 'P1', 3, (654, 655), (153,), (1.0,), (153,), (1.0,))
('K.90 Musicalion', 'P1', 3, (658, 659), (154,), (1.0,), (154,), (1.0,))
('K.90 Musicalion', 'P1', 3, (662, 663), (155,), (1.0,), (155,), (1.0,))
('K.90 Musicalion', 'P1', 3, (666, 667), (156,), (1.0,), (156,), (1.0,))

81.    ((4,), (0.5,), (2,), (0.5,)):
('K.90 Musicalion', 'P1', 1, (1001, 1002), (167,), (2.5,), (167,), (2.5,))
('K.90 Musicalion', 'P1', 3, (44, 45), (6,), (2.5,), (6,), (2.5,))
('K.90 Musicalion', 'P1', 3, (103, 104), (13,), (2.5,), (13,), (2.5,))
('K.90 Musicalion', 'P1', 3, (111, 112), (14,), (2.5,), (14,), (2.5,))
('K.90 Musicalion', 'P1', 3, (151, 152), (19,), (2.5,), (19,), (2.5,))
('K.90 Musicalion', 'P1', 3, (183, 184), (23,), (2.5,), (23,), (2.5,))
('K.90 Musicalion', 'P1', 3, (199, 200), (25,), (2.5,), (25,), (2.5,))
('K.90 Musicalion', 'P1', 3, (207, 208), (26,), (2.5,), (26,), (2.5,))
('K.90 Musicalion', 'P1', 3, (236, 237), (35,), (2.5,), (35,), (2.5,))
('K.90 Musicalion', 'P1', 3, (240, 241), (36,), (2.5,), (36,), (2.5,))
('K.90 Musicalion', 'P1', 3, (248, 249), (38,), (2.5,), (38,), (2.5,))
('K.90 Musicalion', 'P1', 3, (311, 312), (56,), (2.5,), (56,), (2.5,))
('K.90 Musicalion', 'P1', 3, (315, 316), (57,), (2.5,), (57,), (2.5,))
('K.90 Musicalion', 'P1', 3, (319, 320), (58,), (2.5,), (58,), (2.5,))
('K.90 Musicalion', 'P1', 3, (327, 328), (60,), (2.5,), (60,), (2.5,))
('K.90 Musicalion', 'P1', 3, (375, 376), (76,), (2.5,), (76,), (2.5,))
('K.90 Musicalion', 'P1', 3, (440, 441), (97,), (2.5,), (97,), (2.5,))
('K.90 Musicalion', 'P1', 3, (444, 445), (98,), (2.5,), (98,), (2.5,))
('K.90 Musicalion', 'P1', 3, (452, 453), (100,), (2.5,), (100,), (2.5,))
('K.90 Musicalion', 'P1', 3, (498, 499), (112,), (2.5,), (112,), (2.5,))
('K.90 Musicalion', 'P1', 3, (506, 507), (114,), (2.5,), (114,), (2.5,))
('K.90 Musicalion', 'P1', 3, (514, 515), (116,), (2.5,), (116,), (2.5,))
('K.90 Musicalion', 'P1', 3, (552, 553), (126,), (2.5,), (126,), (2.5,))
('K.90 Musicalion', 'P1', 3, (625, 626), (145,), (2.5,), (145,), (2.5,))
('K.90 Musicalion', 'P1', 3, (633, 634), (147,), (2.5,), (147,), (2.5,))
('K.90 Musicalion', 'P1', 3, (649, 650), (151,), (2.5,), (151,), (2.5,))

82.    ((-2,), (0.5,), (1,), (0.0,)):
('K.90 Musicalion', 'P1', 1, (417, 418), (53,), (1.0,), (53,), (1.0,))
('K.90 Musicalion', 'P1', 1, (542, 543), (79,), (1.0,), (79,), (1.0,))
('K.90 Musicalion', 'P1', 1, (756, 757), (123,), (1.0,), (123,), (1.0,))
('K.90 Musicalion', 'P1', 3, (25, 26), (4,), (1.0,), (4,), (1.0,))
('K.90 Musicalion', 'P1', 3, (50, 51), (7,), (1.0,), (7,), (1.0,))
('K.90 Musicalion', 'P1', 3, (76, 77), (10,), (1.0,), (10,), (1.0,))
('K.90 Musicalion', 'P1', 3, (164, 165), (21,), (1.0,), (21,), (1.0,))
('K.90 Musicalion', 'P1', 3, (292, 293), (52,), (1.0,), (52,), (1.0,))
('K.90 Musicalion', 'P1', 3, (457, 458), (102,), (1.0,), (102,), (1.0,))
('K.90 Musicalion', 'P1', 3, (461, 462), (103,), (1.0,), (103,), (1.0,))
('K.90 Musicalion', 'P1', 3, (465, 466), (104,), (1.0,), (104,), (1.0,))
('K.90 Musicalion', 'P1', 3, (473, 474), (106,), (1.0,), (106,), (1.0,))
('K.90 Musicalion', 'P1', 3, (535, 536), (122,), (1.0,), (122,), (1.0,))
('K.90 Musicalion', 'P1', 3, (549, 550), (126,), (1.0,), (126,), (1.0,))
('K.90 Musicalion', 'P1', 3, (783, 784), (187,), (1.0,), (187,), (1.0,))

83.    ((-5,), (0.5,), (1,), (0.5,)):
('K.90 Musicalion', 'P1', 1, (306, 307), (30,), (1.5,), (30,), (1.5,))
('K.90 Musicalion', 'P1', 1, (310, 311), (31,), (1.5,), (31,), (1.5,))
('K.90 Musicalion', 'P1', 1, (314, 315), (32,), (1.5,), (32,), (1.5,))
('K.90 Musicalion', 'P1', 1, (318, 319), (33,), (1.5,), (33,), (1.5,))
('K.90 Musicalion', 'P1', 1, (368, 369), (43,), (1.5,), (43,), (1.5,))
('K.90 Musicalion', 'P1', 1, (493, 494), (69,), (1.5,), (69,), (1.5,))
('K.90 Musicalion', 'P1', 1, (595, 596), (92,), (1.5,), (92,), (1.5,))
('K.90 Musicalion', 'P1', 1, (599, 600), (93,), (1.5,), (93,), (1.5,))
('K.90 Musicalion', 'P1', 1, (603, 604), (94,), (1.5,), (94,), (1.5,))
('K.90 Musicalion', 'P1', 1, (607, 608), (95,), (1.5,), (95,), (1.5,))
('K.90 Musicalion', 'P1', 3, (691, 692), (162,), (1.5,), (162,), (1.5,))

84.    ((-2,), (0.5,), (4,), (0.5,)):
('K.90 Musicalion', 'P1', 1, (10, 11), (1,), (4.5,), (1,), (4.5,))
('K.90 Musicalion', 'P1', 1, (22, 23), (2,), (4.5,), (2,), (4.5,))
('K.90 Musicalion', 'P1', 1, (69, 70), (6,), (4.5,), (6,), (4.5,))
('K.90 Musicalion', 'P1', 1, (92, 93), (8,), (4.5,), (8,), (4.5,))
('K.90 Musicalion', 'P1', 1, (237, 238), (20,), (4.5,), (20,), (4.5,))
('K.90 Musicalion', 'P1', 1, (256, 257), (22,), (4.5,), (22,), (4.5,))
('K.90 Musicalion', 'P1', 3, (16, 17), (2,), (4.5,), (2,), (4.5,))
('K.90 Musicalion', 'P1', 3, (75, 76), (9,), (4.5,), (9,), (4.5,))
('K.90 Musicalion', 'P1', 3, (163, 164), (20,), (4.5,), (20,), (4.5,))
('K.90 Musicalion', 'P1', 3, (179, 180), (22,), (4.5,), (22,), (4.5,))

85.    ((-8,), (0.5,), (1,), (0.0,)):
('K.90 Musicalion', 'P1', 1, (0, 1), (1,), (1.0,), (1,), (1.0,))
('K.90 Musicalion', 'P1', 3, (0, 1), (1,), (1.0,), (1,), (1.0,))
('K.90 Musicalion', 'P1', 3, (68, 69), (9,), (1.0,), (9,), (1.0,))
('K.90 Musicalion', 'P1', 3, (92, 93), (12,), (1.0,), (12,), (1.0,))
('K.90 Musicalion', 'P1', 3, (188, 189), (24,), (1.0,), (24,), (1.0,))
('K.90 Musicalion', 'P1', 3, (212, 213), (27,), (1.0,), (27,), (1.0,))
('K.90 Musicalion', 'P1', 3, (346, 347), (67,), (1.0,), (67,), (1.0,))
('K.90 Musicalion', 'P1', 3, (350, 351), (68,), (1.0,), (68,), (1.0,))
('K.90 Musicalion', 'P1', 3, (381, 382), (79,), (1.0,), (79,), (1.0,))

86.    ((-2,), (0.5,), (1,), (0.5,)):
('K.90 Musicalion', 'P1', 1, (73, 74), (7,), (1.5,), (7,), (1.5,))
('K.90 Musicalion', 'P1', 1, (213, 214), (18,), (1.5,), (18,), (1.5,))
('K.90 Musicalion', 'P1', 1, (554, 555), (82,), (1.5,), (82,), (1.5,))
('K.90 Musicalion', 'P1', 3, (26, 27), (4,), (1.5,), (4,), (1.5,))
('K.90 Musicalion', 'P1', 3, (149, 150), (19,), (1.5,), (19,), (1.5,))
('K.90 Musicalion', 'P1', 3, (165, 166), (21,), (1.5,), (21,), (1.5,))
('K.90 Musicalion', 'P1', 3, (406, 407), (85,), (1.5,), (85,), (1.5,))
('K.90 Musicalion', 'P1', 3, (536, 537), (122,), (1.5,), (122,), (1.5,))
('K.90 Musicalion', 'P1', 3, (550, 551), (126,), (1.5,), (126,), (1.5,))

87.    ((-2,), (1.0,), (4,), (0.0,)):
('K.90 Musicalion', 'P1', 1, (287, 288), (26,), (4.0,), (26,), (4.0,))
('K.90 Musicalion', 'P1', 1, (1014, 1015), (170,), (4.0,), (170,), (4.0,))
('K.90 Musicalion', 'P1', 1, (1047, 1048), (173,), (4.0,), (173,), (4.0,))
('K.90 Musicalion', 'P1', 1, (1059, 1060), (174,), (4.0,), (174,), (4.0,))
('K.90 Musicalion', 'P1', 1, (1071, 1072), (175,), (4.0,), (175,), (4.0,))
('K.90 Musicalion', 'P1', 1, (1086, 1087), (177,), (4.0,), (177,), (4.0,))
('K.90 Musicalion', 'P1', 1, (1116, 1117), (180,), (4.0,), (180,), (4.0,))
('K.90 Musicalion', 'P1', 1, (1128, 1129), (181,), (4.0,), (181,), (4.0,))
('K.90 Musicalion', 'P1', 3, (218, 219), (27,), (4.0,), (27,), (4.0,))

88.    ((-5,), (1.0,), (3,), (0.0,)):
('K.90 Musicalion', 'P1', 1, (1023, 1024), (171,), (3.0,), (171,), (3.0,))
('K.90 Musicalion', 'P1', 1, (1034, 1035), (172,), (3.0,), (172,), (3.0,))
('K.90 Musicalion', 'P1', 1, (1138, 1139), (182,), (3.0,), (182,), (3.0,))
('K.90 Musicalion', 'P1', 1, (1149, 1150), (183,), (3.0,), (183,), (3.0,))
('K.90 Musicalion', 'P1', 1, (1173, 1174), (188,), (3.0,), (188,), (3.0,))
('K.90 Musicalion', 'P1', 1, (1249, 1250), (208,), (3.0,), (208,), (3.0,))
('K.90 Musicalion', 'P1', 3, (777, 778), (184,), (3.0,), (184,), (3.0,))
('K.90 Musicalion', 'P1', 3, (787, 788), (187,), (3.0,), (187,), (3.0,))
('K.90 Musicalion', 'P1', 3, (840, 841), (214,), (3.0,), (214,), (3.0,))

89.    ((2,), (0.5,), (4,), (0.5,)):
('K.90 Musicalion', 'P1', 1, (80, 81), (7,), (4.5,), (7,), (4.5,))
('K.90 Musicalion', 'P1', 3, (24, 25), (3,), (4.5,), (3,), (4.5,))
('K.90 Musicalion', 'P1', 3, (40, 41), (5,), (4.5,), (5,), (4.5,))
('K.90 Musicalion', 'P1', 3, (59, 60), (7,), (4.5,), (7,), (4.5,))
('K.90 Musicalion', 'P1', 3, (123, 124), (15,), (4.5,), (15,), (4.5,))
('K.90 Musicalion', 'P1', 3, (131, 132), (16,), (4.5,), (16,), (4.5,))
('K.90 Musicalion', 'P1', 3, (211, 212), (26,), (4.5,), (26,), (4.5,))

90.    ((-4,), (0.5,), (1,), (0.0,)):
('K.90 Musicalion', 'P1', 1, (305, 306), (30,), (1.0,), (30,), (1.0,))
('K.90 Musicalion', 'P1', 1, (313, 314), (32,), (1.0,), (32,), (1.0,))
('K.90 Musicalion', 'P1', 1, (367, 368), (43,), (1.0,), (43,), (1.0,))
('K.90 Musicalion', 'P1', 1, (594, 595), (92,), (1.0,), (92,), (1.0,))
('K.90 Musicalion', 'P1', 1, (602, 603), (94,), (1.0,), (94,), (1.0,))
('K.90 Musicalion', 'P1', 3, (249, 250), (39,), (1.0,), (39,), (1.0,))
('K.90 Musicalion', 'P1', 3, (328, 329), (61,), (1.0,), (61,), (1.0,))

91.    ((6,), (0.5,), (1,), (0.0,)):
('K.90 Musicalion', 'P1', 1, (363, 364), (42,), (1.0,), (42,), (1.0,))
('K.90 Musicalion', 'P1', 1, (470, 471), (64,), (1.0,), (64,), (1.0,))
('K.90 Musicalion', 'P1', 1, (680, 681), (107,), (1.0,), (107,), (1.0,))
('K.90 Musicalion', 'P1', 1, (684, 685), (108,), (1.0,), (108,), (1.0,))
('K.90 Musicalion', 'P1', 1, (688, 689), (109,), (1.0,), (109,), (1.0,))
('K.90 Musicalion', 'P1', 1, (978, 979), (163,), (1.0,), (163,), (1.0,))
('K.90 Musicalion', 'P1', 3, (477, 478), (107,), (1.0,), (107,), (1.0,))

92.    ((-3,), (0.5,), (2,), (0.5,)):
('K.90 Musicalion', 'P1', 1, (379, 380), (45,), (2.5,), (45,), (2.5,))
('K.90 Musicalion', 'P1', 1, (389, 390), (47,), (2.5,), (47,), (2.5,))
('K.90 Musicalion', 'P1', 1, (504, 505), (71,), (2.5,), (71,), (2.5,))
('K.90 Musicalion', 'P1', 1, (514, 515), (73,), (2.5,), (73,), (2.5,))
('K.90 Musicalion', 'P1', 1, (524, 525), (75,), (2.5,), (75,), (2.5,))
('K.90 Musicalion', 'P1', 3, (494, 495), (111,), (2.5,), (111,), (2.5,))

93.    ((-6,), (0.5,), (1,), (0.0,)):
('K.90 Musicalion', 'P1', 1, (492, 493), (69,), (1.0,), (69,), (1.0,))
('K.90 Musicalion', 'P1', 3, (116, 117), (15,), (1.0,), (15,), (1.0,))
('K.90 Musicalion', 'P1', 3, (124, 125), (16,), (1.0,), (16,), (1.0,))
('K.90 Musicalion', 'P1', 3, (132, 133), (17,), (1.0,), (17,), (1.0,))
('K.90 Musicalion', 'P1', 3, (260, 261), (42,), (1.0,), (42,), (1.0,))
('K.90 Musicalion', 'P1', 3, (338, 339), (64,), (1.0,), (64,), (1.0,))

94.    ((-8,), (0.5,), (3,), (0.0,)):
('K.90 Musicalion', 'P1', 1, (67, 68), (6,), (3.0,), (6,), (3.0,))
('K.90 Musicalion', 'P1', 1, (90, 91), (8,), (3.0,), (8,), (3.0,))
('K.90 Musicalion', 'P1', 3, (45, 46), (6,), (3.0,), (6,), (3.0,))
('K.90 Musicalion', 'P1', 3, (136, 137), (17,), (3.0,), (17,), (3.0,))
('K.90 Musicalion', 'P1', 3, (160, 161), (20,), (3.0,), (20,), (3.0,))

95.    ((2,), (1.0,), (1,), (0.0,)):
('K.90 Musicalion', 'P1', 1, (1269, 1270), (214,), (1.0,), (214,), (1.0,))
('K.90 Musicalion', 'P1', 3, (232, 233), (34,), (1.0,), (34,), (1.0,))
('K.90 Musicalion', 'P1', 3, (376, 377), (77,), (1.0,), (77,), (1.0,))
('K.90 Musicalion', 'P1', 3, (436, 437), (96,), (1.0,), (96,), (1.0,))
('K.90 Musicalion', 'P1', 3, (812, 813), (202,), (1.0,), (202,), (1.0,))

96.    ((-2,), (0.25,), (4,), (0.75,)):
('K.90 Musicalion', 'P1', 1, (58, 59), (5,), (4.75,), (5,), (4.75,))
('K.90 Musicalion', 'P1', 1, (122, 123), (10,), (4.75,), (10,), (4.75,))
('K.90 Musicalion', 'P1', 1, (209, 210), (17,), (4.75,), (17,), (4.75,))
('K.90 Musicalion', 'P1', 1, (221, 222), (18,), (4.75,), (18,), (4.75,))

97.    ((3,), (0.5,), (4,), (0.0,)):
('K.90 Musicalion', 'P1', 1, (119, 120), (10,), (4.0,), (10,), (4.0,))
('K.90 Musicalion', 'P1', 3, (39, 40), (5,), (4.0,), (5,), (4.0,))
('K.90 Musicalion', 'P1', 3, (122, 123), (15,), (4.0,), (15,), (4.0,))
('K.90 Musicalion', 'P1', 3, (130, 131), (16,), (4.0,), (16,), (4.0,))

98.    ((2,), (0.25,), (3,), (0.75,)):
('K.90 Musicalion', 'P1', 1, (155, 156), (12,), (3.75,), (12,), (3.75,))
('K.90 Musicalion', 'P1', 1, (281, 282), (25,), (3.75,), (25,), (3.75,))
('K.90 Musicalion', 'P1', 3, (47, 48), (6,), (3.75,), (6,), (3.75,))
('K.90 Musicalion', 'P1', 3, (57, 58), (7,), (3.75,), (7,), (3.75,))

99.    ((-2,), (1.0,), (3,), (0.0,)):
('K.90 Musicalion', 'P1', 1, (286, 287), (26,), (3.0,), (26,), (3.0,))
('K.90 Musicalion', 'P1', 1, (1127, 1128), (181,), (3.0,), (181,), (3.0,))
('K.90 Musicalion', 'P1', 3, (809, 810), (200,), (3.0,), (200,), (3.0,))
('K.90 Musicalion', 'P1', 3, (832, 833), (212,), (3.0,), (212,), (3.0,))

100.    ((4,), (0.5,), (1,), (0.0,)):
('K.90 Musicalion', 'P1', 1, (692, 693), (110,), (1.0,), (110,), (1.0,))
('K.90 Musicalion', 'P1', 3, (148, 149), (19,), (1.0,), (19,), (1.0,))
('K.90 Musicalion', 'P1', 3, (409, 410), (86,), (1.0,), (86,), (1.0,))
('K.90 Musicalion', 'P1', 3, (487, 488), (110,), (1.0,), (110,), (1.0,))

101.    ((2,), (1.0,), (3,), (0.0,)):
('K.90 Musicalion', 'P1', 1, (1046, 1047), (173,), (3.0,), (173,), (3.0,))
('K.90 Musicalion', 'P1', 1, (1058, 1059), (174,), (3.0,), (174,), (3.0,))
('K.90 Musicalion', 'P1', 1, (1085, 1086), (177,), (3.0,), (177,), (3.0,))
('K.90 Musicalion', 'P1', 3, (782, 783), (186,), (3.0,), (186,), (3.0,))

102.    ((2,), (3.0,), (1,), (0.0,)):
('K.90 Musicalion', 'P1', 3, (773, 774), (183,), (1.0,), (183,), (1.0,))
('K.90 Musicalion', 'P1', 3, (805, 806), (197,), (1.0,), (197,), (1.0,))
('K.90 Musicalion', 'P1', 3, (806, 807), (198,), (1.0,), (198,), (1.0,))
('K.90 Musicalion', 'P1', 3, (818, 819), (206,), (1.0,), (206,), (1.0,))

103.    ((-2,), (0.5,), (3,), (0.5,)):
('K.90 Musicalion', 'P1', 1, (6, 7), (1,), (3.5,), (1,), (3.5,))
('K.90 Musicalion', 'P1', 1, (18, 19), (2,), (3.5,), (2,), (3.5,))
('K.90 Musicalion', 'P1', 3, (145, 146), (18,), (3.5,), (18,), (3.5,))

104.    ((8,), (1.0,), (2,), (0.0,)):
('K.90 Musicalion', 'P1', 1, (369, 370), (43,), (2.0,), (43,), (2.0,))
('K.90 Musicalion', 'P1', 1, (494, 495), (69,), (2.0,), (69,), (2.0,))
('K.90 Musicalion', 'P1', 3, (781, 782), (186,), (2.0,), (186,), (2.0,))

105.    ((4,), (0.5,), (1,), (0.5,)):
('K.90 Musicalion', 'P1', 1, (475, 476), (65,), (1.5,), (65,), (1.5,))
('K.90 Musicalion', 'P1', 3, (258, 259), (41,), (1.5,), (41,), (1.5,))
('K.90 Musicalion', 'P1', 3, (470, 471), (105,), (1.5,), (105,), (1.5,))

106.    ((-6,), (0.5,), (2,), (0.0,)):
('K.90 Musicalion', 'P1', 1, (754, 755), (122,), (2.0,), (122,), (2.0,))
('K.90 Musicalion', 'P1', 3, (70, 71), (9,), (2.0,), (9,), (2.0,))
('K.90 Musicalion', 'P1', 3, (94, 95), (12,), (2.0,), (12,), (2.0,))

107.    ((8,), (2.0,), (1,), (0.0,)):
('K.90 Musicalion', 'P1', 1, (1002, 1003), (168,), (1.0,), (168,), (1.0,))
('K.90 Musicalion', 'P1', 3, (717, 718), (168,), (1.0,), (168,), (1.0,))
('K.90 Musicalion', 'P1', 3, (778, 779), (185,), (1.0,), (185,), (1.0,))

108.    ((-5,), (3.0,), (4,), (0.0,)):
('K.90 Musicalion', 'P1', 1, (1004, 1005), (169,), (4.0,), (169,), (4.0,))
('K.90 Musicalion', 'P1', 1, (1076, 1077), (176,), (4.0,), (176,), (4.0,))
('K.90 Musicalion', 'P1', 3, (774, 775), (183,), (4.0,), (183,), (4.0,))

109.    ((3,), (1.0,), (1,), (0.0,)):
('K.90 Musicalion', 'P1', 1, (1210, 1211), (199,), (1.0,), (199,), (1.0,))
('K.90 Musicalion', 'P1', 1, (1224, 1225), (203,), (1.0,), (203,), (1.0,))
('K.90 Musicalion', 'P1', 3, (565, 566), (130,), (1.0,), (130,), (1.0,))

110.    ((4,), (1.0,), (3,), (0.0,)):
('K.90 Musicalion', 'P1', 1, (1218, 1219), (201,), (3.0,), (201,), (3.0,))
('K.90 Musicalion', 'P1', 1, (1226, 1227), (203,), (3.0,), (203,), (3.0,))
('K.90 Musicalion', 'P1', 3, (814, 815), (202,), (3.0,), (202,), (3.0,))

111.    ((-3,), (1.0,), (1,), (0.0,)):
('K.90 Musicalion', 'P1', 1, (1227, 1228), (204,), (1.0,), (204,), (1.0,))
('K.90 Musicalion', 'P1', 1, (1242, 1243), (207,), (1.0,), (207,), (1.0,))
('K.90 Musicalion', 'P1', 3, (780, 781), (186,), (1.0,), (186,), (1.0,))

112.    ((-3,), (0.5,), (1,), (0.0,)):
('K.90 Musicalion', 'P1', 3, (17, 18), (3,), (1.0,), (3,), (1.0,))
('K.90 Musicalion', 'P1', 3, (257, 258), (41,), (1.0,), (41,), (1.0,))
('K.90 Musicalion', 'P1', 3, (481, 482), (108,), (1.0,), (108,), (1.0,))

113.    ((8,), (0.5,), (1,), (0.5,)):
('K.90 Musicalion', 'P1', 3, (18, 19), (3,), (1.5,), (3,), (1.5,))
('K.90 Musicalion', 'P1', 3, (189, 190), (24,), (1.5,), (24,), (1.5,))
('K.90 Musicalion', 'P1', 3, (382, 383), (79,), (1.5,), (79,), (1.5,))

114.    ((3,), (0.5,), (1,), (0.5,)):
('K.90 Musicalion', 'P1', 3, (343, 344), (66,), (1.5,), (66,), (1.5,))
('K.90 Musicalion', 'P1', 3, (373, 374), (76,), (1.5,), (76,), (1.5,))
('K.90 Musicalion', 'P1', 3, (454, 455), (101,), (1.5,), (101,), (1.5,))

115.    ((-8,), (3.0,), (1,), (0.0,)):
('K.90 Musicalion', 'P1', 3, (742, 743), (175,), (1.0,), (175,), (1.0,))
('K.90 Musicalion', 'P1', 3, (753, 754), (178,), (1.0,), (178,), (1.0,))
('K.90 Musicalion', 'P1', 3, (817, 818), (205,), (1.0,), (205,), (1.0,))

116.    ((2,), (0.25,), (4,), (0.75,)):
('K.90 Musicalion', 'P1', 1, (30, 31), (3,), (4.75,), (3,), (4.75,))
('K.90 Musicalion', 'P1', 1, (44, 45), (4,), (4.75,), (4,), (4.75,))

117.    ((1,), (1.0,), (3,), (0.5,)):
('K.90 Musicalion', 'P1', 1, (79, 80), (7,), (3.5,), (7,), (3.5,))
('K.90 Musicalion', 'P1', 1, (236, 237), (20,), (3.5,), (20,), (3.5,))

118.    ((2,), (0.12,), (2,), (0.62,)):
('K.90 Musicalion', 'P1', 1, (100, 101), (9,), (2.62,), (9,), (2.62,))
('K.90 Musicalion', 'P1', 1, (112, 113), (10,), (2.62,), (10,), (2.62,))

119.    ((2,), (0.25,), (2,), (0.75,)):
('K.90 Musicalion', 'P1', 1, (101, 102), (9,), (2.75,), (9,), (2.75,))
('K.90 Musicalion', 'P1', 1, (807, 808), (131,), (2.75,), (131,), (2.75,))

120.    ((1,), (0.25,), (3,), (0.75,)):
('K.90 Musicalion', 'P1', 1, (118, 119), (10,), (3.75,), (10,), (3.75,))
('K.90 Musicalion', 'P1', 1, (293, 294), (27,), (3.75,), (27,), (3.75,))

121.    ((1,), (0.25,), (1,), (0.25,)):
('K.90 Musicalion', 'P1', 1, (142, 143), (12,), (1.25,), (12,), (1.25,))
('K.90 Musicalion', 'P1', 1, (673, 674), (106,), (1.25,), (106,), (1.25,))

122.    ((-2,), (0.75,), (2,), (0.0,)):
('K.90 Musicalion', 'P1', 1, (227, 228), (19,), (2.0,), (19,), (2.0,))
('K.90 Musicalion', 'P1', 1, (263, 264), (23,), (2.0,), (23,), (2.0,))

123.    ((1,), (0.25,), (2,), (0.75,)):
('K.90 Musicalion', 'P1', 1, (228, 229), (19,), (2.75,), (19,), (2.75,))
('K.90 Musicalion', 'P1', 1, (541, 542), (78,), (2.75,), (78,), (2.75,))

124.    ((3,), (1.0,), (9,), (0.0,)):
('K.90 Musicalion', 'P1', 1, (1040, 1041), (172,), (9.0,), (172,), (9.0,))
('K.90 Musicalion', 'P1', 1, (1101, 1102), (178,), (9.0,), (178,), (9.0,))

125.    ((-2,), (1.0,), (6,), (0.0,)):
('K.90 Musicalion', 'P1', 1, (1061, 1062), (174,), (6.0,), (174,), (6.0,))
('K.90 Musicalion', 'P1', 1, (1098, 1099), (178,), (6.0,), (178,), (6.0,))

126.    ((-7,), (1.0,), (3,), (0.0,)):
('K.90 Musicalion', 'P1', 1, (1106, 1107), (179,), (3.0,), (179,), (3.0,))
('K.90 Musicalion', 'P1', 1, (1271, 1272), (214,), (3.0,), (214,), (3.0,))

127.    ((5,), (1.0,), (1,), (0.0,)):
('K.90 Musicalion', 'P1', 1, (1216, 1217), (201,), (1.0,), (201,), (1.0,))
('K.90 Musicalion', 'P1', 1, (1232, 1233), (205,), (1.0,), (205,), (1.0,))

128.    ((7,), (0.5,), (2,), (0.5,)):
('K.90 Musicalion', 'P1', 1, (66, 67), (6,), (2.5,), (6,), (2.5,))
('K.90 Musicalion', 'P1', 3, (645, 646), (150,), (2.5,), (150,), (2.5,))

129.    ((2,), (0.25,), (3,), (0.5,)):
('K.90 Musicalion', 'P1', 1, (117, 118), (10,), (3.5,), (10,), (3.5,))
('K.90 Musicalion', 'P1', 3, (46, 47), (6,), (3.5,), (6,), (3.5,))

130.    ((6,), (6.0,), (7,), (0.0,)):
('K.90 Musicalion', 'P1', 1, (1074, 1075), (175,), (7.0,), (175,), (7.0,))
('K.90 Musicalion', 'P1', 3, (744, 745), (175,), (7.0,), (175,), (7.0,))

131.    ((1,), (6.0,), (7,), (0.0,)):
('K.90 Musicalion', 'P1', 1, (1153, 1154), (183,), (7.0,), (183,), (7.0,))
('K.90 Musicalion', 'P1', 3, (775, 776), (183,), (7.0,), (183,), (7.0,))

132.    ((-3,), (0.5,), (2,), (0.0,)):
('K.90 Musicalion', 'P1', 3, (3, 4), (1,), (2.0,), (1,), (2.0,))
('K.90 Musicalion', 'P1', 3, (493, 494), (111,), (2.0,), (111,), (2.0,))

133.    ((5,), (0.5,), (2,), (0.5,)):
('K.90 Musicalion', 'P1', 3, (4, 5), (1,), (2.5,), (1,), (2.5,))
('K.90 Musicalion', 'P1', 3, (295, 296), (52,), (2.5,), (52,), (2.5,))

134.    ((-5,), (0.5,), (3,), (0.0,)):
('K.90 Musicalion', 'P1', 3, (13, 14), (2,), (3.0,), (2,), (3.0,))
('K.90 Musicalion', 'P1', 3, (200, 201), (25,), (3.0,), (25,), (3.0,))

135.    ((1,), (0.5,), (3,), (0.5,)):
('K.90 Musicalion', 'P1', 3, (14, 15), (2,), (3.5,), (2,), (3.5,))
('K.90 Musicalion', 'P1', 3, (161, 162), (20,), (3.5,), (20,), (3.5,))

136.    ((-5,), (0.5,), (4,), (0.5,)):
('K.90 Musicalion', 'P1', 3, (32, 33), (4,), (4.5,), (4,), (4.5,))
('K.90 Musicalion', 'P1', 3, (107, 108), (13,), (4.5,), (13,), (4.5,))

137.    ((8,), (0.5,), (3,), (0.5,)):
('K.90 Musicalion', 'P1', 3, (65, 66), (8,), (3.5,), (8,), (3.5,))
('K.90 Musicalion', 'P1', 3, (137, 138), (17,), (3.5,), (17,), (3.5,))

138.    ((-5,), (0.5,), (4,), (0.0,)):
('K.90 Musicalion', 'P1', 3, (82, 83), (10,), (4.0,), (10,), (4.0,))
('K.90 Musicalion', 'P1', 3, (138, 139), (17,), (4.0,), (17,), (4.0,))

139.    ((8,), (2.5,), (1,), (0.0,)):
('K.90 Musicalion', 'P1', 3, (342, 343), (65,), (1.0,), (65,), (1.0,))
('K.90 Musicalion', 'P1', 3, (354, 355), (69,), (1.0,), (69,), (1.0,))

140.    ((6,), (3.0,), (7,), (0.0,)):
('K.90 Musicalion', 'P1', 3, (728, 729), (171,), (7.0,), (171,), (7.0,))
('K.90 Musicalion', 'P1', 3, (767, 768), (181,), (7.0,), (181,), (7.0,))

141.    ((4,), (3.0,), (1,), (0.0,)):
('K.90 Musicalion', 'P1', 3, (804, 805), (196,), (1.0,), (196,), (1.0,))
('K.90 Musicalion', 'P1', 3, (816, 817), (204,), (1.0,), (204,), (1.0,))

142.    ((-2,), (2.0,), (1,), (0.0,)):
('K.90 Musicalion', 'P1', 3, (808, 809), (200,), (1.0,), (200,), (1.0,))
('K.90 Musicalion', 'P1', 3, (810, 811), (201,), (1.0,), (201,), (1.0,))

