1.    nomes:
K.239 Musescore

2.    quantidade:
1

3.    analise:
[('intDia', 'p1p2'), ('duracao', 'p1p2'), ('Ptempo', 'p1')] SemContInte Distancia: 0

1.    ((6, (3, -6), 6, (3, -6), 6, (3, -5), 6, (3, -6), 6, (3, -6), 6, (3, -5), 6, (3, -6), 6, (3, -6), 6, (3, -5), 6, (3, -6), 6, (3, -6), 6, (3, -5), 8, -2, -2, -2, -2, -2, 2, -2, 2, 2), (0.25, (0.0, 0.25), 0.5, (0.0, 0.5), 0.5, (0.0, 1.0), 0.25, (0.0, 0.25), 0.5, (0.0, 0.5), 0.5, (0.0, 1.0), 0.25, (0.0, 0.25), 0.5, (0.0, 0.5), 0.5, (0.0, 1.0), 0.25, (0.0, 0.25), 0.5, (0.0, 0.5), 0.5, (0.0, 0.5), 0.5, 1.0, 0.25, 0.25, 0.5, 0.5, 1.0, 1.5, 0.25, 0.25), (0.5,)):
('K.239 Musescore', 'P1', 1, (79, 113), (15,), (1.5,), (20,), (3.75,))
('K.239 Musescore', 'P1', 1, (266, 300), (49,), (1.5,), (54,), (3.75,))

2.    ((8, -8, 8, -8, 8, -5, (8, -4), 8, -8, 8, -8, 8, -11, (8, 4), 8, -8, 8, -8, 8, -5, (8, -4), 8, -8, 8, -8, 8, -11), (0.25, 0.25, 0.5, 0.5, 0.5, 0.5, (0.0, 0.5), 0.25, 0.25, 0.5, 0.5, 0.5, 0.5, (0.0, 0.5), 0.25, 0.25, 0.5, 0.5, 0.5, 0.5, (0.0, 0.5), 0.25, 0.25, 0.5, 0.5, 0.5, 0.5), (0.5,)):
('K.239 Musescore', 'P1', 1, (114, 141), (21,), (1.5,), (24,), (3.5,))
('K.239 Musescore', 'P1', 2, (109, 136), (25,), (1.5,), (28,), (3.5,))
('K.239 Musescore', 'P1', 2, (194, 221), (41,), (1.5,), (44,), (3.5,))

3.    (((3, 2), (3, -2), (3, 2), (3, 2), (3, -2), (3, -2), (3, 2), (3, -2), (3, 2), (3, 2), (3, -2), (3, -2), (3, 3), -2, -2, 2, 4, 1, -2, -2, 4), ((0.0, 0.5), (0.0, 0.5), (0.0, 2.0), (0.0, 0.5), (0.0, 0.5), (0.0, 2.0), (0.0, 0.5), (0.0, 0.5), (0.0, 2.0), (0.0, 0.5), (0.0, 0.5), (0.0, 2.0), (0.0, 0.75), 0.25, 0.25, 0.25, 1.0, 1.25, 0.25, 0.25, 0.25), (0.5,)):
('K.239 Musescore', 'P1', 1, (142, 163), (25,), (3.5,), (31,), (1.75,))
('K.239 Musescore', 'P1', 1, (349, 370), (61,), (3.5,), (67,), (1.75,))

4.    ((-2, -2, -2, -2, -2, -2, -2, -2, -2, -2, -2, 8, -2, -2, 2, -8, 4, 8, -2, -2, 2), (0.25, 0.25, 0.25, 0.25, 0.25, 0.25, 0.25, 0.25, 0.25, 0.25, 0.25, 1.0, 1.0, 1.0, 1.0, 1.0, 1.0, 1.0, 1.0, 1.0, 1.0), (0.25,)):
('K.239 Musescore', 'P1', 2, (69, 90), (14,), (1.25,), (18,), (1.0,))
('K.239 Musescore', 'P1', 2, (224, 245), (46,), (1.25,), (50,), (1.0,))

5.    ((8, -8, 8, -8, 8, -5, (8, -4), 8, -8, 8, -8, 8, -4, (8, -5), 8, -8, 8, -8, 8), (0.25, 0.25, 0.5, 0.5, 0.5, 0.5, (0.0, 0.5), 0.25, 0.25, 0.5, 0.5, 0.5, 0.5, (0.0, 0.5), 0.25, 0.25, 0.5, 0.5, 0.5), (0.5,)):
('K.239 Musescore', 'P1', 1, (301, 320), (55,), (1.5,), (57,), (3.0,))
('K.239 Musescore', 'P1', 2, (275, 294), (61,), (1.5,), (63,), (3.0,))

6.    (((8, 7), -2, -2, -2, -2, -2, -2, -9, (8, 7), -2, -2, -2, -2, -2, -2, -2, (8, 9), -8), ((0.0, 1.25), 0.25, 0.25, 0.25, 0.25, 0.25, 0.25, 0.25, (0.0, 1.25), 0.25, 0.25, 0.25, 0.25, 0.25, 0.25, 0.25, (0.0, 1.0), 1.0), (0.0,)):
('K.239 Musescore', 'P1', 2, (143, 161), (30,), (1.0,), (32,), (2.0,))
('K.239 Musescore', 'P1', 2, (162, 180), (33,), (1.0,), (35,), (2.0,))

7.    (((8, 7), -2, -2, -2, -2, -2, -2, -9, (8, 7), -2, -2, -2, -2, -2, -2, -2, 2, -8), ((0.0, 1.25), 0.25, 0.25, 0.25, 0.25, 0.25, 0.25, 0.25, (0.0, 1.25), 0.25, 0.25, 0.25, 0.25, 0.25, 0.25, 0.25, 1.0, 1.0), (0.0,)):
('K.239 Musescore', 'P1', 2, (309, 327), (66,), (1.0,), (68,), (2.0,))
('K.239 Musescore', 'P1', 2, (328, 346), (69,), (1.0,), (71,), (2.0,))

8.    ((2, 2, 2, -6, 2, 2, 2, -7, 2, 2, 2, -6, 1, 2), (0.25, 0.25, 0.25, 0.25, 0.25, 0.25, 0.25, 0.25, 0.25, 0.25, 0.25, 0.25, 0.25, 0.0), (0.75,)):
('K.239 Musescore', 'P1', 1, (196, 210), (35,), (3.75,), (37,), (1.0,))
('K.239 Musescore', 'P1', 1, (413, 427), (72,), (3.75,), (74,), (1.0,))

9.    ((-2, -2, -2, -2, -2, -2, -2, -2, -2, -2, -2), (0.25, 0.25, 0.25, 0.25, 0.25, 0.25, 0.25, 0.25, 0.25, 0.25, 0.25), (0.0,)):
('K.239 Musescore', 'P1', 1, (66, 77), (13,), (1.0,), (13,), (3.5,))
('K.239 Musescore', 'P1', 1, (335, 346), (60,), (1.0,), (60,), (3.5,))

10.    ((2, -2, -2, -2, -2, -2, -2, -2, -2, -2, -2), (1.25, 0.25, 0.25, 0.25, 0.25, 0.25, 0.25, 0.25, 0.25, 0.25, 0.25), (0.0,)):
('K.239 Musescore', 'P1', 1, (10, 21), (3,), (3.0,), (4,), (3.5,))
('K.239 Musescore', 'P1', 2, (68, 79), (13,), (3.0,), (14,), (3.5,))

11.    ((-2, -2, -2, -2, -2, -2, -2, -2, 2, 2, 2), (0.25, 0.25, 0.25, 0.25, 0.25, 0.25, 0.25, 0.25, 0.25, 0.25, 0.25), (0.25,)):
('K.239 Musescore', 'P1', 1, (23, 34), (6,), (1.25,), (6,), (3.75,))
('K.239 Musescore', 'P1', 2, (33, 44), (7,), (1.25,), (7,), (3.75,))

12.    ((-2, -2, -2, -2, -2, -2, -2, -2, -2, -2, -2), (0.25, 0.25, 0.25, 0.25, 0.25, 0.25, 0.25, 0.25, 0.25, 0.25, 0.25), (0.25,)):
('K.239 Musescore', 'P1', 1, (67, 78), (13,), (1.25,), (13,), (3.75,))
('K.239 Musescore', 'P1', 2, (224, 235), (46,), (1.25,), (46,), (3.75,))

13.    ((-2, -2, -2, 2, -2, -2, 2, -2, -2, -2), (0.25, 0.25, 0.25, 0.25, 0.25, 0.25, 0.25, 0.25, 0.25, 0.25), (0.25,)):
('K.239 Musescore', 'P1', 1, (36, 46), (8,), (1.25,), (8,), (3.5,))
('K.239 Musescore', 'P1', 2, (47, 57), (9,), (1.25,), (9,), (3.5,))

14.    ((5, -2, -2, -2, -2, -2, 2), (0.5, 0.25, 0.25, 0.5, 0.5, 0.5, 0.5), (0.0,)):
('K.239 Musescore', 'P1', 1, (0, 7), (1,), (1.0,), (1,), (3.5,))
('K.239 Musescore', 'P1', 2, (8, 15), (3,), (1.0,), (3,), (3.5,))

15.    ((8, -2, -2, -2, -2), (1.0, 1.0, 1.0, 1.0, 1.0), (0.0,)):
('K.239 Musescore', 'P1', 2, (97, 102), (21,), (1.0,), (22,), (2.0,))
('K.239 Musescore', 'P1', 2, (103, 108), (23,), (1.0,), (24,), (2.0,))
('K.239 Musescore', 'P1', 2, (185, 190), (38,), (1.0,), (39,), (2.0,))

16.    ((2, 2, -2, -2, -2), (2.0, 1.25, 0.25, 0.25, 0.25), (0.0,)):
('K.239 Musescore', 'P1', 1, (9, 14), (3,), (1.0,), (4,), (1.75,))
('K.239 Musescore', 'P1', 1, (34, 39), (7,), (1.0,), (8,), (1.75,))

17.    ((4, -5, 2), (1.0, 1.0, 1.0), (0.0,)):
('K.239 Musescore', 'P1', 2, (180, 183), (35,), (3.0,), (36,), (2.0,))
('K.239 Musescore', 'P1', 2, (270, 273), (59,), (2.0,), (60,), (1.0,))

18.    (((3, 2), (3, -2)), ((0.0, 0.5), (0.0, 0.5)), (0.5,)):
('K.239 Musescore', 'P1', 1, (230, 232), (41,), (3.5,), (42,), (1.0,))
('K.239 Musescore', 'P1', 1, (236, 238), (43,), (3.5,), (44,), (1.0,))

19.    ((1, -2), (0.25, 0.0), (0.75,)):
('K.239 Musescore', 'P1', 1, (251, 253), (45,), (3.75,), (46,), (1.0,))
('K.239 Musescore', 'P1', 1, (346, 348), (60,), (3.75,), (61,), (1.0,))

20.    ((2, 2), (2.0, 1.0), (0.0,)):
('K.239 Musescore', 'P1', 1, (7, 9), (2,), (1.0,), (2,), (3.0,))
('K.239 Musescore', 'P1', 3, (2, 4), (53,), (1.0,), (53,), (3.0,))

21.    ((4, 2), (1.0, 1.0), (0.0,)):
('K.239 Musescore', 'P1', 2, (15, 17), (4,), (1.0,), (4,), (2.0,))
('K.239 Musescore', 'P1', 2, (347, 349), (72,), (1.0,), (72,), (2.0,))

22.    ((2, 2), (0.25, 1.0), (0.75,)):
('K.239 Musescore', 'P1', 2, (29, 31), (5,), (3.75,), (6,), (1.0,))
('K.239 Musescore', 'P1', 2, (43, 45), (7,), (3.75,), (8,), (1.0,))

23.    ((-6, 2), (1.0, 1.0), (0.0,)):
('K.239 Musescore', 'P1', 2, (59, 61), (10,), (2.0,), (10,), (3.0,))
('K.239 Musescore', 'P1', 2, (90, 92), (18,), (2.0,), (18,), (3.0,))

24.    ((2, 2), (1.0, 1.0), (0.0,)):
('K.239 Musescore', 'P1', 2, (30, 32), (6,), (1.0,), (6,), (2.0,))
('K.239 Musescore', 'P1', 3, (3, 5), (53,), (3.0,), (54,), (1.0,))

25.    ((2,), (1.0,), (0.0,)):
('K.239 Musescore', 'P1', 1, (8, 9), (2,), (3.0,), (2,), (3.0,))
('K.239 Musescore', 'P1', 1, (109, 110), (20,), (1.0,), (20,), (1.0,))
('K.239 Musescore', 'P1', 1, (296, 297), (54,), (1.0,), (54,), (1.0,))
('K.239 Musescore', 'P1', 2, (16, 17), (4,), (2.0,), (4,), (2.0,))
('K.239 Musescore', 'P1', 2, (30, 31), (6,), (1.0,), (6,), (1.0,))
('K.239 Musescore', 'P1', 2, (31, 32), (6,), (2.0,), (6,), (2.0,))
('K.239 Musescore', 'P1', 2, (44, 45), (8,), (1.0,), (8,), (1.0,))
('K.239 Musescore', 'P1', 2, (60, 61), (10,), (3.0,), (10,), (3.0,))
('K.239 Musescore', 'P1', 2, (64, 65), (12,), (1.0,), (12,), (1.0,))
('K.239 Musescore', 'P1', 2, (83, 84), (16,), (1.0,), (16,), (1.0,))
('K.239 Musescore', 'P1', 2, (89, 90), (18,), (1.0,), (18,), (1.0,))
('K.239 Musescore', 'P1', 2, (91, 92), (18,), (3.0,), (18,), (3.0,))
('K.239 Musescore', 'P1', 2, (182, 183), (36,), (2.0,), (36,), (2.0,))
('K.239 Musescore', 'P1', 2, (238, 239), (48,), (1.0,), (48,), (1.0,))
('K.239 Musescore', 'P1', 2, (244, 245), (50,), (1.0,), (50,), (1.0,))
('K.239 Musescore', 'P1', 2, (250, 251), (52,), (1.0,), (52,), (1.0,))
('K.239 Musescore', 'P1', 2, (272, 273), (60,), (1.0,), (60,), (1.0,))
('K.239 Musescore', 'P1', 2, (325, 326), (68,), (1.0,), (68,), (1.0,))
('K.239 Musescore', 'P1', 2, (344, 345), (71,), (1.0,), (71,), (1.0,))
('K.239 Musescore', 'P1', 2, (348, 349), (72,), (2.0,), (72,), (2.0,))
('K.239 Musescore', 'P1', 3, (0, 1), (20,), (1.0,), (20,), (1.0,))
('K.239 Musescore', 'P1', 3, (3, 4), (53,), (3.0,), (53,), (3.0,))
('K.239 Musescore', 'P1', 3, (4, 5), (54,), (1.0,), (54,), (1.0,))

26.    ((4,), (1.0,), (0.0,)):
('K.239 Musescore', 'P1', 1, (158, 159), (30,), (2.0,), (30,), (2.0,))
('K.239 Musescore', 'P1', 1, (163, 164), (31,), (2.0,), (31,), (2.0,))
('K.239 Musescore', 'P1', 1, (179, 180), (33,), (2.0,), (33,), (2.0,))
('K.239 Musescore', 'P1', 1, (184, 185), (34,), (2.0,), (34,), (2.0,))
('K.239 Musescore', 'P1', 1, (365, 366), (66,), (2.0,), (66,), (2.0,))
('K.239 Musescore', 'P1', 1, (385, 386), (69,), (2.0,), (69,), (2.0,))
('K.239 Musescore', 'P1', 2, (15, 16), (4,), (1.0,), (4,), (1.0,))
('K.239 Musescore', 'P1', 2, (66, 67), (12,), (3.0,), (12,), (3.0,))
('K.239 Musescore', 'P1', 2, (85, 86), (16,), (3.0,), (16,), (3.0,))
('K.239 Musescore', 'P1', 2, (180, 181), (35,), (3.0,), (35,), (3.0,))
('K.239 Musescore', 'P1', 2, (240, 241), (48,), (3.0,), (48,), (3.0,))
('K.239 Musescore', 'P1', 2, (246, 247), (50,), (3.0,), (50,), (3.0,))
('K.239 Musescore', 'P1', 2, (252, 253), (52,), (3.0,), (52,), (3.0,))
('K.239 Musescore', 'P1', 2, (265, 266), (57,), (3.0,), (57,), (3.0,))
('K.239 Musescore', 'P1', 2, (267, 268), (58,), (2.0,), (58,), (2.0,))
('K.239 Musescore', 'P1', 2, (270, 271), (59,), (2.0,), (59,), (2.0,))
('K.239 Musescore', 'P1', 2, (347, 348), (72,), (1.0,), (72,), (1.0,))

27.    ((-5,), (1.0,), (0.0,)):
('K.239 Musescore', 'P1', 2, (93, 94), (19,), (2.0,), (19,), (2.0,))
('K.239 Musescore', 'P1', 2, (183, 184), (36,), (3.0,), (36,), (3.0,))
('K.239 Musescore', 'P1', 2, (349, 350), (72,), (3.0,), (72,), (3.0,))
('K.239 Musescore', 'P1', 2, (350, 351), (73,), (1.0,), (73,), (1.0,))

28.    ((6,), (1.0,), (0.0,)):
('K.239 Musescore', 'P1', 2, (17, 18), (4,), (3.0,), (4,), (3.0,))
('K.239 Musescore', 'P1', 2, (92, 93), (19,), (1.0,), (19,), (1.0,))
('K.239 Musescore', 'P1', 2, (253, 254), (53,), (1.0,), (53,), (1.0,))

29.    ((8,), (1.0,), (0.0,)):
('K.239 Musescore', 'P1', 2, (191, 192), (40,), (1.0,), (40,), (1.0,))
('K.239 Musescore', 'P1', 2, (221, 222), (45,), (1.0,), (45,), (1.0,))
('K.239 Musescore', 'P1', 2, (257, 258), (55,), (1.0,), (55,), (1.0,))

30.    ((3,), (3.5,), (0.0,)):
('K.239 Musescore', 'P1', 1, (47, 48), (9,), (1.0,), (9,), (1.0,))
('K.239 Musescore', 'P1', 1, (210, 211), (37,), (1.0,), (37,), (1.0,))

31.    ((3,), (0.5,), (0.75,)):
('K.239 Musescore', 'P1', 1, (175, 176), (32,), (3.75,), (32,), (3.75,))
('K.239 Musescore', 'P1', 1, (381, 382), (68,), (3.75,), (68,), (3.75,))

32.    ((9,), (1.0,), (0.0,)):
('K.239 Musescore', 'P1', 2, (94, 95), (19,), (3.0,), (19,), (3.0,))
('K.239 Musescore', 'P1', 2, (161, 162), (32,), (3.0,), (32,), (3.0,))

33.    ((-2,), (2.0,), (0.0,)):
('K.239 Musescore', 'P1', 2, (95, 96), (20,), (1.0,), (20,), (1.0,))
('K.239 Musescore', 'P1', 2, (255, 256), (54,), (1.0,), (54,), (1.0,))

34.    ((-7,), (1.0,), (0.0,)):
('K.239 Musescore', 'P1', 2, (268, 269), (58,), (3.0,), (58,), (3.0,))
('K.239 Musescore', 'P1', 2, (351, 352), (73,), (2.0,), (73,), (2.0,))

35.    ((3,), (1.0,), (0.0,)):
('K.239 Musescore', 'P1', 2, (269, 270), (59,), (1.0,), (59,), (1.0,))
('K.239 Musescore', 'P1', 2, (273, 274), (60,), (2.0,), (60,), (2.0,))

