1 .    ('nomes', 'K.220 KernScores') 

2 .    ('quantidade', 1) 

3 .    ('analise', 'sequęncias IntDiaDurPcompasso sem contidos e intercalados') 

1 .    (((-2, 2, 2, -2, 2, 2, -2, 2), (0.33, 0.33, 0.33, 0.33, 0.33, 0.33, 0.33, 0.33), (1.0, 1.33, 1.67, 2.0, 2.33, 2.67, 3.0, 3.33)), [[('K.220 KernScores', 'P1', 1, (243, 251), (66, 1.0), (66, 3.33)), ('K.220 KernScores', 'P1', 1, (252, 260), (67, 1.0), (67, 3.33))], [('K.220 KernScores', 'P1', 1, (296, 304), (74, 1.0), (74, 3.33)), ('K.220 KernScores', 'P1', 1, (305, 313), (75, 1.0), (75, 3.33))], [('K.220 KernScores', 'P1', 1, (515, 523), (140, 1.0), (140, 3.33)), ('K.220 KernScores', 'P1', 1, (524, 532), (141, 1.0), (141, 3.33)), ('K.220 KernScores', 'P1', 1, (533, 541), (142, 1.0), (142, 3.33)), ('K.220 KernScores', 'P1', 1, (542, 550), (143, 1.0), (143, 3.33))], [('K.220 KernScores', 'P1', 1, (587, 595), (153, 1.0), (153, 3.33)), ('K.220 KernScores', 'P1', 1, (596, 604), (154, 1.0), (154, 3.33)), ('K.220 KernScores', 'P1', 1, (605, 613), (155, 1.0), (155, 3.33)), ('K.220 KernScores', 'P1', 1, (614, 622), (156, 1.0), (156, 3.33))]]) 

2 .    (((2, 2, -2, -2, -2, 2, -2, -2, 2), (0.0, 0.0, 3.0, 0.33, 0.33, 0.33, 0.33, 0.33, 0.33), (2.0, 2.0, 2.0, 2.0, 2.33, 2.67, 3.0, 3.33, 3.67)), [[('K.220 KernScores', 'P1', 1, (61, 70), (23, 2.0), (24, 3.67)), ('K.220 KernScores', 'P1', 1, (71, 80), (26, 2.0), (27, 3.67)), ('K.220 KernScores', 'P1', 1, (81, 90), (29, 2.0), (30, 3.67))], [('K.220 KernScores', 'P1', 1, (357, 366), (88, 2.0), (89, 3.67)), ('K.220 KernScores', 'P1', 1, (367, 376), (91, 2.0), (92, 3.67))]]) 

3 .    ((((8, 1), (8, 2), (7, 1), (6, 1), (5, 4)), ((0.0, 1.0), (0.0, 1.0), (0.0, 1.0), (0.0, 1.0), (0.0, 1.0)), (2.0, 3.0, 1.0, 2.0, 3.0)), [[('K.220 KernScores', 'P2', 1, (133, 138), (52, 2.0), (53, 3.0)), ('K.220 KernScores', 'P2', 1, (139, 144), (54, 2.0), (55, 3.0))], [('K.220 KernScores', 'P2', 1, (300, 305), (122, 2.0), (123, 3.0)), ('K.220 KernScores', 'P2', 1, (306, 311), (124, 2.0), (125, 3.0)), ('K.220 KernScores', 'P2', 1, (312, 317), (126, 2.0), (127, 3.0)), ('K.220 KernScores', 'P2', 1, (318, 323), (128, 2.0), (129, 3.0)), ('K.220 KernScores', 'P2', 1, (324, 329), (130, 2.0), (131, 3.0))]]) 

4 .    (((2, 2), (1.0, 1.0), (1.0, 2.0)), [[('K.220 KernScores', 'P2', 1, (165, 167), (63, 1.0), (63, 2.0)), ('K.220 KernScores', 'P2', 1, (168, 170), (64, 1.0), (64, 2.0)), ('K.220 KernScores', 'P2', 1, (171, 173), (65, 1.0), (65, 2.0)), ('K.220 KernScores', 'P2', 1, (174, 176), (66, 1.0), (66, 2.0)), ('K.220 KernScores', 'P2', 1, (177, 179), (67, 1.0), (67, 2.0))], [('K.220 KernScores', 'P2', 1, (187, 189), (71, 1.0), (71, 2.0)), ('K.220 KernScores', 'P2', 1, (190, 192), (72, 1.0), (72, 2.0)), ('K.220 KernScores', 'P2', 1, (193, 195), (73, 1.0), (73, 2.0)), ('K.220 KernScores', 'P2', 1, (196, 198), (74, 1.0), (74, 2.0)), ('K.220 KernScores', 'P2', 1, (199, 201), (75, 1.0), (75, 2.0))], [('K.220 KernScores', 'P2', 1, (346, 348), (137, 1.0), (137, 2.0)), ('K.220 KernScores', 'P2', 1, (349, 351), (138, 1.0), (138, 2.0)), ('K.220 KernScores', 'P2', 1, (352, 354), (139, 1.0), (139, 2.0)), ('K.220 KernScores', 'P2', 1, (355, 357), (140, 1.0), (140, 2.0)), ('K.220 KernScores', 'P2', 1, (358, 360), (141, 1.0), (141, 2.0)), ('K.220 KernScores', 'P2', 1, (361, 363), (142, 1.0), (142, 2.0)), ('K.220 KernScores', 'P2', 1, (364, 366), (143, 1.0), (143, 2.0))], [('K.220 KernScores', 'P2', 1, (383, 385), (150, 1.0), (150, 2.0)), ('K.220 KernScores', 'P2', 1, (386, 388), (151, 1.0), (151, 2.0)), ('K.220 KernScores', 'P2', 1, (389, 391), (152, 1.0), (152, 2.0)), ('K.220 KernScores', 'P2', 1, (392, 394), (153, 1.0), (153, 2.0)), ('K.220 KernScores', 'P2', 1, (395, 397), (154, 1.0), (154, 2.0)), ('K.220 KernScores', 'P2', 1, (398, 400), (155, 1.0), (155, 2.0)), ('K.220 KernScores', 'P2', 1, (401, 403), (156, 1.0), (156, 2.0))], [('K.220 KernScores', 'P2', 2, (43, 45), (111, 1.0), (111, 2.0)), ('K.220 KernScores', 'P2', 2, (46, 48), (113, 1.0), (113, 2.0)), ('K.220 KernScores', 'P2', 2, (49, 51), (115, 1.0), (115, 2.0)), ('K.220 KernScores', 'P2', 2, (52, 54), (117, 1.0), (117, 2.0)), ('K.220 KernScores', 'P2', 2, (55, 57), (119, 1.0), (119, 2.0))]]) 

5 .    (((-2, 2, 2), (1.5, 0.25, 0.25), (2.0, 3.5, 3.75)), [[('K.220 KernScores', 'P1', 1, (198, 201), (53, 2.0), (53, 3.75)), ('K.220 KernScores', 'P1', 1, (202, 205), (55, 2.0), (55, 3.75)), ('K.220 KernScores', 'P1', 1, (206, 209), (57, 2.0), (57, 3.75))], [('K.220 KernScores', 'P1', 1, (462, 465), (123, 2.0), (123, 3.75)), ('K.220 KernScores', 'P1', 1, (466, 469), (125, 2.0), (125, 3.75)), ('K.220 KernScores', 'P1', 1, (470, 473), (127, 2.0), (127, 3.75)), ('K.220 KernScores', 'P1', 1, (474, 477), (129, 2.0), (129, 3.75)), ('K.220 KernScores', 'P1', 1, (478, 481), (131, 2.0), (131, 3.75))]]) 

6 .    (((-2, -2, -2, -2, -2), (0.5, 0.5, 0.5, 0.5, 0.5), (1.0, 1.5, 2.0, 2.5, 3.0)), [[('K.220 KernScores', 'P1', 1, (185, 190), (50, 1.0), (50, 3.0)), ('K.220 KernScores', 'P1', 1, (191, 196), (51, 1.0), (51, 3.0))], [('K.220 KernScores', 'P1', 1, (209, 214), (58, 1.0), (58, 3.0)), ('K.220 KernScores', 'P1', 1, (215, 220), (59, 1.0), (59, 3.0))], [('K.220 KernScores', 'P1', 1, (449, 454), (119, 1.0), (119, 3.0)), ('K.220 KernScores', 'P1', 1, (455, 460), (120, 1.0), (120, 3.0))], [('K.220 KernScores', 'P1', 1, (481, 486), (132, 1.0), (132, 3.0)), ('K.220 KernScores', 'P1', 1, (487, 492), (133, 1.0), (133, 3.0))], [('K.220 KernScores', 'P2', 1, (152, 157), (60, 1.0), (60, 3.0)), ('K.220 KernScores', 'P2', 1, (158, 163), (61, 1.0), (61, 3.0))], [('K.220 KernScores', 'P2', 1, (333, 338), (134, 1.0), (134, 3.0)), ('K.220 KernScores', 'P2', 1, (339, 344), (135, 1.0), (135, 3.0))]]) 

7 .    ((((3, 1), (3, 2)), ((0.0, 1.0), (0.0, 1.0)), (3.0, 1.0)), [[('K.220 KernScores', 'P1', 1, (2, 4), (1, 3.0), (2, 1.0)), ('K.220 KernScores', 'P1', 1, (5, 7), (2, 3.0), (3, 1.0)), ('K.220 KernScores', 'P1', 1, (8, 10), (3, 3.0), (4, 1.0))], [('K.220 KernScores', 'P2', 1, (2, 4), (5, 3.0), (6, 1.0)), ('K.220 KernScores', 'P2', 1, (5, 7), (6, 3.0), (7, 1.0)), ('K.220 KernScores', 'P2', 1, (8, 10), (7, 3.0), (8, 1.0))]]) 

8 .    (((2, 2), (1.0, 4.0), (2.0, 3.0)), [[('K.220 KernScores', 'P2', 2, (20, 22), (94, 2.0), (94, 3.0)), ('K.220 KernScores', 'P2', 2, (23, 25), (96, 2.0), (96, 3.0)), ('K.220 KernScores', 'P2', 2, (26, 28), (98, 2.0), (98, 3.0))], [('K.220 KernScores', 'P2', 2, (32, 34), (104, 2.0), (104, 3.0)), ('K.220 KernScores', 'P2', 2, (35, 37), (106, 2.0), (106, 3.0)), ('K.220 KernScores', 'P2', 2, (38, 40), (108, 2.0), (108, 3.0))]]) 

9 .    (((-3, -3), (1.0, 1.0), (2.0, 3.0)), [[('K.220 KernScores', 'P1', 1, (552, 554), (144, 2.0), (144, 3.0)), ('K.220 KernScores', 'P1', 1, (555, 557), (145, 2.0), (145, 3.0))], [('K.220 KernScores', 'P1', 1, (624, 626), (157, 2.0), (157, 3.0)), ('K.220 KernScores', 'P1', 1, (627, 629), (158, 2.0), (158, 3.0))], [('K.220 KernScores', 'P2', 1, (368, 370), (144, 2.0), (144, 3.0)), ('K.220 KernScores', 'P2', 1, (371, 373), (145, 2.0), (145, 3.0))], [('K.220 KernScores', 'P2', 1, (405, 407), (157, 2.0), (157, 3.0)), ('K.220 KernScores', 'P2', 1, (408, 410), (158, 2.0), (158, 3.0))]]) 

10 .    (((-3, -3), (1.0, 1.0), (3.0, 1.0)), [[('K.220 KernScores', 'P1', 1, (25, 27), (11, 3.0), (12, 1.0)), ('K.220 KernScores', 'P1', 1, (28, 30), (12, 3.0), (13, 1.0))], [('K.220 KernScores', 'P1', 2, (5, 7), (11, 3.0), (12, 1.0)), ('K.220 KernScores', 'P1', 2, (8, 10), (93, 3.0), (94, 1.0))]]) 

11 .    (((2, 3), (1.0, 1.0), (3.0, 1.0)), [[('K.220 KernScores', 'P1', 1, (334, 336), (78, 3.0), (79, 1.0)), ('K.220 KernScores', 'P1', 1, (337, 339), (79, 3.0), (80, 1.0))], [('K.220 KernScores', 'P1', 1, (346, 348), (82, 3.0), (83, 1.0)), ('K.220 KernScores', 'P1', 1, (349, 351), (83, 3.0), (84, 1.0))]]) 

12 .    ((((5, 2, 1), (5, 2, 1)), ((0.0, 0.0, 1.0), (0.0, 0.0, 1.0)), (1.0, 2.0)), [[('K.220 KernScores', 'P2', 1, (105, 107), (43, 1.0), (43, 2.0)), ('K.220 KernScores', 'P2', 1, (108, 110), (44, 1.0), (44, 2.0))], [('K.220 KernScores', 'P2', 1, (114, 116), (46, 1.0), (46, 2.0)), ('K.220 KernScores', 'P2', 1, (117, 119), (47, 1.0), (47, 2.0))]]) 

