1 .    ('nomes', 'K.111 Musescore') 

2 .    ('quantidade', 1) 

3 .    ('analise', 'sequõncias IntDiaDur sem contidos e intercalados') 

1 .    (((-4, -3, -3, 7, -3, 2, -3, 5, -4, -3, -3, 7, -3, 2, -3), (1.0, 1.0, 1.0, 1.0, 1.0, 1.0, 3.0, 3.0, 1.0, 1.0, 1.0, 1.0, 1.0, 1.0, 3.0)), [[('K.111 Musescore', 'P1', 3, (32, 47), (7, 1.0), (8, 7.0)), ('K.111 Musescore', 'P1', 3, (48, 63), (9, 1.0), (10, 7.0))], [('K.111 Musescore', 'P1', 3, (144, 159), (30, 1.0), (31, 7.0)), ('K.111 Musescore', 'P1', 3, (160, 175), (32, 1.0), (33, 7.0)), ('K.111 Musescore', 'P1', 3, (176, 191), (34, 1.0), (35, 7.0))]]) 

2 .    (((-4, -3, -3, 6, -3, 2, -8), (1.0, 1.0, 1.0, 1.0, 1.0, 1.0, 3.0)), [[('K.111 Musescore', 'P1', 3, (16, 23), (5, 1.0), (5, 7.0)), ('K.111 Musescore', 'P1', 3, (24, 31), (6, 1.0), (6, 7.0))], [('K.111 Musescore', 'P1', 3, (79, 86), (16, 1.0), (16, 7.0)), ('K.111 Musescore', 'P1', 3, (87, 94), (17, 1.0), (17, 7.0)), ('K.111 Musescore', 'P1', 3, (95, 102), (18, 1.0), (18, 7.0)), ('K.111 Musescore', 'P1', 3, (103, 110), (19, 1.0), (19, 7.0))], [('K.111 Musescore', 'P1', 3, (234, 241), (46, 1.0), (46, 7.0)), ('K.111 Musescore', 'P1', 3, (242, 249), (47, 1.0), (47, 7.0)), ('K.111 Musescore', 'P1', 3, (250, 257), (48, 1.0), (48, 7.0)), ('K.111 Musescore', 'P1', 3, (258, 265), (49, 1.0), (49, 7.0))]]) 

3 .    (((-3, -4, -3, -3, -4, 1, -2), (1.0, 1.0, 1.0, 1.0, 1.0, 1.0, 3.0)), [[('K.111 Musescore', 'P1', 1, (16, 23), (3, 1.0), (3, 7.0)), ('K.111 Musescore', 'P1', 1, (24, 31), (4, 1.0), (4, 7.0))], [('K.111 Musescore', 'P1', 1, (131, 138), (25, 1.0), (25, 7.0)), ('K.111 Musescore', 'P1', 1, (139, 146), (26, 1.0), (26, 7.0)), ('K.111 Musescore', 'P1', 1, (147, 154), (27, 1.0), (27, 7.0))]]) 

4 .    (((-4, -3, -3, -4, -5, -5), (1.0, 1.0, 1.0, 1.0, 1.0, 1.0)), [[('K.111 Musescore', 'P1', 3, (209, 215), (42, 1.0), (42, 6.0)), ('K.111 Musescore', 'P1', 3, (216, 222), (43, 1.0), (43, 6.0)), ('K.111 Musescore', 'P1', 3, (223, 229), (44, 1.0), (44, 6.0))], [('K.111 Musescore', 'P1', 3, (266, 272), (50, 1.0), (50, 6.0)), ('K.111 Musescore', 'P1', 3, (273, 279), (51, 1.0), (51, 6.0)), ('K.111 Musescore', 'P1', 3, (280, 286), (52, 1.0), (52, 6.0))]]) 

5 .    (((-4, -3, -3, -4, -3, 1, -2), (1.0, 1.0, 1.0, 1.0, 1.0, 1.0, 3.0)), [[('K.111 Musescore', 'P1', 1, (0, 7), (1, 1.0), (1, 7.0)), ('K.111 Musescore', 'P1', 1, (8, 15), (2, 1.0), (2, 7.0))], [('K.111 Musescore', 'P1', 1, (155, 162), (28, 1.0), (28, 7.0)), ('K.111 Musescore', 'P1', 1, (163, 170), (29, 1.0), (29, 7.0))]]) 

6 .    (((-3, -3, -4, -3, -3, 2), (1.0, 1.0, 1.0, 1.0, 1.0, 4.0)), [[('K.111 Musescore', 'P1', 1, (48, 54), (12, 1.0), (12, 6.0)), ('K.111 Musescore', 'P1', 1, (55, 61), (13, 1.0), (13, 6.0))], [('K.111 Musescore', 'P1', 1, (86, 92), (20, 1.0), (20, 6.0)), ('K.111 Musescore', 'P1', 1, (93, 99), (21, 1.0), (21, 6.0))]]) 

7 .    (((-3, -3), (1.0, 1.0)), [[('K.111 Musescore', 'P1', 1, (286, 288), (54, 8.0), (54, 9.0)), ('K.111 Musescore', 'P1', 1, (289, 291), (54, 11.0), (54, 12.0))]]) 

8 .    (((-4, -3), (1.0, 1.0)), [[('K.111 Musescore', 'P1', 1, (285, 287), (54, 7.0), (54, 8.0)), ('K.111 Musescore', 'P1', 1, (288, 290), (54, 10.0), (54, 11.0))]]) 

9 .    (((-2, -2), (1.0, 1.0)), [[('K.111 Musescore', 'P1', 1, (178, 180), (35, 12.0), (36, 1.0)), ('K.111 Musescore', 'P1', 1, (181, 183), (36, 3.0), (36, 4.0))], [('K.111 Musescore', 'P1', 1, (237, 239), (44, 9.0), (44, 10.0)), ('K.111 Musescore', 'P1', 1, (240, 242), (44, 12.0), (45, 1.0))], [('K.111 Musescore', 'P1', 1, (262, 264), (52, 9.0), (52, 10.0)), ('K.111 Musescore', 'P1', 1, (265, 267), (52, 12.0), (53, 1.0))]]) 

