1.    nomes:
K.95 Musescore

2.    quantidade:
1

3.    analise:
[('intDia', 'p1p2'), ('duracao', 'p1p2'), ('Ntempo', 'p1p2'), ('Ptempo', 'p1p2')] SemContInte Distancia: 0

1.    ((3, 4, -6, 3, 4, -6, 3, 4, -6, 3, 4, -6, 3, 4, -5, 3, 3, -5, 3, 3, -5, 3, 3, -5, 3, 3, -5, 3, 4, -6, 3, 4, -6, 3, 4, -6, 3, 4, -5, 3, 3, -5, 3, 3, -5, 3, 3, -5, 3, 3), (1.0, 1.0, 1.0, 1.0, 1.0, 1.0, 1.0, 1.0, 1.0, 1.0, 1.0, 1.0, 1.0, 1.0, 1.0, 1.0, 1.0, 1.0, 1.0, 1.0, 1.0, 1.0, 1.0, 1.0, 1.0, 1.0, 1.0, 1.0, 1.0, 1.0, 1.0, 1.0, 1.0, 1.0, 1.0, 1.0, 1.0, 1.0, 1.0, 1.0, 1.0, 1.0, 1.0, 1.0, 1.0, 1.0, 1.0, 1.0, 1.0, 1.0), (1, 2, 3, 4, 5, 6, 7, 8, 9, 10, 11, 12, 1, 2, 3, 4, 5, 6, 7, 8, 9, 10, 11, 12, 1, 2, 3, 4, 5, 6, 7, 8, 9, 10, 11, 12, 1, 2, 3, 4, 5, 6, 7, 8, 9, 10, 11, 12, 1, 2), (0.0, 0.0, 0.0, 0.0, 0.0, 0.0, 0.0, 0.0, 0.0, 0.0, 0.0, 0.0, 0.0, 0.0, 0.0, 0.0, 0.0, 0.0, 0.0, 0.0, 0.0, 0.0, 0.0, 0.0, 0.0, 0.0, 0.0, 0.0, 0.0, 0.0, 0.0, 0.0, 0.0, 0.0, 0.0, 0.0, 0.0, 0.0, 0.0, 0.0, 0.0, 0.0, 0.0, 0.0, 0.0, 0.0, 0.0, 0.0, 0.0, 0.0)):
('K.95 Musescore', 'P1', 2, (60, 110), (5,), (1.0,), (9,), (2.0,))
('K.95 Musescore', 'P1', 2, (154, 204), (13,), (1.0,), (17,), (2.0,))

2.    ((15, 2, 2, 2, -2, -14, 12, 2, 2, -2, -13, -5, 17, 2, 2, 2, -2, -14, 12, 2, 2, -2, -13, -5, 19, 2), (3.0, 3.0, 0.0, 0.0, 3.0, 3.0, 3.0, 0.0, 0.0, 3.0, 3.0, 3.0, 3.0, 3.0, 0.0, 0.0, 3.0, 3.0, 3.0, 0.0, 0.0, 3.0, 3.0, 3.0, 3.0, 3.0), (10, 1, 4, 4, 4, 7, 10, 1, 1, 1, 4, 7, 10, 1, 4, 4, 4, 7, 10, 1, 1, 1, 4, 7, 10, 1), (0.0, 0.0, 0.0, 0.0, 0.0, 0.0, 0.0, 0.0, 0.0, 0.0, 0.0, 0.0, 0.0, 0.0, 0.0, 0.0, 0.0, 0.0, 0.0, 0.0, 0.0, 0.0, 0.0, 0.0, 0.0, 0.0)):
('K.95 Musescore', 'P1', 1, (23, 49), (5,), (10.0,), (9,), (1.0,))
('K.95 Musescore', 'P1', 1, (63, 89), (13,), (10.0,), (17,), (1.0,))

3.    ((-2, -2, 2, -12, -6), (2.0, 0.5, 0.5, 3.0, 3.0), (1, 3, 3, 4, 7), (0.0, 0.0, 0.5, 0.0, 0.0)):
('K.95 Musescore', 'P1', 1, (104, 109), (20,), (1.0,), (21,), (7.0,))
('K.95 Musescore', 'P1', 1, (112, 117), (21,), (1.0,), (22,), (7.0,))

4.    ((19, (3, -19), 18, (3, -18)), (3.0, (0.0, 3.0), 3.0, (0.0, 3.0)), (7, 10, 1, 4), (0.0, 0.0, 0.0, 0.0)):
('K.95 Musescore', 'P1', 1, (50, 54), (10,), (7.0,), (11,), (4.0,))
('K.95 Musescore', 'P1', 1, (58, 62), (12,), (7.0,), (13,), (4.0,))

5.    ((-2, 2, 2), (2.0, 0.5, 0.5), (1, 3, 3), (0.0, 0.0, 0.5)):
('K.95 Musescore', 'P1', 1, (4, 7), (1,), (1.0,), (1,), (3.5,))
('K.95 Musescore', 'P1', 1, (98, 101), (19,), (1.0,), (19,), (3.5,))
('K.95 Musescore', 'P1', 1, (124, 127), (23,), (1.0,), (23,), (3.5,))

6.    ((15,), (3.0,), (10,), (0.0,)):
('K.95 Musescore', 'P1', 1, (3, 4), (1,), (10.0,), (1,), (10.0,))
('K.95 Musescore', 'P1', 1, (109, 110), (21,), (10.0,), (21,), (10.0,))

7.    ((-8,), (3.0,), (7,), (0.0,)):
('K.95 Musescore', 'P1', 1, (8, 9), (2,), (7.0,), (2,), (7.0,))
('K.95 Musescore', 'P1', 1, (14, 15), (3,), (7.0,), (3,), (7.0,))

8.    ((1,), (3.0,), (7,), (0.0,)):
('K.95 Musescore', 'P1', 1, (62, 63), (13,), (7.0,), (13,), (7.0,))
('K.95 Musescore', 'P1', 1, (128, 129), (24,), (7.0,), (24,), (7.0,))

