1 .    ('nomes', 'K.318 Musescore') 

2 .    ('quantidade', 1) 

3 .    ('analise', 'sequõncias IntDiaDurPcompasso sem contidos e intercalados') 

1 .    (((-2, -2, -2, -2, -2, -2, 2, 2, 2, 2, 2), (0.5, 0.5, 0.5, 0.5, 0.5, 0.5, 0.5, 0.5, 0.5, 0.5, 0.5), (3.5, 4.0, 4.5, 5.0, 5.5, 6.0, 6.5, 1.0, 1.5, 2.0, 2.5)), [[('K.318 Musescore', 'P1', 1, (652, 663), (135, 3.5), (136, 2.5)), ('K.318 Musescore', 'P1', 1, (664, 675), (136, 3.5), (137, 2.5)), ('K.318 Musescore', 'P1', 1, (676, 687), (137, 3.5), (138, 2.5))], [('K.318 Musescore', 'P1', 1, (961, 972), (188, 3.5), (189, 2.5)), ('K.318 Musescore', 'P1', 1, (973, 984), (189, 3.5), (190, 2.5))]]) 

2 .    (((-2, -2, 3, -2, -2), (1.0, 1.0, 1.0, 1.0, 1.0), (2.0, 3.0, 4.0, 5.0, 6.0)), [[('K.318 Musescore', 'P1', 1, (728, 733), (145, 2.0), (145, 6.0)), ('K.318 Musescore', 'P1', 1, (734, 739), (146, 2.0), (146, 6.0)), ('K.318 Musescore', 'P1', 1, (740, 745), (147, 2.0), (147, 6.0)), ('K.318 Musescore', 'P1', 1, (746, 751), (148, 2.0), (148, 6.0)), ('K.318 Musescore', 'P1', 1, (752, 757), (149, 2.0), (149, 6.0))], [('K.318 Musescore', 'P1', 1, (764, 769), (151, 2.0), (151, 6.0)), ('K.318 Musescore', 'P1', 1, (770, 775), (152, 2.0), (152, 6.0)), ('K.318 Musescore', 'P1', 1, (776, 781), (153, 2.0), (153, 6.0)), ('K.318 Musescore', 'P1', 1, (782, 787), (154, 2.0), (154, 6.0)), ('K.318 Musescore', 'P1', 1, (788, 793), (155, 2.0), (155, 6.0)), ('K.318 Musescore', 'P1', 1, (794, 799), (156, 2.0), (156, 6.0))]]) 

3 .    (((3, -2, -2, 3, -2), (1.0, 1.0, 1.0, 1.0, 1.0), (1.0, 2.0, 3.0, 4.0, 5.0)), [[('K.318 Musescore', 'P1', 1, (727, 732), (145, 1.0), (145, 5.0)), ('K.318 Musescore', 'P1', 1, (733, 738), (146, 1.0), (146, 5.0)), ('K.318 Musescore', 'P1', 1, (739, 744), (147, 1.0), (147, 5.0)), ('K.318 Musescore', 'P1', 1, (745, 750), (148, 1.0), (148, 5.0)), ('K.318 Musescore', 'P1', 1, (751, 756), (149, 1.0), (149, 5.0))], [('K.318 Musescore', 'P1', 1, (763, 768), (151, 1.0), (151, 5.0)), ('K.318 Musescore', 'P1', 1, (769, 774), (152, 1.0), (152, 5.0)), ('K.318 Musescore', 'P1', 1, (775, 780), (153, 1.0), (153, 5.0)), ('K.318 Musescore', 'P1', 1, (781, 786), (154, 1.0), (154, 5.0))]]) 

4 .    (((2, 2, 2, 2, 2, -2, -2, -2, -2, -2, -2), (0.5, 0.5, 0.5, 0.5, 0.5, 0.5, 0.5, 0.5, 0.5, 0.5, 0.5), (1.0, 1.5, 2.0, 2.5, 3.0, 3.5, 4.0, 4.5, 5.0, 5.5, 6.0)), [[('K.318 Musescore', 'P1', 1, (623, 634), (133, 1.0), (133, 6.0)), ('K.318 Musescore', 'P1', 1, (635, 646), (134, 1.0), (134, 6.0))], [('K.318 Musescore', 'P1', 1, (932, 943), (186, 1.0), (186, 6.0)), ('K.318 Musescore', 'P1', 1, (944, 955), (187, 1.0), (187, 6.0))]]) 

5 .    (((-2, 2, 1, -2, 2), (1.0, 1.0, 1.0, 1.0, 1.0), (1.0, 2.0, 3.0, 4.0, 5.0)), [[('K.318 Musescore', 'P1', 2, (65, 70), (116, 1.0), (116, 5.0)), ('K.318 Musescore', 'P1', 2, (71, 76), (117, 1.0), (117, 5.0)), ('K.318 Musescore', 'P1', 2, (77, 82), (118, 1.0), (118, 5.0))], [('K.318 Musescore', 'P1', 2, (89, 94), (120, 1.0), (120, 5.0)), ('K.318 Musescore', 'P1', 2, (95, 100), (169, 1.0), (169, 5.0)), ('K.318 Musescore', 'P1', 2, (101, 106), (170, 1.0), (170, 5.0)), ('K.318 Musescore', 'P1', 2, (107, 112), (171, 1.0), (171, 5.0))]]) 

6 .    (((-2, 1, -2, 2, -2, 2, 2, 2, 2, -2), (0.25, 0.25, 0.5, 0.5, 0.5, 0.25, 0.25, 0.5, 0.25, 0.25), (2.5, 2.75, 1.0, 1.5, 2.0, 2.5, 2.75, 1.0, 1.5, 1.75)), [[('K.318 Musescore', 'P1', 1, (38, 48), (8, 2.5), (10, 1.75)), ('K.318 Musescore', 'P1', 1, (49, 59), (10, 2.5), (12, 1.75))], [('K.318 Musescore', 'P1', 1, (148, 158), (28, 2.5), (30, 1.75)), ('K.318 Musescore', 'P1', 1, (159, 169), (30, 2.5), (32, 1.75))]]) 

7 .    (((-5, 1, -2, 2, 2, 2, 2, -2, -2, -2), (1.0, 1.0, 1.0, 1.0, 1.0, 1.0, 1.0, 1.0, 1.0, 1.0), (5.0, 6.0, 1.0, 2.0, 3.0, 4.0, 5.0, 6.0, 1.0, 2.0)), [[('K.318 Musescore', 'P1', 1, (399, 409), (85, 5.0), (87, 2.0)), ('K.318 Musescore', 'P1', 1, (410, 420), (87, 5.0), (89, 2.0))], [('K.318 Musescore', 'P1', 1, (425, 435), (90, 5.0), (92, 2.0)), ('K.318 Musescore', 'P1', 1, (436, 446), (92, 5.0), (94, 2.0))]]) 

8 .    (((-2, -2, 2), (2.0, 1.0, 2.0), (4.0, 6.0, 1.0)), [[('K.318 Musescore', 'P1', 3, (422, 425), (133, 4.0), (134, 1.0)), ('K.318 Musescore', 'P1', 3, (426, 429), (134, 4.0), (135, 1.0)), ('K.318 Musescore', 'P1', 3, (430, 433), (135, 4.0), (136, 1.0)), ('K.318 Musescore', 'P1', 3, (434, 437), (136, 4.0), (137, 1.0)), ('K.318 Musescore', 'P1', 3, (438, 441), (137, 4.0), (138, 1.0))], [('K.318 Musescore', 'P1', 3, (552, 555), (186, 4.0), (187, 1.0)), ('K.318 Musescore', 'P1', 3, (556, 559), (187, 4.0), (188, 1.0)), ('K.318 Musescore', 'P1', 3, (560, 563), (188, 4.0), (189, 1.0)), ('K.318 Musescore', 'P1', 3, (564, 567), (189, 4.0), (190, 1.0)), ('K.318 Musescore', 'P1', 3, (568, 571), (190, 4.0), (191, 1.0))]]) 

9 .    (((2, -2, -2), (1.0, 2.0, 1.0), (3.0, 4.0, 6.0)), [[('K.318 Musescore', 'P1', 3, (421, 424), (133, 3.0), (133, 6.0)), ('K.318 Musescore', 'P1', 3, (425, 428), (134, 3.0), (134, 6.0)), ('K.318 Musescore', 'P1', 3, (429, 432), (135, 3.0), (135, 6.0)), ('K.318 Musescore', 'P1', 3, (433, 436), (136, 3.0), (136, 6.0)), ('K.318 Musescore', 'P1', 3, (437, 440), (137, 3.0), (137, 6.0))], [('K.318 Musescore', 'P1', 3, (551, 554), (186, 3.0), (186, 6.0)), ('K.318 Musescore', 'P1', 3, (555, 558), (187, 3.0), (187, 6.0))]]) 

10 .    (((-2, -2, -2, -2, -3, 4, -5, 2), (0.5, 0.5, 0.25, 0.25, 0.5, 0.5, 0.5, 0.5), (1.5, 2.0, 2.5, 2.75, 1.0, 1.5, 2.0, 2.5)), [[('K.318 Musescore', 'P1', 3, (116, 124), (29, 1.5), (30, 2.5)), ('K.318 Musescore', 'P1', 3, (125, 133), (31, 1.5), (32, 2.5))], [('K.318 Musescore', 'P1', 3, (250, 258), (67, 1.5), (68, 2.5)), ('K.318 Musescore', 'P1', 3, (259, 267), (69, 1.5), (70, 2.5))]]) 

11 .    (((2, 2, 2, -2, -2, -2, -2), (0.25, 0.25, 0.25, 0.25, 0.25, 0.25, 0.25), (1.0, 1.25, 1.5, 1.75, 2.0, 2.25, 2.5)), [[('K.318 Musescore', 'P1', 1, (107, 114), (22, 1.0), (22, 2.5)), ('K.318 Musescore', 'P1', 1, (115, 122), (23, 1.0), (23, 2.5))], [('K.318 Musescore', 'P1', 2, (7, 14), (34, 1.0), (34, 2.5)), ('K.318 Musescore', 'P1', 2, (15, 22), (35, 1.0), (35, 2.5))], [('K.318 Musescore', 'P1', 2, (48, 55), (72, 1.0), (72, 2.5)), ('K.318 Musescore', 'P1', 2, (56, 63), (73, 1.0), (73, 2.5))]]) 

12 .    (((-2, -2, 2), (0.5, 0.5, 0.5), (2.0, 2.5, 1.0)), [[('K.318 Musescore', 'P1', 3, (138, 141), (34, 2.0), (35, 1.0)), ('K.318 Musescore', 'P1', 3, (142, 145), (35, 2.0), (36, 1.0)), ('K.318 Musescore', 'P1', 3, (146, 149), (36, 2.0), (37, 1.0)), ('K.318 Musescore', 'P1', 3, (150, 153), (37, 2.0), (38, 1.0))], [('K.318 Musescore', 'P1', 3, (272, 275), (72, 2.0), (73, 1.0)), ('K.318 Musescore', 'P1', 3, (276, 279), (73, 2.0), (74, 1.0)), ('K.318 Musescore', 'P1', 3, (280, 283), (74, 2.0), (75, 1.0))]]) 

13 .    (((2, 2, -2), (2.0, 1.0, 2.0), (1.0, 3.0, 4.0)), [[('K.318 Musescore', 'P1', 3, (550, 553), (186, 1.0), (186, 4.0)), ('K.318 Musescore', 'P1', 3, (554, 557), (187, 1.0), (187, 4.0))]]) 

14 .    (((2, -2, -2), (0.5, 0.5, 0.5), (1.5, 2.0, 2.5)), [[('K.318 Musescore', 'P1', 3, (137, 140), (34, 1.5), (34, 2.5)), ('K.318 Musescore', 'P1', 3, (141, 144), (35, 1.5), (35, 2.5)), ('K.318 Musescore', 'P1', 3, (145, 148), (36, 1.5), (36, 2.5)), ('K.318 Musescore', 'P1', 3, (149, 152), (37, 1.5), (37, 2.5))], [('K.318 Musescore', 'P1', 3, (271, 274), (72, 1.5), (72, 2.5)), ('K.318 Musescore', 'P1', 3, (275, 278), (73, 1.5), (73, 2.5)), ('K.318 Musescore', 'P1', 3, (279, 282), (74, 1.5), (74, 2.5))]]) 

15 .    ((((7, 1), (7, 4), (3, 1)), ((0.0, 3.0), (0.0, 3.0), (0.0, 3.0)), (1.0, 4.0, 1.0)), [[('K.318 Musescore', 'P1', 3, (378, 381), (116, 1.0), (117, 1.0)), ('K.318 Musescore', 'P1', 3, (382, 385), (118, 1.0), (119, 1.0))], [('K.318 Musescore', 'P1', 3, (509, 512), (169, 1.0), (170, 1.0)), ('K.318 Musescore', 'P1', 3, (513, 516), (171, 1.0), (172, 1.0)), ('K.318 Musescore', 'P1', 3, (517, 520), (173, 1.0), (174, 1.0))]]) 

16 .    (((2, -2, -2), (3.0, 3.0, 3.0), (4.0, 1.0, 4.0)), [[('K.318 Musescore', 'P1', 1, (553, 556), (116, 4.0), (117, 4.0)), ('K.318 Musescore', 'P1', 1, (557, 560), (118, 4.0), (119, 4.0))], [('K.318 Musescore', 'P1', 1, (861, 864), (169, 4.0), (170, 4.0)), ('K.318 Musescore', 'P1', 1, (865, 868), (171, 4.0), (172, 4.0))]]) 

17 .    (((1, 2, -2), (3.0, 3.0, 3.0), (1.0, 4.0, 1.0)), [[('K.318 Musescore', 'P1', 1, (552, 555), (116, 1.0), (117, 1.0)), ('K.318 Musescore', 'P1', 1, (556, 559), (118, 1.0), (119, 1.0))], [('K.318 Musescore', 'P1', 1, (860, 863), (169, 1.0), (170, 1.0)), ('K.318 Musescore', 'P1', 1, (864, 867), (171, 1.0), (172, 1.0))]]) 

18 .    ((((4, 3, 1), (4, 3, -2), (5, 2, 1)), ((0.0, 0.0, 0.5), (0.0, 0.0, 0.5), (0.0, 0.0, 0.5)), (2.0, 2.5, 1.0)), [[('K.318 Musescore', 'P1', 3, (42, 45), (13, 2.0), (14, 1.0)), ('K.318 Musescore', 'P1', 3, (46, 49), (14, 2.0), (15, 1.0))], [('K.318 Musescore', 'P1', 3, (167, 170), (42, 2.0), (43, 1.0)), ('K.318 Musescore', 'P1', 3, (171, 174), (43, 2.0), (44, 1.0))]]) 

19 .    ((((3, 2), (3, -2), (3, -3)), ((0.0, 3.0), (0.0, 3.0), (0.0, 3.0)), (1.0, 4.0, 1.0)), [[('K.318 Musescore', 'P1', 3, (304, 307), (85, 1.0), (86, 1.0)), ('K.318 Musescore', 'P1', 3, (308, 311), (87, 1.0), (88, 1.0))], [('K.318 Musescore', 'P1', 3, (314, 317), (90, 1.0), (91, 1.0)), ('K.318 Musescore', 'P1', 3, (318, 321), (92, 1.0), (93, 1.0))]]) 

