1.    nomes:
K.380 Musescore

2.    quantidade:
1

3.    analise:
[('intDia', 'p1p2'), ('duracao', 'p1p2'), ('Ptempo', 'p1')] SemContInte Distancia: 0

1.    ((1, 1, 1, 1, 1, (4, 5), -3, 2, -4, 1, 1, 1, 1, 1, (4, 5), -3, 1, 2, 1, 2, 1, 2, 1, 2, 1, 2, 1, 2, 1, 2, 1, 2, -3, 1, -2, 4, -3, -2, 1, -2, -2, 1, -2, 2, 2, -4, -2, 2), (0.5, 0.25, 0.25, 0.5, 0.5, (0.0, 1.0), 1.0, 1.0, 1.0, 0.5, 0.25, 0.25, 0.5, 0.5, (0.0, 1.0), 0.25, 0.25, 0.25, 0.25, 0.25, 0.25, 0.25, 0.25, 0.25, 0.25, 0.25, 0.25, 0.25, 0.25, 0.25, 0.25, 1.5, 0.25, 0.25, 0.25, 0.25, 0.25, 0.25, 0.0, 1.5, 0.25, 0.25, 0.25, 0.25, 0.25, 0.25, 1.0, 1.0), (0.0,)):
('K.380 Musescore', 'P1', 1, (76, 124), (19,), (2.0,), (25,), (1.0,))
('K.380 Musescore', 'P1', 1, (136, 184), (27,), (2.0,), (33,), (1.0,))

2.    ((1, 1, -4, 4, 1, 1, -4, 4, 1, 1, -3, -2, -2, 1, -2, -2, -2, 2, -2, 2, -2, 8, 1, 1, -4, 4, 1, 1, -4, 4, 1, 1, -3, -2, -2, 1, -2, -2, -2, 2), (0.25, 0.25, 0.25, 0.25, 0.25, 0.25, 0.25, 0.25, 0.25, 0.25, 0.25, 0.25, 0.25, 0.25, 0.25, 0.25, 0.25, 0.25, 0.75, 0.12, 0.12, 0.5, 0.25, 0.25, 0.25, 0.25, 0.25, 0.25, 0.25, 0.25, 0.25, 0.25, 0.25, 0.25, 0.25, 0.25, 0.25, 0.25, 0.25, 0.25), (0.5,)):
('K.380 Musescore', 'P1', 1, (199, 239), (36,), (2.5,), (39,), (3.75,))
('K.380 Musescore', 'P1', 1, (444, 484), (73,), (2.5,), (76,), (3.75,))

3.    ((2, -4, 1, 1, 1, 1, 1, (4, 5), -3, 1, 2, 1, 2, 1, 2, 1, 2, 1, 2, 1, 2, 1, 2, 1, 2, -3, 1, -2, 4, -3, -2, -2, -2, 1, -2, 2, 2, -4, -2, 2), (1.0, 1.0, 0.5, 0.25, 0.25, 0.5, 0.5, (0.0, 1.0), 0.25, 0.25, 0.25, 0.25, 0.25, 0.25, 0.25, 0.25, 0.25, 0.25, 0.25, 0.25, 0.25, 0.25, 0.25, 0.25, 1.5, 0.25, 0.25, 0.25, 0.25, 0.25, 0.25, 1.5, 0.25, 0.25, 0.25, 0.25, 0.25, 0.25, 1.0, 1.0), (0.0,)):
('K.380 Musescore', 'P1', 1, (339, 379), (58,), (3.0,), (63,), (1.0,))
('K.380 Musescore', 'P1', 1, (398, 438), (66,), (3.0,), (71,), (1.0,))

4.    ((1, 1, 8, 1, 1, 1, 1, 1, -8, 1, 1, 8, 1, 1, -2, 1, 1, -2, 1, 1, 2, 2, 1), (1.0, 1.0, 1.0, 0.5, 0.25, 0.25, 0.5, 0.5, 1.0, 1.0, 1.0, 1.0, 1.0, 1.0, 1.0, 1.0, 1.0, 1.0, 1.0, 1.0, 1.0, 1.0, 1.0), (0.0,)):
('K.380 Musescore', 'P1', 3, (57, 80), (19,), (2.0,), (25,), (3.0,))
('K.380 Musescore', 'P1', 3, (84, 107), (27,), (2.0,), (33,), (3.0,))

5.    ((-2, -2, -2, -3, 2, -4, 1, 1, 1, 8, -2, -2, -2, -3, 2, -4, 1, 1, 1), (0.38, 0.12, 0.5, 0.5, 0.5, 0.5, 0.5, 1.0, 1.0, 1.0, 0.38, 0.12, 0.5, 0.5, 0.5, 0.5, 0.5, 1.0, 1.0), (0.0,)):
('K.380 Musescore', 'P1', 1, (0, 19), (1,), (1.0,), (4,), (2.0,))
('K.380 Musescore', 'P1', 3, (1, 20), (5,), (1.0,), (8,), (2.0,))

6.    ((1, 1, 1, 1, 2, 3, -4, 1, 1, -3, (3, 1), (3, 1), (3, -3), (4, 1), (4, 1), (4, 4), (4, 1), (3, 2)), (0.5, 0.25, 0.25, 0.5, 0.5, 0.5, 3.5, 1.0, 1.0, 1.0, (0.0, 1.0), (0.0, 1.0), (0.0, 1.0), (0.0, 1.0), (0.0, 1.0), (0.0, 1.0), (0.0, 1.0), (0.0, 1.0)), (0.0,)):
('K.380 Musescore', 'P1', 4, (29, 47), (20,), (2.0,), (25,), (3.0,))
('K.380 Musescore', 'P1', 4, (51, 69), (28,), (2.0,), (33,), (3.0,))

7.    ((1, 1, 1, 1, 2, 3, -8, 5, 1, 1, 1, 1, 2, 3), (0.5, 0.25, 0.25, 0.5, 0.5, 0.5, 0.5, 3.0, 0.5, 0.25, 0.25, 0.5, 0.5, 0.5), (0.0,)):
('K.380 Musescore', 'P1', 2, (19, 33), (19,), (2.0,), (21,), (1.0,))
('K.380 Musescore', 'P1', 2, (34, 48), (27,), (2.0,), (29,), (1.0,))

8.    ((3, -2, -2, -2, -2, -2, -2, -2, -2, -2, 2), (0.25, 0.25, 0.25, 0.25, 0.25, 0.25, 0.25, 0.25, 0.25, 0.25, 0.25), (0.25,)):
('K.380 Musescore', 'P1', 1, (24, 35), (9,), (1.25,), (9,), (3.75,))
('K.380 Musescore', 'P1', 1, (36, 47), (11,), (1.25,), (11,), (3.75,))

9.    ((1, 1, 1, 1, 1, 1, -2, 1, 1, -2, 1), (1.0, 1.0, 1.0, 1.0, 1.0, 1.0, 1.0, 1.0, 1.0, 1.0, 1.0), (0.0,)):
('K.380 Musescore', 'P1', 3, (131, 142), (42,), (1.0,), (46,), (2.0,))
('K.380 Musescore', 'P1', 3, (149, 160), (47,), (1.0,), (51,), (2.0,))

10.    ((3, -2, -2, -2, -2, -2, -2, -2, -2, -2), (0.25, 0.25, 0.25, 0.25, 0.25, 0.25, 0.25, 0.25, 0.25, 0.25), (0.25,)):
('K.380 Musescore', 'P1', 1, (24, 34), (9,), (1.25,), (9,), (3.5,))
('K.380 Musescore', 'P1', 1, (36, 46), (11,), (1.25,), (11,), (3.5,))
('K.380 Musescore', 'P1', 3, (23, 33), (10,), (1.25,), (10,), (3.5,))

11.    ((-2, -2, 1, 1, 3, -2, -2, 1, 1), (1.0, 1.0, 1.0, 1.0, 2.0, 1.0, 1.0, 1.0, 1.0), (0.0,)):
('K.380 Musescore', 'P1', 2, (0, 9), (1,), (2.0,), (4,), (2.0,))
('K.380 Musescore', 'P1', 4, (0, 9), (5,), (2.0,), (8,), (2.0,))

12.    ((2, -4, 1, 1, 1, 1, 1, (4, 5)), (0.12, 0.12, 0.5, 0.25, 0.25, 0.5, 0.5, (0.0, 1.0)), (0.75,)):
('K.380 Musescore', 'P1', 1, (272, 280), (45,), (1.75,), (46,), (1.0,))
('K.380 Musescore', 'P1', 1, (283, 291), (47,), (1.75,), (48,), (1.0,))

13.    ((1, 1, 1, 1, 2, 3, -4), (0.5, 0.25, 0.25, 0.5, 0.5, 0.5, 3.5), (0.0,)):
('K.380 Musescore', 'P1', 2, (64, 71), (46,), (2.0,), (46,), (1.5,))
('K.380 Musescore', 'P1', 4, (29, 36), (20,), (2.0,), (20,), (1.5,))
('K.380 Musescore', 'P1', 4, (51, 58), (28,), (2.0,), (28,), (1.5,))

14.    ((-2, -2, -2, -2, 2, -2, 2), (0.25, 0.25, 0.5, 0.25, 0.25, 0.5, 0.25), (0.5,)):
('K.380 Musescore', 'P1', 1, (322, 329), (55,), (2.5,), (55,), (1.5,))
('K.380 Musescore', 'P1', 2, (86, 93), (53,), (2.5,), (53,), (1.5,))

15.    ((3, 1, 1, 3, -2, -3, -2), (0.5, 0.25, 0.25, 0.5, 0.5, 0.5, 0.5), (0.0,)):
('K.380 Musescore', 'P1', 2, (49, 56), (34,), (2.0,), (34,), (1.5,))
('K.380 Musescore', 'P1', 2, (56, 63), (35,), (2.0,), (35,), (1.5,))

16.    ((4, -8, 3, 2, 2, -8, 4), (1.0, 1.0, 1.0, 1.0, 1.0, 1.0, 1.0), (0.0,)):
('K.380 Musescore', 'P1', 3, (119, 126), (37,), (1.0,), (39,), (1.0,))
('K.380 Musescore', 'P1', 3, (237, 244), (74,), (1.0,), (76,), (1.0,))

17.    ((1, 1, 1, 1, 2, 3), (0.5, 0.25, 0.25, 0.5, 0.5, 0.5), (0.0,)):
('K.380 Musescore', 'P1', 2, (19, 25), (19,), (2.0,), (19,), (1.0,))
('K.380 Musescore', 'P1', 2, (27, 33), (21,), (2.0,), (21,), (1.0,))
('K.380 Musescore', 'P1', 2, (34, 40), (27,), (2.0,), (27,), (1.0,))
('K.380 Musescore', 'P1', 2, (42, 48), (29,), (2.0,), (29,), (1.0,))
('K.380 Musescore', 'P1', 2, (64, 70), (46,), (2.0,), (46,), (1.0,))
('K.380 Musescore', 'P1', 2, (71, 77), (48,), (2.0,), (48,), (1.0,))
('K.380 Musescore', 'P1', 2, (115, 121), (59,), (2.0,), (59,), (1.0,))
('K.380 Musescore', 'P1', 2, (122, 128), (65,), (2.0,), (65,), (1.0,))
('K.380 Musescore', 'P1', 2, (130, 136), (67,), (2.0,), (67,), (1.0,))
('K.380 Musescore', 'P1', 3, (207, 213), (66,), (2.0,), (66,), (1.0,))
('K.380 Musescore', 'P1', 4, (29, 35), (20,), (2.0,), (20,), (1.0,))
('K.380 Musescore', 'P1', 4, (51, 57), (28,), (2.0,), (28,), (1.0,))
('K.380 Musescore', 'P1', 4, (91, 97), (47,), (2.0,), (47,), (1.0,))

18.    ((1, 1, 1, 1, 1, -2), (1.0, 1.0, 1.0, 1.0, 1.0, 1.0), (0.0,)):
('K.380 Musescore', 'P1', 3, (132, 138), (43,), (2.0,), (44,), (1.0,))
('K.380 Musescore', 'P1', 3, (150, 156), (48,), (2.0,), (49,), (1.0,))
('K.380 Musescore', 'P1', 4, (101, 107), (49,), (2.0,), (50,), (1.0,))

19.    ((1, 1, 1, 3, -2, -5), (0.5, 0.25, 0.25, 0.5, 0.5, 0.5), (0.0,)):
('K.380 Musescore', 'P1', 1, (184, 190), (34,), (2.0,), (34,), (1.0,))
('K.380 Musescore', 'P1', 1, (191, 197), (35,), (2.0,), (35,), (1.0,))

20.    ((1, 1, 1, 1, 1), (0.5, 0.25, 0.25, 0.5, 0.5), (0.0,)):
('K.380 Musescore', 'P1', 1, (76, 81), (19,), (2.0,), (19,), (3.5,))
('K.380 Musescore', 'P1', 1, (85, 90), (21,), (2.0,), (21,), (3.5,))
('K.380 Musescore', 'P1', 1, (136, 141), (27,), (2.0,), (27,), (3.5,))
('K.380 Musescore', 'P1', 1, (145, 150), (29,), (2.0,), (29,), (3.5,))
('K.380 Musescore', 'P1', 1, (274, 279), (46,), (2.0,), (46,), (3.5,))
('K.380 Musescore', 'P1', 1, (285, 290), (48,), (2.0,), (48,), (3.5,))
('K.380 Musescore', 'P1', 1, (332, 337), (57,), (2.0,), (57,), (3.5,))
('K.380 Musescore', 'P1', 1, (341, 346), (59,), (2.0,), (59,), (3.5,))
('K.380 Musescore', 'P1', 1, (391, 396), (65,), (2.0,), (65,), (3.5,))
('K.380 Musescore', 'P1', 1, (400, 405), (67,), (2.0,), (67,), (3.5,))
('K.380 Musescore', 'P1', 3, (60, 65), (20,), (2.0,), (20,), (3.5,))
('K.380 Musescore', 'P1', 3, (87, 92), (28,), (2.0,), (28,), (3.5,))
('K.380 Musescore', 'P1', 3, (144, 149), (47,), (2.0,), (47,), (3.5,))
('K.380 Musescore', 'P1', 4, (139, 144), (66,), (2.0,), (66,), (3.5,))

21.    ((-4, 1, 1, 1, 2), (0.5, 0.25, 0.25, 0.5, 0.5), (0.0,)):
('K.380 Musescore', 'P1', 1, (243, 248), (41,), (2.0,), (41,), (3.5,))
('K.380 Musescore', 'P1', 2, (108, 113), (57,), (2.0,), (57,), (3.5,))

22.    ((1, 1, -7, 1, 1), (1.0, 1.0, 1.0, 1.0, 1.0), (0.0,)):
('K.380 Musescore', 'P1', 3, (46, 51), (15,), (1.0,), (16,), (2.0,))
('K.380 Musescore', 'P1', 3, (220, 225), (69,), (2.0,), (70,), (3.0,))

23.    ((2, -2, -2, 1, 2), (1.0, 1.0, 1.0, 1.0, 1.0), (0.0,)):
('K.380 Musescore', 'P1', 3, (162, 167), (52,), (2.0,), (53,), (3.0,))
('K.380 Musescore', 'P1', 3, (168, 173), (54,), (2.0,), (55,), (3.0,))

24.    ((1, 1, -2, (4, 1), (4, 1)), (1.0, 1.0, 1.0, (0.0, 1.0), (0.0, 1.0)), (0.0,)):
('K.380 Musescore', 'P1', 3, (189, 194), (60,), (2.0,), (61,), (3.0,))
('K.380 Musescore', 'P1', 4, (145, 150), (68,), (2.0,), (69,), (3.0,))

25.    ((1, 1, 1, 1, 1), (1.0, 1.0, 1.0, 1.0, 1.0), (0.0,)):
('K.380 Musescore', 'P1', 3, (217, 222), (68,), (2.0,), (69,), (3.0,))
('K.380 Musescore', 'P1', 4, (127, 132), (60,), (2.0,), (61,), (3.0,))

26.    (((4, 1), (4, 1), (4, 2), (3, 1), (3, 1)), ((0.0, 1.0), (0.0, 1.0), (0.0, 1.0), (0.0, 1.0), (0.0, 1.0)), (0.0,)):
('K.380 Musescore', 'P1', 4, (10, 15), (12,), (1.0,), (13,), (2.0,))
('K.380 Musescore', 'P1', 4, (16, 21), (14,), (1.0,), (15,), (2.0,))

27.    (((4, 1), (4, 1), (4, 4), (4, 1), (3, 2)), ((0.0, 1.0), (0.0, 1.0), (0.0, 1.0), (0.0, 1.0), (0.0, 1.0)), (0.0,)):
('K.380 Musescore', 'P1', 4, (133, 138), (62,), (2.0,), (63,), (3.0,))
('K.380 Musescore', 'P1', 4, (151, 156), (70,), (2.0,), (71,), (3.0,))

28.    ((1, 1, 1, 1), (0.5, 0.25, 0.25, 0.5), (0.0,)):
('K.380 Musescore', 'P1', 1, (76, 80), (19,), (2.0,), (19,), (3.0,))
('K.380 Musescore', 'P1', 1, (85, 89), (21,), (2.0,), (21,), (3.0,))
('K.380 Musescore', 'P1', 1, (136, 140), (27,), (2.0,), (27,), (3.0,))
('K.380 Musescore', 'P1', 1, (145, 149), (29,), (2.0,), (29,), (3.0,))
('K.380 Musescore', 'P1', 1, (274, 278), (46,), (2.0,), (46,), (3.0,))
('K.380 Musescore', 'P1', 1, (285, 289), (48,), (2.0,), (48,), (3.0,))
('K.380 Musescore', 'P1', 1, (332, 336), (57,), (2.0,), (57,), (3.0,))
('K.380 Musescore', 'P1', 1, (341, 345), (59,), (2.0,), (59,), (3.0,))
('K.380 Musescore', 'P1', 1, (391, 395), (65,), (2.0,), (65,), (3.0,))
('K.380 Musescore', 'P1', 1, (400, 404), (67,), (2.0,), (67,), (3.0,))
('K.380 Musescore', 'P1', 2, (19, 23), (19,), (2.0,), (19,), (3.0,))
('K.380 Musescore', 'P1', 2, (27, 31), (21,), (2.0,), (21,), (3.0,))
('K.380 Musescore', 'P1', 2, (34, 38), (27,), (2.0,), (27,), (3.0,))
('K.380 Musescore', 'P1', 2, (42, 46), (29,), (2.0,), (29,), (3.0,))
('K.380 Musescore', 'P1', 2, (64, 68), (46,), (2.0,), (46,), (3.0,))
('K.380 Musescore', 'P1', 2, (71, 75), (48,), (2.0,), (48,), (3.0,))
('K.380 Musescore', 'P1', 2, (78, 82), (50,), (2.0,), (50,), (3.0,))
('K.380 Musescore', 'P1', 2, (115, 119), (59,), (2.0,), (59,), (3.0,))
('K.380 Musescore', 'P1', 2, (122, 126), (65,), (2.0,), (65,), (3.0,))
('K.380 Musescore', 'P1', 2, (130, 134), (67,), (2.0,), (67,), (3.0,))
('K.380 Musescore', 'P1', 3, (60, 64), (20,), (2.0,), (20,), (3.0,))
('K.380 Musescore', 'P1', 3, (87, 91), (28,), (2.0,), (28,), (3.0,))
('K.380 Musescore', 'P1', 3, (144, 148), (47,), (2.0,), (47,), (3.0,))
('K.380 Musescore', 'P1', 3, (207, 211), (66,), (2.0,), (66,), (3.0,))
('K.380 Musescore', 'P1', 4, (29, 33), (20,), (2.0,), (20,), (3.0,))
('K.380 Musescore', 'P1', 4, (51, 55), (28,), (2.0,), (28,), (3.0,))
('K.380 Musescore', 'P1', 4, (91, 95), (47,), (2.0,), (47,), (3.0,))
('K.380 Musescore', 'P1', 4, (139, 143), (66,), (2.0,), (66,), (3.0,))

29.    ((-2, -2, -2, 2), (0.38, 0.12, 1.0, 1.0), (0.0,)):
('K.380 Musescore', 'P1', 1, (48, 52), (13,), (1.0,), (13,), (2.5,))
('K.380 Musescore', 'P1', 1, (53, 57), (14,), (1.0,), (14,), (2.5,))
('K.380 Musescore', 'P1', 1, (58, 62), (15,), (1.0,), (15,), (2.5,))
('K.380 Musescore', 'P1', 1, (63, 67), (16,), (1.0,), (16,), (2.5,))
('K.380 Musescore', 'P1', 2, (10, 14), (12,), (1.0,), (12,), (2.5,))

30.    ((1, 1, 3, -2), (0.25, 0.25, 0.5, 0.5), (0.5,)):
('K.380 Musescore', 'P1', 1, (185, 189), (34,), (2.5,), (34,), (3.5,))
('K.380 Musescore', 'P1', 1, (192, 196), (35,), (2.5,), (35,), (3.5,))
('K.380 Musescore', 'P1', 2, (50, 54), (34,), (2.5,), (34,), (3.5,))
('K.380 Musescore', 'P1', 2, (57, 61), (35,), (2.5,), (35,), (3.5,))

31.    ((-2, -2, 1), (1.0, 1.0, 1.0), (0.0,)):
('K.380 Musescore', 'P1', 2, (0, 3), (1,), (2.0,), (2,), (1.0,))
('K.380 Musescore', 'P1', 2, (5, 8), (3,), (2.0,), (4,), (1.0,))
('K.380 Musescore', 'P1', 3, (163, 166), (52,), (3.0,), (53,), (2.0,))
('K.380 Musescore', 'P1', 3, (169, 172), (54,), (3.0,), (55,), (2.0,))
('K.380 Musescore', 'P1', 4, (0, 3), (5,), (2.0,), (6,), (1.0,))
('K.380 Musescore', 'P1', 4, (5, 8), (7,), (2.0,), (8,), (1.0,))
('K.380 Musescore', 'P1', 4, (111, 114), (52,), (3.0,), (53,), (2.0,))

32.    ((-2, -3, 2), (0.5, 0.5, 0.5), (0.5,)):
('K.380 Musescore', 'P1', 1, (2, 5), (1,), (1.5,), (1,), (2.5,))
('K.380 Musescore', 'P1', 1, (12, 15), (3,), (1.5,), (3,), (2.5,))
('K.380 Musescore', 'P1', 2, (141, 144), (72,), (3.5,), (72,), (1.5,))
('K.380 Musescore', 'P1', 3, (3, 6), (5,), (1.5,), (5,), (2.5,))
('K.380 Musescore', 'P1', 3, (13, 16), (7,), (1.5,), (7,), (2.5,))

33.    ((2, -2, -2), (1.0, 1.0, 1.0), (0.0,)):
('K.380 Musescore', 'P1', 3, (162, 165), (52,), (2.0,), (52,), (1.0,))
('K.380 Musescore', 'P1', 3, (168, 171), (54,), (2.0,), (54,), (1.0,))
('K.380 Musescore', 'P1', 4, (109, 112), (51,), (1.0,), (52,), (3.0,))

34.    ((-3, 3, -3), (0.5, 0.5, 0.5), (0.0,)):
('K.380 Musescore', 'P1', 1, (263, 266), (44,), (3.0,), (44,), (1.0,))
('K.380 Musescore', 'P1', 1, (291, 294), (49,), (2.0,), (49,), (3.0,))

35.    ((2, -2, -2), (0.25, 0.5, 0.25), (0.75,)):
('K.380 Musescore', 'P1', 2, (93, 96), (53,), (1.75,), (54,), (2.5,))
('K.380 Musescore', 'P1', 2, (96, 99), (54,), (2.75,), (54,), (3.5,))

36.    ((1, -4, 4), (1.0, 1.0, 1.0), (0.0,)):
('K.380 Musescore', 'P1', 3, (108, 111), (34,), (2.0,), (34,), (1.0,))
('K.380 Musescore', 'P1', 3, (111, 114), (35,), (2.0,), (35,), (1.0,))

37.    ((2, 2, 1), (1.0, 1.0, 1.0), (0.0,)):
('K.380 Musescore', 'P1', 3, (116, 119), (36,), (1.0,), (37,), (3.0,))
('K.380 Musescore', 'P1', 3, (225, 228), (70,), (1.0,), (71,), (3.0,))

38.    ((1, 1, 15), (1.0, 1.0, 1.0), (0.0,)):
('K.380 Musescore', 'P1', 3, (177, 180), (57,), (2.0,), (57,), (1.0,))
('K.380 Musescore', 'P1', 3, (186, 189), (59,), (2.0,), (59,), (1.0,))

39.    ((1, 1, 19), (1.0, 1.0, 1.0), (0.0,)):
('K.380 Musescore', 'P1', 3, (204, 207), (65,), (2.0,), (65,), (1.0,))
('K.380 Musescore', 'P1', 3, (214, 217), (67,), (2.0,), (67,), (1.0,))

40.    ((1, 1, 4), (1.0, 1.0, 1.0), (0.0,)):
('K.380 Musescore', 'P1', 3, (49, 52), (16,), (1.0,), (16,), (3.0,))
('K.380 Musescore', 'P1', 4, (113, 116), (53,), (2.0,), (53,), (1.0,))

41.    ((1, 1, 12), (1.0, 1.0, 1.0), (0.0,)):
('K.380 Musescore', 'P1', 4, (88, 91), (46,), (2.0,), (46,), (1.0,))
('K.380 Musescore', 'P1', 4, (98, 101), (48,), (2.0,), (48,), (1.0,))

42.    ((1, 1), (1.0, 1.0), (0.0,)):
('K.380 Musescore', 'P1', 1, (7, 9), (2,), (1.0,), (2,), (2.0,))
('K.380 Musescore', 'P1', 1, (17, 19), (4,), (1.0,), (4,), (2.0,))
('K.380 Musescore', 'P1', 1, (298, 300), (50,), (2.0,), (50,), (3.0,))
('K.380 Musescore', 'P1', 2, (2, 4), (2,), (1.0,), (2,), (2.0,))
('K.380 Musescore', 'P1', 2, (7, 9), (4,), (1.0,), (4,), (2.0,))
('K.380 Musescore', 'P1', 3, (8, 10), (6,), (1.0,), (6,), (2.0,))
('K.380 Musescore', 'P1', 3, (18, 20), (8,), (1.0,), (8,), (2.0,))
('K.380 Musescore', 'P1', 3, (34, 36), (11,), (1.0,), (11,), (2.0,))
('K.380 Musescore', 'P1', 3, (37, 39), (12,), (1.0,), (12,), (2.0,))
('K.380 Musescore', 'P1', 3, (40, 42), (13,), (1.0,), (13,), (2.0,))
('K.380 Musescore', 'P1', 3, (43, 45), (14,), (1.0,), (14,), (2.0,))
('K.380 Musescore', 'P1', 3, (46, 48), (15,), (1.0,), (15,), (2.0,))
('K.380 Musescore', 'P1', 3, (49, 51), (16,), (1.0,), (16,), (2.0,))
('K.380 Musescore', 'P1', 3, (52, 54), (17,), (1.0,), (17,), (2.0,))
('K.380 Musescore', 'P1', 3, (57, 59), (19,), (2.0,), (19,), (3.0,))
('K.380 Musescore', 'P1', 3, (66, 68), (21,), (2.0,), (21,), (3.0,))
('K.380 Musescore', 'P1', 3, (69, 71), (22,), (2.0,), (22,), (3.0,))
('K.380 Musescore', 'P1', 3, (72, 74), (23,), (2.0,), (23,), (3.0,))
('K.380 Musescore', 'P1', 3, (75, 77), (24,), (2.0,), (24,), (3.0,))
('K.380 Musescore', 'P1', 3, (84, 86), (27,), (2.0,), (27,), (3.0,))
('K.380 Musescore', 'P1', 3, (93, 95), (29,), (2.0,), (29,), (3.0,))
('K.380 Musescore', 'P1', 3, (96, 98), (30,), (2.0,), (30,), (3.0,))
('K.380 Musescore', 'P1', 3, (99, 101), (31,), (2.0,), (31,), (3.0,))
('K.380 Musescore', 'P1', 3, (102, 104), (32,), (2.0,), (32,), (3.0,))
('K.380 Musescore', 'P1', 3, (128, 130), (41,), (1.0,), (42,), (2.0,))
('K.380 Musescore', 'P1', 3, (130, 132), (42,), (3.0,), (42,), (1.0,))
('K.380 Musescore', 'P1', 3, (132, 134), (43,), (2.0,), (43,), (3.0,))
('K.380 Musescore', 'P1', 3, (134, 136), (43,), (1.0,), (44,), (2.0,))
('K.380 Musescore', 'P1', 3, (138, 140), (45,), (2.0,), (45,), (3.0,))
('K.380 Musescore', 'P1', 3, (141, 143), (46,), (2.0,), (46,), (3.0,))
('K.380 Musescore', 'P1', 3, (149, 151), (47,), (1.0,), (48,), (2.0,))
('K.380 Musescore', 'P1', 3, (151, 153), (48,), (3.0,), (48,), (1.0,))
('K.380 Musescore', 'P1', 3, (153, 155), (49,), (2.0,), (49,), (3.0,))
('K.380 Musescore', 'P1', 3, (156, 158), (50,), (2.0,), (50,), (3.0,))
('K.380 Musescore', 'P1', 3, (177, 179), (57,), (2.0,), (57,), (3.0,))
('K.380 Musescore', 'P1', 3, (186, 188), (59,), (2.0,), (59,), (3.0,))
('K.380 Musescore', 'P1', 3, (189, 191), (60,), (2.0,), (60,), (3.0,))
('K.380 Musescore', 'P1', 3, (195, 197), (62,), (2.0,), (62,), (3.0,))
('K.380 Musescore', 'P1', 3, (204, 206), (65,), (2.0,), (65,), (3.0,))
('K.380 Musescore', 'P1', 3, (214, 216), (67,), (2.0,), (67,), (3.0,))
('K.380 Musescore', 'P1', 3, (217, 219), (68,), (2.0,), (68,), (3.0,))
('K.380 Musescore', 'P1', 3, (219, 221), (68,), (1.0,), (69,), (2.0,))
('K.380 Musescore', 'P1', 3, (223, 225), (70,), (2.0,), (70,), (3.0,))
('K.380 Musescore', 'P1', 4, (2, 4), (6,), (1.0,), (6,), (2.0,))
('K.380 Musescore', 'P1', 4, (7, 9), (8,), (1.0,), (8,), (2.0,))
('K.380 Musescore', 'P1', 4, (36, 38), (22,), (2.0,), (22,), (3.0,))
('K.380 Musescore', 'P1', 4, (48, 50), (26,), (2.0,), (26,), (3.0,))
('K.380 Musescore', 'P1', 4, (58, 60), (30,), (2.0,), (30,), (3.0,))
('K.380 Musescore', 'P1', 4, (82, 84), (44,), (2.0,), (44,), (3.0,))
('K.380 Musescore', 'P1', 4, (88, 90), (46,), (2.0,), (46,), (3.0,))
('K.380 Musescore', 'P1', 4, (98, 100), (48,), (2.0,), (48,), (3.0,))
('K.380 Musescore', 'P1', 4, (101, 103), (49,), (2.0,), (49,), (3.0,))
('K.380 Musescore', 'P1', 4, (103, 105), (49,), (1.0,), (50,), (2.0,))
('K.380 Musescore', 'P1', 4, (113, 115), (53,), (2.0,), (53,), (3.0,))
('K.380 Musescore', 'P1', 4, (127, 129), (60,), (2.0,), (60,), (3.0,))
('K.380 Musescore', 'P1', 4, (129, 131), (60,), (1.0,), (61,), (2.0,))
('K.380 Musescore', 'P1', 4, (145, 147), (68,), (2.0,), (68,), (3.0,))

43.    ((2, 1), (1.0, 1.0), (0.0,)):
('K.380 Musescore', 'P1', 1, (437, 439), (71,), (1.0,), (72,), (2.0,))
('K.380 Musescore', 'P1', 3, (36, 38), (11,), (3.0,), (12,), (1.0,))
('K.380 Musescore', 'P1', 3, (39, 41), (12,), (3.0,), (13,), (1.0,))
('K.380 Musescore', 'P1', 3, (42, 44), (13,), (3.0,), (14,), (1.0,))
('K.380 Musescore', 'P1', 3, (45, 47), (14,), (3.0,), (15,), (1.0,))
('K.380 Musescore', 'P1', 3, (78, 80), (25,), (2.0,), (25,), (3.0,))
('K.380 Musescore', 'P1', 3, (80, 82), (25,), (1.0,), (26,), (2.0,))
('K.380 Musescore', 'P1', 3, (105, 107), (33,), (2.0,), (33,), (3.0,))
('K.380 Musescore', 'P1', 3, (117, 119), (37,), (2.0,), (37,), (3.0,))
('K.380 Musescore', 'P1', 3, (198, 200), (63,), (2.0,), (63,), (3.0,))
('K.380 Musescore', 'P1', 3, (226, 228), (71,), (2.0,), (71,), (3.0,))

44.    ((-2, -2), (0.38, 0.12), (0.0,)):
('K.380 Musescore', 'P1', 1, (0, 2), (1,), (1.0,), (1,), (1.38,))
('K.380 Musescore', 'P1', 1, (10, 12), (3,), (1.0,), (3,), (1.38,))
('K.380 Musescore', 'P1', 1, (48, 50), (13,), (1.0,), (13,), (1.38,))
('K.380 Musescore', 'P1', 1, (53, 55), (14,), (1.0,), (14,), (1.38,))
('K.380 Musescore', 'P1', 1, (58, 60), (15,), (1.0,), (15,), (1.38,))
('K.380 Musescore', 'P1', 1, (63, 65), (16,), (1.0,), (16,), (1.38,))
('K.380 Musescore', 'P1', 1, (68, 70), (17,), (1.0,), (17,), (1.38,))
('K.380 Musescore', 'P1', 2, (10, 12), (12,), (1.0,), (12,), (1.38,))
('K.380 Musescore', 'P1', 3, (1, 3), (5,), (1.0,), (5,), (1.38,))
('K.380 Musescore', 'P1', 3, (11, 13), (7,), (1.0,), (7,), (1.38,))

45.    ((-2, -2), (0.25, 0.25), (0.5,)):
('K.380 Musescore', 'P1', 1, (25, 27), (9,), (1.5,), (9,), (1.75,))
('K.380 Musescore', 'P1', 1, (29, 31), (9,), (2.5,), (9,), (2.75,))
('K.380 Musescore', 'P1', 1, (37, 39), (11,), (1.5,), (11,), (1.75,))
('K.380 Musescore', 'P1', 1, (41, 43), (11,), (2.5,), (11,), (2.75,))
('K.380 Musescore', 'P1', 1, (322, 324), (55,), (2.5,), (55,), (2.75,))
('K.380 Musescore', 'P1', 2, (86, 88), (53,), (2.5,), (53,), (2.75,))
('K.380 Musescore', 'P1', 2, (102, 104), (56,), (2.5,), (56,), (2.75,))
('K.380 Musescore', 'P1', 3, (24, 26), (10,), (1.5,), (10,), (1.75,))
('K.380 Musescore', 'P1', 3, (28, 30), (10,), (2.5,), (10,), (2.75,))
('K.380 Musescore', 'P1', 3, (32, 34), (10,), (3.5,), (10,), (3.75,))

46.    ((2, 2), (1.0, 1.0), (0.0,)):
('K.380 Musescore', 'P1', 3, (77, 79), (24,), (1.0,), (25,), (2.0,))
('K.380 Musescore', 'P1', 3, (104, 106), (32,), (1.0,), (33,), (2.0,))
('K.380 Musescore', 'P1', 3, (116, 118), (36,), (1.0,), (37,), (2.0,))
('K.380 Musescore', 'P1', 3, (122, 124), (38,), (1.0,), (39,), (2.0,))
('K.380 Musescore', 'P1', 3, (197, 199), (62,), (1.0,), (63,), (2.0,))
('K.380 Musescore', 'P1', 3, (225, 227), (70,), (1.0,), (71,), (2.0,))
('K.380 Musescore', 'P1', 3, (234, 236), (73,), (1.0,), (74,), (2.0,))
('K.380 Musescore', 'P1', 3, (240, 242), (75,), (1.0,), (76,), (2.0,))
('K.380 Musescore', 'P1', 4, (75, 77), (41,), (3.0,), (41,), (1.0,))

47.    ((2, -2), (1.0, 1.0), (0.0,)):
('K.380 Musescore', 'P1', 1, (315, 317), (53,), (1.0,), (54,), (2.0,))
('K.380 Musescore', 'P1', 3, (162, 164), (52,), (2.0,), (52,), (3.0,))
('K.380 Musescore', 'P1', 3, (168, 170), (54,), (2.0,), (54,), (3.0,))
('K.380 Musescore', 'P1', 3, (174, 176), (56,), (2.0,), (56,), (3.0,))
('K.380 Musescore', 'P1', 4, (109, 111), (51,), (1.0,), (52,), (2.0,))

48.    ((-3, 2), (1.0, 1.0), (0.0,)):
('K.380 Musescore', 'P1', 1, (82, 84), (20,), (2.0,), (20,), (3.0,))
('K.380 Musescore', 'P1', 1, (142, 144), (28,), (2.0,), (28,), (3.0,))
('K.380 Musescore', 'P1', 1, (280, 282), (47,), (2.0,), (47,), (3.0,))
('K.380 Musescore', 'P1', 3, (161, 163), (51,), (1.0,), (52,), (2.0,))

49.    ((3, 2), (1.0, 1.0), (0.0,)):
('K.380 Musescore', 'P1', 1, (397, 399), (66,), (2.0,), (66,), (3.0,))
('K.380 Musescore', 'P1', 3, (121, 123), (38,), (3.0,), (38,), (1.0,))
('K.380 Musescore', 'P1', 3, (233, 235), (73,), (3.0,), (73,), (1.0,))
('K.380 Musescore', 'P1', 3, (239, 241), (75,), (3.0,), (75,), (1.0,))

50.    ((2, -2), (0.25, 0.25), (0.5,)):
('K.380 Musescore', 'P1', 1, (306, 308), (52,), (2.5,), (52,), (2.75,))
('K.380 Musescore', 'P1', 1, (312, 314), (52,), (1.5,), (52,), (1.75,))

51.    ((-2, -2), (0.5, 0.25), (0.0,)):
('K.380 Musescore', 'P1', 1, (295, 297), (49,), (1.0,), (49,), (1.5,))
('K.380 Musescore', 'P1', 2, (101, 103), (56,), (2.0,), (56,), (2.5,))

52.    ((2,), (1.0,), (0.0,)):
('K.380 Musescore', 'P1', 1, (83, 84), (20,), (3.0,), (20,), (3.0,))
('K.380 Musescore', 'P1', 1, (123, 124), (25,), (1.0,), (25,), (1.0,))
('K.380 Musescore', 'P1', 1, (143, 144), (28,), (3.0,), (28,), (3.0,))
('K.380 Musescore', 'P1', 1, (183, 184), (33,), (1.0,), (33,), (1.0,))
('K.380 Musescore', 'P1', 1, (281, 282), (47,), (3.0,), (47,), (3.0,))
('K.380 Musescore', 'P1', 1, (315, 316), (53,), (1.0,), (53,), (1.0,))
('K.380 Musescore', 'P1', 1, (339, 340), (58,), (3.0,), (58,), (3.0,))
('K.380 Musescore', 'P1', 1, (378, 379), (63,), (1.0,), (63,), (1.0,))
('K.380 Musescore', 'P1', 1, (398, 399), (66,), (3.0,), (66,), (3.0,))
('K.380 Musescore', 'P1', 1, (437, 438), (71,), (1.0,), (71,), (1.0,))
('K.380 Musescore', 'P1', 2, (107, 108), (56,), (1.0,), (56,), (1.0,))
('K.380 Musescore', 'P1', 3, (36, 37), (11,), (3.0,), (11,), (3.0,))
('K.380 Musescore', 'P1', 3, (39, 40), (12,), (3.0,), (12,), (3.0,))
('K.380 Musescore', 'P1', 3, (42, 43), (13,), (3.0,), (13,), (3.0,))
('K.380 Musescore', 'P1', 3, (45, 46), (14,), (3.0,), (14,), (3.0,))
('K.380 Musescore', 'P1', 3, (54, 55), (17,), (3.0,), (17,), (3.0,))
('K.380 Musescore', 'P1', 3, (77, 78), (24,), (1.0,), (24,), (1.0,))
('K.380 Musescore', 'P1', 3, (78, 79), (25,), (2.0,), (25,), (2.0,))
('K.380 Musescore', 'P1', 3, (80, 81), (25,), (1.0,), (25,), (1.0,))
('K.380 Musescore', 'P1', 3, (104, 105), (32,), (1.0,), (32,), (1.0,))
('K.380 Musescore', 'P1', 3, (105, 106), (33,), (2.0,), (33,), (2.0,))
('K.380 Musescore', 'P1', 3, (116, 117), (36,), (1.0,), (36,), (1.0,))
('K.380 Musescore', 'P1', 3, (117, 118), (37,), (2.0,), (37,), (2.0,))
('K.380 Musescore', 'P1', 3, (122, 123), (38,), (1.0,), (38,), (1.0,))
('K.380 Musescore', 'P1', 3, (123, 124), (39,), (2.0,), (39,), (2.0,))
('K.380 Musescore', 'P1', 3, (162, 163), (52,), (2.0,), (52,), (2.0,))
('K.380 Musescore', 'P1', 3, (166, 167), (53,), (3.0,), (53,), (3.0,))
('K.380 Musescore', 'P1', 3, (168, 169), (54,), (2.0,), (54,), (2.0,))
('K.380 Musescore', 'P1', 3, (172, 173), (55,), (3.0,), (55,), (3.0,))
('K.380 Musescore', 'P1', 3, (174, 175), (56,), (2.0,), (56,), (2.0,))
('K.380 Musescore', 'P1', 3, (197, 198), (62,), (1.0,), (62,), (1.0,))
('K.380 Musescore', 'P1', 3, (198, 199), (63,), (2.0,), (63,), (2.0,))
('K.380 Musescore', 'P1', 3, (225, 226), (70,), (1.0,), (70,), (1.0,))
('K.380 Musescore', 'P1', 3, (226, 227), (71,), (2.0,), (71,), (2.0,))
('K.380 Musescore', 'P1', 3, (234, 235), (73,), (1.0,), (73,), (1.0,))
('K.380 Musescore', 'P1', 3, (235, 236), (74,), (2.0,), (74,), (2.0,))
('K.380 Musescore', 'P1', 3, (240, 241), (75,), (1.0,), (75,), (1.0,))
('K.380 Musescore', 'P1', 3, (241, 242), (76,), (2.0,), (76,), (2.0,))
('K.380 Musescore', 'P1', 4, (75, 76), (41,), (3.0,), (41,), (3.0,))
('K.380 Musescore', 'P1', 4, (76, 77), (41,), (1.0,), (41,), (1.0,))
('K.380 Musescore', 'P1', 4, (109, 110), (51,), (1.0,), (51,), (1.0,))

53.    ((-2,), (1.0,), (0.0,)):
('K.380 Musescore', 'P1', 1, (74, 75), (18,), (1.0,), (18,), (1.0,))
('K.380 Musescore', 'P1', 1, (122, 123), (25,), (3.0,), (25,), (3.0,))
('K.380 Musescore', 'P1', 1, (182, 183), (33,), (3.0,), (33,), (3.0,))
('K.380 Musescore', 'P1', 1, (316, 317), (54,), (2.0,), (54,), (2.0,))
('K.380 Musescore', 'P1', 1, (331, 332), (56,), (1.0,), (56,), (1.0,))
('K.380 Musescore', 'P1', 1, (377, 378), (63,), (3.0,), (63,), (3.0,))
('K.380 Musescore', 'P1', 1, (436, 437), (71,), (3.0,), (71,), (3.0,))
('K.380 Musescore', 'P1', 1, (484, 485), (76,), (1.0,), (76,), (1.0,))
('K.380 Musescore', 'P1', 2, (0, 1), (1,), (2.0,), (1,), (2.0,))
('K.380 Musescore', 'P1', 2, (1, 2), (1,), (3.0,), (1,), (3.0,))
('K.380 Musescore', 'P1', 2, (5, 6), (3,), (2.0,), (3,), (2.0,))
('K.380 Musescore', 'P1', 2, (6, 7), (3,), (3.0,), (3,), (3.0,))
('K.380 Musescore', 'P1', 3, (71, 72), (22,), (1.0,), (22,), (1.0,))
('K.380 Musescore', 'P1', 3, (74, 75), (23,), (1.0,), (23,), (1.0,))
('K.380 Musescore', 'P1', 3, (98, 99), (30,), (1.0,), (30,), (1.0,))
('K.380 Musescore', 'P1', 3, (101, 102), (31,), (1.0,), (31,), (1.0,))
('K.380 Musescore', 'P1', 3, (137, 138), (44,), (1.0,), (44,), (1.0,))
('K.380 Musescore', 'P1', 3, (140, 141), (45,), (1.0,), (45,), (1.0,))
('K.380 Musescore', 'P1', 3, (155, 156), (49,), (1.0,), (49,), (1.0,))
('K.380 Musescore', 'P1', 3, (158, 159), (50,), (1.0,), (50,), (1.0,))
('K.380 Musescore', 'P1', 3, (163, 164), (52,), (3.0,), (52,), (3.0,))
('K.380 Musescore', 'P1', 3, (164, 165), (52,), (1.0,), (52,), (1.0,))
('K.380 Musescore', 'P1', 3, (169, 170), (54,), (3.0,), (54,), (3.0,))
('K.380 Musescore', 'P1', 3, (170, 171), (54,), (1.0,), (54,), (1.0,))
('K.380 Musescore', 'P1', 3, (175, 176), (56,), (3.0,), (56,), (3.0,))
('K.380 Musescore', 'P1', 3, (191, 192), (60,), (1.0,), (60,), (1.0,))
('K.380 Musescore', 'P1', 4, (0, 1), (5,), (2.0,), (5,), (2.0,))
('K.380 Musescore', 'P1', 4, (1, 2), (5,), (3.0,), (5,), (3.0,))
('K.380 Musescore', 'P1', 4, (5, 6), (7,), (2.0,), (7,), (2.0,))
('K.380 Musescore', 'P1', 4, (6, 7), (7,), (3.0,), (7,), (3.0,))
('K.380 Musescore', 'P1', 4, (26, 27), (17,), (2.0,), (17,), (2.0,))
('K.380 Musescore', 'P1', 4, (47, 48), (25,), (1.0,), (25,), (1.0,))
('K.380 Musescore', 'P1', 4, (80, 81), (43,), (3.0,), (43,), (3.0,))
('K.380 Musescore', 'P1', 4, (106, 107), (50,), (1.0,), (50,), (1.0,))
('K.380 Musescore', 'P1', 4, (110, 111), (52,), (2.0,), (52,), (2.0,))
('K.380 Musescore', 'P1', 4, (111, 112), (52,), (3.0,), (52,), (3.0,))
('K.380 Musescore', 'P1', 4, (112, 113), (52,), (1.0,), (52,), (1.0,))
('K.380 Musescore', 'P1', 4, (147, 148), (68,), (1.0,), (68,), (1.0,))

54.    (((4, 1),), ((0.0, 1.0),), (0.0,)):
('K.380 Musescore', 'P1', 1, (337, 338), (57,), (1.0,), (57,), (1.0,))
('K.380 Musescore', 'P1', 1, (396, 397), (65,), (1.0,), (65,), (1.0,))
('K.380 Musescore', 'P1', 3, (192, 193), (61,), (2.0,), (61,), (2.0,))
('K.380 Musescore', 'P1', 3, (193, 194), (61,), (3.0,), (61,), (3.0,))
('K.380 Musescore', 'P1', 4, (10, 11), (12,), (1.0,), (12,), (1.0,))
('K.380 Musescore', 'P1', 4, (11, 12), (12,), (2.0,), (12,), (2.0,))
('K.380 Musescore', 'P1', 4, (16, 17), (14,), (1.0,), (14,), (1.0,))
('K.380 Musescore', 'P1', 4, (17, 18), (14,), (2.0,), (14,), (2.0,))
('K.380 Musescore', 'P1', 4, (22, 23), (16,), (1.0,), (16,), (1.0,))
('K.380 Musescore', 'P1', 4, (23, 24), (16,), (2.0,), (16,), (2.0,))
('K.380 Musescore', 'P1', 4, (42, 43), (24,), (2.0,), (24,), (2.0,))
('K.380 Musescore', 'P1', 4, (43, 44), (24,), (3.0,), (24,), (3.0,))
('K.380 Musescore', 'P1', 4, (45, 46), (25,), (2.0,), (25,), (2.0,))
('K.380 Musescore', 'P1', 4, (64, 65), (32,), (2.0,), (32,), (2.0,))
('K.380 Musescore', 'P1', 4, (65, 66), (32,), (3.0,), (32,), (3.0,))
('K.380 Musescore', 'P1', 4, (67, 68), (33,), (2.0,), (33,), (2.0,))
('K.380 Musescore', 'P1', 4, (71, 72), (37,), (2.0,), (37,), (2.0,))
('K.380 Musescore', 'P1', 4, (116, 117), (54,), (2.0,), (54,), (2.0,))
('K.380 Musescore', 'P1', 4, (122, 123), (56,), (2.0,), (56,), (2.0,))
('K.380 Musescore', 'P1', 4, (133, 134), (62,), (2.0,), (62,), (2.0,))
('K.380 Musescore', 'P1', 4, (134, 135), (62,), (3.0,), (62,), (3.0,))
('K.380 Musescore', 'P1', 4, (136, 137), (63,), (2.0,), (63,), (2.0,))
('K.380 Musescore', 'P1', 4, (148, 149), (69,), (2.0,), (69,), (2.0,))
('K.380 Musescore', 'P1', 4, (149, 150), (69,), (3.0,), (69,), (3.0,))
('K.380 Musescore', 'P1', 4, (151, 152), (70,), (2.0,), (70,), (2.0,))
('K.380 Musescore', 'P1', 4, (152, 153), (70,), (3.0,), (70,), (3.0,))
('K.380 Musescore', 'P1', 4, (154, 155), (71,), (2.0,), (71,), (2.0,))

55.    ((3,), (0.5,), (0.0,)):
('K.380 Musescore', 'P1', 1, (187, 188), (34,), (3.0,), (34,), (3.0,))
('K.380 Musescore', 'P1', 1, (194, 195), (35,), (3.0,), (35,), (3.0,))
('K.380 Musescore', 'P1', 1, (252, 253), (42,), (3.0,), (42,), (3.0,))
('K.380 Musescore', 'P1', 1, (321, 322), (55,), (2.0,), (55,), (2.0,))
('K.380 Musescore', 'P1', 1, (439, 440), (72,), (3.0,), (72,), (3.0,))
('K.380 Musescore', 'P1', 2, (24, 25), (19,), (1.0,), (19,), (1.0,))
('K.380 Musescore', 'P1', 2, (32, 33), (21,), (1.0,), (21,), (1.0,))
('K.380 Musescore', 'P1', 2, (39, 40), (27,), (1.0,), (27,), (1.0,))
('K.380 Musescore', 'P1', 2, (47, 48), (29,), (1.0,), (29,), (1.0,))
('K.380 Musescore', 'P1', 2, (49, 50), (34,), (2.0,), (34,), (2.0,))
('K.380 Musescore', 'P1', 2, (52, 53), (34,), (3.0,), (34,), (3.0,))
('K.380 Musescore', 'P1', 2, (56, 57), (35,), (2.0,), (35,), (2.0,))
('K.380 Musescore', 'P1', 2, (59, 60), (35,), (3.0,), (35,), (3.0,))
('K.380 Musescore', 'P1', 2, (69, 70), (46,), (1.0,), (46,), (1.0,))
('K.380 Musescore', 'P1', 2, (76, 77), (48,), (1.0,), (48,), (1.0,))
('K.380 Musescore', 'P1', 2, (113, 114), (57,), (1.0,), (57,), (1.0,))
('K.380 Musescore', 'P1', 2, (120, 121), (59,), (1.0,), (59,), (1.0,))
('K.380 Musescore', 'P1', 2, (127, 128), (65,), (1.0,), (65,), (1.0,))
('K.380 Musescore', 'P1', 2, (135, 136), (67,), (1.0,), (67,), (1.0,))
('K.380 Musescore', 'P1', 2, (140, 141), (72,), (3.0,), (72,), (3.0,))
('K.380 Musescore', 'P1', 3, (212, 213), (66,), (1.0,), (66,), (1.0,))
('K.380 Musescore', 'P1', 4, (34, 35), (20,), (1.0,), (20,), (1.0,))
('K.380 Musescore', 'P1', 4, (56, 57), (28,), (1.0,), (28,), (1.0,))
('K.380 Musescore', 'P1', 4, (96, 97), (47,), (1.0,), (47,), (1.0,))
('K.380 Musescore', 'P1', 4, (125, 126), (58,), (1.0,), (58,), (1.0,))

56.    ((2,), (0.5,), (0.5,)):
('K.380 Musescore', 'P1', 1, (4, 5), (1,), (2.5,), (1,), (2.5,))
('K.380 Musescore', 'P1', 1, (14, 15), (3,), (2.5,), (3,), (2.5,))
('K.380 Musescore', 'P1', 1, (62, 63), (15,), (3.5,), (15,), (3.5,))
('K.380 Musescore', 'P1', 1, (67, 68), (16,), (3.5,), (16,), (3.5,))
('K.380 Musescore', 'P1', 1, (304, 305), (51,), (1.5,), (51,), (1.5,))
('K.380 Musescore', 'P1', 2, (23, 24), (19,), (3.5,), (19,), (3.5,))
('K.380 Musescore', 'P1', 2, (31, 32), (21,), (3.5,), (21,), (3.5,))
('K.380 Musescore', 'P1', 2, (38, 39), (27,), (3.5,), (27,), (3.5,))
('K.380 Musescore', 'P1', 2, (46, 47), (29,), (3.5,), (29,), (3.5,))
('K.380 Musescore', 'P1', 2, (68, 69), (46,), (3.5,), (46,), (3.5,))
('K.380 Musescore', 'P1', 2, (75, 76), (48,), (3.5,), (48,), (3.5,))
('K.380 Musescore', 'P1', 2, (82, 83), (50,), (3.5,), (50,), (3.5,))
('K.380 Musescore', 'P1', 2, (119, 120), (59,), (3.5,), (59,), (3.5,))
('K.380 Musescore', 'P1', 2, (126, 127), (65,), (3.5,), (65,), (3.5,))
('K.380 Musescore', 'P1', 2, (134, 135), (67,), (3.5,), (67,), (3.5,))
('K.380 Musescore', 'P1', 2, (143, 144), (72,), (1.5,), (72,), (1.5,))
('K.380 Musescore', 'P1', 3, (5, 6), (5,), (2.5,), (5,), (2.5,))
('K.380 Musescore', 'P1', 3, (15, 16), (7,), (2.5,), (7,), (2.5,))
('K.380 Musescore', 'P1', 3, (211, 212), (66,), (3.5,), (66,), (3.5,))
('K.380 Musescore', 'P1', 4, (33, 34), (20,), (3.5,), (20,), (3.5,))
('K.380 Musescore', 'P1', 4, (55, 56), (28,), (3.5,), (28,), (3.5,))
('K.380 Musescore', 'P1', 4, (95, 96), (47,), (3.5,), (47,), (3.5,))

57.    ((-3,), (1.0,), (0.0,)):
('K.380 Musescore', 'P1', 1, (82, 83), (20,), (2.0,), (20,), (2.0,))
('K.380 Musescore', 'P1', 1, (142, 143), (28,), (2.0,), (28,), (2.0,))
('K.380 Musescore', 'P1', 1, (280, 281), (47,), (2.0,), (47,), (2.0,))
('K.380 Musescore', 'P1', 3, (161, 162), (51,), (1.0,), (51,), (1.0,))
('K.380 Musescore', 'P1', 4, (25, 26), (17,), (1.0,), (17,), (1.0,))
('K.380 Musescore', 'P1', 4, (38, 39), (22,), (1.0,), (22,), (1.0,))
('K.380 Musescore', 'P1', 4, (60, 61), (30,), (1.0,), (30,), (1.0,))
('K.380 Musescore', 'P1', 4, (84, 85), (44,), (1.0,), (44,), (1.0,))

58.    ((-4,), (0.5,), (0.0,)):
('K.380 Musescore', 'P1', 1, (5, 6), (1,), (3.0,), (1,), (3.0,))
('K.380 Musescore', 'P1', 1, (15, 16), (3,), (3.0,), (3,), (3.0,))
('K.380 Musescore', 'P1', 1, (243, 244), (41,), (2.0,), (41,), (2.0,))
('K.380 Musescore', 'P1', 1, (301, 302), (51,), (2.0,), (51,), (2.0,))
('K.380 Musescore', 'P1', 2, (108, 109), (57,), (2.0,), (57,), (2.0,))
('K.380 Musescore', 'P1', 3, (6, 7), (5,), (3.0,), (5,), (3.0,))
('K.380 Musescore', 'P1', 3, (16, 17), (7,), (3.0,), (7,), (3.0,))

59.    ((-4,), (1.0,), (0.0,)):
('K.380 Musescore', 'P1', 1, (84, 85), (20,), (1.0,), (20,), (1.0,))
('K.380 Musescore', 'P1', 1, (144, 145), (28,), (1.0,), (28,), (1.0,))
('K.380 Musescore', 'P1', 1, (340, 341), (58,), (1.0,), (58,), (1.0,))
('K.380 Musescore', 'P1', 1, (399, 400), (66,), (1.0,), (66,), (1.0,))
('K.380 Musescore', 'P1', 3, (109, 110), (34,), (3.0,), (34,), (3.0,))
('K.380 Musescore', 'P1', 3, (112, 113), (35,), (3.0,), (35,), (3.0,))

60.    ((-3,), (0.25,), (0.5,)):
('K.380 Musescore', 'P1', 1, (112, 113), (24,), (2.5,), (24,), (2.5,))
('K.380 Musescore', 'P1', 1, (172, 173), (32,), (2.5,), (32,), (2.5,))
('K.380 Musescore', 'P1', 1, (368, 369), (62,), (2.5,), (62,), (2.5,))
('K.380 Musescore', 'P1', 1, (427, 428), (70,), (2.5,), (70,), (2.5,))
('K.380 Musescore', 'P1', 2, (138, 139), (72,), (2.5,), (72,), (2.5,))

61.    ((1,), (3.0,), (0.0,)):
('K.380 Musescore', 'P1', 1, (242, 243), (40,), (2.0,), (40,), (2.0,))
('K.380 Musescore', 'P1', 2, (16, 17), (14,), (1.0,), (14,), (1.0,))
('K.380 Musescore', 'P1', 2, (17, 18), (15,), (1.0,), (15,), (1.0,))
('K.380 Musescore', 'P1', 2, (129, 130), (66,), (2.0,), (66,), (2.0,))

62.    (((3, -2),), ((0.0, 1.0),), (0.0,)):
('K.380 Musescore', 'P1', 4, (15, 16), (13,), (3.0,), (13,), (3.0,))
('K.380 Musescore', 'P1', 4, (78, 79), (42,), (1.0,), (42,), (1.0,))
('K.380 Musescore', 'P1', 4, (85, 86), (45,), (2.0,), (45,), (2.0,))
('K.380 Musescore', 'P1', 4, (117, 118), (54,), (3.0,), (54,), (3.0,))

63.    ((1,), (0.0,), (0.0,)):
('K.380 Musescore', 'P1', 1, (114, 115), (24,), (3.0,), (24,), (3.0,))
('K.380 Musescore', 'P1', 1, (174, 175), (32,), (3.0,), (32,), (3.0,))
('K.380 Musescore', 'P1', 3, (56, 57), (18,), (2.0,), (18,), (2.0,))

64.    ((1,), (4.0,), (0.0,)):
('K.380 Musescore', 'P1', 2, (100, 101), (54,), (1.0,), (54,), (1.0,))
('K.380 Musescore', 'P1', 4, (28, 29), (18,), (1.0,), (18,), (1.0,))
('K.380 Musescore', 'P1', 4, (144, 145), (66,), (1.0,), (66,), (1.0,))

65.    ((-5,), (1.0,), (0.0,)):
('K.380 Musescore', 'P1', 3, (83, 84), (26,), (1.0,), (26,), (1.0,))
('K.380 Musescore', 'P1', 3, (173, 174), (55,), (1.0,), (55,), (1.0,))
('K.380 Musescore', 'P1', 4, (132, 133), (61,), (1.0,), (61,), (1.0,))

66.    ((3,), (0.5,), (0.5,)):
('K.380 Musescore', 'P1', 1, (57, 58), (14,), (3.5,), (14,), (3.5,))
('K.380 Musescore', 'P1', 1, (294, 295), (49,), (3.5,), (49,), (3.5,))

67.    ((2,), (0.5,), (0.0,)):
('K.380 Musescore', 'P1', 1, (72, 73), (17,), (3.0,), (17,), (3.0,))
('K.380 Musescore', 'P1', 1, (305, 306), (52,), (2.0,), (52,), (2.0,))

68.    ((6,), (0.5,), (0.0,)):
('K.380 Musescore', 'P1', 1, (198, 199), (36,), (2.0,), (36,), (2.0,))
('K.380 Musescore', 'P1', 1, (248, 249), (41,), (1.0,), (41,), (1.0,))

69.    ((-5,), (0.25,), (0.75,)):
('K.380 Musescore', 'P1', 1, (257, 258), (43,), (2.75,), (43,), (2.75,))
('K.380 Musescore', 'P1', 1, (329, 330), (55,), (1.75,), (55,), (1.75,))

70.    ((-3,), (1.0,), (0.5,)):
('K.380 Musescore', 'P1', 1, (302, 303), (51,), (2.5,), (51,), (2.5,))
('K.380 Musescore', 'P1', 1, (303, 304), (51,), (3.5,), (51,), (3.5,))

71.    ((-5,), (0.5,), (0.5,)):
('K.380 Musescore', 'P1', 1, (254, 255), (42,), (1.5,), (42,), (1.5,))
('K.380 Musescore', 'P1', 2, (14, 15), (12,), (3.5,), (12,), (3.5,))

72.    ((5,), (0.5,), (0.0,)):
('K.380 Musescore', 'P1', 1, (258, 259), (43,), (3.0,), (43,), (3.0,))
('K.380 Musescore', 'P1', 2, (137, 138), (72,), (2.0,), (72,), (2.0,))

73.    ((8,), (3.0,), (0.0,)):
('K.380 Musescore', 'P1', 1, (47, 48), (12,), (1.0,), (12,), (1.0,))
('K.380 Musescore', 'P1', 3, (126, 127), (40,), (2.0,), (40,), (2.0,))

74.    ((1,), (2.0,), (0.0,)):
('K.380 Musescore', 'P1', 1, (314, 315), (53,), (2.0,), (53,), (2.0,))
('K.380 Musescore', 'P1', 3, (127, 128), (41,), (2.0,), (41,), (2.0,))

75.    ((-8,), (1.0,), (0.0,)):
('K.380 Musescore', 'P1', 3, (20, 21), (8,), (3.0,), (8,), (3.0,))
('K.380 Musescore', 'P1', 3, (55, 56), (18,), (1.0,), (18,), (1.0,))

76.    (((5, 1),), ((0.0, 0.5),), (0.0,)):
('K.380 Musescore', 'P1', 3, (180, 181), (58,), (2.0,), (58,), (2.0,))
('K.380 Musescore', 'P1', 3, (183, 184), (58,), (3.0,), (58,), (3.0,))

77.    (((3, 1),), ((0.0, 1.0),), (0.0,)):
('K.380 Musescore', 'P1', 4, (107, 108), (51,), (2.0,), (51,), (2.0,))
('K.380 Musescore', 'P1', 4, (118, 119), (54,), (1.0,), (54,), (1.0,))

