1.    nomes:
K.363 Musicalion

2.    quantidade:
1

3.    analise:
[('intDia', 'p1p2'), ('duracao', 'p1p2'), ('Ntempo', 'p1'), ('Ptempo', 'p1')] SemContInte Distancia: 0

1.    ((3, -4, 3, -5, 5, -2, 3, -4, 3, -5, 5, -2, 3, -4, 3, -5, 5, -2, 3, -5, 6, -5, 3, -5, 6, -5, 3, -5, 6, -5, 5, -7, 6, -7, 6, -7, 6, -7, 6, -7, 6, -7, 8, -9, 8, -9, 6, -5, 8, 2, -8), (0.5, 0.5, 0.5, 0.5, 0.5, 0.5, 0.5, 0.5, 0.5, 0.5, 0.5, 0.5, 0.5, 0.5, 0.5, 0.5, 0.5, 0.5, 0.5, 0.5, 0.5, 0.5, 0.5, 0.5, 0.5, 0.5, 0.5, 0.5, 0.5, 0.5, 0.5, 0.5, 0.5, 0.5, 0.5, 0.5, 0.5, 0.5, 0.5, 0.5, 0.5, 0.5, 0.5, 0.5, 0.5, 0.5, 0.5, 0.5, 0.5, 0.5, 1.0), (1,), (0.0,)):
('K.363 Musicalion', 'P1', 2, (392, 443), (86,), (1.0,), (94,), (2.0,))
('K.363 Musicalion', 'P1', 2, (444, 495), (95,), (1.0,), (103,), (2.0,))

2.    ((8, -7, 6, -5, 6, -5, 6, -5, 6, -5, 6, 2, -5, 2, -3, 2, -4, 2, -3, -2, 6, -7, 6, -7, 8, -7, 6, -5, 6, -5, 6, -5, 6, -5, 6, 2, -5, 2, -3, 2), (0.5, 0.5, 0.5, 0.5, 0.5, 0.5, 0.5, 0.5, 0.5, 0.5, 0.5, 0.5, 0.5, 0.5, 0.5, 0.5, 0.5, 0.5, 0.5, 0.5, 0.5, 0.5, 0.5, 0.5, 0.5, 0.5, 0.5, 0.5, 0.5, 0.5, 0.5, 0.5, 0.5, 0.5, 0.5, 0.5, 0.5, 0.5, 0.5, 0.5), (1,), (0.0,)):
('K.363 Musicalion', 'P1', 1, (127, 167), (46,), (1.0,), (52,), (2.5,))
('K.363 Musicalion', 'P1', 1, (316, 356), (104,), (1.0,), (110,), (2.5,))

3.    ((-2, 2, 2, 2, -3, -2, 2, 2, -3, 4, -5, 6, -7, 2, 2, 2, -2, -2, 5, -6, 2, 4, -2, -3, 2, -3), (1.0, 2.0, 1.0, 1.0, 1.0, 1.0, 2.0, 1.0, 1.0, 1.0, 1.0, 1.0, 1.0, 1.0, 1.0, 1.0, 1.0, 1.0, 1.0, 1.0, 1.0, 1.5, 0.5, 0.5, 0.5, 0.5), (1,), (0.0,)):
('K.363 Musicalion', 'P1', 1, (262, 288), (86,), (1.0,), (94,), (3.0,))
('K.363 Musicalion', 'P1', 1, (289, 315), (95,), (1.0,), (103,), (3.0,))

4.    ((2, 2, -3, -2, 2, 2, 2, -3, 4, -5, 4, -5, 4, -5, 2, 2, 2, -2, -2, 5, -6, 2), (1.0, 1.0, 1.0, 1.0, 2.0, 1.0, 1.0, 1.0, 1.0, 1.0, 1.0, 1.0, 1.0, 1.0, 1.0, 1.0, 1.0, 1.0, 1.0, 1.0, 1.0, 1.0), (1,), (0.0,)):
('K.363 Musicalion', 'P1', 1, (70, 92), (28,), (1.0,), (35,), (2.0,))
('K.363 Musicalion', 'P1', 1, (99, 121), (37,), (1.0,), (44,), (2.0,))

5.    ((-6, 3, -5, 7, -4, 5, -6, 3, -5, 7, -4, 5, -6, 3, -5), (0.5, 0.5, 0.5, 0.5, 0.5, 0.5, 0.5, 0.5, 0.5, 0.5, 0.5, 0.5, 0.5, 0.5, 0.5), (1,), (0.5,)):
('K.363 Musicalion', 'P1', 2, (117, 132), (27,), (1.5,), (29,), (2.5,))
('K.363 Musicalion', 'P1', 2, (175, 190), (37,), (1.5,), (39,), (2.5,))

6.    ((-6, -2, 7, -7, 6, -7, 6, -7, 6, -7, 6, 2), (0.5, 0.5, 0.5, 0.5, 0.5, 0.5, 0.5, 0.5, 0.5, 0.5, 0.5, 0.5), (1,), (0.0,)):
('K.363 Musicalion', 'P1', 1, (184, 196), (60,), (1.0,), (61,), (3.5,))
('K.363 Musicalion', 'P1', 1, (204, 216), (66,), (1.0,), (67,), (3.5,))

7.    ((-3, -8, 8, -3, -8, 8, -3, -8, 8, -3, 2), (1.0, 1.0, 1.0, 1.0, 1.0, 1.0, 1.0, 1.0, 1.0, 1.0, 1.0), (1,), (0.0,)):
('K.363 Musicalion', 'P1', 2, (0, 11), (1,), (1.0,), (4,), (2.0,))
('K.363 Musicalion', 'P1', 2, (16, 27), (7,), (1.0,), (10,), (2.0,))

8.    ((-2, 6, -7, 6, 2, -4, -3, -3, -4, -3), (0.5, 0.5, 0.5, 0.5, 0.5, 0.5, 0.5, 0.5, 0.5, 0.5), (1,), (0.5,)):
('K.363 Musicalion', 'P1', 1, (170, 180), (53,), (1.5,), (54,), (3.0,))
('K.363 Musicalion', 'P1', 1, (359, 369), (111,), (1.5,), (112,), (3.0,))

9.    ((-7, 6, -7, 6, -7, 6, -7, 6), (0.5, 0.5, 0.5, 0.5, 0.5, 0.5, 0.5, 0.5), (2,), (0.5,)):
('K.363 Musicalion', 'P1', 1, (187, 195), (60,), (2.5,), (61,), (3.0,))
('K.363 Musicalion', 'P1', 1, (207, 215), (66,), (2.5,), (67,), (3.0,))
('K.363 Musicalion', 'P1', 2, (155, 163), (33,), (2.5,), (34,), (3.0,))
('K.363 Musicalion', 'P1', 2, (207, 215), (42,), (2.5,), (43,), (3.0,))
('K.363 Musicalion', 'P1', 2, (425, 433), (91,), (2.5,), (92,), (3.0,))
('K.363 Musicalion', 'P1', 2, (477, 485), (100,), (2.5,), (101,), (3.0,))

10.    ((-4, -3, -3, -4, -3, -3), (0.5, 0.5, 0.5, 0.5, 0.5, 0.5), (1,), (0.0,)):
('K.363 Musicalion', 'P1', 2, (251, 257), (55,), (1.0,), (55,), (3.5,))
('K.363 Musicalion', 'P1', 2, (521, 527), (113,), (1.0,), (113,), (3.5,))

11.    ((-4, -3, -3, -4, -3), (0.5, 0.5, 0.5, 0.5, 0.5), (1,), (0.0,)):
('K.363 Musicalion', 'P1', 1, (175, 180), (54,), (1.0,), (54,), (3.0,))
('K.363 Musicalion', 'P1', 1, (364, 369), (112,), (1.0,), (112,), (3.0,))
('K.363 Musicalion', 'P1', 2, (251, 256), (55,), (1.0,), (55,), (3.0,))
('K.363 Musicalion', 'P1', 2, (521, 526), (113,), (1.0,), (113,), (3.0,))

12.    ((6, -5, 6, -5), (0.5, 0.5, 0.5, 0.5), (3,), (0.0,)):
('K.363 Musicalion', 'P1', 1, (131, 135), (46,), (3.0,), (47,), (1.5,))
('K.363 Musicalion', 'P1', 1, (155, 159), (50,), (3.0,), (51,), (1.5,))
('K.363 Musicalion', 'P1', 1, (320, 324), (104,), (3.0,), (105,), (1.5,))
('K.363 Musicalion', 'P1', 1, (344, 348), (108,), (3.0,), (109,), (1.5,))
('K.363 Musicalion', 'P1', 2, (168, 172), (35,), (3.0,), (36,), (1.5,))
('K.363 Musicalion', 'P1', 2, (220, 224), (44,), (3.0,), (45,), (1.5,))

13.    ((-5, 3, -5), (0.5, 0.5, 0.5), (1,), (0.5,)):
('K.363 Musicalion', 'P1', 1, (197, 200), (62,), (1.5,), (62,), (2.5,))
('K.363 Musicalion', 'P1', 2, (81, 84), (21,), (1.5,), (21,), (2.5,))
('K.363 Musicalion', 'P1', 2, (87, 90), (22,), (1.5,), (22,), (2.5,))
('K.363 Musicalion', 'P1', 2, (93, 96), (23,), (1.5,), (23,), (2.5,))
('K.363 Musicalion', 'P1', 2, (99, 102), (24,), (1.5,), (24,), (2.5,))
('K.363 Musicalion', 'P1', 2, (309, 312), (72,), (1.5,), (72,), (2.5,))
('K.363 Musicalion', 'P1', 2, (327, 330), (75,), (1.5,), (75,), (2.5,))
('K.363 Musicalion', 'P1', 2, (345, 348), (78,), (1.5,), (78,), (2.5,))

14.    ((-2, -2, -2), (1.0, 1.0, 1.0), (1,), (0.0,)):
('K.363 Musicalion', 'P1', 1, (59, 62), (24,), (1.0,), (24,), (3.0,))
('K.363 Musicalion', 'P1', 2, (229, 232), (47,), (1.0,), (47,), (3.0,))
('K.363 Musicalion', 'P1', 2, (241, 244), (51,), (1.0,), (51,), (3.0,))
('K.363 Musicalion', 'P1', 2, (499, 502), (105,), (1.0,), (105,), (3.0,))
('K.363 Musicalion', 'P1', 2, (511, 514), (109,), (1.0,), (109,), (3.0,))

15.    ((-2, 2, 2), (1.0, 1.0, 1.0), (1,), (0.0,)):
('K.363 Musicalion', 'P1', 1, (250, 253), (82,), (1.0,), (82,), (3.0,))
('K.363 Musicalion', 'P1', 2, (232, 235), (48,), (1.0,), (48,), (3.0,))
('K.363 Musicalion', 'P1', 2, (244, 247), (52,), (1.0,), (52,), (3.0,))
('K.363 Musicalion', 'P1', 2, (502, 505), (106,), (1.0,), (106,), (3.0,))
('K.363 Musicalion', 'P1', 2, (514, 517), (110,), (1.0,), (110,), (3.0,))

16.    ((-3, 3, -5), (0.5, 0.5, 0.5), (1,), (0.5,)):
('K.363 Musicalion', 'P1', 1, (217, 220), (68,), (1.5,), (68,), (2.5,))
('K.363 Musicalion', 'P1', 2, (51, 54), (16,), (1.5,), (16,), (2.5,))
('K.363 Musicalion', 'P1', 2, (69, 72), (19,), (1.5,), (19,), (2.5,))

17.    ((1, 2, 1), (3.0, 3.0, 3.0), (2,), (0.0,)):
('K.363 Musicalion', 'P1', 1, (44, 47), (14,), (2.0,), (16,), (2.0,))
('K.363 Musicalion', 'P1', 1, (47, 50), (17,), (2.0,), (19,), (2.0,))

18.    ((-7, 6), (0.5, 0.5), (1,), (0.5,)):
('K.363 Musicalion', 'P1', 1, (128, 130), (46,), (1.5,), (46,), (2.0,))
('K.363 Musicalion', 'P1', 1, (152, 154), (50,), (1.5,), (50,), (2.0,))
('K.363 Musicalion', 'P1', 1, (317, 319), (104,), (1.5,), (104,), (2.0,))
('K.363 Musicalion', 'P1', 1, (341, 343), (108,), (1.5,), (108,), (2.0,))
('K.363 Musicalion', 'P1', 2, (153, 155), (33,), (1.5,), (33,), (2.0,))
('K.363 Musicalion', 'P1', 2, (205, 207), (42,), (1.5,), (42,), (2.0,))
('K.363 Musicalion', 'P1', 2, (423, 425), (91,), (1.5,), (91,), (2.0,))
('K.363 Musicalion', 'P1', 2, (475, 477), (100,), (1.5,), (100,), (2.0,))

19.    ((-7, 8), (0.5, 0.5), (3,), (0.5,)):
('K.363 Musicalion', 'P1', 1, (315, 317), (103,), (3.5,), (104,), (1.0,))
('K.363 Musicalion', 'P1', 2, (163, 165), (34,), (3.5,), (35,), (1.0,))
('K.363 Musicalion', 'P1', 2, (197, 199), (40,), (3.5,), (41,), (1.0,))
('K.363 Musicalion', 'P1', 2, (215, 217), (43,), (3.5,), (44,), (1.0,))
('K.363 Musicalion', 'P1', 2, (433, 435), (92,), (3.5,), (93,), (1.0,))
('K.363 Musicalion', 'P1', 2, (485, 487), (101,), (3.5,), (102,), (1.0,))

20.    ((-3, 2), (1.0, 1.0), (1,), (0.0,)):
('K.363 Musicalion', 'P1', 1, (53, 55), (22,), (1.0,), (22,), (2.0,))
('K.363 Musicalion', 'P1', 2, (9, 11), (4,), (1.0,), (4,), (2.0,))
('K.363 Musicalion', 'P1', 2, (25, 27), (10,), (1.0,), (10,), (2.0,))

21.    ((2, -4), (1.0, 1.0), (1,), (0.0,)):
('K.363 Musicalion', 'P1', 1, (231, 233), (75,), (1.0,), (75,), (2.0,))
('K.363 Musicalion', 'P1', 1, (239, 241), (78,), (1.0,), (78,), (2.0,))
('K.363 Musicalion', 'P1', 2, (12, 14), (5,), (1.0,), (5,), (2.0,))

22.    ((2, -5), (1.0, 1.0), (2,), (0.0,)):
('K.363 Musicalion', 'P1', 1, (248, 250), (81,), (2.0,), (81,), (3.0,))
('K.363 Musicalion', 'P1', 2, (268, 270), (60,), (2.0,), (60,), (3.0,))

23.    ((-2,), (0.5,), (3,), (0.5,)):
('K.363 Musicalion', 'P1', 1, (29, 30), (10,), (3.5,), (10,), (3.5,))
('K.363 Musicalion', 'P1', 2, (55, 56), (16,), (3.5,), (16,), (3.5,))
('K.363 Musicalion', 'P1', 2, (61, 62), (17,), (3.5,), (17,), (3.5,))
('K.363 Musicalion', 'P1', 2, (67, 68), (18,), (3.5,), (18,), (3.5,))
('K.363 Musicalion', 'P1', 2, (73, 74), (19,), (3.5,), (19,), (3.5,))
('K.363 Musicalion', 'P1', 2, (79, 80), (20,), (3.5,), (20,), (3.5,))
('K.363 Musicalion', 'P1', 2, (109, 110), (25,), (3.5,), (25,), (3.5,))
('K.363 Musicalion', 'P1', 2, (295, 296), (69,), (3.5,), (69,), (3.5,))
('K.363 Musicalion', 'P1', 2, (301, 302), (70,), (3.5,), (70,), (3.5,))
('K.363 Musicalion', 'P1', 2, (307, 308), (71,), (3.5,), (71,), (3.5,))
('K.363 Musicalion', 'P1', 2, (313, 314), (72,), (3.5,), (72,), (3.5,))
('K.363 Musicalion', 'P1', 2, (319, 320), (73,), (3.5,), (73,), (3.5,))
('K.363 Musicalion', 'P1', 2, (325, 326), (74,), (3.5,), (74,), (3.5,))
('K.363 Musicalion', 'P1', 2, (337, 338), (76,), (3.5,), (76,), (3.5,))
('K.363 Musicalion', 'P1', 2, (343, 344), (77,), (3.5,), (77,), (3.5,))
('K.363 Musicalion', 'P1', 2, (349, 350), (78,), (3.5,), (78,), (3.5,))
('K.363 Musicalion', 'P1', 2, (355, 356), (79,), (3.5,), (79,), (3.5,))
('K.363 Musicalion', 'P1', 2, (367, 368), (81,), (3.5,), (81,), (3.5,))
('K.363 Musicalion', 'P1', 2, (373, 374), (82,), (3.5,), (82,), (3.5,))
('K.363 Musicalion', 'P1', 2, (385, 386), (84,), (3.5,), (84,), (3.5,))
('K.363 Musicalion', 'P1', 2, (391, 392), (85,), (3.5,), (85,), (3.5,))
('K.363 Musicalion', 'P1', 2, (397, 398), (86,), (3.5,), (86,), (3.5,))
('K.363 Musicalion', 'P1', 2, (403, 404), (87,), (3.5,), (87,), (3.5,))
('K.363 Musicalion', 'P1', 2, (409, 410), (88,), (3.5,), (88,), (3.5,))
('K.363 Musicalion', 'P1', 2, (449, 450), (95,), (3.5,), (95,), (3.5,))
('K.363 Musicalion', 'P1', 2, (455, 456), (96,), (3.5,), (96,), (3.5,))
('K.363 Musicalion', 'P1', 2, (461, 462), (97,), (3.5,), (97,), (3.5,))

24.    ((2,), (1.0,), (1,), (0.0,)):
('K.363 Musicalion', 'P1', 1, (62, 63), (25,), (1.0,), (25,), (1.0,))
('K.363 Musicalion', 'P1', 1, (75, 76), (30,), (1.0,), (30,), (1.0,))
('K.363 Musicalion', 'P1', 1, (99, 100), (37,), (1.0,), (37,), (1.0,))
('K.363 Musicalion', 'P1', 1, (104, 105), (39,), (1.0,), (39,), (1.0,))
('K.363 Musicalion', 'P1', 1, (228, 229), (74,), (1.0,), (74,), (1.0,))
('K.363 Musicalion', 'P1', 1, (236, 237), (77,), (1.0,), (77,), (1.0,))
('K.363 Musicalion', 'P1', 1, (244, 245), (80,), (1.0,), (80,), (1.0,))
('K.363 Musicalion', 'P1', 1, (247, 248), (81,), (1.0,), (81,), (1.0,))
('K.363 Musicalion', 'P1', 1, (259, 260), (85,), (1.0,), (85,), (1.0,))
('K.363 Musicalion', 'P1', 1, (264, 265), (87,), (1.0,), (87,), (1.0,))
('K.363 Musicalion', 'P1', 1, (269, 270), (89,), (1.0,), (89,), (1.0,))
('K.363 Musicalion', 'P1', 1, (275, 276), (91,), (1.0,), (91,), (1.0,))
('K.363 Musicalion', 'P1', 1, (291, 292), (96,), (1.0,), (96,), (1.0,))
('K.363 Musicalion', 'P1', 1, (296, 297), (98,), (1.0,), (98,), (1.0,))
('K.363 Musicalion', 'P1', 1, (302, 303), (100,), (1.0,), (100,), (1.0,))
('K.363 Musicalion', 'P1', 2, (28, 29), (11,), (1.0,), (11,), (1.0,))
('K.363 Musicalion', 'P1', 2, (235, 236), (49,), (1.0,), (49,), (1.0,))
('K.363 Musicalion', 'P1', 2, (247, 248), (53,), (1.0,), (53,), (1.0,))
('K.363 Musicalion', 'P1', 2, (270, 271), (61,), (1.0,), (61,), (1.0,))
('K.363 Musicalion', 'P1', 2, (286, 287), (67,), (1.0,), (67,), (1.0,))
('K.363 Musicalion', 'P1', 2, (505, 506), (107,), (1.0,), (107,), (1.0,))
('K.363 Musicalion', 'P1', 2, (517, 518), (111,), (1.0,), (111,), (1.0,))

25.    ((-2,), (0.5,), (1,), (0.5,)):
('K.363 Musicalion', 'P1', 1, (4, 5), (4,), (1.5,), (4,), (1.5,))
('K.363 Musicalion', 'P1', 1, (25, 26), (10,), (1.5,), (10,), (1.5,))
('K.363 Musicalion', 'P1', 1, (94, 95), (36,), (1.5,), (36,), (1.5,))
('K.363 Musicalion', 'P1', 1, (122, 123), (45,), (1.5,), (45,), (1.5,))
('K.363 Musicalion', 'P1', 1, (146, 147), (49,), (1.5,), (49,), (1.5,))
('K.363 Musicalion', 'P1', 1, (170, 171), (53,), (1.5,), (53,), (1.5,))
('K.363 Musicalion', 'P1', 1, (185, 186), (60,), (1.5,), (60,), (1.5,))
('K.363 Musicalion', 'P1', 1, (205, 206), (66,), (1.5,), (66,), (1.5,))
('K.363 Musicalion', 'P1', 1, (284, 285), (94,), (1.5,), (94,), (1.5,))
('K.363 Musicalion', 'P1', 1, (311, 312), (103,), (1.5,), (103,), (1.5,))
('K.363 Musicalion', 'P1', 1, (335, 336), (107,), (1.5,), (107,), (1.5,))
('K.363 Musicalion', 'P1', 1, (359, 360), (111,), (1.5,), (111,), (1.5,))
('K.363 Musicalion', 'P1', 2, (105, 106), (25,), (1.5,), (25,), (1.5,))
('K.363 Musicalion', 'P1', 2, (111, 112), (26,), (1.5,), (26,), (1.5,))
('K.363 Musicalion', 'P1', 2, (135, 136), (30,), (1.5,), (30,), (1.5,))
('K.363 Musicalion', 'P1', 2, (363, 364), (81,), (1.5,), (81,), (1.5,))
('K.363 Musicalion', 'P1', 2, (369, 370), (82,), (1.5,), (82,), (1.5,))
('K.363 Musicalion', 'P1', 2, (375, 376), (83,), (1.5,), (83,), (1.5,))
('K.363 Musicalion', 'P1', 2, (381, 382), (84,), (1.5,), (84,), (1.5,))
('K.363 Musicalion', 'P1', 2, (387, 388), (85,), (1.5,), (85,), (1.5,))

26.    ((3,), (0.5,), (3,), (0.0,)):
('K.363 Musicalion', 'P1', 1, (19, 20), (6,), (3.0,), (6,), (3.0,))
('K.363 Musicalion', 'P1', 2, (36, 37), (13,), (3.0,), (13,), (3.0,))
('K.363 Musicalion', 'P1', 2, (42, 43), (14,), (3.0,), (14,), (3.0,))
('K.363 Musicalion', 'P1', 2, (48, 49), (15,), (3.0,), (15,), (3.0,))
('K.363 Musicalion', 'P1', 2, (84, 85), (21,), (3.0,), (21,), (3.0,))
('K.363 Musicalion', 'P1', 2, (96, 97), (23,), (3.0,), (23,), (3.0,))
('K.363 Musicalion', 'P1', 2, (108, 109), (25,), (3.0,), (25,), (3.0,))
('K.363 Musicalion', 'P1', 2, (114, 115), (26,), (3.0,), (26,), (3.0,))
('K.363 Musicalion', 'P1', 2, (144, 145), (31,), (3.0,), (31,), (3.0,))
('K.363 Musicalion', 'P1', 2, (196, 197), (40,), (3.0,), (40,), (3.0,))
('K.363 Musicalion', 'P1', 2, (312, 313), (72,), (3.0,), (72,), (3.0,))
('K.363 Musicalion', 'P1', 2, (330, 331), (75,), (3.0,), (75,), (3.0,))
('K.363 Musicalion', 'P1', 2, (366, 367), (81,), (3.0,), (81,), (3.0,))
('K.363 Musicalion', 'P1', 2, (372, 373), (82,), (3.0,), (82,), (3.0,))
('K.363 Musicalion', 'P1', 2, (378, 379), (83,), (3.0,), (83,), (3.0,))
('K.363 Musicalion', 'P1', 2, (384, 385), (84,), (3.0,), (84,), (3.0,))
('K.363 Musicalion', 'P1', 2, (390, 391), (85,), (3.0,), (85,), (3.0,))
('K.363 Musicalion', 'P1', 2, (414, 415), (89,), (3.0,), (89,), (3.0,))
('K.363 Musicalion', 'P1', 2, (466, 467), (98,), (3.0,), (98,), (3.0,))

27.    ((2,), (0.5,), (3,), (0.5,)):
('K.363 Musicalion', 'P1', 1, (14, 15), (5,), (3.5,), (5,), (3.5,))
('K.363 Musicalion', 'P1', 1, (35, 36), (11,), (3.5,), (11,), (3.5,))
('K.363 Musicalion', 'P1', 1, (126, 127), (45,), (3.5,), (45,), (3.5,))
('K.363 Musicalion', 'P1', 1, (138, 139), (47,), (3.5,), (47,), (3.5,))
('K.363 Musicalion', 'P1', 1, (144, 145), (48,), (3.5,), (48,), (3.5,))
('K.363 Musicalion', 'P1', 1, (162, 163), (51,), (3.5,), (51,), (3.5,))
('K.363 Musicalion', 'P1', 1, (168, 169), (52,), (3.5,), (52,), (3.5,))
('K.363 Musicalion', 'P1', 1, (174, 175), (53,), (3.5,), (53,), (3.5,))
('K.363 Musicalion', 'P1', 1, (195, 196), (61,), (3.5,), (61,), (3.5,))
('K.363 Musicalion', 'P1', 1, (215, 216), (67,), (3.5,), (67,), (3.5,))
('K.363 Musicalion', 'P1', 1, (327, 328), (105,), (3.5,), (105,), (3.5,))
('K.363 Musicalion', 'P1', 1, (333, 334), (106,), (3.5,), (106,), (3.5,))
('K.363 Musicalion', 'P1', 1, (351, 352), (109,), (3.5,), (109,), (3.5,))
('K.363 Musicalion', 'P1', 1, (357, 358), (110,), (3.5,), (110,), (3.5,))
('K.363 Musicalion', 'P1', 1, (363, 364), (111,), (3.5,), (111,), (3.5,))
('K.363 Musicalion', 'P1', 2, (37, 38), (13,), (3.5,), (13,), (3.5,))
('K.363 Musicalion', 'P1', 2, (43, 44), (14,), (3.5,), (14,), (3.5,))
('K.363 Musicalion', 'P1', 2, (331, 332), (75,), (3.5,), (75,), (3.5,))

28.    ((2,), (1.0,), (2,), (0.0,)):
('K.363 Musicalion', 'P1', 1, (71, 72), (28,), (2.0,), (28,), (2.0,))
('K.363 Musicalion', 'P1', 1, (76, 77), (30,), (2.0,), (30,), (2.0,))
('K.363 Musicalion', 'P1', 1, (91, 92), (35,), (2.0,), (35,), (2.0,))
('K.363 Musicalion', 'P1', 1, (100, 101), (37,), (2.0,), (37,), (2.0,))
('K.363 Musicalion', 'P1', 1, (105, 106), (39,), (2.0,), (39,), (2.0,))
('K.363 Musicalion', 'P1', 1, (120, 121), (44,), (2.0,), (44,), (2.0,))
('K.363 Musicalion', 'P1', 1, (229, 230), (74,), (2.0,), (74,), (2.0,))
('K.363 Musicalion', 'P1', 1, (237, 238), (77,), (2.0,), (77,), (2.0,))
('K.363 Musicalion', 'P1', 1, (245, 246), (80,), (2.0,), (80,), (2.0,))
('K.363 Musicalion', 'P1', 1, (257, 258), (84,), (2.0,), (84,), (2.0,))
('K.363 Musicalion', 'P1', 1, (265, 266), (87,), (2.0,), (87,), (2.0,))
('K.363 Musicalion', 'P1', 1, (282, 283), (93,), (2.0,), (93,), (2.0,))
('K.363 Musicalion', 'P1', 1, (292, 293), (96,), (2.0,), (96,), (2.0,))
('K.363 Musicalion', 'P1', 1, (309, 310), (102,), (2.0,), (102,), (2.0,))
('K.363 Musicalion', 'P1', 2, (284, 285), (66,), (2.0,), (66,), (2.0,))

29.    ((4,), (1.0,), (3,), (0.0,)):
('K.363 Musicalion', 'P1', 1, (80, 81), (31,), (3.0,), (31,), (3.0,))
('K.363 Musicalion', 'P1', 1, (109, 110), (40,), (3.0,), (40,), (3.0,))
('K.363 Musicalion', 'P1', 1, (271, 272), (89,), (3.0,), (89,), (3.0,))
('K.363 Musicalion', 'P1', 1, (298, 299), (98,), (3.0,), (98,), (3.0,))
('K.363 Musicalion', 'P1', 2, (27, 28), (10,), (3.0,), (10,), (3.0,))
('K.363 Musicalion', 'P1', 2, (225, 226), (45,), (3.0,), (45,), (3.0,))
('K.363 Musicalion', 'P1', 2, (237, 238), (49,), (3.0,), (49,), (3.0,))
('K.363 Musicalion', 'P1', 2, (249, 250), (53,), (3.0,), (53,), (3.0,))
('K.363 Musicalion', 'P1', 2, (285, 286), (66,), (3.0,), (66,), (3.0,))
('K.363 Musicalion', 'P1', 2, (495, 496), (103,), (3.0,), (103,), (3.0,))
('K.363 Musicalion', 'P1', 2, (507, 508), (107,), (3.0,), (107,), (3.0,))
('K.363 Musicalion', 'P1', 2, (519, 520), (111,), (3.0,), (111,), (3.0,))

30.    ((-3,), (1.0,), (1,), (0.0,)):
('K.363 Musicalion', 'P1', 1, (253, 254), (83,), (1.0,), (83,), (1.0,))
('K.363 Musicalion', 'P1', 2, (0, 1), (1,), (1.0,), (1,), (1.0,))
('K.363 Musicalion', 'P1', 2, (3, 4), (2,), (1.0,), (2,), (1.0,))
('K.363 Musicalion', 'P1', 2, (6, 7), (3,), (1.0,), (3,), (1.0,))
('K.363 Musicalion', 'P1', 2, (16, 17), (7,), (1.0,), (7,), (1.0,))
('K.363 Musicalion', 'P1', 2, (19, 20), (8,), (1.0,), (8,), (1.0,))
('K.363 Musicalion', 'P1', 2, (22, 23), (9,), (1.0,), (9,), (1.0,))
('K.363 Musicalion', 'P1', 2, (258, 259), (57,), (1.0,), (57,), (1.0,))
('K.363 Musicalion', 'P1', 2, (261, 262), (58,), (1.0,), (58,), (1.0,))
('K.363 Musicalion', 'P1', 2, (264, 265), (59,), (1.0,), (59,), (1.0,))
('K.363 Musicalion', 'P1', 2, (274, 275), (63,), (1.0,), (63,), (1.0,))
('K.363 Musicalion', 'P1', 2, (277, 278), (64,), (1.0,), (64,), (1.0,))

31.    ((-3,), (1.0,), (3,), (0.0,)):
('K.363 Musicalion', 'P1', 1, (77, 78), (30,), (3.0,), (30,), (3.0,))
('K.363 Musicalion', 'P1', 1, (106, 107), (39,), (3.0,), (39,), (3.0,))
('K.363 Musicalion', 'P1', 1, (230, 231), (74,), (3.0,), (74,), (3.0,))
('K.363 Musicalion', 'P1', 1, (238, 239), (77,), (3.0,), (77,), (3.0,))
('K.363 Musicalion', 'P1', 1, (246, 247), (80,), (3.0,), (80,), (3.0,))
('K.363 Musicalion', 'P1', 1, (258, 259), (84,), (3.0,), (84,), (3.0,))
('K.363 Musicalion', 'P1', 2, (228, 229), (46,), (3.0,), (46,), (3.0,))
('K.363 Musicalion', 'P1', 2, (240, 241), (50,), (3.0,), (50,), (3.0,))
('K.363 Musicalion', 'P1', 2, (498, 499), (104,), (3.0,), (104,), (3.0,))
('K.363 Musicalion', 'P1', 2, (510, 511), (108,), (3.0,), (108,), (3.0,))

32.    ((-2,), (0.5,), (2,), (0.5,)):
('K.363 Musicalion', 'P1', 1, (27, 28), (10,), (2.5,), (10,), (2.5,))
('K.363 Musicalion', 'P1', 2, (107, 108), (25,), (2.5,), (25,), (2.5,))
('K.363 Musicalion', 'P1', 2, (113, 114), (26,), (2.5,), (26,), (2.5,))
('K.363 Musicalion', 'P1', 2, (167, 168), (35,), (2.5,), (35,), (2.5,))
('K.363 Musicalion', 'P1', 2, (219, 220), (44,), (2.5,), (44,), (2.5,))
('K.363 Musicalion', 'P1', 2, (365, 366), (81,), (2.5,), (81,), (2.5,))
('K.363 Musicalion', 'P1', 2, (377, 378), (83,), (2.5,), (83,), (2.5,))
('K.363 Musicalion', 'P1', 2, (383, 384), (84,), (2.5,), (84,), (2.5,))
('K.363 Musicalion', 'P1', 2, (389, 390), (85,), (2.5,), (85,), (2.5,))

33.    ((-4,), (0.5,), (3,), (0.5,)):
('K.363 Musicalion', 'P1', 1, (41, 42), (12,), (3.5,), (12,), (3.5,))
('K.363 Musicalion', 'P1', 2, (115, 116), (26,), (3.5,), (26,), (3.5,))
('K.363 Musicalion', 'P1', 2, (121, 122), (27,), (3.5,), (27,), (3.5,))
('K.363 Musicalion', 'P1', 2, (127, 128), (28,), (3.5,), (28,), (3.5,))
('K.363 Musicalion', 'P1', 2, (133, 134), (29,), (3.5,), (29,), (3.5,))
('K.363 Musicalion', 'P1', 2, (179, 180), (37,), (3.5,), (37,), (3.5,))
('K.363 Musicalion', 'P1', 2, (185, 186), (38,), (3.5,), (38,), (3.5,))

34.    ((4,), (1.0,), (2,), (0.0,)):
('K.363 Musicalion', 'P1', 1, (82, 83), (32,), (2.0,), (32,), (2.0,))
('K.363 Musicalion', 'P1', 1, (111, 112), (41,), (2.0,), (41,), (2.0,))
('K.363 Musicalion', 'P1', 2, (227, 228), (46,), (2.0,), (46,), (2.0,))
('K.363 Musicalion', 'P1', 2, (239, 240), (50,), (2.0,), (50,), (2.0,))
('K.363 Musicalion', 'P1', 2, (497, 498), (104,), (2.0,), (104,), (2.0,))
('K.363 Musicalion', 'P1', 2, (509, 510), (108,), (2.0,), (108,), (2.0,))

35.    ((-5,), (0.5,), (2,), (0.5,)):
('K.363 Musicalion', 'P1', 1, (130, 131), (46,), (2.5,), (46,), (2.5,))
('K.363 Musicalion', 'P1', 1, (154, 155), (50,), (2.5,), (50,), (2.5,))
('K.363 Musicalion', 'P1', 1, (319, 320), (104,), (2.5,), (104,), (2.5,))
('K.363 Musicalion', 'P1', 1, (343, 344), (108,), (2.5,), (108,), (2.5,))
('K.363 Musicalion', 'P1', 2, (143, 144), (31,), (2.5,), (31,), (2.5,))
('K.363 Musicalion', 'P1', 2, (195, 196), (40,), (2.5,), (40,), (2.5,))

36.    ((2,), (0.5,), (1,), (0.5,)):
('K.363 Musicalion', 'P1', 1, (140, 141), (48,), (1.5,), (48,), (1.5,))
('K.363 Musicalion', 'P1', 1, (164, 165), (52,), (1.5,), (52,), (1.5,))
('K.363 Musicalion', 'P1', 1, (329, 330), (106,), (1.5,), (106,), (1.5,))
('K.363 Musicalion', 'P1', 1, (353, 354), (110,), (1.5,), (110,), (1.5,))
('K.363 Musicalion', 'P1', 2, (441, 442), (94,), (1.5,), (94,), (1.5,))
('K.363 Musicalion', 'P1', 2, (493, 494), (103,), (1.5,), (103,), (1.5,))

37.    ((-2,), (1.0,), (1,), (0.0,)):
('K.363 Musicalion', 'P1', 1, (226, 227), (73,), (1.0,), (73,), (1.0,))
('K.363 Musicalion', 'P1', 1, (234, 235), (76,), (1.0,), (76,), (1.0,))
('K.363 Musicalion', 'P1', 1, (242, 243), (79,), (1.0,), (79,), (1.0,))
('K.363 Musicalion', 'P1', 1, (262, 263), (86,), (1.0,), (86,), (1.0,))
('K.363 Musicalion', 'P1', 1, (289, 290), (95,), (1.0,), (95,), (1.0,))
('K.363 Musicalion', 'P1', 2, (280, 281), (65,), (1.0,), (65,), (1.0,))

38.    ((7,), (0.5,), (3,), (0.0,)):
('K.363 Musicalion', 'P1', 1, (356, 357), (110,), (3.0,), (110,), (3.0,))
('K.363 Musicalion', 'P1', 2, (120, 121), (27,), (3.0,), (27,), (3.0,))
('K.363 Musicalion', 'P1', 2, (126, 127), (28,), (3.0,), (28,), (3.0,))
('K.363 Musicalion', 'P1', 2, (132, 133), (29,), (3.0,), (29,), (3.0,))
('K.363 Musicalion', 'P1', 2, (178, 179), (37,), (3.0,), (37,), (3.0,))
('K.363 Musicalion', 'P1', 2, (184, 185), (38,), (3.0,), (38,), (3.0,))

39.    ((-5,), (1.0,), (1,), (0.0,)):
('K.363 Musicalion', 'P1', 1, (81, 82), (32,), (1.0,), (32,), (1.0,))
('K.363 Musicalion', 'P1', 1, (110, 111), (41,), (1.0,), (41,), (1.0,))
('K.363 Musicalion', 'P1', 1, (272, 273), (90,), (1.0,), (90,), (1.0,))
('K.363 Musicalion', 'P1', 1, (299, 300), (99,), (1.0,), (99,), (1.0,))
('K.363 Musicalion', 'P1', 2, (283, 284), (66,), (1.0,), (66,), (1.0,))

40.    ((4,), (1.0,), (1,), (0.0,)):
('K.363 Musicalion', 'P1', 1, (56, 57), (23,), (1.0,), (23,), (1.0,))
('K.363 Musicalion', 'P1', 1, (78, 79), (31,), (1.0,), (31,), (1.0,))
('K.363 Musicalion', 'P1', 1, (107, 108), (40,), (1.0,), (40,), (1.0,))
('K.363 Musicalion', 'P1', 2, (267, 268), (60,), (1.0,), (60,), (1.0,))

41.    ((8,), (0.5,), (1,), (0.0,)):
('K.363 Musicalion', 'P1', 1, (127, 128), (46,), (1.0,), (46,), (1.0,))
('K.363 Musicalion', 'P1', 2, (116, 117), (27,), (1.0,), (27,), (1.0,))
('K.363 Musicalion', 'P1', 2, (440, 441), (94,), (1.0,), (94,), (1.0,))
('K.363 Musicalion', 'P1', 2, (492, 493), (103,), (1.0,), (103,), (1.0,))

42.    ((1,), (1.0,), (3,), (0.0,)):
('K.363 Musicalion', 'P1', 1, (52, 53), (21,), (3.0,), (21,), (3.0,))
('K.363 Musicalion', 'P1', 1, (92, 93), (35,), (3.0,), (35,), (3.0,))

43.    ((11,), (1.0,), (3,), (0.0,)):
('K.363 Musicalion', 'P1', 2, (173, 174), (36,), (3.0,), (36,), (3.0,))
('K.363 Musicalion', 'P1', 2, (443, 444), (94,), (3.0,), (94,), (3.0,))

44.    ((8,), (0.5,), (3,), (0.0,)):
('K.363 Musicalion', 'P1', 2, (190, 191), (39,), (3.0,), (39,), (3.0,))
('K.363 Musicalion', 'P1', 2, (202, 203), (41,), (3.0,), (41,), (3.0,))

