1.    nomes:
K.5 Musicalion

2.    quantidade:
1

3.    analise:
[('intDia', 'p1p2')] SemContInte Distancia: 0

1.    ((-2, 2, -4, 6, -6, -2, -2, 6, -2, 2, -4, 6, -6, -2, -2, 8, -2, 2, -3, 3, -6, 8, -2, -2, 1, -2, 2, -3, 3, -6, 8, -2, -2, 3, -4, 4, -5, 5, -6, 6, -7, 7, -8, 8, -9, 8, -2, -2, 2, -3, 2, -4, 2, -2, 2, 2, 3, -6, 5, -6, 5, -6, 5, -6, 5, -6, 5, -6, 5, -2, -2, 2, -3, 2, -4, 2, -2, 2, 2, 3, -3, -4, -3, 1),):
('K.5 Musicalion', 'P1', 1, (88, 172), (23,), (1.5,), (39,), (3.0,))
('K.5 Musicalion', 'P1', 1, (318, 402), (70,), (1.5,), (86,), (3.0,))

2.    ((2, 2, 2, 2, 2, 2, -2, -2, -2, -2, -2, -2, 2, 2, 2, 2, 2, 2, -2, -2, -2, -2, -2, -2, 2, -2, -2, -2, -2),):
('K.5 Musicalion', 'P1', 1, (51, 80), (15,), (1.0,), (20,), (3.0,))
('K.5 Musicalion', 'P1', 1, (280, 309), (63,), (1.0,), (67,), (3.0,))

3.    ((-2, -2, -2, -2, -2, 2, 2, 2, 2, 2, -6, 2, 2, 2, 2, 2),):
('K.5 Musicalion', 'P1', 1, (40, 56), (12,), (1.5,), (16,), (3.0,))
('K.5 Musicalion', 'P1', 2, (4, 20), (11,), (1.5,), (15,), (3.0,))

4.    ((-6, 2, 4, -2, -2, 2, -7, 2, 5, -2, -2, 2),):
('K.5 Musicalion', 'P1', 1, (206, 218), (48,), (1.0,), (49,), (3.5,))
('K.5 Musicalion', 'P1', 1, (218, 230), (50,), (1.0,), (51,), (3.5,))

5.    ((-3, -4, -3, 1, 1, 6, -4, -3, -3, 1),):
('K.5 Musicalion', 'P1', 1, (180, 190), (41,), (1.5,), (42,), (3.0,))
('K.5 Musicalion', 'P1', 3, (127, 137), (88,), (1.5,), (89,), (3.0,))

6.    ((2, 2, 2, 2, 2, 2, 2, 2, 2, 2),):
('K.5 Musicalion', 'P1', 2, (21, 31), (16,), (1.0,), (21,), (2.5,))
('K.5 Musicalion', 'P1', 2, (81, 91), (68,), (1.0,), (68,), (2.75,))

7.    ((-2, -2, 2, 2, -4, 4, 2, 2, 2),):
('K.5 Musicalion', 'P1', 1, (0, 9), (1,), (1.0,), (2,), (3.0,))
('K.5 Musicalion', 'P1', 1, (191, 200), (44,), (1.0,), (45,), (3.0,))

8.    ((-2, -2, -2, -2, -2, -2, -2, -2, 2),):
('K.5 Musicalion', 'P1', 2, (49, 58), (31,), (1.0,), (33,), (2.5,))
('K.5 Musicalion', 'P1', 2, (92, 101), (78,), (1.0,), (80,), (2.5,))

9.    ((3, 2, 2, 2, -6, 3, 2, 2, 2),):
('K.5 Musicalion', 'P1', 3, (6, 15), (5,), (1.0,), (8,), (2.0,))
('K.5 Musicalion', 'P1', 3, (45, 54), (54,), (1.0,), (57,), (2.0,))

10.    ((-2, -2, -2, (3, -2), (3, -2), (3, -2), (3, -2), (3, -2)),):
('K.5 Musicalion', 'P1', 2, (59, 67), (34,), (1.0,), (36,), (2.0,))
('K.5 Musicalion', 'P1', 3, (103, 111), (81,), (1.0,), (83,), (2.0,))

11.    ((-2, -2, -2, -2, -2, -2, 2),):
('K.5 Musicalion', 'P1', 1, (69, 76), (19,), (1.0,), (20,), (1.0,))
('K.5 Musicalion', 'P1', 1, (298, 305), (66,), (1.0,), (67,), (1.0,))
('K.5 Musicalion', 'P1', 2, (51, 58), (31,), (3.0,), (33,), (2.5,))
('K.5 Musicalion', 'P1', 2, (94, 101), (78,), (3.0,), (80,), (2.5,))

12.    (((3, -2), -2, 2, 4, -2, -2, -9),):
('K.5 Musicalion', 'P1', 3, (26, 33), (37,), (1.0,), (38,), (3.0,))
('K.5 Musicalion', 'P1', 3, (112, 119), (84,), (1.0,), (85,), (3.0,))

13.    ((8, -3, -4, -3, 1, 1),):
('K.5 Musicalion', 'P1', 3, (120, 126), (87,), (1.0,), (87,), (3.5,))
('K.5 Musicalion', 'P1', 3, (126, 132), (88,), (1.0,), (88,), (3.5,))

14.    ((-2, 2, 2, -2, 2),):
('K.5 Musicalion', 'P1', 1, (85, 90), (22,), (2.0,), (23,), (2.0,))
('K.5 Musicalion', 'P1', 3, (64, 69), (61,), (3.0,), (63,), (1.0,))
('K.5 Musicalion', 'P1', 3, (70, 75), (63,), (3.0,), (65,), (1.0,))
('K.5 Musicalion', 'P1', 3, (76, 81), (65,), (3.0,), (67,), (1.0,))

15.    ((-2, -2, 2, 2),):
('K.5 Musicalion', 'P1', 1, (0, 4), (1,), (1.0,), (1,), (3.75,))
('K.5 Musicalion', 'P1', 1, (43, 47), (12,), (3.0,), (14,), (1.5,))
('K.5 Musicalion', 'P1', 1, (61, 65), (17,), (3.0,), (18,), (1.5,))
('K.5 Musicalion', 'P1', 1, (191, 195), (44,), (1.0,), (44,), (3.75,))
('K.5 Musicalion', 'P1', 1, (278, 282), (62,), (3.0,), (63,), (1.5,))
('K.5 Musicalion', 'P1', 1, (290, 294), (64,), (3.0,), (65,), (1.5,))
('K.5 Musicalion', 'P1', 2, (7, 11), (11,), (3.0,), (13,), (1.5,))
('K.5 Musicalion', 'P1', 3, (69, 73), (63,), (2.0,), (64,), (2.0,))
('K.5 Musicalion', 'P1', 3, (75, 79), (65,), (2.0,), (66,), (2.0,))

16.    ((2, 2, -2, -2),):
('K.5 Musicalion', 'P1', 1, (8, 12), (2,), (3.0,), (3,), (2.0,))
('K.5 Musicalion', 'P1', 1, (55, 59), (16,), (3.0,), (17,), (1.5,))
('K.5 Musicalion', 'P1', 1, (67, 71), (18,), (3.0,), (19,), (1.5,))
('K.5 Musicalion', 'P1', 1, (198, 202), (45,), (2.5,), (46,), (1.0,))
('K.5 Musicalion', 'P1', 1, (272, 276), (61,), (3.0,), (62,), (1.5,))
('K.5 Musicalion', 'P1', 1, (284, 288), (63,), (3.0,), (64,), (1.5,))
('K.5 Musicalion', 'P1', 1, (296, 300), (65,), (3.0,), (66,), (1.5,))
('K.5 Musicalion', 'P1', 2, (2, 6), (10,), (3.0,), (11,), (2.0,))
('K.5 Musicalion', 'P1', 3, (61, 65), (60,), (3.0,), (61,), (3.0,))

17.    ((2, 2, 2, -6),):
('K.5 Musicalion', 'P1', 1, (47, 51), (14,), (2.0,), (14,), (3.5,))
('K.5 Musicalion', 'P1', 2, (11, 15), (13,), (2.0,), (13,), (3.5,))
('K.5 Musicalion', 'P1', 2, (17, 21), (15,), (2.0,), (15,), (3.5,))
('K.5 Musicalion', 'P1', 3, (7, 11), (5,), (3.0,), (6,), (3.0,))
('K.5 Musicalion', 'P1', 3, (12, 16), (7,), (3.0,), (8,), (3.0,))
('K.5 Musicalion', 'P1', 3, (46, 50), (54,), (3.0,), (55,), (3.0,))
('K.5 Musicalion', 'P1', 3, (56, 60), (58,), (3.0,), (59,), (3.0,))

18.    ((7, -2, -2, -2),):
('K.5 Musicalion', 'P1', 1, (18, 22), (5,), (2.5,), (6,), (2.0,))
('K.5 Musicalion', 'P1', 1, (26, 30), (7,), (2.5,), (8,), (2.0,))
('K.5 Musicalion', 'P1', 1, (242, 246), (54,), (2.5,), (55,), (2.0,))
('K.5 Musicalion', 'P1', 1, (250, 254), (56,), (2.5,), (57,), (2.0,))
('K.5 Musicalion', 'P1', 1, (258, 262), (58,), (2.5,), (59,), (2.0,))
('K.5 Musicalion', 'P1', 3, (102, 106), (77,), (3.0,), (81,), (3.0,))

19.    ((2, 4, -2, -2),):
('K.5 Musicalion', 'P1', 1, (207, 211), (48,), (1.5,), (48,), (3.0,))
('K.5 Musicalion', 'P1', 1, (219, 223), (50,), (1.5,), (50,), (3.0,))
('K.5 Musicalion', 'P1', 2, (57, 61), (33,), (2.5,), (34,), (2.0,))
('K.5 Musicalion', 'P1', 3, (28, 32), (37,), (2.5,), (38,), (2.0,))
('K.5 Musicalion', 'P1', 3, (114, 118), (84,), (2.5,), (85,), (2.0,))

20.    (((3, -2), (3, -2), (3, -2), (3, 2)),):
('K.5 Musicalion', 'P1', 2, (77, 81), (48,), (1.0,), (49,), (3.0,))
('K.5 Musicalion', 'P1', 3, (39, 43), (50,), (1.0,), (51,), (3.0,))

21.    ((-2, -2, -2),):
('K.5 Musicalion', 'P1', 1, (19, 22), (5,), (3.0,), (6,), (2.0,))
('K.5 Musicalion', 'P1', 1, (27, 30), (7,), (3.0,), (8,), (2.0,))
('K.5 Musicalion', 'P1', 1, (39, 42), (11,), (1.0,), (12,), (2.0,))
('K.5 Musicalion', 'P1', 1, (71, 74), (19,), (2.0,), (19,), (3.0,))
('K.5 Musicalion', 'P1', 1, (77, 80), (20,), (2.0,), (20,), (3.0,))
('K.5 Musicalion', 'P1', 1, (231, 234), (52,), (1.5,), (52,), (2.5,))
('K.5 Musicalion', 'P1', 1, (243, 246), (54,), (3.0,), (55,), (2.0,))
('K.5 Musicalion', 'P1', 1, (251, 254), (56,), (3.0,), (57,), (2.0,))
('K.5 Musicalion', 'P1', 1, (259, 262), (58,), (3.0,), (59,), (2.0,))
('K.5 Musicalion', 'P1', 1, (300, 303), (66,), (2.0,), (66,), (3.0,))
('K.5 Musicalion', 'P1', 1, (306, 309), (67,), (2.0,), (67,), (3.0,))
('K.5 Musicalion', 'P1', 1, (311, 314), (68,), (3.0,), (69,), (2.0,))
('K.5 Musicalion', 'P1', 2, (49, 52), (31,), (1.0,), (31,), (3.0,))
('K.5 Musicalion', 'P1', 2, (52, 55), (32,), (1.0,), (32,), (3.0,))
('K.5 Musicalion', 'P1', 2, (92, 95), (78,), (1.0,), (78,), (3.0,))
('K.5 Musicalion', 'P1', 2, (95, 98), (79,), (1.0,), (79,), (3.0,))
('K.5 Musicalion', 'P1', 3, (103, 106), (81,), (1.0,), (81,), (3.0,))

22.    ((2, -2, 2),):
('K.5 Musicalion', 'P1', 1, (84, 87), (22,), (1.5,), (22,), (3.5,))
('K.5 Musicalion', 'P1', 1, (87, 90), (22,), (3.75,), (23,), (2.0,))
('K.5 Musicalion', 'P1', 1, (140, 143), (34,), (1.5,), (34,), (3.5,))
('K.5 Musicalion', 'P1', 1, (163, 166), (38,), (1.5,), (38,), (3.5,))
('K.5 Musicalion', 'P1', 1, (370, 373), (81,), (1.5,), (81,), (3.5,))
('K.5 Musicalion', 'P1', 1, (393, 396), (85,), (1.5,), (85,), (3.5,))
('K.5 Musicalion', 'P1', 3, (66, 69), (62,), (2.0,), (63,), (1.0,))
('K.5 Musicalion', 'P1', 3, (72, 75), (64,), (2.0,), (65,), (1.0,))
('K.5 Musicalion', 'P1', 3, (78, 81), (66,), (2.0,), (67,), (1.0,))
('K.5 Musicalion', 'P1', 4, (9, 12), (69,), (1.0,), (81,), (1.0,))

23.    ((2, 2, 2),):
('K.5 Musicalion', 'P1', 1, (51, 54), (15,), (1.0,), (16,), (2.0,))
('K.5 Musicalion', 'P1', 2, (21, 24), (16,), (1.0,), (20,), (3.0,))
('K.5 Musicalion', 'P1', 2, (24, 27), (21,), (1.0,), (21,), (1.5,))
('K.5 Musicalion', 'P1', 2, (27, 30), (21,), (1.75,), (21,), (2.25,))
('K.5 Musicalion', 'P1', 2, (81, 84), (68,), (1.0,), (68,), (1.5,))
('K.5 Musicalion', 'P1', 2, (84, 87), (68,), (1.75,), (68,), (2.25,))
('K.5 Musicalion', 'P1', 2, (87, 90), (68,), (2.38,), (68,), (2.62,))
('K.5 Musicalion', 'P1', 3, (51, 54), (56,), (3.0,), (57,), (2.0,))

24.    ((-3, -3, 7),):
('K.5 Musicalion', 'P1', 1, (16, 19), (5,), (1.5,), (5,), (2.5,))
('K.5 Musicalion', 'P1', 1, (24, 27), (7,), (1.5,), (7,), (2.5,))
('K.5 Musicalion', 'P1', 1, (32, 35), (9,), (1.5,), (9,), (2.5,))
('K.5 Musicalion', 'P1', 1, (240, 243), (54,), (1.5,), (54,), (2.5,))
('K.5 Musicalion', 'P1', 1, (248, 251), (56,), (1.5,), (56,), (2.5,))
('K.5 Musicalion', 'P1', 1, (256, 259), (58,), (1.5,), (58,), (2.5,))
('K.5 Musicalion', 'P1', 1, (264, 267), (60,), (1.5,), (60,), (2.5,))
('K.5 Musicalion', 'P1', 4, (6, 9), (52,), (1.0,), (52,), (3.0,))

25.    ((2, -2),):
('K.5 Musicalion', 'P1', 1, (9, 11), (2,), (3.5,), (3,), (1.0,))
('K.5 Musicalion', 'P1', 1, (38, 40), (10,), (3.0,), (11,), (1.0,))
('K.5 Musicalion', 'P1', 1, (56, 58), (16,), (3.5,), (17,), (1.0,))
('K.5 Musicalion', 'P1', 1, (68, 70), (18,), (3.5,), (19,), (1.0,))
('K.5 Musicalion', 'P1', 1, (84, 86), (22,), (1.5,), (22,), (2.0,))
('K.5 Musicalion', 'P1', 1, (87, 89), (22,), (3.75,), (23,), (1.5,))
('K.5 Musicalion', 'P1', 1, (140, 142), (34,), (1.5,), (34,), (2.0,))
('K.5 Musicalion', 'P1', 1, (163, 165), (38,), (1.5,), (38,), (2.0,))
('K.5 Musicalion', 'P1', 1, (199, 201), (45,), (3.0,), (45,), (3.5,))
('K.5 Musicalion', 'P1', 1, (273, 275), (61,), (3.5,), (62,), (1.0,))
('K.5 Musicalion', 'P1', 1, (285, 287), (63,), (3.5,), (64,), (1.0,))
('K.5 Musicalion', 'P1', 1, (297, 299), (65,), (3.5,), (66,), (1.0,))
('K.5 Musicalion', 'P1', 1, (370, 372), (81,), (1.5,), (81,), (2.0,))
('K.5 Musicalion', 'P1', 1, (393, 395), (85,), (1.5,), (85,), (2.0,))
('K.5 Musicalion', 'P1', 2, (3, 5), (11,), (1.0,), (11,), (1.5,))
('K.5 Musicalion', 'P1', 2, (70, 72), (45,), (1.0,), (45,), (2.5,))
('K.5 Musicalion', 'P1', 3, (62, 64), (61,), (1.0,), (61,), (2.0,))
('K.5 Musicalion', 'P1', 3, (66, 68), (62,), (2.0,), (62,), (3.0,))
('K.5 Musicalion', 'P1', 3, (68, 70), (63,), (1.0,), (63,), (2.0,))
('K.5 Musicalion', 'P1', 3, (72, 74), (64,), (2.0,), (64,), (3.0,))
('K.5 Musicalion', 'P1', 3, (74, 76), (65,), (1.0,), (65,), (2.0,))
('K.5 Musicalion', 'P1', 3, (78, 80), (66,), (2.0,), (66,), (3.0,))
('K.5 Musicalion', 'P1', 4, (9, 11), (69,), (1.0,), (69,), (2.0,))

26.    ((2, -4),):
('K.5 Musicalion', 'P1', 1, (89, 91), (23,), (2.0,), (23,), (2.5,))
('K.5 Musicalion', 'P1', 1, (97, 99), (25,), (2.0,), (25,), (2.5,))
('K.5 Musicalion', 'P1', 1, (138, 140), (33,), (3.5,), (34,), (1.0,))
('K.5 Musicalion', 'P1', 1, (161, 163), (37,), (3.5,), (38,), (1.0,))
('K.5 Musicalion', 'P1', 1, (319, 321), (70,), (2.0,), (70,), (2.5,))
('K.5 Musicalion', 'P1', 1, (327, 329), (72,), (2.0,), (72,), (2.5,))
('K.5 Musicalion', 'P1', 1, (368, 370), (80,), (3.5,), (81,), (1.0,))
('K.5 Musicalion', 'P1', 1, (391, 393), (84,), (3.5,), (85,), (1.0,))
('K.5 Musicalion', 'P1', 2, (90, 92), (68,), (2.75,), (68,), (2.88,))
('K.5 Musicalion', 'P1', 3, (24, 26), (34,), (1.0,), (34,), (2.0,))

27.    ((-3, -3),):
('K.5 Musicalion', 'P1', 1, (16, 18), (5,), (1.5,), (5,), (2.0,))
('K.5 Musicalion', 'P1', 1, (24, 26), (7,), (1.5,), (7,), (2.0,))
('K.5 Musicalion', 'P1', 1, (32, 34), (9,), (1.5,), (9,), (2.0,))
('K.5 Musicalion', 'P1', 1, (187, 189), (42,), (2.0,), (42,), (2.5,))
('K.5 Musicalion', 'P1', 1, (240, 242), (54,), (1.5,), (54,), (2.0,))
('K.5 Musicalion', 'P1', 1, (248, 250), (56,), (1.5,), (56,), (2.0,))
('K.5 Musicalion', 'P1', 1, (256, 258), (58,), (1.5,), (58,), (2.0,))
('K.5 Musicalion', 'P1', 1, (264, 266), (60,), (1.5,), (60,), (2.0,))
('K.5 Musicalion', 'P1', 3, (134, 136), (89,), (2.0,), (89,), (2.5,))
('K.5 Musicalion', 'P1', 4, (6, 8), (52,), (1.0,), (52,), (2.0,))

28.    ((-2, -5),):
('K.5 Musicalion', 'P1', 2, (37, 39), (24,), (1.0,), (24,), (2.0,))
('K.5 Musicalion', 'P1', 2, (40, 42), (26,), (1.0,), (26,), (2.0,))
('K.5 Musicalion', 'P1', 2, (43, 45), (28,), (1.0,), (28,), (2.0,))
('K.5 Musicalion', 'P1', 2, (46, 48), (30,), (1.0,), (30,), (2.0,))
('K.5 Musicalion', 'P1', 3, (88, 90), (71,), (1.0,), (71,), (2.0,))
('K.5 Musicalion', 'P1', 3, (92, 94), (73,), (1.0,), (73,), (2.0,))
('K.5 Musicalion', 'P1', 3, (96, 98), (75,), (1.0,), (75,), (2.0,))
('K.5 Musicalion', 'P1', 3, (100, 102), (77,), (1.0,), (77,), (2.0,))
('K.5 Musicalion', 'P1', 4, (0, 2), (3,), (1.0,), (3,), (2.0,))

29.    ((6, -2),):
('K.5 Musicalion', 'P1', 1, (95, 97), (25,), (1.0,), (25,), (1.5,))
('K.5 Musicalion', 'P1', 1, (325, 327), (72,), (1.0,), (72,), (1.5,))
('K.5 Musicalion', 'P1', 2, (39, 41), (24,), (3.0,), (26,), (1.0,))
('K.5 Musicalion', 'P1', 2, (42, 44), (26,), (3.0,), (28,), (1.0,))
('K.5 Musicalion', 'P1', 2, (45, 47), (28,), (3.0,), (30,), (1.0,))

30.    ((10, -2),):
('K.5 Musicalion', 'P1', 1, (310, 312), (68,), (1.0,), (68,), (3.0,))
('K.5 Musicalion', 'P1', 3, (87, 89), (70,), (1.0,), (71,), (1.0,))
('K.5 Musicalion', 'P1', 3, (91, 93), (72,), (1.0,), (73,), (1.0,))
('K.5 Musicalion', 'P1', 3, (95, 97), (74,), (1.0,), (75,), (1.0,))
('K.5 Musicalion', 'P1', 3, (99, 101), (76,), (1.0,), (77,), (1.0,))

31.    ((2, -5),):
('K.5 Musicalion', 'P1', 3, (18, 20), (22,), (1.0,), (22,), (2.0,))
('K.5 Musicalion', 'P1', 3, (53, 55), (57,), (2.0,), (57,), (3.0,))
('K.5 Musicalion', 'P1', 4, (3, 5), (38,), (1.0,), (38,), (2.0,))
('K.5 Musicalion', 'P1', 4, (13, 15), (85,), (1.0,), (85,), (2.0,))

32.    ((4, 2),):
('K.5 Musicalion', 'P1', 1, (5, 7), (2,), (1.5,), (2,), (2.0,))
('K.5 Musicalion', 'P1', 1, (196, 198), (45,), (1.5,), (45,), (2.0,))
('K.5 Musicalion', 'P1', 3, (23, 25), (29,), (1.0,), (34,), (1.0,))

33.    ((-7, 2),):
('K.5 Musicalion', 'P1', 1, (212, 214), (49,), (1.0,), (49,), (1.5,))
('K.5 Musicalion', 'P1', 1, (224, 226), (51,), (1.0,), (51,), (1.5,))
('K.5 Musicalion', 'P1', 4, (2, 4), (3,), (3.0,), (38,), (1.0,))

34.    ((2, 1),):
('K.5 Musicalion', 'P1', 1, (204, 206), (46,), (3.75,), (47,), (1.0,))
('K.5 Musicalion', 'P1', 1, (316, 318), (69,), (3.5,), (70,), (1.0,))

35.    ((3, -2),):
('K.5 Musicalion', 'P1', 1, (230, 232), (52,), (1.0,), (52,), (1.5,))
('K.5 Musicalion', 'P1', 3, (16, 18), (9,), (1.0,), (9,), (3.0,))

36.    (((3, 2), (3, 2)),):
('K.5 Musicalion', 'P1', 2, (68, 70), (44,), (1.0,), (44,), (2.0,))
('K.5 Musicalion', 'P1', 3, (0, 2), (1,), (1.0,), (1,), (2.0,))

37.    ((2, -9),):
('K.5 Musicalion', 'P1', 2, (31, 33), (21,), (2.75,), (21,), (2.88,))
('K.5 Musicalion', 'P1', 4, (11, 13), (81,), (1.0,), (81,), (2.0,))

38.    (((8, 1), (8, 1)),):
('K.5 Musicalion', 'P1', 3, (33, 35), (39,), (1.0,), (40,), (1.0,))
('K.5 Musicalion', 'P1', 4, (15, 17), (87,), (1.0,), (88,), (1.0,))

39.    ((-2,),):
('K.5 Musicalion', 'P1', 1, (0, 1), (1,), (1.0,), (1,), (1.0,))
('K.5 Musicalion', 'P1', 1, (11, 12), (3,), (2.0,), (3,), (2.0,))
('K.5 Musicalion', 'P1', 1, (12, 13), (4,), (1.0,), (4,), (1.0,))
('K.5 Musicalion', 'P1', 1, (13, 14), (4,), (2.0,), (4,), (2.0,))
('K.5 Musicalion', 'P1', 1, (19, 20), (5,), (3.0,), (5,), (3.0,))
('K.5 Musicalion', 'P1', 1, (20, 21), (6,), (1.0,), (6,), (1.0,))
('K.5 Musicalion', 'P1', 1, (21, 22), (6,), (2.0,), (6,), (2.0,))
('K.5 Musicalion', 'P1', 1, (27, 28), (7,), (3.0,), (7,), (3.0,))
('K.5 Musicalion', 'P1', 1, (28, 29), (8,), (1.0,), (8,), (1.0,))
('K.5 Musicalion', 'P1', 1, (29, 30), (8,), (2.0,), (8,), (2.0,))
('K.5 Musicalion', 'P1', 1, (40, 41), (12,), (1.5,), (12,), (1.5,))
('K.5 Musicalion', 'P1', 1, (41, 42), (12,), (2.0,), (12,), (2.0,))
('K.5 Musicalion', 'P1', 1, (42, 43), (12,), (2.5,), (12,), (2.5,))
('K.5 Musicalion', 'P1', 1, (43, 44), (12,), (3.0,), (12,), (3.0,))
('K.5 Musicalion', 'P1', 1, (58, 59), (17,), (1.5,), (17,), (1.5,))
('K.5 Musicalion', 'P1', 1, (59, 60), (17,), (2.0,), (17,), (2.0,))
('K.5 Musicalion', 'P1', 1, (60, 61), (17,), (2.5,), (17,), (2.5,))
('K.5 Musicalion', 'P1', 1, (61, 62), (17,), (3.0,), (17,), (3.0,))
('K.5 Musicalion', 'P1', 1, (70, 71), (19,), (1.5,), (19,), (1.5,))
('K.5 Musicalion', 'P1', 1, (71, 72), (19,), (2.0,), (19,), (2.0,))
('K.5 Musicalion', 'P1', 1, (72, 73), (19,), (2.5,), (19,), (2.5,))
('K.5 Musicalion', 'P1', 1, (73, 74), (19,), (3.0,), (19,), (3.0,))
('K.5 Musicalion', 'P1', 1, (76, 77), (20,), (1.5,), (20,), (1.5,))
('K.5 Musicalion', 'P1', 1, (77, 78), (20,), (2.0,), (20,), (2.0,))
('K.5 Musicalion', 'P1', 1, (78, 79), (20,), (2.5,), (20,), (2.5,))
('K.5 Musicalion', 'P1', 1, (82, 83), (21,), (3.0,), (21,), (3.0,))
('K.5 Musicalion', 'P1', 1, (93, 94), (24,), (1.0,), (24,), (1.0,))
('K.5 Musicalion', 'P1', 1, (94, 95), (24,), (2.0,), (24,), (2.0,))
('K.5 Musicalion', 'P1', 1, (101, 102), (26,), (1.0,), (26,), (1.0,))
('K.5 Musicalion', 'P1', 1, (102, 103), (26,), (2.0,), (26,), (2.0,))
('K.5 Musicalion', 'P1', 1, (110, 111), (28,), (1.5,), (28,), (1.5,))
('K.5 Musicalion', 'P1', 1, (111, 112), (28,), (2.0,), (28,), (2.0,))
('K.5 Musicalion', 'P1', 1, (119, 120), (30,), (1.5,), (30,), (1.5,))
('K.5 Musicalion', 'P1', 1, (120, 121), (30,), (2.0,), (30,), (2.0,))
('K.5 Musicalion', 'P1', 1, (134, 135), (33,), (1.5,), (33,), (1.5,))
('K.5 Musicalion', 'P1', 1, (157, 158), (37,), (1.5,), (37,), (1.5,))
('K.5 Musicalion', 'P1', 1, (191, 192), (44,), (1.0,), (44,), (1.0,))
('K.5 Musicalion', 'P1', 1, (201, 202), (46,), (1.0,), (46,), (1.0,))
('K.5 Musicalion', 'P1', 1, (209, 210), (48,), (2.5,), (48,), (2.5,))
('K.5 Musicalion', 'P1', 1, (215, 216), (49,), (2.5,), (49,), (2.5,))
('K.5 Musicalion', 'P1', 1, (221, 222), (50,), (2.5,), (50,), (2.5,))
('K.5 Musicalion', 'P1', 1, (227, 228), (51,), (2.5,), (51,), (2.5,))
('K.5 Musicalion', 'P1', 1, (231, 232), (52,), (1.5,), (52,), (1.5,))
('K.5 Musicalion', 'P1', 1, (232, 233), (52,), (2.0,), (52,), (2.0,))
('K.5 Musicalion', 'P1', 1, (233, 234), (52,), (2.5,), (52,), (2.5,))
('K.5 Musicalion', 'P1', 1, (236, 237), (53,), (1.0,), (53,), (1.0,))
('K.5 Musicalion', 'P1', 1, (237, 238), (53,), (2.0,), (53,), (2.0,))
('K.5 Musicalion', 'P1', 1, (243, 244), (54,), (3.0,), (54,), (3.0,))
('K.5 Musicalion', 'P1', 1, (244, 245), (55,), (1.0,), (55,), (1.0,))
('K.5 Musicalion', 'P1', 1, (245, 246), (55,), (2.0,), (55,), (2.0,))
('K.5 Musicalion', 'P1', 1, (251, 252), (56,), (3.0,), (56,), (3.0,))
('K.5 Musicalion', 'P1', 1, (252, 253), (57,), (1.0,), (57,), (1.0,))
('K.5 Musicalion', 'P1', 1, (253, 254), (57,), (2.0,), (57,), (2.0,))
('K.5 Musicalion', 'P1', 1, (259, 260), (58,), (3.0,), (58,), (3.0,))
('K.5 Musicalion', 'P1', 1, (260, 261), (59,), (1.0,), (59,), (1.0,))
('K.5 Musicalion', 'P1', 1, (261, 262), (59,), (2.0,), (59,), (2.0,))
('K.5 Musicalion', 'P1', 1, (275, 276), (62,), (1.5,), (62,), (1.5,))
('K.5 Musicalion', 'P1', 1, (276, 277), (62,), (2.0,), (62,), (2.0,))
('K.5 Musicalion', 'P1', 1, (277, 278), (62,), (2.5,), (62,), (2.5,))
('K.5 Musicalion', 'P1', 1, (278, 279), (62,), (3.0,), (62,), (3.0,))
('K.5 Musicalion', 'P1', 1, (287, 288), (64,), (1.5,), (64,), (1.5,))
('K.5 Musicalion', 'P1', 1, (288, 289), (64,), (2.0,), (64,), (2.0,))
('K.5 Musicalion', 'P1', 1, (289, 290), (64,), (2.5,), (64,), (2.5,))
('K.5 Musicalion', 'P1', 1, (290, 291), (64,), (3.0,), (64,), (3.0,))
('K.5 Musicalion', 'P1', 1, (299, 300), (66,), (1.5,), (66,), (1.5,))
('K.5 Musicalion', 'P1', 1, (300, 301), (66,), (2.0,), (66,), (2.0,))
('K.5 Musicalion', 'P1', 1, (301, 302), (66,), (2.5,), (66,), (2.5,))
('K.5 Musicalion', 'P1', 1, (302, 303), (66,), (3.0,), (66,), (3.0,))
('K.5 Musicalion', 'P1', 1, (305, 306), (67,), (1.5,), (67,), (1.5,))
('K.5 Musicalion', 'P1', 1, (306, 307), (67,), (2.0,), (67,), (2.0,))
('K.5 Musicalion', 'P1', 1, (307, 308), (67,), (2.5,), (67,), (2.5,))
('K.5 Musicalion', 'P1', 1, (308, 309), (67,), (3.0,), (67,), (3.0,))
('K.5 Musicalion', 'P1', 1, (309, 310), (67,), (3.5,), (67,), (3.5,))
('K.5 Musicalion', 'P1', 1, (311, 312), (68,), (3.0,), (68,), (3.0,))
('K.5 Musicalion', 'P1', 1, (312, 313), (69,), (1.0,), (69,), (1.0,))
('K.5 Musicalion', 'P1', 1, (313, 314), (69,), (2.0,), (69,), (2.0,))
('K.5 Musicalion', 'P1', 1, (314, 315), (69,), (2.5,), (69,), (2.5,))
('K.5 Musicalion', 'P1', 1, (323, 324), (71,), (1.0,), (71,), (1.0,))
('K.5 Musicalion', 'P1', 1, (324, 325), (71,), (2.0,), (71,), (2.0,))
('K.5 Musicalion', 'P1', 1, (331, 332), (73,), (1.0,), (73,), (1.0,))
('K.5 Musicalion', 'P1', 1, (332, 333), (73,), (2.0,), (73,), (2.0,))
('K.5 Musicalion', 'P1', 1, (340, 341), (75,), (1.5,), (75,), (1.5,))
('K.5 Musicalion', 'P1', 1, (341, 342), (75,), (2.0,), (75,), (2.0,))
('K.5 Musicalion', 'P1', 1, (349, 350), (77,), (1.5,), (77,), (1.5,))
('K.5 Musicalion', 'P1', 1, (350, 351), (77,), (2.0,), (77,), (2.0,))
('K.5 Musicalion', 'P1', 1, (364, 365), (80,), (1.5,), (80,), (1.5,))
('K.5 Musicalion', 'P1', 1, (387, 388), (84,), (1.5,), (84,), (1.5,))
('K.5 Musicalion', 'P1', 2, (5, 6), (11,), (2.0,), (11,), (2.0,))
('K.5 Musicalion', 'P1', 2, (6, 7), (11,), (2.5,), (11,), (2.5,))
('K.5 Musicalion', 'P1', 2, (7, 8), (11,), (3.0,), (11,), (3.0,))
('K.5 Musicalion', 'P1', 2, (34, 35), (22,), (1.0,), (22,), (1.0,))
('K.5 Musicalion', 'P1', 2, (37, 38), (24,), (1.0,), (24,), (1.0,))
('K.5 Musicalion', 'P1', 2, (40, 41), (26,), (1.0,), (26,), (1.0,))
('K.5 Musicalion', 'P1', 2, (43, 44), (28,), (1.0,), (28,), (1.0,))
('K.5 Musicalion', 'P1', 2, (46, 47), (30,), (1.0,), (30,), (1.0,))
('K.5 Musicalion', 'P1', 2, (49, 50), (31,), (1.0,), (31,), (1.0,))
('K.5 Musicalion', 'P1', 2, (50, 51), (31,), (2.0,), (31,), (2.0,))
('K.5 Musicalion', 'P1', 2, (51, 52), (31,), (3.0,), (31,), (3.0,))
('K.5 Musicalion', 'P1', 2, (52, 53), (32,), (1.0,), (32,), (1.0,))
('K.5 Musicalion', 'P1', 2, (53, 54), (32,), (2.0,), (32,), (2.0,))
('K.5 Musicalion', 'P1', 2, (54, 55), (32,), (3.0,), (32,), (3.0,))
('K.5 Musicalion', 'P1', 2, (55, 56), (33,), (1.0,), (33,), (1.0,))
('K.5 Musicalion', 'P1', 2, (59, 60), (34,), (1.0,), (34,), (1.0,))
('K.5 Musicalion', 'P1', 2, (60, 61), (34,), (2.0,), (34,), (2.0,))
('K.5 Musicalion', 'P1', 2, (61, 62), (34,), (3.0,), (34,), (3.0,))
('K.5 Musicalion', 'P1', 2, (72, 73), (45,), (3.0,), (45,), (3.0,))
('K.5 Musicalion', 'P1', 2, (73, 74), (45,), (3.5,), (45,), (3.5,))
('K.5 Musicalion', 'P1', 2, (92, 93), (78,), (1.0,), (78,), (1.0,))
('K.5 Musicalion', 'P1', 2, (93, 94), (78,), (2.0,), (78,), (2.0,))
('K.5 Musicalion', 'P1', 2, (94, 95), (78,), (3.0,), (78,), (3.0,))
('K.5 Musicalion', 'P1', 2, (95, 96), (79,), (1.0,), (79,), (1.0,))
('K.5 Musicalion', 'P1', 2, (96, 97), (79,), (2.0,), (79,), (2.0,))
('K.5 Musicalion', 'P1', 2, (97, 98), (79,), (3.0,), (79,), (3.0,))
('K.5 Musicalion', 'P1', 2, (98, 99), (80,), (1.0,), (80,), (1.0,))
('K.5 Musicalion', 'P1', 3, (3, 4), (3,), (1.0,), (3,), (1.0,))
('K.5 Musicalion', 'P1', 3, (30, 31), (38,), (1.0,), (38,), (1.0,))
('K.5 Musicalion', 'P1', 3, (31, 32), (38,), (2.0,), (38,), (2.0,))
('K.5 Musicalion', 'P1', 3, (84, 85), (69,), (1.0,), (69,), (1.0,))
('K.5 Musicalion', 'P1', 3, (88, 89), (71,), (1.0,), (71,), (1.0,))
('K.5 Musicalion', 'P1', 3, (92, 93), (73,), (1.0,), (73,), (1.0,))
('K.5 Musicalion', 'P1', 3, (96, 97), (75,), (1.0,), (75,), (1.0,))
('K.5 Musicalion', 'P1', 3, (100, 101), (77,), (1.0,), (77,), (1.0,))
('K.5 Musicalion', 'P1', 3, (103, 104), (81,), (1.0,), (81,), (1.0,))
('K.5 Musicalion', 'P1', 3, (104, 105), (81,), (2.0,), (81,), (2.0,))
('K.5 Musicalion', 'P1', 3, (105, 106), (81,), (3.0,), (81,), (3.0,))
('K.5 Musicalion', 'P1', 3, (116, 117), (85,), (1.0,), (85,), (1.0,))
('K.5 Musicalion', 'P1', 3, (117, 118), (85,), (2.0,), (85,), (2.0,))
('K.5 Musicalion', 'P1', 4, (0, 1), (3,), (1.0,), (3,), (1.0,))

40.    ((2,),):
('K.5 Musicalion', 'P1', 1, (3, 4), (1,), (3.75,), (1,), (3.75,))
('K.5 Musicalion', 'P1', 1, (6, 7), (2,), (2.0,), (2,), (2.0,))
('K.5 Musicalion', 'P1', 1, (7, 8), (2,), (2.5,), (2,), (2.5,))
('K.5 Musicalion', 'P1', 1, (8, 9), (2,), (3.0,), (2,), (3.0,))
('K.5 Musicalion', 'P1', 1, (37, 38), (10,), (2.0,), (10,), (2.0,))
('K.5 Musicalion', 'P1', 1, (46, 47), (14,), (1.5,), (14,), (1.5,))
('K.5 Musicalion', 'P1', 1, (47, 48), (14,), (2.0,), (14,), (2.0,))
('K.5 Musicalion', 'P1', 1, (48, 49), (14,), (2.5,), (14,), (2.5,))
('K.5 Musicalion', 'P1', 1, (49, 50), (14,), (3.0,), (14,), (3.0,))
('K.5 Musicalion', 'P1', 1, (51, 52), (15,), (1.0,), (15,), (1.0,))
('K.5 Musicalion', 'P1', 1, (52, 53), (16,), (1.5,), (16,), (1.5,))
('K.5 Musicalion', 'P1', 1, (53, 54), (16,), (2.0,), (16,), (2.0,))
('K.5 Musicalion', 'P1', 1, (54, 55), (16,), (2.5,), (16,), (2.5,))
('K.5 Musicalion', 'P1', 1, (55, 56), (16,), (3.0,), (16,), (3.0,))
('K.5 Musicalion', 'P1', 1, (64, 65), (18,), (1.5,), (18,), (1.5,))
('K.5 Musicalion', 'P1', 1, (65, 66), (18,), (2.0,), (18,), (2.0,))
('K.5 Musicalion', 'P1', 1, (66, 67), (18,), (2.5,), (18,), (2.5,))
('K.5 Musicalion', 'P1', 1, (67, 68), (18,), (3.0,), (18,), (3.0,))
('K.5 Musicalion', 'P1', 1, (86, 87), (22,), (3.5,), (22,), (3.5,))
('K.5 Musicalion', 'P1', 1, (89, 90), (23,), (2.0,), (23,), (2.0,))
('K.5 Musicalion', 'P1', 1, (138, 139), (33,), (3.5,), (33,), (3.5,))
('K.5 Musicalion', 'P1', 1, (142, 143), (34,), (3.5,), (34,), (3.5,))
('K.5 Musicalion', 'P1', 1, (143, 144), (34,), (3.75,), (34,), (3.75,))
('K.5 Musicalion', 'P1', 1, (161, 162), (37,), (3.5,), (37,), (3.5,))
('K.5 Musicalion', 'P1', 1, (165, 166), (38,), (3.5,), (38,), (3.5,))
('K.5 Musicalion', 'P1', 1, (166, 167), (38,), (3.75,), (38,), (3.75,))
('K.5 Musicalion', 'P1', 1, (194, 195), (44,), (3.75,), (44,), (3.75,))
('K.5 Musicalion', 'P1', 1, (197, 198), (45,), (2.0,), (45,), (2.0,))
('K.5 Musicalion', 'P1', 1, (198, 199), (45,), (2.5,), (45,), (2.5,))
('K.5 Musicalion', 'P1', 1, (204, 205), (46,), (3.75,), (46,), (3.75,))
('K.5 Musicalion', 'P1', 1, (207, 208), (48,), (1.5,), (48,), (1.5,))
('K.5 Musicalion', 'P1', 1, (213, 214), (49,), (1.5,), (49,), (1.5,))
('K.5 Musicalion', 'P1', 1, (219, 220), (50,), (1.5,), (50,), (1.5,))
('K.5 Musicalion', 'P1', 1, (225, 226), (51,), (1.5,), (51,), (1.5,))
('K.5 Musicalion', 'P1', 1, (269, 270), (61,), (1.5,), (61,), (1.5,))
('K.5 Musicalion', 'P1', 1, (270, 271), (61,), (2.0,), (61,), (2.0,))
('K.5 Musicalion', 'P1', 1, (271, 272), (61,), (2.5,), (61,), (2.5,))
('K.5 Musicalion', 'P1', 1, (272, 273), (61,), (3.0,), (61,), (3.0,))
('K.5 Musicalion', 'P1', 1, (281, 282), (63,), (1.5,), (63,), (1.5,))
('K.5 Musicalion', 'P1', 1, (282, 283), (63,), (2.0,), (63,), (2.0,))
('K.5 Musicalion', 'P1', 1, (283, 284), (63,), (2.5,), (63,), (2.5,))
('K.5 Musicalion', 'P1', 1, (284, 285), (63,), (3.0,), (63,), (3.0,))
('K.5 Musicalion', 'P1', 1, (293, 294), (65,), (1.5,), (65,), (1.5,))
('K.5 Musicalion', 'P1', 1, (294, 295), (65,), (2.0,), (65,), (2.0,))
('K.5 Musicalion', 'P1', 1, (295, 296), (65,), (2.5,), (65,), (2.5,))
('K.5 Musicalion', 'P1', 1, (296, 297), (65,), (3.0,), (65,), (3.0,))
('K.5 Musicalion', 'P1', 1, (368, 369), (80,), (3.5,), (80,), (3.5,))
('K.5 Musicalion', 'P1', 1, (372, 373), (81,), (3.5,), (81,), (3.5,))
('K.5 Musicalion', 'P1', 1, (373, 374), (81,), (3.75,), (81,), (3.75,))
('K.5 Musicalion', 'P1', 1, (391, 392), (84,), (3.5,), (84,), (3.5,))
('K.5 Musicalion', 'P1', 1, (395, 396), (85,), (3.5,), (85,), (3.5,))
('K.5 Musicalion', 'P1', 1, (396, 397), (85,), (3.75,), (85,), (3.75,))
('K.5 Musicalion', 'P1', 2, (0, 1), (10,), (1.0,), (10,), (1.0,))
('K.5 Musicalion', 'P1', 2, (1, 2), (10,), (2.0,), (10,), (2.0,))
('K.5 Musicalion', 'P1', 2, (2, 3), (10,), (3.0,), (10,), (3.0,))
('K.5 Musicalion', 'P1', 2, (10, 11), (13,), (1.5,), (13,), (1.5,))
('K.5 Musicalion', 'P1', 2, (11, 12), (13,), (2.0,), (13,), (2.0,))
('K.5 Musicalion', 'P1', 2, (12, 13), (13,), (2.5,), (13,), (2.5,))
('K.5 Musicalion', 'P1', 2, (13, 14), (13,), (3.0,), (13,), (3.0,))
('K.5 Musicalion', 'P1', 2, (15, 16), (14,), (1.0,), (14,), (1.0,))
('K.5 Musicalion', 'P1', 2, (16, 17), (15,), (1.5,), (15,), (1.5,))
('K.5 Musicalion', 'P1', 2, (17, 18), (15,), (2.0,), (15,), (2.0,))
('K.5 Musicalion', 'P1', 2, (18, 19), (15,), (2.5,), (15,), (2.5,))
('K.5 Musicalion', 'P1', 2, (19, 20), (15,), (3.0,), (15,), (3.0,))
('K.5 Musicalion', 'P1', 2, (21, 22), (16,), (1.0,), (16,), (1.0,))
('K.5 Musicalion', 'P1', 2, (22, 23), (20,), (2.0,), (20,), (2.0,))
('K.5 Musicalion', 'P1', 2, (23, 24), (20,), (3.0,), (20,), (3.0,))
('K.5 Musicalion', 'P1', 2, (24, 25), (21,), (1.0,), (21,), (1.0,))
('K.5 Musicalion', 'P1', 2, (25, 26), (21,), (1.25,), (21,), (1.25,))
('K.5 Musicalion', 'P1', 2, (26, 27), (21,), (1.5,), (21,), (1.5,))
('K.5 Musicalion', 'P1', 2, (27, 28), (21,), (1.75,), (21,), (1.75,))
('K.5 Musicalion', 'P1', 2, (28, 29), (21,), (2.0,), (21,), (2.0,))
('K.5 Musicalion', 'P1', 2, (29, 30), (21,), (2.25,), (21,), (2.25,))
('K.5 Musicalion', 'P1', 2, (30, 31), (21,), (2.5,), (21,), (2.5,))
('K.5 Musicalion', 'P1', 2, (31, 32), (21,), (2.75,), (21,), (2.75,))
('K.5 Musicalion', 'P1', 2, (81, 82), (68,), (1.0,), (68,), (1.0,))
('K.5 Musicalion', 'P1', 2, (82, 83), (68,), (1.25,), (68,), (1.25,))
('K.5 Musicalion', 'P1', 2, (83, 84), (68,), (1.5,), (68,), (1.5,))
('K.5 Musicalion', 'P1', 2, (84, 85), (68,), (1.75,), (68,), (1.75,))
('K.5 Musicalion', 'P1', 2, (85, 86), (68,), (2.0,), (68,), (2.0,))
('K.5 Musicalion', 'P1', 2, (86, 87), (68,), (2.25,), (68,), (2.25,))
('K.5 Musicalion', 'P1', 2, (87, 88), (68,), (2.38,), (68,), (2.38,))
('K.5 Musicalion', 'P1', 2, (88, 89), (68,), (2.5,), (68,), (2.5,))
('K.5 Musicalion', 'P1', 2, (89, 90), (68,), (2.62,), (68,), (2.62,))
('K.5 Musicalion', 'P1', 2, (90, 91), (68,), (2.75,), (68,), (2.75,))
('K.5 Musicalion', 'P1', 3, (7, 8), (5,), (3.0,), (5,), (3.0,))
('K.5 Musicalion', 'P1', 3, (8, 9), (6,), (1.0,), (6,), (1.0,))
('K.5 Musicalion', 'P1', 3, (9, 10), (6,), (2.0,), (6,), (2.0,))
('K.5 Musicalion', 'P1', 3, (12, 13), (7,), (3.0,), (7,), (3.0,))
('K.5 Musicalion', 'P1', 3, (13, 14), (8,), (1.0,), (8,), (1.0,))
('K.5 Musicalion', 'P1', 3, (14, 15), (8,), (2.0,), (8,), (2.0,))
('K.5 Musicalion', 'P1', 3, (24, 25), (34,), (1.0,), (34,), (1.0,))
('K.5 Musicalion', 'P1', 3, (46, 47), (54,), (3.0,), (54,), (3.0,))
('K.5 Musicalion', 'P1', 3, (47, 48), (55,), (1.0,), (55,), (1.0,))
('K.5 Musicalion', 'P1', 3, (48, 49), (55,), (2.0,), (55,), (2.0,))
('K.5 Musicalion', 'P1', 3, (51, 52), (56,), (3.0,), (56,), (3.0,))
('K.5 Musicalion', 'P1', 3, (52, 53), (57,), (1.0,), (57,), (1.0,))
('K.5 Musicalion', 'P1', 3, (53, 54), (57,), (2.0,), (57,), (2.0,))
('K.5 Musicalion', 'P1', 3, (56, 57), (58,), (3.0,), (58,), (3.0,))
('K.5 Musicalion', 'P1', 3, (57, 58), (59,), (1.0,), (59,), (1.0,))
('K.5 Musicalion', 'P1', 3, (58, 59), (59,), (2.0,), (59,), (2.0,))
('K.5 Musicalion', 'P1', 3, (61, 62), (60,), (3.0,), (60,), (3.0,))
('K.5 Musicalion', 'P1', 3, (80, 81), (67,), (1.0,), (67,), (1.0,))
('K.5 Musicalion', 'P1', 3, (81, 82), (67,), (2.0,), (67,), (2.0,))
('K.5 Musicalion', 'P1', 3, (82, 83), (67,), (3.0,), (67,), (3.0,))
('K.5 Musicalion', 'P1', 4, (3, 4), (38,), (1.0,), (38,), (1.0,))
('K.5 Musicalion', 'P1', 4, (11, 12), (81,), (1.0,), (81,), (1.0,))
('K.5 Musicalion', 'P1', 4, (13, 14), (85,), (1.0,), (85,), (1.0,))

41.    ((5,),):
('K.5 Musicalion', 'P1', 1, (14, 15), (4,), (3.0,), (4,), (3.0,))
('K.5 Musicalion', 'P1', 1, (22, 23), (6,), (3.0,), (6,), (3.0,))
('K.5 Musicalion', 'P1', 1, (30, 31), (8,), (3.0,), (8,), (3.0,))
('K.5 Musicalion', 'P1', 1, (125, 126), (31,), (3.0,), (31,), (3.0,))
('K.5 Musicalion', 'P1', 1, (146, 147), (35,), (2.0,), (35,), (2.0,))
('K.5 Musicalion', 'P1', 1, (148, 149), (35,), (3.0,), (35,), (3.0,))
('K.5 Musicalion', 'P1', 1, (150, 151), (36,), (1.0,), (36,), (1.0,))
('K.5 Musicalion', 'P1', 1, (152, 153), (36,), (2.0,), (36,), (2.0,))
('K.5 Musicalion', 'P1', 1, (154, 155), (36,), (3.0,), (36,), (3.0,))
('K.5 Musicalion', 'P1', 1, (156, 157), (37,), (1.0,), (37,), (1.0,))
('K.5 Musicalion', 'P1', 1, (214, 215), (49,), (2.0,), (49,), (2.0,))
('K.5 Musicalion', 'P1', 1, (226, 227), (51,), (2.0,), (51,), (2.0,))
('K.5 Musicalion', 'P1', 1, (246, 247), (55,), (3.0,), (55,), (3.0,))
('K.5 Musicalion', 'P1', 1, (262, 263), (59,), (3.0,), (59,), (3.0,))
('K.5 Musicalion', 'P1', 1, (355, 356), (78,), (3.0,), (78,), (3.0,))
('K.5 Musicalion', 'P1', 1, (376, 377), (82,), (2.0,), (82,), (2.0,))
('K.5 Musicalion', 'P1', 1, (378, 379), (82,), (3.0,), (82,), (3.0,))
('K.5 Musicalion', 'P1', 1, (380, 381), (83,), (1.0,), (83,), (1.0,))
('K.5 Musicalion', 'P1', 1, (382, 383), (83,), (2.0,), (83,), (2.0,))
('K.5 Musicalion', 'P1', 1, (384, 385), (83,), (3.0,), (83,), (3.0,))
('K.5 Musicalion', 'P1', 1, (386, 387), (84,), (1.0,), (84,), (1.0,))
('K.5 Musicalion', 'P1', 3, (5, 6), (4,), (1.0,), (4,), (1.0,))

42.    ((1,),):
('K.5 Musicalion', 'P1', 1, (112, 113), (29,), (1.0,), (29,), (1.0,))
('K.5 Musicalion', 'P1', 1, (171, 172), (39,), (3.0,), (39,), (3.0,))
('K.5 Musicalion', 'P1', 1, (177, 178), (40,), (3.0,), (40,), (3.0,))
('K.5 Musicalion', 'P1', 1, (183, 184), (41,), (3.0,), (41,), (3.0,))
('K.5 Musicalion', 'P1', 1, (184, 185), (41,), (3.5,), (41,), (3.5,))
('K.5 Musicalion', 'P1', 1, (189, 190), (42,), (3.0,), (42,), (3.0,))
('K.5 Musicalion', 'P1', 1, (205, 206), (47,), (1.0,), (47,), (1.0,))
('K.5 Musicalion', 'P1', 1, (317, 318), (70,), (1.0,), (70,), (1.0,))
('K.5 Musicalion', 'P1', 1, (342, 343), (76,), (1.0,), (76,), (1.0,))
('K.5 Musicalion', 'P1', 1, (401, 402), (86,), (3.0,), (86,), (3.0,))
('K.5 Musicalion', 'P1', 2, (76, 77), (47,), (2.0,), (47,), (2.0,))
('K.5 Musicalion', 'P1', 3, (20, 21), (23,), (1.0,), (23,), (1.0,))
('K.5 Musicalion', 'P1', 3, (21, 22), (25,), (1.0,), (25,), (1.0,))
('K.5 Musicalion', 'P1', 3, (22, 23), (27,), (1.0,), (27,), (1.0,))
('K.5 Musicalion', 'P1', 3, (124, 125), (87,), (3.0,), (87,), (3.0,))
('K.5 Musicalion', 'P1', 3, (125, 126), (87,), (3.5,), (87,), (3.5,))
('K.5 Musicalion', 'P1', 3, (130, 131), (88,), (3.0,), (88,), (3.0,))
('K.5 Musicalion', 'P1', 3, (131, 132), (88,), (3.5,), (88,), (3.5,))
('K.5 Musicalion', 'P1', 3, (136, 137), (89,), (3.0,), (89,), (3.0,))

43.    ((-5,),):
('K.5 Musicalion', 'P1', 1, (124, 125), (31,), (2.5,), (31,), (2.5,))
('K.5 Musicalion', 'P1', 1, (354, 355), (78,), (2.5,), (78,), (2.5,))
('K.5 Musicalion', 'P1', 2, (38, 39), (24,), (2.0,), (24,), (2.0,))
('K.5 Musicalion', 'P1', 2, (41, 42), (26,), (2.0,), (26,), (2.0,))
('K.5 Musicalion', 'P1', 2, (44, 45), (28,), (2.0,), (28,), (2.0,))
('K.5 Musicalion', 'P1', 2, (47, 48), (30,), (2.0,), (30,), (2.0,))
('K.5 Musicalion', 'P1', 3, (19, 20), (22,), (2.0,), (22,), (2.0,))
('K.5 Musicalion', 'P1', 3, (54, 55), (57,), (3.0,), (57,), (3.0,))
('K.5 Musicalion', 'P1', 3, (89, 90), (71,), (2.0,), (71,), (2.0,))
('K.5 Musicalion', 'P1', 3, (90, 91), (71,), (3.0,), (71,), (3.0,))
('K.5 Musicalion', 'P1', 3, (93, 94), (73,), (2.0,), (73,), (2.0,))
('K.5 Musicalion', 'P1', 3, (94, 95), (73,), (3.0,), (73,), (3.0,))
('K.5 Musicalion', 'P1', 3, (97, 98), (75,), (2.0,), (75,), (2.0,))
('K.5 Musicalion', 'P1', 3, (98, 99), (75,), (3.0,), (75,), (3.0,))
('K.5 Musicalion', 'P1', 3, (101, 102), (77,), (2.0,), (77,), (2.0,))
('K.5 Musicalion', 'P1', 4, (1, 2), (3,), (2.0,), (3,), (2.0,))
('K.5 Musicalion', 'P1', 4, (4, 5), (38,), (2.0,), (38,), (2.0,))
('K.5 Musicalion', 'P1', 4, (14, 15), (85,), (2.0,), (85,), (2.0,))

44.    ((3,),):
('K.5 Musicalion', 'P1', 1, (107, 108), (27,), (3.0,), (27,), (3.0,))
('K.5 Musicalion', 'P1', 1, (116, 117), (29,), (3.0,), (29,), (3.0,))
('K.5 Musicalion', 'P1', 1, (121, 122), (31,), (1.0,), (31,), (1.0,))
('K.5 Musicalion', 'P1', 1, (144, 145), (35,), (1.0,), (35,), (1.0,))
('K.5 Musicalion', 'P1', 1, (167, 168), (39,), (1.0,), (39,), (1.0,))
('K.5 Musicalion', 'P1', 1, (173, 174), (40,), (1.0,), (40,), (1.0,))
('K.5 Musicalion', 'P1', 1, (179, 180), (41,), (1.0,), (41,), (1.0,))
('K.5 Musicalion', 'P1', 1, (337, 338), (74,), (3.0,), (74,), (3.0,))
('K.5 Musicalion', 'P1', 1, (346, 347), (76,), (3.0,), (76,), (3.0,))
('K.5 Musicalion', 'P1', 1, (351, 352), (78,), (1.0,), (78,), (1.0,))
('K.5 Musicalion', 'P1', 1, (374, 375), (82,), (1.0,), (82,), (1.0,))
('K.5 Musicalion', 'P1', 1, (397, 398), (86,), (1.0,), (86,), (1.0,))
('K.5 Musicalion', 'P1', 3, (6, 7), (5,), (1.0,), (5,), (1.0,))
('K.5 Musicalion', 'P1', 3, (11, 12), (7,), (1.0,), (7,), (1.0,))
('K.5 Musicalion', 'P1', 3, (45, 46), (54,), (1.0,), (54,), (1.0,))
('K.5 Musicalion', 'P1', 3, (50, 51), (56,), (1.0,), (56,), (1.0,))
('K.5 Musicalion', 'P1', 3, (55, 56), (58,), (1.0,), (58,), (1.0,))
('K.5 Musicalion', 'P1', 3, (60, 61), (60,), (1.0,), (60,), (1.0,))

45.    ((6,),):
('K.5 Musicalion', 'P1', 1, (91, 92), (23,), (3.0,), (23,), (3.0,))
('K.5 Musicalion', 'P1', 1, (95, 96), (25,), (1.0,), (25,), (1.0,))
('K.5 Musicalion', 'P1', 1, (99, 100), (25,), (3.0,), (25,), (3.0,))
('K.5 Musicalion', 'P1', 1, (127, 128), (32,), (1.0,), (32,), (1.0,))
('K.5 Musicalion', 'P1', 1, (172, 173), (39,), (3.5,), (39,), (3.5,))
('K.5 Musicalion', 'P1', 1, (178, 179), (40,), (3.5,), (40,), (3.5,))
('K.5 Musicalion', 'P1', 1, (185, 186), (42,), (1.0,), (42,), (1.0,))
('K.5 Musicalion', 'P1', 1, (254, 255), (57,), (3.0,), (57,), (3.0,))
('K.5 Musicalion', 'P1', 1, (321, 322), (70,), (3.0,), (70,), (3.0,))
('K.5 Musicalion', 'P1', 1, (325, 326), (72,), (1.0,), (72,), (1.0,))
('K.5 Musicalion', 'P1', 1, (329, 330), (72,), (3.0,), (72,), (3.0,))
('K.5 Musicalion', 'P1', 1, (357, 358), (79,), (1.0,), (79,), (1.0,))
('K.5 Musicalion', 'P1', 2, (39, 40), (24,), (3.0,), (24,), (3.0,))
('K.5 Musicalion', 'P1', 2, (42, 43), (26,), (3.0,), (26,), (3.0,))
('K.5 Musicalion', 'P1', 2, (45, 46), (28,), (3.0,), (28,), (3.0,))
('K.5 Musicalion', 'P1', 3, (132, 133), (89,), (1.0,), (89,), (1.0,))

46.    ((8,),):
('K.5 Musicalion', 'P1', 1, (81, 82), (21,), (1.0,), (21,), (1.0,))
('K.5 Musicalion', 'P1', 1, (103, 104), (27,), (1.0,), (27,), (1.0,))
('K.5 Musicalion', 'P1', 1, (109, 110), (28,), (1.0,), (28,), (1.0,))
('K.5 Musicalion', 'P1', 1, (118, 119), (30,), (1.0,), (30,), (1.0,))
('K.5 Musicalion', 'P1', 1, (131, 132), (32,), (3.0,), (32,), (3.0,))
('K.5 Musicalion', 'P1', 1, (133, 134), (33,), (1.0,), (33,), (1.0,))
('K.5 Musicalion', 'P1', 1, (238, 239), (53,), (3.0,), (53,), (3.0,))
('K.5 Musicalion', 'P1', 1, (333, 334), (74,), (1.0,), (74,), (1.0,))
('K.5 Musicalion', 'P1', 1, (339, 340), (75,), (1.0,), (75,), (1.0,))
('K.5 Musicalion', 'P1', 1, (348, 349), (77,), (1.0,), (77,), (1.0,))
('K.5 Musicalion', 'P1', 1, (361, 362), (79,), (3.0,), (79,), (3.0,))
('K.5 Musicalion', 'P1', 1, (363, 364), (80,), (1.0,), (80,), (1.0,))
('K.5 Musicalion', 'P1', 3, (44, 45), (53,), (1.0,), (53,), (1.0,))
('K.5 Musicalion', 'P1', 3, (120, 121), (87,), (1.0,), (87,), (1.0,))
('K.5 Musicalion', 'P1', 3, (126, 127), (88,), (1.0,), (88,), (1.0,))

47.    ((7,),):
('K.5 Musicalion', 'P1', 1, (18, 19), (5,), (2.5,), (5,), (2.5,))
('K.5 Musicalion', 'P1', 1, (26, 27), (7,), (2.5,), (7,), (2.5,))
('K.5 Musicalion', 'P1', 1, (34, 35), (9,), (2.5,), (9,), (2.5,))
('K.5 Musicalion', 'P1', 1, (129, 130), (32,), (2.0,), (32,), (2.0,))
('K.5 Musicalion', 'P1', 1, (242, 243), (54,), (2.5,), (54,), (2.5,))
('K.5 Musicalion', 'P1', 1, (250, 251), (56,), (2.5,), (56,), (2.5,))
('K.5 Musicalion', 'P1', 1, (258, 259), (58,), (2.5,), (58,), (2.5,))
('K.5 Musicalion', 'P1', 1, (266, 267), (60,), (2.5,), (60,), (2.5,))
('K.5 Musicalion', 'P1', 1, (359, 360), (79,), (2.0,), (79,), (2.0,))
('K.5 Musicalion', 'P1', 3, (102, 103), (77,), (3.0,), (77,), (3.0,))
('K.5 Musicalion', 'P1', 4, (5, 6), (42,), (1.0,), (42,), (1.0,))
('K.5 Musicalion', 'P1', 4, (8, 9), (52,), (3.0,), (52,), (3.0,))

48.    ((-9,),):
('K.5 Musicalion', 'P1', 1, (132, 133), (32,), (3.5,), (32,), (3.5,))
('K.5 Musicalion', 'P1', 1, (362, 363), (79,), (3.5,), (79,), (3.5,))
('K.5 Musicalion', 'P1', 2, (32, 33), (21,), (2.88,), (21,), (2.88,))
('K.5 Musicalion', 'P1', 3, (32, 33), (38,), (3.0,), (38,), (3.0,))
('K.5 Musicalion', 'P1', 3, (118, 119), (85,), (3.0,), (85,), (3.0,))
('K.5 Musicalion', 'P1', 4, (12, 13), (81,), (2.0,), (81,), (2.0,))

49.    ((-8,),):
('K.5 Musicalion', 'P1', 1, (130, 131), (32,), (2.5,), (32,), (2.5,))
('K.5 Musicalion', 'P1', 1, (360, 361), (79,), (2.5,), (79,), (2.5,))
('K.5 Musicalion', 'P1', 3, (36, 37), (42,), (1.0,), (42,), (1.0,))
('K.5 Musicalion', 'P1', 3, (137, 138), (89,), (3.5,), (89,), (3.5,))

50.    ((-11,),):
('K.5 Musicalion', 'P1', 3, (4, 5), (3,), (2.0,), (3,), (2.0,))
('K.5 Musicalion', 'P1', 3, (43, 44), (52,), (1.0,), (52,), (1.0,))

51.    (((8, 8),),):
('K.5 Musicalion', 'P1', 3, (35, 36), (41,), (1.0,), (41,), (1.0,))
('K.5 Musicalion', 'P1', 3, (37, 38), (43,), (1.0,), (43,), (1.0,))

