1.    nomes:
K.266 Musicalion

2.    quantidade:
1

3.    analise:
[('intDia', 'p1p2'), ('duracao', 'p1p2'), ('Ptempo', 'p1p2')] SemContInte Distancia: 0

1.    ((3, 3, 10, 2, -4, 3, -2, -13, 3, 3, 10, 2, -4, 3, -2, 3, -5, 3, -5), (0.25, 0.25, 0.25, 1.25, 0.25, 0.25, 0.25, 1.25, 0.25, 0.25, 0.25, 1.25, 0.25, 0.25, 0.25, 0.25, 0.25, 0.25, 0.25), (0.25, 0.5, 0.75, 0.0, 0.25, 0.5, 0.75, 0.0, 0.25, 0.5, 0.75, 0.0, 0.25, 0.5, 0.75, 0.0, 0.25, 0.5, 0.75)):
('K.266 Musicalion', 'P1', 1, (108, 127), (13,), (1.25,), (14,), (4.75,))
('K.266 Musicalion', 'P1', 1, (147, 166), (16,), (3.25,), (18,), (2.75,))

2.    ((-3, 5, -3, -2, -2, -2, -2, -2, 6, -3, 5, -3, -2, -2, -2, -2, -2, 8), (0.25, 0.25, 0.5, 0.5, 0.5, 0.5, 0.5, 0.5, 0.5, 0.25, 0.25, 0.5, 0.5, 0.5, 0.5, 0.5, 0.5, 0.5), (0.5, 0.75, 0.0, 0.5, 0.0, 0.5, 0.0, 0.5, 0.0, 0.5, 0.75, 0.0, 0.5, 0.0, 0.5, 0.0, 0.5, 0.0)):
('K.266 Musicalion', 'P1', 1, (32, 50), (5,), (1.5,), (7,), (1.0,))
('K.266 Musicalion', 'P1', 1, (50, 68), (7,), (1.5,), (9,), (1.0,))

3.    ((3, -2, 3, -5, 3, -5, 3, -5, 3, -5, 7, -2, -2, 4, -5, 2, -3, 2), (0.25, 0.25, 0.25, 0.25, 0.25, 0.25, 0.25, 0.25, 0.25, 0.25, 0.25, 0.25, 0.25, 0.25, 0.25, 0.25, 0.25, 0.25), (0.5, 0.75, 0.0, 0.25, 0.5, 0.75, 0.0, 0.25, 0.5, 0.75, 0.0, 0.25, 0.5, 0.75, 0.0, 0.25, 0.5, 0.75)):
('K.266 Musicalion', 'P1', 1, (366, 384), (37,), (4.5,), (38,), (4.75,))
('K.266 Musicalion', 'P1', 1, (414, 432), (42,), (2.5,), (43,), (2.75,))

4.    ((-3, -3, -5, 12, -3, -3, -11, 12, -3, -3, -5, 10, 2, -8, 2, (4, 3, 1), (5, -5)), (0.25, 0.25, 0.25, 1.25, 0.25, 0.25, 0.25, 1.25, 0.25, 0.25, 0.25, 1.5, 0.5, 1.0, 1.0, (0.0, 0.0, 1.0), (0.0, 1.0)), (0.25, 0.5, 0.75, 0.0, 0.25, 0.5, 0.75, 0.0, 0.25, 0.5, 0.75, 0.0, 0.5, 0.0, 0.0, 0.0, 0.0)):
('K.266 Musicalion', 'P1', 3, (52, 69), (13,), (2.25,), (15,), (4.0,))
('K.266 Musicalion', 'P1', 3, (74, 91), (16,), (4.25,), (19,), (2.0,))

5.    ((-2, -2, -2, -2, -2, -2, 2, 6, -2, -2, -2, -2, -2, -2, -2), (0.5, 0.5, 0.5, 0.5, 0.5, 0.5, 0.5, 0.5, 0.5, 0.5, 0.5, 0.5, 0.5, 0.5, 0.5), (0.5, 0.0, 0.5, 0.0, 0.5, 0.0, 0.5, 0.0, 0.5, 0.0, 0.5, 0.0, 0.5, 0.0, 0.5)):
('K.266 Musicalion', 'P1', 1, (276, 291), (28,), (2.5,), (30,), (1.5,))
('K.266 Musicalion', 'P1', 1, (292, 307), (30,), (2.5,), (32,), (1.5,))

6.    ((-2, -2, -2, -2, -2, 6, -2, -2, -2, -2, -2), (0.5, 0.5, 0.5, 0.5, 0.5, 1.5, 0.5, 0.5, 0.5, 0.5, 0.5), (0.5, 0.0, 0.5, 0.0, 0.5, 0.0, 0.5, 0.0, 0.5, 0.0, 0.5)):
('K.266 Musicalion', 'P1', 3, (16, 27), (5,), (2.5,), (6,), (4.5,))
('K.266 Musicalion', 'P1', 3, (28, 39), (7,), (2.5,), (8,), (4.5,))

7.    ((-2, -2, -2, -2, 2, 4, -2, -2, -2, -2, -2), (0.5, 0.5, 0.5, 0.5, 0.5, 1.5, 0.5, 0.5, 0.5, 0.5, 0.5), (0.5, 0.0, 0.5, 0.0, 0.5, 0.0, 0.5, 0.0, 0.5, 0.0, 0.5)):
('K.266 Musicalion', 'P1', 3, (143, 154), (28,), (3.5,), (30,), (1.5,))
('K.266 Musicalion', 'P1', 3, (155, 166), (30,), (3.5,), (32,), (1.5,))

8.    ((3, 3, 3, 2, -4, 3, -2), (0.25, 0.25, 0.25, 1.25, 0.25, 0.25, 0.25), (0.25, 0.5, 0.75, 0.0, 0.25, 0.5, 0.75)):
('K.266 Musicalion', 'P1', 1, (349, 356), (36,), (1.25,), (36,), (3.75,))
('K.266 Musicalion', 'P1', 1, (357, 364), (37,), (1.25,), (37,), (3.75,))

9.    ((2, 2, -7, (6, 5), -3, 2), (0.25, 0.25, 0.5, (0.0, 0.5), 0.5, 1.0), (0.5, 0.75, 0.0, 0.5, 0.0, 0.5)):
('K.266 Musicalion', 'P1', 1, (68, 74), (9,), (1.5,), (9,), (3.5,))
('K.266 Musicalion', 'P1', 1, (76, 82), (10,), (1.5,), (10,), (3.5,))

10.    ((-4, 2, 2, -2, -2, -2), (0.25, 0.5, 0.12, 0.12, 0.75, 0.12), (0.0, 0.25, 0.75, 0.88, 0.0, 0.75)):
('K.266 Musicalion', 'P1', 1, (334, 340), (34,), (3.0,), (34,), (4.75,))
('K.266 Musicalion', 'P1', 1, (341, 347), (35,), (1.0,), (35,), (2.75,))

11.    ((-2, -2, -2, -2, -2), (0.5, 0.5, 0.5, 0.5, 0.5), (0.5, 0.0, 0.5, 0.0, 0.5)):
('K.266 Musicalion', 'P1', 1, (35, 40), (5,), (2.5,), (5,), (4.5,))
('K.266 Musicalion', 'P1', 1, (44, 49), (6,), (2.5,), (6,), (4.5,))
('K.266 Musicalion', 'P1', 1, (53, 58), (7,), (2.5,), (7,), (4.5,))
('K.266 Musicalion', 'P1', 1, (62, 67), (8,), (2.5,), (8,), (4.5,))
('K.266 Musicalion', 'P1', 1, (276, 281), (28,), (2.5,), (28,), (4.5,))
('K.266 Musicalion', 'P1', 1, (284, 289), (29,), (2.5,), (29,), (4.5,))
('K.266 Musicalion', 'P1', 1, (292, 297), (30,), (2.5,), (30,), (4.5,))
('K.266 Musicalion', 'P1', 1, (300, 305), (31,), (2.5,), (31,), (4.5,))
('K.266 Musicalion', 'P1', 3, (16, 21), (5,), (2.5,), (5,), (4.5,))
('K.266 Musicalion', 'P1', 3, (22, 27), (6,), (2.5,), (6,), (4.5,))
('K.266 Musicalion', 'P1', 3, (28, 33), (7,), (2.5,), (7,), (4.5,))
('K.266 Musicalion', 'P1', 3, (34, 39), (8,), (2.5,), (8,), (4.5,))
('K.266 Musicalion', 'P1', 3, (149, 154), (29,), (3.5,), (30,), (1.5,))
('K.266 Musicalion', 'P1', 3, (161, 166), (31,), (3.5,), (32,), (1.5,))

12.    ((2, 2, -7, (6, 2), -3), (0.25, 0.25, 0.5, (0.0, 0.5), 1.0), (0.5, 0.75, 0.0, 0.5, 0.0)):
('K.266 Musicalion', 'P1', 2, (1, 6), (9,), (1.5,), (9,), (3.0,))
('K.266 Musicalion', 'P1', 2, (8, 13), (10,), (1.5,), (10,), (3.0,))

13.    ((2, 2, -3, 4), (0.25, 0.25, 0.5, 0.5), (0.5, 0.75, 0.0, 0.5)):
('K.266 Musicalion', 'P1', 1, (1, 5), (1,), (1.5,), (1,), (2.5,))
('K.266 Musicalion', 'P1', 1, (17, 21), (3,), (1.5,), (3,), (2.5,))

14.    ((-4, 6, -3, 5), (0.25, 0.25, 0.25, 0.25), (0.0, 0.25, 0.5, 0.75)):
('K.266 Musicalion', 'P1', 1, (142, 146), (16,), (1.0,), (16,), (1.75,))
('K.266 Musicalion', 'P1', 1, (384, 388), (39,), (1.0,), (39,), (1.75,))

15.    ((8, 2, 2, -7), (0.5, 0.25, 0.25, 0.5), (0.0, 0.5, 0.75, 0.0)):
('K.266 Musicalion', 'P1', 1, (67, 71), (9,), (1.0,), (9,), (2.0,))
('K.266 Musicalion', 'P1', 2, (0, 4), (9,), (1.0,), (9,), (2.0,))

16.    ((-3, -3, 2), (0.25, 0.25, 0.25), (0.25, 0.5, 0.75)):
('K.266 Musicalion', 'P1', 1, (175, 178), (19,), (1.25,), (19,), (1.75,))
('K.266 Musicalion', 'P1', 3, (105, 108), (23,), (2.25,), (23,), (2.75,))
('K.266 Musicalion', 'P1', 3, (113, 116), (24,), (2.25,), (24,), (2.75,))
('K.266 Musicalion', 'P1', 3, (121, 124), (25,), (2.25,), (25,), (2.75,))
('K.266 Musicalion', 'P1', 3, (129, 132), (26,), (2.25,), (26,), (2.75,))
('K.266 Musicalion', 'P1', 3, (137, 140), (27,), (2.25,), (27,), (2.75,))

17.    ((-3, -3, 2), (0.5, 1.0, 0.5), (0.0, 0.5, 0.5)):
('K.266 Musicalion', 'P1', 1, (5, 8), (1,), (3.0,), (1,), (4.5,))
('K.266 Musicalion', 'P1', 1, (13, 16), (2,), (3.0,), (2,), (4.5,))

18.    ((2, 2, -7), (0.25, 0.25, 0.5), (0.5, 0.75, 0.0)):
('K.266 Musicalion', 'P1', 1, (76, 79), (10,), (1.5,), (10,), (2.0,))
('K.266 Musicalion', 'P1', 2, (8, 11), (10,), (1.5,), (10,), (2.0,))

19.    ((2, -5, 4), (1.0, 1.0, 2.0), (0.0, 0.0, 0.0)):
('K.266 Musicalion', 'P1', 3, (1, 4), (1,), (3.0,), (2,), (1.0,))
('K.266 Musicalion', 'P1', 3, (4, 7), (2,), (3.0,), (3,), (1.0,))

20.    ((3, 2, -3), (0.5, 0.5, 0.5), (0.0, 0.5, 0.0)):
('K.266 Musicalion', 'P1', 4, (3, 6), (34,), (3.0,), (34,), (4.0,))
('K.266 Musicalion', 'P1', 4, (7, 10), (35,), (1.0,), (35,), (2.0,))

21.    ((-2, -2), (0.5, 0.5), (0.0, 0.5)):
('K.266 Musicalion', 'P1', 1, (36, 38), (5,), (3.0,), (5,), (3.5,))
('K.266 Musicalion', 'P1', 1, (38, 40), (5,), (4.0,), (5,), (4.5,))
('K.266 Musicalion', 'P1', 1, (45, 47), (6,), (3.0,), (6,), (3.5,))
('K.266 Musicalion', 'P1', 1, (47, 49), (6,), (4.0,), (6,), (4.5,))
('K.266 Musicalion', 'P1', 1, (54, 56), (7,), (3.0,), (7,), (3.5,))
('K.266 Musicalion', 'P1', 1, (56, 58), (7,), (4.0,), (7,), (4.5,))
('K.266 Musicalion', 'P1', 1, (63, 65), (8,), (3.0,), (8,), (3.5,))
('K.266 Musicalion', 'P1', 1, (65, 67), (8,), (4.0,), (8,), (4.5,))
('K.266 Musicalion', 'P1', 1, (277, 279), (28,), (3.0,), (28,), (3.5,))
('K.266 Musicalion', 'P1', 1, (279, 281), (28,), (4.0,), (28,), (4.5,))
('K.266 Musicalion', 'P1', 1, (285, 287), (29,), (3.0,), (29,), (3.5,))
('K.266 Musicalion', 'P1', 1, (287, 289), (29,), (4.0,), (29,), (4.5,))
('K.266 Musicalion', 'P1', 1, (289, 291), (30,), (1.0,), (30,), (1.5,))
('K.266 Musicalion', 'P1', 1, (293, 295), (30,), (3.0,), (30,), (3.5,))
('K.266 Musicalion', 'P1', 1, (295, 297), (30,), (4.0,), (30,), (4.5,))
('K.266 Musicalion', 'P1', 1, (301, 303), (31,), (3.0,), (31,), (3.5,))
('K.266 Musicalion', 'P1', 1, (303, 305), (31,), (4.0,), (31,), (4.5,))
('K.266 Musicalion', 'P1', 1, (305, 307), (32,), (1.0,), (32,), (1.5,))
('K.266 Musicalion', 'P1', 3, (17, 19), (5,), (3.0,), (5,), (3.5,))
('K.266 Musicalion', 'P1', 3, (19, 21), (5,), (4.0,), (5,), (4.5,))
('K.266 Musicalion', 'P1', 3, (23, 25), (6,), (3.0,), (6,), (3.5,))
('K.266 Musicalion', 'P1', 3, (25, 27), (6,), (4.0,), (6,), (4.5,))
('K.266 Musicalion', 'P1', 3, (29, 31), (7,), (3.0,), (7,), (3.5,))
('K.266 Musicalion', 'P1', 3, (31, 33), (7,), (4.0,), (7,), (4.5,))
('K.266 Musicalion', 'P1', 3, (35, 37), (8,), (3.0,), (8,), (3.5,))
('K.266 Musicalion', 'P1', 3, (37, 39), (8,), (4.0,), (8,), (4.5,))
('K.266 Musicalion', 'P1', 3, (144, 146), (28,), (4.0,), (28,), (4.5,))
('K.266 Musicalion', 'P1', 3, (150, 152), (29,), (4.0,), (29,), (4.5,))
('K.266 Musicalion', 'P1', 3, (152, 154), (30,), (1.0,), (30,), (1.5,))
('K.266 Musicalion', 'P1', 3, (156, 158), (30,), (4.0,), (30,), (4.5,))
('K.266 Musicalion', 'P1', 3, (162, 164), (31,), (4.0,), (31,), (4.5,))
('K.266 Musicalion', 'P1', 3, (164, 166), (32,), (1.0,), (32,), (1.5,))
('K.266 Musicalion', 'P1', 3, (174, 176), (33,), (2.0,), (33,), (2.5,))
('K.266 Musicalion', 'P1', 4, (0, 2), (34,), (1.0,), (34,), (1.5,))

22.    ((-3, -3), (0.25, 0.25), (0.25, 0.5)):
('K.266 Musicalion', 'P1', 1, (248, 250), (25,), (3.25,), (25,), (3.5,))
('K.266 Musicalion', 'P1', 1, (257, 259), (26,), (3.25,), (26,), (3.5,))
('K.266 Musicalion', 'P1', 1, (266, 268), (27,), (3.25,), (27,), (3.5,))
('K.266 Musicalion', 'P1', 3, (52, 54), (13,), (2.25,), (13,), (2.5,))
('K.266 Musicalion', 'P1', 3, (56, 58), (13,), (4.25,), (13,), (4.5,))
('K.266 Musicalion', 'P1', 3, (60, 62), (14,), (2.25,), (14,), (2.5,))
('K.266 Musicalion', 'P1', 3, (70, 72), (16,), (2.25,), (16,), (2.5,))
('K.266 Musicalion', 'P1', 3, (74, 76), (16,), (4.25,), (16,), (4.5,))
('K.266 Musicalion', 'P1', 3, (78, 80), (17,), (2.25,), (17,), (2.5,))
('K.266 Musicalion', 'P1', 3, (82, 84), (17,), (4.25,), (17,), (4.5,))
('K.266 Musicalion', 'P1', 3, (125, 127), (25,), (4.25,), (25,), (4.5,))
('K.266 Musicalion', 'P1', 3, (133, 135), (26,), (4.25,), (26,), (4.5,))
('K.266 Musicalion', 'P1', 3, (188, 190), (36,), (2.25,), (36,), (2.5,))
('K.266 Musicalion', 'P1', 3, (192, 194), (36,), (4.25,), (36,), (4.5,))
('K.266 Musicalion', 'P1', 3, (196, 198), (37,), (2.25,), (37,), (2.5,))
('K.266 Musicalion', 'P1', 3, (206, 208), (39,), (2.25,), (39,), (2.5,))
('K.266 Musicalion', 'P1', 3, (214, 216), (40,), (2.25,), (40,), (2.5,))
('K.266 Musicalion', 'P1', 3, (222, 224), (41,), (2.25,), (41,), (2.5,))

23.    ((-3, 2), (0.25, 0.25), (0.5, 0.75)):
('K.266 Musicalion', 'P1', 1, (85, 87), (11,), (1.5,), (11,), (1.75,))
('K.266 Musicalion', 'P1', 1, (89, 91), (11,), (2.5,), (11,), (2.75,))
('K.266 Musicalion', 'P1', 1, (93, 95), (11,), (3.5,), (11,), (3.75,))
('K.266 Musicalion', 'P1', 1, (97, 99), (11,), (4.5,), (11,), (4.75,))
('K.266 Musicalion', 'P1', 1, (101, 103), (12,), (1.5,), (12,), (1.75,))
('K.266 Musicalion', 'P1', 1, (191, 193), (20,), (1.5,), (20,), (1.75,))
('K.266 Musicalion', 'P1', 1, (214, 216), (21,), (3.5,), (21,), (3.75,))
('K.266 Musicalion', 'P1', 1, (382, 384), (38,), (4.5,), (38,), (4.75,))
('K.266 Musicalion', 'P1', 1, (430, 432), (43,), (2.5,), (43,), (2.75,))
('K.266 Musicalion', 'P1', 3, (211, 213), (39,), (4.5,), (39,), (4.75,))
('K.266 Musicalion', 'P1', 3, (219, 221), (40,), (4.5,), (40,), (4.75,))
('K.266 Musicalion', 'P1', 3, (227, 229), (41,), (4.5,), (41,), (4.75,))

24.    ((-3, -2), (0.5, 0.5), (0.0, 0.5)):
('K.266 Musicalion', 'P1', 1, (34, 36), (5,), (2.0,), (5,), (2.5,))
('K.266 Musicalion', 'P1', 1, (43, 45), (6,), (2.0,), (6,), (2.5,))
('K.266 Musicalion', 'P1', 1, (52, 54), (7,), (2.0,), (7,), (2.5,))
('K.266 Musicalion', 'P1', 1, (61, 63), (8,), (2.0,), (8,), (2.5,))
('K.266 Musicalion', 'P1', 3, (176, 178), (33,), (3.0,), (33,), (3.5,))
('K.266 Musicalion', 'P1', 4, (5, 7), (34,), (4.0,), (34,), (4.5,))

25.    ((-3, -4), (0.25, 0.25), (0.25, 0.5)):
('K.266 Musicalion', 'P1', 1, (232, 234), (23,), (3.25,), (23,), (3.5,))
('K.266 Musicalion', 'P1', 1, (240, 242), (24,), (3.25,), (24,), (3.5,))
('K.266 Musicalion', 'P1', 3, (109, 111), (23,), (4.25,), (23,), (4.5,))
('K.266 Musicalion', 'P1', 3, (117, 119), (24,), (4.25,), (24,), (4.5,))

26.    ((-3, 4), (0.5, 0.5), (0.0, 0.5)):
('K.266 Musicalion', 'P1', 1, (3, 5), (1,), (2.0,), (1,), (2.5,))
('K.266 Musicalion', 'P1', 1, (19, 21), (3,), (2.0,), (3,), (2.5,))
('K.266 Musicalion', 'P1', 3, (11, 13), (4,), (3.0,), (4,), (3.5,))

27.    ((2, -3), (0.5, 0.5), (0.5, 0.0)):
('K.266 Musicalion', 'P1', 1, (12, 14), (2,), (2.5,), (2,), (3.0,))
('K.266 Musicalion', 'P1', 4, (4, 6), (34,), (3.5,), (34,), (4.0,))
('K.266 Musicalion', 'P1', 4, (8, 10), (35,), (1.5,), (35,), (2.0,))

28.    ((-3, 2), (1.0, 1.0), (0.0, 0.0)):
('K.266 Musicalion', 'P1', 2, (5, 7), (9,), (3.0,), (9,), (4.0,))
('K.266 Musicalion', 'P1', 3, (7, 9), (3,), (3.0,), (3,), (4.0,))

29.    ((-5, 3), (0.5, 1.0), (0.5, 0.0)):
('K.266 Musicalion', 'P1', 3, (40, 42), (9,), (2.5,), (9,), (3.0,))
('K.266 Musicalion', 'P1', 3, (44, 46), (10,), (2.5,), (10,), (3.0,))

30.    ((-2, -3), (0.5, 0.5), (0.5, 0.0)):
('K.266 Musicalion', 'P1', 3, (175, 177), (33,), (2.5,), (33,), (3.0,))
('K.266 Musicalion', 'P1', 3, (177, 179), (33,), (3.5,), (33,), (4.0,))

31.    ((2,), (0.25,), (0.75,)):
('K.266 Musicalion', 'P1', 1, (2, 3), (1,), (1.75,), (1,), (1.75,))
('K.266 Musicalion', 'P1', 1, (10, 11), (2,), (1.75,), (2,), (1.75,))
('K.266 Musicalion', 'P1', 1, (18, 19), (3,), (1.75,), (3,), (1.75,))
('K.266 Musicalion', 'P1', 1, (29, 30), (4,), (3.75,), (4,), (3.75,))
('K.266 Musicalion', 'P1', 1, (69, 70), (9,), (1.75,), (9,), (1.75,))
('K.266 Musicalion', 'P1', 1, (77, 78), (10,), (1.75,), (10,), (1.75,))
('K.266 Musicalion', 'P1', 1, (86, 87), (11,), (1.75,), (11,), (1.75,))
('K.266 Musicalion', 'P1', 1, (90, 91), (11,), (2.75,), (11,), (2.75,))
('K.266 Musicalion', 'P1', 1, (94, 95), (11,), (3.75,), (11,), (3.75,))
('K.266 Musicalion', 'P1', 1, (98, 99), (11,), (4.75,), (11,), (4.75,))
('K.266 Musicalion', 'P1', 1, (102, 103), (12,), (1.75,), (12,), (1.75,))
('K.266 Musicalion', 'P1', 1, (134, 135), (15,), (2.75,), (15,), (2.75,))
('K.266 Musicalion', 'P1', 1, (138, 139), (15,), (3.75,), (15,), (3.75,))
('K.266 Musicalion', 'P1', 1, (141, 142), (15,), (4.75,), (15,), (4.75,))
('K.266 Musicalion', 'P1', 1, (177, 178), (19,), (1.75,), (19,), (1.75,))
('K.266 Musicalion', 'P1', 1, (180, 181), (19,), (2.75,), (19,), (2.75,))
('K.266 Musicalion', 'P1', 1, (192, 193), (20,), (1.75,), (20,), (1.75,))
('K.266 Musicalion', 'P1', 1, (196, 197), (20,), (2.75,), (20,), (2.75,))
('K.266 Musicalion', 'P1', 1, (200, 201), (20,), (3.75,), (20,), (3.75,))
('K.266 Musicalion', 'P1', 1, (203, 204), (20,), (4.75,), (20,), (4.75,))
('K.266 Musicalion', 'P1', 1, (215, 216), (21,), (3.75,), (21,), (3.75,))
('K.266 Musicalion', 'P1', 1, (219, 220), (21,), (4.75,), (21,), (4.75,))
('K.266 Musicalion', 'P1', 1, (223, 224), (22,), (1.75,), (22,), (1.75,))
('K.266 Musicalion', 'P1', 1, (226, 227), (22,), (2.75,), (22,), (2.75,))
('K.266 Musicalion', 'P1', 1, (234, 235), (23,), (3.75,), (23,), (3.75,))
('K.266 Musicalion', 'P1', 1, (242, 243), (24,), (3.75,), (24,), (3.75,))
('K.266 Musicalion', 'P1', 1, (254, 255), (26,), (1.75,), (26,), (1.75,))
('K.266 Musicalion', 'P1', 1, (263, 264), (27,), (1.75,), (27,), (1.75,))
('K.266 Musicalion', 'P1', 1, (272, 273), (27,), (4.75,), (27,), (4.75,))
('K.266 Musicalion', 'P1', 1, (318, 319), (33,), (2.75,), (33,), (2.75,))
('K.266 Musicalion', 'P1', 1, (322, 323), (33,), (3.75,), (33,), (3.75,))
('K.266 Musicalion', 'P1', 1, (326, 327), (33,), (4.75,), (33,), (4.75,))
('K.266 Musicalion', 'P1', 1, (329, 330), (34,), (1.75,), (34,), (1.75,))
('K.266 Musicalion', 'P1', 1, (383, 384), (38,), (4.75,), (38,), (4.75,))
('K.266 Musicalion', 'P1', 1, (431, 432), (43,), (2.75,), (43,), (2.75,))
('K.266 Musicalion', 'P1', 1, (446, 447), (44,), (2.75,), (44,), (2.75,))
('K.266 Musicalion', 'P1', 1, (453, 454), (44,), (4.75,), (44,), (4.75,))
('K.266 Musicalion', 'P1', 2, (2, 3), (9,), (1.75,), (9,), (1.75,))
('K.266 Musicalion', 'P1', 2, (9, 10), (10,), (1.75,), (10,), (1.75,))
('K.266 Musicalion', 'P1', 3, (107, 108), (23,), (2.75,), (23,), (2.75,))
('K.266 Musicalion', 'P1', 3, (115, 116), (24,), (2.75,), (24,), (2.75,))
('K.266 Musicalion', 'P1', 3, (123, 124), (25,), (2.75,), (25,), (2.75,))
('K.266 Musicalion', 'P1', 3, (131, 132), (26,), (2.75,), (26,), (2.75,))
('K.266 Musicalion', 'P1', 3, (139, 140), (27,), (2.75,), (27,), (2.75,))
('K.266 Musicalion', 'P1', 3, (212, 213), (39,), (4.75,), (39,), (4.75,))
('K.266 Musicalion', 'P1', 3, (220, 221), (40,), (4.75,), (40,), (4.75,))
('K.266 Musicalion', 'P1', 3, (228, 229), (41,), (4.75,), (41,), (4.75,))

32.    ((-2,), (0.25,), (0.75,)):
('K.266 Musicalion', 'P1', 1, (106, 107), (12,), (2.75,), (12,), (2.75,))
('K.266 Musicalion', 'P1', 1, (114, 115), (13,), (3.75,), (13,), (3.75,))
('K.266 Musicalion', 'P1', 1, (122, 123), (14,), (3.75,), (14,), (3.75,))
('K.266 Musicalion', 'P1', 1, (153, 154), (17,), (1.75,), (17,), (1.75,))
('K.266 Musicalion', 'P1', 1, (161, 162), (18,), (1.75,), (18,), (1.75,))
('K.266 Musicalion', 'P1', 1, (173, 174), (18,), (4.75,), (18,), (4.75,))
('K.266 Musicalion', 'P1', 1, (184, 185), (19,), (3.75,), (19,), (3.75,))
('K.266 Musicalion', 'P1', 1, (188, 189), (19,), (4.75,), (19,), (4.75,))
('K.266 Musicalion', 'P1', 1, (207, 208), (21,), (1.75,), (21,), (1.75,))
('K.266 Musicalion', 'P1', 1, (211, 212), (21,), (2.75,), (21,), (2.75,))
('K.266 Musicalion', 'P1', 1, (250, 251), (25,), (3.75,), (25,), (3.75,))
('K.266 Musicalion', 'P1', 1, (259, 260), (26,), (3.75,), (26,), (3.75,))
('K.266 Musicalion', 'P1', 1, (268, 269), (27,), (3.75,), (27,), (3.75,))
('K.266 Musicalion', 'P1', 1, (274, 275), (28,), (1.75,), (28,), (1.75,))
('K.266 Musicalion', 'P1', 1, (355, 356), (36,), (3.75,), (36,), (3.75,))
('K.266 Musicalion', 'P1', 1, (363, 364), (37,), (3.75,), (37,), (3.75,))
('K.266 Musicalion', 'P1', 1, (367, 368), (37,), (4.75,), (37,), (4.75,))
('K.266 Musicalion', 'P1', 1, (411, 412), (42,), (1.75,), (42,), (1.75,))
('K.266 Musicalion', 'P1', 1, (415, 416), (42,), (2.75,), (42,), (2.75,))
('K.266 Musicalion', 'P1', 1, (435, 436), (43,), (3.75,), (43,), (3.75,))
('K.266 Musicalion', 'P1', 1, (439, 440), (43,), (4.75,), (43,), (4.75,))
('K.266 Musicalion', 'P1', 1, (443, 444), (44,), (1.75,), (44,), (1.75,))
('K.266 Musicalion', 'P1', 1, (450, 451), (44,), (3.75,), (44,), (3.75,))
('K.266 Musicalion', 'P1', 3, (111, 112), (23,), (4.75,), (23,), (4.75,))
('K.266 Musicalion', 'P1', 3, (119, 120), (24,), (4.75,), (24,), (4.75,))

33.    ((2,), (0.5,), (0.5,)):
('K.266 Musicalion', 'P1', 1, (7, 8), (1,), (4.5,), (1,), (4.5,))
('K.266 Musicalion', 'P1', 1, (12, 13), (2,), (2.5,), (2,), (2.5,))
('K.266 Musicalion', 'P1', 1, (15, 16), (2,), (4.5,), (2,), (4.5,))
('K.266 Musicalion', 'P1', 1, (23, 24), (3,), (4.5,), (3,), (4.5,))
('K.266 Musicalion', 'P1', 1, (82, 83), (10,), (4.5,), (10,), (4.5,))
('K.266 Musicalion', 'P1', 1, (282, 283), (29,), (1.5,), (29,), (1.5,))
('K.266 Musicalion', 'P1', 1, (298, 299), (31,), (1.5,), (31,), (1.5,))
('K.266 Musicalion', 'P1', 3, (64, 65), (14,), (4.5,), (14,), (4.5,))
('K.266 Musicalion', 'P1', 3, (86, 87), (18,), (2.5,), (18,), (2.5,))
('K.266 Musicalion', 'P1', 3, (147, 148), (29,), (1.5,), (29,), (1.5,))
('K.266 Musicalion', 'P1', 3, (159, 160), (31,), (1.5,), (31,), (1.5,))
('K.266 Musicalion', 'P1', 3, (181, 182), (34,), (2.5,), (34,), (2.5,))
('K.266 Musicalion', 'P1', 3, (183, 184), (34,), (4.5,), (34,), (4.5,))
('K.266 Musicalion', 'P1', 3, (200, 201), (37,), (4.5,), (37,), (4.5,))
('K.266 Musicalion', 'P1', 4, (4, 5), (34,), (3.5,), (34,), (3.5,))
('K.266 Musicalion', 'P1', 4, (8, 9), (35,), (1.5,), (35,), (1.5,))

34.    ((2,), (1.0,), (0.0,)):
('K.266 Musicalion', 'P1', 1, (30, 31), (4,), (4.0,), (4,), (4.0,))
('K.266 Musicalion', 'P1', 2, (6, 7), (9,), (4.0,), (9,), (4.0,))
('K.266 Musicalion', 'P1', 3, (1, 2), (1,), (3.0,), (1,), (3.0,))
('K.266 Musicalion', 'P1', 3, (4, 5), (2,), (3.0,), (2,), (3.0,))
('K.266 Musicalion', 'P1', 3, (8, 9), (3,), (4.0,), (3,), (4.0,))
('K.266 Musicalion', 'P1', 3, (66, 67), (15,), (2.0,), (15,), (2.0,))
('K.266 Musicalion', 'P1', 3, (88, 89), (18,), (4.0,), (18,), (4.0,))
('K.266 Musicalion', 'P1', 3, (94, 95), (20,), (2.0,), (20,), (2.0,))
('K.266 Musicalion', 'P1', 3, (100, 101), (21,), (4.0,), (21,), (4.0,))
('K.266 Musicalion', 'P1', 3, (141, 142), (27,), (4.0,), (27,), (4.0,))
('K.266 Musicalion', 'P1', 3, (202, 203), (38,), (2.0,), (38,), (2.0,))
('K.266 Musicalion', 'P1', 3, (231, 232), (42,), (4.0,), (42,), (4.0,))
('K.266 Musicalion', 'P1', 3, (236, 237), (44,), (2.0,), (44,), (2.0,))

35.    ((-5,), (0.25,), (0.75,)):
('K.266 Musicalion', 'P1', 1, (126, 127), (14,), (4.75,), (14,), (4.75,))
('K.266 Musicalion', 'P1', 1, (165, 166), (18,), (2.75,), (18,), (2.75,))
('K.266 Musicalion', 'P1', 1, (371, 372), (38,), (1.75,), (38,), (1.75,))
('K.266 Musicalion', 'P1', 1, (375, 376), (38,), (2.75,), (38,), (2.75,))
('K.266 Musicalion', 'P1', 1, (419, 420), (42,), (3.75,), (42,), (3.75,))
('K.266 Musicalion', 'P1', 1, (423, 424), (42,), (4.75,), (42,), (4.75,))
('K.266 Musicalion', 'P1', 3, (54, 55), (13,), (2.75,), (13,), (2.75,))
('K.266 Musicalion', 'P1', 3, (62, 63), (14,), (2.75,), (14,), (2.75,))
('K.266 Musicalion', 'P1', 3, (76, 77), (16,), (4.75,), (16,), (4.75,))
('K.266 Musicalion', 'P1', 3, (84, 85), (17,), (4.75,), (17,), (4.75,))
('K.266 Musicalion', 'P1', 3, (190, 191), (36,), (2.75,), (36,), (2.75,))
('K.266 Musicalion', 'P1', 3, (198, 199), (37,), (2.75,), (37,), (2.75,))

36.    ((-4,), (0.25,), (0.25,)):
('K.266 Musicalion', 'P1', 1, (112, 113), (13,), (3.25,), (13,), (3.25,))
('K.266 Musicalion', 'P1', 1, (120, 121), (14,), (3.25,), (14,), (3.25,))
('K.266 Musicalion', 'P1', 1, (128, 129), (15,), (1.25,), (15,), (1.25,))
('K.266 Musicalion', 'P1', 1, (151, 152), (17,), (1.25,), (17,), (1.25,))
('K.266 Musicalion', 'P1', 1, (159, 160), (18,), (1.25,), (18,), (1.25,))
('K.266 Musicalion', 'P1', 1, (353, 354), (36,), (3.25,), (36,), (3.25,))
('K.266 Musicalion', 'P1', 1, (361, 362), (37,), (3.25,), (37,), (3.25,))
('K.266 Musicalion', 'P1', 3, (210, 211), (39,), (4.25,), (39,), (4.25,))
('K.266 Musicalion', 'P1', 3, (218, 219), (40,), (4.25,), (40,), (4.25,))
('K.266 Musicalion', 'P1', 3, (226, 227), (41,), (4.25,), (41,), (4.25,))

37.    ((-3,), (0.5,), (0.0,)):
('K.266 Musicalion', 'P1', 1, (3, 4), (1,), (2.0,), (1,), (2.0,))
('K.266 Musicalion', 'P1', 1, (5, 6), (1,), (3.0,), (1,), (3.0,))
('K.266 Musicalion', 'P1', 1, (11, 12), (2,), (2.0,), (2,), (2.0,))
('K.266 Musicalion', 'P1', 1, (13, 14), (2,), (3.0,), (2,), (3.0,))
('K.266 Musicalion', 'P1', 1, (19, 20), (3,), (2.0,), (3,), (2.0,))
('K.266 Musicalion', 'P1', 1, (72, 73), (9,), (3.0,), (9,), (3.0,))
('K.266 Musicalion', 'P1', 1, (80, 81), (10,), (3.0,), (10,), (3.0,))
('K.266 Musicalion', 'P1', 3, (11, 12), (4,), (3.0,), (4,), (3.0,))
('K.266 Musicalion', 'P1', 3, (178, 179), (33,), (4.0,), (33,), (4.0,))
('K.266 Musicalion', 'P1', 4, (9, 10), (35,), (2.0,), (35,), (2.0,))

38.    ((5,), (0.25,), (0.75,)):
('K.266 Musicalion', 'P1', 1, (33, 34), (5,), (1.75,), (5,), (1.75,))
('K.266 Musicalion', 'P1', 1, (42, 43), (6,), (1.75,), (6,), (1.75,))
('K.266 Musicalion', 'P1', 1, (51, 52), (7,), (1.75,), (7,), (1.75,))
('K.266 Musicalion', 'P1', 1, (60, 61), (8,), (1.75,), (8,), (1.75,))
('K.266 Musicalion', 'P1', 1, (145, 146), (16,), (1.75,), (16,), (1.75,))
('K.266 Musicalion', 'P1', 1, (333, 334), (34,), (2.75,), (34,), (2.75,))
('K.266 Musicalion', 'P1', 1, (387, 388), (39,), (1.75,), (39,), (1.75,))
('K.266 Musicalion', 'P1', 3, (167, 168), (32,), (2.75,), (32,), (2.75,))

39.    ((4,), (0.25,), (0.75,)):
('K.266 Musicalion', 'P1', 1, (379, 380), (38,), (3.75,), (38,), (3.75,))
('K.266 Musicalion', 'P1', 1, (427, 428), (43,), (1.75,), (43,), (1.75,))
('K.266 Musicalion', 'P1', 3, (127, 128), (25,), (4.75,), (25,), (4.75,))
('K.266 Musicalion', 'P1', 3, (135, 136), (26,), (4.75,), (26,), (4.75,))

40.    ((3,), (0.5,), (0.0,)):
('K.266 Musicalion', 'P1', 1, (16, 17), (3,), (1.0,), (3,), (1.0,))
('K.266 Musicalion', 'P1', 1, (31, 32), (5,), (1.0,), (5,), (1.0,))
('K.266 Musicalion', 'P1', 4, (3, 4), (34,), (3.0,), (34,), (3.0,))
('K.266 Musicalion', 'P1', 4, (7, 8), (35,), (1.0,), (35,), (1.0,))

41.    ((4,), (1.5,), (0.0,)):
('K.266 Musicalion', 'P1', 3, (9, 10), (4,), (1.0,), (4,), (1.0,))
('K.266 Musicalion', 'P1', 3, (43, 44), (10,), (1.0,), (10,), (1.0,))
('K.266 Musicalion', 'P1', 3, (154, 155), (30,), (2.0,), (30,), (2.0,))

42.    ((1,), (0.5,), (0.0,)):
('K.266 Musicalion', 'P1', 1, (8, 9), (2,), (1.0,), (2,), (1.0,))
('K.266 Musicalion', 'P1', 1, (21, 22), (3,), (3.0,), (3,), (3.0,))

43.    ((3,), (0.25,), (0.0,)):
('K.266 Musicalion', 'P1', 1, (269, 270), (27,), (4.0,), (27,), (4.0,))
('K.266 Musicalion', 'P1', 1, (307, 308), (32,), (2.0,), (32,), (2.0,))

44.    ((2,), (1.5,), (0.0,)):
('K.266 Musicalion', 'P1', 1, (27, 28), (4,), (2.0,), (4,), (2.0,))
('K.266 Musicalion', 'P1', 3, (39, 40), (9,), (1.0,), (9,), (1.0,))

45.    ((11,), (2.0,), (0.0,)):
('K.266 Musicalion', 'P1', 3, (0, 1), (1,), (1.0,), (1,), (1.0,))
('K.266 Musicalion', 'P1', 3, (229, 230), (42,), (1.0,), (42,), (1.0,))

46.    (((8, -5),), ((0.0, 2.0),), (0.0,)):
('K.266 Musicalion', 'P1', 3, (47, 48), (11,), (1.0,), (11,), (1.0,))
('K.266 Musicalion', 'P1', 3, (48, 49), (11,), (3.0,), (11,), (3.0,))

47.    ((-2,), (1.0,), (0.0,)):
('K.266 Musicalion', 'P1', 3, (42, 43), (9,), (4.0,), (9,), (4.0,))
('K.266 Musicalion', 'P1', 4, (2, 3), (34,), (2.0,), (34,), (2.0,))

48.    (((8,),), ((0.0,),), (0.0,)):
('K.266 Musicalion', 'P1', 3, (239, 240), (45,), (1.0,), (45,), (1.0,))
('K.266 Musicalion', 'P1', 4, (11, 12), (35,), (3.0,), (35,), (3.0,))

