1.    nomes:
K.90 Musicalion

2.    quantidade:
1

3.    analise:
[('intDia', 'p1p2'), ('duracao', 'p1p2'), ('Ptempo', 'p1p2')] SemContInte Distancia: 0

1.    ((-7, 7, -7, 7, -7, 7, -7, 6, -5, 5, -5, 5, -5, 5, -5, 6, -7, 7, -7, 7, -7, 7, -7, 6, -2, -2, -2, -2, 8, -9, 8, -9, 8, -9, 8, -9, 8, -9, 8, -9, 8, -9, 14, -2, -2, -2, 2, -2, -2, 2), (0.25, 0.25, 0.25, 0.25, 0.25, 0.25, 0.25, 0.25, 0.25, 0.25, 0.25, 0.25, 0.25, 0.25, 0.25, 0.25, 0.25, 0.25, 0.25, 0.25, 0.25, 0.25, 0.25, 0.25, 0.25, 0.25, 0.25, 0.25, 0.5, 0.5, 0.5, 0.5, 0.5, 0.5, 0.5, 0.5, 0.5, 0.5, 0.5, 0.5, 0.5, 0.5, 1.0, 1.0, 0.12, 0.12, 0.75, 0.12, 0.12, 0.75), (0.0, 0.25, 0.5, 0.75, 0.0, 0.25, 0.5, 0.75, 0.0, 0.25, 0.5, 0.75, 0.0, 0.25, 0.5, 0.75, 0.0, 0.25, 0.5, 0.75, 0.0, 0.25, 0.5, 0.75, 0.0, 0.25, 0.5, 0.75, 0.0, 0.5, 0.0, 0.5, 0.0, 0.5, 0.0, 0.5, 0.0, 0.5, 0.0, 0.5, 0.0, 0.5, 0.0, 0.0, 0.0, 0.12, 0.25, 0.0, 0.12, 0.25)):
('K.90 Musicalion', 'P1', 1, (808, 858), (132,), (1.0,), (140,), (2.25,))
('K.90 Musicalion', 'P1', 1, (923, 973), (153,), (1.0,), (161,), (2.25,))

2.    ((2, 2, 2, -4, -5, 9, 2, -6, -5, 7, 2, -4, -5, 9, 2, -6, -5, 11, 2, -2, -2, -2, -2, -2, -2, -2, 1, 2, 2, 2, 2, 2, 2, -2, -2, -2, 2, -5, 2, 2, 2, 2, 2, 2, -2), (0.25, 0.25, 1.25, 0.5, 0.5, 0.5, 0.5, 0.5, 0.5, 0.5, 0.5, 0.5, 0.5, 0.5, 0.5, 0.5, 0.5, 0.5, 0.5, 0.5, 0.25, 0.25, 0.5, 0.5, 0.25, 0.25, 1.0, 0.5, 0.12, 0.12, 0.75, 0.12, 0.12, 0.75, 0.12, 0.12, 0.25, 1.0, 0.5, 0.12, 0.12, 0.75, 0.12, 0.12, 0.75), (0.25, 0.5, 0.75, 0.0, 0.5, 0.0, 0.5, 0.0, 0.5, 0.0, 0.5, 0.0, 0.5, 0.0, 0.5, 0.0, 0.5, 0.0, 0.5, 0.0, 0.5, 0.75, 0.0, 0.5, 0.0, 0.25, 0.5, 0.5, 0.0, 0.12, 0.25, 0.0, 0.12, 0.25, 0.0, 0.12, 0.25, 0.5, 0.5, 0.0, 0.12, 0.25, 0.0, 0.12, 0.25)):
('K.90 Musicalion', 'P1', 1, (302, 347), (29,), (1.25,), (38,), (2.25,))
('K.90 Musicalion', 'P1', 1, (591, 636), (91,), (1.25,), (100,), (2.25,))

3.    ((2, 2, 2, 2, -3, 1, -2, -2, 2, -3, 2, 2, 2, 2, -3, 1, -2, -2, 2, -3, 2, 2, 2, 2, -2, -2, -2), (0.12, 0.12, 0.12, 0.12, 1.0, 0.5, 0.12, 0.12, 1.25, 0.5, 0.12, 0.12, 0.12, 0.12, 1.0, 0.5, 0.12, 0.12, 1.25, 0.5, 0.12, 0.12, 0.12, 0.12, 1.0, 0.25, 0.25), (0.0, 0.12, 0.25, 0.38, 0.5, 0.5, 0.0, 0.12, 0.25, 0.5, 0.0, 0.12, 0.25, 0.38, 0.5, 0.5, 0.0, 0.12, 0.25, 0.5, 0.0, 0.12, 0.25, 0.38, 0.5, 0.5, 0.75)):
('K.90 Musicalion', 'P1', 1, (370, 397), (44,), (1.0,), (48,), (2.75,))
('K.90 Musicalion', 'P1', 1, (505, 532), (72,), (1.0,), (76,), (2.75,))

4.    ((1, 2, -2, 1, 1, 2, -2, 1, 1, 2, -2, 4, -4, 2, -2, 1, 1, 2, -2, 1, 2, 2, 2, 2), (0.75, 0.25, 0.25, 0.25, 0.25, 0.25, 0.25, 0.25, 0.25, 0.25, 0.25, 0.25, 0.25, 0.25, 0.25, 0.25, 0.25, 0.25, 0.25, 0.25, 0.25, 0.25, 0.25, 0.25), (0.5, 0.25, 0.5, 0.75, 0.0, 0.25, 0.5, 0.75, 0.0, 0.25, 0.5, 0.75, 0.0, 0.25, 0.5, 0.75, 0.0, 0.25, 0.5, 0.75, 0.0, 0.25, 0.5, 0.75)):
('K.90 Musicalion', 'P1', 1, (730, 754), (119,), (1.5,), (122,), (1.75,))
('K.90 Musicalion', 'P1', 1, (757, 781), (123,), (1.5,), (126,), (1.75,))

5.    ((-3, -3, 4, -3, -3, -3, 4, 5, -2, -2, 2, -3, -3, -3, 4, -4, 2, 2, 2, -6, 2, 2, 2), (0.5, 0.5, 0.5, 0.5, 0.5, 0.5, 0.5, 0.5, 0.5, 0.5, 0.5, 0.5, 0.5, 0.5, 0.5, 0.5, 0.5, 0.5, 0.5, 0.5, 0.5, 0.5, 0.5), (0.5, 0.0, 0.5, 0.0, 0.5, 0.0, 0.5, 0.0, 0.5, 0.0, 0.5, 0.0, 0.5, 0.0, 0.5, 0.0, 0.5, 0.0, 0.5, 0.0, 0.5, 0.0, 0.5)):
('K.90 Musicalion', 'P1', 3, (234, 257), (35,), (1.5,), (40,), (2.5,))
('K.90 Musicalion', 'P1', 3, (313, 336), (57,), (1.5,), (62,), (2.5,))

6.    ((1, 8, -9, 8, -9, 8, -9, 8, -9, 15, -9, 8, -9, 8, -9, 8, 2, 2, 2, -6, 2, 2), (0.5, 0.5, 0.5, 0.5, 0.5, 0.5, 0.5, 0.5, 0.5, 0.5, 0.5, 0.5, 0.5, 0.5, 0.5, 0.5, 0.5, 0.5, 0.5, 0.5, 0.5, 0.5), (0.5, 0.0, 0.5, 0.0, 0.5, 0.0, 0.5, 0.0, 0.5, 0.0, 0.5, 0.0, 0.5, 0.0, 0.5, 0.0, 0.5, 0.0, 0.5, 0.0, 0.5, 0.0)):
('K.90 Musicalion', 'P1', 3, (584, 606), (135,), (1.5,), (140,), (2.0,))
('K.90 Musicalion', 'P1', 3, (667, 689), (156,), (1.5,), (161,), (2.0,))

7.    ((2, 2, -2, -2, 2, -5, 2, 2, 2, -4, 4, 2, 2, -2, -2, 2, -5, 2, 2, 2), (1.0, 1.0, 1.0, 1.0, 1.0, 1.0, 1.0, 1.0, 1.0, 2.0, 1.0, 1.0, 1.0, 1.0, 1.0, 1.0, 1.0, 1.0, 1.0, 1.0), (0.0, 0.0, 0.0, 0.0, 0.0, 0.0, 0.0, 0.0, 0.0, 0.0, 0.0, 0.0, 0.0, 0.0, 0.0, 0.0, 0.0, 0.0, 0.0, 0.0)):
('K.90 Musicalion', 'P1', 1, (1018, 1038), (170,), (10.0,), (172,), (6.0,))
('K.90 Musicalion', 'P1', 1, (1133, 1153), (181,), (10.0,), (183,), (6.0,))

8.    ((6, -2, -5, 8, -2, -7, 10, -2, -9, 12, -2, -2, -2, -2, -2, 2, 2, -5), (1.0, 1.0, 1.0, 1.0, 1.0, 1.0, 1.0, 1.0, 1.0, 1.0, 1.0, 1.0, 1.0, 0.5, 0.5, 0.5, 0.5, 1.0), (0.0, 0.0, 0.0, 0.0, 0.0, 0.0, 0.0, 0.0, 0.0, 0.0, 0.0, 0.0, 0.0, 0.0, 0.5, 0.0, 0.5, 0.0)):
('K.90 Musicalion', 'P1', 1, (1171, 1189), (188,), (1.0,), (193,), (1.0,))
('K.90 Musicalion', 'P1', 1, (1247, 1265), (208,), (1.0,), (213,), (1.0,))

9.    ((2, 2, -3, -3, -3, 2, 3, 2, 2, 4, -2, -2, -2, -2, 2, -5), (0.5, 0.5, 0.5, 0.5, 0.5, 0.5, 0.5, 0.5, 0.5, 0.5, 0.25, 0.25, 0.25, 0.25, 0.5, 0.5), (0.0, 0.5, 0.0, 0.5, 0.0, 0.5, 0.0, 0.5, 0.0, 0.5, 0.0, 0.25, 0.5, 0.75, 0.0, 0.5)):
('K.90 Musicalion', 'P1', 3, (411, 427), (86,), (2.0,), (89,), (2.5,))
('K.90 Musicalion', 'P1', 3, (695, 711), (163,), (2.0,), (166,), (2.5,))

10.    ((-2, 2, 2, -2, -2, -2, 2, 2, -2, -2, 2, 2, 2, -2, -2), (0.25, 0.12, 0.12, 0.38, 0.12, 0.25, 0.12, 0.12, 0.38, 0.12, 0.25, 0.12, 0.12, 0.38, 0.12), (0.75, 0.0, 0.12, 0.25, 0.62, 0.75, 0.0, 0.12, 0.25, 0.62, 0.75, 0.0, 0.12, 0.25, 0.62)):
('K.90 Musicalion', 'P1', 1, (34, 49), (4,), (2.75,), (5,), (1.62,))
('K.90 Musicalion', 'P1', 1, (122, 137), (10,), (4.75,), (11,), (3.62,))

11.    ((2, 2, 2, 2, -2, -2, -2, -2, 2, 2, 2, 2, -2, -2, -2), (0.12, 0.12, 0.12, 0.12, 1.5, 0.25, 0.25, 1.5, 0.12, 0.12, 0.12, 0.12, 1.5, 0.25, 0.25), (0.0, 0.12, 0.25, 0.38, 0.5, 0.0, 0.25, 0.5, 0.0, 0.12, 0.25, 0.38, 0.5, 0.0, 0.25)):
('K.90 Musicalion', 'P1', 1, (699, 714), (112,), (1.0,), (115,), (1.25,))
('K.90 Musicalion', 'P1', 1, (715, 730), (116,), (1.0,), (119,), (1.25,))

12.    ((8, -9, 8, -9, 8, -9, 8, -9, 8, -9, 8, -9, 8, -9), (0.5, 0.5, 0.5, 0.5, 0.5, 0.5, 0.5, 0.5, 0.5, 0.5, 0.5, 0.5, 0.5, 0.5), (0.0, 0.5, 0.0, 0.5, 0.0, 0.5, 0.0, 0.5, 0.0, 0.5, 0.0, 0.5, 0.0, 0.5)):
('K.90 Musicalion', 'P1', 1, (836, 850), (135,), (2.0,), (138,), (2.5,))
('K.90 Musicalion', 'P1', 1, (951, 965), (156,), (2.0,), (159,), (2.5,))
('K.90 Musicalion', 'P1', 3, (383, 397), (79,), (2.0,), (82,), (2.5,))

13.    ((4, -2, -2, -2, 2, -2, -2, 2, -2, -2, -2, -2, 2, -5), (1.0, 1.0, 0.12, 0.12, 0.75, 0.12, 0.12, 0.75, 0.25, 0.25, 0.25, 0.25, 0.5, 0.5), (0.0, 0.0, 0.0, 0.12, 0.25, 0.0, 0.12, 0.25, 0.0, 0.25, 0.5, 0.75, 0.0, 0.5)):
('K.90 Musicalion', 'P1', 1, (576, 590), (87,), (1.0,), (89,), (2.5,))
('K.90 Musicalion', 'P1', 1, (982, 996), (164,), (1.0,), (166,), (2.5,))

14.    ((2, 2, 2, 2, -2, -2, -2, -2, 2, 2, 2, 2, -2), (0.12, 0.12, 0.12, 0.12, 1.5, 0.25, 0.25, 1.5, 0.12, 0.12, 0.12, 0.12, 1.5), (0.0, 0.12, 0.25, 0.38, 0.5, 0.0, 0.25, 0.5, 0.0, 0.12, 0.25, 0.38, 0.5)):
('K.90 Musicalion', 'P1', 1, (420, 433), (54,), (1.0,), (56,), (1.5,))
('K.90 Musicalion', 'P1', 1, (886, 899), (145,), (1.0,), (147,), (1.5,))
('K.90 Musicalion', 'P1', 1, (902, 915), (149,), (1.0,), (151,), (1.5,))

15.    ((-2, 1, 1, 1, 2, 1, 1, 1, -2, 1, 1, 1, 2), (0.5, 0.5, 0.5, 0.5, 0.5, 0.5, 0.5, 0.5, 0.5, 0.5, 0.5, 0.5, 0.5), (0.5, 0.0, 0.5, 0.0, 0.5, 0.0, 0.5, 0.0, 0.5, 0.0, 0.5, 0.0, 0.5)):
('K.90 Musicalion', 'P1', 3, (570, 583), (131,), (2.5,), (134,), (2.5,))
('K.90 Musicalion', 'P1', 3, (653, 666), (152,), (2.5,), (155,), (2.5,))

16.    ((-2, -2, 2, -2, -2, -2, 2, -2, 3, 3, -4, -2), (0.12, 0.12, 0.25, 0.5, 0.12, 0.12, 0.25, 0.5, 0.12, 0.12, 1.5, 0.25), (0.0, 0.12, 0.25, 0.5, 0.0, 0.12, 0.25, 0.5, 0.0, 0.12, 0.25, 0.75)):
('K.90 Musicalion', 'P1', 1, (3, 15), (1,), (3.0,), (2,), (2.75,))
('K.90 Musicalion', 'P1', 1, (210, 222), (18,), (1.0,), (18,), (4.75,))

17.    ((8, -9, 8, -9, 8, -9, 8, -9, 8, -9, 8, -9), (0.5, 0.5, 0.5, 0.5, 0.5, 0.5, 0.5, 0.5, 0.5, 0.5, 0.5, 0.5), (0.0, 0.5, 0.0, 0.5, 0.0, 0.5, 0.0, 0.5, 0.0, 0.5, 0.0, 0.5)):
('K.90 Musicalion', 'P1', 1, (785, 797), (127,), (1.0,), (129,), (2.5,))
('K.90 Musicalion', 'P1', 3, (553, 565), (127,), (1.0,), (129,), (2.5,))

18.    ((-4, 2, 2, -8, 1, 8, -4, 2, 2, -8, 1, 8), (0.5, 0.5, 0.5, 0.5, 0.5, 1.5, 0.5, 0.5, 0.5, 0.5, 0.5, 1.5), (0.5, 0.0, 0.5, 0.0, 0.5, 0.0, 0.5, 0.0, 0.5, 0.0, 0.5, 0.0)):
('K.90 Musicalion', 'P1', 3, (265, 277), (44,), (1.5,), (47,), (2.0,))
('K.90 Musicalion', 'P1', 3, (355, 367), (70,), (1.5,), (73,), (2.0,))

19.    ((10, -2, -2, -2, 2, -8, 10, -2, -2, -2, 2), (1.0, 1.0, 1.0, 1.0, 1.0, 1.0, 1.0, 1.0, 1.0, 1.0, 1.0), (0.0, 0.0, 0.0, 0.0, 0.0, 0.0, 0.0, 0.0, 0.0, 0.0, 0.0)):
('K.90 Musicalion', 'P1', 1, (1005, 1016), (169,), (7.0,), (170,), (5.0,))
('K.90 Musicalion', 'P1', 1, (1113, 1124), (180,), (1.0,), (180,), (11.0,))

20.    ((-2, -2, -2, -2, 2, -5, -2, -2, -2, -2, 2), (0.25, 0.25, 0.25, 0.25, 0.5, 0.5, 0.25, 0.25, 0.25, 0.25, 0.5), (0.0, 0.25, 0.5, 0.75, 0.0, 0.5, 0.0, 0.25, 0.5, 0.75, 0.0)):
('K.90 Musicalion', 'P1', 1, (990, 1001), (166,), (1.0,), (167,), (2.0,))
('K.90 Musicalion', 'P1', 3, (705, 716), (166,), (1.0,), (167,), (2.0,))

21.    ((-2, -2, 2, 2, 2, 2, 2, 2, -2, -2), (1.0, 1.0, 1.0, 1.0, 1.0, 1.0, 1.0, 1.0, 1.0, 1.0), (0.0, 0.0, 0.0, 0.0, 0.0, 0.0, 0.0, 0.0, 0.0, 0.0)):
('K.90 Musicalion', 'P1', 1, (1047, 1057), (173,), (4.0,), (174,), (1.0,))
('K.90 Musicalion', 'P1', 1, (1078, 1088), (176,), (8.0,), (177,), (5.0,))

22.    ((2, -8, 4, 2, 2, -3, 4, 2, 2, -3), (0.5, 0.5, 0.5, 0.5, 0.5, 0.5, 0.5, 0.5, 0.5, 0.5), (0.5, 0.0, 0.5, 0.0, 0.5, 0.0, 0.5, 0.0, 0.5, 0.0)):
('K.90 Musicalion', 'P1', 3, (97, 107), (12,), (3.5,), (13,), (4.0,))
('K.90 Musicalion', 'P1', 3, (201, 211), (25,), (3.5,), (26,), (4.0,))

23.    ((-2, -2, -2, -2, 8, -2, -2, -2, -2), (0.5, 0.5, 0.5, 0.5, 1.0, 0.5, 0.5, 0.5, 0.5), (0.0, 0.5, 0.0, 0.5, 0.0, 0.0, 0.5, 0.0, 0.5)):
('K.90 Musicalion', 'P1', 1, (1155, 1164), (184,), (2.0,), (185,), (3.5,))
('K.90 Musicalion', 'P1', 1, (1233, 1242), (205,), (2.0,), (206,), (3.5,))

24.    ((5, 2, -4, 2, -5, 7, -2, -2, -2), (0.5, 0.5, 0.5, 0.5, 0.5, 0.5, 0.5, 0.5, 0.5), (0.5, 0.0, 0.5, 0.0, 0.5, 0.0, 0.5, 0.0, 0.5)):
('K.90 Musicalion', 'P1', 3, (4, 13), (1,), (2.5,), (2,), (2.5,))
('K.90 Musicalion', 'P1', 3, (139, 148), (17,), (4.5,), (18,), (4.5,))

25.    ((-2, -2, 2, 2, -2, -2, 2, -2), (0.25, 0.12, 0.12, 0.25, 0.12, 0.12, 0.25, 0.5), (0.75, 0.0, 0.12, 0.25, 0.5, 0.62, 0.75, 0.0)):
('K.90 Musicalion', 'P1', 1, (58, 66), (5,), (4.75,), (6,), (2.0,))
('K.90 Musicalion', 'P1', 1, (149, 157), (12,), (2.75,), (12,), (4.0,))

26.    ((2, 2, -3, 4, 2, 2, -3, 4), (0.5, 0.5, 0.5, 0.5, 0.5, 0.5, 0.5, 0.5), (0.0, 0.5, 0.0, 0.5, 0.0, 0.5, 0.0, 0.5)):
('K.90 Musicalion', 'P1', 3, (108, 116), (14,), (1.0,), (14,), (4.5,))
('K.90 Musicalion', 'P1', 3, (192, 200), (24,), (3.0,), (25,), (2.5,))

27.    ((2, 2, 2, 2, -2, -2, -2), (0.12, 0.12, 0.38, 0.12, 0.38, 0.12, 0.38), (0.0, 0.12, 0.25, 0.62, 0.75, 0.12, 0.25)):
('K.90 Musicalion', 'P1', 1, (81, 88), (8,), (1.0,), (8,), (2.25,))
('K.90 Musicalion', 'P1', 1, (93, 100), (9,), (1.0,), (9,), (2.25,))

28.    ((4, 3, 2, 2, -5, 3, 2), (0.5, 0.5, 0.5, 0.5, 0.5, 0.5, 0.5), (0.5, 0.0, 0.5, 0.0, 0.5, 0.0, 0.5)):
('K.90 Musicalion', 'P1', 3, (83, 90), (10,), (4.5,), (11,), (3.5,))
('K.90 Musicalion', 'P1', 3, (171, 178), (21,), (4.5,), (22,), (3.5,))

29.    ((2, -2, -2, 1, 2, -2), (0.25, 0.25, 0.25, 0.25, 0.25, 0.25), (0.25, 0.5, 0.75, 0.0, 0.25, 0.5)):
('K.90 Musicalion', 'P1', 1, (859, 865), (141,), (2.25,), (142,), (1.5,))
('K.90 Musicalion', 'P1', 1, (867, 873), (142,), (2.25,), (143,), (1.5,))

30.    ((-2, -2, -2, -2, 2, -5), (0.25, 0.25, 0.25, 0.25, 0.5, 0.5), (0.0, 0.25, 0.5, 0.75, 0.0, 0.5)):
('K.90 Musicalion', 'P1', 1, (584, 590), (89,), (1.0,), (89,), (2.5,))
('K.90 Musicalion', 'P1', 3, (421, 427), (89,), (1.0,), (89,), (2.5,))

31.    ((8, -2, -2, -2, -2, -2), (0.5, 0.5, 0.5, 0.5, 0.5, 0.5), (0.0, 0.5, 0.0, 0.5, 0.0, 0.5)):
('K.90 Musicalion', 'P1', 3, (162, 168), (20,), (4.0,), (21,), (2.5,))
('K.90 Musicalion', 'P1', 3, (531, 537), (121,), (1.0,), (122,), (1.5,))

32.    ((2, -2, 8, -2, -2, -2), (3.0, 3.0, 1.0, 1.0, 1.0, 1.0), (0.0, 0.0, 0.0, 0.0, 0.0, 0.0)):
('K.90 Musicalion', 'P1', 3, (789, 795), (189,), (1.0,), (192,), (1.0,))
('K.90 Musicalion', 'P1', 3, (825, 831), (209,), (1.0,), (212,), (1.0,))

33.    ((8, -2, -2, -2, -2), (1.0, 0.5, 0.5, 0.5, 0.5), (0.0, 0.0, 0.5, 0.0, 0.5)):
('K.90 Musicalion', 'P1', 1, (1159, 1164), (185,), (1.0,), (185,), (3.5,))
('K.90 Musicalion', 'P1', 1, (1164, 1169), (186,), (1.0,), (186,), (3.5,))
('K.90 Musicalion', 'P1', 1, (1237, 1242), (206,), (1.0,), (206,), (3.5,))
('K.90 Musicalion', 'P1', 3, (819, 824), (207,), (1.0,), (207,), (3.5,))

34.    ((-2, -2, -2, -2, -2), (1.0, 1.0, 1.0, 1.0, 1.0), (0.0, 0.0, 0.0, 0.0, 0.0)):
('K.90 Musicalion', 'P1', 1, (1041, 1046), (172,), (10.0,), (173,), (2.0,))
('K.90 Musicalion', 'P1', 1, (1067, 1072), (174,), (12.0,), (175,), (4.0,))
('K.90 Musicalion', 'P1', 3, (828, 833), (211,), (2.0,), (212,), (3.0,))

35.    ((3, 3, -2, 3, 3), (0.12, 0.12, 1.75, 0.12, 0.12), (0.0, 0.12, 0.25, 0.0, 0.12)):
('K.90 Musicalion', 'P1', 1, (161, 166), (13,), (3.0,), (14,), (1.12,))
('K.90 Musicalion', 'P1', 1, (270, 275), (24,), (3.0,), (25,), (1.12,))

36.    ((2, 2, 2, 2, 2), (0.75, 0.06, 0.06, 0.06, 0.06), (0.0, 0.75, 0.81, 0.88, 0.94)):
('K.90 Musicalion', 'P1', 1, (406, 411), (51,), (1.0,), (51,), (1.94,))
('K.90 Musicalion', 'P1', 1, (565, 570), (85,), (1.0,), (85,), (1.94,))

37.    ((-3, -2, -2, -2, -2), (1.0, 0.5, 0.5, 0.5, 0.5), (0.0, 0.0, 0.5, 0.0, 0.5)):
('K.90 Musicalion', 'P1', 1, (1227, 1232), (204,), (1.0,), (204,), (3.5,))
('K.90 Musicalion', 'P1', 1, (1242, 1247), (207,), (1.0,), (207,), (3.5,))

38.    ((-2, -2, -2, -2, -4), (1.0, 1.0, 1.0, 1.0, 1.0), (0.0, 0.0, 0.0, 0.0, 0.0)):
('K.90 Musicalion', 'P1', 1, (1189, 1194), (193,), (2.0,), (194,), (3.0,))
('K.90 Musicalion', 'P1', 3, (798, 803), (193,), (2.0,), (194,), (3.0,))

39.    ((2, -6, 2, 2, -5), (1.0, 0.5, 0.5, 0.5, 0.5), (0.0, 0.0, 0.5, 0.0, 0.5)):
('K.90 Musicalion', 'P1', 3, (259, 264), (41,), (2.0,), (42,), (2.5,))
('K.90 Musicalion', 'P1', 3, (337, 342), (63,), (2.0,), (64,), (2.5,))

40.    ((-2, -2, -2, -2), (0.5, 0.5, 0.5, 0.5), (0.0, 0.5, 0.0, 0.5)):
('K.90 Musicalion', 'P1', 1, (1155, 1159), (184,), (2.0,), (184,), (3.5,))
('K.90 Musicalion', 'P1', 1, (1220, 1224), (202,), (2.0,), (202,), (3.5,))
('K.90 Musicalion', 'P1', 1, (1228, 1232), (204,), (2.0,), (204,), (3.5,))
('K.90 Musicalion', 'P1', 1, (1233, 1237), (205,), (2.0,), (205,), (3.5,))
('K.90 Musicalion', 'P1', 1, (1243, 1247), (207,), (2.0,), (207,), (3.5,))
('K.90 Musicalion', 'P1', 3, (164, 168), (21,), (1.0,), (21,), (2.5,))
('K.90 Musicalion', 'P1', 3, (288, 292), (51,), (1.0,), (51,), (2.5,))
('K.90 Musicalion', 'P1', 3, (455, 459), (101,), (2.0,), (102,), (1.5,))
('K.90 Musicalion', 'P1', 3, (459, 463), (102,), (2.0,), (103,), (1.5,))
('K.90 Musicalion', 'P1', 3, (463, 467), (103,), (2.0,), (104,), (1.5,))
('K.90 Musicalion', 'P1', 3, (471, 475), (105,), (2.0,), (106,), (1.5,))
('K.90 Musicalion', 'P1', 3, (533, 537), (121,), (2.0,), (122,), (1.5,))
('K.90 Musicalion', 'P1', 3, (547, 551), (125,), (2.0,), (126,), (1.5,))
('K.90 Musicalion', 'P1', 3, (783, 787), (187,), (1.0,), (187,), (2.5,))

41.    ((-2, -2, -2, 2), (1.0, 1.0, 1.0, 1.0), (0.0, 0.0, 0.0, 0.0)):
('K.90 Musicalion', 'P1', 1, (1006, 1010), (169,), (8.0,), (169,), (11.0,))
('K.90 Musicalion', 'P1', 1, (1012, 1016), (170,), (2.0,), (170,), (5.0,))
('K.90 Musicalion', 'P1', 1, (1055, 1059), (173,), (12.0,), (174,), (3.0,))
('K.90 Musicalion', 'P1', 1, (1059, 1063), (174,), (4.0,), (174,), (7.0,))
('K.90 Musicalion', 'P1', 1, (1114, 1118), (180,), (2.0,), (180,), (5.0,))
('K.90 Musicalion', 'P1', 1, (1120, 1124), (180,), (8.0,), (180,), (11.0,))
('K.90 Musicalion', 'P1', 1, (1127, 1131), (181,), (3.0,), (181,), (6.0,))
('K.90 Musicalion', 'P1', 3, (792, 796), (191,), (2.0,), (192,), (2.0,))

42.    ((-2, -2, 2, 2), (0.5, 0.5, 0.5, 0.5), (0.0, 0.5, 0.0, 0.5)):
('K.90 Musicalion', 'P1', 1, (1184, 1188), (192,), (2.0,), (192,), (3.5,))
('K.90 Musicalion', 'P1', 1, (1260, 1264), (212,), (2.0,), (212,), (3.5,))
('K.90 Musicalion', 'P1', 3, (190, 194), (24,), (2.0,), (24,), (3.5,))

43.    ((-2, -2, -4, 2), (0.12, 0.12, 0.25, 0.25), (0.0, 0.12, 0.25, 0.5)):
('K.90 Musicalion', 'P1', 1, (106, 110), (10,), (1.0,), (10,), (1.5,))
('K.90 Musicalion', 'P1', 1, (114, 118), (10,), (3.0,), (10,), (3.5,))

44.    ((2, 2, 2, 2), (0.12, 0.12, 0.12, 0.12), (0.0, 0.12, 0.25, 0.38)):
('K.90 Musicalion', 'P1', 1, (477, 481), (66,), (1.0,), (66,), (1.38,))
('K.90 Musicalion', 'P1', 1, (486, 490), (68,), (1.0,), (68,), (1.38,))

45.    ((2, -2, -2, 2), (0.5, 0.5, 0.25, 0.25), (0.5, 0.0, 0.5, 0.75)):
('K.90 Musicalion', 'P1', 1, (572, 576), (86,), (1.5,), (86,), (2.75,))
('K.90 Musicalion', 'P1', 1, (693, 697), (110,), (1.5,), (110,), (2.75,))

46.    ((-2, 1, -2, 1), (0.25, 0.25, 0.25, 0.25), (0.0, 0.25, 0.5, 0.75)):
('K.90 Musicalion', 'P1', 1, (672, 676), (106,), (1.0,), (106,), (1.75,))
('K.90 Musicalion', 'P1', 1, (676, 680), (106,), (2.0,), (106,), (2.75,))

47.    ((-2, -2, -2, 2), (0.5, 0.5, 0.5, 0.5), (0.0, 0.5, 0.0, 0.5)):
('K.90 Musicalion', 'P1', 1, (1206, 1210), (198,), (2.0,), (198,), (3.5,))
('K.90 Musicalion', 'P1', 3, (21, 25), (3,), (3.0,), (3,), (4.5,))

48.    ((-8, 2, 2, -3), (0.5, 0.25, 0.25, 0.5), (0.0, 0.5, 0.75, 0.0)):
('K.90 Musicalion', 'P1', 3, (0, 4), (1,), (1.0,), (1,), (2.0,))
('K.90 Musicalion', 'P1', 3, (45, 49), (6,), (3.0,), (6,), (4.0,))

49.    ((3, 2, -8, 1), (0.5, 0.5, 0.5, 0.5), (0.0, 0.5, 0.0, 0.5)):
('K.90 Musicalion', 'P1', 3, (537, 541), (122,), (2.0,), (123,), (1.5,))
('K.90 Musicalion', 'P1', 3, (612, 616), (142,), (2.0,), (143,), (1.5,))

50.    ((-3, 4, -8, 2), (3.0, 3.0, 3.0, 3.0), (0.0, 0.0, 0.0, 0.0)):
('K.90 Musicalion', 'P1', 3, (751, 755), (177,), (7.0,), (178,), (4.0,))
('K.90 Musicalion', 'P1', 3, (815, 819), (203,), (1.0,), (206,), (1.0,))

51.    ((-2, -2, 2), (0.5, 0.5, 0.5), (0.5, 0.0, 0.5)):
('K.90 Musicalion', 'P1', 1, (241, 244), (21,), (1.5,), (21,), (2.5,))
('K.90 Musicalion', 'P1', 3, (75, 78), (9,), (4.5,), (10,), (1.5,))
('K.90 Musicalion', 'P1', 3, (242, 245), (37,), (1.5,), (37,), (2.5,))
('K.90 Musicalion', 'P1', 3, (321, 324), (59,), (1.5,), (59,), (2.5,))
('K.90 Musicalion', 'P1', 3, (367, 370), (74,), (1.5,), (74,), (2.5,))
('K.90 Musicalion', 'P1', 3, (446, 449), (99,), (1.5,), (99,), (2.5,))

52.    ((-8, 1, 1), (0.5, 0.5, 0.5), (0.0, 0.5, 0.0)):
('K.90 Musicalion', 'P1', 1, (297, 300), (28,), (1.0,), (28,), (2.0,))
('K.90 Musicalion', 'P1', 3, (527, 530), (120,), (1.0,), (120,), (2.0,))
('K.90 Musicalion', 'P1', 3, (614, 617), (143,), (1.0,), (143,), (2.0,))
('K.90 Musicalion', 'P1', 3, (626, 629), (146,), (1.0,), (146,), (2.0,))
('K.90 Musicalion', 'P1', 3, (634, 637), (148,), (1.0,), (148,), (2.0,))
('K.90 Musicalion', 'P1', 3, (646, 649), (151,), (1.0,), (151,), (2.0,))

53.    ((-2, -2, -2), (0.5, 0.5, 0.5), (0.0, 0.5, 0.0)):
('K.90 Musicalion', 'P1', 1, (1196, 1199), (196,), (2.0,), (196,), (3.0,))
('K.90 Musicalion', 'P1', 1, (1201, 1204), (197,), (2.0,), (197,), (3.0,))
('K.90 Musicalion', 'P1', 1, (1265, 1268), (213,), (2.0,), (213,), (3.0,))
('K.90 Musicalion', 'P1', 3, (50, 53), (7,), (1.0,), (7,), (2.0,))
('K.90 Musicalion', 'P1', 3, (292, 295), (52,), (1.0,), (52,), (2.0,))

54.    ((3, 3, -6), (0.12, 0.12, 1.5), (0.0, 0.12, 0.25)):
('K.90 Musicalion', 'P1', 1, (31, 34), (4,), (1.0,), (4,), (1.25,))
('K.90 Musicalion', 'P1', 1, (55, 58), (5,), (3.0,), (5,), (3.25,))

55.    ((2, 2, 2), (0.12, 0.12, 0.25), (0.0, 0.12, 0.25)):
('K.90 Musicalion', 'P1', 1, (233, 236), (20,), (3.0,), (20,), (3.25,))
('K.90 Musicalion', 'P1', 1, (397, 400), (49,), (1.0,), (49,), (1.25,))

56.    ((2, 2, -5), (1.0, 1.0, 1.0), (0.0, 0.0, 0.0)):
('K.90 Musicalion', 'P1', 1, (1102, 1105), (178,), (10.0,), (178,), (12.0,))
('K.90 Musicalion', 'P1', 3, (838, 841), (214,), (1.0,), (214,), (3.0,))

57.    ((-2, -2, -3), (0.5, 0.5, 0.5), (0.0, 0.5, 0.0)):
('K.90 Musicalion', 'P1', 3, (62, 65), (8,), (2.0,), (8,), (3.0,))
('K.90 Musicalion', 'P1', 3, (405, 408), (85,), (1.0,), (85,), (2.0,))

58.    ((1, 1, 1), (0.5, 0.5, 0.5), (0.0, 0.5, 0.0)):
('K.90 Musicalion', 'P1', 3, (219, 222), (28,), (1.0,), (28,), (2.0,))
('K.90 Musicalion', 'P1', 3, (507, 510), (115,), (1.0,), (115,), (2.0,))

59.    ((2, 2, 2), (0.5, 1.0, 1.0), (0.5, 0.0, 0.0)):
('K.90 Musicalion', 'P1', 3, (484, 487), (108,), (2.5,), (109,), (2.0,))
('K.90 Musicalion', 'P1', 3, (837, 840), (213,), (3.5,), (214,), (2.0,))

60.    ((2, 2, -3), (3.0, 3.0, 3.0), (0.0, 0.0, 0.0)):
('K.90 Musicalion', 'P1', 3, (725, 728), (170,), (10.0,), (171,), (4.0,))
('K.90 Musicalion', 'P1', 3, (768, 771), (181,), (10.0,), (182,), (4.0,))

61.    ((2, 2), (1.0, 1.0), (0.0, 0.0)):
('K.90 Musicalion', 'P1', 1, (1018, 1020), (170,), (10.0,), (170,), (11.0,))
('K.90 Musicalion', 'P1', 1, (1024, 1026), (171,), (4.0,), (171,), (5.0,))
('K.90 Musicalion', 'P1', 1, (1029, 1031), (171,), (10.0,), (171,), (11.0,))
('K.90 Musicalion', 'P1', 1, (1035, 1037), (172,), (4.0,), (172,), (5.0,))
('K.90 Musicalion', 'P1', 1, (1050, 1052), (173,), (7.0,), (173,), (8.0,))
('K.90 Musicalion', 'P1', 1, (1052, 1054), (173,), (9.0,), (173,), (10.0,))
('K.90 Musicalion', 'P1', 1, (1063, 1065), (174,), (8.0,), (174,), (9.0,))
('K.90 Musicalion', 'P1', 1, (1065, 1067), (174,), (10.0,), (174,), (11.0,))
('K.90 Musicalion', 'P1', 1, (1081, 1083), (176,), (11.0,), (176,), (12.0,))
('K.90 Musicalion', 'P1', 1, (1083, 1085), (177,), (1.0,), (177,), (2.0,))
('K.90 Musicalion', 'P1', 1, (1090, 1092), (177,), (10.0,), (177,), (11.0,))
('K.90 Musicalion', 'P1', 1, (1124, 1126), (180,), (12.0,), (181,), (1.0,))
('K.90 Musicalion', 'P1', 1, (1133, 1135), (181,), (10.0,), (181,), (11.0,))
('K.90 Musicalion', 'P1', 1, (1139, 1141), (182,), (4.0,), (182,), (5.0,))
('K.90 Musicalion', 'P1', 1, (1144, 1146), (182,), (10.0,), (182,), (11.0,))
('K.90 Musicalion', 'P1', 1, (1150, 1152), (183,), (4.0,), (183,), (5.0,))
('K.90 Musicalion', 'P1', 3, (336, 338), (63,), (1.0,), (63,), (2.0,))
('K.90 Musicalion', 'P1', 3, (485, 487), (109,), (1.0,), (109,), (2.0,))

62.    ((-2, -2), (0.5, 0.5), (0.0, 0.5)):
('K.90 Musicalion', 'P1', 1, (138, 140), (11,), (4.0,), (11,), (4.5,))
('K.90 Musicalion', 'P1', 1, (156, 158), (12,), (4.0,), (12,), (4.5,))
('K.90 Musicalion', 'P1', 1, (282, 284), (25,), (4.0,), (25,), (4.5,))
('K.90 Musicalion', 'P1', 1, (324, 326), (34,), (2.0,), (34,), (2.5,))
('K.90 Musicalion', 'P1', 1, (613, 615), (96,), (2.0,), (96,), (2.5,))
('K.90 Musicalion', 'P1', 3, (25, 27), (4,), (1.0,), (4,), (1.5,))
('K.90 Musicalion', 'P1', 3, (66, 68), (8,), (4.0,), (8,), (4.5,))
('K.90 Musicalion', 'P1', 3, (120, 122), (15,), (3.0,), (15,), (3.5,))
('K.90 Musicalion', 'P1', 3, (128, 130), (16,), (3.0,), (16,), (3.5,))
('K.90 Musicalion', 'P1', 3, (216, 218), (27,), (3.0,), (27,), (3.5,))
('K.90 Musicalion', 'P1', 3, (348, 350), (67,), (2.0,), (67,), (2.5,))
('K.90 Musicalion', 'P1', 3, (405, 407), (85,), (1.0,), (85,), (1.5,))
('K.90 Musicalion', 'P1', 3, (467, 469), (104,), (2.0,), (104,), (2.5,))
('K.90 Musicalion', 'P1', 3, (475, 477), (106,), (2.0,), (106,), (2.5,))

63.    ((2, -6), (0.5, 0.5), (0.5, 0.0)):
('K.90 Musicalion', 'P1', 1, (308, 310), (30,), (2.5,), (31,), (1.0,))
('K.90 Musicalion', 'P1', 1, (316, 318), (32,), (2.5,), (33,), (1.0,))
('K.90 Musicalion', 'P1', 1, (597, 599), (92,), (2.5,), (93,), (1.0,))
('K.90 Musicalion', 'P1', 1, (605, 607), (94,), (2.5,), (95,), (1.0,))
('K.90 Musicalion', 'P1', 3, (28, 30), (4,), (2.5,), (4,), (3.0,))
('K.90 Musicalion', 'P1', 3, (123, 125), (15,), (4.5,), (16,), (1.0,))
('K.90 Musicalion', 'P1', 3, (131, 133), (16,), (4.5,), (17,), (1.0,))

64.    ((2, 2), (0.12, 0.12), (0.0, 0.12)):
('K.90 Musicalion', 'P1', 1, (140, 142), (12,), (1.0,), (12,), (1.12,))
('K.90 Musicalion', 'P1', 1, (230, 232), (20,), (1.0,), (20,), (1.12,))
('K.90 Musicalion', 'P1', 1, (267, 269), (24,), (1.0,), (24,), (1.12,))
('K.90 Musicalion', 'P1', 1, (288, 290), (27,), (1.0,), (27,), (1.12,))

65.    ((2, 2), (0.25, 0.25), (0.0, 0.25)):
('K.90 Musicalion', 'P1', 1, (483, 485), (67,), (1.0,), (67,), (1.25,))
('K.90 Musicalion', 'P1', 1, (532, 534), (77,), (1.0,), (77,), (1.25,))
('K.90 Musicalion', 'P1', 1, (781, 783), (126,), (2.0,), (126,), (2.25,))
('K.90 Musicalion', 'P1', 1, (899, 901), (148,), (1.0,), (148,), (1.25,))

66.    ((1, -2), (0.5, 0.5), (0.5, 0.0)):
('K.90 Musicalion', 'P1', 1, (77, 79), (7,), (2.5,), (7,), (3.0,))
('K.90 Musicalion', 'P1', 1, (416, 418), (52,), (2.5,), (53,), (1.0,))
('K.90 Musicalion', 'P1', 1, (755, 757), (122,), (2.5,), (123,), (1.0,))
('K.90 Musicalion', 'P1', 3, (61, 63), (8,), (1.5,), (8,), (2.0,))

67.    ((6, 2), (0.5, 0.5), (0.0, 0.5)):
('K.90 Musicalion', 'P1', 1, (365, 367), (42,), (2.0,), (42,), (2.5,))
('K.90 Musicalion', 'P1', 1, (472, 474), (64,), (2.0,), (64,), (2.5,))
('K.90 Musicalion', 'P1', 1, (980, 982), (163,), (2.0,), (163,), (2.5,))
('K.90 Musicalion', 'P1', 3, (477, 479), (107,), (1.0,), (107,), (1.5,))

68.    ((2, 2), (0.25, 0.25), (0.5, 0.75)):
('K.90 Musicalion', 'P1', 1, (752, 754), (122,), (1.5,), (122,), (1.75,))
('K.90 Musicalion', 'P1', 1, (779, 781), (126,), (1.5,), (126,), (1.75,))
('K.90 Musicalion', 'P1', 3, (1, 3), (1,), (1.5,), (1,), (1.75,))
('K.90 Musicalion', 'P1', 3, (46, 48), (6,), (3.5,), (6,), (3.75,))

69.    ((-2, 2), (0.25, 0.25), (0.5, 0.75)):
('K.90 Musicalion', 'P1', 1, (29, 31), (3,), (4.5,), (3,), (4.75,))
('K.90 Musicalion', 'P1', 1, (806, 808), (131,), (2.5,), (131,), (2.75,))
('K.90 Musicalion', 'P1', 3, (56, 58), (7,), (3.5,), (7,), (3.75,))

70.    ((-5, 2), (0.5, 0.5), (0.0, 0.5)):
('K.90 Musicalion', 'P1', 1, (571, 573), (86,), (1.0,), (86,), (1.5,))
('K.90 Musicalion', 'P1', 3, (41, 43), (6,), (1.0,), (6,), (1.5,))
('K.90 Musicalion', 'P1', 3, (200, 202), (25,), (3.0,), (25,), (3.5,))

71.    ((2, 2), (0.25, 0.12), (0.0, 0.25)):
('K.90 Musicalion', 'P1', 1, (25, 27), (3,), (3.0,), (3,), (3.25,))
('K.90 Musicalion', 'P1', 1, (222, 224), (19,), (1.0,), (19,), (1.25,))

72.    ((2, 2), (0.12, 0.12), (0.5, 0.62)):
('K.90 Musicalion', 'P1', 1, (120, 122), (10,), (4.5,), (10,), (4.62,))
('K.90 Musicalion', 'P1', 1, (143, 145), (12,), (1.5,), (12,), (1.62,))

73.    ((4, -2), (1.0, 0.5), (0.5, 0.5)):
('K.90 Musicalion', 'P1', 1, (418, 420), (53,), (1.5,), (53,), (2.5,))
('K.90 Musicalion', 'P1', 1, (481, 483), (66,), (1.5,), (66,), (2.5,))

74.    ((-4, -5), (3.0, 3.0), (0.0, 0.0)):
('K.90 Musicalion', 'P1', 1, (1003, 1005), (169,), (1.0,), (169,), (4.0,))
('K.90 Musicalion', 'P1', 1, (1075, 1077), (176,), (1.0,), (176,), (4.0,))

75.    ((3, 4), (1.0, 1.0), (0.0, 0.0)):
('K.90 Musicalion', 'P1', 1, (1210, 1212), (199,), (1.0,), (199,), (2.0,))
('K.90 Musicalion', 'P1', 1, (1225, 1227), (203,), (2.0,), (203,), (3.0,))

76.    ((-2, 8), (0.5, 0.5), (0.5, 0.0)):
('K.90 Musicalion', 'P1', 1, (554, 556), (82,), (1.5,), (82,), (2.0,))
('K.90 Musicalion', 'P1', 3, (530, 532), (120,), (2.5,), (121,), (1.0,))

77.    ((4, 2), (0.5, 0.5), (0.0, 0.5)):
('K.90 Musicalion', 'P1', 1, (692, 694), (110,), (1.0,), (110,), (1.5,))
('K.90 Musicalion', 'P1', 3, (96, 98), (12,), (3.0,), (12,), (3.5,))

78.    ((3, 2), (1.0, 1.0), (0.0, 0.0)):
('K.90 Musicalion', 'P1', 1, (1095, 1097), (178,), (3.0,), (178,), (4.0,))
('K.90 Musicalion', 'P1', 3, (565, 567), (130,), (1.0,), (130,), (2.0,))

79.    ((-4, -5), (1.5, 0.5), (0.0, 0.5)):
('K.90 Musicalion', 'P1', 3, (224, 226), (30,), (1.0,), (30,), (2.5,))
('K.90 Musicalion', 'P1', 3, (428, 430), (92,), (1.0,), (92,), (2.5,))

80.    ((3, -3), (0.5, 0.5), (0.0, 0.5)):
('K.90 Musicalion', 'P1', 3, (491, 493), (111,), (1.0,), (111,), (1.5,))
('K.90 Musicalion', 'P1', 3, (650, 652), (152,), (1.0,), (152,), (1.5,))

81.    ((-2, 2), (3.0, 3.0), (0.0, 0.0)):
('K.90 Musicalion', 'P1', 3, (718, 720), (169,), (1.0,), (169,), (4.0,))
('K.90 Musicalion', 'P1', 3, (745, 747), (176,), (1.0,), (176,), (4.0,))

82.    ((4, 2), (3.0, 3.0), (0.0, 0.0)):
('K.90 Musicalion', 'P1', 3, (729, 731), (171,), (10.0,), (172,), (1.0,))
('K.90 Musicalion', 'P1', 3, (804, 806), (196,), (1.0,), (197,), (1.0,))

83.    ((2, -5), (3.0, 3.0), (0.0, 0.0)):
('K.90 Musicalion', 'P1', 3, (773, 775), (183,), (1.0,), (183,), (4.0,))
('K.90 Musicalion', 'P1', 3, (806, 808), (198,), (1.0,), (199,), (1.0,))

84.    ((2,), (0.5,), (0.5,)):
('K.90 Musicalion', 'P1', 1, (24, 25), (3,), (2.5,), (3,), (2.5,))
('K.90 Musicalion', 'P1', 1, (80, 81), (7,), (4.5,), (7,), (4.5,))
('K.90 Musicalion', 'P1', 1, (291, 292), (27,), (2.5,), (27,), (2.5,))
('K.90 Musicalion', 'P1', 1, (312, 313), (31,), (2.5,), (31,), (2.5,))
('K.90 Musicalion', 'P1', 1, (320, 321), (33,), (2.5,), (33,), (2.5,))
('K.90 Musicalion', 'P1', 1, (329, 330), (35,), (2.5,), (35,), (2.5,))
('K.90 Musicalion', 'P1', 1, (340, 341), (37,), (2.5,), (37,), (2.5,))
('K.90 Musicalion', 'P1', 1, (436, 437), (57,), (2.5,), (57,), (2.5,))
('K.90 Musicalion', 'P1', 1, (447, 448), (59,), (2.5,), (59,), (2.5,))
('K.90 Musicalion', 'P1', 1, (601, 602), (93,), (2.5,), (93,), (2.5,))
('K.90 Musicalion', 'P1', 1, (609, 610), (95,), (2.5,), (95,), (2.5,))
('K.90 Musicalion', 'P1', 1, (618, 619), (97,), (2.5,), (97,), (2.5,))
('K.90 Musicalion', 'P1', 1, (629, 630), (99,), (2.5,), (99,), (2.5,))
('K.90 Musicalion', 'P1', 3, (20, 21), (3,), (2.5,), (3,), (2.5,))
('K.90 Musicalion', 'P1', 3, (30, 31), (4,), (3.5,), (4,), (3.5,))
('K.90 Musicalion', 'P1', 3, (34, 35), (5,), (1.5,), (5,), (1.5,))
('K.90 Musicalion', 'P1', 3, (40, 41), (5,), (4.5,), (5,), (4.5,))
('K.90 Musicalion', 'P1', 3, (59, 60), (7,), (4.5,), (7,), (4.5,))
('K.90 Musicalion', 'P1', 3, (71, 72), (9,), (2.5,), (9,), (2.5,))
('K.90 Musicalion', 'P1', 3, (81, 82), (10,), (3.5,), (10,), (3.5,))
('K.90 Musicalion', 'P1', 3, (85, 86), (11,), (1.5,), (11,), (1.5,))
('K.90 Musicalion', 'P1', 3, (89, 90), (11,), (3.5,), (11,), (3.5,))
('K.90 Musicalion', 'P1', 3, (95, 96), (12,), (2.5,), (12,), (2.5,))
('K.90 Musicalion', 'P1', 3, (117, 118), (15,), (1.5,), (15,), (1.5,))
('K.90 Musicalion', 'P1', 3, (125, 126), (16,), (1.5,), (16,), (1.5,))
('K.90 Musicalion', 'P1', 3, (133, 134), (17,), (1.5,), (17,), (1.5,))
('K.90 Musicalion', 'P1', 3, (173, 174), (22,), (1.5,), (22,), (1.5,))
('K.90 Musicalion', 'P1', 3, (177, 178), (22,), (3.5,), (22,), (3.5,))
('K.90 Musicalion', 'P1', 3, (211, 212), (26,), (4.5,), (26,), (4.5,))
('K.90 Musicalion', 'P1', 3, (213, 214), (27,), (1.5,), (27,), (1.5,))
('K.90 Musicalion', 'P1', 3, (227, 228), (31,), (2.5,), (31,), (2.5,))
('K.90 Musicalion', 'P1', 3, (229, 230), (32,), (2.5,), (32,), (2.5,))
('K.90 Musicalion', 'P1', 3, (231, 232), (33,), (2.5,), (33,), (2.5,))
('K.90 Musicalion', 'P1', 3, (250, 251), (39,), (1.5,), (39,), (1.5,))
('K.90 Musicalion', 'P1', 3, (254, 255), (40,), (1.5,), (40,), (1.5,))
('K.90 Musicalion', 'P1', 3, (261, 262), (42,), (1.5,), (42,), (1.5,))
('K.90 Musicalion', 'P1', 3, (285, 286), (50,), (1.5,), (50,), (1.5,))
('K.90 Musicalion', 'P1', 3, (287, 288), (50,), (2.5,), (50,), (2.5,))
('K.90 Musicalion', 'P1', 3, (299, 300), (53,), (2.5,), (53,), (2.5,))
('K.90 Musicalion', 'P1', 3, (329, 330), (61,), (1.5,), (61,), (1.5,))
('K.90 Musicalion', 'P1', 3, (333, 334), (62,), (1.5,), (62,), (1.5,))
('K.90 Musicalion', 'P1', 3, (339, 340), (64,), (1.5,), (64,), (1.5,))
('K.90 Musicalion', 'P1', 3, (351, 352), (68,), (1.5,), (68,), (1.5,))
('K.90 Musicalion', 'P1', 3, (398, 399), (83,), (1.5,), (83,), (1.5,))
('K.90 Musicalion', 'P1', 3, (402, 403), (84,), (1.5,), (84,), (1.5,))
('K.90 Musicalion', 'P1', 3, (408, 409), (85,), (2.5,), (85,), (2.5,))
('K.90 Musicalion', 'P1', 3, (416, 417), (87,), (2.5,), (87,), (2.5,))
('K.90 Musicalion', 'P1', 3, (418, 419), (88,), (1.5,), (88,), (1.5,))
('K.90 Musicalion', 'P1', 3, (431, 432), (93,), (2.5,), (93,), (2.5,))
('K.90 Musicalion', 'P1', 3, (433, 434), (94,), (2.5,), (94,), (2.5,))
('K.90 Musicalion', 'P1', 3, (435, 436), (95,), (2.5,), (95,), (2.5,))
('K.90 Musicalion', 'P1', 3, (480, 481), (107,), (2.5,), (107,), (2.5,))
('K.90 Musicalion', 'P1', 3, (482, 483), (108,), (1.5,), (108,), (1.5,))
('K.90 Musicalion', 'P1', 3, (484, 485), (108,), (2.5,), (108,), (2.5,))
('K.90 Musicalion', 'P1', 3, (538, 539), (122,), (2.5,), (122,), (2.5,))
('K.90 Musicalion', 'P1', 3, (574, 575), (132,), (2.5,), (132,), (2.5,))
('K.90 Musicalion', 'P1', 3, (582, 583), (134,), (2.5,), (134,), (2.5,))
('K.90 Musicalion', 'P1', 3, (600, 601), (139,), (1.5,), (139,), (1.5,))
('K.90 Musicalion', 'P1', 3, (604, 605), (140,), (1.5,), (140,), (1.5,))
('K.90 Musicalion', 'P1', 3, (613, 614), (142,), (2.5,), (142,), (2.5,))
('K.90 Musicalion', 'P1', 3, (619, 620), (144,), (1.5,), (144,), (1.5,))
('K.90 Musicalion', 'P1', 3, (637, 638), (148,), (2.5,), (148,), (2.5,))
('K.90 Musicalion', 'P1', 3, (641, 642), (149,), (2.5,), (149,), (2.5,))
('K.90 Musicalion', 'P1', 3, (657, 658), (153,), (2.5,), (153,), (2.5,))
('K.90 Musicalion', 'P1', 3, (665, 666), (155,), (2.5,), (155,), (2.5,))
('K.90 Musicalion', 'P1', 3, (683, 684), (160,), (1.5,), (160,), (1.5,))
('K.90 Musicalion', 'P1', 3, (687, 688), (161,), (1.5,), (161,), (1.5,))
('K.90 Musicalion', 'P1', 3, (694, 695), (163,), (1.5,), (163,), (1.5,))
('K.90 Musicalion', 'P1', 3, (700, 701), (164,), (2.5,), (164,), (2.5,))
('K.90 Musicalion', 'P1', 3, (702, 703), (165,), (1.5,), (165,), (1.5,))
('K.90 Musicalion', 'P1', 3, (837, 838), (213,), (3.5,), (213,), (3.5,))

85.    ((4,), (0.5,), (0.5,)):
('K.90 Musicalion', 'P1', 1, (475, 476), (65,), (1.5,), (65,), (1.5,))
('K.90 Musicalion', 'P1', 1, (1001, 1002), (167,), (2.5,), (167,), (2.5,))
('K.90 Musicalion', 'P1', 3, (44, 45), (6,), (2.5,), (6,), (2.5,))
('K.90 Musicalion', 'P1', 3, (83, 84), (10,), (4.5,), (10,), (4.5,))
('K.90 Musicalion', 'P1', 3, (99, 100), (12,), (4.5,), (12,), (4.5,))
('K.90 Musicalion', 'P1', 3, (103, 104), (13,), (2.5,), (13,), (2.5,))
('K.90 Musicalion', 'P1', 3, (111, 112), (14,), (2.5,), (14,), (2.5,))
('K.90 Musicalion', 'P1', 3, (115, 116), (14,), (4.5,), (14,), (4.5,))
('K.90 Musicalion', 'P1', 3, (151, 152), (19,), (2.5,), (19,), (2.5,))
('K.90 Musicalion', 'P1', 3, (155, 156), (19,), (4.5,), (19,), (4.5,))
('K.90 Musicalion', 'P1', 3, (171, 172), (21,), (4.5,), (21,), (4.5,))
('K.90 Musicalion', 'P1', 3, (183, 184), (23,), (2.5,), (23,), (2.5,))
('K.90 Musicalion', 'P1', 3, (187, 188), (23,), (4.5,), (23,), (4.5,))
('K.90 Musicalion', 'P1', 3, (195, 196), (24,), (4.5,), (24,), (4.5,))
('K.90 Musicalion', 'P1', 3, (199, 200), (25,), (2.5,), (25,), (2.5,))
('K.90 Musicalion', 'P1', 3, (203, 204), (25,), (4.5,), (25,), (4.5,))
('K.90 Musicalion', 'P1', 3, (207, 208), (26,), (2.5,), (26,), (2.5,))
('K.90 Musicalion', 'P1', 3, (236, 237), (35,), (2.5,), (35,), (2.5,))
('K.90 Musicalion', 'P1', 3, (240, 241), (36,), (2.5,), (36,), (2.5,))
('K.90 Musicalion', 'P1', 3, (248, 249), (38,), (2.5,), (38,), (2.5,))
('K.90 Musicalion', 'P1', 3, (258, 259), (41,), (1.5,), (41,), (1.5,))
('K.90 Musicalion', 'P1', 3, (311, 312), (56,), (2.5,), (56,), (2.5,))
('K.90 Musicalion', 'P1', 3, (315, 316), (57,), (2.5,), (57,), (2.5,))
('K.90 Musicalion', 'P1', 3, (319, 320), (58,), (2.5,), (58,), (2.5,))
('K.90 Musicalion', 'P1', 3, (327, 328), (60,), (2.5,), (60,), (2.5,))
('K.90 Musicalion', 'P1', 3, (375, 376), (76,), (2.5,), (76,), (2.5,))
('K.90 Musicalion', 'P1', 3, (440, 441), (97,), (2.5,), (97,), (2.5,))
('K.90 Musicalion', 'P1', 3, (444, 445), (98,), (2.5,), (98,), (2.5,))
('K.90 Musicalion', 'P1', 3, (452, 453), (100,), (2.5,), (100,), (2.5,))
('K.90 Musicalion', 'P1', 3, (470, 471), (105,), (1.5,), (105,), (1.5,))
('K.90 Musicalion', 'P1', 3, (498, 499), (112,), (2.5,), (112,), (2.5,))
('K.90 Musicalion', 'P1', 3, (506, 507), (114,), (2.5,), (114,), (2.5,))
('K.90 Musicalion', 'P1', 3, (514, 515), (116,), (2.5,), (116,), (2.5,))
('K.90 Musicalion', 'P1', 3, (552, 553), (126,), (2.5,), (126,), (2.5,))
('K.90 Musicalion', 'P1', 3, (625, 626), (145,), (2.5,), (145,), (2.5,))
('K.90 Musicalion', 'P1', 3, (633, 634), (147,), (2.5,), (147,), (2.5,))
('K.90 Musicalion', 'P1', 3, (649, 650), (151,), (2.5,), (151,), (2.5,))

86.    ((-2,), (0.5,), (0.5,)):
('K.90 Musicalion', 'P1', 1, (2, 3), (1,), (2.5,), (1,), (2.5,))
('K.90 Musicalion', 'P1', 1, (6, 7), (1,), (3.5,), (1,), (3.5,))
('K.90 Musicalion', 'P1', 1, (10, 11), (1,), (4.5,), (1,), (4.5,))
('K.90 Musicalion', 'P1', 1, (18, 19), (2,), (3.5,), (2,), (3.5,))
('K.90 Musicalion', 'P1', 1, (22, 23), (2,), (4.5,), (2,), (4.5,))
('K.90 Musicalion', 'P1', 1, (69, 70), (6,), (4.5,), (6,), (4.5,))
('K.90 Musicalion', 'P1', 1, (73, 74), (7,), (1.5,), (7,), (1.5,))
('K.90 Musicalion', 'P1', 1, (92, 93), (8,), (4.5,), (8,), (4.5,))
('K.90 Musicalion', 'P1', 1, (213, 214), (18,), (1.5,), (18,), (1.5,))
('K.90 Musicalion', 'P1', 1, (217, 218), (18,), (2.5,), (18,), (2.5,))
('K.90 Musicalion', 'P1', 1, (237, 238), (20,), (4.5,), (20,), (4.5,))
('K.90 Musicalion', 'P1', 1, (256, 257), (22,), (4.5,), (22,), (4.5,))
('K.90 Musicalion', 'P1', 1, (351, 352), (39,), (2.5,), (39,), (2.5,))
('K.90 Musicalion', 'P1', 1, (419, 420), (53,), (2.5,), (53,), (2.5,))
('K.90 Musicalion', 'P1', 1, (458, 459), (61,), (2.5,), (61,), (2.5,))
('K.90 Musicalion', 'P1', 1, (482, 483), (66,), (2.5,), (66,), (2.5,))
('K.90 Musicalion', 'P1', 1, (491, 492), (68,), (2.5,), (68,), (2.5,))
('K.90 Musicalion', 'P1', 3, (16, 17), (2,), (4.5,), (2,), (4.5,))
('K.90 Musicalion', 'P1', 3, (38, 39), (5,), (3.5,), (5,), (3.5,))
('K.90 Musicalion', 'P1', 3, (63, 64), (8,), (2.5,), (8,), (2.5,))
('K.90 Musicalion', 'P1', 3, (149, 150), (19,), (1.5,), (19,), (1.5,))
('K.90 Musicalion', 'P1', 3, (303, 304), (54,), (2.5,), (54,), (2.5,))
('K.90 Musicalion', 'P1', 3, (526, 527), (119,), (2.5,), (119,), (2.5,))
('K.90 Musicalion', 'P1', 3, (532, 533), (121,), (1.5,), (121,), (1.5,))
('K.90 Musicalion', 'P1', 3, (544, 545), (124,), (2.5,), (124,), (2.5,))
('K.90 Musicalion', 'P1', 3, (546, 547), (125,), (1.5,), (125,), (1.5,))
('K.90 Musicalion', 'P1', 3, (570, 571), (131,), (2.5,), (131,), (2.5,))
('K.90 Musicalion', 'P1', 3, (578, 579), (133,), (2.5,), (133,), (2.5,))
('K.90 Musicalion', 'P1', 3, (617, 618), (143,), (2.5,), (143,), (2.5,))
('K.90 Musicalion', 'P1', 3, (653, 654), (152,), (2.5,), (152,), (2.5,))
('K.90 Musicalion', 'P1', 3, (661, 662), (154,), (2.5,), (154,), (2.5,))

87.    ((1,), (0.5,), (0.0,)):
('K.90 Musicalion', 'P1', 1, (697, 698), (111,), (1.0,), (111,), (1.0,))
('K.90 Musicalion', 'P1', 3, (43, 44), (6,), (2.0,), (6,), (2.0,))
('K.90 Musicalion', 'P1', 3, (178, 179), (22,), (4.0,), (22,), (4.0,))
('K.90 Musicalion', 'P1', 3, (219, 220), (28,), (1.0,), (28,), (1.0,))
('K.90 Musicalion', 'P1', 3, (298, 299), (53,), (2.0,), (53,), (2.0,))
('K.90 Musicalion', 'P1', 3, (302, 303), (54,), (2.0,), (54,), (2.0,))
('K.90 Musicalion', 'P1', 3, (306, 307), (55,), (2.0,), (55,), (2.0,))
('K.90 Musicalion', 'P1', 3, (310, 311), (56,), (2.0,), (56,), (2.0,))
('K.90 Musicalion', 'P1', 3, (497, 498), (112,), (2.0,), (112,), (2.0,))
('K.90 Musicalion', 'P1', 3, (501, 502), (113,), (2.0,), (113,), (2.0,))
('K.90 Musicalion', 'P1', 3, (505, 506), (114,), (2.0,), (114,), (2.0,))
('K.90 Musicalion', 'P1', 3, (509, 510), (115,), (2.0,), (115,), (2.0,))
('K.90 Musicalion', 'P1', 3, (513, 514), (116,), (2.0,), (116,), (2.0,))
('K.90 Musicalion', 'P1', 3, (517, 518), (117,), (2.0,), (117,), (2.0,))
('K.90 Musicalion', 'P1', 3, (521, 522), (118,), (2.0,), (118,), (2.0,))
('K.90 Musicalion', 'P1', 3, (545, 546), (125,), (1.0,), (125,), (1.0,))
('K.90 Musicalion', 'P1', 3, (551, 552), (126,), (2.0,), (126,), (2.0,))
('K.90 Musicalion', 'P1', 3, (573, 574), (132,), (2.0,), (132,), (2.0,))
('K.90 Musicalion', 'P1', 3, (577, 578), (133,), (2.0,), (133,), (2.0,))
('K.90 Musicalion', 'P1', 3, (581, 582), (134,), (2.0,), (134,), (2.0,))
('K.90 Musicalion', 'P1', 3, (618, 619), (144,), (1.0,), (144,), (1.0,))
('K.90 Musicalion', 'P1', 3, (620, 621), (144,), (2.0,), (144,), (2.0,))
('K.90 Musicalion', 'P1', 3, (624, 625), (145,), (2.0,), (145,), (2.0,))
('K.90 Musicalion', 'P1', 3, (632, 633), (147,), (2.0,), (147,), (2.0,))
('K.90 Musicalion', 'P1', 3, (640, 641), (149,), (2.0,), (149,), (2.0,))
('K.90 Musicalion', 'P1', 3, (644, 645), (150,), (2.0,), (150,), (2.0,))
('K.90 Musicalion', 'P1', 3, (656, 657), (153,), (2.0,), (153,), (2.0,))
('K.90 Musicalion', 'P1', 3, (660, 661), (154,), (2.0,), (154,), (2.0,))
('K.90 Musicalion', 'P1', 3, (664, 665), (155,), (2.0,), (155,), (2.0,))

88.    ((-3,), (0.5,), (0.5,)):
('K.90 Musicalion', 'P1', 1, (379, 380), (45,), (2.5,), (45,), (2.5,))
('K.90 Musicalion', 'P1', 1, (389, 390), (47,), (2.5,), (47,), (2.5,))
('K.90 Musicalion', 'P1', 1, (504, 505), (71,), (2.5,), (71,), (2.5,))
('K.90 Musicalion', 'P1', 1, (514, 515), (73,), (2.5,), (73,), (2.5,))
('K.90 Musicalion', 'P1', 1, (524, 525), (75,), (2.5,), (75,), (2.5,))
('K.90 Musicalion', 'P1', 3, (234, 235), (35,), (1.5,), (35,), (1.5,))
('K.90 Musicalion', 'P1', 3, (238, 239), (36,), (1.5,), (36,), (1.5,))
('K.90 Musicalion', 'P1', 3, (246, 247), (38,), (1.5,), (38,), (1.5,))
('K.90 Musicalion', 'P1', 3, (313, 314), (57,), (1.5,), (57,), (1.5,))
('K.90 Musicalion', 'P1', 3, (317, 318), (58,), (1.5,), (58,), (1.5,))
('K.90 Musicalion', 'P1', 3, (325, 326), (60,), (1.5,), (60,), (1.5,))
('K.90 Musicalion', 'P1', 3, (410, 411), (86,), (1.5,), (86,), (1.5,))
('K.90 Musicalion', 'P1', 3, (414, 415), (87,), (1.5,), (87,), (1.5,))
('K.90 Musicalion', 'P1', 3, (438, 439), (97,), (1.5,), (97,), (1.5,))
('K.90 Musicalion', 'P1', 3, (442, 443), (98,), (1.5,), (98,), (1.5,))
('K.90 Musicalion', 'P1', 3, (450, 451), (100,), (1.5,), (100,), (1.5,))
('K.90 Musicalion', 'P1', 3, (488, 489), (110,), (1.5,), (110,), (1.5,))
('K.90 Musicalion', 'P1', 3, (492, 493), (111,), (1.5,), (111,), (1.5,))
('K.90 Musicalion', 'P1', 3, (494, 495), (111,), (2.5,), (111,), (2.5,))
('K.90 Musicalion', 'P1', 3, (611, 612), (142,), (1.5,), (142,), (1.5,))
('K.90 Musicalion', 'P1', 3, (651, 652), (152,), (1.5,), (152,), (1.5,))
('K.90 Musicalion', 'P1', 3, (698, 699), (164,), (1.5,), (164,), (1.5,))

89.    ((3,), (0.5,), (0.0,)):
('K.90 Musicalion', 'P1', 1, (119, 120), (10,), (4.0,), (10,), (4.0,))
('K.90 Musicalion', 'P1', 3, (19, 20), (3,), (2.0,), (3,), (2.0,))
('K.90 Musicalion', 'P1', 3, (27, 28), (4,), (2.0,), (4,), (2.0,))
('K.90 Musicalion', 'P1', 3, (33, 34), (5,), (1.0,), (5,), (1.0,))
('K.90 Musicalion', 'P1', 3, (35, 36), (5,), (2.0,), (5,), (2.0,))
('K.90 Musicalion', 'P1', 3, (39, 40), (5,), (4.0,), (5,), (4.0,))
('K.90 Musicalion', 'P1', 3, (84, 85), (11,), (1.0,), (11,), (1.0,))
('K.90 Musicalion', 'P1', 3, (88, 89), (11,), (3.0,), (11,), (3.0,))
('K.90 Musicalion', 'P1', 3, (122, 123), (15,), (4.0,), (15,), (4.0,))
('K.90 Musicalion', 'P1', 3, (130, 131), (16,), (4.0,), (16,), (4.0,))
('K.90 Musicalion', 'P1', 3, (172, 173), (22,), (1.0,), (22,), (1.0,))
('K.90 Musicalion', 'P1', 3, (176, 177), (22,), (3.0,), (22,), (3.0,))
('K.90 Musicalion', 'P1', 3, (417, 418), (88,), (1.0,), (88,), (1.0,))
('K.90 Musicalion', 'P1', 3, (491, 492), (111,), (1.0,), (111,), (1.0,))
('K.90 Musicalion', 'P1', 3, (537, 538), (122,), (2.0,), (122,), (2.0,))
('K.90 Musicalion', 'P1', 3, (612, 613), (142,), (2.0,), (142,), (2.0,))
('K.90 Musicalion', 'P1', 3, (650, 651), (152,), (1.0,), (152,), (1.0,))
('K.90 Musicalion', 'P1', 3, (693, 694), (163,), (1.0,), (163,), (1.0,))
('K.90 Musicalion', 'P1', 3, (701, 702), (165,), (1.0,), (165,), (1.0,))

90.    ((-8,), (0.5,), (0.0,)):
('K.90 Musicalion', 'P1', 1, (0, 1), (1,), (1.0,), (1,), (1.0,))
('K.90 Musicalion', 'P1', 3, (0, 1), (1,), (1.0,), (1,), (1.0,))
('K.90 Musicalion', 'P1', 3, (45, 46), (6,), (3.0,), (6,), (3.0,))
('K.90 Musicalion', 'P1', 3, (58, 59), (7,), (4.0,), (7,), (4.0,))
('K.90 Musicalion', 'P1', 3, (68, 69), (9,), (1.0,), (9,), (1.0,))
('K.90 Musicalion', 'P1', 3, (92, 93), (12,), (1.0,), (12,), (1.0,))
('K.90 Musicalion', 'P1', 3, (98, 99), (12,), (4.0,), (12,), (4.0,))
('K.90 Musicalion', 'P1', 3, (136, 137), (17,), (3.0,), (17,), (3.0,))
('K.90 Musicalion', 'P1', 3, (150, 151), (19,), (2.0,), (19,), (2.0,))
('K.90 Musicalion', 'P1', 3, (182, 183), (23,), (2.0,), (23,), (2.0,))
('K.90 Musicalion', 'P1', 3, (188, 189), (24,), (1.0,), (24,), (1.0,))
('K.90 Musicalion', 'P1', 3, (202, 203), (25,), (4.0,), (25,), (4.0,))
('K.90 Musicalion', 'P1', 3, (212, 213), (27,), (1.0,), (27,), (1.0,))
('K.90 Musicalion', 'P1', 3, (346, 347), (67,), (1.0,), (67,), (1.0,))
('K.90 Musicalion', 'P1', 3, (350, 351), (68,), (1.0,), (68,), (1.0,))
('K.90 Musicalion', 'P1', 3, (381, 382), (79,), (1.0,), (79,), (1.0,))

91.    ((-2,), (1.0,), (0.0,)):
('K.90 Musicalion', 'P1', 1, (287, 288), (26,), (4.0,), (26,), (4.0,))
('K.90 Musicalion', 'P1', 1, (558, 559), (83,), (2.0,), (83,), (2.0,))
('K.90 Musicalion', 'P1', 1, (570, 571), (85,), (2.0,), (85,), (2.0,))
('K.90 Musicalion', 'P1', 1, (577, 578), (87,), (2.0,), (87,), (2.0,))
('K.90 Musicalion', 'P1', 1, (851, 852), (139,), (2.0,), (139,), (2.0,))
('K.90 Musicalion', 'P1', 1, (966, 967), (160,), (2.0,), (160,), (2.0,))
('K.90 Musicalion', 'P1', 1, (983, 984), (164,), (2.0,), (164,), (2.0,))
('K.90 Musicalion', 'P1', 1, (1172, 1173), (188,), (2.0,), (188,), (2.0,))
('K.90 Musicalion', 'P1', 1, (1178, 1179), (190,), (2.0,), (190,), (2.0,))
('K.90 Musicalion', 'P1', 1, (1214, 1215), (200,), (2.0,), (200,), (2.0,))
('K.90 Musicalion', 'P1', 1, (1217, 1218), (201,), (2.0,), (201,), (2.0,))
('K.90 Musicalion', 'P1', 1, (1219, 1220), (202,), (1.0,), (202,), (1.0,))
('K.90 Musicalion', 'P1', 1, (1248, 1249), (208,), (2.0,), (208,), (2.0,))
('K.90 Musicalion', 'P1', 1, (1254, 1255), (210,), (2.0,), (210,), (2.0,))
('K.90 Musicalion', 'P1', 3, (218, 219), (27,), (4.0,), (27,), (4.0,))
('K.90 Musicalion', 'P1', 3, (809, 810), (200,), (3.0,), (200,), (3.0,))

92.    ((2,), (1.0,), (0.0,)):
('K.90 Musicalion', 'P1', 1, (1026, 1027), (171,), (6.0,), (171,), (6.0,))
('K.90 Musicalion', 'P1', 1, (1046, 1047), (173,), (3.0,), (173,), (3.0,))
('K.90 Musicalion', 'P1', 1, (1054, 1055), (173,), (11.0,), (173,), (11.0,))
('K.90 Musicalion', 'P1', 1, (1085, 1086), (177,), (3.0,), (177,), (3.0,))
('K.90 Musicalion', 'P1', 1, (1097, 1098), (178,), (5.0,), (178,), (5.0,))
('K.90 Musicalion', 'P1', 1, (1126, 1127), (181,), (2.0,), (181,), (2.0,))
('K.90 Musicalion', 'P1', 1, (1141, 1142), (182,), (6.0,), (182,), (6.0,))
('K.90 Musicalion', 'P1', 1, (1152, 1153), (183,), (6.0,), (183,), (6.0,))
('K.90 Musicalion', 'P1', 1, (1269, 1270), (214,), (1.0,), (214,), (1.0,))
('K.90 Musicalion', 'P1', 3, (232, 233), (34,), (1.0,), (34,), (1.0,))
('K.90 Musicalion', 'P1', 3, (259, 260), (41,), (2.0,), (41,), (2.0,))
('K.90 Musicalion', 'P1', 3, (376, 377), (77,), (1.0,), (77,), (1.0,))
('K.90 Musicalion', 'P1', 3, (436, 437), (96,), (1.0,), (96,), (1.0,))
('K.90 Musicalion', 'P1', 3, (692, 693), (162,), (2.0,), (162,), (2.0,))
('K.90 Musicalion', 'P1', 3, (782, 783), (186,), (3.0,), (186,), (3.0,))

93.    ((-5,), (0.5,), (0.5,)):
('K.90 Musicalion', 'P1', 1, (306, 307), (30,), (1.5,), (30,), (1.5,))
('K.90 Musicalion', 'P1', 1, (314, 315), (32,), (1.5,), (32,), (1.5,))
('K.90 Musicalion', 'P1', 1, (318, 319), (33,), (1.5,), (33,), (1.5,))
('K.90 Musicalion', 'P1', 1, (368, 369), (43,), (1.5,), (43,), (1.5,))
('K.90 Musicalion', 'P1', 1, (493, 494), (69,), (1.5,), (69,), (1.5,))
('K.90 Musicalion', 'P1', 1, (595, 596), (92,), (1.5,), (92,), (1.5,))
('K.90 Musicalion', 'P1', 1, (603, 604), (94,), (1.5,), (94,), (1.5,))
('K.90 Musicalion', 'P1', 1, (607, 608), (95,), (1.5,), (95,), (1.5,))
('K.90 Musicalion', 'P1', 3, (107, 108), (13,), (4.5,), (13,), (4.5,))
('K.90 Musicalion', 'P1', 3, (225, 226), (30,), (2.5,), (30,), (2.5,))
('K.90 Musicalion', 'P1', 3, (429, 430), (92,), (2.5,), (92,), (2.5,))
('K.90 Musicalion', 'P1', 3, (522, 523), (118,), (2.5,), (118,), (2.5,))
('K.90 Musicalion', 'P1', 3, (691, 692), (162,), (1.5,), (162,), (1.5,))
('K.90 Musicalion', 'P1', 3, (716, 717), (167,), (2.5,), (167,), (2.5,))

94.    ((-5,), (1.0,), (0.0,)):
('K.90 Musicalion', 'P1', 1, (1023, 1024), (171,), (3.0,), (171,), (3.0,))
('K.90 Musicalion', 'P1', 1, (1034, 1035), (172,), (3.0,), (172,), (3.0,))
('K.90 Musicalion', 'P1', 1, (1138, 1139), (182,), (3.0,), (182,), (3.0,))
('K.90 Musicalion', 'P1', 1, (1149, 1150), (183,), (3.0,), (183,), (3.0,))
('K.90 Musicalion', 'P1', 1, (1173, 1174), (188,), (3.0,), (188,), (3.0,))
('K.90 Musicalion', 'P1', 1, (1188, 1189), (193,), (1.0,), (193,), (1.0,))
('K.90 Musicalion', 'P1', 1, (1195, 1196), (196,), (1.0,), (196,), (1.0,))
('K.90 Musicalion', 'P1', 1, (1200, 1201), (197,), (1.0,), (197,), (1.0,))
('K.90 Musicalion', 'P1', 1, (1205, 1206), (198,), (1.0,), (198,), (1.0,))
('K.90 Musicalion', 'P1', 1, (1249, 1250), (208,), (3.0,), (208,), (3.0,))
('K.90 Musicalion', 'P1', 1, (1264, 1265), (213,), (1.0,), (213,), (1.0,))
('K.90 Musicalion', 'P1', 3, (750, 751), (177,), (6.0,), (177,), (6.0,))
('K.90 Musicalion', 'P1', 3, (777, 778), (184,), (3.0,), (184,), (3.0,))
('K.90 Musicalion', 'P1', 3, (787, 788), (187,), (3.0,), (187,), (3.0,))

95.    ((-6,), (0.5,), (0.0,)):
('K.90 Musicalion', 'P1', 1, (492, 493), (69,), (1.0,), (69,), (1.0,))
('K.90 Musicalion', 'P1', 1, (754, 755), (122,), (2.0,), (122,), (2.0,))
('K.90 Musicalion', 'P1', 3, (70, 71), (9,), (2.0,), (9,), (2.0,))
('K.90 Musicalion', 'P1', 3, (94, 95), (12,), (2.0,), (12,), (2.0,))
('K.90 Musicalion', 'P1', 3, (116, 117), (15,), (1.0,), (15,), (1.0,))
('K.90 Musicalion', 'P1', 3, (253, 254), (40,), (1.0,), (40,), (1.0,))
('K.90 Musicalion', 'P1', 3, (260, 261), (42,), (1.0,), (42,), (1.0,))
('K.90 Musicalion', 'P1', 3, (332, 333), (62,), (1.0,), (62,), (1.0,))
('K.90 Musicalion', 'P1', 3, (338, 339), (64,), (1.0,), (64,), (1.0,))
('K.90 Musicalion', 'P1', 3, (401, 402), (84,), (1.0,), (84,), (1.0,))
('K.90 Musicalion', 'P1', 3, (603, 604), (140,), (1.0,), (140,), (1.0,))
('K.90 Musicalion', 'P1', 3, (686, 687), (161,), (1.0,), (161,), (1.0,))

96.    ((4,), (1.0,), (0.0,)):
('K.90 Musicalion', 'P1', 1, (576, 577), (87,), (1.0,), (87,), (1.0,))
('K.90 Musicalion', 'P1', 1, (982, 983), (164,), (1.0,), (164,), (1.0,))
('K.90 Musicalion', 'P1', 1, (1028, 1029), (171,), (9.0,), (171,), (9.0,))
('K.90 Musicalion', 'P1', 1, (1039, 1040), (172,), (8.0,), (172,), (8.0,))
('K.90 Musicalion', 'P1', 1, (1132, 1133), (181,), (9.0,), (181,), (9.0,))
('K.90 Musicalion', 'P1', 1, (1143, 1144), (182,), (9.0,), (182,), (9.0,))
('K.90 Musicalion', 'P1', 1, (1211, 1212), (199,), (2.0,), (199,), (2.0,))
('K.90 Musicalion', 'P1', 1, (1218, 1219), (201,), (3.0,), (201,), (3.0,))
('K.90 Musicalion', 'P1', 1, (1226, 1227), (203,), (3.0,), (203,), (3.0,))
('K.90 Musicalion', 'P1', 3, (814, 815), (202,), (3.0,), (202,), (3.0,))

97.    ((1,), (0.5,), (0.5,)):
('K.90 Musicalion', 'P1', 1, (300, 301), (28,), (2.5,), (28,), (2.5,))
('K.90 Musicalion', 'P1', 1, (375, 376), (44,), (2.5,), (44,), (2.5,))
('K.90 Musicalion', 'P1', 1, (385, 386), (46,), (2.5,), (46,), (2.5,))
('K.90 Musicalion', 'P1', 1, (500, 501), (70,), (2.5,), (70,), (2.5,))
('K.90 Musicalion', 'P1', 1, (510, 511), (72,), (2.5,), (72,), (2.5,))
('K.90 Musicalion', 'P1', 1, (520, 521), (74,), (2.5,), (74,), (2.5,))
('K.90 Musicalion', 'P1', 3, (14, 15), (2,), (3.5,), (2,), (3.5,))
('K.90 Musicalion', 'P1', 3, (91, 92), (11,), (4.5,), (11,), (4.5,))

98.    ((-4,), (0.5,), (0.0,)):
('K.90 Musicalion', 'P1', 1, (305, 306), (30,), (1.0,), (30,), (1.0,))
('K.90 Musicalion', 'P1', 1, (313, 314), (32,), (1.0,), (32,), (1.0,))
('K.90 Musicalion', 'P1', 1, (367, 368), (43,), (1.0,), (43,), (1.0,))
('K.90 Musicalion', 'P1', 1, (594, 595), (92,), (1.0,), (92,), (1.0,))
('K.90 Musicalion', 'P1', 1, (602, 603), (94,), (1.0,), (94,), (1.0,))
('K.90 Musicalion', 'P1', 3, (249, 250), (39,), (1.0,), (39,), (1.0,))
('K.90 Musicalion', 'P1', 3, (328, 329), (61,), (1.0,), (61,), (1.0,))
('K.90 Musicalion', 'P1', 3, (652, 653), (152,), (2.0,), (152,), (2.0,))

99.    ((8,), (1.0,), (0.0,)):
('K.90 Musicalion', 'P1', 1, (369, 370), (43,), (2.0,), (43,), (2.0,))
('K.90 Musicalion', 'P1', 1, (494, 495), (69,), (2.0,), (69,), (2.0,))
('K.90 Musicalion', 'P1', 3, (781, 782), (186,), (2.0,), (186,), (2.0,))
('K.90 Musicalion', 'P1', 3, (791, 792), (191,), (1.0,), (191,), (1.0,))
('K.90 Musicalion', 'P1', 3, (797, 798), (193,), (1.0,), (193,), (1.0,))
('K.90 Musicalion', 'P1', 3, (827, 828), (211,), (1.0,), (211,), (1.0,))

100.    ((-3,), (1.0,), (0.0,)):
('K.90 Musicalion', 'P1', 1, (1227, 1228), (204,), (1.0,), (204,), (1.0,))
('K.90 Musicalion', 'P1', 1, (1242, 1243), (207,), (1.0,), (207,), (1.0,))
('K.90 Musicalion', 'P1', 1, (1270, 1271), (214,), (2.0,), (214,), (2.0,))
('K.90 Musicalion', 'P1', 3, (779, 780), (185,), (3.0,), (185,), (3.0,))
('K.90 Musicalion', 'P1', 3, (780, 781), (186,), (1.0,), (186,), (1.0,))

101.    ((-5,), (3.0,), (0.0,)):
('K.90 Musicalion', 'P1', 1, (1004, 1005), (169,), (4.0,), (169,), (4.0,))
('K.90 Musicalion', 'P1', 1, (1076, 1077), (176,), (4.0,), (176,), (4.0,))
('K.90 Musicalion', 'P1', 3, (774, 775), (183,), (4.0,), (183,), (4.0,))
('K.90 Musicalion', 'P1', 3, (807, 808), (199,), (1.0,), (199,), (1.0,))

102.    ((1,), (0.25,), (0.75,)):
('K.90 Musicalion', 'P1', 1, (118, 119), (10,), (3.75,), (10,), (3.75,))
('K.90 Musicalion', 'P1', 1, (228, 229), (19,), (2.75,), (19,), (2.75,))
('K.90 Musicalion', 'P1', 1, (541, 542), (78,), (2.75,), (78,), (2.75,))

103.    ((-2,), (2.0,), (0.0,)):
('K.90 Musicalion', 'P1', 1, (266, 267), (23,), (3.0,), (23,), (3.0,))
('K.90 Musicalion', 'P1', 3, (808, 809), (200,), (1.0,), (200,), (1.0,))
('K.90 Musicalion', 'P1', 3, (810, 811), (201,), (1.0,), (201,), (1.0,))

104.    ((8,), (2.0,), (0.0,)):
('K.90 Musicalion', 'P1', 1, (1002, 1003), (168,), (1.0,), (168,), (1.0,))
('K.90 Musicalion', 'P1', 3, (717, 718), (168,), (1.0,), (168,), (1.0,))
('K.90 Musicalion', 'P1', 3, (778, 779), (185,), (1.0,), (185,), (1.0,))

105.    ((-4,), (2.0,), (0.0,)):
('K.90 Musicalion', 'P1', 1, (1027, 1028), (171,), (7.0,), (171,), (7.0,))
('K.90 Musicalion', 'P1', 1, (1142, 1143), (182,), (7.0,), (182,), (7.0,))
('K.90 Musicalion', 'P1', 3, (776, 777), (184,), (1.0,), (184,), (1.0,))

106.    ((3,), (0.5,), (0.5,)):
('K.90 Musicalion', 'P1', 3, (343, 344), (66,), (1.5,), (66,), (1.5,))
('K.90 Musicalion', 'P1', 3, (373, 374), (76,), (1.5,), (76,), (1.5,))
('K.90 Musicalion', 'P1', 3, (454, 455), (101,), (1.5,), (101,), (1.5,))

107.    ((4,), (0.25,), (0.75,)):
('K.90 Musicalion', 'P1', 1, (49, 50), (5,), (1.75,), (5,), (1.75,))
('K.90 Musicalion', 'P1', 1, (671, 672), (105,), (2.75,), (105,), (2.75,))

108.    ((-2,), (0.75,), (0.0,)):
('K.90 Musicalion', 'P1', 1, (227, 228), (19,), (2.0,), (19,), (2.0,))
('K.90 Musicalion', 'P1', 1, (263, 264), (23,), (2.0,), (23,), (2.0,))

109.    ((-7,), (0.25,), (0.75,)):
('K.90 Musicalion', 'P1', 1, (784, 785), (126,), (2.75,), (126,), (2.75,))
('K.90 Musicalion', 'P1', 1, (865, 866), (142,), (1.75,), (142,), (1.75,))

110.    ((5,), (1.0,), (0.0,)):
('K.90 Musicalion', 'P1', 1, (1077, 1078), (176,), (7.0,), (176,), (7.0,))
('K.90 Musicalion', 'P1', 1, (1232, 1233), (205,), (1.0,), (205,), (1.0,))

111.    ((6,), (6.0,), (0.0,)):
('K.90 Musicalion', 'P1', 1, (1074, 1075), (175,), (7.0,), (175,), (7.0,))
('K.90 Musicalion', 'P1', 3, (744, 745), (175,), (7.0,), (175,), (7.0,))

112.    ((-6,), (3.0,), (0.0,)):
('K.90 Musicalion', 'P1', 1, (1089, 1090), (177,), (7.0,), (177,), (7.0,))
('K.90 Musicalion', 'P1', 3, (824, 825), (208,), (1.0,), (208,), (1.0,))

113.    ((1,), (6.0,), (0.0,)):
('K.90 Musicalion', 'P1', 1, (1153, 1154), (183,), (7.0,), (183,), (7.0,))
('K.90 Musicalion', 'P1', 3, (775, 776), (183,), (7.0,), (183,), (7.0,))

114.    ((-4,), (1.0,), (0.0,)):
('K.90 Musicalion', 'P1', 1, (1154, 1155), (184,), (1.0,), (184,), (1.0,))
('K.90 Musicalion', 'P1', 3, (796, 797), (192,), (3.0,), (192,), (3.0,))

115.    ((7,), (0.5,), (0.5,)):
('K.90 Musicalion', 'P1', 1, (1268, 1269), (213,), (3.5,), (213,), (3.5,))
('K.90 Musicalion', 'P1', 3, (645, 646), (150,), (2.5,), (150,), (2.5,))

116.    ((-3,), (0.5,), (0.0,)):
('K.90 Musicalion', 'P1', 3, (15, 16), (2,), (4.0,), (2,), (4.0,))
('K.90 Musicalion', 'P1', 3, (483, 484), (108,), (2.0,), (108,), (2.0,))

117.    ((8,), (0.5,), (0.5,)):
('K.90 Musicalion', 'P1', 3, (69, 70), (9,), (1.5,), (9,), (1.5,))
('K.90 Musicalion', 'P1', 3, (382, 383), (79,), (1.5,), (79,), (1.5,))

118.    ((9,), (1.5,), (0.0,)):
('K.90 Musicalion', 'P1', 3, (226, 227), (31,), (1.0,), (31,), (1.0,))
('K.90 Musicalion', 'P1', 3, (541, 542), (123,), (2.0,), (123,), (2.0,))

119.    ((8,), (2.5,), (0.0,)):
('K.90 Musicalion', 'P1', 3, (342, 343), (65,), (1.0,), (65,), (1.0,))
('K.90 Musicalion', 'P1', 3, (354, 355), (69,), (1.0,), (69,), (1.0,))

120.    ((2,), (1.5,), (0.0,)):
('K.90 Musicalion', 'P1', 3, (377, 378), (77,), (2.0,), (77,), (2.0,))
('K.90 Musicalion', 'P1', 3, (430, 431), (93,), (1.0,), (93,), (1.0,))

121.    ((6,), (3.0,), (0.0,)):
('K.90 Musicalion', 'P1', 3, (728, 729), (171,), (7.0,), (171,), (7.0,))
('K.90 Musicalion', 'P1', 3, (767, 768), (181,), (7.0,), (181,), (7.0,))

122.    ((-8,), (3.0,), (0.0,)):
('K.90 Musicalion', 'P1', 3, (742, 743), (175,), (1.0,), (175,), (1.0,))
('K.90 Musicalion', 'P1', 3, (747, 748), (176,), (7.0,), (176,), (7.0,))

123.    ((-2,), (3.0,), (0.0,)):
('K.90 Musicalion', 'P1', 3, (765, 766), (181,), (1.0,), (181,), (1.0,))
('K.90 Musicalion', 'P1', 3, (788, 789), (188,), (1.0,), (188,), (1.0,))

