1 .    ('nomes', 'K.11 Musicalion') 

2 .    ('quantidade', 1) 

3 .    ('analise', 'sequÍncias IntDiaDurPtempo sem contidos e intercalados') 

1 .    (((-2, -2, -2), (1.0, 1.0, 1.0), 0.0), [[('K.11 Musicalion', 'P1', 1, (30, 33), (5, 1.0), (5, 3.0)), ('K.11 Musicalion', 'P1', 1, (34, 37), (6, 1.0), (6, 3.0)), ('K.11 Musicalion', 'P1', 1, (38, 41), (7, 1.0), (7, 3.0)), ('K.11 Musicalion', 'P1', 1, (42, 45), (8, 1.0), (8, 3.0))], [('K.11 Musicalion', 'P1', 1, (153, 156), (21, 1.0), (21, 3.0)), ('K.11 Musicalion', 'P1', 1, (157, 160), (22, 1.0), (22, 3.0))]]) 

2 .    (((-2, -2, -2), (0.25, 0.25, 0.25), 0.0), [[('K.11 Musicalion', 'P1', 2, (50, 53), (9, 1.0), (9, 1.5)), ('K.11 Musicalion', 'P1', 2, (54, 57), (9, 2.0), (9, 2.5)), ('K.11 Musicalion', 'P1', 2, (58, 61), (9, 3.0), (9, 3.5))], [('K.11 Musicalion', 'P1', 2, (99, 102), (22, 4.0), (22, 4.5)), ('K.11 Musicalion', 'P1', 2, (103, 106), (23, 1.0), (23, 1.5)), ('K.11 Musicalion', 'P1', 2, (107, 110), (23, 2.0), (23, 2.5))]]) 

3 .    (((-2, -2, -2), (0.25, 0.25, 0.25), 0.25), [[('K.11 Musicalion', 'P1', 1, (88, 91), (13, 1.25), (13, 1.75)), ('K.11 Musicalion', 'P1', 1, (92, 95), (13, 2.25), (13, 2.75)), ('K.11 Musicalion', 'P1', 1, (96, 99), (13, 3.25), (13, 3.75))], [('K.11 Musicalion', 'P1', 1, (204, 207), (27, 1.25), (27, 1.75)), ('K.11 Musicalion', 'P1', 1, (208, 211), (27, 2.25), (27, 2.75)), ('K.11 Musicalion', 'P1', 1, (212, 215), (27, 3.25), (27, 3.75))]]) 

4 .    (((-2, 2, -2), (0.25, 0.25, 0.25), 0.5), [[('K.11 Musicalion', 'P1', 2, (97, 100), (22, 3.5), (22, 4.0)), ('K.11 Musicalion', 'P1', 2, (101, 104), (22, 4.5), (23, 1.0)), ('K.11 Musicalion', 'P1', 2, (105, 108), (23, 1.5), (23, 2.0))]]) 

5 .    (((2, -2, -2), (0.25, 0.25, 0.25), 0.75), [[('K.11 Musicalion', 'P1', 2, (49, 52), (8, 4.75), (9, 1.25)), ('K.11 Musicalion', 'P1', 2, (53, 56), (9, 1.75), (9, 2.25)), ('K.11 Musicalion', 'P1', 2, (57, 60), (9, 2.75), (9, 3.25))]]) 

6 .    (((-2, -2), (0.5, 0.5), 0.0), [[('K.11 Musicalion', 'P1', 1, (52, 54), (9, 4.0), (9, 4.5)), ('K.11 Musicalion', 'P1', 1, (55, 57), (10, 2.0), (10, 2.5))], [('K.11 Musicalion', 'P1', 1, (168, 170), (23, 4.0), (23, 4.5)), ('K.11 Musicalion', 'P1', 1, (171, 173), (24, 2.0), (24, 2.5))]]) 

7 .    (((-2, -2), (0.75, 0.12), 0.0), [[('K.11 Musicalion', 'P1', 1, (57, 59), (10, 3.0), (10, 3.75)), ('K.11 Musicalion', 'P1', 1, (60, 62), (10, 4.0), (10, 4.75))], [('K.11 Musicalion', 'P1', 1, (69, 71), (11, 3.0), (11, 3.75)), ('K.11 Musicalion', 'P1', 1, (72, 74), (11, 4.0), (11, 4.75))], [('K.11 Musicalion', 'P1', 1, (81, 83), (12, 3.0), (12, 3.75)), ('K.11 Musicalion', 'P1', 1, (84, 86), (12, 4.0), (12, 4.75))], [('K.11 Musicalion', 'P1', 1, (173, 175), (24, 3.0), (24, 3.75)), ('K.11 Musicalion', 'P1', 1, (176, 178), (24, 4.0), (24, 4.75))], [('K.11 Musicalion', 'P1', 1, (185, 187), (25, 3.0), (25, 3.75)), ('K.11 Musicalion', 'P1', 1, (188, 190), (25, 4.0), (25, 4.75))], [('K.11 Musicalion', 'P1', 1, (197, 199), (26, 3.0), (26, 3.75)), ('K.11 Musicalion', 'P1', 1, (200, 202), (26, 4.0), (26, 4.75))]]) 

