1 .    ('nomes', 'K.25 Musicalion') 

2 .    ('quantidade', 1) 

3 .    ('analise', 'sequÍncias IntDiaDur sem contidos e intercalados') 

1 .    (((-3, -3, 3, 3, -3, -3, 3, 4, -3, -4, 4, 3, -3, -4, 4), (0.25, 0.25, 0.25, 0.25, 0.25, 0.25, 0.25, 0.25, 0.25, 0.25, 0.25, 0.25, 0.25, 0.25, 0.25)), [[('K.25 Musicalion', 'P1', 1, (229, 244), (30, 1.0), (31, 2.5)), ('K.25 Musicalion', 'P1', 1, (245, 260), (32, 1.0), (33, 2.5))], [('K.25 Musicalion', 'P1', 1, (418, 433), (55, 1.0), (56, 2.5)), ('K.25 Musicalion', 'P1', 1, (434, 449), (57, 1.0), (58, 2.5)), ('K.25 Musicalion', 'P1', 1, (450, 465), (59, 1.0), (60, 2.5))], [('K.25 Musicalion', 'P1', 1, (579, 594), (75, 1.0), (76, 2.5)), ('K.25 Musicalion', 'P1', 1, (595, 610), (77, 1.0), (78, 2.5))]]) 

2 .    (((-4, 4, 3, -3, -4, 4, 2, -3, -3, 3, 3, -3, -3, 3, 4), (0.25, 0.25, 0.25, 0.25, 0.25, 0.25, 0.25, 0.25, 0.25, 0.25, 0.25, 0.25, 0.25, 0.25, 0.25)), [[('K.25 Musicalion', 'P1', 1, (85, 100), (12, 1.25), (13, 2.75)), ('K.25 Musicalion', 'P1', 1, (101, 116), (14, 1.25), (15, 2.75))], [('K.25 Musicalion', 'P1', 1, (142, 157), (19, 1.25), (20, 2.75)), ('K.25 Musicalion', 'P1', 1, (158, 173), (21, 1.25), (22, 2.75))], [('K.25 Musicalion', 'P1', 1, (411, 426), (54, 1.25), (55, 2.75)), ('K.25 Musicalion', 'P1', 1, (427, 442), (56, 1.25), (57, 2.75))]]) 

3 .    (((2, -3, -3, 3, 3, -3, -3, 3, 4, -3, -4, 4, 3, -3, -4), (0.25, 0.25, 0.25, 0.25, 0.25, 0.25, 0.25, 0.25, 0.25, 0.25, 0.25, 0.25, 0.25, 0.25, 0.25)), [[('K.25 Musicalion', 'P1', 1, (228, 243), (29, 2.75), (31, 2.25)), ('K.25 Musicalion', 'P1', 1, (244, 259), (31, 2.75), (33, 2.25))], [('K.25 Musicalion', 'P1', 1, (578, 593), (74, 2.75), (76, 2.25)), ('K.25 Musicalion', 'P1', 1, (594, 609), (76, 2.75), (78, 2.25))]]) 

4 .    (((-2, -2, 6, -5, 4, -5, 4, -5), (0.12, 0.12, 0.25, 0.25, 0.25, 0.25, 0.25, 0.25)), [[('K.25 Musicalion', 'P1', 1, (173, 181), (23, 1.0), (23, 2.5)), ('K.25 Musicalion', 'P1', 1, (182, 190), (24, 1.0), (24, 2.5)), ('K.25 Musicalion', 'P1', 1, (191, 199), (25, 1.0), (25, 2.5))], [('K.25 Musicalion', 'P1', 1, (373, 381), (50, 1.0), (50, 2.5)), ('K.25 Musicalion', 'P1', 1, (382, 390), (51, 1.0), (51, 2.5)), ('K.25 Musicalion', 'P1', 1, (391, 399), (52, 1.0), (52, 2.5))], [('K.25 Musicalion', 'P1', 1, (543, 551), (71, 1.0), (71, 2.5)), ('K.25 Musicalion', 'P1', 1, (552, 560), (72, 1.0), (72, 2.5))], [('K.25 Musicalion', 'P1', 1, (619, 627), (80, 1.0), (80, 2.5)), ('K.25 Musicalion', 'P1', 1, (628, 636), (81, 1.0), (81, 2.5))]]) 

5 .    (((4, -2, -2, 6, -5, 4, -5, 4), (0.25, 0.12, 0.12, 0.25, 0.25, 0.25, 0.25, 0.25)), [[('K.25 Musicalion', 'P1', 1, (618, 626), (79, 2.75), (80, 2.25)), ('K.25 Musicalion', 'P1', 1, (627, 635), (80, 2.75), (81, 2.25))]]) 

6 .    (((-2, -2, -2), (0.5, 0.5, 0.5)), [[('K.25 Musicalion', 'P1', 3, (86, 89), (23, 1.5), (23, 2.5)), ('K.25 Musicalion', 'P1', 3, (90, 93), (24, 1.5), (24, 2.5)), ('K.25 Musicalion', 'P1', 3, (94, 97), (25, 1.5), (25, 2.5))], [('K.25 Musicalion', 'P1', 3, (243, 246), (63, 1.5), (63, 2.5)), ('K.25 Musicalion', 'P1', 3, (247, 250), (64, 1.5), (64, 2.5))]]) 

7 .    ((((3, -2), (3, -2), (3, -2)), ((0.0, 0.5), (0.0, 0.5), (0.0, 0.5))), [[('K.25 Musicalion', 'P1', 3, (191, 194), (50, 1.5), (50, 2.5)), ('K.25 Musicalion', 'P1', 3, (195, 198), (51, 1.5), (51, 2.5)), ('K.25 Musicalion', 'P1', 3, (199, 202), (52, 1.5), (52, 2.5))], [('K.25 Musicalion', 'P1', 3, (275, 278), (71, 1.5), (71, 2.5)), ('K.25 Musicalion', 'P1', 3, (279, 282), (72, 1.5), (72, 2.5))], [('K.25 Musicalion', 'P1', 3, (311, 314), (80, 1.5), (80, 2.5)), ('K.25 Musicalion', 'P1', 3, (315, 318), (81, 1.5), (81, 2.5))]]) 

8 .    (((-2, 2, -2), (0.25, 0.25, 0.25)), [[('K.25 Musicalion', 'P1', 1, (287, 290), (37, 1.25), (37, 1.75)), ('K.25 Musicalion', 'P1', 1, (291, 294), (37, 2.25), (37, 2.75)), ('K.25 Musicalion', 'P1', 1, (295, 298), (38, 1.25), (38, 1.75))], [('K.25 Musicalion', 'P1', 1, (303, 306), (39, 1.25), (39, 1.75)), ('K.25 Musicalion', 'P1', 1, (307, 310), (39, 2.25), (39, 2.75)), ('K.25 Musicalion', 'P1', 1, (311, 314), (40, 1.25), (40, 1.75))]]) 

9 .    (((-3, -3, 3), (0.25, 0.25, 0.25)), [[('K.25 Musicalion', 'P1', 1, (261, 264), (34, 1.0), (34, 1.5)), ('K.25 Musicalion', 'P1', 1, (265, 268), (34, 2.0), (34, 2.5))], [('K.25 Musicalion', 'P1', 1, (466, 469), (61, 1.0), (61, 1.5)), ('K.25 Musicalion', 'P1', 1, (470, 473), (61, 2.0), (61, 2.5))], [('K.25 Musicalion', 'P1', 1, (611, 614), (79, 1.0), (79, 1.5)), ('K.25 Musicalion', 'P1', 1, (615, 618), (79, 2.0), (79, 2.5))]]) 

10 .    (((-3, 2, -3), (0.25, 0.25, 0.25)), [[('K.25 Musicalion', 'P1', 1, (6, 9), (1, 2.5), (2, 1.0)), ('K.25 Musicalion', 'P1', 1, (10, 13), (2, 1.5), (2, 2.0))], [('K.25 Musicalion', 'P1', 1, (356, 359), (46, 2.5), (47, 1.0)), ('K.25 Musicalion', 'P1', 1, (360, 363), (47, 1.5), (47, 2.0))], [('K.25 Musicalion', 'P1', 3, (7, 10), (4, 2.5), (5, 1.0)), ('K.25 Musicalion', 'P1', 3, (11, 14), (5, 1.5), (5, 2.0))], [('K.25 Musicalion', 'P1', 3, (180, 183), (48, 2.5), (49, 1.0)), ('K.25 Musicalion', 'P1', 3, (184, 187), (49, 1.5), (49, 2.0))]]) 

11 .    (((-2, -2, 2), (0.25, 0.25, 0.25)), [[('K.25 Musicalion', 'P1', 1, (319, 322), (41, 1.25), (41, 1.75)), ('K.25 Musicalion', 'P1', 1, (323, 326), (41, 2.25), (41, 2.75))], [('K.25 Musicalion', 'P1', 3, (267, 270), (69, 2.25), (69, 2.75)), ('K.25 Musicalion', 'P1', 3, (271, 274), (70, 2.25), (70, 2.75))]]) 

