1 .    ('nomes', 'K.146 KernScores') 

2 .    ('quantidade', 1) 

3 .    ('analise', 'sequęncias IntDiaDurPtempo sem contidos e intercalados') 

1 .    (((2, -2, 2, 1, 2, -2, 2, 2, 2, -2, 2), (0.25, 0.25, 0.25, 0.25, 0.25, 0.25, 0.25, 0.25, 0.25, 0.25, 0.25), 0.0), [[('K.146 KernScores', 'P1', 1, (127, 138), (23, 1.0), (23, 3.5)), ('K.146 KernScores', 'P1', 1, (139, 150), (24, 1.0), (24, 3.5))], [('K.146 KernScores', 'P1', 1, (170, 181), (27, 1.0), (27, 3.5)), ('K.146 KernScores', 'P1', 1, (182, 193), (28, 1.0), (28, 3.5))]]) 

2 .    (((2, -2, 2), (0.25, 0.25, 0.25), 0.0), [[('K.146 KernScores', 'P1', 1, (79, 82), (16, 1.0), (16, 1.5)), ('K.146 KernScores', 'P1', 1, (83, 86), (16, 2.0), (16, 2.5)), ('K.146 KernScores', 'P1', 1, (87, 90), (16, 3.0), (16, 3.5))], [('K.146 KernScores', 'P1', 1, (94, 97), (18, 1.0), (18, 1.5)), ('K.146 KernScores', 'P1', 1, (98, 101), (18, 2.0), (18, 2.5)), ('K.146 KernScores', 'P1', 1, (102, 105), (18, 3.0), (18, 3.5))], [('K.146 KernScores', 'P1', 1, (109, 112), (20, 1.0), (20, 1.5)), ('K.146 KernScores', 'P1', 1, (113, 116), (20, 2.0), (20, 2.5)), ('K.146 KernScores', 'P1', 1, (117, 120), (20, 3.0), (20, 3.5))], [('K.146 KernScores', 'P1', 1, (320, 323), (51, 1.0), (51, 1.5)), ('K.146 KernScores', 'P1', 1, (324, 327), (51, 2.0), (51, 2.5)), ('K.146 KernScores', 'P1', 1, (328, 331), (51, 3.0), (51, 3.5))], [('K.146 KernScores', 'P1', 1, (335, 338), (53, 1.0), (53, 1.5)), ('K.146 KernScores', 'P1', 1, (339, 342), (53, 2.0), (53, 2.5)), ('K.146 KernScores', 'P1', 1, (343, 346), (53, 3.0), (53, 3.5))], [('K.146 KernScores', 'P1', 1, (350, 353), (55, 1.0), (55, 1.5)), ('K.146 KernScores', 'P1', 1, (354, 357), (55, 2.0), (55, 2.5)), ('K.146 KernScores', 'P1', 1, (358, 361), (55, 3.0), (55, 3.5))], [('K.146 KernScores', 'P1', 1, (368, 371), (59, 1.0), (59, 1.5)), ('K.146 KernScores', 'P1', 1, (372, 375), (59, 2.0), (59, 2.5)), ('K.146 KernScores', 'P1', 1, (376, 379), (59, 3.0), (59, 3.5))], [('K.146 KernScores', 'P1', 1, (399, 402), (63, 1.0), (63, 1.5)), ('K.146 KernScores', 'P1', 1, (403, 406), (63, 2.0), (63, 2.5)), ('K.146 KernScores', 'P1', 1, (407, 410), (63, 3.0), (63, 3.5))], [('K.146 KernScores', 'P2', 1, (183, 186), (58, 1.0), (58, 1.5)), ('K.146 KernScores', 'P2', 1, (187, 190), (58, 2.0), (58, 2.5)), ('K.146 KernScores', 'P2', 1, (191, 194), (58, 3.0), (58, 3.5))], [('K.146 KernScores', 'P2', 1, (202, 205), (62, 1.0), (62, 1.5)), ('K.146 KernScores', 'P2', 1, (206, 209), (62, 2.0), (62, 2.5)), ('K.146 KernScores', 'P2', 1, (210, 213), (62, 3.0), (62, 3.5))]]) 

3 .    (((3, 3, 4), (0.25, 0.25, 0.25), 0.0), [[('K.146 KernScores', 'P2', 1, (83, 86), (30, 1.0), (30, 1.5)), ('K.146 KernScores', 'P2', 1, (87, 90), (31, 1.0), (31, 1.5)), ('K.146 KernScores', 'P2', 1, (91, 94), (32, 1.0), (32, 1.5))], [('K.146 KernScores', 'P2', 1, (217, 220), (65, 1.0), (65, 1.5)), ('K.146 KernScores', 'P2', 1, (221, 224), (66, 1.0), (66, 1.5)), ('K.146 KernScores', 'P2', 1, (225, 228), (67, 1.0), (67, 1.5))]]) 

4 .    (((-2, -2, -2), (0.5, 0.5, 0.5), 0.5), [[('K.146 KernScores', 'P2', 1, (55, 58), (12, 2.5), (12, 3.5)), ('K.146 KernScores', 'P2', 1, (59, 62), (13, 1.5), (13, 2.5))], [('K.146 KernScores', 'P2', 1, (165, 168), (47, 2.5), (47, 3.5)), ('K.146 KernScores', 'P2', 1, (169, 172), (48, 1.5), (48, 2.5))]]) 

5 .    (((-2, -2, -2), (0.25, 0.25, 0.25), 0.5), [[('K.146 KernScores', 'P1', 1, (152, 155), (25, 1.5), (25, 2.0)), ('K.146 KernScores', 'P1', 1, (156, 159), (25, 2.5), (25, 3.0))], [('K.146 KernScores', 'P1', 1, (195, 198), (29, 1.5), (29, 2.0)), ('K.146 KernScores', 'P1', 1, (199, 202), (29, 2.5), (29, 3.0))], [('K.146 KernScores', 'P1', 1, (381, 384), (60, 1.5), (60, 2.0)), ('K.146 KernScores', 'P1', 1, (385, 388), (60, 2.5), (60, 3.0))], [('K.146 KernScores', 'P1', 1, (412, 415), (64, 1.5), (64, 2.0)), ('K.146 KernScores', 'P1', 1, (416, 419), (64, 2.5), (64, 3.0))]]) 

6 .    (((-2, -2, -2), (0.25, 0.25, 0.25), 0.25), [[('K.146 KernScores', 'P1', 1, (162, 165), (26, 1.25), (26, 1.75)), ('K.146 KernScores', 'P1', 1, (166, 169), (26, 2.25), (26, 2.75))], [('K.146 KernScores', 'P1', 1, (391, 394), (61, 1.25), (61, 1.75)), ('K.146 KernScores', 'P1', 1, (395, 398), (61, 2.25), (61, 2.75))]]) 

