1 .    ('nomes', 'K.3 Musicalion') 

2 .    ('quantidade', 1) 

3 .    ('analise', 'sequÍncias IntDiaDur sem contidos e intercalados') 

1 .    (((2, 2, 2, 2, 2), (0.5, 0.5, 0.5, 0.5, 0.5)), [[('K.3 Musicalion', 'P1', 3, (42, 47), (18, 2.0), (19, 2.0)), ('K.3 Musicalion', 'P1', 3, (48, 53), (22, 2.0), (23, 2.0)), ('K.3 Musicalion', 'P1', 3, (54, 59), (26, 2.0), (27, 2.0))], [('K.3 Musicalion', 'P1', 3, (164, 169), (68, 1.25), (69, 1.25)), ('K.3 Musicalion', 'P1', 3, (170, 175), (72, 1.25), (73, 1.25))]]) 

2 .    (((8, -9), (0.5, 1.0)), [[('K.3 Musicalion', 'P1', 3, (61, 63), (28, 1.5), (28, 2.0)), ('K.3 Musicalion', 'P1', 3, (64, 66), (29, 1.5), (29, 2.0)), ('K.3 Musicalion', 'P1', 3, (67, 69), (30, 1.5), (30, 2.0)), ('K.3 Musicalion', 'P1', 3, (70, 72), (31, 1.5), (31, 2.0))], [('K.3 Musicalion', 'P1', 3, (185, 187), (79, 1.25), (79, 1.75)), ('K.3 Musicalion', 'P1', 3, (188, 190), (80, 1.25), (80, 1.75)), ('K.3 Musicalion', 'P1', 3, (191, 193), (81, 1.25), (81, 1.75)), ('K.3 Musicalion', 'P1', 3, (194, 196), (82, 1.25), (82, 1.75))]]) 

3 .    (((-2, -2, -2, -2), (0.12, 0.12, 0.12, 0.12)), [[('K.3 Musicalion', 'P1', 1, (0, 4), (1, 1.0), (1, 1.38)), ('K.3 Musicalion', 'P1', 1, (5, 9), (2, 2.0), (2, 2.38))], [('K.3 Musicalion', 'P1', 1, (158, 162), (44, 2.0), (44, 2.38)), ('K.3 Musicalion', 'P1', 1, (163, 167), (44, 1.0), (44, 1.38))], [('K.3 Musicalion', 'P1', 1, (176, 180), (49, 1.0), (49, 1.38)), ('K.3 Musicalion', 'P1', 1, (181, 185), (50, 2.0), (50, 2.38))], [('K.3 Musicalion', 'P1', 1, (209, 213), (56, 1.0), (56, 1.38)), ('K.3 Musicalion', 'P1', 1, (214, 218), (56, 2.0), (56, 2.38))], [('K.3 Musicalion', 'P1', 1, (337, 341), (93, 1.75), (93, 2.12)), ('K.3 Musicalion', 'P1', 1, (342, 346), (93, 2.75), (93, 1.12))], [('K.3 Musicalion', 'P1', 3, (107, 111), (45, 2.0), (45, 2.38)), ('K.3 Musicalion', 'P1', 3, (112, 116), (45, 1.0), (45, 1.38))], [('K.3 Musicalion', 'P1', 3, (140, 144), (57, 1.0), (57, 1.38)), ('K.3 Musicalion', 'P1', 3, (145, 149), (57, 2.0), (57, 2.38))]]) 

4 .    (((1, -2, 1, -2), (0.5, 0.5, 0.5, 0.5)), [[('K.3 Musicalion', 'P1', 3, (25, 29), (11, 2.5), (12, 2.0)), ('K.3 Musicalion', 'P1', 3, (30, 34), (13, 1.5), (13, 1.0))]]) 

5 .    (((-2, -2, -2), (0.12, 0.12, 0.12)), [[('K.3 Musicalion', 'P1', 1, (194, 197), (53, 2.12), (53, 2.38)), ('K.3 Musicalion', 'P1', 1, (198, 201), (53, 1.0), (53, 1.25))]]) 

6 .    (((3, 3, 3), (0.5, 0.5, 0.5)), [[('K.3 Musicalion', 'P1', 1, (47, 50), (16, 2.5), (17, 1.5)), ('K.3 Musicalion', 'P1', 1, (51, 54), (17, 2.5), (18, 1.5))], [('K.3 Musicalion', 'P1', 1, (63, 66), (20, 2.5), (21, 1.5)), ('K.3 Musicalion', 'P1', 1, (67, 70), (21, 2.5), (22, 1.5))], [('K.3 Musicalion', 'P1', 1, (79, 82), (24, 2.5), (25, 1.5)), ('K.3 Musicalion', 'P1', 1, (83, 86), (25, 2.5), (26, 1.5))], [('K.3 Musicalion', 'P1', 1, (253, 256), (70, 2.75), (70, 1.75)), ('K.3 Musicalion', 'P1', 1, (257, 260), (71, 2.75), (71, 1.75))]]) 

7 .    (((2, 3, 3), (0.5, 0.5, 0.5)), [[('K.3 Musicalion', 'P1', 1, (46, 49), (16, 2.0), (16, 1.0)), ('K.3 Musicalion', 'P1', 1, (50, 53), (17, 2.0), (17, 1.0))], [('K.3 Musicalion', 'P1', 1, (62, 65), (20, 2.0), (20, 1.0)), ('K.3 Musicalion', 'P1', 1, (66, 69), (21, 2.0), (21, 1.0))], [('K.3 Musicalion', 'P1', 1, (78, 81), (24, 2.0), (24, 1.0)), ('K.3 Musicalion', 'P1', 1, (82, 85), (25, 2.0), (25, 1.0))]]) 

8 .    (((3, 2, 3), (0.5, 0.5, 0.5)), [[('K.3 Musicalion', 'P1', 1, (61, 64), (20, 1.5), (20, 2.5)), ('K.3 Musicalion', 'P1', 1, (65, 68), (21, 1.5), (21, 2.5))], [('K.3 Musicalion', 'P1', 1, (77, 80), (24, 1.5), (24, 2.5)), ('K.3 Musicalion', 'P1', 1, (81, 84), (25, 1.5), (25, 2.5))]]) 

9 .    (((2, 2), (0.5, 0.5)), [[('K.3 Musicalion', 'P1', 1, (106, 108), (31, 2.0), (31, 2.5)), ('K.3 Musicalion', 'P1', 1, (109, 111), (32, 1.5), (32, 2.0))], [('K.3 Musicalion', 'P1', 1, (139, 141), (40, 2.0), (40, 2.5)), ('K.3 Musicalion', 'P1', 1, (142, 144), (41, 1.5), (41, 2.0))], [('K.3 Musicalion', 'P1', 1, (300, 302), (82, 1.75), (82, 2.25)), ('K.3 Musicalion', 'P1', 1, (303, 305), (83, 1.25), (83, 1.75))]]) 

10 .    (((1, -2), (0.5, 0.5)), [[('K.3 Musicalion', 'P1', 3, (34, 36), (14, 1.5), (14, 2.0)), ('K.3 Musicalion', 'P1', 3, (37, 39), (15, 1.5), (15, 2.0))], [('K.3 Musicalion', 'P1', 3, (154, 156), (64, 2.5), (64, 1.0)), ('K.3 Musicalion', 'P1', 3, (157, 159), (65, 2.5), (65, 1.0))], [('K.3 Musicalion', 'P1', 2, (4, 6), (38, 1.5), (38, 2.0)), ('K.3 Musicalion', 'P1', 2, (7, 9), (39, 1.5), (39, 2.0))], [('K.3 Musicalion', 'P1', 2, (23, 25), (62, 2.5), (62, 1.0)), ('K.3 Musicalion', 'P1', 2, (26, 28), (63, 2.5), (63, 1.0))], [('K.3 Musicalion', 'P1', 2, (35, 37), (89, 1.25), (89, 1.75)), ('K.3 Musicalion', 'P1', 2, (38, 40), (90, 1.25), (90, 1.75))]]) 

