1 .    ('nomes', 'K.107 Musicalion') 

2 .    ('quantidade', 1) 

3 .    ('analise', 'sequÍncias IntDiaDur sem contidos e intercalados') 

1 .    (((-2, 2, -2, -2, -2, -2, 2, 2, 2, -2, 2, 2, 2), (1.5, 0.5, 1.25, 0.25, 0.25, 0.25, 0.25, 0.25, 0.25, 0.25, 0.25, 0.25, 0.25)), [[('K.107 Musicalion', 'P1', 1, (197, 210), (34, 1.0), (35, 3.5)), ('K.107 Musicalion', 'P1', 1, (211, 224), (36, 1.0), (37, 3.5))], [('K.107 Musicalion', 'P1', 1, (452, 465), (86, 1.0), (87, 3.5)), ('K.107 Musicalion', 'P1', 1, (466, 479), (88, 1.0), (89, 3.5))], [('K.107 Musicalion', 'P1', 1, (587, 600), (108, 1.0), (109, 3.5)), ('K.107 Musicalion', 'P1', 1, (601, 614), (110, 1.0), (111, 3.5))]]) 

2 .    ((((3, 1), (3, 1)), ((0.0, 1.0), (0.0, 1.0))), [[('K.107 Musicalion', 'P1', 3, (21, 23), (9, 1.0), (9, 2.0)), ('K.107 Musicalion', 'P1', 3, (24, 26), (10, 1.0), (10, 2.0)), ('K.107 Musicalion', 'P1', 3, (27, 29), (11, 1.0), (11, 2.0)), ('K.107 Musicalion', 'P1', 3, (30, 32), (12, 1.0), (12, 2.0)), ('K.107 Musicalion', 'P1', 3, (33, 35), (13, 1.0), (13, 2.0)), ('K.107 Musicalion', 'P1', 3, (36, 38), (14, 1.0), (14, 2.0)), ('K.107 Musicalion', 'P1', 3, (39, 41), (15, 1.0), (15, 2.0)), ('K.107 Musicalion', 'P1', 3, (42, 44), (16, 1.0), (16, 2.0))], [('K.107 Musicalion', 'P1', 3, (201, 203), (70, 1.0), (70, 2.0)), ('K.107 Musicalion', 'P1', 3, (204, 206), (71, 1.0), (71, 2.0))]]) 

3 .    (((2, -2, -2, -2, -2, -19), (0.5, 0.5, 0.5, 0.5, 0.5, 0.5)), [[('K.107 Musicalion', 'P1', 3, (122, 128), (45, 1.0), (45, 3.5)), ('K.107 Musicalion', 'P1', 3, (129, 135), (47, 1.0), (47, 3.5)), ('K.107 Musicalion', 'P1', 3, (136, 142), (49, 1.0), (49, 3.5))], [('K.107 Musicalion', 'P1', 3, (148, 154), (53, 1.0), (53, 3.5)), ('K.107 Musicalion', 'P1', 3, (155, 161), (55, 1.0), (55, 3.5)), ('K.107 Musicalion', 'P1', 3, (162, 168), (57, 1.0), (57, 3.5))], [('K.107 Musicalion', 'P1', 3, (323, 329), (116, 1.0), (116, 3.5)), ('K.107 Musicalion', 'P1', 3, (330, 336), (118, 1.0), (118, 3.5)), ('K.107 Musicalion', 'P1', 3, (337, 343), (120, 1.0), (120, 3.5))], [('K.107 Musicalion', 'P1', 3, (350, 356), (124, 1.0), (124, 3.5)), ('K.107 Musicalion', 'P1', 3, (357, 363), (126, 1.0), (126, 3.5)), ('K.107 Musicalion', 'P1', 3, (364, 370), (128, 1.0), (128, 3.5))]]) 

4 .    ((((3, 1), (3, 2), (3, -2), (3, 2), (3, 2), (3, 2), (3, -2), (3, -2)), ((0.0, 1.0), (0.0, 1.0), (0.0, 1.0), (0.0, 0.5), (0.0, 0.5), (0.0, 0.5), (0.0, 0.5), (0.0, 0.5))), [[('K.107 Musicalion', 'P1', 1, (259, 267), (45, 1.0), (46, 3.0)), ('K.107 Musicalion', 'P1', 1, (268, 276), (47, 1.0), (48, 3.0))], [('K.107 Musicalion', 'P1', 1, (293, 301), (53, 1.0), (54, 3.0)), ('K.107 Musicalion', 'P1', 1, (302, 310), (55, 1.0), (56, 3.0))], [('K.107 Musicalion', 'P1', 1, (636, 644), (116, 1.0), (117, 3.0)), ('K.107 Musicalion', 'P1', 1, (645, 653), (118, 1.0), (119, 3.0))], [('K.107 Musicalion', 'P1', 1, (670, 678), (124, 1.0), (125, 3.0)), ('K.107 Musicalion', 'P1', 1, (679, 687), (126, 1.0), (127, 3.0))]]) 

5 .    (((2, 2, 2, 2, -8), (1.0, 1.0, 1.0, 1.0, 1.0)), [[('K.107 Musicalion', 'P1', 3, (173, 178), (60, 1.0), (61, 2.0)), ('K.107 Musicalion', 'P1', 3, (179, 184), (62, 1.0), (63, 2.0)), ('K.107 Musicalion', 'P1', 3, (185, 190), (64, 1.0), (65, 2.0))], [('K.107 Musicalion', 'P1', 3, (375, 380), (131, 1.0), (132, 2.0)), ('K.107 Musicalion', 'P1', 3, (381, 386), (133, 1.0), (134, 2.0)), ('K.107 Musicalion', 'P1', 3, (387, 392), (135, 1.0), (136, 2.0))]]) 

6 .    ((((3, 1), (3, 1), (3, -2), (4, 2, 1), (4, 2, 1)), ((0.0, 1.0), (0.0, 1.0), (0.0, 1.0), (0.0, 0.0, 1.0), (0.0, 0.0, 1.0))), [[('K.107 Musicalion', 'P1', 3, (87, 92), (33, 1.0), (34, 2.0)), ('K.107 Musicalion', 'P1', 3, (93, 98), (35, 1.0), (36, 2.0)), ('K.107 Musicalion', 'P1', 3, (99, 104), (37, 1.0), (38, 2.0))], [('K.107 Musicalion', 'P1', 3, (297, 302), (107, 1.0), (108, 2.0)), ('K.107 Musicalion', 'P1', 3, (303, 308), (109, 1.0), (110, 2.0))]]) 

7 .    (((2, -2, 2, 1, -2, 2), (0.25, 0.25, 0.25, 0.25, 0.5, 0.25)), [[('K.107 Musicalion', 'P1', 1, (136, 142), (24, 3.0), (25, 1.5)), ('K.107 Musicalion', 'P1', 1, (143, 149), (25, 2.0), (25, 3.5))], [('K.107 Musicalion', 'P1', 1, (154, 160), (26, 3.0), (27, 1.5)), ('K.107 Musicalion', 'P1', 1, (161, 167), (27, 2.0), (27, 3.5))], [('K.107 Musicalion', 'P1', 1, (172, 178), (28, 3.0), (29, 1.5)), ('K.107 Musicalion', 'P1', 1, (179, 185), (29, 2.0), (29, 3.5))]]) 

8 .    (((-2, -2, -2, -2, 6, -7), (0.5, 0.5, 0.5, 0.5, 0.5, 3.0)), [[('K.107 Musicalion', 'P1', 1, (333, 339), (61, 1.5), (62, 1.0)), ('K.107 Musicalion', 'P1', 1, (340, 346), (63, 1.5), (64, 1.0))], [('K.107 Musicalion', 'P1', 1, (705, 711), (132, 1.5), (133, 1.0)), ('K.107 Musicalion', 'P1', 1, (712, 718), (134, 1.5), (135, 1.0))]]) 

9 .    (((1, -2, 1, -2, 1), (0.5, 0.5, 0.5, 0.5, 0.5)), [[('K.107 Musicalion', 'P1', 1, (97, 102), (18, 1.5), (18, 3.5)), ('K.107 Musicalion', 'P1', 1, (103, 108), (19, 1.5), (19, 3.5))], [('K.107 Musicalion', 'P1', 1, (109, 114), (20, 1.5), (20, 3.5)), ('K.107 Musicalion', 'P1', 1, (115, 120), (21, 1.5), (21, 3.5))]]) 

10 .    (((-2, -2, 2, 2, 2), (0.5, 0.5, 0.5, 0.5, 0.5)), [[('K.107 Musicalion', 'P1', 1, (242, 247), (41, 2.5), (42, 1.5)), ('K.107 Musicalion', 'P1', 1, (248, 253), (42, 2.5), (43, 1.5))], [('K.107 Musicalion', 'P1', 1, (430, 435), (81, 2.5), (82, 1.5)), ('K.107 Musicalion', 'P1', 1, (436, 441), (82, 2.5), (83, 1.5))]]) 

11 .    (((2, -8, 4, 2, 2), (1.0, 1.0, 1.0, 1.0, 1.0)), [[('K.107 Musicalion', 'P1', 3, (170, 175), (59, 1.0), (60, 2.0)), ('K.107 Musicalion', 'P1', 3, (176, 181), (61, 1.0), (62, 2.0))], [('K.107 Musicalion', 'P1', 3, (372, 377), (130, 1.0), (131, 2.0)), ('K.107 Musicalion', 'P1', 3, (378, 383), (132, 1.0), (133, 2.0))]]) 

12 .    (((-3, -3), (0.5, 0.5)), [[('K.107 Musicalion', 'P1', 3, (81, 83), (31, 1.5), (31, 2.0)), ('K.107 Musicalion', 'P1', 3, (84, 86), (31, 3.0), (31, 3.5))], [('K.107 Musicalion', 'P1', 3, (291, 293), (105, 1.5), (105, 2.0)), ('K.107 Musicalion', 'P1', 3, (294, 296), (105, 3.0), (105, 3.5))]]) 

13 .    (((-4, -3), (0.5, 0.5)), [[('K.107 Musicalion', 'P1', 1, (186, 188), (30, 1.0), (30, 1.5)), ('K.107 Musicalion', 'P1', 1, (189, 191), (30, 2.5), (30, 3.0))], [('K.107 Musicalion', 'P1', 1, (576, 578), (104, 1.0), (104, 1.5)), ('K.107 Musicalion', 'P1', 1, (579, 581), (104, 2.5), (104, 3.0))], [('K.107 Musicalion', 'P1', 3, (80, 82), (31, 1.0), (31, 1.5)), ('K.107 Musicalion', 'P1', 3, (83, 85), (31, 2.5), (31, 3.0))], [('K.107 Musicalion', 'P1', 3, (290, 292), (105, 1.0), (105, 1.5)), ('K.107 Musicalion', 'P1', 3, (293, 295), (105, 2.5), (105, 3.0))]]) 

14 .    (((2, 2), (2.0, 0.5)), [[('K.107 Musicalion', 'P1', 2, (0, 2), (50, 1.0), (50, 3.0)), ('K.107 Musicalion', 'P1', 2, (3, 5), (58, 1.0), (58, 3.0))], [('K.107 Musicalion', 'P1', 2, (19, 21), (121, 1.0), (121, 3.0)), ('K.107 Musicalion', 'P1', 2, (22, 24), (129, 1.0), (129, 3.0))]]) 

