1 .    ('nomes', 'K.313 Musicalion') 

2 .    ('quantidade', 1) 

3 .    ('analise', 'sequências IntDiaDurPtempo sem contidos e intercalados') 

1 .    (((1, 1, -3, -3, 5, 1, 1, -4, -3, 6, 1, -3, -3, -3, 4, -3, -3, 4, -3, -3, 2), (1.0, 1.0, 0.5, 0.25, 0.25, 1.0, 1.0, 0.5, 0.25, 0.25, 1.0, 1.0, 0.5, 0.25, 0.25, 0.5, 0.25, 0.25, 0.5, 0.25, 0.25), 0.0), [[('K.313 Musicalion', 'P1', 1, (167, 188), (50, 2.0), (53, 3.75)), ('K.313 Musicalion', 'P1', 1, (189, 210), (54, 2.0), (57, 3.75))], [('K.313 Musicalion', 'P1', 1, (376, 397), (104, 2.0), (107, 3.75)), ('K.313 Musicalion', 'P1', 1, (398, 419), (108, 2.0), (111, 3.75))]]) 

2 .    (((3, -2, -2, 8, -2, -2, -2, 2), (0.25, 0.25, 0.25, 0.25, 1.0, 1.0, 1.0, 1.0), 0.0), [[('K.313 Musicalion', 'P1', 3, (35, 43), (19, 1.0), (20, 2.0)), ('K.313 Musicalion', 'P1', 3, (44, 52), (21, 1.0), (22, 2.0))], [('K.313 Musicalion', 'P1', 3, (152, 160), (59, 1.0), (60, 2.0)), ('K.313 Musicalion', 'P1', 3, (161, 169), (61, 1.0), (62, 2.0)), ('K.313 Musicalion', 'P1', 3, (170, 178), (63, 1.0), (64, 2.0)), ('K.313 Musicalion', 'P1', 3, (179, 187), (65, 1.0), (66, 2.0))]]) 

3 .    (((2, 2, -2, -2, 1, 2, 6), (0.5, 0.25, 0.25, 1.5, 0.5, 0.0, 1.0), 0.0), [[('K.313 Musicalion', 'P1', 1, (136, 143), (43, 1.0), (44, 1.0)), ('K.313 Musicalion', 'P1', 1, (144, 151), (45, 1.0), (46, 1.0)), ('K.313 Musicalion', 'P1', 1, (152, 159), (47, 1.0), (48, 1.0)), ('K.313 Musicalion', 'P1', 1, (160, 167), (49, 1.0), (50, 1.0))], [('K.313 Musicalion', 'P1', 1, (346, 353), (97, 1.0), (98, 1.0)), ('K.313 Musicalion', 'P1', 1, (354, 361), (99, 1.0), (100, 1.0)), ('K.313 Musicalion', 'P1', 1, (362, 369), (101, 1.0), (102, 1.0))]]) 

4 .    (((2, -8, 4, 2, 2), (1.0, 1.0, 1.0, 1.0, 1.0), 0.0), [[('K.313 Musicalion', 'P1', 3, (106, 111), (43, 1.0), (44, 2.0)), ('K.313 Musicalion', 'P1', 3, (112, 117), (45, 1.0), (46, 2.0)), ('K.313 Musicalion', 'P1', 3, (118, 123), (47, 1.0), (48, 2.0)), ('K.313 Musicalion', 'P1', 3, (124, 129), (49, 1.0), (50, 2.0))], [('K.313 Musicalion', 'P1', 3, (258, 263), (95, 1.0), (96, 2.0)), ('K.313 Musicalion', 'P1', 3, (264, 269), (97, 1.0), (98, 2.0)), ('K.313 Musicalion', 'P1', 3, (270, 275), (99, 1.0), (100, 2.0)), ('K.313 Musicalion', 'P1', 3, (276, 281), (101, 1.0), (102, 2.0)), ('K.313 Musicalion', 'P1', 3, (282, 287), (103, 1.0), (104, 2.0))]]) 

5 .    (((3, -2, -2, 8, -2, -2, -2, -2), (0.25, 0.25, 0.25, 0.25, 1.0, 1.0, 1.0, 1.0), 0.0), [[('K.313 Musicalion', 'P1', 3, (73, 81), (35, 1.0), (36, 2.0)), ('K.313 Musicalion', 'P1', 3, (82, 90), (37, 1.0), (38, 2.0)), ('K.313 Musicalion', 'P1', 3, (91, 99), (39, 1.0), (40, 2.0))], [('K.313 Musicalion', 'P1', 3, (205, 213), (77, 1.0), (78, 2.0)), ('K.313 Musicalion', 'P1', 3, (214, 222), (79, 1.0), (80, 2.0))], [('K.313 Musicalion', 'P1', 3, (240, 248), (91, 1.0), (92, 2.0)), ('K.313 Musicalion', 'P1', 3, (249, 257), (93, 1.0), (94, 2.0))]]) 

6 .    (((2, 2, 2, 2, -8), (1.0, 1.0, 1.0, 1.0, 1.0), 0.0), [[('K.313 Musicalion', 'P1', 3, (103, 108), (42, 1.0), (43, 2.0)), ('K.313 Musicalion', 'P1', 3, (109, 114), (44, 1.0), (45, 2.0)), ('K.313 Musicalion', 'P1', 3, (115, 120), (46, 1.0), (47, 2.0)), ('K.313 Musicalion', 'P1', 3, (121, 126), (48, 1.0), (49, 2.0))]]) 

7 .    ((((5, 4), (3, 2), (3, 2), (3, -2), (3, -2)), ((0.0, 1.0), (0.0, 1.0), (0.0, 1.0), (0.0, 1.0), (0.0, 1.0)), 0.0), [[('K.313 Musicalion', 'P1', 1, (5, 10), (1, 3.0), (3, 1.0)), ('K.313 Musicalion', 'P1', 1, (11, 16), (3, 3.0), (5, 1.0))], [('K.313 Musicalion', 'P1', 3, (6, 11), (6, 3.0), (8, 1.0)), ('K.313 Musicalion', 'P1', 3, (12, 17), (8, 3.0), (10, 1.0))]]) 

8 .    (((-2, -2), (1.0, 1.0), 0.0), [[('K.313 Musicalion', 'P1', 1, (231, 233), (65, 3.0), (66, 1.0)), ('K.313 Musicalion', 'P1', 1, (234, 236), (66, 3.0), (67, 1.0))]]) 

9 .    (((-2, 2), (1.0, 1.0), 0.0), [[('K.313 Musicalion', 'P1', 1, (67, 69), (23, 2.0), (23, 3.0)), ('K.313 Musicalion', 'P1', 1, (70, 72), (24, 1.0), (24, 2.0))]]) 

10 .    ((((3, 2), (3, 2)), ((0.0, 1.0), (0.0, 1.0)), 0.0), [[('K.313 Musicalion', 'P1', 3, (20, 22), (11, 2.0), (11, 3.0)), ('K.313 Musicalion', 'P1', 3, (23, 25), (13, 1.0), (13, 2.0))]]) 

11 .    (((2, -2), (1.0, 1.0), 0.0), [[('K.313 Musicalion', 'P1', 3, (129, 131), (50, 3.0), (51, 1.0)), ('K.313 Musicalion', 'P1', 3, (132, 134), (51, 3.0), (52, 1.0))], [('K.313 Musicalion', 'P1', 3, (141, 143), (54, 3.0), (55, 1.0)), ('K.313 Musicalion', 'P1', 3, (144, 146), (55, 3.0), (56, 1.0))]]) 

12 .    ((((3, 2), (3, -2)), ((0.0, 1.0), (0.0, 1.0)), 0.0), [[('K.313 Musicalion', 'P1', 3, (287, 289), (104, 3.0), (105, 1.0)), ('K.313 Musicalion', 'P1', 3, (290, 292), (105, 3.0), (106, 1.0))], [('K.313 Musicalion', 'P1', 3, (299, 301), (108, 3.0), (109, 1.0)), ('K.313 Musicalion', 'P1', 3, (302, 304), (109, 3.0), (110, 1.0))]]) 

