1 .    ('nomes', 'K.13 Musicalion') 

2 .    ('quantidade', 1) 

3 .    ('analise', 'recorręncias IntDiaDur sem contidos e intercalados') 

1 .    (((8, 3, 3, -7, 6, -5, 6, -12, 8, 3, 3, -7, 6, -5, 6, -12, 8, 3, 3, -7, 6, -5, 6, -10, 6, -5, 6, -5, 6, -5, 6, -5, 6, -5, 6, -5, 6, -5, 6, -5, 6, -5, 6, -5, 6, -5, 6, -5, -5, 2, -8), (0.12, 0.12, 0.12, 0.12, 0.12, 0.12, 0.12, 0.12, 0.12, 0.12, 0.12, 0.12, 0.12, 0.12, 0.12, 0.12, 0.12, 0.12, 0.12, 0.12, 0.12, 0.12, 0.12, 0.12, 0.12, 0.12, 0.12, 0.12, 0.12, 0.12, 0.12, 0.12, 0.12, 0.12, 0.12, 0.12, 0.12, 0.12, 0.12, 0.12, 0.12, 0.12, 0.12, 0.12, 0.12, 0.12, 0.12, 0.12, 0.25, 0.25, 0.25)), [('K.13 Musicalion', 'P1', 3, (122, 173), (42, 1.5), (48, 2.0)), ('K.13 Musicalion', 'P1', 3, (354, 405), (103, 1.75), (109, 2.25))]) 

2 .    (((-2, -2, 2, -2, 4, -2, 5, -2, -2, -2, 5, -6, 2, 2, -5, 3, -2, -2, 2, -2, 4, -2, 5, -2, -2, -2, 5, -6, 2, 2, -5, 8), (0.12, 0.12, 0.12, 0.12, 0.12, 0.12, 0.12, 0.12, 0.12, 0.12, 0.12, 0.12, 0.12, 0.12, 0.12, 0.12, 0.12, 0.12, 0.12, 0.12, 0.12, 0.12, 0.12, 0.12, 0.12, 0.12, 0.12, 0.12, 0.12, 0.12, 0.12, 0.25)), [('K.13 Musicalion', 'P1', 1, (109, 141), (17, 2.62), (21, 2.5)), ('K.13 Musicalion', 'P1', 1, (476, 508), (71, 1.88), (75, 1.75))]) 

3 .    (((2, 5, -2, -5, 2, -3, 2, 5, -2, -2, -2, 2, 4, -2, -2, -2, -2, 2, 4, -2, -2, -2, -2, 2, -3, 2, 5, -2, -5, 2, -3, 2), (0.12, 0.12, 0.12, 0.12, 0.12, 0.12, 0.12, 0.25, 0.38, 0.12, 0.12, 0.12, 0.12, 0.12, 0.38, 0.12, 0.12, 0.12, 0.12, 0.12, 0.38, 0.12, 0.12, 0.12, 0.12, 0.12, 0.12, 0.12, 0.12, 0.12, 0.12, 0.12)), [('K.13 Musicalion', 'P1', 1, (260, 292), (37, 2.62), (41, 1.38)), ('K.13 Musicalion', 'P1', 1, (682, 714), (98, 2.88), (102, 1.62))]) 

4 .    (((8, 3, 3, -7, 6, -5, 6, -12, 8, 3, 3, -7, 6, -5, 6, -12, 8, 3, 3, -7, 6, -5, 6), (0.12, 0.12, 0.12, 0.12, 0.12, 0.12, 0.12, 0.12, 0.12, 0.12, 0.12, 0.12, 0.12, 0.12, 0.12, 0.12, 0.12, 0.12, 0.12, 0.12, 0.12, 0.12, 0.12)), [('K.13 Musicalion', 'P1', 3, (326, 349), (99, 1.75), (101, 2.5)), ('K.13 Musicalion', 'P1', 2, (14, 37), (38, 1.5), (40, 2.25))]) 

5 .    (((8, -2, -2, 2, -3, -4, -3, 8, -2, -2, 2, -3, -3, -4, 8, -2, -2, 2), (0.25, 0.12, 0.12, -0.25, 0.12, 0.12, 0.12, 0.25, 0.12, 0.12, -0.25, 0.12, 0.12, 0.12, 0.25, 0.12, 0.12, -0.25)), [('K.13 Musicalion', 'P1', 1, (217, 235), (31, 2.0), (33, 1.75)), ('K.13 Musicalion', 'P1', 1, (585, 603), (85, 1.62), (87, 1.38))]) 

6 .    (((4, (3, -3), 4, (3, -5), 4, (3, -5), 4, (3, -3), 4, (3, -3), 4, (3, -5), 4, (3, -5), 4), (0.12, (0.0, 0.12), 0.12, (0.0, 0.12), 0.12, (0.0, 0.12), 0.12, (0.0, 0.12), 0.12, (0.0, 0.12), 0.12, (0.0, 0.12), 0.12, (0.0, 0.12), 0.12)), [('K.13 Musicalion', 'P1', 1, (328, 343), (49, 2.5), (50, 2.25)), ('K.13 Musicalion', 'P1', 1, (744, 759), (109, 1.75), (110, 1.5))]) 

7 .    (((-2, 5, -2, 4, -2, 4, -2, 5, -2, -2, -2, -2, 2), (0.25, 0.12, 0.12, 0.12, 0.12, 0.12, 0.12, 0.12, 0.12, 0.12, 0.12, 0.12, 0.12)), [('K.13 Musicalion', 'P1', 1, (12, 25), (2, 1.25), (4, 2.88)), ('K.13 Musicalion', 'P1', 1, (26, 39), (4, 1.25), (6, 2.88))]) 

8 .    (((-2, 4, -2, 4, -2, 5, -2, 5, -2, -2, -2, -2, 2), (0.25, 0.12, 0.12, 0.12, 0.12, 0.12, 0.12, 0.12, 0.12, 0.12, 0.12, 0.12, 0.12)), [('K.13 Musicalion', 'P1', 1, (376, 389), (56, 1.75), (58, 1.38)), ('K.13 Musicalion', 'P1', 1, (390, 403), (58, 1.75), (60, 1.38))]) 

9 .    (((-5, 1, 2, 4, -6, 1, 2, 10, -6, 1, 2, 6), (0.12, 0.12, 0.12, 0.12, 0.12, 0.12, 0.12, 0.12, 0.12, 0.12, 0.12, 0.12)), [('K.13 Musicalion', 'P1', 1, (627, 639), (91, 2.0), (92, 1.38)), ('K.13 Musicalion', 'P1', 1, (643, 655), (93, 2.0), (94, 1.38))]) 

10 .    (((1, -2, -2, -9, 8, -8, 8, -8, 8, -8, 8, -8), (0.25, 0.25, 0.12, 0.12, 0.25, 0.25, 0.25, 0.25, 0.25, 0.25, 0.25, 0.25)), [('K.13 Musicalion', 'P1', 3, (41, 53), (14, 1.25), (16, 1.75)), ('K.13 Musicalion', 'P1', 3, (222, 234), (68, 2.5), (70, 1.0))]) 

11 .    (((-4, -3, -2, -2, -2, -2, -2, -2, -2, 2, 2), (0.25, 0.25, 0.25, 0.12, 0.12, 0.12, 0.12, 0.12, 0.12, 0.12, 0.12)), [('K.13 Musicalion', 'P1', 1, (0, 11), (0, 1.0), (2, 2.62)), ('K.13 Musicalion', 'P1', 1, (364, 375), (54, 1.5), (56, 1.12))]) 

12 .    (((1, 2, 3, -5, 1, 2, 4, -6, 1, 2, 5), (0.12, 0.12, 0.12, 0.12, 0.12, 0.12, 0.12, 0.12, 0.12, 0.12, 0.12)), [('K.13 Musicalion', 'P1', 1, (158, 169), (23, 2.88), (25, 2.12)), ('K.13 Musicalion', 'P1', 1, (664, 675), (95, 2.62), (97, 1.88))]) 

13 .    (((-2, -2, -5, (8, 2), (7, 2), (6, 2), (5, 2), (4, 2), (3, 2), (2, -2), (3, -2)), (0.12, 0.12, 0.12, (0.0, 0.25), (0.0, 0.25), (0.0, 0.25), (0.0, 0.25), (0.0, 0.25), (0.0, 0.25), (0.0, 0.25), (0.0, 0.25))), [('K.13 Musicalion', 'P1', 1, (307, 318), (44, 2.12), (46, 2.25)), ('K.13 Musicalion', 'P1', 1, (729, 740), (105, 2.38), (107, 2.5))]) 

14 .    (((8, 3, -2, -2, 4, 1, 1, -2, -2, -2), (0.25, 0.25, 0.25, 0.12, 0.12, 0.75, 0.25, 0.25, 0.12, 0.12)), [('K.13 Musicalion', 'P1', 3, (15, 25), (6, 2.5), (8, 2.88)), ('K.13 Musicalion', 'P1', 3, (205, 215), (60, 1.0), (62, 1.38))]) 

15 .    (((-3, -3, 2, -3, -3, 4, -3, 2, -3), (0.25, 0.25, 0.25, 0.25, 0.25, 0.25, 0.25, 0.25, 0.25)), [('K.13 Musicalion', 'P1', 3, (75, 84), (24, 1.0), (26, 1.0)), ('K.13 Musicalion', 'P1', 3, (294, 303), (91, 1.75), (93, 1.75))]) 

16 .    (((1, -2, -2, 5, -4, -3, -3, 6), (0.25, 0.25, 0.12, 0.12, 0.12, 0.12, 0.12, 0.12)), [('K.13 Musicalion', 'P1', 1, (89, 97), (14, 1.25), (15, 2.38)), ('K.13 Musicalion', 'P1', 1, (453, 461), (68, 2.5), (69, 1.62))]) 

17 .    (((2, -3, -3, 2, 4, -3, -3, 2), (0.25, 0.25, 0.25, 0.25, 0.25, 0.25, 0.25, 0.25)), [('K.13 Musicalion', 'P1', 3, (66, 74), (21, 2.75), (23, 2.5)), ('K.13 Musicalion', 'P1', 3, (248, 256), (75, 2.0), (77, 1.75))]) 

18 .    (((1, 2, 3, -5, 1, 2, 4), (0.12, 0.12, 0.12, 0.12, 0.12, 0.12, 0.12)), [('K.13 Musicalion', 'P1', 1, (142, 149), (21, 2.88), (22, 1.62)), ('K.13 Musicalion', 'P1', 1, (150, 157), (22, 1.88), (23, 2.62))]) 

19 .    (((1, 1, 1, 1, 1, 3, -3), (0.12, 0.12, 0.12, 0.12, 0.12, 0.12, -0.38)), [('K.13 Musicalion', 'P1', 1, (42, 49), (7, 1.62), (7, 2.38)), ('K.13 Musicalion', 'P1', 1, (68, 75), (11, 2.62), (11, 1.38))]) 

20 .    (((1, 2, 6, -8, 1, 2, 8), (0.12, 0.12, 0.12, 0.12, 0.12, 0.12, 0.12)), [('K.13 Musicalion', 'P1', 1, (509, 516), (75, 2.12), (76, 2.88)), ('K.13 Musicalion', 'P1', 1, (517, 524), (76, 1.12), (77, 1.88))]) 

21 .    (((8, -10, 1, 2, 8, -8, 1), (0.12, 0.12, 0.12, 0.12, 0.12, 0.12, 0.12)), [('K.13 Musicalion', 'P1', 1, (535, 542), (79, 1.38), (79, 2.12)), ('K.13 Musicalion', 'P1', 1, (543, 550), (80, 2.38), (80, 1.12))]) 

22 .    (((8, -2, -2, 2, -3, -3), (0.12, 0.12, 0.12, 0.12, 0.12, 0.12)), [('K.13 Musicalion', 'P1', 1, (203, 209), (29, 2.5), (30, 1.12)), ('K.13 Musicalion', 'P1', 1, (578, 584), (84, 2.75), (85, 1.38))]) 

23 .    (((-2, -2, 2, 5, -2, -2), (0.12, 0.12, 0.12, 0.12, 0.12, 0.12)), [('K.13 Musicalion', 'P1', 1, (252, 258), (36, 1.62), (36, 2.25)), ('K.13 Musicalion', 'P1', 1, (611, 617), (89, 1.88), (89, 2.5))]) 

24 .    (((-4, -3, -2, -2, 5, -8), (0.25, 0.25, 0.25, 0.12, 0.12, 0.5)), [('K.13 Musicalion', 'P1', 3, (1, 7), (2, 2.5), (3, 1.5)), ('K.13 Musicalion', 'P1', 3, (191, 197), (56, 1.0), (57, 2.0))]) 

25 .    (((1, 2, 1, 2, 1), (0.12, 0.12, 0.12, 0.12, 0.12)), [('K.13 Musicalion', 'P1', 1, (182, 187), (26, 1.88), (27, 2.38)), ('K.13 Musicalion', 'P1', 1, (551, 556), (81, 1.38), (81, 1.88))]) 

26 .    (((2, -8, 4, 4, 2), (0.25, 0.25, 0.25, 0.25, 0.25)), [('K.13 Musicalion', 'P1', 3, (107, 112), (35, 2.75), (36, 1.75)), ('K.13 Musicalion', 'P1', 3, (175, 180), (49, 2.75), (50, 1.75))]) 

27 .    (((1, -2, -2, 2, -10), (0.25, 0.25, 0.12, 0.12, 0.12)), [('K.13 Musicalion', 'P1', 1, (76, 81), (12, 1.25), (13, 2.0)), ('K.13 Musicalion', 'P1', 1, (440, 445), (66, 1.0), (67, 1.75))]) 

28 .    (((-2, 7, -2, -2, -2), (0.12, 0.38, 0.12, 0.12, 0.12)), [('K.13 Musicalion', 'P1', 1, (293, 298), (42, 1.62), (42, 2.38)), ('K.13 Musicalion', 'P1', 1, (299, 304), (43, 2.62), (43, 1.38))]) 

29 .    (((5, 1, -2, -2, -7), (0.75, 0.25, 0.25, 0.12, 0.12)), [('K.13 Musicalion', 'P1', 3, (30, 35), (11, 2.5), (12, 1.88)), ('K.13 Musicalion', 'P1', 3, (216, 221), (65, 2.25), (66, 1.62))]) 

30 .    (((2, 1, 3, 1, -9), (0.25, 0.25, 0.25, 0.25, 0.25)), [('K.13 Musicalion', 'P1', 3, (54, 59), (17, 2.75), (18, 1.75)), ('K.13 Musicalion', 'P1', 3, (60, 65), (19, 2.75), (20, 1.75))]) 

31 .    (((2, 1, 3, 1, -2), (0.25, 0.25, 0.25, 0.25, 0.25)), [('K.13 Musicalion', 'P1', 3, (236, 241), (71, 2.0), (72, 1.0)), ('K.13 Musicalion', 'P1', 3, (242, 247), (73, 2.0), (74, 1.0))]) 

32 .    (((1, 1, 3, -3), (0.12, 0.12, 0.12, -0.38)), [('K.13 Musicalion', 'P1', 1, (409, 413), (61, 2.5), (61, 2.88)), ('K.13 Musicalion', 'P1', 1, (435, 439), (65, 2.75), (65, 1.12)), ('K.13 Musicalion', 'P1', 1, (448, 452), (67, 2.25), (67, 2.62)), ('K.13 Musicalion', 'P1', 2, (43, 47), (63, 2.0), (63, 2.38))]) 

33 .    (((1, -2, -2, 2), (0.25, 0.25, 0.12, 0.12)), [('K.13 Musicalion', 'P1', 1, (50, 54), (8, 2.25), (8, 2.88)), ('K.13 Musicalion', 'P1', 1, (63, 67), (10, 1.75), (10, 2.38)), ('K.13 Musicalion', 'P1', 1, (414, 418), (62, 2.75), (62, 1.38))]) 

34 .    (((-2, -2, 5, -8), (0.25, 0.12, 0.12, 0.5)), [('K.13 Musicalion', 'P1', 3, (10, 14), (4, 1.0), (5, 1.5)), ('K.13 Musicalion', 'P1', 3, (200, 204), (58, 1.5), (59, 2.0))]) 

35 .    (((1, 1, 4, -4), (0.12, 0.12, 0.12, -0.38)), [('K.13 Musicalion', 'P1', 1, (58, 62), (9, 1.5), (9, 1.88)), ('K.13 Musicalion', 'P1', 1, (422, 426), (63, 2.0), (63, 2.38)), ('K.13 Musicalion', 'P1', 2, (38, 42), (61, 2.5), (61, 2.88))]) 

36 .    (((-2, -5, -2, -2), (0.12, 0.38, 0.12, 0.12)), [('K.13 Musicalion', 'P1', 1, (715, 719), (103, 1.88), (103, 2.5)), ('K.13 Musicalion', 'P1', 1, (721, 725), (104, 2.88), (104, 1.5))]) 

37 .    (((2, -3, 2, -3), (0.25, 0.25, 0.25, 0.25)), [('K.13 Musicalion', 'P1', 3, (309, 313), (94, 1.5), (95, 2.25)), ('K.13 Musicalion', 'P1', 3, (315, 319), (96, 1.0), (97, 1.75))]) 

38 .    (((1, 1, 3, -3), (0.12, 0.12, 0.12, 0.12)), [('K.13 Musicalion', 'P1', 1, (84, 88), (13, 2.5), (13, 2.88)), ('K.13 Musicalion', 'P1', 3, (36, 40), (13, 2.5), (13, 2.88))]) 

39 .    (((-3, -3, -4, -5), (0.12, 0.12, 0.12, 0.12)), [('K.13 Musicalion', 'P1', 1, (618, 622), (90, 2.75), (90, 1.12)), ('K.13 Musicalion', 'P1', 3, (415, 419), (112, 1.25), (112, 1.62))]) 

40 .    ((((3, 1), (3, 1), (3, 1), (3, 1)), ((0.0, 0.12), (0.0, 0.12), (0.0, 0.12), (0.0, -0.38))), [('K.13 Musicalion', 'P1', 2, (52, 56), (65, 2.75), (65, 1.12)), ('K.13 Musicalion', 'P1', 2, (57, 61), (67, 2.25), (67, 2.62))]) 

41 .    (((1, -2, -2), (0.25, 0.25, 0.12)), [('K.13 Musicalion', 'P1', 1, (427, 430), (64, 2.25), (64, 2.75)), ('K.13 Musicalion', 'P1', 3, (26, 29), (10, 1.75), (10, 2.25)), ('K.13 Musicalion', 'P1', 2, (48, 51), (64, 2.25), (64, 2.75))]) 

42 .    (((1, 1, 3), (0.12, 0.12, 0.12)), [('K.13 Musicalion', 'P1', 2, (0, 3), (7, 2.0), (7, 2.25)), ('K.13 Musicalion', 'P1', 2, (4, 7), (9, 1.5), (9, 1.75)), ('K.13 Musicalion', 'P1', 2, (8, 11), (11, 1.0), (11, 1.25))]) 

43 .    (((-3, 2, -3), (0.25, 0.25, 0.25)), [('K.13 Musicalion', 'P1', 3, (277, 280), (83, 1.25), (83, 1.75)), ('K.13 Musicalion', 'P1', 3, (304, 307), (93, 2.25), (94, 2.75))]) 

44 .    (((1, 2, 1), (0.12, 0.12, 0.12)), [('K.13 Musicalion', 'P1', 1, (525, 528), (77, 2.12), (78, 2.38)), ('K.13 Musicalion', 'P1', 1, (559, 562), (82, 2.38), (82, 2.62)), ('K.13 Musicalion', 'P1', 1, (563, 566), (82, 2.88), (82, 1.12))]) 

45 .    (((-3, -3, -4), (0.12, 0.12, 0.12)), [('K.13 Musicalion', 'P1', 1, (357, 360), (53, 2.12), (53, 2.38)), ('K.13 Musicalion', 'P1', 1, (465, 468), (70, 2.25), (70, 2.5))]) 

46 .    (((2, -3, 2), (0.12, 0.12, 0.12)), [('K.13 Musicalion', 'P1', 1, (242, 245), (34, 2.38), (35, 2.62)), ('K.13 Musicalion', 'P1', 1, (248, 251), (35, 1.12), (35, 1.38))]) 

47 .    (((-4, -3, -3), (0.12, 0.12, 0.12)), [('K.13 Musicalion', 'P1', 1, (101, 104), (16, 1.0), (16, 1.25)), ('K.13 Musicalion', 'P1', 1, (469, 472), (70, 2.75), (70, 1.0)), ('K.13 Musicalion', 'P1', 1, (768, 771), (112, 2.75), (112, 1.0))]) 

48 .    (((-2, -2, 2), (0.12, 0.12, -0.25)), [('K.13 Musicalion', 'P1', 1, (211, 214), (30, 1.62), (30, 1.88)), ('K.13 Musicalion', 'P1', 1, (607, 610), (88, 1.75), (88, 2.0))]) 

49 .    (((-3, -3, 2), (0.25, 0.25, 0.25)), [('K.13 Musicalion', 'P1', 3, (261, 264), (79, 1.25), (79, 1.75)), ('K.13 Musicalion', 'P1', 3, (265, 268), (80, 2.25), (80, 2.75))]) 

50 .    (((-2, -2, 5), (0.12, 0.12, 0.12)), [('K.13 Musicalion', 'P1', 1, (188, 191), (27, 2.62), (27, 2.88)), ('K.13 Musicalion', 'P1', 1, (196, 199), (28, 1.62), (28, 1.88))]) 

51 .    (((1, 2, 6), (0.12, 0.12, 0.12)), [('K.13 Musicalion', 'P1', 1, (656, 659), (94, 1.62), (95, 1.88)), ('K.13 Musicalion', 'P1', 1, (660, 663), (95, 2.12), (95, 2.38))]) 

52 .    (((-5, 2, -8), (0.25, 0.25, 0.25)), [('K.13 Musicalion', 'P1', 3, (118, 121), (41, 2.5), (41, 1.0)), ('K.13 Musicalion', 'P1', 3, (350, 353), (102, 2.75), (102, 1.25)), ('K.13 Musicalion', 'P1', 3, (406, 409), (110, 2.75), (110, 1.25)), ('K.13 Musicalion', 'P1', 3, (410, 413), (111, 1.75), (111, 2.25))]) 

53 .    (((4, 2, -8), (0.25, 0.25, 0.25)), [('K.13 Musicalion', 'P1', 3, (114, 117), (37, 2.5), (37, 1.0)), ('K.13 Musicalion', 'P1', 3, (182, 185), (51, 2.5), (51, 1.0))]) 

54 .    (((1, 2, 2), (0.12, 0.12, 0.12)), [('K.13 Musicalion', 'P1', 1, (567, 570), (83, 1.38), (83, 1.62)), ('K.13 Musicalion', 'P1', 1, (571, 574), (83, 1.88), (83, 2.12))]) 

55 .    (((-11, (5, 4, 10), -10), (0.12, (0.0, 0.0, 0.5), 0.12)), [('K.13 Musicalion', 'P1', 3, (99, 102), (31, 2.12), (32, 2.75)), ('K.13 Musicalion', 'P1', 3, (285, 288), (86, 2.38), (87, 1.0))]) 

56 .    (((7, -2, -2), (0.25, 0.25, 0.25)), [('K.13 Musicalion', 'P1', 3, (269, 272), (81, 1.25), (81, 1.75)), ('K.13 Musicalion', 'P1', 3, (273, 276), (82, 2.25), (82, 2.75))]) 

57 .    (((1, 2), (0.12, 0.12)), [('K.13 Musicalion', 'P1', 1, (170, 172), (25, 2.38), (25, 2.5)), ('K.13 Musicalion', 'P1', 1, (174, 176), (25, 2.88), (26, 1.0)), ('K.13 Musicalion', 'P1', 1, (178, 180), (26, 1.38), (26, 1.5)), ('K.13 Musicalion', 'P1', 1, (624, 626), (90, 1.62), (91, 1.75)), ('K.13 Musicalion', 'P1', 1, (640, 642), (92, 1.62), (93, 1.75))]) 

58 .    (((1, 1), (0.12, 0.12)), [('K.13 Musicalion', 'P1', 1, (55, 57), (9, 1.12), (9, 1.25)), ('K.13 Musicalion', 'P1', 1, (406, 408), (61, 2.12), (61, 2.25)), ('K.13 Musicalion', 'P1', 1, (419, 421), (63, 1.62), (63, 1.75))]) 

59 .    (((-3, -3), (0.12, 0.12)), [('K.13 Musicalion', 'P1', 1, (98, 100), (15, 2.62), (15, 2.75)), ('K.13 Musicalion', 'P1', 1, (106, 108), (16, 1.62), (16, 1.75)), ('K.13 Musicalion', 'P1', 1, (236, 238), (34, 1.62), (34, 1.75))]) 

60 .    (((-3, 2), (0.25, 0.25)), [('K.13 Musicalion', 'P1', 3, (85, 87), (26, 1.5), (26, 1.75)), ('K.13 Musicalion', 'P1', 3, (320, 322), (97, 2.25), (97, 2.5))]) 

61 .    (((-7, 6), (0.12, 0.12)), [('K.13 Musicalion', 'P1', 1, (347, 349), (51, 2.88), (51, 1.0)), ('K.13 Musicalion', 'P1', 1, (765, 767), (111, 2.38), (111, 2.5))]) 

62 .    (((-3, -4), (0.12, 0.12)), [('K.13 Musicalion', 'P1', 1, (361, 363), (53, 2.62), (53, 2.75)), ('K.13 Musicalion', 'P1', 1, (604, 606), (88, 1.25), (88, 1.38))]) 

63 .    (((2, -8), (0.25, 0.25)), [('K.13 Musicalion', 'P1', 3, (92, 94), (28, 1.25), (28, 1.5)), ('K.13 Musicalion', 'P1', 3, (323, 325), (98, 1.0), (98, 1.25))]) 

64 .    (((-4, -3), (0.12, 0.12)), [('K.13 Musicalion', 'P1', 1, (462, 464), (69, 1.88), (69, 2.0)), ('K.13 Musicalion', 'P1', 1, (575, 577), (84, 2.38), (84, 2.5))]) 

65 .    (((7, -2), (0.12, 0.12)), [('K.13 Musicalion', 'P1', 1, (239, 241), (34, 2.0), (34, 2.12)), ('K.13 Musicalion', 'P1', 1, (726, 728), (105, 1.75), (105, 1.88))]) 

66 .    (((-2,), (0.12,)), [('K.13 Musicalion', 'P1', 1, (192, 193), (28, 1.12), (28, 1.12)), ('K.13 Musicalion', 'P1', 1, (246, 247), (35, 2.88), (35, 2.88)), ('K.13 Musicalion', 'P1', 1, (305, 306), (44, 1.62), (44, 1.62)), ('K.13 Musicalion', 'P1', 1, (474, 475), (71, 1.5), (71, 1.5)), ('K.13 Musicalion', 'P1', 1, (530, 531), (78, 2.75), (78, 2.75)), ('K.13 Musicalion', 'P1', 1, (532, 533), (78, 1.0), (78, 1.0))]) 

67 .    (((1,), (0.12,)), [('K.13 Musicalion', 'P1', 1, (82, 83), (13, 2.25), (13, 2.25)), ('K.13 Musicalion', 'P1', 1, (557, 558), (81, 2.12), (81, 2.12))]) 

68 .    (((-3,), (0.12,)), [('K.13 Musicalion', 'P1', 1, (677, 678), (97, 2.25), (97, 2.25)), ('K.13 Musicalion', 'P1', 1, (679, 680), (97, 2.5), (97, 2.5)), ('K.13 Musicalion', 'P1', 3, (187, 188), (52, 1.62), (52, 1.62))]) 

69 .    (((6,), (0.12,)), [('K.13 Musicalion', 'P1', 1, (350, 351), (51, 1.25), (51, 1.25)), ('K.13 Musicalion', 'P1', 1, (352, 353), (52, 2.0), (52, 2.0)), ('K.13 Musicalion', 'P1', 1, (354, 355), (52, 2.25), (52, 2.25))]) 

70 .    (((-5,), (0.12,)), [('K.13 Musicalion', 'P1', 3, (103, 104), (33, 1.38), (33, 1.38)), ('K.13 Musicalion', 'P1', 3, (283, 284), (85, 1.75), (85, 1.75))]) 

71 .    (((2,), (0.25,)), [('K.13 Musicalion', 'P1', 1, (40, 41), (6, 1.25), (6, 1.25)), ('K.13 Musicalion', 'P1', 1, (404, 405), (60, 1.75), (60, 1.75))]) 

72 .    (((-2,), (0.25,)), [('K.13 Musicalion', 'P1', 3, (88, 89), (27, 2.25), (27, 2.25)), ('K.13 Musicalion', 'P1', 3, (90, 91), (27, 2.75), (27, 2.75))]) 

73 .    (((1,), (0.25,)), [('K.13 Musicalion', 'P1', 1, (741, 742), (108, 1.0), (108, 1.0)), ('K.13 Musicalion', 'P1', 4, (0, 1), (12, 1.25), (12, 1.25)), ('K.13 Musicalion', 'P1', 4, (4, 5), (66, 1.0), (66, 1.0))]) 

74 .    (((8,), (0.25,)), [('K.13 Musicalion', 'P1', 3, (8, 9), (4, 2.5), (4, 2.5)), ('K.13 Musicalion', 'P1', 3, (198, 199), (58, 1.0), (58, 1.0)), ('K.13 Musicalion', 'P1', 3, (257, 258), (78, 2.25), (78, 2.25))]) 

75 .    ((((3, 1),), ((0.0, 0.12),)), [('K.13 Musicalion', 'P1', 1, (432, 433), (65, 2.38), (65, 2.38)), ('K.13 Musicalion', 'P1', 1, (446, 447), (67, 2.0), (67, 2.0))]) 

76 .    (((-9,), (0.12,)), [('K.13 Musicalion', 'P1', 1, (761, 762), (111, 1.88), (111, 1.88)), ('K.13 Musicalion', 'P1', 1, (763, 764), (111, 2.12), (111, 2.12)), ('K.13 Musicalion', 'P1', 3, (289, 290), (88, 1.62), (88, 1.62))]) 

77 .    ((((3, -2),), ((0.0, 0.12),)), [('K.13 Musicalion', 'P1', 1, (322, 323), (48, 1.5), (48, 1.5)), ('K.13 Musicalion', 'P1', 1, (324, 325), (48, 1.75), (48, 1.75))]) 

78 .    (((1,), (1.0,)), [('K.13 Musicalion', 'P1', 3, (95, 96), (29, 2.0), (29, 2.0)), ('K.13 Musicalion', 'P1', 3, (281, 282), (84, 2.25), (84, 2.25))]) 

