1 .    ('nomes', 'K.455 Musescore') 

2 .    ('quantidade', 1) 

3 .    ('analise', 'sequÍncias IntDiaDurPtempo sem contidos e intercalados') 

1 .    (((-6, 3, 1, -2, 1, -3, 2, 6, -6, 3, 1, -2, 1, -3, 2), (0.25, 0.25, 0.25, 0.25, 0.25, 0.25, 0.25, 0.25, 0.25, 0.25, 0.25, 0.25, 0.25, 0.25, 0.25), 0.25), [[('K.455 Musescore', 'P1', 1, (259, 274), (39, 1.25), (40, 2.75)), ('K.455 Musescore', 'P1', 1, (275, 290), (41, 1.25), (42, 2.75))], [('K.455 Musescore', 'P1', 1, (726, 741), (100, 1.25), (101, 2.75)), ('K.455 Musescore', 'P1', 1, (742, 757), (102, 1.25), (103, 2.75))]]) 

2 .    (((-2, 1, 2), (0.25, 0.25, 0.25), 0.0), [[('K.455 Musescore', 'P1', 1, (86, 89), (14, 1.0), (14, 1.5)), ('K.455 Musescore', 'P1', 1, (90, 93), (14, 2.0), (14, 2.5))], [('K.455 Musescore', 'P1', 1, (102, 105), (16, 2.0), (16, 2.5)), ('K.455 Musescore', 'P1', 1, (106, 109), (16, 1.0), (16, 1.5)), ('K.455 Musescore', 'P1', 1, (110, 113), (17, 2.0), (17, 2.5)), ('K.455 Musescore', 'P1', 1, (114, 117), (17, 1.0), (17, 1.5))], [('K.455 Musescore', 'P1', 2, (65, 68), (18, 2.0), (18, 2.5)), ('K.455 Musescore', 'P1', 2, (69, 72), (18, 1.0), (18, 1.5)), ('K.455 Musescore', 'P1', 2, (73, 76), (19, 2.0), (19, 2.5)), ('K.455 Musescore', 'P1', 2, (77, 80), (19, 1.0), (19, 1.5)), ('K.455 Musescore', 'P1', 2, (81, 84), (20, 2.0), (20, 2.5)), ('K.455 Musescore', 'P1', 2, (85, 88), (20, 1.0), (20, 1.5)), ('K.455 Musescore', 'P1', 2, (89, 92), (21, 2.0), (21, 2.5)), ('K.455 Musescore', 'P1', 2, (93, 96), (21, 1.0), (21, 1.5))]]) 

3 .    (((2, -4, -3, -3, 2, 3, 2), (0.25, 0.25, 0.25, 0.25, 0.25, 0.25, 0.25), 0.75), [[('K.455 Musescore', 'P1', 1, (297, 304), (43, 2.75), (44, 2.25)), ('K.455 Musescore', 'P1', 1, (305, 312), (44, 2.75), (45, 2.25))], [('K.455 Musescore', 'P1', 1, (764, 771), (104, 2.75), (105, 2.25)), ('K.455 Musescore', 'P1', 1, (772, 779), (105, 2.75), (106, 2.25))]]) 

4 .    (((-8, 1, 1), (0.25, 0.25, 0.25), 0.0), [[('K.455 Musescore', 'P1', 1, (178, 181), (29, 1.0), (29, 1.5)), ('K.455 Musescore', 'P1', 1, (182, 185), (29, 2.0), (29, 2.5)), ('K.455 Musescore', 'P1', 1, (186, 189), (30, 1.0), (30, 1.5)), ('K.455 Musescore', 'P1', 1, (190, 193), (30, 2.0), (30, 2.5))], [('K.455 Musescore', 'P1', 1, (234, 237), (36, 1.0), (36, 1.5)), ('K.455 Musescore', 'P1', 1, (238, 241), (36, 2.0), (36, 2.5)), ('K.455 Musescore', 'P1', 1, (242, 245), (37, 1.0), (37, 1.5)), ('K.455 Musescore', 'P1', 1, (246, 249), (37, 2.0), (37, 2.5))], [('K.455 Musescore', 'P1', 1, (557, 560), (79, 1.0), (79, 1.5)), ('K.455 Musescore', 'P1', 1, (561, 564), (79, 2.0), (79, 2.5)), ('K.455 Musescore', 'P1', 1, (565, 568), (80, 1.0), (80, 1.5))], [('K.455 Musescore', 'P1', 1, (573, 576), (81, 1.0), (81, 1.5)), ('K.455 Musescore', 'P1', 1, (577, 580), (81, 2.0), (81, 2.5))], [('K.455 Musescore', 'P1', 1, (637, 640), (89, 1.0), (89, 1.5)), ('K.455 Musescore', 'P1', 1, (641, 644), (89, 2.0), (89, 2.5)), ('K.455 Musescore', 'P1', 1, (645, 648), (90, 1.0), (90, 1.5))], [('K.455 Musescore', 'P1', 1, (701, 704), (97, 1.0), (97, 1.5)), ('K.455 Musescore', 'P1', 1, (705, 708), (97, 2.0), (97, 2.5)), ('K.455 Musescore', 'P1', 1, (709, 712), (98, 1.0), (98, 1.5))]]) 

5 .    (((-2, 1, -2), (0.25, 0.25, 0.25), 0.0), [[('K.455 Musescore', 'P1', 1, (69, 72), (11, 1.0), (11, 1.5)), ('K.455 Musescore', 'P1', 1, (73, 76), (11, 2.0), (11, 2.5))], [('K.455 Musescore', 'P1', 1, (78, 81), (13, 1.0), (13, 1.5)), ('K.455 Musescore', 'P1', 1, (82, 85), (13, 2.0), (13, 2.5))], [('K.455 Musescore', 'P1', 1, (346, 349), (51, 1.0), (51, 1.5)), ('K.455 Musescore', 'P1', 1, (350, 353), (51, 2.0), (51, 2.5))], [('K.455 Musescore', 'P1', 1, (372, 375), (55, 1.0), (55, 1.5)), ('K.455 Musescore', 'P1', 1, (376, 379), (55, 2.0), (55, 2.5)), ('K.455 Musescore', 'P1', 1, (380, 383), (56, 1.0), (56, 1.5)), ('K.455 Musescore', 'P1', 1, (384, 387), (56, 2.0), (56, 2.5))], [('K.455 Musescore', 'P1', 1, (389, 392), (58, 1.0), (58, 1.5)), ('K.455 Musescore', 'P1', 1, (393, 396), (58, 2.0), (58, 2.5))], [('K.455 Musescore', 'P1', 2, (39, 42), (12, 1.0), (12, 1.5)), ('K.455 Musescore', 'P1', 2, (43, 46), (12, 2.0), (12, 2.5))], [('K.455 Musescore', 'P1', 2, (223, 226), (57, 1.0), (57, 1.5)), ('K.455 Musescore', 'P1', 2, (227, 230), (57, 2.0), (57, 2.5))]]) 

6 .    (((1, -2, -6), (0.25, 0.25, 0.25), 0.75), [[('K.455 Musescore', 'P1', 1, (16, 19), (3, 2.75), (4, 1.25)), ('K.455 Musescore', 'P1', 1, (20, 23), (4, 1.75), (4, 2.25)), ('K.455 Musescore', 'P1', 1, (24, 27), (4, 2.75), (5, 1.25))], [('K.455 Musescore', 'P1', 1, (48, 51), (7, 2.75), (8, 1.25)), ('K.455 Musescore', 'P1', 1, (52, 55), (8, 1.75), (8, 2.25)), ('K.455 Musescore', 'P1', 1, (56, 59), (8, 2.75), (9, 1.25)), ('K.455 Musescore', 'P1', 1, (60, 63), (9, 1.75), (9, 2.25))]]) 

7 .    (((2, -4, -3, -3, 2), (0.25, 0.12, 0.12, 0.12, 0.12), 0.75), [[('K.455 Musescore', 'P1', 1, (313, 318), (45, 2.75), (46, 1.38)), ('K.455 Musescore', 'P1', 1, (319, 324), (46, 1.75), (46, 2.38))], [('K.455 Musescore', 'P1', 1, (780, 785), (106, 2.75), (107, 1.38)), ('K.455 Musescore', 'P1', 1, (786, 791), (107, 1.75), (107, 2.38))]]) 

8 .    (((1, 1, 9), (0.25, 0.25, 0.25), 0.25), [[('K.455 Musescore', 'P1', 1, (634, 637), (88, 2.25), (88, 2.75)), ('K.455 Musescore', 'P1', 1, (638, 641), (89, 1.25), (89, 1.75)), ('K.455 Musescore', 'P1', 1, (642, 645), (89, 2.25), (89, 2.75))], [('K.455 Musescore', 'P1', 1, (698, 701), (96, 2.25), (96, 2.75)), ('K.455 Musescore', 'P1', 1, (702, 705), (97, 1.25), (97, 1.75)), ('K.455 Musescore', 'P1', 1, (706, 709), (97, 2.25), (97, 2.75))]]) 

9 .    (((2, -3, 9), (0.25, 0.25, 0.25), 0.25), [[('K.455 Musescore', 'P1', 1, (335, 338), (49, 2.25), (49, 2.75)), ('K.455 Musescore', 'P1', 1, (339, 342), (50, 1.25), (50, 1.75)), ('K.455 Musescore', 'P1', 1, (343, 346), (50, 2.25), (50, 2.75))], [('K.455 Musescore', 'P1', 1, (365, 368), (54, 1.25), (54, 1.75)), ('K.455 Musescore', 'P1', 1, (369, 372), (54, 2.25), (54, 2.75))]]) 

10 .    (((8, 2, -5), (0.5, 0.5, 0.5), 0.0), [[('K.455 Musescore', 'P1', 2, (173, 176), (39, 1.0), (39, 2.0)), ('K.455 Musescore', 'P1', 2, (177, 180), (40, 1.0), (40, 2.0))], [('K.455 Musescore', 'P1', 2, (393, 396), (101, 1.0), (101, 2.0)), ('K.455 Musescore', 'P1', 2, (397, 400), (102, 1.0), (102, 2.0)), ('K.455 Musescore', 'P1', 2, (401, 404), (103, 1.0), (103, 2.0))]]) 

11 .    (((-8, 1, 2, -3), (0.5, 0.75, 0.25, 0.25), 0.0), [[('K.455 Musescore', 'P1', 1, (354, 358), (52, 1.0), (52, 2.5)), ('K.455 Musescore', 'P1', 1, (359, 363), (53, 1.0), (53, 2.5))]]) 

12 .    (((1, 1, 1), (0.25, 0.25, 0.25), 0.0), [[('K.455 Musescore', 'P1', 1, (138, 141), (24, 2.0), (24, 2.5)), ('K.455 Musescore', 'P1', 1, (142, 145), (24, 1.0), (24, 1.5))], [('K.455 Musescore', 'P1', 1, (589, 592), (83, 1.0), (83, 1.5)), ('K.455 Musescore', 'P1', 1, (593, 596), (83, 2.0), (83, 2.5))]]) 

13 .    (((2, 2, -3), (0.5, 0.5, 0.5), 0.0), [[('K.455 Musescore', 'P1', 2, (125, 128), (27, 1.0), (27, 2.0)), ('K.455 Musescore', 'P1', 2, (129, 132), (28, 1.0), (28, 2.0))], [('K.455 Musescore', 'P1', 2, (153, 156), (34, 1.0), (34, 2.0)), ('K.455 Musescore', 'P1', 2, (157, 160), (35, 1.0), (35, 2.0))], [('K.455 Musescore', 'P1', 2, (277, 280), (70, 1.0), (70, 2.0)), ('K.455 Musescore', 'P1', 2, (281, 284), (71, 1.0), (71, 2.0))], [('K.455 Musescore', 'P1', 2, (333, 336), (86, 1.0), (86, 2.0)), ('K.455 Musescore', 'P1', 2, (337, 340), (87, 1.0), (87, 2.0))], [('K.455 Musescore', 'P1', 2, (365, 368), (94, 1.0), (94, 2.0)), ('K.455 Musescore', 'P1', 2, (369, 372), (95, 1.0), (95, 2.0))]]) 

14 .    (((-2, 2, -3), (0.5, 0.5, 0.5), 0.0), [[('K.455 Musescore', 'P1', 2, (117, 120), (25, 2.0), (25, 1.0)), ('K.455 Musescore', 'P1', 2, (121, 124), (26, 1.0), (26, 2.0))], [('K.455 Musescore', 'P1', 2, (237, 240), (60, 1.0), (60, 2.0)), ('K.455 Musescore', 'P1', 2, (241, 244), (61, 1.0), (61, 2.0))], [('K.455 Musescore', 'P1', 2, (325, 328), (84, 1.0), (84, 2.0)), ('K.455 Musescore', 'P1', 2, (329, 332), (85, 1.0), (85, 2.0))]]) 

15 .    (((2, -3, 2), (0.5, 0.5, 0.5), 0.5), [[('K.455 Musescore', 'P1', 2, (58, 61), (16, 2.5), (16, 1.5)), ('K.455 Musescore', 'P1', 2, (62, 65), (17, 2.5), (17, 1.5))]]) 

16 .    (((-2, -2, 2), (0.5, 0.5, 0.5), 0.5), [[('K.455 Musescore', 'P1', 2, (236, 239), (59, 2.5), (60, 1.5)), ('K.455 Musescore', 'P1', 2, (240, 243), (60, 2.5), (61, 1.5))], [('K.455 Musescore', 'P1', 2, (324, 327), (83, 2.5), (84, 1.5)), ('K.455 Musescore', 'P1', 2, (328, 331), (84, 2.5), (85, 1.5))]]) 

17 .    (((2, 2, 2), (0.5, 0.5, 0.5), 0.0), [[('K.455 Musescore', 'P1', 2, (0, 3), (1, 1.0), (1, 2.0)), ('K.455 Musescore', 'P1', 2, (4, 7), (2, 1.0), (2, 2.0))], [('K.455 Musescore', 'P1', 2, (198, 201), (48, 1.0), (48, 2.0)), ('K.455 Musescore', 'P1', 2, (202, 205), (49, 1.0), (49, 2.0))]]) 

18 .    (((-8, 5, -8), (0.5, 0.5, 0.5), 0.0), [[('K.455 Musescore', 'P1', 2, (12, 15), (4, 1.0), (4, 2.0)), ('K.455 Musescore', 'P1', 2, (16, 19), (5, 1.0), (5, 2.0))], [('K.455 Musescore', 'P1', 2, (24, 27), (8, 1.0), (8, 2.0)), ('K.455 Musescore', 'P1', 2, (28, 31), (9, 1.0), (9, 2.0))]]) 

