1 .    ('nomes', 'K.26 Musicalion') 

2 .    ('quantidade', 1) 

3 .    ('analise', 'sequÍncias IntDiaDurPtempo sem contidos e intercalados') 

1 .    (((6, -6, 5, -5, 4, -4, 3, -3, 4, -4, 5), (0.5, 0.5, 0.5, 0.5, 0.5, 0.5, 0.5, 0.5, 0.5, 0.5, 0.5), 0.5), [[('K.26 Musicalion', 'P1', 1, (106, 117), (22, 1.5), (23, 3.5)), ('K.26 Musicalion', 'P1', 1, (118, 129), (24, 1.5), (25, 3.5)), ('K.26 Musicalion', 'P1', 1, (130, 141), (26, 1.5), (27, 3.5))], [('K.26 Musicalion', 'P1', 1, (424, 435), (87, 3.5), (88, 2.5)), ('K.26 Musicalion', 'P1', 1, (436, 447), (89, 3.5), (90, 2.5))]]) 

2 .    (((1, 2, -2, 1, 1), (0.5, 0.5, 0.5, 0.5, 0.5), 0.5), [[('K.26 Musicalion', 'P1', 2, (60, 65), (121, 3.5), (121, 2.5)), ('K.26 Musicalion', 'P1', 2, (66, 71), (122, 2.5), (122, 1.5)), ('K.26 Musicalion', 'P1', 2, (72, 77), (123, 1.5), (123, 3.5)), ('K.26 Musicalion', 'P1', 2, (78, 83), (124, 3.5), (124, 2.5)), ('K.26 Musicalion', 'P1', 2, (84, 89), (125, 2.5), (125, 1.5)), ('K.26 Musicalion', 'P1', 2, (90, 95), (126, 1.5), (126, 3.5))], [('K.26 Musicalion', 'P1', 2, (101, 106), (130, 3.5), (130, 2.5)), ('K.26 Musicalion', 'P1', 2, (107, 112), (131, 2.5), (131, 1.5)), ('K.26 Musicalion', 'P1', 2, (113, 118), (132, 1.5), (132, 3.5)), ('K.26 Musicalion', 'P1', 2, (119, 124), (133, 3.5), (133, 2.5)), ('K.26 Musicalion', 'P1', 2, (125, 130), (134, 2.5), (134, 1.5)), ('K.26 Musicalion', 'P1', 2, (131, 136), (135, 1.5), (135, 3.5))]]) 

3 .    (((-6, 5, -5, 4, -4, 3, -3, 4, -4, 5, -5), (0.5, 0.5, 0.5, 0.5, 0.5, 0.5, 0.5, 0.5, 0.5, 0.5, 0.5), 0.0), [[('K.26 Musicalion', 'P1', 1, (65, 76), (15, 2.0), (17, 1.0)), ('K.26 Musicalion', 'P1', 1, (77, 88), (17, 2.0), (19, 1.0))], [('K.26 Musicalion', 'P1', 1, (383, 394), (80, 1.0), (82, 3.0)), ('K.26 Musicalion', 'P1', 1, (395, 406), (82, 1.0), (84, 3.0))]]) 

4 .    (((-2, 3, -4, -2, 2, -3, -2, -2, -2, -2, 2), (0.5, 0.5, 0.5, 0.5, 0.5, 0.5, 0.5, 0.5, 0.5, 0.5, 0.5), 0.5), [[('K.26 Musicalion', 'P1', 1, (230, 241), (43, 1.5), (44, 3.5)), ('K.26 Musicalion', 'P1', 1, (242, 253), (45, 1.5), (46, 3.5))], [('K.26 Musicalion', 'P1', 1, (298, 309), (63, 3.5), (64, 2.5)), ('K.26 Musicalion', 'P1', 1, (310, 321), (65, 3.5), (66, 2.5))]]) 

5 .    (((1, 2, -2, 1, 1), (0.5, 0.5, 0.5, 0.5, 0.5), 0.0), [[('K.26 Musicalion', 'P1', 2, (6, 11), (49, 3.0), (49, 2.0)), ('K.26 Musicalion', 'P1', 2, (12, 17), (50, 2.0), (50, 1.0)), ('K.26 Musicalion', 'P1', 2, (18, 23), (51, 1.0), (51, 3.0)), ('K.26 Musicalion', 'P1', 2, (24, 29), (52, 3.0), (52, 2.0))], [('K.26 Musicalion', 'P1', 2, (36, 41), (57, 1.0), (57, 3.0)), ('K.26 Musicalion', 'P1', 2, (42, 47), (58, 3.0), (58, 2.0)), ('K.26 Musicalion', 'P1', 2, (48, 53), (59, 2.0), (59, 1.0)), ('K.26 Musicalion', 'P1', 2, (54, 59), (60, 1.0), (60, 3.0))]]) 

6 .    (((2, -2, 1, 1, 1), (0.5, 0.5, 0.5, 0.5, -0.5), 0.5), [[('K.26 Musicalion', 'P1', 2, (1, 6), (48, 1.5), (48, 3.5)), ('K.26 Musicalion', 'P1', 2, (7, 12), (49, 3.5), (49, 2.5)), ('K.26 Musicalion', 'P1', 2, (13, 18), (50, 2.5), (50, 1.5)), ('K.26 Musicalion', 'P1', 2, (19, 24), (51, 1.5), (51, 3.5))], [('K.26 Musicalion', 'P1', 2, (31, 36), (56, 2.5), (56, 1.5)), ('K.26 Musicalion', 'P1', 2, (37, 42), (57, 1.5), (57, 3.5)), ('K.26 Musicalion', 'P1', 2, (43, 48), (58, 3.5), (58, 2.5)), ('K.26 Musicalion', 'P1', 2, (49, 54), (59, 2.5), (59, 1.5))]]) 

7 .    (((-2, -2, -13, -8, 8), (1.0, 1.0, 1.0, 1.0, 1.0), 0.0), [[('K.26 Musicalion', 'P1', 3, (30, 35), (15, 2.0), (16, 3.0)), ('K.26 Musicalion', 'P1', 3, (36, 41), (17, 2.0), (18, 3.0))], [('K.26 Musicalion', 'P1', 3, (51, 56), (22, 2.0), (23, 3.0)), ('K.26 Musicalion', 'P1', 3, (57, 62), (24, 2.0), (25, 3.0)), ('K.26 Musicalion', 'P1', 3, (63, 68), (26, 2.0), (27, 3.0))], [('K.26 Musicalion', 'P1', 3, (173, 178), (80, 1.0), (81, 2.0)), ('K.26 Musicalion', 'P1', 3, (179, 184), (82, 1.0), (83, 2.0))], [('K.26 Musicalion', 'P1', 3, (194, 199), (87, 1.0), (88, 2.0)), ('K.26 Musicalion', 'P1', 3, (200, 205), (89, 1.0), (90, 2.0))]]) 

8 .    ((((8, 4), (5, -5)), ((0.0, 1.0), (0.0, 1.0)), 0.0), [[('K.26 Musicalion', 'P1', 3, (102, 104), (43, 3.0), (44, 1.0)), ('K.26 Musicalion', 'P1', 3, (105, 107), (44, 3.0), (45, 1.0)), ('K.26 Musicalion', 'P1', 3, (108, 110), (45, 3.0), (46, 1.0)), ('K.26 Musicalion', 'P1', 3, (111, 113), (46, 3.0), (47, 1.0))], [('K.26 Musicalion', 'P1', 3, (138, 140), (63, 2.0), (64, 3.0)), ('K.26 Musicalion', 'P1', 3, (141, 143), (64, 2.0), (65, 3.0)), ('K.26 Musicalion', 'P1', 3, (144, 146), (65, 2.0), (66, 3.0)), ('K.26 Musicalion', 'P1', 3, (147, 149), (66, 2.0), (67, 3.0))]]) 

9 .    ((((8, 2), (8, 4)), ((0.0, 1.0), (0.0, 1.0)), 0.0), [[('K.26 Musicalion', 'P1', 3, (101, 103), (43, 2.0), (43, 3.0)), ('K.26 Musicalion', 'P1', 3, (104, 106), (44, 2.0), (44, 3.0)), ('K.26 Musicalion', 'P1', 3, (107, 109), (45, 2.0), (45, 3.0)), ('K.26 Musicalion', 'P1', 3, (110, 112), (46, 2.0), (46, 3.0))]]) 

10 .    (((3, (3, -3), 4), (0.5, (0.0, 0.5), 0.5), 0.0), [[('K.26 Musicalion', 'P1', 1, (467, 470), (94, 1.0), (94, 2.0)), ('K.26 Musicalion', 'P1', 1, (471, 474), (95, 3.0), (95, 1.0))], [('K.26 Musicalion', 'P1', 1, (479, 482), (96, 1.0), (96, 2.0)), ('K.26 Musicalion', 'P1', 1, (483, 486), (97, 3.0), (97, 1.0))]]) 

11 .    (((4, (3, -4), 3), (0.5, (0.0, 0.5), 0.5), 0.0), [[('K.26 Musicalion', 'P1', 1, (465, 468), (94, 3.0), (94, 1.0)), ('K.26 Musicalion', 'P1', 1, (469, 472), (94, 2.0), (95, 3.0))], [('K.26 Musicalion', 'P1', 1, (477, 480), (96, 3.0), (96, 1.0)), ('K.26 Musicalion', 'P1', 1, (481, 484), (96, 2.0), (97, 3.0))]]) 

12 .    (((2, 2, 2), (0.5, 0.5, 0.5), 0.5), [[('K.26 Musicalion', 'P1', 1, (98, 101), (20, 3.5), (21, 1.5)), ('K.26 Musicalion', 'P1', 1, (102, 105), (21, 2.5), (21, 3.5))], [('K.26 Musicalion', 'P1', 1, (416, 419), (85, 2.5), (86, 3.5)), ('K.26 Musicalion', 'P1', 1, (420, 423), (86, 1.5), (86, 2.5))]]) 

