1 .    ('nomes', 'K.320 KernScores') 

2 .    ('quantidade', 1) 

3 .    ('analise', 'sequęncias IntDiaDurPtempo sem contidos e intercalados') 

1 .    (((-2, -2, -2, -2, 3, 2, -5, 6, -3, -2, -2, -2), (0.75, 0.25, 0.25, 0.25, 0.25, 0.25, 0.25, 0.25, 0.25, 0.25, 0.25, 0.25), 0.5), [[('K.320 KernScores', 'P1', 1, (168, 180), (33, 1.5), (34, 2.75)), ('K.320 KernScores', 'P1', 1, (181, 193), (35, 1.5), (36, 2.75))], [('K.320 KernScores', 'P1', 1, (323, 335), (63, 1.5), (64, 2.75)), ('K.320 KernScores', 'P1', 1, (336, 348), (65, 1.5), (66, 2.75))]]) 

2 .    (((-8, 7, -7, 7, -7, 6, -6, 5, -5, 1, (7, 1)), (0.25, 0.25, 0.25, 0.25, 0.25, 0.25, 0.25, 0.25, 0.25, 0.5, (0.0, 0.5)), 0.75), [[('K.320 KernScores', 'P2', 1, (119, 130), (29, 1.75), (30, 2.5)), ('K.320 KernScores', 'P2', 1, (131, 142), (31, 1.75), (32, 2.5))], [('K.320 KernScores', 'P2', 1, (267, 278), (59, 1.75), (60, 2.5)), ('K.320 KernScores', 'P2', 1, (279, 290), (61, 1.75), (62, 2.5))]]) 

3 .    ((((6, 2), (6, 2), (6, 2), (6, 2), (6, 2), (6, 5), -2, -2), ((0.0, 0.25), (0.0, 0.5), (0.0, 0.5), (0.0, 0.5), (0.0, 0.5), (0.0, 0.5), 0.25, 0.25), 0.75), [[('K.320 KernScores', 'P1', 1, (150, 158), (29, 1.75), (30, 2.75)), ('K.320 KernScores', 'P1', 1, (159, 167), (31, 1.75), (32, 2.75))], [('K.320 KernScores', 'P1', 1, (305, 313), (59, 1.75), (60, 2.75)), ('K.320 KernScores', 'P1', 1, (314, 322), (61, 1.75), (62, 2.75))]]) 

4 .    (((-2, -2, -2), (0.25, 0.25, 0.25), 0.0), [[('K.320 KernScores', 'P2', 1, (207, 210), (47, 2.0), (47, 2.5)), ('K.320 KernScores', 'P2', 1, (211, 214), (48, 1.0), (48, 1.5)), ('K.320 KernScores', 'P2', 1, (215, 218), (48, 2.0), (48, 2.5))], [('K.320 KernScores', 'P2', 1, (223, 226), (50, 2.0), (50, 2.5)), ('K.320 KernScores', 'P2', 1, (227, 230), (51, 1.0), (51, 1.5)), ('K.320 KernScores', 'P2', 1, (231, 234), (51, 2.0), (51, 2.5))], [('K.320 KernScores', 'P2', 1, (239, 242), (53, 2.0), (53, 2.5)), ('K.320 KernScores', 'P2', 1, (243, 246), (54, 1.0), (54, 1.5)), ('K.320 KernScores', 'P2', 1, (247, 250), (54, 2.0), (54, 2.5))]]) 

5 .    (((3, -2, 3), (0.25, 0.25, 0.25), 0.5), [[('K.320 KernScores', 'P1', 1, (87, 90), (18, 1.5), (18, 2.0)), ('K.320 KernScores', 'P1', 1, (91, 94), (18, 2.5), (19, 1.0))], [('K.320 KernScores', 'P1', 1, (131, 134), (26, 2.5), (27, 1.0)), ('K.320 KernScores', 'P1', 1, (135, 138), (27, 1.5), (27, 2.0)), ('K.320 KernScores', 'P1', 1, (139, 142), (27, 2.5), (28, 1.0))], [('K.320 KernScores', 'P1', 1, (390, 393), (74, 1.5), (74, 2.0)), ('K.320 KernScores', 'P1', 1, (394, 397), (74, 2.5), (75, 1.0)), ('K.320 KernScores', 'P1', 1, (398, 401), (75, 1.5), (75, 2.0))]]) 

6 .    (((-2, -2, -2), (0.25, 0.25, 0.25), 0.5), [[('K.320 KernScores', 'P2', 1, (205, 208), (47, 1.5), (47, 2.0)), ('K.320 KernScores', 'P2', 1, (209, 212), (47, 2.5), (48, 1.0)), ('K.320 KernScores', 'P2', 1, (213, 216), (48, 1.5), (48, 2.0))], [('K.320 KernScores', 'P2', 1, (221, 224), (50, 1.5), (50, 2.0)), ('K.320 KernScores', 'P2', 1, (225, 228), (50, 2.5), (51, 1.0)), ('K.320 KernScores', 'P2', 1, (229, 232), (51, 1.5), (51, 2.0))], [('K.320 KernScores', 'P2', 1, (237, 240), (53, 1.5), (53, 2.0)), ('K.320 KernScores', 'P2', 1, (241, 244), (53, 2.5), (54, 1.0)), ('K.320 KernScores', 'P2', 1, (245, 248), (54, 1.5), (54, 2.0))]]) 

7 .    (((3, -5, 3), (0.25, 0.25, 0.25), 0.0), [[('K.320 KernScores', 'P2', 1, (58, 61), (15, 1.0), (15, 1.5)), ('K.320 KernScores', 'P2', 1, (62, 65), (15, 2.0), (15, 2.5))], [('K.320 KernScores', 'P2', 1, (74, 77), (17, 1.0), (17, 1.5)), ('K.320 KernScores', 'P2', 1, (78, 81), (17, 2.0), (17, 2.5))]]) 

8 .    (((-5, 3, -5), (0.25, 0.25, 0.25), 0.25), [[('K.320 KernScores', 'P1', 1, (94, 97), (19, 1.25), (19, 1.75)), ('K.320 KernScores', 'P1', 1, (98, 101), (19, 2.25), (19, 2.75))], [('K.320 KernScores', 'P1', 1, (142, 145), (28, 1.25), (28, 1.75)), ('K.320 KernScores', 'P1', 1, (146, 149), (28, 2.25), (28, 2.75))]]) 

9 .    (((-5, 3, -5), (0.25, 0.25, 0.25), 0.75), [[('K.320 KernScores', 'P2', 1, (57, 60), (14, 2.75), (15, 1.25)), ('K.320 KernScores', 'P2', 1, (61, 64), (15, 1.75), (15, 2.25))], [('K.320 KernScores', 'P2', 1, (73, 76), (16, 2.75), (17, 1.25)), ('K.320 KernScores', 'P2', 1, (77, 80), (17, 1.75), (17, 2.25))]]) 

10 .    (((3, -6, 3), (0.25, 0.25, 0.25), 0.0), [[('K.320 KernScores', 'P1', 1, (85, 88), (18, 1.0), (18, 1.5)), ('K.320 KernScores', 'P1', 1, (89, 92), (18, 2.0), (18, 2.5))]]) 

