1 .    ('nomes', 'K.15 Musicalion') 

2 .    ('quantidade', 1) 

3 .    ('analise', 'sequÍncias IntDiaDur sem contidos e intercalados') 

1 .    (((-3, 4, -4, 5, -5, 6, -6, 5, -5, 6, -6, 5, -5, 4, -4, 3, -3, 4, -4, 3, -3, 4, -4), (0.5, 0.5, 0.5, 0.5, 0.5, 0.5, 0.5, 0.5, 0.5, 0.5, 0.5, 0.5, 0.5, 0.5, 0.5, 0.5, 0.5, 0.5, 0.5, 0.5, 0.5, 0.5, 0.5)), [[('K.15 Musicalion', 'P1', 3, (77, 100), (20, 1.0), (23, 3.0)), ('K.15 Musicalion', 'P1', 3, (101, 124), (24, 1.0), (27, 3.0))], [('K.15 Musicalion', 'P1', 3, (290, 313), (79, 2.5), (82, 1.5)), ('K.15 Musicalion', 'P1', 3, (314, 337), (83, 2.5), (86, 1.5))]]) 

2 .    (((8, -8, 1, 8, -8, 1, 8, -8, 1, 8, -8, 1), (1.0, 1.0, 1.0, 1.0, 1.0, 1.0, 1.0, 1.0, 1.0, 1.0, 1.0, 1.0)), [[('K.15 Musicalion', 'P1', 3, (125, 137), (28, 1.0), (31, 3.0)), ('K.15 Musicalion', 'P1', 3, (138, 150), (33, 1.0), (36, 3.0))], [('K.15 Musicalion', 'P1', 3, (338, 350), (87, 2.5), (90, 1.5)), ('K.15 Musicalion', 'P1', 3, (351, 363), (92, 2.5), (95, 1.5))]]) 

3 .    (((3, -2, 3, -2, 3, -2, 3, -4, 3, -4, 3), (0.5, 0.5, 0.5, 0.5, 0.5, 0.5, 0.5, 0.5, 0.5, 0.5, 0.5)), [[('K.15 Musicalion', 'P1', 1, (87, 98), (28, 1.0), (29, 3.0)), ('K.15 Musicalion', 'P1', 1, (99, 110), (30, 1.0), (31, 3.0))], [('K.15 Musicalion', 'P1', 1, (133, 144), (35, 3.0), (37, 2.0)), ('K.15 Musicalion', 'P1', 1, (145, 156), (37, 3.0), (39, 2.0))], [('K.15 Musicalion', 'P1', 1, (364, 375), (87, 2.5), (88, 1.5)), ('K.15 Musicalion', 'P1', 1, (376, 387), (89, 2.5), (90, 1.5))], [('K.15 Musicalion', 'P1', 1, (410, 421), (94, 1.5), (96, 3.5)), ('K.15 Musicalion', 'P1', 1, (422, 433), (96, 1.5), (98, 3.5))]]) 

4 .    (((3, -4, 3, -4, 3, -2, 3, -2, 3, -2, 3), (0.5, 0.5, 0.5, 0.5, 0.5, 0.5, 0.5, 0.5, 0.5, 0.5, 0.5)), [[('K.15 Musicalion', 'P1', 1, (129, 140), (35, 1.0), (36, 3.0)), ('K.15 Musicalion', 'P1', 1, (141, 152), (37, 1.0), (38, 3.0))], [('K.15 Musicalion', 'P1', 1, (406, 417), (94, 2.5), (95, 1.5)), ('K.15 Musicalion', 'P1', 1, (418, 429), (96, 2.5), (97, 1.5))]]) 

5 .    (((3, -2, 3, -2, -2), (0.5, 0.5, 0.5, 0.5, 0.5)), [[('K.15 Musicalion', 'P1', 3, (11, 16), (9, 1.0), (9, 3.0)), ('K.15 Musicalion', 'P1', 3, (17, 22), (10, 1.0), (10, 3.0)), ('K.15 Musicalion', 'P1', 3, (23, 28), (11, 1.0), (11, 3.0))], [('K.15 Musicalion', 'P1', 3, (35, 40), (13, 1.0), (13, 3.0)), ('K.15 Musicalion', 'P1', 3, (41, 46), (14, 1.0), (14, 3.0)), ('K.15 Musicalion', 'P1', 3, (47, 52), (15, 1.0), (15, 3.0))], [('K.15 Musicalion', 'P1', 3, (248, 253), (72, 2.5), (72, 1.5)), ('K.15 Musicalion', 'P1', 3, (254, 259), (73, 2.5), (73, 1.5)), ('K.15 Musicalion', 'P1', 3, (260, 265), (74, 2.5), (74, 1.5))], [('K.15 Musicalion', 'P1', 3, (272, 277), (76, 2.5), (76, 1.5)), ('K.15 Musicalion', 'P1', 3, (278, 283), (77, 2.5), (77, 1.5)), ('K.15 Musicalion', 'P1', 3, (284, 289), (78, 2.5), (78, 1.5))]]) 

6 .    ((((8, 3), (8, -3), (8, 2), (8, -3), (8, -3)), ((0.0, 1.0), (0.0, 1.0), (0.0, 1.0), (0.0, 1.0), (0.0, 1.0))), [[('K.15 Musicalion', 'P1', 3, (172, 177), (44, 2.5), (45, 3.5)), ('K.15 Musicalion', 'P1', 3, (178, 183), (46, 2.5), (47, 3.5)), ('K.15 Musicalion', 'P1', 3, (184, 189), (48, 2.5), (49, 3.5))], [('K.15 Musicalion', 'P1', 3, (385, 390), (103, 1.0), (104, 2.0)), ('K.15 Musicalion', 'P1', 3, (391, 396), (105, 1.0), (106, 2.0)), ('K.15 Musicalion', 'P1', 3, (397, 402), (107, 1.0), (108, 2.0))]]) 

7 .    (((-2, 2, 2, 2, -2), (1.0, 1.0, 1.0, 1.0, 1.0)), [[('K.15 Musicalion', 'P1', 1, (52, 57), (16, 2.0), (17, 3.0)), ('K.15 Musicalion', 'P1', 1, (58, 63), (18, 2.0), (19, 3.0))]]) 

8 .    (((2, 2, 2, -2, 2), (1.0, 1.0, 1.0, 1.0, 1.0)), [[('K.15 Musicalion', 'P1', 1, (63, 68), (20, 1.0), (21, 2.0)), ('K.15 Musicalion', 'P1', 1, (69, 74), (22, 1.0), (23, 2.0))], [('K.15 Musicalion', 'P1', 1, (340, 345), (79, 2.5), (80, 3.5)), ('K.15 Musicalion', 'P1', 1, (346, 351), (81, 2.5), (82, 3.5))]]) 

9 .    (((2, 2), (1.0, 1.0)), [[('K.15 Musicalion', 'P1', 1, (32, 34), (9, 3.0), (10, 1.0)), ('K.15 Musicalion', 'P1', 1, (35, 37), (10, 3.0), (11, 1.0))], [('K.15 Musicalion', 'P1', 1, (44, 46), (13, 3.0), (14, 1.0)), ('K.15 Musicalion', 'P1', 1, (47, 49), (14, 3.0), (15, 1.0))], [('K.15 Musicalion', 'P1', 1, (321, 323), (72, 1.5), (73, 2.5)), ('K.15 Musicalion', 'P1', 1, (324, 326), (73, 1.5), (74, 2.5))]]) 

10 .    (((2, -3), (1.0, 1.0)), [[('K.15 Musicalion', 'P1', 1, (30, 32), (9, 1.0), (9, 2.0)), ('K.15 Musicalion', 'P1', 1, (33, 35), (10, 1.0), (10, 2.0)), ('K.15 Musicalion', 'P1', 1, (36, 38), (11, 1.0), (11, 2.0))], [('K.15 Musicalion', 'P1', 1, (42, 44), (13, 1.0), (13, 2.0)), ('K.15 Musicalion', 'P1', 1, (45, 47), (14, 1.0), (14, 2.0)), ('K.15 Musicalion', 'P1', 1, (48, 50), (15, 1.0), (15, 2.0))], [('K.15 Musicalion', 'P1', 1, (319, 321), (72, 2.5), (72, 3.5)), ('K.15 Musicalion', 'P1', 1, (322, 324), (73, 2.5), (73, 3.5)), ('K.15 Musicalion', 'P1', 1, (325, 327), (74, 2.5), (74, 3.5))], [('K.15 Musicalion', 'P1', 1, (331, 333), (76, 2.5), (76, 3.5)), ('K.15 Musicalion', 'P1', 1, (334, 336), (77, 2.5), (77, 3.5)), ('K.15 Musicalion', 'P1', 1, (337, 339), (78, 2.5), (78, 3.5))]]) 

11 .    ((((3, -2), (3, -2)), ((0.0, 1.0), (0.0, 1.0))), [[('K.15 Musicalion', 'P1', 3, (219, 221), (63, 2.5), (63, 3.5)), ('K.15 Musicalion', 'P1', 3, (222, 224), (64, 2.5), (64, 3.5)), ('K.15 Musicalion', 'P1', 3, (225, 227), (65, 2.5), (65, 3.5))], [('K.15 Musicalion', 'P1', 3, (228, 230), (66, 2.5), (66, 3.5)), ('K.15 Musicalion', 'P1', 3, (231, 233), (67, 2.5), (67, 3.5)), ('K.15 Musicalion', 'P1', 3, (234, 236), (68, 2.5), (68, 3.5))]]) 

12 .    (((3, -4, 3), (0.5, 0.5, 0.5)), [[('K.15 Musicalion', 'P1', 1, (113, 116), (32, 2.0), (32, 3.0)), ('K.15 Musicalion', 'P1', 1, (117, 120), (33, 1.0), (33, 2.0))], [('K.15 Musicalion', 'P1', 1, (390, 393), (91, 3.5), (91, 1.5)), ('K.15 Musicalion', 'P1', 1, (394, 397), (92, 2.5), (92, 3.5))]]) 

13 .    (((2, -2, 2), (1.0, 1.0, 1.0)), [[('K.15 Musicalion', 'P1', 1, (79, 82), (25, 2.0), (26, 1.0)), ('K.15 Musicalion', 'P1', 1, (83, 86), (26, 3.0), (27, 2.0))], [('K.15 Musicalion', 'P1', 1, (356, 359), (84, 3.5), (85, 2.5)), ('K.15 Musicalion', 'P1', 1, (360, 363), (85, 1.5), (86, 3.5))]]) 

14 .    (((5, -6, 5), (0.5, 0.5, 0.5)), [[('K.15 Musicalion', 'P1', 1, (287, 290), (66, 3.5), (66, 1.5)), ('K.15 Musicalion', 'P1', 1, (291, 294), (67, 2.5), (67, 3.5))]]) 

15 .    (((3, 3), (0.5, 0.5)), [[('K.15 Musicalion', 'P1', 3, (161, 163), (40, 2.0), (40, 2.5)), ('K.15 Musicalion', 'P1', 3, (164, 166), (40, 3.5), (41, 1.0))], [('K.15 Musicalion', 'P1', 3, (374, 376), (99, 3.5), (99, 1.0)), ('K.15 Musicalion', 'P1', 3, (377, 379), (99, 2.0), (100, 2.5))]]) 

