1 .    ('nomes', 'K.114 KernScores') 

2 .    ('quantidade', 1) 

3 .    ('analise', 'sequęncias IntDiaDur sem contidos e intercalados') 

1 .    (((4, -2, -2, -2, -2, -2, -2, -2, -2, -2, -2), (0.5, 0.5, 0.5, 0.5, 0.5, 0.5, 0.5, 0.5, 0.5, 0.5, 0.5)), [[('K.114 KernScores', 'P2', 1, (210, 221), (70, 1.5), (71, 3.5)), ('K.114 KernScores', 'P2', 1, (222, 233), (72, 1.5), (73, 3.5)), ('K.114 KernScores', 'P2', 1, (234, 245), (74, 1.5), (75, 3.5))], [('K.114 KernScores', 'P2', 1, (250, 261), (78, 1.5), (79, 3.5)), ('K.114 KernScores', 'P2', 1, (262, 273), (80, 1.5), (81, 3.5)), ('K.114 KernScores', 'P2', 1, (274, 285), (82, 1.5), (83, 3.5))], [('K.114 KernScores', 'P2', 1, (503, 514), (155, 1.5), (156, 3.5)), ('K.114 KernScores', 'P2', 1, (515, 526), (157, 1.5), (158, 3.5))]]) 

2 .    (((-4, 2, -4, 2, -4, 2, -2, 2, -2, 2, -2), (0.5, 0.5, 0.5, 0.5, 0.5, 0.5, 0.5, 0.5, 0.5, 0.5, 0.5)), [[('K.114 KernScores', 'P1', 1, (231, 242), (46, 1.0), (47, 3.0)), ('K.114 KernScores', 'P1', 1, (243, 254), (48, 1.0), (49, 3.0)), ('K.114 KernScores', 'P1', 1, (255, 266), (50, 1.0), (51, 3.0))], [('K.114 KernScores', 'P1', 1, (570, 581), (132, 1.0), (133, 3.0)), ('K.114 KernScores', 'P1', 1, (582, 593), (134, 1.0), (135, 3.0)), ('K.114 KernScores', 'P1', 1, (594, 605), (136, 1.0), (137, 3.0))]]) 

3 .    (((4, -2, -2, -2, -2, -2, -2, -2, 2, -3, 2), (0.5, 0.5, 0.5, 0.5, 0.5, 0.5, 0.5, 0.5, 0.5, 0.5, 0.5)), [[('K.114 KernScores', 'P1', 1, (390, 401), (86, 1.5), (87, 3.5)), ('K.114 KernScores', 'P1', 1, (402, 413), (88, 1.5), (89, 3.5))], [('K.114 KernScores', 'P1', 1, (731, 742), (173, 1.5), (174, 3.5)), ('K.114 KernScores', 'P1', 1, (743, 754), (175, 1.5), (176, 3.5))]]) 

4 .    (((5, -8, 4), (0.5, 0.5, 0.5)), [[('K.114 KernScores', 'P2', 1, (1, 4), (1, 2.5), (1, 3.5)), ('K.114 KernScores', 'P2', 1, (5, 8), (2, 2.5), (2, 3.5)), ('K.114 KernScores', 'P2', 1, (9, 12), (3, 2.5), (3, 3.5)), ('K.114 KernScores', 'P2', 1, (13, 16), (4, 2.5), (4, 3.5)), ('K.114 KernScores', 'P2', 1, (17, 20), (5, 2.5), (5, 3.5))], [('K.114 KernScores', 'P2', 1, (31, 34), (10, 2.5), (10, 3.5)), ('K.114 KernScores', 'P2', 1, (35, 38), (11, 2.5), (11, 3.5)), ('K.114 KernScores', 'P2', 1, (39, 42), (12, 2.5), (12, 3.5)), ('K.114 KernScores', 'P2', 1, (43, 46), (13, 2.5), (13, 3.5)), ('K.114 KernScores', 'P2', 1, (47, 50), (14, 2.5), (14, 3.5))]]) 

5 .    ((((3, 1), (3, 1), (3, 1), (2, 1), (2, 1)), ((0.0, 1.0), (0.0, 1.0), (0.0, 1.0), (0.0, 1.0), (0.0, 1.0))), [[('K.114 KernScores', 'P2', 1, (139, 144), (46, 1.0), (47, 2.0)), ('K.114 KernScores', 'P2', 1, (145, 150), (48, 1.0), (49, 2.0)), ('K.114 KernScores', 'P2', 1, (151, 156), (50, 1.0), (51, 2.0))], [('K.114 KernScores', 'P2', 1, (437, 442), (132, 1.0), (133, 2.0)), ('K.114 KernScores', 'P2', 1, (443, 448), (134, 1.0), (135, 2.0)), ('K.114 KernScores', 'P2', 1, (449, 454), (136, 1.0), (137, 2.0))]]) 

6 .    ((((3, 1), (3, 1)), ((0.0, 1.0), (0.0, 1.0))), [[('K.114 KernScores', 'P2', 1, (336, 338), (107, 1.0), (107, 2.0)), ('K.114 KernScores', 'P2', 1, (339, 341), (108, 1.0), (108, 2.0)), ('K.114 KernScores', 'P2', 1, (342, 344), (109, 1.0), (109, 2.0)), ('K.114 KernScores', 'P2', 1, (345, 347), (110, 1.0), (110, 2.0)), ('K.114 KernScores', 'P2', 1, (348, 350), (111, 1.0), (111, 2.0))]]) 

7 .    (((2, 2, 2, 2, 2, 2), (0.25, 0.25, 0.25, 0.25, 0.25, 0.25)), [[('K.114 KernScores', 'P2', 1, (379, 385), (121, 1.5), (121, 2.75)), ('K.114 KernScores', 'P2', 1, (386, 392), (122, 1.25), (122, 2.5))], [('K.114 KernScores', 'P2', 1, (395, 401), (123, 1.5), (123, 2.75)), ('K.114 KernScores', 'P2', 1, (402, 408), (124, 1.25), (124, 2.5))], [('K.114 KernScores', 'P2', 1, (411, 417), (125, 1.5), (125, 2.75)), ('K.114 KernScores', 'P2', 1, (418, 424), (126, 1.25), (126, 2.5))]]) 

8 .    (((2, -3, 2, -3, 2), (0.5, 0.5, 0.5, 0.5, 0.5)), [[('K.114 KernScores', 'P1', 1, (25, 30), (6, 3.5), (7, 2.5)), ('K.114 KernScores', 'P1', 1, (31, 36), (7, 3.5), (8, 2.5))], [('K.114 KernScores', 'P1', 1, (66, 71), (15, 3.5), (16, 2.5)), ('K.114 KernScores', 'P1', 1, (72, 77), (16, 3.5), (17, 2.5))]]) 

9 .    (((2, -3, 2, -4, 2), (0.5, 0.5, 0.5, 0.5, 0.5)), [[('K.114 KernScores', 'P1', 1, (21, 26), (6, 1.5), (6, 3.5)), ('K.114 KernScores', 'P1', 1, (27, 32), (7, 1.5), (7, 3.5))], [('K.114 KernScores', 'P1', 1, (62, 67), (15, 1.5), (15, 3.5)), ('K.114 KernScores', 'P1', 1, (68, 73), (16, 1.5), (16, 3.5))]]) 

10 .    (((2, -2, 2, 1, 2), (0.5, 0.5, 0.5, 0.5, 0.5)), [[('K.114 KernScores', 'P1', 1, (611, 616), (138, 3.5), (139, 2.5)), ('K.114 KernScores', 'P1', 1, (617, 622), (139, 3.5), (140, 2.5))], [('K.114 KernScores', 'P1', 1, (629, 634), (141, 3.5), (142, 2.5)), ('K.114 KernScores', 'P1', 1, (635, 640), (142, 3.5), (143, 2.5))]]) 

11 .    (((-2, -2, -2, -2), (0.5, 0.5, 0.5, 0.5)), [[('K.114 KernScores', 'P1', 1, (123, 127), (27, 1.5), (27, 3.0)), ('K.114 KernScores', 'P1', 1, (128, 132), (28, 1.0), (28, 2.5))], [('K.114 KernScores', 'P1', 1, (325, 329), (63, 2.0), (63, 3.5)), ('K.114 KernScores', 'P1', 1, (330, 334), (64, 1.5), (64, 3.0))], [('K.114 KernScores', 'P1', 1, (337, 341), (65, 2.0), (65, 3.5)), ('K.114 KernScores', 'P1', 1, (342, 346), (66, 1.5), (66, 3.0))], [('K.114 KernScores', 'P1', 1, (553, 557), (128, 2.0), (128, 3.5)), ('K.114 KernScores', 'P1', 1, (558, 562), (129, 1.5), (129, 3.0))]]) 

12 .    (((6, -2, -2), (0.5, 1.5, 0.5)), [[('K.114 KernScores', 'P1', 1, (1, 4), (1, 1.5), (1, 3.5)), ('K.114 KernScores', 'P1', 1, (5, 8), (2, 1.5), (2, 3.5))], [('K.114 KernScores', 'P1', 1, (42, 45), (10, 1.5), (10, 3.5)), ('K.114 KernScores', 'P1', 1, (46, 49), (11, 1.5), (11, 3.5))]]) 

13 .    ((((3, -2), (3, -2), (3, -4)), ((0.0, 1.5), (0.0, 0.5), (0.0, 0.5))), [[('K.114 KernScores', 'P1', 1, (10, 13), (3, 2.0), (4, 1.0)), ('K.114 KernScores', 'P1', 1, (14, 17), (4, 2.0), (5, 1.0))], [('K.114 KernScores', 'P1', 1, (51, 54), (12, 2.0), (13, 1.0)), ('K.114 KernScores', 'P1', 1, (55, 58), (13, 2.0), (14, 1.0))]]) 

14 .    (((-4, -3), (0.5, 0.5)), [[('K.114 KernScores', 'P1', 1, (347, 349), (67, 1.0), (67, 1.5)), ('K.114 KernScores', 'P1', 1, (350, 352), (67, 2.5), (67, 3.0))], [('K.114 KernScores', 'P2', 1, (203, 205), (68, 1.0), (68, 1.5)), ('K.114 KernScores', 'P2', 1, (206, 208), (68, 2.5), (68, 3.0))]]) 

