1 .    ('nomes', 'K.466 Musescore') 

2 .    ('quantidade', 1) 

3 .    ('analise', 'sequÍncias IntDiaDurPtempo sem contidos e intercalados') 

1 .    (((3, 2, 2, 2, 2, 1, 2), (0.5, 0.5, 0.5, 0.5, 0.5, 0.5, 0.5), 0.5), [[('K.466 Musescore', 'P1', 3, (225, 232), (40, 4.5), (40, 3.5)), ('K.466 Musescore', 'P1', 3, (233, 240), (41, 4.5), (41, 3.5)), ('K.466 Musescore', 'P1', 3, (241, 248), (42, 4.5), (42, 3.5)), ('K.466 Musescore', 'P1', 3, (249, 256), (43, 4.5), (43, 3.5))], [('K.466 Musescore', 'P1', 3, (327, 334), (55, 4.5), (55, 3.5)), ('K.466 Musescore', 'P1', 3, (335, 342), (56, 4.5), (56, 3.5)), ('K.466 Musescore', 'P1', 3, (343, 350), (57, 4.5), (57, 3.5)), ('K.466 Musescore', 'P1', 3, (351, 358), (58, 4.5), (58, 3.5))]]) 

2 .    (((2, 2, 1, -2, -2, -2), (0.33, 0.33, 0.33, 0.0, 0.33, 0.33), 0.5), [[('K.466 Musescore', 'P1', 1, (262, 268), (40, 3.5), (41, 4.83)), ('K.466 Musescore', 'P1', 1, (269, 275), (41, 3.5), (42, 4.83)), ('K.466 Musescore', 'P1', 1, (276, 282), (42, 3.5), (43, 4.83)), ('K.466 Musescore', 'P1', 1, (283, 289), (43, 3.5), (44, 4.83))], [('K.466 Musescore', 'P1', 1, (441, 447), (67, 3.5), (68, 4.83)), ('K.466 Musescore', 'P1', 1, (448, 454), (68, 3.5), (69, 4.83))]]) 

3 .    (((7, 3, -3, -3, 3, -6, 6), (0.5, 0.5, 0.5, 0.5, 0.5, 0.5, 0.5), 0.5), [[('K.466 Musescore', 'P1', 3, (54, 61), (11, 4.5), (11, 3.5)), ('K.466 Musescore', 'P1', 3, (62, 69), (12, 4.5), (12, 3.5))], [('K.466 Musescore', 'P1', 3, (261, 268), (45, 4.5), (45, 3.5)), ('K.466 Musescore', 'P1', 3, (269, 276), (46, 4.5), (46, 3.5))], [('K.466 Musescore', 'P1', 3, (293, 300), (50, 4.5), (50, 3.5)), ('K.466 Musescore', 'P1', 3, (301, 308), (51, 4.5), (51, 3.5))]]) 

4 .    (((-2, -2, -2, 5, -3, -3, 5), (0.5, 0.5, 0.5, 0.5, 0.5, 0.5, 0.5), 0.0), [[('K.466 Musescore', 'P1', 1, (119, 126), (19, 3.0), (20, 2.0)), ('K.466 Musescore', 'P1', 1, (127, 134), (20, 3.0), (21, 2.0))], [('K.466 Musescore', 'P1', 1, (379, 386), (58, 3.0), (59, 2.0)), ('K.466 Musescore', 'P1', 1, (387, 394), (59, 3.0), (60, 2.0))]]) 

5 .    (((-2, 2, 1, 2), (0.75, 0.12, 0.12, 0.0), 0.5), [[('K.466 Musescore', 'P1', 1, (298, 302), (45, 3.5), (46, 4.5)), ('K.466 Musescore', 'P1', 1, (303, 307), (46, 3.5), (47, 4.5))], [('K.466 Musescore', 'P1', 1, (334, 338), (50, 3.5), (51, 4.5)), ('K.466 Musescore', 'P1', 1, (339, 343), (51, 3.5), (52, 4.5))]]) 

6 .    (((2, 2, -2, -2), (0.5, 0.5, 0.33, 0.33), 0.5), [[('K.466 Musescore', 'P1', 1, (104, 108), (16, 3.5), (17, 4.83)), ('K.466 Musescore', 'P1', 1, (109, 113), (17, 3.5), (18, 4.83))], [('K.466 Musescore', 'P1', 1, (364, 368), (55, 3.5), (56, 4.83)), ('K.466 Musescore', 'P1', 1, (369, 373), (56, 3.5), (57, 4.83))]]) 

7 .    (((-2, 2), (0.5, 0.5), 0.5), [[('K.466 Musescore', 'P1', 1, (61, 63), (10, 4.5), (10, 1.0)), ('K.466 Musescore', 'P1', 1, (64, 66), (10, 1.5), (10, 2.0)), ('K.466 Musescore', 'P1', 1, (67, 69), (10, 2.5), (10, 3.0))], [('K.466 Musescore', 'P1', 1, (243, 245), (38, 1.5), (38, 2.0)), ('K.466 Musescore', 'P1', 1, (246, 248), (38, 2.5), (38, 3.0))]]) 

8 .    (((2, -2), (0.5, 0.0), 0.0), [[('K.466 Musescore', 'P1', 1, (325, 327), (49, 2.0), (49, 2.5)), ('K.466 Musescore', 'P1', 1, (328, 330), (49, 3.0), (49, 3.5))]]) 

9 .    (((-2, -2, -2), (0.0, 0.33, 0.33), 0.5), [[('K.466 Musescore', 'P1', 1, (221, 224), (33, 1.5), (33, 1.83)), ('K.466 Musescore', 'P1', 1, (225, 228), (33, 2.5), (33, 2.83))], [('K.466 Musescore', 'P1', 1, (488, 491), (73, 1.5), (73, 1.83)), ('K.466 Musescore', 'P1', 1, (492, 495), (73, 2.5), (73, 2.83))], [('K.466 Musescore', 'P1', 1, (500, 503), (74, 1.5), (74, 1.83)), ('K.466 Musescore', 'P1', 1, (504, 507), (74, 2.5), (74, 2.83))]]) 

10 .    (((-2, -2), (0.33, 0.33), 0.5), [[('K.466 Musescore', 'P1', 1, (201, 203), (31, 1.5), (31, 1.83)), ('K.466 Musescore', 'P1', 1, (204, 206), (31, 2.5), (31, 2.83))], [('K.466 Musescore', 'P1', 1, (211, 213), (32, 1.5), (32, 1.83)), ('K.466 Musescore', 'P1', 1, (214, 216), (32, 2.5), (32, 2.83))]]) 

