1 .    ('nomes', 'K.303 KernScores') 

2 .    ('quantidade', 1) 

3 .    ('analise', 'recorręncias IntDiaDur sem contidos e intercalados') 

1 .    (((-2, 2, -5, (6, 5), -2, 2, -2, 2, -5, (6, 5), -2, 2, 3, -7, (6, 1), (6, -2), (6, -2), (6, 2), (6, -2), (6, -2), (6, 2), (6, -3), 9, -2, 2, -5, (6, 5), -2, 2, -2, 2, -5, (6, 5), -2, 2, 3, -7, (6, 1), (6, -2), (6, -2), (6, 2), (6, -2), (6, -2)), (1.5, 0.25, 0.25, (0.0, 1.0), 2.0, 1.0, 1.5, 0.25, 0.25, (0.0, 1.0), 2.0, 1.0, 1.0, 1.0, (0.0, 1.0), (0.0, 1.0), (0.0, 1.0), (0.0, 1.0), (0.0, 1.0), (0.0, 1.0), (0.0, 1.0), (0.0, 2.0), 1.0, 1.5, 0.25, 0.25, (0.0, 1.0), 2.0, 1.0, 1.5, 0.25, 0.25, (0.0, 1.0), 2.0, 1.0, 1.0, 1.0, (0.0, 1.0), (0.0, 1.0), (0.0, 1.0), (0.0, 1.0), (0.0, 1.0), (0.0, 1.0))), [('K.303 KernScores', 'P1', 1, (110, 153), (38, 1.0), (52, 2.0)), ('K.303 KernScores', 'P1', 1, (297, 340), (97, 1.0), (111, 2.0))]) 

2 .    (((-3, 4, -2, -3, -2, 4, -3, 4, -2, -3, -2, 4, 2, -4, 2, -3, 2, -8, 4), (1.0, 1.0, 1.0, 1.0, 1.0, 1.0, 1.0, 1.0, 1.0, 1.0, 1.0, 1.0, 2.0, 1.0, 2.0, 1.0, 1.0, 1.0, 1.0)), [('K.303 KernScores', 'P2', 1, (122, 141), (46, 1.0), (52, 3.0)), ('K.303 KernScores', 'P2', 1, (269, 288), (97, 1.0), (103, 3.0)), ('K.303 KernScores', 'P2', 1, (290, 309), (105, 1.0), (111, 3.0))]) 

3 .    (((-2, 2, 2, -2, -2, 2, 2, -2, -2, 2, 2, -2, -2, 2, 2), (1.5, 0.25, 0.25, 4.0, 1.5, 0.25, 0.25, 16.0, 1.5, 0.25, 0.25, 4.0, 1.5, 0.25, 0.25)), [('K.303 KernScores', 'P1', 2, (12, 27), (39, 1.0), (49, 2.75)), ('K.303 KernScores', 'P1', 2, (44, 59), (98, 1.0), (108, 2.75))]) 

4 .    (((-2, -2, -2, -2, 1, -2, 2, 2, 1, 2, -6, -2), (2.0, 1.0, 0.33, 0.33, 0.33, 2.0, 0.33, 0.33, 0.33, 2.0, 1.0, 1.0)), [('K.303 KernScores', 'P1', 1, (154, 166), (53, 1.0), (56, 2.0)), ('K.303 KernScores', 'P1', 1, (167, 179), (57, 1.0), (60, 2.0))]) 

5 .    (((-2, 2, 2, 2, -2, 2, 2, 2, -2, 2, 2), (1.5, 0.25, 0.25, 1.0, 1.5, 0.25, 0.25, 1.0, 1.5, 0.25, 0.25)), [('K.303 KernScores', 'P2', 1, (198, 209), (74, 1.0), (76, 2.75)), ('K.303 KernScores', 'P2', 1, (210, 221), (77, 1.0), (79, 2.75))]) 

6 .    (((2, -2, 2, -2, -3, (7, 2), (5, 2), (3, 2), -2, 2, -2), (1.0, 1.5, 0.25, 0.25, 1.0, (0.0, 1.0), (0.0, 1.0), (0.0, 1.0), 1.5, 0.25, 0.25)), [('K.303 KernScores', 'P1', 1, (64, 75), (21, 1.0), (23, 3.75)), ('K.303 KernScores', 'P1', 1, (91, 102), (32, 1.0), (34, 3.75))]) 

7 .    (((-2, 2, 2, -2, -2, 2, 2, 1, -2, 2), (1.5, 0.25, 0.25, 1.0, 1.5, 0.25, 0.25, 1.0, 1.0, 1.0)), [('K.303 KernScores', 'P1', 1, (35, 45), (11, 1.0), (13, 2.0)), ('K.303 KernScores', 'P1', 1, (50, 60), (16, 1.0), (18, 2.0))]) 

8 .    (((2, 2, -3, -3, 2, 2, 2, 2, 2, -8), (1.0, 1.0, 1.0, 1.0, 1.0, 1.0, 1.0, 1.0, 1.0, 1.0)), [('K.303 KernScores', 'P2', 1, (142, 152), (53, 2.0), (56, 2.0)), ('K.303 KernScores', 'P2', 1, (154, 164), (57, 2.0), (60, 2.0))]) 

9 .    ((((8, 7), -2, -2, -2, -8, 5, -2, -2, -2), ((0.0, 1.0), 1.0, 1.0, 1.0, 1.0, 1.0, 1.0, 1.0, 1.0)), [('K.303 KernScores', 'P2', 1, (48, 57), (20, 1.0), (22, 3.0)), ('K.303 KernScores', 'P2', 1, (255, 264), (92, 1.0), (94, 3.0))]) 

10 .    (((-2, 2, 2, -2, -2, 2, 2, -2), (1.5, 0.25, 0.25, 1.0, 1.5, 0.25, 0.25, 1.0)), [('K.303 KernScores', 'P1', 1, (0, 8), (1, 1.0), (2, 3.0)), ('K.303 KernScores', 'P2', 1, (7, 15), (4, 1.0), (5, 3.0))]) 

11 .    (((-2, 2, 2, -4, -2, 2, 2, -2), (1.5, 0.25, 0.25, 1.0, 1.5, 0.25, 0.25, 1.0)), [('K.303 KernScores', 'P1', 1, (203, 211), (68, 1.0), (69, 3.0)), ('K.303 KernScores', 'P2', 1, (186, 194), (71, 1.0), (72, 3.0))]) 

12 .    (((3, 3, 4, 3, 3, 4, -13, (6, -2)), (0.33, 0.33, 0.33, 0.33, 0.33, 0.33, 2.0, (0.0, 1.0))), [('K.303 KernScores', 'P1', 1, (341, 349), (112, 1.0), (113, 2.0)), ('K.303 KernScores', 'P1', 1, (350, 358), (114, 1.0), (115, 2.0))]) 

13 .    (((-2, 2, 2, -4, -2, 2, 2), (1.5, 0.25, 0.25, 1.0, 1.5, 0.25, 0.25)), [('K.303 KernScores', 'P1', 1, (195, 202), (66, 1.0), (67, 2.75)), ('K.303 KernScores', 'P2', 1, (62, 69), (25, 1.0), (26, 2.75))]) 

14 .    (((-2, 2, -5, (6, -2), -2, 2, 2), (1.5, 0.25, 0.25, (0.0, 1.0), 1.5, 0.25, 0.25)), [('K.303 KernScores', 'P1', 1, (241, 248), (81, 1.0), (82, 2.75)), ('K.303 KernScores', 'P1', 1, (249, 256), (83, 1.0), (84, 2.75))]) 

15 .    ((((7, 2), (5, 2), (3, 2), -2, 2, -2), ((0.0, 1.0), (0.0, 1.0), (0.0, 1.0), 1.5, 0.25, 0.25)), [('K.303 KernScores', 'P1', 1, (103, 109), (35, 2.0), (36, 3.75)), ('K.303 KernScores', 'P1', 1, (283, 289), (92, 2.0), (93, 3.75))]) 

16 .    (((2, 2, 2, -4, (3, -2), (3, 2)), (1.0, 0.33, 0.33, 0.33, (0.0, 1.0), (0.0, 1.0))), [('K.303 KernScores', 'P1', 1, (263, 269), (86, 3.0), (87, 3.0)), ('K.303 KernScores', 'P1', 1, (270, 276), (88, 3.0), (89, 3.0))]) 

17 .    (((3, 3, 4, 5, -5, -2), (0.33, 0.33, 0.33, 1.0, 2.0, 1.0)), [('K.303 KernScores', 'P1', 1, (180, 186), (61, 1.0), (62, 2.0)), ('K.303 KernScores', 'P1', 1, (187, 193), (63, 1.0), (64, 2.0))]) 

18 .    (((-3, 4, -2, -3, -2), (1.0, 1.0, 1.0, 1.0, 1.0)), [('K.303 KernScores', 'P2', 1, (102, 107), (38, 1.0), (39, 2.0)), ('K.303 KernScores', 'P2', 1, (108, 113), (40, 1.0), (41, 2.0))]) 

19 .    (((3, -2, -2, 3, -2), (1.0, 1.0, 1.0, 1.0, 1.0)), [('K.303 KernScores', 'P1', 1, (13, 18), (4, 1.0), (5, 2.0)), ('K.303 KernScores', 'P1', 1, (217, 222), (72, 1.0), (73, 2.0))]) 

20 .    (((-2, -2, -2, -2, 2), (0.5, 0.5, 0.5, 0.5, 0.5)), [('K.303 KernScores', 'P2', 1, (16, 21), (6, 1.5), (6, 3.5)), ('K.303 KernScores', 'P2', 1, (22, 27), (7, 1.5), (7, 3.5))]) 

21 .    ((((8, 7), -2, -2, -2, 4), ((0.0, 1.0), 1.0, 1.0, 1.0, 1.0)), [('K.303 KernScores', 'P2', 1, (88, 93), (33, 1.0), (34, 2.0)), ('K.303 KernScores', 'P2', 1, (94, 99), (35, 1.0), (36, 2.0))]) 

22 .    (((3, 2, -4, 5, 2), (1.0, 1.0, 1.0, 1.0, 1.0)), [('K.303 KernScores', 'P2', 1, (170, 175), (66, 1.0), (67, 2.0)), ('K.303 KernScores', 'P2', 1, (176, 181), (68, 1.0), (69, 2.0))]) 

23 .    (((2, -2, -2, -2, -3), (2.0, 1.0, 2.0, 1.0, 2.0)), [('K.303 KernScores', 'P2', 2, (0, 5), (12, 1.0), (14, 1.0)), ('K.303 KernScores', 'P2', 2, (8, 13), (17, 1.0), (19, 1.0))]) 

24 .    (((2, -5, 6, 2), (1.0, 1.0, 1.0, 1.0)), [('K.303 KernScores', 'P1', 1, (227, 231), (76, 1.0), (77, 1.0)), ('K.303 KernScores', 'P1', 1, (233, 237), (78, 1.0), (79, 1.0))]) 

25 .    (((-2, -7, 2, 8), (1.0, 1.0, 1.0, 1.0)), [('K.303 KernScores', 'P2', 1, (234, 238), (84, 2.0), (85, 2.0)), ('K.303 KernScores', 'P2', 1, (239, 243), (86, 2.0), (87, 2.0)), ('K.303 KernScores', 'P2', 1, (244, 248), (88, 2.0), (89, 2.0))]) 

26 .    (((-2, 2, 2), (1.5, 0.25, 0.25)), [('K.303 KernScores', 'P1', 1, (293, 296), (95, 2.0), (95, 3.75)), ('K.303 KernScores', 'P2', 1, (70, 73), (27, 1.0), (27, 2.75)), ('K.303 KernScores', 'P2', 1, (74, 77), (28, 1.0), (28, 2.75)), ('K.303 KernScores', 'P2', 1, (78, 81), (29, 1.0), (29, 2.75)), ('K.303 KernScores', 'P2', 1, (182, 185), (70, 1.0), (70, 2.75))]) 

27 .    (((-2, -2, -2), (0.5, 0.5, 0.5)), [('K.303 KernScores', 'P1', 1, (9, 12), (3, 2.0), (3, 3.0)), ('K.303 KernScores', 'P1', 1, (26, 29), (8, 2.0), (8, 3.0))]) 

28 .    (((-2, -2, -2), (1.0, 1.0, 1.0)), [('K.303 KernScores', 'P1', 1, (86, 89), (30, 1.0), (30, 3.0)), ('K.303 KernScores', 'P2', 1, (32, 35), (11, 1.0), (11, 3.0))]) 

29 .    ((((7, 1), (6, -2), (7, 1)), ((0.0, 1.0), (0.0, 2.0), (0.0, 1.0))), [('K.303 KernScores', 'P1', 1, (78, 81), (26, 2.0), (27, 2.0)), ('K.303 KernScores', 'P1', 1, (82, 85), (28, 2.0), (29, 2.0))]) 

30 .    (((-2, 2, -2), (2.0, 1.0, 2.0)), [('K.303 KernScores', 'P1', 2, (28, 31), (70, 1.0), (71, 1.0)), ('K.303 KernScores', 'P1', 2, (32, 35), (72, 1.0), (73, 1.0))]) 

31 .    (((-2, -2), (1.0, 1.0)), [('K.303 KernScores', 'P1', 1, (212, 214), (70, 2.0), (70, 3.0)), ('K.303 KernScores', 'P1', 1, (238, 240), (80, 1.0), (80, 2.0)), ('K.303 KernScores', 'P2', 1, (84, 86), (31, 3.0), (32, 1.0))]) 

32 .    (((2, 2), (1.0, 1.0)), [('K.303 KernScores', 'P1', 1, (19, 21), (6, 1.0), (6, 2.0)), ('K.303 KernScores', 'P1', 1, (22, 24), (7, 1.0), (7, 2.0)), ('K.303 KernScores', 'P1', 1, (277, 279), (90, 2.0), (90, 3.0)), ('K.303 KernScores', 'P1', 1, (280, 282), (91, 2.0), (91, 3.0)), ('K.303 KernScores', 'P2', 1, (231, 233), (83, 2.0), (83, 3.0))]) 

33 .    (((2, -8), (1.0, 1.0)), [('K.303 KernScores', 'P2', 1, (59, 61), (23, 3.0), (24, 1.0)), ('K.303 KernScores', 'P2', 1, (118, 120), (44, 1.0), (44, 2.0))]) 

34 .    (((3, 2), (1.0, 1.0)), [('K.303 KernScores', 'P1', 1, (47, 49), (14, 2.0), (14, 3.0)), ('K.303 KernScores', 'P2', 1, (41, 43), (16, 1.0), (16, 2.0)), ('K.303 KernScores', 'P2', 1, (44, 46), (17, 1.0), (17, 2.0))]) 

35 .    (((2, -2), (1.0, 1.0)), [('K.303 KernScores', 'P1', 1, (290, 292), (94, 2.0), (94, 3.0)), ('K.303 KernScores', 'P2', 1, (36, 38), (12, 2.0), (12, 3.0))]) 

36 .    (((8, 2), (1.0, 1.0)), [('K.303 KernScores', 'P2', 1, (224, 226), (81, 1.0), (81, 2.0)), ('K.303 KernScores', 'P2', 1, (227, 229), (82, 1.0), (82, 2.0))]) 

37 .    ((((8, -4), (8, 4)), ((0.0, 3.0), (0.0, 3.0))), [('K.303 KernScores', 'P2', 1, (165, 167), (61, 1.0), (62, 1.0)), ('K.303 KernScores', 'P2', 1, (311, 313), (114, 1.0), (115, 1.0))]) 

38 .    (((2, 2), (1.0, 2.0)), [('K.303 KernScores', 'P2', 2, (18, 20), (85, 1.0), (85, 2.0)), ('K.303 KernScores', 'P2', 2, (21, 23), (87, 1.0), (87, 2.0))]) 

39 .    (((-2,), (1.0,)), [('K.303 KernScores', 'P1', 1, (215, 216), (71, 2.0), (71, 2.0)), ('K.303 KernScores', 'P1', 1, (224, 225), (74, 2.0), (74, 2.0)), ('K.303 KernScores', 'P1', 2, (6, 7), (19, 2.0), (19, 2.0))]) 

40 .    (((2,), (1.0,)), [('K.303 KernScores', 'P1', 1, (62, 63), (19, 3.0), (19, 3.0)), ('K.303 KernScores', 'P1', 2, (8, 9), (20, 2.0), (20, 2.0)), ('K.303 KernScores', 'P2', 2, (24, 25), (89, 1.0), (89, 1.0))]) 

41 .    (((-3,), (1.0,)), [('K.303 KernScores', 'P2', 1, (5, 6), (3, 2.0), (3, 2.0)), ('K.303 KernScores', 'P2', 1, (251, 252), (90, 3.0), (90, 3.0)), ('K.303 KernScores', 'P2', 1, (265, 266), (95, 2.0), (95, 2.0)), ('K.303 KernScores', 'P2', 2, (27, 28), (90, 3.0), (90, 3.0))]) 

42 .    (((-2,), (2.0,)), [('K.303 KernScores', 'P1', 2, (1, 2), (14, 3.0), (14, 3.0)), ('K.303 KernScores', 'P1', 2, (36, 37), (74, 1.0), (74, 1.0))]) 

43 .    (((-2,), (0.5,)), [('K.303 KernScores', 'P1', 1, (31, 32), (9, 2.5), (9, 2.5)), ('K.303 KernScores', 'P1', 2, (3, 4), (15, 2.5), (15, 2.5))]) 

44 .    (((2,), (2.0,)), [('K.303 KernScores', 'P1', 1, (33, 34), (10, 1.0), (10, 1.0)), ('K.303 KernScores', 'P2', 1, (114, 115), (42, 1.0), (42, 1.0)), ('K.303 KernScores', 'P2', 1, (116, 117), (43, 1.0), (43, 1.0)), ('K.303 KernScores', 'P2', 2, (6, 7), (16, 1.0), (16, 1.0))]) 

45 .    (((-8,), (1.0,)), [('K.303 KernScores', 'P2', 1, (28, 29), (8, 2.0), (8, 2.0)), ('K.303 KernScores', 'P2', 1, (30, 31), (9, 1.0), (9, 1.0)), ('K.303 KernScores', 'P2', 1, (39, 40), (15, 1.0), (15, 1.0)), ('K.303 KernScores', 'P2', 1, (100, 101), (37, 1.0), (37, 1.0)), ('K.303 KernScores', 'P2', 1, (267, 268), (96, 1.0), (96, 1.0))]) 

46 .    (((8,), (1.0,)), [('K.303 KernScores', 'P2', 1, (0, 1), (1, 1.0), (1, 1.0)), ('K.303 KernScores', 'P2', 1, (2, 3), (2, 1.0), (2, 1.0))]) 

47 .    (((-6,), (1.0,)), [('K.303 KernScores', 'P1', 2, (40, 41), (79, 2.0), (79, 2.0)), ('K.303 KernScores', 'P2', 1, (253, 254), (91, 2.0), (91, 2.0))]) 

48 .    (((1,), (3.0,)), [('K.303 KernScores', 'P2', 2, (14, 15), (66, 1.0), (66, 1.0)), ('K.303 KernScores', 'P2', 2, (16, 17), (68, 1.0), (68, 1.0))]) 

