1 .    ('nomes', 'K.380 Musescore') 

2 .    ('quantidade', 1) 

3 .    ('analise', 'sequÍncias IntDiaDurPtempo sem contidos e intercalados') 

1 .    (((1, 1), (1.0, 1.0), 0.0), [[('K.380 Musescore', 'P1', 3, (34, 36), (11, 1.0), (11, 2.0)), ('K.380 Musescore', 'P1', 3, (37, 39), (12, 1.0), (12, 2.0)), ('K.380 Musescore', 'P1', 3, (40, 42), (13, 1.0), (13, 2.0)), ('K.380 Musescore', 'P1', 3, (43, 45), (14, 1.0), (14, 2.0)), ('K.380 Musescore', 'P1', 3, (46, 48), (15, 1.0), (15, 2.0)), ('K.380 Musescore', 'P1', 3, (49, 51), (16, 1.0), (16, 2.0)), ('K.380 Musescore', 'P1', 3, (52, 54), (17, 1.0), (17, 2.0))], [('K.380 Musescore', 'P1', 3, (66, 68), (21, 2.0), (21, 3.0)), ('K.380 Musescore', 'P1', 3, (69, 71), (22, 2.0), (22, 3.0)), ('K.380 Musescore', 'P1', 3, (72, 74), (23, 2.0), (23, 3.0)), ('K.380 Musescore', 'P1', 3, (75, 77), (24, 2.0), (24, 3.0))], [('K.380 Musescore', 'P1', 3, (93, 95), (29, 2.0), (29, 3.0)), ('K.380 Musescore', 'P1', 3, (96, 98), (30, 2.0), (30, 3.0)), ('K.380 Musescore', 'P1', 3, (99, 101), (31, 2.0), (31, 3.0)), ('K.380 Musescore', 'P1', 3, (102, 104), (32, 2.0), (32, 3.0))], [('K.380 Musescore', 'P1', 3, (135, 137), (44, 2.0), (44, 3.0)), ('K.380 Musescore', 'P1', 3, (138, 140), (45, 2.0), (45, 3.0)), ('K.380 Musescore', 'P1', 3, (141, 143), (46, 2.0), (46, 3.0))], [('K.380 Musescore', 'P1', 3, (153, 155), (49, 2.0), (49, 3.0)), ('K.380 Musescore', 'P1', 3, (156, 158), (50, 2.0), (50, 3.0))], [('K.380 Musescore', 'P1', 3, (186, 188), (59, 2.0), (59, 3.0)), ('K.380 Musescore', 'P1', 3, (189, 191), (60, 2.0), (60, 3.0))], [('K.380 Musescore', 'P1', 3, (214, 216), (67, 2.0), (67, 3.0)), ('K.380 Musescore', 'P1', 3, (217, 219), (68, 2.0), (68, 3.0))], [('K.380 Musescore', 'P1', 3, (220, 222), (69, 2.0), (69, 3.0)), ('K.380 Musescore', 'P1', 3, (223, 225), (70, 2.0), (70, 3.0))], [('K.380 Musescore', 'P1', 4, (98, 100), (48, 2.0), (48, 3.0)), ('K.380 Musescore', 'P1', 4, (101, 103), (49, 2.0), (49, 3.0))]]) 

2 .    (((-2, -2, -2, -3, 2, -4, 1, 1, 1), (0.38, 0.12, 0.5, 0.5, 0.5, 0.5, 0.5, 1.0, 1.0), 0.0), [[('K.380 Musescore', 'P1', 1, (0, 9), (1, 1.0), (2, 2.0)), ('K.380 Musescore', 'P1', 1, (10, 19), (3, 1.0), (4, 2.0))], [('K.380 Musescore', 'P1', 3, (1, 10), (5, 1.0), (6, 2.0)), ('K.380 Musescore', 'P1', 3, (11, 20), (7, 1.0), (8, 2.0))]]) 

3 .    (((1, 2, 1), (0.25, 0.25, 0.25), 0.25), [[('K.380 Musescore', 'P1', 1, (92, 95), (22, 2.25), (22, 2.75)), ('K.380 Musescore', 'P1', 1, (96, 99), (22, 3.25), (22, 3.75)), ('K.380 Musescore', 'P1', 1, (100, 103), (22, 1.25), (22, 1.75)), ('K.380 Musescore', 'P1', 1, (104, 107), (23, 2.25), (23, 2.75))], [('K.380 Musescore', 'P1', 1, (152, 155), (30, 2.25), (30, 2.75)), ('K.380 Musescore', 'P1', 1, (156, 159), (30, 3.25), (30, 3.75)), ('K.380 Musescore', 'P1', 1, (160, 163), (30, 1.25), (30, 1.75)), ('K.380 Musescore', 'P1', 1, (164, 167), (31, 2.25), (31, 2.75))], [('K.380 Musescore', 'P1', 1, (348, 351), (60, 2.25), (60, 2.75)), ('K.380 Musescore', 'P1', 1, (352, 355), (60, 3.25), (60, 3.75)), ('K.380 Musescore', 'P1', 1, (356, 359), (60, 1.25), (60, 1.75)), ('K.380 Musescore', 'P1', 1, (360, 363), (61, 2.25), (61, 2.75))], [('K.380 Musescore', 'P1', 1, (407, 410), (68, 2.25), (68, 2.75)), ('K.380 Musescore', 'P1', 1, (411, 414), (68, 3.25), (68, 3.75)), ('K.380 Musescore', 'P1', 1, (415, 418), (68, 1.25), (68, 1.75)), ('K.380 Musescore', 'P1', 1, (419, 422), (69, 2.25), (69, 2.75))]]) 

4 .    (((1, 1, 1, 1, 2, 3), (0.5, 0.25, 0.25, 0.5, 0.5, 0.5), 0.0), [[('K.380 Musescore', 'P1', 2, (27, 33), (21, 2.0), (21, 1.0)), ('K.380 Musescore', 'P1', 2, (34, 40), (27, 2.0), (27, 1.0))], [('K.380 Musescore', 'P1', 2, (64, 70), (46, 2.0), (46, 1.0)), ('K.380 Musescore', 'P1', 2, (71, 77), (48, 2.0), (48, 1.0))], [('K.380 Musescore', 'P1', 2, (115, 121), (59, 2.0), (59, 1.0)), ('K.380 Musescore', 'P1', 2, (122, 128), (65, 2.0), (65, 1.0))]]) 

5 .    (((2, 1, 2), (0.25, 0.25, 0.25), 0.0), [[('K.380 Musescore', 'P1', 1, (124, 127), (26, 2.0), (26, 2.5)), ('K.380 Musescore', 'P1', 1, (128, 131), (26, 3.0), (26, 3.5))], [('K.380 Musescore', 'P1', 1, (379, 382), (64, 2.0), (64, 2.5)), ('K.380 Musescore', 'P1', 1, (383, 386), (64, 3.0), (64, 3.5))]]) 

6 .    (((-2, -2, 1, 1), (1.0, 1.0, 1.0, 1.0), 0.0), [[('K.380 Musescore', 'P1', 2, (0, 4), (1, 2.0), (2, 2.0)), ('K.380 Musescore', 'P1', 2, (5, 9), (3, 2.0), (4, 2.0))], [('K.380 Musescore', 'P1', 4, (0, 4), (5, 2.0), (6, 2.0)), ('K.380 Musescore', 'P1', 4, (5, 9), (7, 2.0), (8, 2.0))]]) 

7 .    (((-2, -2, -2), (0.25, 0.25, 0.25), 0.0), [[('K.380 Musescore', 'P1', 1, (27, 30), (9, 2.0), (9, 2.5)), ('K.380 Musescore', 'P1', 1, (31, 34), (9, 3.0), (9, 3.5))], [('K.380 Musescore', 'P1', 1, (39, 42), (11, 2.0), (11, 2.5)), ('K.380 Musescore', 'P1', 1, (43, 46), (11, 3.0), (11, 3.5))], [('K.380 Musescore', 'P1', 3, (26, 29), (10, 2.0), (10, 2.5)), ('K.380 Musescore', 'P1', 3, (30, 33), (10, 3.0), (10, 3.5))]]) 

8 .    (((1, 1, -4), (0.25, 0.25, 0.25), 0.5), [[('K.380 Musescore', 'P1', 1, (199, 202), (36, 2.5), (36, 3.0)), ('K.380 Musescore', 'P1', 1, (203, 206), (36, 3.5), (36, 1.0))], [('K.380 Musescore', 'P1', 1, (221, 224), (38, 2.5), (38, 3.0)), ('K.380 Musescore', 'P1', 1, (225, 228), (38, 3.5), (38, 1.0))], [('K.380 Musescore', 'P1', 1, (444, 447), (73, 2.5), (73, 3.0)), ('K.380 Musescore', 'P1', 1, (448, 451), (73, 3.5), (73, 1.0))], [('K.380 Musescore', 'P1', 1, (466, 469), (75, 2.5), (75, 3.0)), ('K.380 Musescore', 'P1', 1, (470, 473), (75, 3.5), (75, 1.0))]]) 

9 .    (((-2, -2, -2), (0.25, 0.25, 0.25), 0.5), [[('K.380 Musescore', 'P1', 1, (25, 28), (9, 1.5), (9, 2.0)), ('K.380 Musescore', 'P1', 1, (29, 32), (9, 2.5), (9, 3.0))], [('K.380 Musescore', 'P1', 1, (37, 40), (11, 1.5), (11, 2.0)), ('K.380 Musescore', 'P1', 1, (41, 44), (11, 2.5), (11, 3.0))], [('K.380 Musescore', 'P1', 3, (24, 27), (10, 1.5), (10, 2.0)), ('K.380 Musescore', 'P1', 3, (28, 31), (10, 2.5), (10, 3.0))]]) 

