1 .    ('nomes', 'K.146 KernScores') 

2 .    ('quantidade', 1) 

3 .    ('analise', 'sequęncias IntDiaDur sem contidos e intercalados') 

1 .    (((2, -2, 2, 1, 2, -2, 2, 2, 2, -2, 2), (0.25, 0.25, 0.25, 0.25, 0.25, 0.25, 0.25, 0.25, 0.25, 0.25, 0.25)), [[('K.146 KernScores', 'P1', 1, (127, 138), (23, 1.0), (23, 3.5)), ('K.146 KernScores', 'P1', 1, (139, 150), (24, 1.0), (24, 3.5))], [('K.146 KernScores', 'P1', 1, (170, 181), (27, 1.0), (27, 3.5)), ('K.146 KernScores', 'P1', 1, (182, 193), (28, 1.0), (28, 3.5))]]) 

2 .    (((2, -2, 2), (0.25, 0.25, 0.25)), [[('K.146 KernScores', 'P1', 1, (79, 82), (16, 1.0), (16, 1.5)), ('K.146 KernScores', 'P1', 1, (83, 86), (16, 2.0), (16, 2.5)), ('K.146 KernScores', 'P1', 1, (87, 90), (16, 3.0), (16, 3.5))], [('K.146 KernScores', 'P1', 1, (94, 97), (18, 1.0), (18, 1.5)), ('K.146 KernScores', 'P1', 1, (98, 101), (18, 2.0), (18, 2.5)), ('K.146 KernScores', 'P1', 1, (102, 105), (18, 3.0), (18, 3.5))], [('K.146 KernScores', 'P1', 1, (109, 112), (20, 1.0), (20, 1.5)), ('K.146 KernScores', 'P1', 1, (113, 116), (20, 2.0), (20, 2.5)), ('K.146 KernScores', 'P1', 1, (117, 120), (20, 3.0), (20, 3.5))], [('K.146 KernScores', 'P1', 1, (320, 323), (51, 1.0), (51, 1.5)), ('K.146 KernScores', 'P1', 1, (324, 327), (51, 2.0), (51, 2.5)), ('K.146 KernScores', 'P1', 1, (328, 331), (51, 3.0), (51, 3.5))], [('K.146 KernScores', 'P1', 1, (335, 338), (53, 1.0), (53, 1.5)), ('K.146 KernScores', 'P1', 1, (339, 342), (53, 2.0), (53, 2.5)), ('K.146 KernScores', 'P1', 1, (343, 346), (53, 3.0), (53, 3.5))], [('K.146 KernScores', 'P1', 1, (350, 353), (55, 1.0), (55, 1.5)), ('K.146 KernScores', 'P1', 1, (354, 357), (55, 2.0), (55, 2.5)), ('K.146 KernScores', 'P1', 1, (358, 361), (55, 3.0), (55, 3.5))], [('K.146 KernScores', 'P1', 1, (368, 371), (59, 1.0), (59, 1.5)), ('K.146 KernScores', 'P1', 1, (372, 375), (59, 2.0), (59, 2.5)), ('K.146 KernScores', 'P1', 1, (376, 379), (59, 3.0), (59, 3.5))], [('K.146 KernScores', 'P1', 1, (399, 402), (63, 1.0), (63, 1.5)), ('K.146 KernScores', 'P1', 1, (403, 406), (63, 2.0), (63, 2.5)), ('K.146 KernScores', 'P1', 1, (407, 410), (63, 3.0), (63, 3.5))], [('K.146 KernScores', 'P2', 1, (183, 186), (58, 1.0), (58, 1.5)), ('K.146 KernScores', 'P2', 1, (187, 190), (58, 2.0), (58, 2.5)), ('K.146 KernScores', 'P2', 1, (191, 194), (58, 3.0), (58, 3.5))], [('K.146 KernScores', 'P2', 1, (202, 205), (62, 1.0), (62, 1.5)), ('K.146 KernScores', 'P2', 1, (206, 209), (62, 2.0), (62, 2.5)), ('K.146 KernScores', 'P2', 1, (210, 213), (62, 3.0), (62, 3.5))]]) 

3 .    (((3, 3, 4), (0.25, 0.25, 0.25)), [[('K.146 KernScores', 'P2', 1, (83, 86), (30, 1.0), (30, 1.5)), ('K.146 KernScores', 'P2', 1, (87, 90), (31, 1.0), (31, 1.5)), ('K.146 KernScores', 'P2', 1, (91, 94), (32, 1.0), (32, 1.5))], [('K.146 KernScores', 'P2', 1, (217, 220), (65, 1.0), (65, 1.5)), ('K.146 KernScores', 'P2', 1, (221, 224), (66, 1.0), (66, 1.5)), ('K.146 KernScores', 'P2', 1, (225, 228), (67, 1.0), (67, 1.5))]]) 

4 .    (((-2, -2, -2, -2), (0.5, 0.5, 0.5, 0.5)), [[('K.146 KernScores', 'P2', 1, (54, 58), (12, 2.0), (12, 3.5)), ('K.146 KernScores', 'P2', 1, (59, 63), (13, 1.5), (13, 3.0))], [('K.146 KernScores', 'P2', 1, (164, 168), (47, 2.0), (47, 3.5)), ('K.146 KernScores', 'P2', 1, (169, 173), (48, 1.5), (48, 3.0))]]) 

5 .    (((-2, -2), (0.5, 0.5)), [[('K.146 KernScores', 'P1', 1, (51, 53), (11, 1.0), (11, 1.5)), ('K.146 KernScores', 'P1', 1, (54, 56), (11, 2.5), (11, 3.0))], [('K.146 KernScores', 'P1', 1, (292, 294), (46, 1.0), (46, 1.5)), ('K.146 KernScores', 'P1', 1, (295, 297), (46, 2.5), (46, 3.0))]]) 

6 .    (((-4, -3), (0.25, 0.25)), [[('K.146 KernScores', 'P1', 1, (217, 219), (31, 2.5), (31, 2.75)), ('K.146 KernScores', 'P1', 1, (220, 222), (31, 3.25), (31, 3.5))], [('K.146 KernScores', 'P1', 1, (425, 427), (65, 2.5), (65, 2.75)), ('K.146 KernScores', 'P1', 1, (428, 430), (65, 3.25), (65, 3.5))], [('K.146 KernScores', 'P1', 1, (443, 445), (67, 2.5), (67, 2.75)), ('K.146 KernScores', 'P1', 1, (446, 448), (67, 3.25), (67, 3.5))]]) 

7 .    (((-3, -3), (0.25, 0.25)), [[('K.146 KernScores', 'P1', 1, (226, 228), (32, 2.5), (32, 2.75)), ('K.146 KernScores', 'P1', 1, (229, 231), (32, 3.25), (32, 3.5))], [('K.146 KernScores', 'P1', 1, (434, 436), (66, 2.5), (66, 2.75)), ('K.146 KernScores', 'P1', 1, (437, 439), (66, 3.25), (66, 3.5))]]) 

