1 .    ('nomes', 'K.55 Musicalion') 

2 .    ('quantidade', 1) 

3 .    ('analise', 'recorręncias IntDiaDurPtempo sem contidos e intercalados') 

1 .    (((-5, 2, -5, 3, -2, 7, -2, -2, 4, -5, 4, -5, 2, -5, 3, -2, 7, -2, -2, 4, -5, 4, -5, 2, -5, 3, -2, 7, -2, -2, 2, 2, -3, -2, 2, 2, 2, 2, -4, -2, 2, 2, 2, 2, -4, 4, -3, -2, -2, -2, -2, 8, -3, -2, -2), (0.5, 0.5, 0.5, 0.5, 0.5, 0.5, 0.5, 0.5, 0.5, 0.5, 1.0, 0.5, 0.5, 0.5, 0.5, 0.5, 0.5, 0.5, 0.5, 0.5, 0.5, 1.0, 0.5, 0.5, 0.5, 0.5, 0.5, 0.5, 0.5, 0.5, 0.5, 0.5, 0.5, 3.5, 0.5, 0.5, 0.5, 0.5, 0.5, 3.5, 0.5, 0.5, 0.5, 0.5, 0.5, 3.5, 0.5, 0.5, 0.5, 0.5, 0.5, 0.5, 0.5, 0.5, 0.5), 0.5), [('K.55 Musicalion', 'P1', 1, (76, 131), (24, 1.5), (36, 2.5)), ('K.55 Musicalion', 'P1', 1, (434, 489), (98, 1.5), (110, 2.5))]) 

2 .    (((-4, -3, -3, 3, 6, 2, -3, -3, -4, 3, 4, 2, -4, -3, -3, 3, 6, 2, -3, -3, -4, 3, 4, 2, -4, -3, -3, 3, 6, 2, -3, -3, -4, 3, 4, 2, -4, 2, -2, -2, -2, -2, 9, -3, -4), (0.5, 0.5, 0.5, 0.5, 0.5, 0.5, 0.5, 0.5, 0.5, 0.5, 0.5, 0.5, 0.5, 0.5, 0.5, 0.5, 0.5, 0.5, 0.5, 0.5, 0.5, 0.5, 0.5, 0.5, 0.5, 0.5, 0.5, 0.5, 0.5, 0.5, 0.5, 0.5, 0.5, 0.5, 0.5, 0.5, 3.0, 0.5, 0.5, 0.5, 0.5, 0.5, 0.5, 0.5, 0.5), 0.0), [('K.55 Musicalion', 'P1', 1, (145, 190), (39, 1.0), (47, 1.5)), ('K.55 Musicalion', 'P1', 1, (503, 548), (113, 1.0), (121, 1.5))]) 

3 .    (((-2, -2, -2, -2, 11, -3, -2, -2, -2, 2, 2, -4, -2, -2, -2, -2, 11, -3, -2, -2, -2, 2, 2, -4, -2, -2, -2, -2), (0.5, 0.5, 0.5, 0.5, 0.5, 0.5, 0.5, 0.5, 0.5, 0.5, 0.5, 0.5, 0.5, 0.5, 0.5, 0.5, 0.5, 0.5, 0.5, 0.5, 0.5, 0.5, 0.5, 0.5, 0.5, 0.5, 0.5, 0.5), 0.5), [('K.55 Musicalion', 'P1', 1, (275, 303), (64, 1.5), (68, 3.0)), ('K.55 Musicalion', 'P1', 1, (311, 339), (70, 1.5), (74, 3.0))]) 

4 .    (((3, -2, 4, -2, 5, -2, -7, 3, -2, 4, -2, 5, -2, -7, 3, -2, 4, -2, 5, -2, 2, 2, -8, 3, 2, -5, 2), (0.5, 0.5, 0.5, 0.5, 0.5, 0.5, 3.0, 0.5, 0.5, 0.5, 0.5, 0.5, 0.5, 3.0, 0.5, 0.5, 0.5, 0.5, 0.5, 0.5, 3.0, 3.0, 1.0, 1.0, 1.0, 1.0, 1.0), 0.0), [('K.55 Musicalion', 'P1', 3, (64, 91), (30, 1.0), (38, 2.0)), ('K.55 Musicalion', 'P1', 3, (295, 322), (104, 1.0), (112, 2.0))]) 

5 .    (((8, 5, -15, 8, 8, -12, 8, 5, -15, 8, 8, -12, 8, 5, -15, 8, 8, -5, 2, 2, 2, 2, -8), (1.0, 1.0, 1.0, 1.0, 1.0, 1.0, 1.0, 1.0, 1.0, 1.0, 1.0, 1.0, 1.0, 1.0, 1.0, 1.0, 1.0, 1.0, 1.0, 1.0, 1.0, 1.0, 1.0), 0.0), [('K.55 Musicalion', 'P1', 3, (92, 115), (39, 1.0), (46, 2.0)), ('K.55 Musicalion', 'P1', 3, (116, 139), (47, 1.0), (54, 2.0))]) 

6 .    (((4, -2, 2, -2, 2, -5, 5, -2, 2, -2, 2, -4, 4, -2, 2, -2, 2, -3, 3, -2, 2, -2, 2), (0.5, 0.5, 0.5, 0.5, 0.5, 0.5, 0.5, 0.5, 0.5, 0.5, 0.5, 0.5, 0.5, 0.5, 0.5, 0.5, 0.5, 0.5, 0.5, 0.5, 0.5, 0.5, 0.5), 0.0), [('K.55 Musicalion', 'P1', 3, (229, 252), (88, 1.0), (91, 3.0)), ('K.55 Musicalion', 'P1', 3, (253, 276), (92, 1.0), (95, 3.0))]) 

7 .    (((8, 5, -15, 8, 8, -12, 8, 5, -15, 8, 8, -12, 8, 5, -15, 8, 8, -12, 2, 2, 2, 2, -8), (1.0, 1.0, 1.0, 1.0, 1.0, 1.0, 1.0, 1.0, 1.0, 1.0, 1.0, 1.0, 1.0, 1.0, 1.0, 1.0, 1.0, 1.0, 1.0, 1.0, 1.0, 1.0, 1.0), 0.0), [('K.55 Musicalion', 'P1', 3, (323, 346), (113, 1.0), (120, 2.0)), ('K.55 Musicalion', 'P1', 3, (347, 370), (121, 1.0), (128, 2.0))]) 

8 .    (((6, -2, -2, -2, -2, 2, -4, -3, -2, -2, -2, -2, 6, -2, -2, -2, -2, 2), (0.5, 0.5, 0.5, 0.5, 0.5, 0.5, 0.5, 0.5, 0.5, 0.5, 0.5, 0.5, 0.5, 0.5, 0.5, 0.5, 0.5, 0.5), 0.0), [('K.55 Musicalion', 'P1', 1, (242, 260), (56, 1.0), (58, 3.5)), ('K.55 Musicalion', 'P1', 1, (600, 618), (130, 1.0), (132, 3.5))]) 

9 .    (((-8, 10, 2, -6, 2, 2, -8, 10, 2, -6, 2, 2, -8, 10, 2), (1.0, 1.0, 1.0, 1.0, 1.0, 1.0, 1.0, 1.0, 1.0, 1.0, 1.0, 1.0, 1.0, 1.0, 1.0), 0.0), [('K.55 Musicalion', 'P1', 3, (157, 172), (64, 1.0), (68, 3.0)), ('K.55 Musicalion', 'P1', 3, (175, 190), (70, 1.0), (74, 3.0))]) 

10 .    (((2, 2, 2, 2, -8, 4, 2, 2, 2, 2, -8), (1.0, 1.0, 1.0, 1.0, 1.0, 1.0, 1.0, 1.0, 1.0, 1.0, 1.0), 0.0), [('K.55 Musicalion', 'P1', 3, (140, 151), (55, 1.0), (58, 2.0)), ('K.55 Musicalion', 'P1', 3, (371, 382), (129, 1.0), (132, 2.0))]) 

11 .    (((-3, -4, 6, 3, -3, 2, -3, -5, 5, 3, -3), (0.5, 0.5, 0.5, 0.5, 0.5, 0.5, 0.5, 0.5, 0.5, 0.5, 0.5), 0.0), [('K.55 Musicalion', 'P1', 1, (200, 211), (49, 1.0), (50, 3.0)), ('K.55 Musicalion', 'P1', 1, (212, 223), (51, 1.0), (52, 3.0))]) 

12 .    (((-3, -4, -3, 3, 6, 2, -3, -3, -3, 3, 5), (0.5, 0.5, 0.5, 0.5, 0.5, 0.5, 0.5, 0.5, 0.5, 0.5, 0.5), 0.0), [('K.55 Musicalion', 'P1', 1, (558, 569), (123, 1.0), (124, 3.0)), ('K.55 Musicalion', 'P1', 1, (570, 581), (125, 1.0), (126, 3.0))]) 

13 .    (((2, 2, -3, 5, -2, 3, 2, 2, -3, -2, -2), (1.0, 1.0, 1.0, 1.0, 1.0, 1.0, 1.0, 1.0, 1.0, 1.0, 1.0), 0.0), [('K.55 Musicalion', 'P1', 1, (399, 410), (88, 2.0), (91, 3.0)), ('K.55 Musicalion', 'P1', 1, (411, 422), (92, 2.0), (95, 3.0))]) 

14 .    (((-8, 2, 2, 2, 2, 2, 2, -2, 1, 2), (0.5, 0.5, 0.5, 0.5, 0.5, 0.5, 0.5, 0.5, 0.5, 0.5), 0.5), [('K.55 Musicalion', 'P1', 1, (54, 64), (20, 1.5), (21, 3.0)), ('K.55 Musicalion', 'P1', 1, (65, 75), (22, 1.5), (23, 3.0))]) 

15 .    (((-6, 6, -2, -2, 8, -6, 6, -2, 2), (1.0, 1.0, 1.0, 2.0, 1.0, 1.0, 1.0, 1.0, 2.0), 0.0), [('K.55 Musicalion', 'P1', 2, (0, 9), (12, 1.0), (15, 1.0)), ('K.55 Musicalion', 'P1', 2, (10, 19), (16, 1.0), (19, 1.0))]) 

16 .    (((-4, -3, 6, -3, -3, 5, -4, -3), (1.0, 1.0, 1.0, 1.0, 1.0, 1.0, 1.0, 1.0), 0.0), [('K.55 Musicalion', 'P1', 1, (0, 8), (1, 1.0), (3, 2.0)), ('K.55 Musicalion', 'P1', 1, (261, 269), (60, 1.0), (62, 2.0))]) 

17 .    (((2, -2, -2, -2, -2, -2, -2, -2), (1.0, 1.0, 1.0, 0.5, 0.5, 0.5, 0.5, 0.5), 0.0), [('K.55 Musicalion', 'P1', 3, (10, 18), (6, 1.0), (7, 3.0)), ('K.55 Musicalion', 'P1', 3, (19, 27), (8, 1.0), (9, 3.0))]) 

18 .    (((1, -2, -2, 8, 1, -2, 2), (2.0, 1.0, 2.0, 1.0, 2.0, 1.0, 2.0), 0.0), [('K.55 Musicalion', 'P1', 1, (38, 45), (12, 1.0), (15, 1.0)), ('K.55 Musicalion', 'P1', 1, (46, 53), (16, 1.0), (19, 1.0))]) 

19 .    (((-2, -2, -2, -2, -2, -2, 2), (0.5, 0.5, 0.5, 0.5, 0.5, 0.5, 0.5), 0.5), [('K.55 Musicalion', 'P1', 1, (132, 139), (36, 3.5), (37, 3.5)), ('K.55 Musicalion', 'P1', 1, (490, 497), (110, 3.5), (111, 3.5))]) 

20 .    (((-2, -2, -2, -2, -2, -2), (0.5, 0.5, 0.5, 0.5, 0.5, 0.5), 0.0), [('K.55 Musicalion', 'P1', 1, (9, 15), (4, 1.0), (4, 3.5)), ('K.55 Musicalion', 'P1', 1, (304, 310), (69, 1.0), (69, 3.5)), ('K.55 Musicalion', 'P1', 1, (380, 386), (85, 1.0), (85, 3.5))]) 

21 .    (((2, 2, 2, 2, 2, 2), (0.5, 0.5, 0.5, 0.5, 0.5, 0.5), 0.0), [('K.55 Musicalion', 'P1', 1, (340, 346), (75, 1.0), (75, 3.5)), ('K.55 Musicalion', 'P1', 1, (347, 353), (77, 1.0), (77, 3.5))]) 

22 .    (((2, 2, 2, 2, 2, -2), (0.5, 0.5, 0.5, 0.5, 0.5, 0.5), 0.0), [('K.55 Musicalion', 'P1', 1, (354, 360), (79, 1.0), (79, 3.5)), ('K.55 Musicalion', 'P1', 1, (361, 367), (81, 1.0), (81, 3.5)), ('K.55 Musicalion', 'P1', 1, (368, 374), (83, 1.0), (83, 3.5))]) 

23 .    (((3, -2, -2, -2, -2, 6), (0.5, 0.5, 0.5, 0.5, 0.5, 0.5), 0.0), [('K.55 Musicalion', 'P1', 1, (16, 22), (6, 1.0), (6, 3.5)), ('K.55 Musicalion', 'P1', 1, (23, 29), (8, 1.0), (8, 3.5))]) 

24 .    (((3, -5, 3, -5, 3, -5), (0.5, 0.5, 0.5, 0.5, 0.5, 0.5), 0.0), [('K.55 Musicalion', 'P1', 3, (191, 197), (76, 1.0), (76, 3.5)), ('K.55 Musicalion', 'P1', 3, (198, 204), (78, 1.0), (78, 3.5))]) 

25 .    (((3, -5, 3, -6, 3, -5), (0.5, 0.5, 0.5, 0.5, 0.5, 0.5), 0.0), [('K.55 Musicalion', 'P1', 3, (205, 211), (80, 1.0), (80, 3.5)), ('K.55 Musicalion', 'P1', 3, (212, 218), (82, 1.0), (82, 3.5))]) 

26 .    (((-2, -2, -2, -2, 2), (0.5, 0.5, 0.5, 0.5, 0.5), 0.5), [('K.55 Musicalion', 'P1', 1, (423, 428), (96, 1.5), (96, 3.5)), ('K.55 Musicalion', 'P1', 1, (589, 594), (128, 1.5), (128, 3.5))]) 

27 .    (((-2, 2, 2, 2, -2), (0.5, 0.5, 0.5, 0.5, 0.5), 0.0), [('K.55 Musicalion', 'P1', 1, (224, 229), (53, 1.0), (53, 3.0)), ('K.55 Musicalion', 'P1', 2, (20, 25), (45, 1.0), (45, 3.0)), ('K.55 Musicalion', 'P1', 2, (26, 31), (119, 1.0), (119, 3.0))]) 

28 .    (((2, -6, -2, 2, -2), (0.5, 0.5, 0.5, 0.5, 0.5), 0.5), [('K.55 Musicalion', 'P1', 1, (387, 392), (86, 1.5), (86, 3.5)), ('K.55 Musicalion', 'P1', 1, (393, 398), (87, 1.5), (87, 3.5))]) 

29 .    (((-2, -2, -2, -2), (0.5, 0.5, 0.5, 0.5), 0.5), [('K.55 Musicalion', 'P1', 1, (31, 35), (10, 1.5), (10, 3.0)), ('K.55 Musicalion', 'P1', 1, (231, 235), (54, 1.5), (54, 3.0)), ('K.55 Musicalion', 'P1', 1, (375, 379), (84, 1.5), (84, 3.0)), ('K.55 Musicalion', 'P1', 1, (429, 433), (97, 1.5), (97, 3.0)), ('K.55 Musicalion', 'P1', 1, (595, 599), (129, 1.5), (129, 3.0)), ('K.55 Musicalion', 'P1', 3, (5, 9), (5, 1.5), (5, 3.0))]) 

30 .    (((1, 5, -8, -5), (3.0, 1.0, 1.0, 1.0), 0.0), [('K.55 Musicalion', 'P1', 3, (35, 39), (13, 3.0), (15, 2.0)), ('K.55 Musicalion', 'P1', 3, (43, 47), (17, 3.0), (19, 2.0))]) 

31 .    (((-2, -2, -2), (0.5, 0.5, 0.5), 0.0), [('K.55 Musicalion', 'P1', 1, (238, 241), (55, 2.0), (55, 3.0)), ('K.55 Musicalion', 'P1', 1, (499, 502), (112, 2.0), (112, 3.0)), ('K.55 Musicalion', 'P1', 1, (582, 585), (127, 1.0), (127, 2.0))]) 

32 .    (((2, (3, -2), -2), (1.0, (0.0, 2.0), 1.0), 0.0), [('K.55 Musicalion', 'P1', 3, (55, 58), (25, 3.0), (26, 3.0)), ('K.55 Musicalion', 'P1', 3, (59, 62), (27, 3.0), (28, 3.0)), ('K.55 Musicalion', 'P1', 3, (286, 289), (99, 3.0), (100, 3.0)), ('K.55 Musicalion', 'P1', 3, (290, 293), (101, 3.0), (102, 3.0))]) 

33 .    (((1, 1, -2), (3.0, 3.0, 3.0), 0.0), [('K.55 Musicalion', 'P1', 3, (0, 3), (1, 1.0), (3, 1.0)), ('K.55 Musicalion', 'P1', 3, (153, 156), (60, 1.0), (62, 1.0))]) 

34 .    (((2, -3), (0.5, 0.5), 0.5), [('K.55 Musicalion', 'P1', 1, (193, 195), (47, 3.5), (48, 1.0)), ('K.55 Musicalion', 'P1', 1, (551, 553), (121, 3.5), (122, 1.0))]) 

35 .    ((((3, -2), -2), ((0.0, 2.0), 1.0), 0.0), [('K.55 Musicalion', 'P1', 3, (52, 54), (24, 1.0), (24, 3.0)), ('K.55 Musicalion', 'P1', 3, (283, 285), (98, 1.0), (98, 3.0))]) 

36 .    (((-7, 8), (1.0, 1.0), 0.0), [('K.55 Musicalion', 'P1', 3, (222, 224), (85, 3.0), (86, 1.0)), ('K.55 Musicalion', 'P1', 3, (225, 227), (86, 3.0), (87, 1.0))]) 

37 .    (((-2,), (0.5,), 0.5), [('K.55 Musicalion', 'P1', 1, (142, 143), (38, 2.5), (38, 2.5)), ('K.55 Musicalion', 'P1', 1, (270, 271), (62, 3.5), (62, 3.5))]) 

38 .    (((2,), (1.0,), 0.0), [('K.55 Musicalion', 'P1', 3, (28, 29), (10, 1.0), (10, 1.0)), ('K.55 Musicalion', 'P1', 3, (279, 280), (96, 3.0), (96, 3.0))]) 

39 .    (((-3,), (0.5,), 0.0), [('K.55 Musicalion', 'P1', 1, (198, 199), (48, 3.0), (48, 3.0)), ('K.55 Musicalion', 'P1', 1, (554, 555), (122, 2.0), (122, 2.0))]) 

40 .    (((-2,), (1.0,), 0.0), [('K.55 Musicalion', 'P1', 3, (32, 33), (12, 3.0), (12, 3.0)), ('K.55 Musicalion', 'P1', 3, (40, 41), (16, 3.0), (16, 3.0))]) 

41 .    (((3,), (0.5,), 0.5), [('K.55 Musicalion', 'P1', 1, (191, 192), (47, 2.5), (47, 2.5)), ('K.55 Musicalion', 'P1', 1, (549, 550), (121, 2.5), (121, 2.5))]) 

42 .    (((5,), (0.5,), 0.0), [('K.55 Musicalion', 'P1', 1, (196, 197), (48, 2.0), (48, 2.0)), ('K.55 Musicalion', 'P1', 1, (236, 237), (55, 1.0), (55, 1.0)), ('K.55 Musicalion', 'P1', 1, (556, 557), (122, 3.0), (122, 3.0))]) 

43 .    (((3,), (1.0,), 0.0), [('K.55 Musicalion', 'P1', 3, (173, 174), (69, 2.0), (69, 2.0)), ('K.55 Musicalion', 'P1', 3, (281, 282), (97, 2.0), (97, 2.0))]) 

44 .    (((-2,), (3.0,), 0.0), [('K.55 Musicalion', 'P1', 3, (48, 49), (20, 1.0), (20, 1.0)), ('K.55 Musicalion', 'P1', 3, (50, 51), (22, 1.0), (22, 1.0))]) 

