1 .    ('nomes', 'K.328 Musescore') 

2 .    ('quantidade', 1) 

3 .    ('analise', 'sequõncias IntDiaDur sem contidos e intercalados') 

1 .    (((-2, 2, 2, -3, 2, -5, 2, 2, -2), (1.0, 1.0, 1.0, 1.0, 1.0, 1.0, 1.0, 1.0, 1.0)), [[('K.328 Musescore', 'P1', 3, (214, 223), (62, 4.0), (63, 6.0)), ('K.328 Musescore', 'P1', 3, (224, 233), (64, 4.0), (65, 6.0))], [('K.328 Musescore', 'P1', 3, (306, 315), (84, 4.0), (85, 6.0)), ('K.328 Musescore', 'P1', 3, (316, 325), (86, 4.0), (87, 6.0))]]) 

2 .    (((2, 2, 2, -2, -2, -2, -2, -2, 2), (1.0, 1.0, 1.0, 1.0, 1.0, 1.0, 1.0, 1.0, 1.0)), [[('K.328 Musescore', 'P1', 1, (300, 309), (74, 4.0), (75, 6.0)), ('K.328 Musescore', 'P1', 1, (310, 319), (76, 4.0), (77, 6.0))], [('K.328 Musescore', 'P1', 3, (262, 271), (74, 4.0), (75, 6.0)), ('K.328 Musescore', 'P1', 3, (272, 281), (76, 4.0), (77, 6.0))], [('K.328 Musescore', 'P2', 1, (97, 106), (74, 4.0), (75, 6.0)), ('K.328 Musescore', 'P2', 1, (107, 116), (76, 4.0), (77, 6.0))], [('K.328 Musescore', 'P2', 2, (104, 113), (74, 4.0), (75, 6.0)), ('K.328 Musescore', 'P2', 2, (114, 123), (76, 4.0), (77, 6.0))]]) 

3 .    (((-2, 2, 2, -2, -2, -2, 2), (1.0, 1.0, 1.0, 2.0, 1.0, 2.0, 1.0)), [[('K.328 Musescore', 'P1', 1, (247, 254), (62, 4.0), (63, 6.0)), ('K.328 Musescore', 'P1', 1, (255, 262), (64, 4.0), (65, 6.0))], [('K.328 Musescore', 'P1', 1, (342, 349), (84, 4.0), (85, 6.0)), ('K.328 Musescore', 'P1', 1, (350, 357), (86, 4.0), (87, 6.0))]]) 

4 .    (((2, 2, 2), (1.0, 1.0, 1.0)), [[('K.328 Musescore', 'P1', 3, (32, 35), (9, 1.0), (9, 3.0)), ('K.328 Musescore', 'P1', 3, (36, 39), (10, 1.0), (10, 3.0))], [('K.328 Musescore', 'P1', 3, (97, 100), (27, 4.0), (27, 6.0)), ('K.328 Musescore', 'P1', 3, (101, 104), (28, 4.0), (28, 6.0))], [('K.328 Musescore', 'P1', 3, (196, 199), (57, 1.0), (57, 3.0)), ('K.328 Musescore', 'P1', 3, (200, 203), (58, 1.0), (58, 3.0)), ('K.328 Musescore', 'P1', 3, (204, 207), (59, 1.0), (59, 3.0)), ('K.328 Musescore', 'P1', 3, (208, 211), (60, 1.0), (60, 3.0))], [('K.328 Musescore', 'P1', 3, (282, 285), (78, 4.0), (78, 6.0)), ('K.328 Musescore', 'P1', 3, (286, 289), (79, 4.0), (79, 6.0)), ('K.328 Musescore', 'P1', 3, (290, 293), (80, 4.0), (80, 6.0))], [('K.328 Musescore', 'P1', 3, (326, 329), (88, 4.0), (88, 6.0)), ('K.328 Musescore', 'P1', 3, (330, 333), (89, 4.0), (89, 6.0))], [('K.328 Musescore', 'P1', 3, (340, 343), (92, 4.0), (92, 6.0)), ('K.328 Musescore', 'P1', 3, (344, 347), (93, 4.0), (93, 6.0)), ('K.328 Musescore', 'P1', 3, (348, 351), (94, 4.0), (94, 6.0))], [('K.328 Musescore', 'P2', 2, (134, 137), (88, 4.0), (88, 6.0)), ('K.328 Musescore', 'P2', 2, (138, 141), (89, 4.0), (89, 6.0))]]) 

5 .    (((-3, -2, -2), (3.0, 1.0, 1.0)), [[('K.328 Musescore', 'P1', 1, (21, 24), (9, 1.0), (9, 5.0)), ('K.328 Musescore', 'P1', 1, (25, 28), (10, 1.0), (10, 5.0))], [('K.328 Musescore', 'P1', 1, (224, 227), (57, 1.0), (57, 5.0)), ('K.328 Musescore', 'P1', 1, (228, 231), (58, 1.0), (58, 5.0)), ('K.328 Musescore', 'P1', 1, (232, 235), (59, 1.0), (59, 5.0)), ('K.328 Musescore', 'P1', 1, (236, 239), (60, 1.0), (60, 5.0))], [('K.328 Musescore', 'P1', 3, (0, 3), (1, 1.0), (1, 5.0)), ('K.328 Musescore', 'P1', 3, (4, 7), (2, 1.0), (2, 5.0))]]) 

6 .    (((2, 2), (1.0, 1.0)), [[('K.328 Musescore', 'P1', 1, (50, 52), (15, 2.0), (15, 3.0)), ('K.328 Musescore', 'P1', 1, (53, 55), (15, 5.0), (15, 6.0))], [('K.328 Musescore', 'P1', 1, (64, 66), (19, 2.0), (19, 3.0)), ('K.328 Musescore', 'P1', 1, (67, 69), (20, 2.0), (20, 3.0)), ('K.328 Musescore', 'P1', 1, (70, 72), (21, 2.0), (21, 3.0))], [('K.328 Musescore', 'P1', 1, (198, 200), (47, 2.0), (47, 3.0)), ('K.328 Musescore', 'P1', 1, (201, 203), (48, 2.0), (48, 3.0))], [('K.328 Musescore', 'P1', 1, (321, 323), (79, 2.0), (79, 3.0)), ('K.328 Musescore', 'P1', 1, (324, 326), (80, 1.0), (80, 2.0))], [('K.328 Musescore', 'P1', 1, (377, 379), (93, 2.0), (93, 3.0)), ('K.328 Musescore', 'P1', 1, (380, 382), (94, 2.0), (94, 3.0))], [('K.328 Musescore', 'P1', 3, (51, 53), (14, 4.0), (14, 5.0)), ('K.328 Musescore', 'P1', 3, (54, 56), (15, 1.0), (15, 2.0))], [('K.328 Musescore', 'P1', 3, (74, 76), (19, 5.0), (19, 6.0)), ('K.328 Musescore', 'P1', 3, (77, 79), (20, 5.0), (20, 6.0))], [('K.328 Musescore', 'P1', 2, (0, 2), (92, 4.0), (92, 5.0)), ('K.328 Musescore', 'P1', 2, (3, 5), (93, 4.0), (93, 5.0))], [('K.328 Musescore', 'P2', 1, (9, 11), (15, 2.0), (15, 3.0)), ('K.328 Musescore', 'P2', 1, (12, 14), (15, 5.0), (15, 6.0))], [('K.328 Musescore', 'P2', 2, (7, 9), (14, 4.0), (14, 5.0)), ('K.328 Musescore', 'P2', 2, (10, 12), (15, 1.0), (15, 2.0))]]) 

7 .    (((2, 2), (4.0, 1.0)), [[('K.328 Musescore', 'P1', 1, (63, 65), (18, 4.0), (19, 2.0)), ('K.328 Musescore', 'P1', 1, (66, 68), (19, 4.0), (20, 2.0)), ('K.328 Musescore', 'P1', 1, (69, 71), (20, 4.0), (21, 2.0))], [('K.328 Musescore', 'P1', 1, (327, 329), (80, 4.0), (81, 2.0)), ('K.328 Musescore', 'P1', 1, (330, 332), (81, 4.0), (82, 2.0))], [('K.328 Musescore', 'P1', 3, (73, 75), (19, 1.0), (19, 5.0)), ('K.328 Musescore', 'P1', 3, (76, 78), (20, 1.0), (20, 5.0))], [('K.328 Musescore', 'P1', 3, (174, 176), (47, 1.0), (47, 5.0)), ('K.328 Musescore', 'P1', 3, (177, 179), (48, 1.0), (48, 5.0))], [('K.328 Musescore', 'P1', 3, (293, 295), (81, 1.0), (81, 5.0)), ('K.328 Musescore', 'P1', 3, (296, 298), (82, 1.0), (82, 5.0))]]) 

8 .    (((2, 2), (1.0, 4.0)), [[('K.328 Musescore', 'P1', 1, (62, 64), (18, 3.0), (18, 4.0)), ('K.328 Musescore', 'P1', 1, (65, 67), (19, 3.0), (19, 4.0)), ('K.328 Musescore', 'P1', 1, (68, 70), (20, 3.0), (20, 4.0))], [('K.328 Musescore', 'P1', 1, (326, 328), (80, 3.0), (80, 4.0)), ('K.328 Musescore', 'P1', 1, (329, 331), (81, 3.0), (81, 4.0))], [('K.328 Musescore', 'P1', 3, (72, 74), (18, 6.0), (19, 1.0)), ('K.328 Musescore', 'P1', 3, (75, 77), (19, 6.0), (20, 1.0))]]) 

9 .    (((2, 2, -2), (1.0, 1.0, 1.0)), [[('K.328 Musescore', 'P1', 3, (51, 54), (14, 4.0), (14, 6.0)), ('K.328 Musescore', 'P1', 3, (55, 58), (15, 2.0), (15, 4.0))], [('K.328 Musescore', 'P2', 2, (7, 10), (14, 4.0), (14, 6.0)), ('K.328 Musescore', 'P2', 2, (11, 14), (15, 2.0), (15, 4.0))]]) 

10 .    (((-2, 2, 2), (1.0, 1.0, 1.0)), [[('K.328 Musescore', 'P1', 1, (48, 51), (14, 6.0), (15, 2.0)), ('K.328 Musescore', 'P1', 1, (52, 55), (15, 4.0), (15, 6.0))], [('K.328 Musescore', 'P2', 1, (7, 10), (14, 6.0), (15, 2.0)), ('K.328 Musescore', 'P2', 1, (11, 14), (15, 4.0), (15, 6.0))]]) 

11 .    (((-2, 2, 3), (1.0, 1.0, 1.0)), [[('K.328 Musescore', 'P1', 1, (359, 362), (89, 1.0), (89, 3.0)), ('K.328 Musescore', 'P1', 1, (363, 366), (90, 1.0), (90, 3.0))], [('K.328 Musescore', 'P2', 1, (126, 129), (89, 1.0), (89, 3.0)), ('K.328 Musescore', 'P2', 1, (130, 133), (90, 1.0), (90, 3.0))]]) 

12 .    (((-3, -2, 2), (3.0, 1.0, 1.0)), [[('K.328 Musescore', 'P1', 1, (358, 361), (88, 4.0), (89, 2.0)), ('K.328 Musescore', 'P1', 1, (362, 365), (89, 4.0), (90, 2.0))], [('K.328 Musescore', 'P2', 1, (125, 128), (88, 4.0), (89, 2.0)), ('K.328 Musescore', 'P2', 1, (129, 132), (89, 4.0), (90, 2.0))]]) 

13 .    (((-2, -2), (1.0, 1.0)), [[('K.328 Musescore', 'P1', 1, (6, 8), (6, 4.0), (6, 5.0)), ('K.328 Musescore', 'P1', 1, (9, 11), (7, 1.0), (7, 2.0))]]) 

14 .    (((-2, 2), (1.0, 1.0)), [[('K.328 Musescore', 'P1', 1, (39, 41), (12, 5.0), (12, 6.0)), ('K.328 Musescore', 'P1', 1, (42, 44), (13, 4.0), (13, 5.0))], [('K.328 Musescore', 'P1', 1, (277, 279), (69, 5.0), (69, 6.0)), ('K.328 Musescore', 'P1', 1, (280, 282), (70, 4.0), (70, 5.0))], [('K.328 Musescore', 'P2', 1, (84, 86), (67, 5.0), (67, 6.0)), ('K.328 Musescore', 'P2', 1, (87, 89), (70, 4.0), (70, 5.0))], [('K.328 Musescore', 'P2', 2, (91, 93), (67, 5.0), (67, 6.0)), ('K.328 Musescore', 'P2', 2, (94, 96), (70, 4.0), (70, 5.0))]]) 

