1 .    ('nomes', 'K.306 Musescore') 

2 .    ('quantidade', 1) 

3 .    ('analise', 'sequÍncias IntDiaDurPtempo sem contidos e intercalados') 

1 .    (((3, -4, 3, -4, 3, -4, 3, -2, 5, 1, -2, 1, -2, 1, -2, 1, -2, 1, -2, 1, -2, 1, -2, 1, 9, 1, -2, 1, -2, 1, -2), (0.25, 0.25, 0.25, 0.25, 0.25, 0.25, 0.25, 0.25, 0.25, 0.25, 0.25, 0.25, 0.25, 0.25, 0.25, 0.25, 0.25, 0.25, 0.25, 0.25, 0.25, 0.25, 0.25, 0.25, 0.25, 0.25, 0.25, 0.25, 0.25, 0.25, 0.25), 0.0), [[('K.306 Musescore', 'P1', 1, (286, 317), (50, 1.0), (53, 2.5)), ('K.306 Musescore', 'P1', 1, (318, 349), (54, 1.0), (57, 2.5))], [('K.306 Musescore', 'P1', 1, (572, 603), (97, 1.0), (100, 2.5)), ('K.306 Musescore', 'P1', 1, (604, 635), (101, 1.0), (104, 2.5))]]) 

2 .    (((1, -2, 1), (0.25, 0.25, 0.25), 0.25), [[('K.306 Musescore', 'P1', 1, (48, 51), (10, 1.25), (10, 1.75)), ('K.306 Musescore', 'P1', 1, (52, 55), (10, 2.25), (10, 2.75)), ('K.306 Musescore', 'P1', 1, (56, 59), (11, 1.25), (11, 1.75))], [('K.306 Musescore', 'P1', 1, (79, 82), (16, 1.25), (16, 1.75)), ('K.306 Musescore', 'P1', 1, (83, 86), (16, 2.25), (16, 2.75)), ('K.306 Musescore', 'P1', 1, (87, 90), (17, 1.25), (17, 1.75)), ('K.306 Musescore', 'P1', 1, (91, 94), (17, 2.25), (17, 2.75)), ('K.306 Musescore', 'P1', 1, (95, 98), (18, 1.25), (18, 1.75)), ('K.306 Musescore', 'P1', 1, (99, 102), (18, 2.25), (18, 2.75)), ('K.306 Musescore', 'P1', 1, (103, 106), (19, 1.25), (19, 1.75)), ('K.306 Musescore', 'P1', 1, (107, 110), (19, 2.25), (19, 2.75)), ('K.306 Musescore', 'P1', 1, (111, 114), (20, 1.25), (20, 1.75)), ('K.306 Musescore', 'P1', 1, (115, 118), (20, 2.25), (20, 2.75)), ('K.306 Musescore', 'P1', 1, (119, 122), (21, 1.25), (21, 1.75)), ('K.306 Musescore', 'P1', 1, (123, 126), (21, 2.25), (21, 2.75)), ('K.306 Musescore', 'P1', 1, (127, 130), (22, 1.25), (22, 1.75))], [('K.306 Musescore', 'P1', 1, (406, 409), (69, 1.25), (69, 1.75)), ('K.306 Musescore', 'P1', 1, (410, 413), (69, 2.25), (69, 2.75)), ('K.306 Musescore', 'P1', 1, (414, 417), (70, 1.25), (70, 1.75))], [('K.306 Musescore', 'P1', 3, (15, 18), (6, 1.25), (6, 1.75)), ('K.306 Musescore', 'P1', 3, (19, 22), (6, 2.25), (6, 2.75)), ('K.306 Musescore', 'P1', 3, (23, 26), (7, 1.25), (7, 1.75)), ('K.306 Musescore', 'P1', 3, (27, 30), (7, 2.25), (7, 2.75)), ('K.306 Musescore', 'P1', 3, (31, 34), (8, 1.25), (8, 1.75)), ('K.306 Musescore', 'P1', 3, (35, 38), (8, 2.25), (8, 2.75)), ('K.306 Musescore', 'P1', 3, (39, 42), (9, 1.25), (9, 1.75)), ('K.306 Musescore', 'P1', 3, (43, 46), (9, 2.25), (9, 2.75))], [('K.306 Musescore', 'P1', 3, (51, 54), (12, 1.25), (12, 1.75)), ('K.306 Musescore', 'P1', 3, (55, 58), (12, 2.25), (12, 2.75)), ('K.306 Musescore', 'P1', 3, (59, 62), (13, 1.25), (13, 1.75)), ('K.306 Musescore', 'P1', 3, (63, 66), (13, 2.25), (13, 2.75))], [('K.306 Musescore', 'P1', 3, (109, 112), (23, 2.25), (23, 2.75)), ('K.306 Musescore', 'P1', 3, (113, 116), (24, 1.25), (24, 1.75)), ('K.306 Musescore', 'P1', 3, (117, 120), (24, 2.25), (24, 2.75)), ('K.306 Musescore', 'P1', 3, (121, 124), (25, 1.25), (25, 1.75))], [('K.306 Musescore', 'P1', 3, (360, 363), (71, 1.25), (71, 1.75)), ('K.306 Musescore', 'P1', 3, (364, 367), (71, 2.25), (71, 2.75)), ('K.306 Musescore', 'P1', 3, (368, 371), (72, 1.25), (72, 1.75)), ('K.306 Musescore', 'P1', 3, (372, 375), (72, 2.25), (72, 2.75))]]) 

3 .    (((1, 2, 1), (0.25, 0.25, 0.25), 0.5), [[('K.306 Musescore', 'P1', 3, (204, 207), (41, 1.5), (41, 2.0)), ('K.306 Musescore', 'P1', 3, (208, 211), (41, 2.5), (42, 1.0)), ('K.306 Musescore', 'P1', 3, (212, 215), (42, 1.5), (42, 2.0)), ('K.306 Musescore', 'P1', 3, (216, 219), (42, 2.5), (43, 1.0)), ('K.306 Musescore', 'P1', 3, (220, 223), (43, 1.5), (43, 2.0)), ('K.306 Musescore', 'P1', 3, (224, 227), (43, 2.5), (44, 1.0)), ('K.306 Musescore', 'P1', 3, (228, 231), (44, 1.5), (44, 2.0))], [('K.306 Musescore', 'P1', 3, (240, 243), (46, 1.5), (46, 2.0)), ('K.306 Musescore', 'P1', 3, (244, 247), (46, 2.5), (47, 1.0)), ('K.306 Musescore', 'P1', 3, (248, 251), (47, 1.5), (47, 2.0)), ('K.306 Musescore', 'P1', 3, (252, 255), (47, 2.5), (48, 1.0)), ('K.306 Musescore', 'P1', 3, (256, 259), (48, 1.5), (48, 2.0)), ('K.306 Musescore', 'P1', 3, (260, 263), (48, 2.5), (49, 1.0)), ('K.306 Musescore', 'P1', 3, (264, 267), (49, 1.5), (49, 2.0))], [('K.306 Musescore', 'P1', 3, (452, 455), (88, 1.5), (88, 2.0)), ('K.306 Musescore', 'P1', 3, (456, 459), (88, 2.5), (89, 1.0)), ('K.306 Musescore', 'P1', 3, (460, 463), (89, 1.5), (89, 2.0)), ('K.306 Musescore', 'P1', 3, (464, 467), (89, 2.5), (90, 1.0)), ('K.306 Musescore', 'P1', 3, (468, 471), (90, 1.5), (90, 2.0)), ('K.306 Musescore', 'P1', 3, (472, 475), (90, 2.5), (91, 1.0)), ('K.306 Musescore', 'P1', 3, (476, 479), (91, 1.5), (91, 2.0))], [('K.306 Musescore', 'P1', 3, (488, 491), (93, 1.5), (93, 2.0)), ('K.306 Musescore', 'P1', 3, (492, 495), (93, 2.5), (94, 1.0)), ('K.306 Musescore', 'P1', 3, (496, 499), (94, 1.5), (94, 2.0)), ('K.306 Musescore', 'P1', 3, (500, 503), (94, 2.5), (95, 1.0)), ('K.306 Musescore', 'P1', 3, (504, 507), (95, 1.5), (95, 2.0)), ('K.306 Musescore', 'P1', 3, (508, 511), (95, 2.5), (96, 1.0)), ('K.306 Musescore', 'P1', 3, (512, 515), (96, 1.5), (96, 2.0))]]) 

4 .    (((2, -8, 4, 2, 2, 2, 2, 3, 2), (0.5, 0.5, 0.5, 1.5, 0.5, 1.0, 1.0, 1.5, 0.5), 0.5), [[('K.306 Musescore', 'P1', 3, (271, 280), (50, 1.5), (53, 2.5)), ('K.306 Musescore', 'P1', 3, (281, 290), (54, 1.5), (57, 2.5))], [('K.306 Musescore', 'P1', 3, (519, 528), (97, 1.5), (100, 2.5)), ('K.306 Musescore', 'P1', 3, (529, 538), (101, 1.5), (104, 2.5))]]) 

5 .    (((2, -2, -2, 1), (0.25, 0.0, 0.25, 0.25), 0.25), [[('K.306 Musescore', 'P1', 1, (202, 206), (34, 1.25), (34, 1.75)), ('K.306 Musescore', 'P1', 1, (207, 211), (34, 2.25), (34, 2.75)), ('K.306 Musescore', 'P1', 1, (212, 216), (35, 1.25), (35, 1.75)), ('K.306 Musescore', 'P1', 1, (217, 221), (35, 2.25), (35, 2.75))], [('K.306 Musescore', 'P1', 1, (488, 492), (81, 2.25), (81, 2.75)), ('K.306 Musescore', 'P1', 1, (493, 497), (82, 1.25), (82, 1.75)), ('K.306 Musescore', 'P1', 1, (498, 502), (82, 2.25), (82, 2.75)), ('K.306 Musescore', 'P1', 1, (503, 507), (83, 1.25), (83, 1.75))]]) 

6 .    (((1, -5, 2, -2, -2, 1, 2, 2), (0.25, 0.25, 0.25, 0.0, 0.25, 0.25, 0.25, 0.25), 0.25), [[('K.306 Musescore', 'P1', 1, (184, 192), (32, 1.25), (32, 2.75)), ('K.306 Musescore', 'P1', 1, (193, 201), (33, 1.25), (33, 2.75))], [('K.306 Musescore', 'P1', 1, (470, 478), (79, 2.25), (80, 1.75)), ('K.306 Musescore', 'P1', 1, (479, 487), (80, 2.25), (81, 1.75))]]) 

7 .    (((2, 6, -2, -6, 2, 2, 2), (0.5, 0.5, 0.5, 0.5, 0.5, 0.5, 0.5), 0.5), [[('K.306 Musescore', 'P1', 1, (247, 254), (41, 1.5), (42, 2.5)), ('K.306 Musescore', 'P1', 1, (255, 262), (43, 1.5), (44, 2.5))], [('K.306 Musescore', 'P1', 1, (271, 278), (46, 1.5), (47, 2.5)), ('K.306 Musescore', 'P1', 1, (279, 286), (48, 1.5), (49, 2.5))], [('K.306 Musescore', 'P1', 1, (533, 540), (88, 1.5), (89, 2.5)), ('K.306 Musescore', 'P1', 1, (541, 548), (90, 1.5), (91, 2.5))], [('K.306 Musescore', 'P1', 1, (557, 564), (93, 1.5), (94, 2.5)), ('K.306 Musescore', 'P1', 1, (565, 572), (95, 1.5), (96, 2.5))]]) 

8 .    (((1, 1, 2, -3, 4, -3, 4), (0.25, 0.25, 0.25, 0.25, 0.25, 0.25, 0.25), 0.25), [[('K.306 Musescore', 'P1', 1, (223, 230), (37, 1.25), (37, 2.75)), ('K.306 Musescore', 'P1', 1, (231, 238), (38, 1.25), (38, 2.75))], [('K.306 Musescore', 'P1', 1, (509, 516), (84, 1.25), (84, 2.75)), ('K.306 Musescore', 'P1', 1, (517, 524), (85, 1.25), (85, 2.75))]]) 

9 .    (((1, 2, 1, -3, 1, -2, 1), (0.25, 0.25, 0.25, 0.25, 0.25, 0.25, 0.25), 0.5), [[('K.306 Musescore', 'P1', 3, (188, 195), (39, 1.5), (40, 1.0)), ('K.306 Musescore', 'P1', 3, (196, 203), (40, 1.5), (41, 1.0))], [('K.306 Musescore', 'P1', 3, (436, 443), (86, 1.5), (87, 1.0)), ('K.306 Musescore', 'P1', 3, (444, 451), (87, 1.5), (88, 1.0))]]) 

10 .    (((1, 4, 1), (0.25, 0.25, 0.25), 0.0), [[('K.306 Musescore', 'P1', 1, (441, 444), (75, 2.0), (75, 2.5)), ('K.306 Musescore', 'P1', 1, (445, 448), (76, 1.0), (76, 1.5))], [('K.306 Musescore', 'P1', 3, (66, 69), (14, 1.0), (14, 1.5)), ('K.306 Musescore', 'P1', 3, (70, 73), (14, 2.0), (14, 2.5)), ('K.306 Musescore', 'P1', 3, (74, 77), (15, 1.0), (15, 1.5)), ('K.306 Musescore', 'P1', 3, (78, 81), (15, 2.0), (15, 2.5))], [('K.306 Musescore', 'P1', 3, (124, 127), (25, 2.0), (25, 2.5)), ('K.306 Musescore', 'P1', 3, (128, 131), (26, 1.0), (26, 1.5)), ('K.306 Musescore', 'P1', 3, (132, 135), (26, 2.0), (26, 2.5)), ('K.306 Musescore', 'P1', 3, (136, 139), (27, 1.0), (27, 1.5))], [('K.306 Musescore', 'P1', 3, (158, 161), (31, 1.0), (31, 1.5)), ('K.306 Musescore', 'P1', 3, (162, 165), (31, 2.0), (31, 2.5))], [('K.306 Musescore', 'P1', 3, (338, 341), (67, 1.0), (67, 1.5)), ('K.306 Musescore', 'P1', 3, (342, 345), (67, 2.0), (67, 2.5)), ('K.306 Musescore', 'P1', 3, (346, 349), (68, 1.0), (68, 1.5)), ('K.306 Musescore', 'P1', 3, (350, 353), (68, 2.0), (68, 2.5))], [('K.306 Musescore', 'P1', 3, (375, 378), (73, 1.0), (73, 1.5)), ('K.306 Musescore', 'P1', 3, (379, 382), (73, 2.0), (73, 2.5)), ('K.306 Musescore', 'P1', 3, (383, 386), (74, 1.0), (74, 1.5)), ('K.306 Musescore', 'P1', 3, (387, 390), (74, 2.0), (74, 2.5))], [('K.306 Musescore', 'P1', 3, (395, 398), (76, 2.0), (76, 2.5)), ('K.306 Musescore', 'P1', 3, (399, 402), (77, 1.0), (77, 1.5))], [('K.306 Musescore', 'P1', 3, (406, 409), (78, 2.0), (78, 2.5)), ('K.306 Musescore', 'P1', 3, (410, 413), (79, 1.0), (79, 1.5))]]) 

11 .    (((-2, 1, -2), (0.25, 0.25, 0.25), 0.0), [[('K.306 Musescore', 'P1', 1, (78, 81), (16, 1.0), (16, 1.5)), ('K.306 Musescore', 'P1', 1, (82, 85), (16, 2.0), (16, 2.5)), ('K.306 Musescore', 'P1', 1, (86, 89), (17, 1.0), (17, 1.5))]]) 

12 .    (((2, 2, 2), (0.5, 0.5, 0.5), 0.5), [[('K.306 Musescore', 'P1', 1, (239, 242), (39, 1.5), (39, 2.5)), ('K.306 Musescore', 'P1', 1, (243, 246), (40, 1.5), (40, 2.5))], [('K.306 Musescore', 'P1', 1, (525, 528), (86, 1.5), (86, 2.5)), ('K.306 Musescore', 'P1', 1, (529, 532), (87, 1.5), (87, 2.5))]]) 

13 .    (((3, -4, 3), (0.25, 0.25, 0.25), 0.0), [[('K.306 Musescore', 'P1', 1, (350, 353), (58, 1.0), (58, 1.5)), ('K.306 Musescore', 'P1', 1, (354, 357), (58, 2.0), (58, 2.5))], [('K.306 Musescore', 'P1', 1, (636, 639), (105, 1.0), (105, 1.5)), ('K.306 Musescore', 'P1', 1, (640, 643), (105, 2.0), (105, 2.5))]]) 

14 .    (((-4, 2, 2), (0.5, 0.5, 0.5), 0.0), [[('K.306 Musescore', 'P1', 1, (238, 241), (39, 1.0), (39, 2.0)), ('K.306 Musescore', 'P1', 1, (242, 245), (40, 1.0), (40, 2.0))], [('K.306 Musescore', 'P1', 1, (524, 527), (86, 1.0), (86, 2.0)), ('K.306 Musescore', 'P1', 1, (528, 531), (87, 1.0), (87, 2.0))]]) 

15 .    (((-2, -2, -4), (0.5, 0.5, 0.5), 0.5), [[('K.306 Musescore', 'P1', 3, (167, 170), (32, 1.5), (32, 2.5)), ('K.306 Musescore', 'P1', 3, (171, 174), (33, 1.5), (33, 2.5))], [('K.306 Musescore', 'P1', 3, (415, 418), (79, 2.5), (80, 1.5)), ('K.306 Musescore', 'P1', 3, (419, 422), (80, 2.5), (81, 1.5))]]) 

16 .    (((-3, 2), (0.5, 0.25), 0.25), [[('K.306 Musescore', 'P1', 2, (0, 2), (37, 2.25), (37, 2.75)), ('K.306 Musescore', 'P1', 2, (3, 5), (38, 2.25), (38, 2.75))], [('K.306 Musescore', 'P1', 2, (15, 17), (84, 2.25), (84, 2.75)), ('K.306 Musescore', 'P1', 2, (18, 20), (85, 2.25), (85, 2.75))]]) 

