1 .    ('nomes', 'K.425 KernScores') 

2 .    ('quantidade', 1) 

3 .    ('analise', 'recorręncias IntDiaDur sem contidos e intercalados') 

1 .    (((-2, 1, 2, -4, 6, -2, -2, 5, -8, 7, -2, -2, -2, -4, 6, -2, -2, 5, -8, 7, -2, -2, -2, -4, 6, -2, -2, 5, -2, -2, -2, -2, -2, -2, -2, -2, 8, -2, -2, -2, -2, 1, 2, -4, 6, -2, -2, 5, -8, 7, -2, -2, -2, -4, 6, -2, -2, 5, -8, 7, -2, -2, -2, -4, 6, -2, -2, 5, -2, -2, -2, -2, -2, -2, -2, -2, -2, -2, -2, -2, -2, -2, -2, -2, -2, -2), (1.0, 0.0, 2.0, 1.0, 0.5, 0.5, 0.5, 0.5, 1.0, 0.5, 0.5, 0.5, 0.5, 1.0, 0.5, 0.5, 0.5, 0.5, 1.0, 0.5, 0.5, 0.5, 0.5, 1.0, 0.5, 0.5, 0.5, 0.5, 0.5, 0.5, 0.5, 0.5, 0.5, 0.5, 0.5, 0.5, 0.5, 0.5, 0.5, 0.5, 1.0, 0.0, 2.0, 1.0, 0.5, 0.5, 0.5, 0.5, 1.0, 0.5, 0.5, 0.5, 0.5, 1.0, 0.5, 0.5, 0.5, 0.5, 1.0, 0.5, 0.5, 0.5, 0.5, 1.0, 0.5, 0.5, 0.5, 0.5, 0.5, 0.5, 0.5, 0.5, 0.5, 0.5, 0.5, 0.5, 0.5, 0.5, 0.5, 0.5, 0.5, 0.5, 0.5, 0.5, 0.5, 0.5)), [('K.425 KernScores', 'P1', 1, (99, 185), (48, 1.0), (64, 3.5)), ('K.425 KernScores', 'P1', 1, (302, 388), (126, 1.0), (142, 3.5))]) 

2 .    (((6, 2, 2, 2, (2, 3), 2, 2, -2, -2, -2, 2, 2, -6, -2, -2, 2, 2, 2, 2, (2, 3), 2, 2, -2, -2, 2, 2, 2, -2, -2, 2, 2, 2, -2, -2, -2, -2, -2, -2, -2, -2), (6.0, 3.0, 3.0, 3.0, (0.0, 3.0), 1.0, 1.0, 2.0, 1.0, 1.0, 1.0, 1.0, 1.0, 1.0, 1.0, 1.0, 3.0, 3.0, 3.0, (0.0, 3.0), 1.0, 1.0, 2.0, 1.0, 1.0, 1.0, 1.0, 2.0, 1.0, 1.0, 1.0, 1.0, 1.5, 0.5, 0.5, 0.5, 0.5, 0.5, 0.5, 0.5)), [('K.425 KernScores', 'P1', 1, (55, 95), (27, 1.0), (47, 1.5)), ('K.425 KernScores', 'P1', 1, (258, 298), (105, 1.0), (125, 1.5))]) 

3 .    (((4, -4, 5, -5, 6, -6, 7, -2, -2, -2, -14, -5, 15, 4, -4, 5, -5, 6, -6, 7, -2, -2, -2, -14, -5, 1, 4, 3, 2, 2, -5, 8, -2, -3), (1.0, 2.0, 1.0, 2.0, 1.0, 2.0, 1.0, 1.0, 1.0, 1.0, 1.0, 3.0, 7.0, 1.0, 2.0, 1.0, 2.0, 1.0, 2.0, 1.0, 1.0, 1.0, 1.0, 1.0, 3.0, 3.0, 3.0, 3.0, 3.0, 3.0, 3.0, 2.0, 1.0, 1.0)), [('K.425 KernScores', 'P2', 1, (51, 85), (29, 2.0), (50, 1.0)), ('K.425 KernScores', 'P2', 1, (187, 221), (107, 2.0), (128, 1.0))]) 

4 .    (((3, -2, -3, 2, -6, 2, 2, -8, 11, 3, -2, -3, 2), (1.0, 2.0, 1.0, 2.0, 1.0, 1.0, 1.0, 1.0, 2.0, 1.0, 2.0, 1.0, 2.0)), [('K.425 KernScores', 'P2', 1, (1, 14), (1, 2.0), (6, 3.0)), ('K.425 KernScores', 'P2', 1, (145, 158), (82, 2.0), (87, 3.0))]) 

5 .    (((8, -2, -3, 3, 2, -8, 3, -3, 3, 2, -8, 2), (1.0, 1.0, 1.0, 1.0, 1.0, 2.0, 1.0, 1.0, 1.0, 1.0, 2.0, 1.0)), [('K.425 KernScores', 'P2', 1, (88, 100), (51, 2.0), (55, 3.0)), ('K.425 KernScores', 'P2', 1, (244, 256), (137, 2.0), (141, 3.0))]) 

6 .    ((((6, 2), (5, 2), (4, 2), (3, -2), (3, 2), (3, 2), (3, -4), (3, 2), (3, 2), (3, -2), (3, -2)), ((0.0, 3.0), (0.0, 3.0), (0.0, 3.0), (0.0, 3.0), (0.0, 1.0), (0.0, 1.0), (0.0, 1.0), (0.0, 1.0), (0.0, 1.0), (0.0, 2.0), (0.0, 1.0))), [('K.425 KernScores', 'P1', 1, (186, 197), (66, 1.0), (72, 2.0)), ('K.425 KernScores', 'P1', 1, (198, 209), (74, 1.0), (80, 2.0))]) 

7 .    (((8, 8, -7, 7, -6, 6, -5, 6, -5, -5, 2), (4.0, 1.0, 2.0, 1.0, 2.0, 1.0, 2.0, 1.0, 1.0, 3.0, 3.0)), [('K.425 KernScores', 'P2', 1, (120, 131), (65, 1.0), (71, 1.0)), ('K.425 KernScores', 'P2', 1, (132, 143), (73, 1.0), (79, 1.0))]) 

8 .    (((8, -2, -3, 3, 2, -8, 3, -3, 3), (1.0, 1.0, 1.0, 1.0, 1.0, 2.0, 1.0, 1.0, 1.0)), [('K.425 KernScores', 'P2', 1, (108, 117), (59, 2.0), (62, 2.0)), ('K.425 KernScores', 'P2', 1, (224, 233), (129, 2.0), (132, 2.0))]) 

9 .    (((3, -2, -3, 2, -8, 4, 2, -8), (1.0, 2.0, 1.0, 2.0, 1.0, 1.0, 1.0, 1.0)), [('K.425 KernScores', 'P2', 1, (30, 38), (17, 2.0), (20, 2.0)), ('K.425 KernScores', 'P2', 1, (39, 47), (21, 2.0), (24, 2.0))]) 

10 .    (((6, -7, 6, -7, 6, -7, 6), (2.0, 1.0, 2.0, 1.0, 2.0, 1.0, 2.0)), [('K.425 KernScores', 'P1', 1, (216, 223), (88, 1.0), (91, 1.0)), ('K.425 KernScores', 'P1', 1, (224, 231), (92, 1.0), (95, 1.0))]) 

11 .    (((-2, 2, 1, -2, 1, 4, 2), (3.0, 3.0, 18.0, 3.0, 3.0, 3.0, 3.0)), [('K.425 KernScores', 'P1', 2, (0, 7), (33, 1.0), (44, 1.0)), ('K.425 KernScores', 'P1', 2, (12, 19), (111, 1.0), (122, 1.0))]) 

12 .    (((-2, -2, 4, -5, 3), (3.0, 3.0, 3.0, 1.0, 1.0)), [('K.425 KernScores', 'P1', 1, (0, 5), (1, 1.0), (4, 2.0)), ('K.425 KernScores', 'P1', 1, (6, 11), (5, 1.0), (8, 2.0))]) 

13 .    (((-2, -2, -2, -2, (3, -2)), (3.0, 3.0, 3.0, 1.0, (0.0, 1.0))), [('K.425 KernScores', 'P1', 1, (31, 36), (17, 1.0), (20, 2.0)), ('K.425 KernScores', 'P1', 1, (37, 42), (21, 1.0), (24, 2.0))]) 

14 .    (((-3, 2, -5, 2, (3, -2)), (1.0, 1.0, 1.0, 1.0, (0.0, 1.0))), [('K.425 KernScores', 'P1', 1, (241, 246), (99, 2.0), (100, 3.0)), ('K.425 KernScores', 'P1', 1, (247, 252), (101, 2.0), (102, 3.0))]) 

15 .    (((-2, -2, -2, -2), (0.5, 0.5, 0.5, 0.5)), [('K.425 KernScores', 'P1', 1, (44, 48), (25, 1.5), (25, 3.0)), ('K.425 KernScores', 'P1', 1, (49, 53), (26, 1.0), (26, 2.5))]) 

16 .    (((-3, 2, -3, 2), (2.0, 1.0, 2.0, 1.0)), [('K.425 KernScores', 'P2', 1, (161, 165), (89, 3.0), (91, 2.0)), ('K.425 KernScores', 'P2', 1, (167, 171), (92, 3.0), (94, 2.0))]) 

17 .    (((3, -2, -3, -3), (1.0, 1.0, 1.0, 1.0)), [('K.425 KernScores', 'P1', 1, (20, 24), (13, 2.0), (14, 2.0)), ('K.425 KernScores', 'P1', 1, (26, 30), (15, 2.0), (16, 2.0))]) 

18 .    (((8, -2, -3), (2.0, 1.0, 1.0)), [('K.425 KernScores', 'P2', 1, (102, 105), (57, 1.0), (58, 1.0)), ('K.425 KernScores', 'P2', 1, (238, 241), (135, 1.0), (136, 1.0))]) 

19 .    (((-2, -2), (0.5, 0.5)), [('K.425 KernScores', 'P1', 1, (96, 98), (47, 2.5), (47, 3.0)), ('K.425 KernScores', 'P1', 1, (299, 301), (125, 2.5), (125, 3.0)), ('K.425 KernScores', 'P1', 2, (9, 11), (105, 2.0), (105, 2.5))]) 

20 .    (((-2, -2), (1.0, 1.0)), [('K.425 KernScores', 'P1', 1, (232, 234), (96, 2.0), (96, 3.0)), ('K.425 KernScores', 'P1', 1, (237, 239), (98, 1.0), (98, 2.0))]) 

21 .    (((2, -8), (1.0, 1.0)), [('K.425 KernScores', 'P2', 1, (16, 18), (8, 1.0), (8, 2.0)), ('K.425 KernScores', 'P2', 1, (172, 174), (95, 1.0), (95, 2.0))]) 

22 .    (((1, 1), (3.0, 3.0)), [('K.425 KernScores', 'P2', 1, (180, 182), (99, 1.0), (100, 1.0)), ('K.425 KernScores', 'P2', 1, (183, 185), (102, 1.0), (103, 1.0))]) 

23 .    (((2,), (1.0,)), [('K.425 KernScores', 'P2', 1, (222, 223), (128, 3.0), (128, 3.0)), ('K.425 KernScores', 'P2', 1, (235, 236), (133, 3.0), (133, 3.0)), ('K.425 KernScores', 'P2', 1, (242, 243), (136, 3.0), (136, 3.0))]) 

24 .    (((-2,), (1.0,)), [('K.425 KernScores', 'P1', 1, (14, 15), (9, 3.0), (9, 3.0)), ('K.425 KernScores', 'P1', 1, (17, 18), (10, 3.0), (10, 3.0)), ('K.425 KernScores', 'P1', 1, (235, 236), (97, 2.0), (97, 2.0)), ('K.425 KernScores', 'P2', 1, (22, 23), (11, 3.0), (11, 3.0)), ('K.425 KernScores', 'P2', 1, (86, 87), (50, 3.0), (50, 3.0)), ('K.425 KernScores', 'P2', 1, (106, 107), (58, 3.0), (58, 3.0)), ('K.425 KernScores', 'P2', 1, (178, 179), (98, 2.0), (98, 2.0))]) 

25 .    (((2,), (3.0,)), [('K.425 KernScores', 'P2', 1, (49, 50), (26, 1.0), (26, 1.0)), ('K.425 KernScores', 'P2', 1, (118, 119), (63, 1.0), (63, 1.0))]) 

26 .    (((-2,), (3.0,)), [('K.425 KernScores', 'P1', 1, (210, 211), (82, 1.0), (82, 1.0)), ('K.425 KernScores', 'P1', 1, (212, 213), (84, 1.0), (84, 1.0)), ('K.425 KernScores', 'P1', 1, (214, 215), (86, 1.0), (86, 1.0))]) 

27 .    ((((3, 2),), ((0.0, 1.0),)), [('K.425 KernScores', 'P1', 1, (253, 254), (103, 2.0), (103, 2.0)), ('K.425 KernScores', 'P1', 1, (255, 256), (104, 1.0), (104, 1.0))]) 

28 .    (((-5,), (1.0,)), [('K.425 KernScores', 'P2', 1, (24, 25), (12, 2.0), (12, 2.0)), ('K.425 KernScores', 'P2', 1, (257, 258), (142, 3.0), (142, 3.0))]) 

29 .    ((((3, 2),), ((0.0, 3.0),)), [('K.425 KernScores', 'P2', 1, (26, 27), (13, 1.0), (13, 1.0)), ('K.425 KernScores', 'P2', 1, (28, 29), (15, 1.0), (15, 1.0))]) 

