1 .    ('nomes', 'K.257 Musicalion') 

2 .    ('quantidade', 1) 

3 .    ('analise', 'recorręncias IntDiaDur sem contidos e intercalados') 

1 .    (((2, -8, 4, -8, 5, 2, 2, 2, 2, 2, 2, 2, -2, -2, -2, -2, -4, 2, 2, 2, 2, 2, 2, 2, -2, -2, -2, -2, -5, 2, 2, 2, 2, 2, 2, 2, -2, -2, -2, 4, 2, -8), (1.0, 1.0, 1.0, 1.0, 2.25, 0.25, 0.25, 0.25, 0.25, 0.25, 0.25, 0.25, 0.5, 0.5, 1.0, 1.0, 1.25, 0.25, 0.25, 0.25, 0.25, 0.25, 0.25, 0.25, 0.5, 0.5, 1.0, 1.0, 1.25, 0.25, 0.25, 0.25, 0.25, 0.25, 0.25, 0.25, 1.0, 1.0, 1.0, 1.0, 1.0, 1.0)), [('K.257 Musicalion', 'P1', 3, (61, 103), (26, 1.0), (34, 2.0)), ('K.257 Musicalion', 'P1', 3, (190, 232), (68, 1.0), (76, 2.0))]) 

2 .    (((2, 2, 2, 2, 2, 2, 2, -2, -2, -2, -3, 2, -4, 2, 2, 2, 2, 2, 2, 2, -2, -2, -2, -3, 2, -3, 2, 2, 2, 2, 2, 2, 2), (0.25, 0.25, 0.25, 0.25, 0.25, 0.25, 0.25, 0.5, 0.5, 0.5, 1.0, 1.0, 0.75, 0.25, 0.25, 0.25, 0.25, 0.25, 0.25, 0.25, 0.5, 0.5, 0.5, 1.0, 1.0, 0.75, 0.25, 0.25, 0.25, 0.25, 0.25, 0.25, 0.25)), [('K.257 Musicalion', 'P1', 1, (73, 106), (20, 1.25), (24, 2.75)), ('K.257 Musicalion', 'P1', 1, (256, 289), (62, 1.25), (66, 2.75))]) 

3 .    (((-2, -2, -2, -2, -2, 1, 2, 3, -6, (5, 4), (3, 2), (3, 2), (3, 1), -6, (5, 4), (3, 2), (3, 2), (3, -5)), (1.0, 1.0, 1.0, 1.0, 1.0, 0.5, 0.0, 3.0, 0.0, (0.0, 3.5), (0.0, 1.0), (0.0, 1.0), (0.0, 0.5), 0.0, (0.0, 3.5), (0.0, 1.0), (0.0, 1.0), (0.0, 0.5))), [('K.257 Musicalion', 'P1', 1, (109, 127), (25, 1.5), (31, 3.5)), ('K.257 Musicalion', 'P1', 1, (292, 310), (67, 1.5), (73, 3.5))]) 

4 .    ((((6, 5), -2, -2, -2, -2, -2, 2, 2, 2, 2, 2, 1, 2, -8, 4, -2, 2), ((0.0, 0.5), 1.0, 1.0, 1.0, 1.0, 1.0, 0.5, 0.5, 0.5, 0.5, 0.5, 0.5, 0.5, 0.5, 0.5, 1.5, 0.25)), [('K.257 Musicalion', 'P1', 1, (128, 145), (33, 1.0), (36, 3.5)), ('K.257 Musicalion', 'P1', 1, (312, 329), (75, 1.0), (78, 3.5))]) 

5 .    ((((8, 10), (3, 2), (3, 2), (3, 2), (3, -6), 3, (3, 2), (3, 2), (3, 2), (3, -7), 8, -2, -2, -2), ((0.0, 2.0), (0.0, 1.0), (0.0, 1.0), (0.0, 1.0), (0.0, 1.0), 2.0, (0.0, 1.0), (0.0, 1.0), (0.0, 1.0), (0.0, 1.0), 2.0, 1.0, 1.0, 1.0)), [('K.257 Musicalion', 'P1', 3, (46, 60), (20, 1.0), (25, 2.0)), ('K.257 Musicalion', 'P1', 3, (175, 189), (62, 1.0), (67, 2.0))]) 

6 .    (((2, 2, 2, 2, 2, 2, 2, -2, -2, -2, -3, 2), (0.25, 0.25, 0.25, 0.25, 0.25, 0.25, 0.25, 0.5, 0.5, 0.5, 1.0, 1.0)), [('K.257 Musicalion', 'P1', 1, (177, 189), (46, 1.25), (47, 2.5)), ('K.257 Musicalion', 'P1', 1, (190, 202), (48, 1.25), (49, 2.5))]) 

7 .    (((2, 2, 2, 2, -8, 4, 2, 2, 2, 2, -8, -5), (1.0, 1.0, 1.0, 1.0, 1.0, 1.0, 1.0, 1.0, 1.0, 1.0, 1.0, 1.0)), [('K.257 Musicalion', 'P1', 3, (104, 116), (35, 1.0), (38, 3.0)), ('K.257 Musicalion', 'P1', 3, (233, 245), (77, 1.0), (80, 3.0))]) 

8 .    (((2, 8, -3, -2, -2, -4, 1, -2, -2, 2), (0.5, 0.5, 1.0, 1.0, 0.5, 0.5, 1.0, 0.5, 0.5, 0.5)), [('K.257 Musicalion', 'P1', 1, (217, 227), (52, 3.5), (54, 3.5)), ('K.257 Musicalion', 'P1', 1, (235, 245), (56, 3.5), (58, 3.5))]) 

9 .    (((-2, -2, -2, 1, 3, -2, -2, -2, 1, 2), (0.0, 0.33, 0.33, 0.33, 2.0, 0.5, 1.0, 1.0, 0.5, 0.0)), [('K.257 Musicalion', 'P1', 1, (11, 21), (4, 1.0), (6, 1.0)), ('K.257 Musicalion', 'P1', 1, (29, 39), (8, 1.0), (10, 1.0))]) 

10 .    ((((3, 2), (3, 2), (3, 2), (3, 2), (3, 2), (3, 2), -2, -2, -2, -8), ((0.0, 1.0), (0.0, 1.0), (0.0, 1.0), (0.0, 1.0), (0.0, 1.0), (0.0, 1.0), 1.0, 1.0, 1.0, 1.0)), [('K.257 Musicalion', 'P1', 3, (5, 15), (3, 1.0), (6, 1.0)), ('K.257 Musicalion', 'P1', 3, (16, 26), (7, 1.0), (10, 1.0))]) 

11 .    (((-2, 2, 2, -2, -2, -2, -2, 2), (1.0, 0.33, 0.33, 0.33, 0.5, 0.5, 0.5, 0.5)), [('K.257 Musicalion', 'P1', 1, (48, 56), (12, 3.0), (13, 3.5)), ('K.257 Musicalion', 'P1', 1, (59, 67), (14, 3.0), (15, 3.5))]) 

12 .    (((-2, -2, -2, -2, -2, -2, 2), (0.5, 0.5, 0.5, 0.5, 0.5, 0.5, 1.0)), [('K.257 Musicalion', 'P1', 3, (34, 41), (14, 1.0), (15, 1.0)), ('K.257 Musicalion', 'P1', 4, (4, 11), (12, 1.0), (13, 1.0))]) 

13 .    ((((7, 1), (7, 1), (7, 1), (6, 1), (6, 1)), ((0.0, 1.0), (0.0, 1.0), (0.0, 1.0), (0.0, 1.0), (0.0, 1.0))), [('K.257 Musicalion', 'P1', 3, (152, 157), (54, 1.0), (55, 2.0)), ('K.257 Musicalion', 'P1', 3, (158, 163), (56, 1.0), (57, 2.0))]) 

14 .    (((-2, 2, -2, 2), (0.5, 0.5, 0.5, 0.5)), [('K.257 Musicalion', 'P1', 2, (3, 7), (16, 2.5), (17, 1.0)), ('K.257 Musicalion', 'P1', 2, (9, 13), (17, 2.5), (18, 1.0))]) 

15 .    (((3, (3, 2), (3, 2), (3, 2)), (2.0, (0.0, 1.0), (0.0, 1.0), (0.0, 1.0))), [('K.257 Musicalion', 'P1', 3, (131, 135), (46, 1.0), (47, 2.0)), ('K.257 Musicalion', 'P1', 3, (136, 140), (48, 1.0), (49, 2.0))]) 

16 .    (((1, -2, -2, -2), (0.5, 0.0, 1.5, 0.5)), [('K.257 Musicalion', 'P1', 1, (172, 176), (44, 3.5), (45, 2.5)), ('K.257 Musicalion', 'P1', 1, (251, 255), (60, 3.5), (61, 2.5))]) 

17 .    (((-2, -2, 1), (0.33, 0.33, 0.33)), [('K.257 Musicalion', 'P1', 1, (7, 10), (3, 1.0), (3, 1.67)), ('K.257 Musicalion', 'P1', 1, (22, 25), (7, 1.0), (7, 1.67))]) 

18 .    (((-2, -2), (0.5, 0.5)), [('K.257 Musicalion', 'P1', 1, (43, 45), (11, 2.5), (11, 3.0)), ('K.257 Musicalion', 'P1', 1, (168, 170), (44, 1.5), (44, 2.0)), ('K.257 Musicalion', 'P1', 1, (206, 208), (50, 3.0), (50, 3.5)), ('K.257 Musicalion', 'P1', 2, (0, 2), (16, 1.0), (16, 1.5))]) 

19 .    (((2, 2), (1.0, 1.0)), [('K.257 Musicalion', 'P1', 4, (15, 17), (16, 2.0), (16, 3.0)), ('K.257 Musicalion', 'P1', 2, (22, 24), (42, 2.0), (42, 3.0))]) 

20 .    (((2, -8), (1.0, 1.0)), [('K.257 Musicalion', 'P1', 3, (146, 148), (52, 1.0), (52, 2.0)), ('K.257 Musicalion', 'P1', 3, (172, 174), (60, 3.0), (61, 1.0))]) 

21 .    (((-2, 2), (1.5, 0.25)), [('K.257 Musicalion', 'P1', 1, (1, 3), (1, 2.0), (1, 3.5)), ('K.257 Musicalion', 'P1', 1, (154, 156), (38, 2.0), (38, 3.5)), ('K.257 Musicalion', 'P1', 2, (14, 16), (18, 2.0), (18, 3.5))]) 

22 .    (((-2, -4), (0.5, 0.5)), [('K.257 Musicalion', 'P1', 1, (230, 232), (55, 3.5), (56, 1.0)), ('K.257 Musicalion', 'P1', 1, (333, 335), (79, 2.5), (79, 3.0))]) 

23 .    (((1, 2), (1.0, 1.5)), [('K.257 Musicalion', 'P1', 1, (158, 160), (40, 1.0), (40, 2.0)), ('K.257 Musicalion', 'P1', 1, (161, 163), (41, 1.0), (41, 2.0))]) 

24 .    (((-8, 1), (1.0, 1.0)), [('K.257 Musicalion', 'P1', 3, (117, 119), (40, 1.0), (40, 2.0)), ('K.257 Musicalion', 'P1', 3, (120, 122), (41, 1.0), (41, 2.0))]) 

25 .    (((-2,), (0.5,)), [('K.257 Musicalion', 'P1', 1, (233, 234), (56, 2.5), (56, 2.5)), ('K.257 Musicalion', 'P1', 1, (331, 332), (79, 1.5), (79, 1.5))]) 

26 .    (((-2,), (1.0,)), [('K.257 Musicalion', 'P1', 1, (166, 167), (43, 3.0), (43, 3.0)), ('K.257 Musicalion', 'P1', 3, (123, 124), (42, 1.0), (42, 1.0)), ('K.257 Musicalion', 'P1', 3, (125, 126), (42, 3.0), (42, 3.0)), ('K.257 Musicalion', 'P1', 3, (142, 143), (50, 3.0), (50, 3.0))]) 

27 .    (((2,), (1.0,)), [('K.257 Musicalion', 'P1', 1, (71, 72), (19, 2.0), (19, 2.0)), ('K.257 Musicalion', 'P1', 1, (246, 247), (59, 1.5), (59, 1.5)), ('K.257 Musicalion', 'P1', 1, (248, 249), (59, 3.5), (59, 3.5)), ('K.257 Musicalion', 'P1', 3, (31, 32), (13, 1.0), (13, 1.0)), ('K.257 Musicalion', 'P1', 3, (128, 129), (44, 3.0), (44, 3.0)), ('K.257 Musicalion', 'P1', 4, (0, 1), (5, 1.0), (5, 1.0)), ('K.257 Musicalion', 'P1', 4, (2, 3), (9, 1.0), (9, 1.0)), ('K.257 Musicalion', 'P1', 4, (12, 13), (15, 1.0), (15, 1.0)), ('K.257 Musicalion', 'P1', 4, (18, 19), (17, 3.0), (17, 3.0)), ('K.257 Musicalion', 'P1', 2, (25, 26), (43, 2.0), (43, 2.0))]) 

28 .    ((((3, 2),), ((0.0, 1.0),)), [('K.257 Musicalion', 'P1', 1, (339, 340), (80, 3.0), (80, 3.0)), ('K.257 Musicalion', 'P1', 3, (28, 29), (11, 2.0), (11, 2.0)), ('K.257 Musicalion', 'P1', 3, (167, 168), (59, 1.0), (59, 1.0)), ('K.257 Musicalion', 'P1', 3, (169, 170), (59, 3.0), (59, 3.0))]) 

29 .    (((2,), (0.5,)), [('K.257 Musicalion', 'P1', 1, (57, 58), (14, 1.5), (14, 1.5)), ('K.257 Musicalion', 'P1', 1, (107, 108), (24, 3.5), (24, 3.5)), ('K.257 Musicalion', 'P1', 1, (146, 147), (37, 1.0), (37, 1.0)), ('K.257 Musicalion', 'P1', 1, (148, 149), (37, 2.0), (37, 2.0)), ('K.257 Musicalion', 'P1', 1, (151, 152), (37, 3.5), (37, 3.5)), ('K.257 Musicalion', 'P1', 1, (213, 214), (52, 1.5), (52, 1.5)), ('K.257 Musicalion', 'P1', 1, (215, 216), (52, 2.5), (52, 2.5)), ('K.257 Musicalion', 'P1', 1, (290, 291), (66, 3.5), (66, 3.5))]) 

30 .    (((-3,), (1.0,)), [('K.257 Musicalion', 'P1', 1, (209, 210), (51, 1.5), (51, 1.5)), ('K.257 Musicalion', 'P1', 1, (228, 229), (55, 1.5), (55, 1.5)), ('K.257 Musicalion', 'P1', 3, (144, 145), (51, 2.0), (51, 2.0))]) 

31 .    (((1,), (1.0,)), [('K.257 Musicalion', 'P1', 2, (17, 18), (40, 1.0), (40, 1.0)), ('K.257 Musicalion', 'P1', 2, (19, 20), (41, 1.0), (41, 1.0))]) 

32 .    (((-3,), (0.5,)), [('K.257 Musicalion', 'P1', 1, (203, 204), (50, 1.5), (50, 1.5)), ('K.257 Musicalion', 'P1', 1, (336, 337), (80, 1.0), (80, 1.0))]) 

33 .    (((2,), (0.0,)), [('K.257 Musicalion', 'P1', 1, (4, 5), (2, 1.0), (2, 1.0)), ('K.257 Musicalion', 'P1', 1, (46, 47), (12, 1.0), (12, 1.0))]) 

34 .    ((((3, -2),), ((0.0, 1.0),)), [('K.257 Musicalion', 'P1', 3, (0, 1), (1, 1.0), (1, 1.0)), ('K.257 Musicalion', 'P1', 3, (2, 3), (1, 3.0), (1, 3.0))]) 

