1 .    ('nomes', 'K.152 Musicalion') 

2 .    ('quantidade', 1) 

3 .    ('analise', 'recorręncias IntDiaDur sem contidos e intercalados') 

1 .    (((1, 1, 1, 1, 4, -2, -2, -2, -2, -2, 2, 2, 1, 1, 1, 1, 4, -2, -2, -2, -2, -2, 2, 6, 1, 1, 1, 2, 2, -2, -2, -2, -2, 1, -2, 1, -2, 1, -2, 1, -2), (0.5, 0.5, 0.5, 0.5, 0.5, 0.5, 0.25, 0.25, 0.5, 0.5, 0.5, 1.0, 0.5, 0.5, 0.5, 0.5, 0.5, 0.5, 0.25, 0.25, 0.5, 0.5, 0.5, 1.0, 0.5, 0.5, 0.5, 0.5, 0.5, 0.5, 0.25, 0.25, 0.5, 0.5, 0.5, 0.5, 0.5, 0.5, 0.5, 0.5, 0.5)), [('K.152 Musicalion', 'P1', 1, (82, 123), (24, 1.5), (30, 3.0)), ('K.152 Musicalion', 'P1', 1, (126, 167), (32, 1.5), (38, 3.0))]) 

2 .    (((1, 1, 1, 1, 4, -2, -2, -2, -2, -2, 2, 2, 1, 1, 1, 1, 4, -2, -2, -2, -2, -2, 2, -3, 1, 1, 1, 2, 2, -2, -2, -2, 7, 1, -2, 1, -2, 1, -2, 1, -2), (0.5, 0.5, 0.5, 0.5, 0.5, 0.5, 0.25, 0.25, 0.5, 0.5, 0.5, 1.0, 0.5, 0.5, 0.5, 0.5, 0.5, 0.5, 0.25, 0.25, 0.5, 0.5, 0.5, 1.0, 0.5, 0.5, 0.5, 0.5, 0.5, 0.5, 0.25, 0.25, 0.5, 0.5, 0.5, 0.5, 0.5, 0.5, 0.5, 0.5, 0.5)), [('K.152 Musicalion', 'P1', 1, (305, 346), (64, 1.5), (70, 3.0)), ('K.152 Musicalion', 'P1', 1, (349, 390), (72, 1.5), (78, 3.0))]) 

3 .    (((3, 1, 3, 1, -2, 1, -2, 1, -2, -2, -2, 2, 3, 1, 3, 1, -2, 1, -2, 1, -2, -2, -2, 2), (0.5, 0.5, 0.5, 0.5, 0.5, 0.5, 0.5, 0.5, 0.5, 0.5, 0.5, 0.5, 0.5, 0.5, 0.5, 0.5, 0.5, 0.5, 0.5, 0.5, 0.5, 0.5, 0.5, 0.5)), [('K.152 Musicalion', 'P1', 1, (168, 192), (39, 1.0), (42, 3.5)), ('K.152 Musicalion', 'P1', 1, (391, 415), (79, 1.0), (82, 3.5))]) 

4 .    ((((6, 1), (6, 1), (6, -2), (3, 4, 1), (3, 4, 1), (3, 4, 2), (6, 1), (6, 1), (6, -2), (3, 4, 1), (3, 4, 1), (3, 4, 2), (3, 3, 1), (3, 3, 1), (3, 3, -2), (3, 4, 1), (3, 4, 1), (3, 4, 2), 2, -8, 4, 2, 2), ((0.0, 1.0), (0.0, 1.0), (0.0, 1.0), (0.0, 0.0, 1.0), (0.0, 0.0, 1.0), (0.0, 0.0, 1.0), (0.0, 1.0), (0.0, 1.0), (0.0, 1.0), (0.0, 0.0, 1.0), (0.0, 0.0, 1.0), (0.0, 0.0, 1.0), (0.0, 0.0, 1.0), (0.0, 0.0, 1.0), (0.0, 0.0, 1.0), (0.0, 0.0, 1.0), (0.0, 0.0, 1.0), (0.0, 0.0, 1.0), 1.0, 1.0, 1.0, 1.0, 1.0)), [('K.152 Musicalion', 'P1', 2, (63, 86), (24, 1.0), (31, 2.0)), ('K.152 Musicalion', 'P1', 2, (87, 110), (32, 1.0), (39, 2.0))]) 

5 .    ((((6, 1), (6, 1), (6, -2), (6, 1), (6, 1), (6, 2), (6, 1), (6, 1), (6, -2), (6, 1), (6, 1), (6, 2), (5, 1), (5, 1)), ((0.0, 1.0), (0.0, 1.0), (0.0, 1.0), (0.0, 1.0), (0.0, 1.0), (0.0, 1.0), (0.0, 1.0), (0.0, 1.0), (0.0, 1.0), (0.0, 1.0), (0.0, 1.0), (0.0, 1.0), (0.0, 1.0), (0.0, 1.0))), [('K.152 Musicalion', 'P1', 2, (178, 192), (64, 1.0), (68, 2.0)), ('K.152 Musicalion', 'P1', 2, (202, 216), (72, 1.0), (76, 2.0))]) 

6 .    (((-2, -2, -2, 3, -2, -4, 6, 3, -2, -2, -2, 3, -2), (0.5, 0.5, 0.5, 0.5, 0.5, 1.0, 1.0, 1.5, 0.5, 0.5, 0.5, 0.5, 0.5)), [('K.152 Musicalion', 'P1', 1, (1, 14), (2, 1.5), (4, 3.5)), ('K.152 Musicalion', 'P1', 1, (17, 30), (6, 1.5), (8, 3.5))]) 

7 .    (((2, -8, 4, 2, 2, 2, 2, -8, -5, (8, 2), (8, 2), (8, 2)), (1.0, 1.0, 1.0, 1.0, 1.0, 1.0, 1.0, 1.0, 1.0, (0.0, 1.0), (0.0, 1.0), (0.0, 1.0))), [('K.152 Musicalion', 'P1', 2, (111, 123), (40, 1.0), (43, 3.0)), ('K.152 Musicalion', 'P1', 2, (226, 238), (80, 1.0), (83, 3.0))]) 

8 .    (((1, 1, 1, 1, 4, -2, -2, -2, -2, -2, 2), (0.5, 0.5, 0.5, 0.5, 0.5, 0.5, 0.25, 0.25, 0.5, 0.5, 0.5)), [('K.152 Musicalion', 'P1', 1, (259, 270), (56, 1.5), (57, 3.0)), ('K.152 Musicalion', 'P1', 1, (271, 282), (58, 1.5), (59, 3.0))]) 

9 .    (((-3, -2, -2, 1, 2, 5, -6, -2, 2, 1, -2), (0.5, 0.5, 0.5, 0.5, 2.0, 2.0, 0.5, 0.5, 0.5, 0.5, 2.0)), [('K.152 Musicalion', 'P1', 1, (58, 69), (16, 2.0), (19, 1.0)), ('K.152 Musicalion', 'P1', 1, (70, 81), (20, 2.0), (23, 1.0))]) 

10 .    ((((3, 4, 1), (3, 4, 1), (3, 4, 2), (5, 2, 1), (5, 2, 1), (5, 2, 1), (5, 2, 1), (5, 2, 1), (5, 2, 2), (5, 1), (5, 1)), ((0.0, 0.0, 1.0), (0.0, 0.0, 1.0), (0.0, 0.0, 1.0), (0.0, 0.0, 1.0), (0.0, 0.0, 1.0), (0.0, 0.0, 1.0), (0.0, 0.0, 1.0), (0.0, 0.0, 1.0), (0.0, 0.0, 1.0), (0.0, 1.0), (0.0, 1.0))), [('K.152 Musicalion', 'P1', 2, (39, 50), (16, 1.0), (19, 2.0)), ('K.152 Musicalion', 'P1', 2, (51, 62), (20, 1.0), (23, 2.0))]) 

11 .    (((2, 2, 2, 2, 2, -2, 1, 2, -3, -6), (0.5, 0.5, 0.5, 0.5, 0.5, 0.5, 0.5, 0.5, 1.0, 0.5)), [('K.152 Musicalion', 'P1', 1, (207, 217), (46, 2.5), (48, 1.5)), ('K.152 Musicalion', 'P1', 1, (218, 228), (48, 2.5), (50, 1.5))]) 

12 .    (((1, -2, 1, -2, 1, -2, 1, -2, 1), (0.5, 0.5, 0.5, 0.5, 0.5, 0.5, 0.5, 0.5, 0.5)), [('K.152 Musicalion', 'P1', 1, (244, 253), (53, 1.5), (54, 2.5)), ('K.152 Musicalion', 'P1', 1, (292, 301), (61, 2.5), (62, 3.5))]) 

13 .    (((3, -3, -5, (8, 2), (8, 4), 3, -3, -5, (8, 2)), (1.0, 1.0, 1.0, (0.0, 2.0), (0.0, 1.0), 1.0, 1.0, 1.0, (0.0, 2.0))), [('K.152 Musicalion', 'P1', 2, (0, 9), (1, 1.0), (4, 1.0)), ('K.152 Musicalion', 'P1', 2, (10, 19), (5, 1.0), (8, 1.0))]) 

14 .    (((-2, -2, -2, -2, -2), (0.5, 0.5, 0.5, 0.5, 0.5)), [('K.152 Musicalion', 'P1', 1, (31, 36), (9, 1.5), (9, 3.5)), ('K.152 Musicalion', 'P1', 1, (416, 421), (83, 1.5), (83, 3.5))]) 

15 .    ((((5, 1), (5, 1), (5, -2), (3, 4, 1), (3, 4, 1)), ((0.0, 1.0), (0.0, 1.0), (0.0, 1.0), (0.0, 0.0, 1.0), (0.0, 0.0, 1.0))), [('K.152 Musicalion', 'P1', 2, (27, 32), (12, 1.0), (13, 2.0)), ('K.152 Musicalion', 'P1', 2, (33, 38), (14, 1.0), (15, 2.0))]) 

16 .    ((((4, 3, 1), (4, 3, 1), (4, 3, -2), (3, 4, 1), (3, 4, 1)), ((0.0, 0.0, 1.0), (0.0, 0.0, 1.0), (0.0, 0.0, 1.0), (0.0, 0.0, 1.0), (0.0, 0.0, 1.0))), [('K.152 Musicalion', 'P1', 2, (155, 160), (56, 1.0), (57, 2.0)), ('K.152 Musicalion', 'P1', 2, (161, 166), (58, 1.0), (59, 2.0))]) 

17 .    (((2, 2, 2, 2), (0.5, 0.5, 0.5, 0.5)), [('K.152 Musicalion', 'P1', 1, (198, 202), (44, 1.0), (44, 2.5)), ('K.152 Musicalion', 'P1', 1, (229, 233), (50, 2.5), (51, 1.0))]) 

18 .    (((-2, -2, -2, 2), (0.5, 0.5, 0.5, 0.5)), [('K.152 Musicalion', 'P1', 1, (38, 42), (10, 2.0), (10, 3.5)), ('K.152 Musicalion', 'P1', 1, (424, 428), (84, 2.0), (84, 3.5))]) 

19 .    (((-2, -2, 1, 2), (0.5, 0.5, 0.5, 2.0)), [('K.152 Musicalion', 'P1', 1, (47, 51), (12, 2.5), (13, 1.0)), ('K.152 Musicalion', 'P1', 1, (53, 57), (14, 2.5), (15, 1.0))]) 

20 .    ((((5, 1), (5, 1), (5, 1)), ((0.0, 1.0), (0.0, 1.0), (0.0, 1.0))), [('K.152 Musicalion', 'P1', 2, (142, 145), (51, 1.0), (51, 3.0)), ('K.152 Musicalion', 'P1', 2, (193, 196), (69, 1.0), (69, 3.0))]) 

21 .    (((-2, 1), (0.5, 0.5)), [('K.152 Musicalion', 'P1', 1, (234, 236), (51, 2.0), (51, 2.5)), ('K.152 Musicalion', 'P1', 1, (239, 241), (52, 2.0), (52, 2.5))]) 

22 .    ((((3, 4, 1), (3, 4, 1)), ((0.0, 0.0, 1.0), (0.0, 0.0, 1.0))), [('K.152 Musicalion', 'P1', 2, (151, 153), (54, 1.0), (54, 2.0)), ('K.152 Musicalion', 'P1', 2, (167, 169), (60, 1.0), (60, 2.0)), ('K.152 Musicalion', 'P1', 2, (170, 172), (61, 1.0), (61, 2.0))]) 

23 .    ((((6, 1), (6, 1)), ((0.0, 1.0), (0.0, 1.0))), [('K.152 Musicalion', 'P1', 2, (136, 138), (49, 1.0), (49, 2.0)), ('K.152 Musicalion', 'P1', 2, (139, 141), (50, 1.0), (50, 2.0)), ('K.152 Musicalion', 'P1', 2, (217, 219), (77, 1.0), (77, 2.0))]) 

24 .    (((2, 2), (1.0, 1.0)), [('K.152 Musicalion', 'P1', 2, (199, 201), (71, 1.0), (71, 2.0)), ('K.152 Musicalion', 'P1', 2, (223, 225), (79, 1.0), (79, 2.0))]) 

25 .    ((((5, 1), (5, 1)), ((0.0, 1.0), (0.0, 1.0))), [('K.152 Musicalion', 'P1', 2, (148, 150), (53, 1.0), (53, 2.0)), ('K.152 Musicalion', 'P1', 2, (173, 175), (62, 1.0), (62, 2.0))]) 

26 .    ((((7, 1), (7, 1)), ((0.0, 1.0), (0.0, 1.0))), [('K.152 Musicalion', 'P1', 2, (130, 132), (47, 1.0), (47, 2.0)), ('K.152 Musicalion', 'P1', 2, (133, 135), (48, 1.0), (48, 2.0))]) 

27 .    ((((8, 1), (8, -5)), ((0.0, 1.0), (0.0, 1.0))), [('K.152 Musicalion', 'P1', 2, (24, 26), (10, 2.0), (10, 3.0)), ('K.152 Musicalion', 'P1', 2, (124, 126), (44, 2.0), (44, 3.0))]) 

28 .    (((-2,), (0.5,)), [('K.152 Musicalion', 'P1', 1, (242, 243), (52, 3.5), (52, 3.5)), ('K.152 Musicalion', 'P1', 1, (288, 289), (61, 1.0), (61, 1.0)), ('K.152 Musicalion', 'P1', 1, (303, 304), (63, 2.5), (63, 2.5))]) 

29 .    (((1,), (0.5,)), [('K.152 Musicalion', 'P1', 1, (193, 194), (43, 1.5), (43, 1.5)), ('K.152 Musicalion', 'P1', 1, (195, 196), (43, 2.5), (43, 2.5)), ('K.152 Musicalion', 'P1', 1, (254, 255), (54, 3.5), (54, 3.5)), ('K.152 Musicalion', 'P1', 1, (283, 284), (60, 1.5), (60, 1.5)), ('K.152 Musicalion', 'P1', 1, (285, 286), (60, 2.5), (60, 2.5))]) 

30 .    (((2,), (0.5,)), [('K.152 Musicalion', 'P1', 1, (43, 44), (11, 2.0), (11, 2.0)), ('K.152 Musicalion', 'P1', 1, (203, 204), (44, 3.5), (44, 3.5))]) 

31 .    ((((8, 2),), ((0.0, 1.0),)), [('K.152 Musicalion', 'P1', 2, (20, 21), (9, 1.0), (9, 1.0)), ('K.152 Musicalion', 'P1', 2, (22, 23), (9, 3.0), (9, 3.0))]) 

32 .    (((-8,), (1.0,)), [('K.152 Musicalion', 'P1', 2, (197, 198), (70, 2.0), (70, 2.0)), ('K.152 Musicalion', 'P1', 2, (221, 222), (78, 2.0), (78, 2.0)), ('K.152 Musicalion', 'P1', 2, (239, 240), (84, 2.0), (84, 2.0))]) 

33 .    (((2,), (0.0,)), [('K.152 Musicalion', 'P1', 1, (124, 125), (31, 1.0), (31, 1.0)), ('K.152 Musicalion', 'P1', 1, (347, 348), (71, 1.0), (71, 1.0))]) 

