1 .    ('nomes', 'K.269 KernScores') 

2 .    ('quantidade', 1) 

3 .    ('analise', 'sequęncias IntDiaDurPtempo sem contidos e intercalados') 

1 .    (((8, 3), (1.0, 1.0), 0.0), [[('K.269 KernScores', 'P2', 1, (33, 35), (11, 4.0), (11, 5.0)), ('K.269 KernScores', 'P2', 1, (36, 38), (12, 1.0), (12, 2.0)), ('K.269 KernScores', 'P2', 1, (39, 41), (12, 4.0), (12, 5.0)), ('K.269 KernScores', 'P2', 1, (42, 44), (13, 1.0), (13, 2.0)), ('K.269 KernScores', 'P2', 1, (45, 47), (13, 4.0), (13, 5.0)), ('K.269 KernScores', 'P2', 1, (48, 50), (14, 1.0), (14, 2.0)), ('K.269 KernScores', 'P2', 1, (51, 53), (14, 4.0), (14, 5.0))], [('K.269 KernScores', 'P2', 1, (69, 71), (22, 4.0), (22, 5.0)), ('K.269 KernScores', 'P2', 1, (72, 74), (23, 1.0), (23, 2.0)), ('K.269 KernScores', 'P2', 1, (75, 77), (23, 4.0), (23, 5.0))], [('K.269 KernScores', 'P2', 1, (99, 101), (29, 4.0), (29, 5.0)), ('K.269 KernScores', 'P2', 1, (102, 104), (30, 1.0), (30, 2.0)), ('K.269 KernScores', 'P2', 1, (105, 107), (30, 4.0), (30, 5.0))], [('K.269 KernScores', 'P2', 1, (202, 204), (63, 4.0), (63, 5.0)), ('K.269 KernScores', 'P2', 1, (205, 207), (64, 1.0), (64, 2.0)), ('K.269 KernScores', 'P2', 1, (208, 210), (64, 4.0), (64, 5.0)), ('K.269 KernScores', 'P2', 1, (211, 213), (65, 1.0), (65, 2.0)), ('K.269 KernScores', 'P2', 1, (214, 216), (65, 4.0), (65, 5.0)), ('K.269 KernScores', 'P2', 1, (217, 219), (66, 1.0), (66, 2.0)), ('K.269 KernScores', 'P2', 1, (220, 222), (66, 4.0), (66, 5.0))], [('K.269 KernScores', 'P2', 1, (224, 226), (67, 4.0), (67, 5.0)), ('K.269 KernScores', 'P2', 1, (227, 229), (68, 1.0), (68, 2.0)), ('K.269 KernScores', 'P2', 1, (230, 232), (68, 4.0), (68, 5.0)), ('K.269 KernScores', 'P2', 1, (233, 235), (69, 1.0), (69, 2.0))], [('K.269 KernScores', 'P2', 1, (254, 256), (74, 4.0), (74, 5.0)), ('K.269 KernScores', 'P2', 1, (257, 259), (75, 1.0), (75, 2.0)), ('K.269 KernScores', 'P2', 1, (260, 262), (75, 4.0), (75, 5.0)), ('K.269 KernScores', 'P2', 1, (263, 265), (76, 1.0), (76, 2.0))]]) 

2 .    (((-4, 2, -3, -5, 2), (1.0, 1.0, 1.0, 1.0, 1.0), 0.0), [[('K.269 KernScores', 'P1', 1, (192, 197), (42, 2.0), (42, 6.0)), ('K.269 KernScores', 'P1', 1, (198, 203), (43, 2.0), (43, 6.0))], [('K.269 KernScores', 'P1', 1, (216, 221), (48, 2.0), (48, 6.0)), ('K.269 KernScores', 'P1', 1, (222, 227), (49, 2.0), (49, 6.0))]]) 

3 .    (((-2, -2, -2), (0.0, 1.0, 1.0), 0.0), [[('K.269 KernScores', 'P1', 1, (248, 251), (55, 4.0), (55, 5.0)), ('K.269 KernScores', 'P1', 1, (252, 255), (56, 1.0), (56, 2.0)), ('K.269 KernScores', 'P1', 1, (256, 259), (56, 4.0), (56, 5.0))], [('K.269 KernScores', 'P1', 1, (269, 272), (58, 4.0), (58, 5.0)), ('K.269 KernScores', 'P1', 1, (273, 276), (59, 1.0), (59, 2.0)), ('K.269 KernScores', 'P1', 1, (277, 280), (59, 4.0), (59, 5.0))], [('K.269 KernScores', 'P1', 1, (290, 293), (61, 4.0), (61, 5.0)), ('K.269 KernScores', 'P1', 1, (294, 297), (62, 1.0), (62, 2.0)), ('K.269 KernScores', 'P1', 1, (298, 301), (62, 4.0), (62, 5.0))]]) 

4 .    (((-2, 2, -2), (1.0, 1.0, 0.0), 0.0), [[('K.269 KernScores', 'P1', 1, (267, 270), (58, 2.0), (58, 4.0)), ('K.269 KernScores', 'P1', 1, (271, 274), (58, 5.0), (59, 1.0)), ('K.269 KernScores', 'P1', 1, (275, 278), (59, 2.0), (59, 4.0))], [('K.269 KernScores', 'P1', 1, (288, 291), (61, 2.0), (61, 4.0)), ('K.269 KernScores', 'P1', 1, (292, 295), (61, 5.0), (62, 1.0)), ('K.269 KernScores', 'P1', 1, (296, 299), (62, 2.0), (62, 4.0))]]) 

5 .    (((-3, 4, -3), (1.0, 2.0, 1.0), 0.0), [[('K.269 KernScores', 'P1', 1, (328, 331), (68, 5.0), (69, 2.0)), ('K.269 KernScores', 'P1', 1, (332, 335), (69, 5.0), (70, 2.0))], [('K.269 KernScores', 'P1', 1, (358, 361), (75, 5.0), (76, 2.0)), ('K.269 KernScores', 'P1', 1, (362, 365), (76, 5.0), (77, 2.0))]]) 

6 .    (((3, 4), (1.0, 1.0), 0.0), [[('K.269 KernScores', 'P1', 1, (78, 80), (17, 1.0), (17, 2.0)), ('K.269 KernScores', 'P1', 1, (81, 83), (17, 4.0), (17, 5.0))], [('K.269 KernScores', 'P1', 1, (135, 137), (28, 1.0), (28, 2.0)), ('K.269 KernScores', 'P1', 1, (138, 140), (28, 4.0), (28, 5.0))], [('K.269 KernScores', 'P1', 1, (168, 170), (35, 1.0), (35, 2.0)), ('K.269 KernScores', 'P1', 1, (171, 173), (35, 4.0), (35, 5.0))]]) 

