1 .    ('nomes', 'K.63 Musescore') 

2 .    ('quantidade', 1) 

3 .    ('analise', 'recorręncias IntDiaDur sem contidos e intercalados') 

1 .    (((-2, 2, -8, 7, -2, 2, -7, 6, -2, 2, -6, 5, -2, 2, -5, 8, -2, 2, -8, 7, -2, 2, -7, 6, -2, 2, -6, 5, -2), (0.25, 0.25, 0.25, 0.25, 0.25, 0.25, 0.25, 0.25, 0.25, 0.25, 0.25, 0.25, 0.25, 0.25, 0.25, 0.25, 0.25, 0.25, 0.25, 0.25, 0.25, 0.25, 0.25, 0.25, 0.25, 0.25, 0.25, 0.25, 0.25)), [('K.63 Musescore', 'P1', 1, (43, 72), (10, 2.25), (14, 1.25)), ('K.63 Musescore', 'P1', 3, (29, 58), (14, 2.25), (18, 1.25))]) 

2 .    (((-2, 2, -3, 8, 2, -6, -2, 2, 3, 2, 2, -5, -2, 2, 2, 2, 2, -4, -2, 2, 2, 3, -2, -6, -2, 2, 4, 3, -2), (0.5, 0.25, 0.25, 0.5, 0.5, 0.25, 0.25, 0.25, 0.25, 0.5, 0.5, 0.25, 0.25, 0.25, 0.25, 0.5, 0.5, 0.25, 0.25, 0.25, 0.25, 0.5, 0.5, 0.25, 0.25, 0.25, 0.25, 0.5, 0.5)), [('K.63 Musescore', 'P1', 1, (114, 143), (24, 1.0), (28, 2.5)), ('K.63 Musescore', 'P1', 1, (242, 271), (52, 1.0), (56, 2.5))]) 

3 .    (((3, -2, 2, -3, 3, -4, 4, -5, 5, -2, 2, -5, 5, -6, 6), (0.25, 0.25, 0.25, 0.25, 0.25, 0.25, 0.25, 0.25, 0.25, 0.25, 0.25, 0.25, 0.25, 0.25, 0.25)), [('K.63 Musescore', 'P1', 1, (194, 209), (44, 1.0), (45, 2.5)), ('K.63 Musescore', 'P1', 1, (210, 225), (46, 1.0), (47, 2.5))]) 

4 .    (((6, -2, -2, -2, -2, 2, -3, 6, -2, -2), (0.5, 0.5, 1.0, 1.0, 0.5, 0.25, 0.25, 0.5, 0.5, 1.0)), [('K.63 Musescore', 'P1', 1, (161, 171), (34, 2.0), (37, 1.0)), ('K.63 Musescore', 'P1', 1, (183, 193), (40, 2.0), (43, 1.0))]) 

5 .    (((6, -2, 4, -4, -2, -2, -2, 2), (0.5, 0.5, 0.5, 0.5, 0.5, 0.5, 0.5, 0.25)), [('K.63 Musescore', 'P1', 1, (5, 13), (2, 2.0), (4, 1.5)), ('K.63 Musescore', 'P1', 1, (14, 22), (4, 2.0), (6, 1.5))]) 

6 .    (((2, 8, -2, -8, -2, 8, -2, -8), (0.5, 1.5, 0.5, 1.5, 0.5, 1.5, 0.5, 1.5)), [('K.63 Musescore', 'P1', 3, (81, 89), (24, 2.5), (28, 1.0)), ('K.63 Musescore', 'P1', 3, (146, 154), (51, 2.5), (55, 1.0))]) 

7 .    ((((3, 2), -2, -4, (3, 4), (3, 2), -2, -4), ((0.0, 0.5), 1.0, 1.0, (0.0, 1.5), (0.0, 0.5), 1.0, 1.0)), [('K.63 Musescore', 'P1', 3, (3, 10), (2, 2.5), (5, 2.0)), ('K.63 Musescore', 'P1', 3, (102, 109), (34, 2.5), (37, 2.0)), ('K.63 Musescore', 'P1', 3, (116, 123), (40, 2.5), (43, 2.0))]) 

8 .    (((-3, 2, -5, 6, -3, 2, -5), (0.5, 0.5, 0.5, 2.5, 0.5, 0.5, 0.5)), [('K.63 Musescore', 'P1', 4, (0, 7), (3, 1.0), (5, 2.0)), ('K.63 Musescore', 'P1', 4, (10, 17), (35, 1.0), (37, 2.0)), ('K.63 Musescore', 'P1', 4, (18, 25), (41, 1.0), (43, 2.0))]) 

9 .    (((3, -7, 4, 3, 3), (0.5, 0.5, 0.5, 0.5, 0.5)), [('K.63 Musescore', 'P1', 1, (228, 233), (48, 2.0), (49, 2.0)), ('K.63 Musescore', 'P1', 1, (236, 241), (50, 2.0), (51, 2.0))]) 

10 .    (((-2, -8, -2, 8, -2), (0.5, 0.5, 0.5, 0.5, 0.5)), [('K.63 Musescore', 'P1', 1, (24, 29), (6, 2.5), (7, 2.5)), ('K.63 Musescore', 'P1', 3, (15, 20), (8, 2.5), (9, 2.5))]) 

11 .    (((-3, 9, -3, -4), (0.5, 0.5, 0.5, 0.5)), [('K.63 Musescore', 'P1', 3, (133, 137), (48, 2.0), (49, 1.5)), ('K.63 Musescore', 'P1', 3, (141, 145), (50, 2.0), (51, 1.5))]) 

12 .    (((-2, 2, -2, 2), (1.0, 1.0, 0.5, 0.25)), [('K.63 Musescore', 'P1', 1, (0, 4), (1, 1.0), (2, 1.5)), ('K.63 Musescore', 'P1', 1, (156, 160), (33, 1.0), (34, 1.5))]) 

13 .    (((3, 4, 3), (0.5, 0.5, 0.5)), [('K.63 Musescore', 'P1', 3, (70, 73), (21, 1.0), (21, 2.0)), ('K.63 Musescore', 'P1', 3, (74, 77), (22, 1.0), (22, 2.0))]) 

14 .    (((8, -2, -3), (0.5, 0.5, 0.5)), [('K.63 Musescore', 'P1', 1, (100, 103), (20, 2.0), (21, 1.0)), ('K.63 Musescore', 'P1', 1, (104, 107), (21, 2.0), (22, 1.0))]) 

15 .    (((-2, 2, 6), (0.25, 0.25, 0.25)), [('K.63 Musescore', 'P1', 1, (144, 147), (29, 1.25), (29, 1.75)), ('K.63 Musescore', 'P1', 1, (272, 275), (57, 1.25), (57, 1.75))]) 

16 .    ((((3, -4), (3, 4, 2), (3, 3, -4)), ((0.0, 0.5), (0.0, 0.0, 1.0), (0.0, 0.0, 1.0))), [('K.63 Musescore', 'P1', 3, (21, 24), (10, 2.5), (11, 2.0)), ('K.63 Musescore', 'P1', 3, (25, 28), (12, 2.5), (13, 2.0))]) 

17 .    (((-2, 2), (0.25, 0.25)), [('K.63 Musescore', 'P1', 1, (37, 39), (9, 2.5), (9, 2.75)), ('K.63 Musescore', 'P1', 3, (110, 112), (38, 2.25), (38, 2.5))]) 

18 .    (((2, -3), (0.25, 0.25)), [('K.63 Musescore', 'P1', 1, (30, 32), (8, 1.5), (8, 1.75)), ('K.63 Musescore', 'P1', 1, (93, 95), (19, 1.75), (19, 2.0)), ('K.63 Musescore', 'P1', 1, (173, 175), (38, 1.5), (38, 1.75))]) 

19 .    (((2, 2), (0.5, 0.5)), [('K.63 Musescore', 'P1', 1, (78, 80), (16, 1.0), (16, 1.5)), ('K.63 Musescore', 'P1', 3, (60, 62), (18, 2.0), (18, 2.5))]) 

20 .    (((-2, -2), (0.5, 0.5)), [('K.63 Musescore', 'P1', 1, (277, 279), (58, 2.0), (58, 2.5)), ('K.63 Musescore', 'P1', 2, (5, 7), (57, 2.0), (57, 2.5))]) 

21 .    (((4, -5), (0.5, 0.5)), [('K.63 Musescore', 'P1', 1, (75, 77), (15, 1.5), (15, 2.0)), ('K.63 Musescore', 'P1', 1, (81, 83), (17, 1.5), (17, 2.0))]) 

22 .    (((-8, 4), (1.0, 1.0)), [('K.63 Musescore', 'P1', 3, (113, 115), (39, 1.0), (39, 2.0)), ('K.63 Musescore', 'P1', 3, (163, 165), (59, 1.0), (59, 2.0))]) 

23 .    (((-2,), (0.5,)), [('K.63 Musescore', 'P1', 1, (33, 34), (8, 2.5), (8, 2.5)), ('K.63 Musescore', 'P1', 1, (85, 86), (18, 1.5), (18, 1.5)), ('K.63 Musescore', 'P1', 1, (151, 152), (30, 2.0), (30, 2.0)), ('K.63 Musescore', 'P1', 1, (180, 181), (40, 1.0), (40, 1.0))]) 

24 .    (((2,), (0.25,)), [('K.63 Musescore', 'P1', 1, (40, 41), (10, 1.5), (10, 1.5)), ('K.63 Musescore', 'P1', 1, (97, 98), (19, 2.75), (19, 2.75))]) 

25 .    (((2,), (0.5,)), [('K.63 Musescore', 'P1', 1, (35, 36), (9, 1.5), (9, 1.5)), ('K.63 Musescore', 'P1', 1, (149, 150), (30, 1.0), (30, 1.0)), ('K.63 Musescore', 'P1', 3, (63, 64), (19, 1.5), (19, 1.5)), ('K.63 Musescore', 'P1', 3, (160, 161), (58, 1.5), (58, 1.5))]) 

26 .    (((-3,), (0.5,)), [('K.63 Musescore', 'P1', 1, (111, 112), (23, 1.5), (23, 1.5)), ('K.63 Musescore', 'P1', 1, (176, 177), (38, 2.5), (38, 2.5)), ('K.63 Musescore', 'P1', 3, (139, 140), (50, 1.0), (50, 1.0))]) 

27 .    (((-2,), (1.0,)), [('K.63 Musescore', 'P1', 1, (153, 154), (31, 1.0), (31, 1.0)), ('K.63 Musescore', 'P1', 3, (12, 13), (7, 1.5), (7, 1.5)), ('K.63 Musescore', 'P1', 4, (8, 9), (7, 1.0), (7, 1.0)), ('K.63 Musescore', 'P1', 2, (2, 3), (31, 1.0), (31, 1.0))]) 

28 .    (((3,), (0.5,)), [('K.63 Musescore', 'P1', 1, (226, 227), (48, 1.0), (48, 1.0)), ('K.63 Musescore', 'P1', 3, (66, 67), (20, 1.0), (20, 1.0))]) 

29 .    (((4,), (0.5,)), [('K.63 Musescore', 'P1', 1, (234, 235), (50, 1.0), (50, 1.0)), ('K.63 Musescore', 'P1', 3, (68, 69), (20, 2.0), (20, 2.0)), ('K.63 Musescore', 'P1', 3, (130, 131), (47, 2.5), (47, 2.5))]) 

30 .    (((-5,), (0.25,)), [('K.63 Musescore', 'P1', 1, (73, 74), (14, 1.75), (14, 1.75)), ('K.63 Musescore', 'P1', 1, (90, 91), (19, 1.0), (19, 1.0))]) 

31 .    ((((3, 2),), ((0.0, 0.5),)), [('K.63 Musescore', 'P1', 3, (124, 125), (44, 2.5), (44, 2.5)), ('K.63 Musescore', 'P1', 3, (126, 127), (45, 2.5), (45, 2.5)), ('K.63 Musescore', 'P1', 3, (128, 129), (46, 2.5), (46, 2.5))]) 

32 .    (((2,), (1.0,)), [('K.63 Musescore', 'P1', 3, (79, 80), (23, 2.0), (23, 2.0)), ('K.63 Musescore', 'P1', 2, (0, 1), (30, 1.0), (30, 1.0))]) 

33 .    ((((8, 2),), ((0.0, 0.5),)), [('K.63 Musescore', 'P1', 3, (91, 92), (29, 2.5), (29, 2.5)), ('K.63 Musescore', 'P1', 3, (93, 94), (30, 1.5), (30, 1.5)), ('K.63 Musescore', 'P1', 3, (95, 96), (30, 2.5), (30, 2.5)), ('K.63 Musescore', 'P1', 3, (158, 159), (57, 2.5), (57, 2.5))]) 

34 .    ((((3, 2),), ((0.0, 1.0),)), [('K.63 Musescore', 'P1', 1, (280, 281), (59, 2.0), (59, 2.0)), ('K.63 Musescore', 'P1', 3, (99, 100), (33, 1.0), (33, 1.0))]) 

