1 .    ('nomes', 'K.478 KernScores') 

2 .    ('quantidade', 1) 

3 .    ('analise', 'sequęncias IntDiaDur sem contidos e intercalados') 

1 .    (((2, -2, 4, -2, 6, -2, -2, -2, -2, -4, 2, -2, 4, -2, 6, -2, -2, -2, -2), (0.5, 0.5, 0.5, 0.5, 0.5, 0.0, 1.5, 0.25, 0.25, 1.5, 0.5, 0.5, 0.5, 0.5, 0.5, 0.0, 1.5, 0.25, 0.25)), [[('K.478 KernScores', 'P1', 1, (146, 165), (30, 1.5), (33, 2.75)), ('K.478 KernScores', 'P1', 1, (166, 185), (34, 1.5), (37, 2.75))], [('K.478 KernScores', 'P1', 1, (351, 370), (73, 1.5), (76, 2.75)), ('K.478 KernScores', 'P1', 1, (371, 390), (77, 1.5), (80, 2.75))]]) 

2 .    ((((3, 1), (3, 1), (3, 2), (3, 1), (3, 2), (3, -3), (3, 1), (3, 1), (3, 2), (3, 1), (3, 2)), ((0.0, 1.0), (0.0, 1.0), (0.0, 1.0), (0.0, 1.0), (0.0, 1.0), (0.0, 1.0), (0.0, 1.0), (0.0, 1.0), (0.0, 1.0), (0.0, 1.0), (0.0, 1.0))), [[('K.478 KernScores', 'P2', 1, (122, 133), (30, 1.0), (33, 2.0)), ('K.478 KernScores', 'P2', 1, (134, 145), (34, 1.0), (37, 2.0))], [('K.478 KernScores', 'P2', 1, (281, 292), (73, 1.0), (76, 2.0)), ('K.478 KernScores', 'P2', 1, (293, 304), (77, 1.0), (80, 2.0))]]) 

3 .    ((((8, 2), (8, 2), (8, 2), (8, 1), (8, 4), (8, -5), (8, 1), (8, 4), (8, -3), (8, 2), (8, 1)), ((0.0, 1.0), (0.0, 1.0), (0.0, 1.0), (0.0, 1.0), (0.0, 1.0), (0.0, 1.0), (0.0, 1.0), (0.0, 1.0), (0.0, 1.0), (0.0, 1.0), (0.0, 1.0))), [[('K.478 KernScores', 'P2', 1, (185, 196), (49, 1.0), (52, 2.0)), ('K.478 KernScores', 'P2', 1, (197, 208), (53, 1.0), (56, 2.0))], [('K.478 KernScores', 'P2', 1, (374, 385), (103, 1.0), (106, 2.0)), ('K.478 KernScores', 'P2', 1, (386, 397), (107, 1.0), (110, 2.0))]]) 

4 .    (((-2, -2, -2), (0.25, 0.25, 0.25)), [[('K.478 KernScores', 'P1', 1, (114, 117), (26, 1.0), (26, 1.5)), ('K.478 KernScores', 'P1', 1, (118, 121), (26, 2.0), (26, 2.5)), ('K.478 KernScores', 'P1', 1, (122, 125), (26, 3.0), (26, 3.5)), ('K.478 KernScores', 'P1', 1, (126, 129), (27, 1.0), (27, 1.5)), ('K.478 KernScores', 'P1', 1, (130, 133), (27, 2.0), (27, 2.5)), ('K.478 KernScores', 'P1', 1, (134, 137), (27, 3.0), (27, 3.5))], [('K.478 KernScores', 'P1', 1, (217, 220), (42, 3.25), (42, 3.75)), ('K.478 KernScores', 'P1', 1, (221, 224), (43, 1.25), (43, 1.75))]]) 

5 .    (((1, 1, 1, 1, 1, 1, 1), (1.0, 1.0, 1.0, 1.0, 1.0, 1.0, 1.0)), [[('K.478 KernScores', 'P2', 1, (331, 338), (89, 2.0), (91, 2.0)), ('K.478 KernScores', 'P2', 1, (339, 346), (92, 1.0), (94, 1.0))]]) 

6 .    (((-2, -2, -2, 2), (1.0, 0.25, 0.25, 0.5)), [[('K.478 KernScores', 'P1', 1, (191, 195), (39, 1.5), (39, 3.0)), ('K.478 KernScores', 'P1', 1, (196, 200), (40, 1.5), (40, 3.0))], [('K.478 KernScores', 'P1', 1, (391, 395), (81, 1.5), (81, 3.0)), ('K.478 KernScores', 'P1', 1, (396, 400), (82, 1.5), (82, 3.0)), ('K.478 KernScores', 'P1', 1, (401, 405), (83, 1.5), (83, 3.0))]]) 

7 .    (((2, -4, 2, -4, 2), (0.25, 0.25, 0.25, 0.25, 0.25)), [[('K.478 KernScores', 'P1', 1, (339, 344), (70, 1.0), (70, 2.0)), ('K.478 KernScores', 'P1', 1, (345, 350), (70, 2.5), (70, 3.5))], [('K.478 KernScores', 'P1', 1, (424, 429), (86, 2.0), (86, 3.0)), ('K.478 KernScores', 'P1', 1, (430, 435), (86, 3.5), (86, 1.5))], [('K.478 KernScores', 'P2', 1, (21, 26), (10, 1.0), (10, 2.0)), ('K.478 KernScores', 'P2', 1, (27, 32), (10, 2.5), (10, 3.5))], [('K.478 KernScores', 'P2', 1, (36, 41), (12, 1.0), (12, 2.0)), ('K.478 KernScores', 'P2', 1, (42, 47), (12, 2.5), (12, 3.5))], [('K.478 KernScores', 'P2', 1, (162, 167), (44, 1.0), (44, 2.0)), ('K.478 KernScores', 'P2', 1, (168, 173), (44, 2.5), (44, 3.5))], [('K.478 KernScores', 'P2', 1, (222, 227), (62, 1.0), (62, 2.0)), ('K.478 KernScores', 'P2', 1, (228, 233), (62, 2.5), (62, 3.5))], [('K.478 KernScores', 'P2', 1, (239, 244), (65, 1.0), (65, 2.0)), ('K.478 KernScores', 'P2', 1, (245, 250), (65, 2.5), (65, 3.5))], [('K.478 KernScores', 'P2', 1, (256, 261), (68, 1.0), (68, 2.0)), ('K.478 KernScores', 'P2', 1, (262, 267), (68, 2.5), (68, 3.5))]]) 

8 .    (((2, -5, 2, 2), (0.5, 0.5, 0.5, 0.5)), [[('K.478 KernScores', 'P1', 1, (260, 264), (50, 1.5), (50, 3.0)), ('K.478 KernScores', 'P1', 1, (265, 269), (51, 1.5), (51, 3.0))], [('K.478 KernScores', 'P1', 1, (281, 285), (54, 1.5), (54, 3.0)), ('K.478 KernScores', 'P1', 1, (286, 290), (55, 1.5), (55, 3.0))], [('K.478 KernScores', 'P1', 1, (521, 525), (104, 1.0), (104, 2.5)), ('K.478 KernScores', 'P1', 1, (526, 530), (105, 1.0), (105, 2.5))], [('K.478 KernScores', 'P1', 1, (543, 547), (108, 1.0), (108, 2.5)), ('K.478 KernScores', 'P1', 1, (548, 552), (109, 1.0), (109, 2.5))]]) 

9 .    (((2, 2, 1, 2), (0.5, 0.5, 1.0, 0.5)), [[('K.478 KernScores', 'P1', 1, (257, 261), (49, 2.5), (50, 1.5)), ('K.478 KernScores', 'P1', 1, (262, 266), (50, 2.5), (51, 1.5))], [('K.478 KernScores', 'P1', 1, (278, 282), (53, 2.5), (54, 1.5)), ('K.478 KernScores', 'P1', 1, (283, 287), (54, 2.5), (55, 1.5))], [('K.478 KernScores', 'P1', 1, (518, 522), (103, 2.0), (104, 1.0)), ('K.478 KernScores', 'P1', 1, (523, 527), (104, 2.0), (105, 1.0))], [('K.478 KernScores', 'P1', 1, (540, 544), (107, 2.0), (108, 1.0)), ('K.478 KernScores', 'P1', 1, (545, 549), (108, 2.0), (109, 1.0))]]) 

10 .    (((2, -5, 2), (0.5, 0.5, 0.5)), [[('K.478 KernScores', 'P1', 1, (29, 32), (6, 1.0), (6, 2.0)), ('K.478 KernScores', 'P1', 1, (33, 36), (6, 3.0), (7, 1.0))], [('K.478 KernScores', 'P1', 1, (42, 45), (8, 1.0), (8, 2.0)), ('K.478 KernScores', 'P1', 1, (46, 49), (8, 3.0), (9, 1.0))]]) 

11 .    (((2, -2, -2), (0.25, 0.25, 0.25)), [[('K.478 KernScores', 'P1', 1, (113, 116), (25, 3.75), (26, 1.25)), ('K.478 KernScores', 'P1', 1, (117, 120), (26, 1.75), (26, 2.25))]]) 

12 .    (((-2, 2, -2), (0.25, 0.25, 0.25)), [[('K.478 KernScores', 'P1', 1, (112, 115), (25, 3.5), (26, 1.0)), ('K.478 KernScores', 'P1', 1, (116, 119), (26, 1.5), (26, 2.0))]]) 

13 .    (((-2, -2), (0.25, 0.25)), [[('K.478 KernScores', 'P1', 1, (201, 203), (41, 2.25), (41, 2.5)), ('K.478 KernScores', 'P1', 1, (204, 206), (41, 3.0), (41, 3.25))], [('K.478 KernScores', 'P1', 1, (406, 408), (84, 2.25), (84, 2.5)), ('K.478 KernScores', 'P1', 1, (409, 411), (84, 3.0), (84, 3.25))]]) 

14 .    (((-3, -3), (0.25, 0.25)), [[('K.478 KernScores', 'P1', 1, (140, 142), (28, 1.5), (28, 1.75)), ('K.478 KernScores', 'P1', 1, (143, 145), (28, 2.25), (28, 2.5))], [('K.478 KernScores', 'P1', 2, (49, 51), (98, 3.5), (98, 3.75)), ('K.478 KernScores', 'P1', 2, (52, 54), (98, 1.25), (98, 1.5))]]) 

15 .    (((-4, -3), (0.25, 0.25)), [[('K.478 KernScores', 'P1', 1, (139, 141), (28, 1.25), (28, 1.5)), ('K.478 KernScores', 'P1', 1, (142, 144), (28, 2.0), (28, 2.25))], [('K.478 KernScores', 'P1', 2, (48, 50), (98, 3.25), (98, 3.5)), ('K.478 KernScores', 'P1', 2, (51, 53), (98, 1.0), (98, 1.25))]]) 

16 .    ((((4, 1), (4, 1)), ((0.0, 1.0), (0.0, 1.0))), [[('K.478 KernScores', 'P2', 1, (149, 151), (39, 1.0), (39, 2.0)), ('K.478 KernScores', 'P2', 1, (152, 154), (40, 1.0), (40, 2.0))], [('K.478 KernScores', 'P2', 1, (308, 310), (82, 1.0), (82, 2.0)), ('K.478 KernScores', 'P2', 1, (311, 313), (83, 1.0), (83, 2.0))]]) 

