1 .    ('nomes', 'K.363 Musicalion') 

2 .    ('quantidade', 1) 

3 .    ('analise', 'sequÍncias IntDiaDur sem contidos e intercalados') 

1 .    (((3, -5, 5, -2, 3), (0.5, 0.5, 0.5, 0.5, 0.5)), [[('K.363 Musicalion', 'P1', 2, (52, 57), (16, 2.0), (17, 1.0)), ('K.363 Musicalion', 'P1', 2, (58, 63), (17, 2.0), (18, 1.0)), ('K.363 Musicalion', 'P1', 2, (64, 69), (18, 2.0), (19, 1.0)), ('K.363 Musicalion', 'P1', 2, (70, 75), (19, 2.0), (20, 1.0)), ('K.363 Musicalion', 'P1', 2, (76, 81), (20, 2.0), (21, 1.0))], [('K.363 Musicalion', 'P1', 2, (292, 297), (69, 2.0), (70, 1.0)), ('K.363 Musicalion', 'P1', 2, (298, 303), (70, 2.0), (71, 1.0)), ('K.363 Musicalion', 'P1', 2, (304, 309), (71, 2.0), (72, 1.0))], [('K.363 Musicalion', 'P1', 2, (316, 321), (73, 2.0), (74, 1.0)), ('K.363 Musicalion', 'P1', 2, (322, 327), (74, 2.0), (75, 1.0))], [('K.363 Musicalion', 'P1', 2, (334, 339), (76, 2.0), (77, 1.0)), ('K.363 Musicalion', 'P1', 2, (340, 345), (77, 2.0), (78, 1.0)), ('K.363 Musicalion', 'P1', 2, (346, 351), (78, 2.0), (79, 1.0)), ('K.363 Musicalion', 'P1', 2, (352, 357), (79, 2.0), (80, 1.0))], [('K.363 Musicalion', 'P1', 2, (394, 399), (86, 2.0), (87, 1.0)), ('K.363 Musicalion', 'P1', 2, (400, 405), (87, 2.0), (88, 1.0)), ('K.363 Musicalion', 'P1', 2, (406, 411), (88, 2.0), (89, 1.0))], [('K.363 Musicalion', 'P1', 2, (446, 451), (95, 2.0), (96, 1.0)), ('K.363 Musicalion', 'P1', 2, (452, 457), (96, 2.0), (97, 1.0)), ('K.363 Musicalion', 'P1', 2, (458, 463), (97, 2.0), (98, 1.0))]]) 

2 .    (((4, -3, -2, -2, -2, -2, 2, 2, 2, -8, 4), (1.0, 1.0, 1.0, 1.0, 1.0, 1.0, 1.0, 1.0, 1.0, 1.0, 1.0)), [[('K.363 Musicalion', 'P1', 2, (227, 238), (46, 2.0), (49, 3.0)), ('K.363 Musicalion', 'P1', 2, (239, 250), (50, 2.0), (53, 3.0))], [('K.363 Musicalion', 'P1', 2, (497, 508), (104, 2.0), (107, 3.0)), ('K.363 Musicalion', 'P1', 2, (509, 520), (108, 2.0), (111, 3.0))]]) 

3 .    (((3, -4, 3, -5, 5), (0.5, 0.5, 0.5, 0.5, 0.5)), [[('K.363 Musicalion', 'P1', 2, (290, 295), (69, 1.0), (69, 3.0)), ('K.363 Musicalion', 'P1', 2, (296, 301), (70, 1.0), (70, 3.0)), ('K.363 Musicalion', 'P1', 2, (302, 307), (71, 1.0), (71, 3.0))], [('K.363 Musicalion', 'P1', 2, (314, 319), (73, 1.0), (73, 3.0)), ('K.363 Musicalion', 'P1', 2, (320, 325), (74, 1.0), (74, 3.0))], [('K.363 Musicalion', 'P1', 2, (332, 337), (76, 1.0), (76, 3.0)), ('K.363 Musicalion', 'P1', 2, (338, 343), (77, 1.0), (77, 3.0))], [('K.363 Musicalion', 'P1', 2, (392, 397), (86, 1.0), (86, 3.0)), ('K.363 Musicalion', 'P1', 2, (398, 403), (87, 1.0), (87, 3.0)), ('K.363 Musicalion', 'P1', 2, (404, 409), (88, 1.0), (88, 3.0))], [('K.363 Musicalion', 'P1', 2, (444, 449), (95, 1.0), (95, 3.0)), ('K.363 Musicalion', 'P1', 2, (450, 455), (96, 1.0), (96, 3.0)), ('K.363 Musicalion', 'P1', 2, (456, 461), (97, 1.0), (97, 3.0))]]) 

4 .    (((-2, 3, -4, 3, -5), (0.5, 0.5, 0.5, 0.5, 0.5)), [[('K.363 Musicalion', 'P1', 2, (313, 318), (72, 3.5), (73, 2.5)), ('K.363 Musicalion', 'P1', 2, (319, 324), (73, 3.5), (74, 2.5))], [('K.363 Musicalion', 'P1', 2, (391, 396), (85, 3.5), (86, 2.5)), ('K.363 Musicalion', 'P1', 2, (397, 402), (86, 3.5), (87, 2.5)), ('K.363 Musicalion', 'P1', 2, (403, 408), (87, 3.5), (88, 2.5))]]) 

5 .    (((-6, 3, -5, 7, -4), (0.5, 0.5, 0.5, 0.5, 0.5)), [[('K.363 Musicalion', 'P1', 2, (117, 122), (27, 1.5), (27, 3.5)), ('K.363 Musicalion', 'P1', 2, (123, 128), (28, 1.5), (28, 3.5)), ('K.363 Musicalion', 'P1', 2, (129, 134), (29, 1.5), (29, 3.5))], [('K.363 Musicalion', 'P1', 2, (175, 180), (37, 1.5), (37, 3.5)), ('K.363 Musicalion', 'P1', 2, (181, 186), (38, 1.5), (38, 3.5))]]) 

6 .    (((3, -2, 3, -2, 3), (0.5, 0.5, 0.5, 0.5, 0.5)), [[('K.363 Musicalion', 'P1', 2, (366, 371), (81, 3.0), (82, 2.0)), ('K.363 Musicalion', 'P1', 2, (372, 377), (82, 3.0), (83, 2.0))]]) 

7 .    (((5, -6, 3, -5, 7), (0.5, 0.5, 0.5, 0.5, 0.5)), [[('K.363 Musicalion', 'P1', 2, (174, 179), (37, 1.0), (37, 3.0)), ('K.363 Musicalion', 'P1', 2, (180, 185), (38, 1.0), (38, 3.0))]]) 

8 .    (((-5, 6, -5), (0.5, 0.5, 0.5)), [[('K.363 Musicalion', 'P1', 2, (145, 148), (31, 3.5), (32, 1.5)), ('K.363 Musicalion', 'P1', 2, (149, 152), (32, 2.5), (32, 3.5))], [('K.363 Musicalion', 'P1', 2, (411, 414), (89, 1.5), (89, 2.5)), ('K.363 Musicalion', 'P1', 2, (415, 418), (89, 3.5), (90, 1.5)), ('K.363 Musicalion', 'P1', 2, (419, 422), (90, 2.5), (90, 3.5))], [('K.363 Musicalion', 'P1', 2, (463, 466), (98, 1.5), (98, 2.5)), ('K.363 Musicalion', 'P1', 2, (467, 470), (98, 3.5), (99, 1.5)), ('K.363 Musicalion', 'P1', 2, (471, 474), (99, 2.5), (99, 3.5))]]) 

9 .    (((3, -5, 6), (0.5, 0.5, 0.5)), [[('K.363 Musicalion', 'P1', 2, (144, 147), (31, 3.0), (32, 1.0)), ('K.363 Musicalion', 'P1', 2, (148, 151), (32, 2.0), (32, 3.0))]]) 

10 .    (((-8, 8), (1.0, 1.0)), [[('K.363 Musicalion', 'P1', 2, (1, 3), (1, 2.0), (1, 3.0)), ('K.363 Musicalion', 'P1', 2, (4, 6), (2, 2.0), (2, 3.0)), ('K.363 Musicalion', 'P1', 2, (7, 9), (3, 2.0), (3, 3.0))], [('K.363 Musicalion', 'P1', 2, (17, 19), (7, 2.0), (7, 3.0)), ('K.363 Musicalion', 'P1', 2, (20, 22), (8, 2.0), (8, 3.0)), ('K.363 Musicalion', 'P1', 2, (23, 25), (9, 2.0), (9, 3.0))], [('K.363 Musicalion', 'P1', 2, (262, 264), (58, 2.0), (58, 3.0)), ('K.363 Musicalion', 'P1', 2, (265, 267), (59, 2.0), (59, 3.0))], [('K.363 Musicalion', 'P1', 2, (275, 277), (63, 2.0), (63, 3.0)), ('K.363 Musicalion', 'P1', 2, (278, 280), (64, 2.0), (64, 3.0)), ('K.363 Musicalion', 'P1', 2, (281, 283), (65, 2.0), (65, 3.0))]]) 

11 .    (((-3, -8), (1.0, 1.0)), [[('K.363 Musicalion', 'P1', 2, (0, 2), (1, 1.0), (1, 2.0)), ('K.363 Musicalion', 'P1', 2, (3, 5), (2, 1.0), (2, 2.0)), ('K.363 Musicalion', 'P1', 2, (6, 8), (3, 1.0), (3, 2.0))], [('K.363 Musicalion', 'P1', 2, (16, 18), (7, 1.0), (7, 2.0)), ('K.363 Musicalion', 'P1', 2, (19, 21), (8, 1.0), (8, 2.0)), ('K.363 Musicalion', 'P1', 2, (22, 24), (9, 1.0), (9, 2.0))], [('K.363 Musicalion', 'P1', 2, (261, 263), (58, 1.0), (58, 2.0)), ('K.363 Musicalion', 'P1', 2, (264, 266), (59, 1.0), (59, 2.0))], [('K.363 Musicalion', 'P1', 2, (274, 276), (63, 1.0), (63, 2.0)), ('K.363 Musicalion', 'P1', 2, (277, 279), (64, 1.0), (64, 2.0))]]) 

12 .    (((-5, 3, -5), (0.5, 0.5, 0.5)), [[('K.363 Musicalion', 'P1', 2, (87, 90), (22, 1.5), (22, 2.5)), ('K.363 Musicalion', 'P1', 2, (91, 94), (22, 3.5), (23, 1.5))], [('K.363 Musicalion', 'P1', 2, (143, 146), (31, 2.5), (31, 3.5)), ('K.363 Musicalion', 'P1', 2, (147, 150), (32, 1.5), (32, 2.5))]]) 

13 .    (((2, 2), (1.0, 1.0)), [[('K.363 Musicalion', 'P1', 1, (245, 247), (80, 1.0), (80, 2.0)), ('K.363 Musicalion', 'P1', 1, (248, 250), (81, 1.0), (81, 2.0))], [('K.363 Musicalion', 'P1', 1, (252, 254), (82, 2.0), (82, 3.0)), ('K.363 Musicalion', 'P1', 1, (255, 257), (83, 2.0), (83, 3.0))], [('K.363 Musicalion', 'P1', 1, (257, 259), (84, 1.0), (84, 2.0)), ('K.363 Musicalion', 'P1', 1, (260, 262), (85, 1.0), (85, 2.0))]]) 

14 .    (((-4, -3), (0.5, 0.5)), [[('K.363 Musicalion', 'P1', 1, (176, 178), (54, 1.0), (54, 1.5)), ('K.363 Musicalion', 'P1', 1, (179, 181), (54, 2.5), (54, 3.0))], [('K.363 Musicalion', 'P1', 1, (365, 367), (112, 1.0), (112, 1.5)), ('K.363 Musicalion', 'P1', 1, (368, 370), (112, 2.5), (112, 3.0))], [('K.363 Musicalion', 'P1', 2, (251, 253), (55, 1.0), (55, 1.5)), ('K.363 Musicalion', 'P1', 2, (254, 256), (55, 2.5), (55, 3.0))], [('K.363 Musicalion', 'P1', 2, (521, 523), (113, 1.0), (113, 1.5)), ('K.363 Musicalion', 'P1', 2, (524, 526), (113, 2.5), (113, 3.0))]]) 

