1 .    ('nomes', 'K.138 Musescore') 

2 .    ('quantidade', 1) 

3 .    ('analise', 'recorręncias IntDiaDurPtempo sem contidos e intercalados') 

1 .    (((-3, 5, -3, 5, -3, 2, -3, 5, -3, 6, -6, -4, -3, 5, -3, 5, -3, 2, -3, 5, -3, 6, -6, -4, -3, 5, -3, 5, -3, 2, -3, 7, -3, 4, -4, -2, 2, 2, -2, -2, -2, -2), (0.5, 0.5, 0.5, 0.5, 0.5, 0.5, 0.5, 0.5, 0.5, 0.5, 0.5, 0.5, 0.5, 0.5, 0.5, 0.5, 0.5, 0.5, 0.5, 0.5, 0.5, 0.5, 0.5, 0.5, 0.5, 0.5, 0.5, 0.5, 0.5, 0.5, 0.5, 0.5, 0.5, 0.5, 0.5, 0.5, 0.5, 0.25, 0.25, 0.5, 0.5, 0.5), 0.0), [('K.138 Musescore', 'P1', 1, (483, 525), (100, 1.0), (106, 3.0)), ('K.138 Musescore', 'P1', 1, (532, 574), (108, 1.0), (114, 3.0))]) 

2 .    (((-3, 5, -3, 6, -6, -4, -3, 5, -3, 5, -3, 2, -3, 5, -3, 6, -6, -4, -3, 5, -3, 5, -3, 2, -3, 7, -3, 4, -4, 5, 2, 2, -2, -2, -2, -2), (0.5, 0.5, 0.5, 0.5, 0.5, 0.5, 0.5, 0.5, 0.5, 0.5, 0.5, 0.5, 0.5, 0.5, 0.5, 0.5, 0.5, 0.5, 0.5, 0.5, 0.5, 0.5, 0.5, 0.5, 0.5, 0.5, 0.5, 0.5, 0.5, 0.5, 0.5, 0.25, 0.25, 0.5, 0.5, 0.5), 0.0), [('K.138 Musescore', 'P1', 1, (181, 217), (38, 1.0), (43, 3.0)), ('K.138 Musescore', 'P1', 1, (218, 254), (44, 1.0), (49, 3.0))]) 

3 .    (((-3, 5, -3, 6, -6, 2, -3, 6, -4, 6, -6, 2, -3, 6, -4, 6, -6, 2, -3, 6, -4, 6, -6, 2, -3, 5, -3, 5, -3), (0.5, 0.5, 0.5, 0.5, 0.5, 0.5, 0.5, 0.5, 0.5, 0.5, 0.5, 0.5, 0.5, 0.5, 0.5, 0.5, 0.5, 0.5, 0.5, 0.5, 0.5, 0.5, 0.5, 0.5, 0.5, 0.5, 0.5, 0.5, 0.5), 0.0), [('K.138 Musescore', 'P1', 1, (121, 150), (28, 1.0), (32, 3.0)), ('K.138 Musescore', 'P1', 1, (151, 180), (33, 1.0), (37, 3.0))]) 

4 .    (((-2, -2, -2, -2, 2, -4, 2, 1, 2, 2, -2, -2, -2, 2, -3, 2, 2, 2, -3, -2, 2, -3, 2, -2, -2, -2, -2, 2), (0.5, 0.5, 0.5, 0.5, 0.5, 0.5, 0.5, 0.5, 0.5, 0.5, 0.5, 0.5, 1.0, 0.5, 0.5, 0.5, 0.5, 0.5, 0.5, 0.5, 0.5, 0.5, 0.5, 0.5, 0.5, 0.5, 0.5, 0.5), 0.0), [('K.138 Musescore', 'P1', 1, (255, 283), (50, 1.0), (54, 3.0)), ('K.138 Musescore', 'P1', 1, (575, 603), (115, 1.0), (119, 3.0))]) 

5 .    (((-2, -2, -2, -2, 3, -2, -2, -2, -2, 2, (2, -2), -2, -2, -2, -2, -2, 3, -2, -2, -2, -2), (0.5, 0.5, 0.5, 0.5, 0.5, 0.5, 0.5, 0.5, 0.5, 0.5, (0.0, 0.5), 0.5, 0.5, 0.5, 0.5, 0.5, 0.5, 0.5, 0.5, 0.5, 0.5), 0.0), [('K.138 Musescore', 'P1', 1, (32, 53), (6, 2.0), (9, 3.0)), ('K.138 Musescore', 'P1', 1, (350, 371), (68, 2.0), (71, 3.0))]) 

6 .    (((3, -3, 4, 3, -3, -4, 3, -3, 4, 3, -3, -4, 3, -3, -5, 2, 2, 2, 2, -8), (1.0, 1.0, 1.0, 1.0, 1.0, 1.0, 1.0, 1.0, 1.0, 1.0, 1.0, 1.0, 1.0, 1.0, 1.0, 1.0, 1.0, 1.0, 1.0, 1.0), 0.0), [('K.138 Musescore', 'P1', 2, (182, 202), (100, 1.0), (106, 2.0)), ('K.138 Musescore', 'P1', 2, (206, 226), (108, 1.0), (114, 2.0))]) 

7 .    (((8, -2, -2, -2, 7, -8, 5, -2, -2, -2, 7, -8, 5, -2, -2, -2, 7), (0.5, 0.5, 0.5, 0.5, 0.5, 0.5, 0.5, 0.5, 0.5, 0.5, 0.5, 0.5, 0.5, 0.5, 0.5, 0.5, 0.5), 0.5), [('K.138 Musescore', 'P1', 1, (295, 312), (59, 1.5), (61, 3.5)), ('K.138 Musescore', 'P1', 1, (313, 330), (62, 1.5), (64, 3.5))]) 

8 .    (((3, -3, -4, 3, -3, 4, 3, -3, -4, 3, -3, 4, 2, 2, 2, -4, (3, 2)), (1.0, 1.0, 1.0, 1.0, 1.0, 1.0, 1.0, 1.0, 1.0, 1.0, 1.0, 1.0, 1.0, 1.0, 1.0, 1.0, (0.0, 1.0)), 0.0), [('K.138 Musescore', 'P1', 2, (79, 96), (38, 1.0), (43, 2.0)), ('K.138 Musescore', 'P1', 2, (97, 114), (44, 1.0), (49, 2.0))]) 

9 .    (((4, 3, 3, -8, 2, 8, -3, -7, 3, 3, 3, -3, 2, 6, -4), (0.5, 0.5, 0.5, 0.5, 0.5, 1.0, 1.0, 1.5, 0.5, 0.5, 0.5, 0.5, 0.5, 1.0, 1.0), 0.5), [('K.138 Musescore', 'P1', 1, (60, 75), (13, 1.5), (16, 2.0)), ('K.138 Musescore', 'P1', 1, (76, 91), (17, 1.5), (20, 2.0))]) 

10 .    (((3, 3, 4, 3, -2, 4, -4, -9, 3, 2, 3, 3, -2, 6, -4), (0.5, 0.5, 0.5, 0.5, 0.5, 1.0, 1.0, 1.5, 0.5, 0.5, 0.5, 0.5, 0.5, 1.0, 1.0), 0.5), [('K.138 Musescore', 'P1', 1, (372, 387), (73, 1.5), (76, 2.0)), ('K.138 Musescore', 'P1', 1, (388, 403), (77, 1.5), (80, 2.0))]) 

11 .    (((8, -2, -2, -2, 2, -3, -2, 2, -2, 2, 2), (0.5, 0.5, 0.5, 0.5, 0.5, 0.5, 0.5, 0.5, 0.5, 0.5, 0.5), 0.5), [('K.138 Musescore', 'P1', 1, (1, 12), (1, 1.5), (2, 3.5)), ('K.138 Musescore', 'P1', 1, (13, 24), (3, 1.5), (4, 3.5))]) 

12 .    ((((3, 1), (3, 1), (3, 1), (4, 1), (4, 1), (4, -2), (3, 3, 1), (3, 3, 1), (3, 3, 2), (3, 3, 1), (3, 3, 1)), ((0.0, 1.0), (0.0, 1.0), (0.0, 1.0), (0.0, 1.0), (0.0, 1.0), (0.0, 1.0), (0.0, 0.0, 1.0), (0.0, 0.0, 1.0), (0.0, 0.0, 1.0), (0.0, 0.0, 1.0), (0.0, 0.0, 1.0)), 0.0), [('K.138 Musescore', 'P1', 2, (16, 27), (13, 1.0), (16, 2.0)), ('K.138 Musescore', 'P1', 2, (28, 39), (17, 1.0), (20, 2.0))]) 

13 .    ((((3, 1), (3, 1), (3, -2), (3, 1), (3, 1), (3, -2), (3, 2, 3, 1), (3, 2, 3, 1), (3, 2, 3, -2), (3, 3, 1), (3, 3, 1)), ((0.0, 1.0), (0.0, 1.0), (0.0, 1.0), (0.0, 1.0), (0.0, 1.0), (0.0, 1.0), (0.0, 0.0, 0.0, 1.0), (0.0, 0.0, 0.0, 1.0), (0.0, 0.0, 0.0, 1.0), (0.0, 0.0, 1.0), (0.0, 0.0, 1.0)), 0.0), [('K.138 Musescore', 'P1', 3, (88, 99), (73, 1.0), (76, 2.0)), ('K.138 Musescore', 'P1', 3, (100, 111), (77, 1.0), (80, 2.0))]) 

14 .    (((-2, 2, -3, 2, 2, 2, -3, -2, 2, -3), (1.0, 0.5, 0.5, 0.5, 0.5, 0.5, 0.5, 0.5, 0.5, 0.5), 0.0), [('K.138 Musescore', 'P1', 1, (284, 294), (56, 1.0), (57, 3.0)), ('K.138 Musescore', 'P1', 1, (610, 620), (121, 1.0), (122, 3.0))]) 

15 .    (((-3, -2, -3, -3, 2, 8, -3, -4, -3, -3), (0.5, 0.5, 0.5, 0.5, 0.5, 0.5, 0.5, 0.5, 0.5, 0.5), 0.5), [('K.138 Musescore', 'P1', 1, (420, 430), (85, 1.5), (86, 3.0)), ('K.138 Musescore', 'P1', 1, (431, 441), (87, 1.5), (88, 3.0))]) 

16 .    (((6, -6, 2, -3, 6, -4, 6, -6), (0.5, 0.5, 0.5, 0.5, 0.5, 0.5, 0.5, 0.5), 0.5), [('K.138 Musescore', 'P1', 3, (149, 157), (94, 2.5), (95, 3.0)), ('K.138 Musescore', 'P1', 3, (161, 169), (96, 2.5), (97, 3.0))]) 

17 .    (((3, -3, 2, 3, -3, 2, 3, -3), (1.0, 1.0, 1.0, 1.0, 1.0, 1.0, 1.0, 1.0), 0.0), [('K.138 Musescore', 'P1', 2, (61, 69), (30, 1.0), (32, 2.0)), ('K.138 Musescore', 'P1', 2, (70, 78), (35, 1.0), (37, 2.0)), ('K.138 Musescore', 'P1', 4, (9, 17), (94, 1.0), (96, 2.0))]) 

18 .    (((1, 1, 1, 1, 1, 1, 1, 1), (1.0, 1.0, 1.0, 1.0, 1.0, 4.0, 1.0, 1.0), 0.0), [('K.138 Musescore', 'P1', 2, (145, 153), (73, 1.0), (76, 2.0)), ('K.138 Musescore', 'P1', 2, (154, 162), (77, 1.0), (80, 2.0))]) 

19 .    ((((3, 1), (3, 1), (3, -2), (3, 1), (3, 1), (3, 2)), ((0.0, 1.0), (0.0, 1.0), (0.0, 1.0), (0.0, 1.0), (0.0, 1.0), (0.0, 1.0)), 0.0), [('K.138 Musescore', 'P1', 2, (52, 58), (25, 1.0), (26, 3.0)), ('K.138 Musescore', 'P1', 3, (140, 146), (92, 1.0), (93, 3.0))]) 

20 .    (((2, 2, 2, 2, -8, -5), (1.0, 1.0, 1.0, 1.0, 1.0, 1.0), 0.0), [('K.138 Musescore', 'P1', 3, (7, 13), (8, 1.0), (9, 3.0)), ('K.138 Musescore', 'P1', 3, (175, 181), (121, 1.0), (122, 3.0))]) 

21 .    (((3, -3, 2, 3, -3), (1.0, 1.0, 1.0, 1.0, 1.0), 0.0), [('K.138 Musescore', 'P1', 3, (35, 40), (28, 1.0), (29, 2.0)), ('K.138 Musescore', 'P1', 3, (41, 46), (33, 1.0), (34, 2.0))]) 

22 .    (((2, 2, 2, 2, -8), (1.0, 1.0, 1.0, 1.0, 1.0), 0.0), [('K.138 Musescore', 'P1', 2, (10, 15), (6, 1.0), (7, 2.0)), ('K.138 Musescore', 'P1', 2, (232, 237), (117, 1.0), (118, 2.0)), ('K.138 Musescore', 'P1', 3, (64, 69), (56, 1.0), (57, 2.0))]) 

23 .    (((8, -2, -2, -2, 2), (0.5, 0.5, 0.5, 0.5, 0.5), 0.5), [('K.138 Musescore', 'P1', 1, (25, 30), (5, 1.5), (5, 3.5)), ('K.138 Musescore', 'P1', 1, (331, 336), (65, 1.5), (65, 3.5)), ('K.138 Musescore', 'P1', 1, (337, 342), (66, 1.5), (66, 3.5)), ('K.138 Musescore', 'P1', 1, (343, 348), (67, 1.5), (67, 3.5))]) 

24 .    (((-3, -2, -3, -3, 2), (0.5, 0.5, 0.5, 0.5, 0.5), 0.5), [('K.138 Musescore', 'P1', 1, (100, 105), (23, 1.5), (23, 3.5)), ('K.138 Musescore', 'P1', 1, (442, 447), (89, 1.5), (89, 3.5))]) 

25 .    (((2, 1, 2, 2, -2), (0.5, 0.5, 0.5, 0.5, 0.5), 0.0), [('K.138 Musescore', 'P1', 1, (604, 609), (120, 1.0), (120, 3.0)), ('K.138 Musescore', 'P1', 3, (58, 63), (55, 1.0), (55, 3.0))]) 

26 .    (((3, -2, -3, -3, -4), (0.5, 0.5, 0.5, 0.5, 0.5), 0.0), [('K.138 Musescore', 'P1', 1, (457, 462), (91, 3.0), (92, 2.0)), ('K.138 Musescore', 'P1', 1, (463, 468), (92, 3.0), (93, 2.0))]) 

27 .    (((2, 2, -7, 2, -8), (1.0, 1.0, 1.0, 1.0, 1.0), 0.0), [('K.138 Musescore', 'P1', 2, (139, 144), (68, 1.0), (69, 2.0)), ('K.138 Musescore', 'P1', 3, (79, 84), (70, 1.0), (71, 2.0))]) 

28 .    (((-2, -2, -2, -2), (0.5, 0.5, 0.5, 0.5), 0.5), [('K.138 Musescore', 'P1', 1, (55, 59), (10, 1.5), (10, 3.0)), ('K.138 Musescore', 'P1', 3, (17, 21), (11, 1.5), (11, 3.0))]) 

29 .    (((-3, -3, -2, -3), (0.5, 0.5, 0.5, 0.5), 0.5), [('K.138 Musescore', 'P1', 1, (92, 96), (21, 1.5), (21, 3.0)), ('K.138 Musescore', 'P1', 1, (116, 120), (27, 1.5), (27, 3.0))]) 

30 .    (((-3, 5, -3), (0.5, 0.5, 0.5), 0.0), [('K.138 Musescore', 'P1', 1, (471, 474), (98, 1.0), (98, 2.0)), ('K.138 Musescore', 'P1', 1, (477, 480), (99, 1.0), (99, 2.0))]) 

31 .    (((-3, -3, -3), (0.5, 0.5, 0.5), 0.5), [('K.138 Musescore', 'P1', 1, (108, 111), (25, 1.5), (25, 2.5)), ('K.138 Musescore', 'P1', 1, (404, 407), (81, 1.5), (81, 2.5))]) 

32 .    ((((3, 1), (2, 1), (2, -2)), ((0.0, 2.0), (0.0, 1.0), (0.0, 2.0)), 0.0), [('K.138 Musescore', 'P1', 2, (2, 5), (2, 1.0), (3, 1.0)), ('K.138 Musescore', 'P1', 2, (6, 9), (4, 1.0), (5, 1.0))]) 

33 .    ((((2, -2), (2, 2, 2), 1), ((0.0, 2.0), (0.0, 0.0, 1.0), 2.0), 0.0), [('K.138 Musescore', 'P1', 2, (169, 172), (85, 1.0), (86, 1.0)), ('K.138 Musescore', 'P1', 2, (173, 176), (87, 1.0), (88, 1.0))]) 

34 .    (((2, -5, (5, 3)), (2.0, 1.0, (0.0, 2.0)), 0.0), [('K.138 Musescore', 'P1', 3, (124, 127), (85, 1.0), (86, 1.0)), ('K.138 Musescore', 'P1', 3, (128, 131), (87, 1.0), (88, 1.0))]) 

35 .    (((3, -3), (1.0, 1.0), 0.0), [('K.138 Musescore', 'P1', 2, (179, 181), (99, 1.0), (99, 2.0)), ('K.138 Musescore', 'P1', 3, (170, 172), (98, 1.0), (98, 2.0)), ('K.138 Musescore', 'P1', 4, (18, 20), (97, 1.0), (97, 2.0))]) 

36 .    (((2, 2), (1.0, 1.0), 0.0), [('K.138 Musescore', 'P1', 3, (53, 55), (52, 1.0), (52, 2.0)), ('K.138 Musescore', 'P1', 3, (134, 136), (90, 1.0), (90, 2.0))]) 

37 .    ((((3, 1), (3, 1)), ((0.0, 1.0), (0.0, 1.0)), 0.0), [('K.138 Musescore', 'P1', 2, (49, 51), (24, 1.0), (24, 2.0)), ('K.138 Musescore', 'P1', 3, (26, 28), (23, 1.0), (23, 2.0)), ('K.138 Musescore', 'P1', 3, (32, 34), (27, 1.0), (27, 2.0)), ('K.138 Musescore', 'P1', 3, (115, 117), (82, 1.0), (82, 2.0)), ('K.138 Musescore', 'P1', 3, (137, 139), (91, 1.0), (91, 2.0))]) 

38 .    (((1, 1), (1.0, 1.0), 0.0), [('K.138 Musescore', 'P1', 2, (166, 168), (82, 1.0), (82, 2.0)), ('K.138 Musescore', 'P1', 3, (23, 25), (21, 1.0), (21, 2.0)), ('K.138 Musescore', 'P1', 3, (29, 31), (24, 1.0), (24, 2.0)), ('K.138 Musescore', 'P1', 3, (112, 114), (81, 1.0), (81, 2.0))]) 

39 .    (((-3, -3), (0.5, 0.5), 0.5), [('K.138 Musescore', 'P1', 1, (412, 414), (83, 1.5), (83, 2.0)), ('K.138 Musescore', 'P1', 1, (454, 456), (91, 1.5), (91, 2.0))]) 

40 .    (((2, -8), (1.0, 1.0), 0.0), [('K.138 Musescore', 'P1', 2, (118, 120), (53, 1.0), (53, 2.0)), ('K.138 Musescore', 'P1', 4, (0, 2), (11, 1.0), (11, 2.0))]) 

41 .    (((-2, -2), (1.0, 1.0), 0.0), [('K.138 Musescore', 'P1', 2, (115, 117), (51, 1.0), (51, 2.0)), ('K.138 Musescore', 'P1', 2, (228, 230), (115, 3.0), (116, 1.0)), ('K.138 Musescore', 'P1', 2, (238, 240), (120, 1.0), (120, 2.0)), ('K.138 Musescore', 'P1', 4, (4, 6), (55, 1.0), (55, 2.0))]) 

42 .    (((8, -3), (1.0, 1.0), 0.0), [('K.138 Musescore', 'P1', 1, (409, 411), (82, 1.0), (82, 2.0)), ('K.138 Musescore', 'P1', 1, (417, 419), (84, 1.0), (84, 2.0))]) 

43 .    ((((2, 1), (2, 1)), ((0.0, 2.0), (0.0, 1.0)), 0.0), [('K.138 Musescore', 'P1', 2, (121, 123), (59, 1.0), (59, 3.0)), ('K.138 Musescore', 'P1', 2, (125, 127), (61, 1.0), (61, 3.0))]) 

44 .    (((-2, 2), (2.0, 1.0), 0.0), [('K.138 Musescore', 'P1', 3, (72, 74), (59, 1.0), (59, 3.0)), ('K.138 Musescore', 'P1', 3, (76, 78), (61, 1.0), (61, 3.0))]) 

45 .    (((-3, 2), (1.0, 2.0), 0.0), [('K.138 Musescore', 'P1', 3, (1, 3), (2, 3.0), (3, 1.0)), ('K.138 Musescore', 'P1', 3, (4, 6), (4, 3.0), (5, 1.0))]) 

46 .    (((-3,), (0.5,), 0.0), [('K.138 Musescore', 'P1', 1, (415, 416), (83, 3.0), (83, 3.0)), ('K.138 Musescore', 'P1', 1, (449, 450), (90, 2.0), (90, 2.0)), ('K.138 Musescore', 'P1', 1, (475, 476), (98, 3.0), (98, 3.0)), ('K.138 Musescore', 'P1', 1, (526, 527), (107, 1.0), (107, 1.0)), ('K.138 Musescore', 'P1', 1, (528, 529), (107, 2.0), (107, 2.0)), ('K.138 Musescore', 'P1', 3, (158, 159), (96, 1.0), (96, 1.0))]) 

47 .    (((2,), (1.0,), 0.0), [('K.138 Musescore', 'P1', 1, (621, 622), (123, 1.0), (123, 1.0)), ('K.138 Musescore', 'P1', 3, (14, 15), (10, 2.0), (10, 2.0)), ('K.138 Musescore', 'P1', 3, (47, 48), (43, 1.0), (43, 1.0)), ('K.138 Musescore', 'P1', 3, (49, 50), (49, 1.0), (49, 1.0)), ('K.138 Musescore', 'P1', 3, (70, 71), (58, 1.0), (58, 1.0))]) 

48 .    (((2,), (0.5,), 0.5), [('K.138 Musescore', 'P1', 1, (112, 113), (25, 3.5), (25, 3.5)), ('K.138 Musescore', 'P1', 1, (452, 453), (90, 3.5), (90, 3.5))]) 

49 .    (((-3,), (1.0,), 0.0), [('K.138 Musescore', 'P1', 1, (98, 99), (22, 2.0), (22, 2.0)), ('K.138 Musescore', 'P1', 1, (114, 115), (26, 2.0), (26, 2.0)), ('K.138 Musescore', 'P1', 2, (203, 204), (107, 1.0), (107, 1.0))]) 

50 .    (((-6,), (0.5,), 0.0), [('K.138 Musescore', 'P1', 1, (481, 482), (99, 3.0), (99, 3.0)), ('K.138 Musescore', 'P1', 1, (530, 531), (107, 3.0), (107, 3.0))]) 

51 .    ((((3, 2),), ((0.0, 1.0),), 0.0), [('K.138 Musescore', 'P1', 2, (134, 135), (65, 3.0), (65, 3.0)), ('K.138 Musescore', 'P1', 2, (136, 137), (66, 3.0), (66, 3.0))]) 

52 .    ((((5, 2, 2),), ((0.0, 0.0, 1.0),), 0.0), [('K.138 Musescore', 'P1', 2, (128, 129), (62, 3.0), (62, 3.0)), ('K.138 Musescore', 'P1', 2, (130, 131), (63, 3.0), (63, 3.0)), ('K.138 Musescore', 'P1', 2, (132, 133), (64, 3.0), (64, 3.0)), ('K.138 Musescore', 'P1', 3, (120, 121), (83, 3.0), (83, 3.0))]) 

53 .    (((8,), (2.0,), 0.0), [('K.138 Musescore', 'P1', 3, (51, 52), (50, 1.0), (50, 1.0)), ('K.138 Musescore', 'P1', 3, (56, 57), (54, 1.0), (54, 1.0)), ('K.138 Musescore', 'P1', 3, (173, 174), (119, 1.0), (119, 1.0))]) 

