1 .    ('nomes', 'K.191 Musescore') 

2 .    ('quantidade', 1) 

3 .    ('analise', 'recorręncias IntDiaDur sem contidos e intercalados') 

1 .    (((-2, -2, -2, 2, 3, -2, -2, 6, 1, -2, -2, -2, -2, -2, -2, 2, 3, -2, -2, 6, 1, -2, -2, -2, -2, -2, -2, 2, 3, -2, -2, 8, 1, -2, -2, -2, -2, -2, -2, -2, 1), (0.25, 0.25, 0.25, -1.75, 0.25, 0.25, 0.25, 0.25, 0.25, 0.25, 0.25, 0.25, 0.25, 0.25, 0.25, 0.25, 0.25, 0.25, 0.25, 0.25, 0.25, 0.25, 0.25, 0.25, 0.25, 0.25, 0.25, 0.25, 0.25, 0.25, 0.25, 0.25, 0.25, 0.25, 0.25, 0.25, 0.25, 0.25, 0.25, 0.25, 0.25)), [('K.191 Musescore', 'P1', 1, (220, 261), (32, 3.0), (36, 2.0)), ('K.191 Musescore', 'P1', 1, (518, 559), (69, 1.0), (73, 3.0))]) 

2 .    (((2, 2, 2, 2, 2, 2, 2, 2, 2, -3, 4, 2, 2, 2, 2, 2, 2, -3, 4, -8, -11, 2, 2, 2, 2, 2, 2, 2, 2, 2, -3, 4, 2, 2, 2, 2, 2, 2, -3, 4, -8), (0.25, 0.25, 0.25, 0.25, 0.25, 0.25, 0.25, 0.25, 0.25, 0.25, 0.25, 0.25, 0.25, 0.25, 0.25, 0.25, 0.25, 0.25, 0.25, 0.5, 0.75, 0.25, 0.25, 0.25, 0.25, 0.25, 0.25, 0.25, 0.25, 0.25, 0.25, 0.25, 0.25, 0.25, 0.25, 0.25, 0.25, 0.25, 0.25, 0.25, 0.5)), [('K.191 Musescore', 'P1', 2, (150, 191), (21, 1.25), (24, 3.0)), ('K.191 Musescore', 'P1', 2, (322, 363), (51, 2.25), (54, 1.0))]) 

3 .    (((-2, -3, 2, -2, 3, -2, -2, 4, -2, -3, 2, -2, 3, -2, -2, 2, 2, 2, 2, -7, 2, 2, 2, 2, 2, -8, 2, 2, 2), (0.5, 0.5, 0.5, 1.0, 0.5, 0.5, 1.0, 1.5, 0.5, 0.5, 0.5, 1.0, 0.5, 0.5, 1.0, 1.5, 0.5, 0.5, 0.5, 0.5, 0.5, 0.5, 0.5, 0.5, 0.5, 0.25, 0.25, 0.25, 0.25)), [('K.191 Musescore', 'P1', 1, (145, 174), (21, 2.5), (27, 1.75)), ('K.191 Musescore', 'P1', 1, (389, 418), (51, 3.5), (57, 2.75))]) 

4 .    (((-2, 2, 2, -2, -2, -2, -2, -2, -2, -2, 2, 2, 2, 4, -2, 2, 2, -2, -2, -2, -2, -2, -2, -2, 2, 2), (0.25, 0.25, 0.25, 0.25, 0.25, 0.25, 0.25, 0.25, 0.25, 0.25, 0.25, 1.0, 1.0, 1.25, 0.25, 0.25, 0.25, 0.25, 0.25, 0.25, 0.25, 0.25, 0.25, 0.25, 0.25, 1.0)), [('K.191 Musescore', 'P1', 1, (9, 35), (3, 1.25), (6, 1.0)), ('K.191 Musescore', 'P1', 2, (10, 36), (4, 1.25), (7, 1.0))]) 

5 .    (((2, 2, 2, 2, 2, 2, -3, 4, 2, 2, 2, 2, 2, 2, -3, 4, 2, 2, 2, 2, 2, 2, -3, 4), (0.25, 0.25, 0.25, 0.25, 0.25, 0.25, 0.25, 0.25, 0.25, 0.25, 0.25, 0.25, 0.25, 0.25, 0.25, 0.25, 0.25, 0.25, 0.25, 0.25, 0.25, 0.25, 0.25, 0.25)), [('K.191 Musescore', 'P1', 2, (394, 418), (59, 2.0), (60, 1.75)), ('K.191 Musescore', 'P1', 2, (419, 443), (62, 2.0), (63, 1.75))]) 

6 .    (((-2, 2, 2, -3, -2, 2, 2, -3, -2, 2, 2, 1, -2, 2, 2, -3, -2, 2, 2, -3, -2, 2, 2), (0.25, 0.25, 0.25, 0.25, 0.25, 0.25, 0.25, 0.25, 0.25, 0.25, 0.25, 0.25, 0.25, 0.25, 0.25, 0.25, 0.25, 0.25, 0.25, 0.25, 0.25, 0.25, 0.25)), [('K.191 Musescore', 'P1', 1, (103, 126), (16, 1.25), (17, 3.75)), ('K.191 Musescore', 'P1', 2, (118, 141), (18, 1.25), (19, 3.75))]) 

7 .    (((-2, 2, 2, -3, 2, -3, 2, -3, 2, -3, 2, -3, 2, -3, 2, -3, 4, -4, 5, -5, 6, -6), (0.25, 0.25, 0.25, 0.25, 0.25, 0.25, 0.25, 0.25, 0.25, 0.25, 0.25, 0.25, 0.25, 0.25, 0.25, 0.25, 0.25, 0.25, 0.25, 0.25, 0.25, 0.25)), [('K.191 Musescore', 'P1', 1, (273, 295), (37, 2.25), (38, 1.5)), ('K.191 Musescore', 'P1', 2, (242, 264), (39, 2.25), (40, 1.5))]) 

8 .    (((3, -2, 3, -2, 3, -2, 3, -2, 3, -2, 3, -2, 3, -2, 3, -2, 3), (0.25, 0.25, 0.25, 0.25, 0.25, 0.25, 0.25, 0.25, 0.25, 0.25, 0.25, 0.25, 0.25, 0.25, 0.25, 0.25, 0.25)), [('K.191 Musescore', 'P1', 2, (81, 98), (14, 1.0), (15, 2.0)), ('K.191 Musescore', 'P1', 2, (364, 381), (55, 2.0), (56, 3.0))]) 

9 .    (((2, 2, 2, -6, 2, 2, -5, 8, -2, -2, 2, 3, 4, -2), (0.25, 0.25, 0.25, 0.25, 0.25, 0.25, 0.25, 0.25, 0.25, 0.25, 0.25, 1.0, 1.0, 1.0)), [('K.191 Musescore', 'P1', 1, (335, 349), (45, 2.25), (46, 1.0)), ('K.191 Musescore', 'P1', 1, (350, 364), (47, 2.25), (48, 1.0))]) 

10 .    (((3, 2, 2, -4, 2, 2, 2, -6, 2, 2, -5, 6, -2, -2), (1.0, 1.0, 1.0, 0.25, 0.25, 0.25, 0.25, 0.25, 0.25, 0.25, 0.25, 0.25, 0.25, 0.25)), [('K.191 Musescore', 'P1', 2, (287, 301), (45, 2.0), (46, 1.5)), ('K.191 Musescore', 'P1', 2, (302, 316), (47, 2.0), (48, 1.5))]) 

11 .    (((2, -2, -2, 2, 2, -2, -2, 2, 2, -3, 3, 3, 4), (0.5, 0.25, 0.25, 1.0, 0.5, 0.25, 0.25, 1.0, 0.5, 0.25, 0.25, 0.25, 0.25)), [('K.191 Musescore', 'P1', 1, (439, 452), (59, 3.5), (61, 2.75)), ('K.191 Musescore', 'P1', 1, (463, 476), (62, 3.5), (64, 2.75))]) 

12 .    (((-2, 2, 2, -2, -2, -2, 2, -2, -2, -2, -2, 2), (0.25, 0.25, 0.25, 0.25, 0.25, 0.25, 0.25, 0.25, 0.25, 0.25, 0.25, 1.0)), [('K.191 Musescore', 'P1', 1, (37, 49), (7, 1.25), (8, 1.0)), ('K.191 Musescore', 'P1', 2, (38, 50), (8, 1.25), (9, 1.0))]) 

13 .    (((3, -2, 3, -2, 3, -2, 3, -2, 3, -2, 3), (0.25, 0.25, 0.25, 0.25, 0.25, 0.25, 0.25, 0.25, 0.25, 0.25, 0.25)), [('K.191 Musescore', 'P1', 2, (192, 203), (25, 1.0), (25, 3.5)), ('K.191 Musescore', 'P1', 2, (204, 215), (26, 1.0), (26, 3.5))]) 

14 .    (((-2, -2, -2, -2, -2, -2, -2, -2, -2, -2, 2), (0.25, 0.25, 0.25, 0.25, 0.25, 0.25, 0.25, 0.25, 0.25, 0.25, 0.25)), [('K.191 Musescore', 'P1', 1, (67, 78), (11, 1.25), (11, 3.75)), ('K.191 Musescore', 'P1', 1, (80, 91), (13, 1.25), (13, 3.75))]) 

15 .    (((4, 2, 2, -6, 5, 2, 2, -7, 6, 2, 2), (0.25, 0.25, 0.25, 1.25, 0.25, 0.25, 0.25, 1.25, 0.25, 0.25, 0.25)), [('K.191 Musescore', 'P1', 1, (310, 321), (41, 1.25), (43, 2.75)), ('K.191 Musescore', 'P1', 2, (265, 276), (41, 3.25), (42, 1.75))]) 

16 .    (((-2, -2, -2, -2, -2, -2, -2, -2, -2, -2, -2), (0.25, 0.25, 0.25, 0.25, 0.25, 0.25, 0.25, 0.25, 0.25, 0.25, 0.25)), [('K.191 Musescore', 'P1', 1, (323, 334), (44, 2.25), (44, 1.75)), ('K.191 Musescore', 'P1', 2, (67, 78), (12, 1.25), (12, 3.75))]) 

17 .    (((-2, -2, 2, -2, -2, -2, 2, -2, -2, -2), (0.25, 0.25, 0.25, 0.25, 0.25, 0.25, 0.25, 0.25, 0.25, 0.25)), [('K.191 Musescore', 'P1', 1, (365, 375), (49, 2.25), (49, 1.5)), ('K.191 Musescore', 'P1', 1, (481, 491), (65, 2.25), (65, 1.5))]) 

18 .    (((-2, -2, -2, -2, -2, 2, -2, -2, -2), (0.25, 0.25, 0.25, 0.25, 0.25, 0.25, 0.25, 0.25, 0.25)), [('K.191 Musescore', 'P1', 1, (428, 437), (58, 2.5), (58, 1.5)), ('K.191 Musescore', 'P1', 1, (560, 569), (73, 3.5), (73, 2.5))]) 

19 .    ((((5, 2, 3, 2), (4, 2, 3, 2), (3, 2, 3, -2), (4, 2, 3, -2), (5, 2, 3, 2), (4, 2, 3, 7), -7, (4, 3, 1)), ((0.0, 0.0, 0.0, 1.0), (0.0, 0.0, 0.0, 2.0), (0.0, 0.0, 0.0, 1.0), (0.0, 0.0, 0.0, 2.0), (0.0, 0.0, 0.0, 1.0), (0.0, 0.0, 0.0, 1.0), 1.0, (0.0, 0.0, 1.0))), [('K.191 Musescore', 'P1', 2, (222, 230), (29, 2.0), (32, 2.0)), ('K.191 Musescore', 'P1', 2, (452, 460), (66, 3.0), (69, 3.0))]) 

20 .    (((-2, -2, -2, -2, -2, -2, -2), (0.25, 0.25, 0.25, 0.25, 0.25, 0.25, 0.25)), [('K.191 Musescore', 'P1', 1, (380, 387), (50, 3.0), (50, 1.5)), ('K.191 Musescore', 'P1', 2, (277, 284), (43, 3.25), (43, 1.75))]) 

21 .    (((2, 2, 2, 2, 2, -3, 4), (0.25, 0.25, 0.25, 0.25, 0.25, 0.25, 0.25)), [('K.191 Musescore', 'P1', 1, (51, 58), (9, 1.25), (9, 2.75)), ('K.191 Musescore', 'P1', 2, (52, 59), (10, 1.25), (10, 2.75))]) 

22 .    (((-2, -2, 2, -2, -2, -2, 2), (0.25, 0.25, 0.25, 0.25, 0.25, 0.25, 0.25)), [('K.191 Musescore', 'P1', 1, (453, 460), (61, 3.25), (61, 1.75)), ('K.191 Musescore', 'P1', 2, (142, 149), (20, 1.25), (20, 2.75))]) 

23 .    (((-3, -3, -2, -7, (3, 2)), (0.25, 0.25, 0.25, 0.75, (0.0, 1.0))), [('K.191 Musescore', 'P1', 1, (194, 199), (29, 1.0), (29, 2.5)), ('K.191 Musescore', 'P1', 1, (200, 205), (30, 1.0), (30, 2.5)), ('K.191 Musescore', 'P1', 1, (206, 211), (31, 1.0), (31, 2.5))]) 

24 .    (((3, 3, 4, -4, 5), (0.5, 0.5, 0.5, 0.5, 0.5)), [('K.191 Musescore', 'P1', 1, (0, 5), (1, 1.0), (1, 3.0)), ('K.191 Musescore', 'P1', 2, (1, 6), (2, 1.0), (2, 3.0))]) 

25 .    (((2, -3, 2, -3, 2), (0.5, 0.5, 0.5, 0.5, 0.5)), [('K.191 Musescore', 'P1', 1, (127, 132), (18, 1.5), (18, 3.5)), ('K.191 Musescore', 'P1', 1, (133, 138), (19, 1.5), (19, 3.5))]) 

26 .    (((-3, -3, -3, -3, (3, 2)), (0.25, 0.25, 0.25, 0.75, (0.0, 1.0))), [('K.191 Musescore', 'P1', 1, (492, 497), (66, 2.0), (66, 3.5)), ('K.191 Musescore', 'P1', 1, (504, 509), (68, 2.0), (68, 3.5))]) 

27 .    (((2, -2, -2, -2), (0.25, 0.25, 0.25, 0.25)), [('K.191 Musescore', 'P1', 1, (187, 191), (28, 2.25), (28, 3.0)), ('K.191 Musescore', 'P1', 1, (513, 517), (69, 2.75), (69, 3.5))]) 

28 .    (((2, 2, 2, 2), (0.5, 0.5, 0.5, 0.5)), [('K.191 Musescore', 'P1', 1, (92, 96), (14, 1.5), (14, 3.0)), ('K.191 Musescore', 'P1', 1, (298, 302), (39, 1.0), (40, 2.5))]) 

29 .    (((6, -7, 6, -7), (0.5, 0.5, 0.5, 0.5)), [('K.191 Musescore', 'P1', 2, (107, 111), (16, 2.0), (16, 3.5)), ('K.191 Musescore', 'P1', 2, (113, 117), (17, 2.0), (17, 3.5))]) 

30 .    ((((5, 2, 2), (4, 2, -10), (8, 2), (8, 2)), ((0.0, 0.0, 1.0), (0.0, 0.0, 1.0), (0.0, 1.0), (0.0, 1.0))), [('K.191 Musescore', 'P1', 2, (235, 239), (34, 3.0), (35, 3.0)), ('K.191 Musescore', 'P1', 2, (468, 472), (72, 1.0), (73, 1.0))]) 

31 .    (((-2, -2, -2), (0.25, 0.25, 0.25)), [('K.191 Musescore', 'P1', 1, (213, 216), (32, 1.25), (32, 1.75)), ('K.191 Musescore', 'P1', 2, (444, 447), (64, 3.25), (64, 3.75))]) 

32 .    (((-2, -2, 2), (0.25, 0.25, 0.25)), [('K.191 Musescore', 'P1', 1, (179, 182), (27, 3.25), (27, 3.75)), ('K.191 Musescore', 'P1', 1, (183, 186), (28, 1.25), (28, 1.75)), ('K.191 Musescore', 'P1', 1, (423, 426), (57, 1.25), (57, 1.75)), ('K.191 Musescore', 'P1', 1, (477, 480), (64, 1.25), (64, 1.75))]) 

33 .    (((3, -2, 3), (0.25, 0.25, 0.25)), [('K.191 Musescore', 'P1', 2, (99, 102), (15, 2.5), (15, 3.0)), ('K.191 Musescore', 'P1', 2, (382, 385), (56, 3.5), (56, 1.0))]) 

34 .    (((2, -3, 2), (0.25, 0.25, 0.25)), [('K.191 Musescore', 'P1', 1, (263, 266), (36, 2.75), (36, 3.25)), ('K.191 Musescore', 'P1', 1, (267, 270), (36, 3.75), (36, 1.25)), ('K.191 Musescore', 'P1', 2, (60, 63), (10, 3.25), (10, 3.75))]) 

35 .    (((6, -6, 2), (1.0, 1.0, 1.0)), [('K.191 Musescore', 'P1', 2, (216, 219), (27, 1.0), (27, 3.0)), ('K.191 Musescore', 'P1', 2, (388, 391), (57, 2.0), (57, 1.0))]) 

36 .    (((-2, -2), (0.25, 0.25)), [('K.191 Musescore', 'P1', 1, (59, 61), (9, 3.25), (9, 3.5)), ('K.191 Musescore', 'P1', 1, (377, 379), (50, 2.25), (50, 2.5))]) 

37 .    (((2, 2), (0.25, 0.25)), [('K.191 Musescore', 'P1', 1, (175, 177), (27, 2.25), (27, 2.5)), ('K.191 Musescore', 'P1', 1, (307, 309), (41, 2.5), (41, 2.75)), ('K.191 Musescore', 'P1', 1, (419, 421), (57, 3.25), (57, 3.5))]) 

38 .    (((2, 2), (0.5, 0.5)), [('K.191 Musescore', 'P1', 1, (97, 99), (15, 1.0), (15, 1.5)), ('K.191 Musescore', 'P1', 1, (100, 102), (15, 2.5), (15, 3.0)), ('K.191 Musescore', 'P1', 2, (448, 450), (65, 2.0), (65, 2.5))]) 

39 .    (((-2, -2), (0.5, 0.5)), [('K.191 Musescore', 'P1', 1, (63, 65), (10, 2.5), (10, 3.0)), ('K.191 Musescore', 'P1', 1, (303, 305), (40, 3.5), (40, 1.0))]) 

40 .    ((((5, 2, 2), (4, 2, -3)), ((0.0, 0.0, 1.0), (0.0, 0.0, 1.0))), [('K.191 Musescore', 'P1', 2, (232, 234), (33, 3.0), (33, 1.0)), ('K.191 Musescore', 'P1', 2, (462, 464), (70, 1.0), (70, 2.0)), ('K.191 Musescore', 'P1', 2, (465, 467), (71, 1.0), (71, 2.0))]) 

41 .    (((-2,), (0.25,)), [('K.191 Musescore', 'P1', 1, (192, 193), (28, 3.5), (28, 3.5)), ('K.191 Musescore', 'P1', 1, (218, 219), (32, 2.5), (32, 2.5)), ('K.191 Musescore', 'P1', 1, (461, 462), (62, 2.25), (62, 2.25)), ('K.191 Musescore', 'P1', 1, (511, 512), (69, 2.25), (69, 2.25))]) 

42 .    (((-3,), (0.25,)), [('K.191 Musescore', 'P1', 1, (498, 499), (67, 2.0), (67, 2.0)), ('K.191 Musescore', 'P1', 1, (500, 501), (67, 2.5), (67, 2.5))]) 

43 .    (((2,), (1.0,)), [('K.191 Musescore', 'P1', 1, (140, 141), (20, 2.0), (20, 2.0)), ('K.191 Musescore', 'P1', 2, (285, 286), (44, 3.0), (44, 3.0))]) 

44 .    (((6,), (0.25,)), [('K.191 Musescore', 'P1', 1, (271, 272), (36, 1.75), (36, 1.75)), ('K.191 Musescore', 'P1', 2, (103, 104), (15, 3.5), (15, 3.5))]) 

45 .    (((-3,), (0.5,)), [('K.191 Musescore', 'P1', 3, (0, 1), (32, 1.0), (32, 1.0)), ('K.191 Musescore', 'P1', 3, (4, 5), (69, 2.0), (69, 2.0))]) 

46 .    (((3,), (1.0,)), [('K.191 Musescore', 'P1', 2, (64, 65), (11, 2.0), (11, 2.0)), ('K.191 Musescore', 'P1', 2, (79, 80), (13, 2.0), (13, 2.0))]) 

47 .    (((-8,), (1.0,)), [('K.191 Musescore', 'P1', 2, (317, 318), (49, 2.0), (49, 2.0)), ('K.191 Musescore', 'P1', 2, (392, 393), (58, 3.0), (58, 3.0))]) 

48 .    (((2,), (0.0,)), [('K.191 Musescore', 'P1', 1, (6, 7), (2, 1.0), (2, 1.0)), ('K.191 Musescore', 'P1', 1, (570, 571), (74, 3.0), (74, 3.0))]) 

