1 .    ('nomes', 'K.266 Musicalion') 

2 .    ('quantidade', 1) 

3 .    ('analise', 'recorrÍncias IntDiaDur sem contidos e intercalados') 

1 .    (((3, -2, -2, -2, 2, 8, -2, 3, -2, -3, -2, 3, -2, -6, 2, -3, 2, 4, -2, -2, 2, 2, 2), (0.25, 0.0, 0.5, 0.25, 0.25, 0.25, 0.25, 0.25, 0.25, 0.25, 0.25, 0.25, 0.25, 0.25, 0.25, 0.25, 0.25, 0.25, 0.25, 0.25, 0.25, 0.25, 0.25)), [('K.266 Musicalion', 'P1', 1, (181, 204), (19, 1.75), (20, 3.25)), ('K.266 Musicalion', 'P1', 1, (205, 228), (20, 3.75), (22, 1.25))]) 

2 .    (((3, 3, 10, 2, -4, 3, -2, -13, 3, 3, 10, 2, -4, 3, -2, 3, -5, 3, -5), (0.25, 0.25, 0.25, 1.25, 0.25, 0.25, 0.25, 1.25, 0.25, 0.25, 0.25, 1.25, 0.25, 0.25, 0.25, 0.25, 0.25, 0.25, 0.25)), [('K.266 Musicalion', 'P1', 1, (111, 130), (13, 1.25), (14, 4.75)), ('K.266 Musicalion', 'P1', 1, (151, 170), (16, 3.25), (18, 2.75))]) 

3 .    (((3, -2, 3, -5, 3, -5, 3, -5, 3, -5, 7, -2, -2, 4, -5, 2, -3, 2), (0.25, 0.25, 0.25, 0.25, 0.25, 0.25, 0.25, 0.25, 0.25, 0.25, 0.25, 0.25, 0.25, 0.25, 0.25, 0.25, 0.25, 0.25)), [('K.266 Musicalion', 'P1', 1, (375, 393), (37, 4.5), (38, 4.75)), ('K.266 Musicalion', 'P1', 1, (423, 441), (42, 2.5), (43, 2.75))]) 

4 .    (((-3, 5, -3, -2, -2, -2, -2, -2, 6, -3, 5, -3, -2, -2, -2, -2, -2), (0.25, 0.25, 0.5, 0.5, 0.5, 0.5, 0.5, 0.5, 0.5, 0.25, 0.25, 0.5, 0.5, 0.5, 0.5, 0.5, 0.5)), [('K.266 Musicalion', 'P1', 1, (34, 51), (5, 1.5), (6, 4.5)), ('K.266 Musicalion', 'P1', 1, (52, 69), (7, 1.5), (8, 4.5))]) 

5 .    (((-3, -3, -5, 12, -3, -3, -11, 12, -3, -3, -5, 10, 2, -8, 2, (4, 3, 1), (5, -5)), (0.25, 0.25, 0.25, 1.25, 0.25, 0.25, 0.25, 1.25, 0.25, 0.25, 0.25, 1.5, 0.5, 1.0, 1.0, (0.0, 0.0, 1.0), (0.0, 1.0))), [('K.266 Musicalion', 'P1', 3, (52, 69), (13, 2.25), (15, 4.0)), ('K.266 Musicalion', 'P1', 3, (74, 91), (16, 4.25), (19, 2.0))]) 

6 .    (((-2, -2, -2, -2, -2, -2, 2, 6, -2, -2, -2, -2, -2, -2, -2), (0.5, 0.5, 0.5, 0.5, 0.5, 0.5, 0.5, 0.5, 0.5, 0.5, 0.5, 0.5, 0.5, 0.5, 0.5)), [('K.266 Musicalion', 'P1', 1, (284, 299), (28, 2.5), (30, 1.5)), ('K.266 Musicalion', 'P1', 1, (300, 315), (30, 2.5), (32, 1.5))]) 

7 .    (((-2, -2, -2, -2, -2, 6, -2, -2, -2, -2, -2), (0.5, 0.5, 0.5, 0.5, 0.5, 1.5, 0.5, 0.5, 0.5, 0.5, 0.5)), [('K.266 Musicalion', 'P1', 3, (16, 27), (5, 2.5), (6, 4.5)), ('K.266 Musicalion', 'P1', 3, (28, 39), (7, 2.5), (8, 4.5))]) 

8 .    (((-2, -2, -2, -2, 2, 4, -2, -2, -2, -2, -2), (0.5, 0.5, 0.5, 0.5, 0.5, 1.5, 0.5, 0.5, 0.5, 0.5, 0.5)), [('K.266 Musicalion', 'P1', 3, (143, 154), (28, 3.5), (30, 1.5)), ('K.266 Musicalion', 'P1', 3, (155, 166), (30, 3.5), (32, 1.5))]) 

9 .    (((2, -3, 2, -3, 2, -3, 2, -3, 2, -3), (0.25, 0.25, 0.25, 0.25, 0.25, 0.25, 0.25, 0.25, 0.25, 0.25)), [('K.266 Musicalion', 'P1', 1, (86, 96), (11, 1.25), (11, 3.5)), ('K.266 Musicalion', 'P1', 1, (98, 108), (11, 4.25), (12, 2.5))]) 

10 .    (((5, -3, -3, -4, 8, -4, -3, 2), (1.25, 0.25, 0.25, 0.25, 1.25, 0.25, 0.25, 0.25)), [('K.266 Musicalion', 'P1', 3, (205, 213), (39, 1.0), (39, 4.75)), ('K.266 Musicalion', 'P1', 3, (221, 229), (41, 1.0), (41, 4.75))]) 

11 .    (((-3, -3, -2, 3, -2, -4, 2, 6), (0.25, 0.25, 0.25, 1.25, 0.25, 0.25, 0.25, 1.0)), [('K.266 Musicalion', 'P1', 1, (256, 264), (25, 3.25), (26, 2.0)), ('K.266 Musicalion', 'P1', 1, (265, 273), (26, 3.25), (27, 2.0))]) 

12 .    (((3, 3, 3, -2, -3, -4, 2), (0.25, 0.25, 0.25, 1.25, 0.25, 0.25, 0.25)), [('K.266 Musicalion', 'P1', 1, (236, 243), (23, 1.25), (23, 3.75)), ('K.266 Musicalion', 'P1', 1, (244, 251), (24, 1.25), (24, 3.75))]) 

13 .    (((3, 3, 3, 2, -4, 3, -2), (0.25, 0.25, 0.25, 1.25, 0.25, 0.25, 0.25)), [('K.266 Musicalion', 'P1', 1, (358, 365), (36, 1.25), (36, 3.75)), ('K.266 Musicalion', 'P1', 1, (366, 373), (37, 1.25), (37, 3.75))]) 

14 .    (((-3, 8, -8, (3, 4), -3, 6, -6), (0.25, 0.25, 0.25, (0.0, 1.25), 0.25, 0.25, 0.25)), [('K.266 Musicalion', 'P1', 1, (398, 405), (39, 3.25), (40, 1.75)), ('K.266 Musicalion', 'P1', 1, (406, 413), (40, 3.25), (41, 1.75))]) 

15 .    (((-3, -3, 2, 4, -3, -4, -2), (0.25, 0.25, 0.25, 1.25, 0.25, 0.25, 0.25)), [('K.266 Musicalion', 'P1', 3, (105, 112), (23, 2.25), (23, 4.75)), ('K.266 Musicalion', 'P1', 3, (113, 120), (24, 2.25), (24, 4.75))]) 

16 .    (((-3, -3, 2, 5, -3, -3, 4), (0.25, 0.25, 0.25, 1.25, 0.25, 0.25, 0.25)), [('K.266 Musicalion', 'P1', 3, (121, 128), (25, 2.25), (25, 4.75)), ('K.266 Musicalion', 'P1', 3, (129, 136), (26, 2.25), (26, 4.75))]) 

17 .    (((2, 2, -7, (6, 5), -3, 2), (0.25, 0.25, 0.5, (0.0, 0.5), 0.5, 1.0)), [('K.266 Musicalion', 'P1', 1, (70, 76), (9, 1.5), (9, 3.5)), ('K.266 Musicalion', 'P1', 1, (78, 84), (10, 1.5), (10, 3.5))]) 

18 .    (((-4, 2, 2, -2, -2, -2), (0.25, 0.5, 0.12, 0.12, 0.75, 0.12)), [('K.266 Musicalion', 'P1', 1, (342, 348), (34, 3.0), (34, 4.75)), ('K.266 Musicalion', 'P1', 1, (349, 355), (35, 1.0), (35, 2.75))]) 

19 .    (((3, -8, 6, -2, -2), (0.25, 0.25, 0.25, 0.25, 0.25)), [('K.266 Musicalion', 'P1', 1, (132, 137), (15, 1.5), (15, 2.5)), ('K.266 Musicalion', 'P1', 1, (172, 177), (18, 3.5), (18, 4.5))]) 

20 .    (((-2, -2, -2, 1, 2), (0.0, 0.5, 0.25, 0.25, 0.0)), [('K.266 Musicalion', 'P1', 1, (230, 235), (22, 2.0), (22, 3.0)), ('K.266 Musicalion', 'P1', 1, (461, 466), (44, 4.0), (45, 1.0))]) 

21 .    (((2, 2, -7, (6, 2), -3), (0.25, 0.25, 0.5, (0.0, 0.5), 1.0)), [('K.266 Musicalion', 'P1', 2, (1, 6), (9, 1.5), (9, 3.0)), ('K.266 Musicalion', 'P1', 2, (8, 13), (10, 1.5), (10, 3.0))]) 

22 .    (((-2, 3, -2, -3), (0.25, 0.25, 0.25, 0.25)), [('K.266 Musicalion', 'P1', 1, (418, 422), (42, 1.25), (42, 2.0)), ('K.266 Musicalion', 'P1', 1, (442, 446), (43, 3.25), (43, 4.0))]) 

23 .    (((-2, -2, -2, 2), (0.0, 0.5, 0.25, 0.25)), [('K.266 Musicalion', 'P1', 1, (142, 146), (15, 4.0), (15, 4.75)), ('K.266 Musicalion', 'P1', 1, (453, 457), (44, 2.0), (44, 2.75))]) 

24 .    (((2, 2, -3, 4), (0.25, 0.25, 0.5, 0.5)), [('K.266 Musicalion', 'P1', 1, (1, 5), (1, 1.5), (1, 2.5)), ('K.266 Musicalion', 'P1', 1, (17, 21), (3, 1.5), (3, 2.5))]) 

25 .    (((-8, 2, -8, 4), (1.0, 1.0, 1.0, 1.0)), [('K.266 Musicalion', 'P1', 3, (99, 103), (21, 3.0), (22, 2.0)), ('K.266 Musicalion', 'P1', 3, (230, 234), (42, 3.0), (43, 2.0))]) 

26 .    (((-2, -2, 2), (0.25, 0.25, 0.25)), [('K.266 Musicalion', 'P1', 1, (324, 327), (33, 2.25), (33, 2.75)), ('K.266 Musicalion', 'P1', 1, (328, 331), (33, 3.25), (33, 3.75)), ('K.266 Musicalion', 'P1', 1, (332, 335), (33, 4.25), (33, 4.75))]) 

27 .    (((-3, -2, 3), (0.25, 0.25, 0.25)), [('K.266 Musicalion', 'P1', 1, (275, 278), (27, 3.5), (27, 4.0)), ('K.266 Musicalion', 'P1', 1, (449, 452), (44, 1.0), (44, 1.5))]) 

28 .    (((-3, -3, -5), (0.25, 0.25, 0.25)), [('K.266 Musicalion', 'P1', 3, (188, 191), (36, 2.25), (36, 2.75)), ('K.266 Musicalion', 'P1', 3, (196, 199), (37, 2.25), (37, 2.75))]) 

29 .    (((-2, 3, -2), (0.25, 0.75, 0.25)), [('K.266 Musicalion', 'P1', 1, (316, 319), (32, 2.25), (32, 3.25)), ('K.266 Musicalion', 'P1', 1, (320, 323), (32, 4.25), (33, 1.25))]) 

30 .    (((-8, 2, (4, 3, 1)), (1.0, 1.0, (0.0, 0.0, 1.0))), [('K.266 Musicalion', 'P1', 3, (93, 96), (20, 1.0), (20, 3.0)), ('K.266 Musicalion', 'P1', 3, (201, 204), (38, 1.0), (38, 3.0))]) 

31 .    (((-3, -3, -4), (0.25, 0.25, 0.25)), [('K.266 Musicalion', 'P1', 3, (192, 195), (36, 4.25), (36, 4.75)), ('K.266 Musicalion', 'P1', 3, (214, 217), (40, 2.25), (40, 2.75))]) 

32 .    (((6, -3, 5), (0.25, 0.25, 0.25)), [('K.266 Musicalion', 'P1', 1, (147, 150), (16, 1.25), (16, 1.75)), ('K.266 Musicalion', 'P1', 1, (394, 397), (39, 1.25), (39, 1.75))]) 

33 .    (((3, 2, -3), (0.5, 0.5, 0.5)), [('K.266 Musicalion', 'P1', 4, (3, 6), (34, 3.0), (34, 4.0)), ('K.266 Musicalion', 'P1', 4, (7, 10), (35, 1.0), (35, 2.0))]) 

34 .    (((-2, -2), (0.5, 0.5)), [('K.266 Musicalion', 'P1', 3, (174, 176), (33, 2.0), (33, 2.5)), ('K.266 Musicalion', 'P1', 4, (0, 2), (34, 1.0), (34, 1.5))]) 

35 .    (((-3, -3), (0.25, 0.25)), [('K.266 Musicalion', 'P1', 1, (25, 27), (4, 1.5), (4, 1.75)), ('K.266 Musicalion', 'P1', 3, (70, 72), (16, 2.25), (16, 2.5)), ('K.266 Musicalion', 'P1', 3, (137, 139), (27, 2.25), (27, 2.5))]) 

36 .    (((2, 2), (0.25, 0.25)), [('K.266 Musicalion', 'P1', 1, (9, 11), (2, 1.5), (2, 1.75)), ('K.266 Musicalion', 'P1', 1, (138, 140), (15, 3.0), (15, 3.25)), ('K.266 Musicalion', 'P1', 1, (336, 338), (34, 1.5), (34, 1.75))]) 

37 .    (((-4, 2), (0.25, 0.25)), [('K.266 Musicalion', 'P1', 1, (28, 30), (4, 3.5), (4, 3.75)), ('K.266 Musicalion', 'P1', 1, (279, 281), (27, 4.5), (27, 4.75))]) 

38 .    (((-3, 2), (1.0, 0.5)), [('K.266 Musicalion', 'P1', 1, (6, 8), (1, 3.5), (1, 4.5)), ('K.266 Musicalion', 'P1', 1, (14, 16), (2, 3.5), (2, 4.5))]) 

39 .    (((2, -5), (1.0, 1.0)), [('K.266 Musicalion', 'P1', 3, (1, 3), (1, 3.0), (1, 4.0)), ('K.266 Musicalion', 'P1', 3, (4, 6), (2, 3.0), (2, 4.0))]) 

40 .    (((-5, 3), (0.5, 1.0)), [('K.266 Musicalion', 'P1', 3, (40, 42), (9, 2.5), (9, 3.0)), ('K.266 Musicalion', 'P1', 3, (44, 46), (10, 2.5), (10, 3.0))]) 

41 .    (((-3,), (0.25,)), [('K.266 Musicalion', 'P1', 1, (179, 180), (19, 1.25), (19, 1.25)), ('K.266 Musicalion', 'P1', 1, (414, 415), (41, 3.25), (41, 3.25)), ('K.266 Musicalion', 'P1', 1, (459, 460), (44, 3.5), (44, 3.5)), ('K.266 Musicalion', 'P1', 3, (219, 220), (40, 4.5), (40, 4.5))]) 

42 .    (((-2,), (0.25,)), [('K.266 Musicalion', 'P1', 1, (282, 283), (28, 1.75), (28, 1.75)), ('K.266 Musicalion', 'P1', 1, (339, 340), (34, 2.25), (34, 2.25))]) 

43 .    (((3,), (0.25,)), [('K.266 Musicalion', 'P1', 1, (252, 253), (25, 1.25), (25, 1.25)), ('K.266 Musicalion', 'P1', 1, (254, 255), (25, 1.75), (25, 1.75)), ('K.266 Musicalion', 'P1', 1, (447, 448), (43, 4.5), (43, 4.5))]) 

44 .    (((2,), (0.5,)), [('K.266 Musicalion', 'P1', 1, (12, 13), (2, 2.5), (2, 2.5)), ('K.266 Musicalion', 'P1', 1, (23, 24), (3, 4.5), (3, 4.5)), ('K.266 Musicalion', 'P1', 3, (181, 182), (34, 2.5), (34, 2.5)), ('K.266 Musicalion', 'P1', 3, (183, 184), (34, 4.5), (34, 4.5))]) 

45 .    (((-3,), (0.5,)), [('K.266 Musicalion', 'P1', 3, (10, 11), (4, 2.5), (4, 2.5)), ('K.266 Musicalion', 'P1', 3, (178, 179), (33, 4.0), (33, 4.0))]) 

46 .    (((2,), (1.0,)), [('K.266 Musicalion', 'P1', 3, (8, 9), (3, 4.0), (3, 4.0)), ('K.266 Musicalion', 'P1', 3, (141, 142), (27, 4.0), (27, 4.0)), ('K.266 Musicalion', 'P1', 3, (236, 237), (44, 2.0), (44, 2.0))]) 

47 .    (((2,), (0.0,)), [('K.266 Musicalion', 'P1', 1, (31, 32), (4, 1.0), (4, 1.0)), ('K.266 Musicalion', 'P1', 1, (356, 357), (35, 3.0), (35, 3.0))]) 

48 .    ((((8, 1),), ((0.0, 2.0),)), [('K.266 Musicalion', 'P1', 3, (50, 51), (12, 3.0), (12, 3.0)), ('K.266 Musicalion', 'P1', 3, (186, 187), (35, 3.0), (35, 3.0))]) 

49 .    ((((8,),), ((0.0,),)), [('K.266 Musicalion', 'P1', 3, (239, 240), (45, 1.0), (45, 1.0)), ('K.266 Musicalion', 'P1', 4, (11, 12), (35, 3.0), (35, 3.0))]) 

