1 .    ('nomes', 'K.90 Musicalion') 

2 .    ('quantidade', 1) 

3 .    ('analise', 'recorręncias IntDiaDur sem contidos e intercalados') 

1 .    (((-7, 7, -7, 7, -7, 7, -7, 6, -5, 5, -5, 5, -5, 5, -5, 6, -7, 7, -7, 7, -7, 7, -7, 6, -2, -2, -2, -2, 8, -9, 8, -9, 8, -9, 8, -9, 8, -9, 8, -9, 8, -9, 12, 2, 2, -2, -2, -2, 2, -2, -2, 2), (0.25, 0.25, 0.25, 0.25, 0.25, 0.25, 0.25, 0.25, 0.25, 0.25, 0.25, 0.25, 0.25, 0.25, 0.25, 0.25, 0.25, 0.25, 0.25, 0.25, 0.25, 0.25, 0.25, 0.25, 0.25, 0.25, 0.25, 0.25, 0.5, 0.5, 0.5, 0.5, 0.5, 0.5, 0.5, 0.5, 0.5, 0.5, 0.5, 0.5, 0.5, 0.5, 1.0, 0.0, 0.0, 1.0, 0.12, 0.12, 0.75, 0.12, 0.12, 0.75)), [('K.90 Musicalion', 'P1', 1, (818, 870), (132, 2.0), (140, 1.25)), ('K.90 Musicalion', 'P1', 1, (935, 987), (153, 2.0), (161, 1.25))]) 

2 .    (((2, 2, 2, -4, -5, 9, 2, -6, -5, 7, 2, -4, -5, 9, 2, -6, -5, 11, 2, -2, -2, -2, -2, -2, -2, -2, 1, 2, 2, 2, 2, 2, 2, -2, -2, -2, 2, -5, 2, 2, 2, 2, 2, 2, -2), (0.25, 0.25, 0.25, 0.5, 0.5, 0.5, 0.5, 0.5, 0.5, 0.5, 0.5, 0.5, 0.5, 0.5, 0.5, 0.5, 0.5, 0.5, 0.5, 0.5, 0.25, 0.25, 0.5, 0.5, 0.25, 0.25, 1.0, 0.5, 0.12, 0.12, 0.75, 0.12, 0.12, 0.75, 0.12, 0.12, 0.25, 1.0, 0.5, 0.12, 0.12, 0.75, 0.12, 0.12, 0.75)), [('K.90 Musicalion', 'P1', 1, (308, 353), (29, 1.25), (38, 1.25)), ('K.90 Musicalion', 'P1', 1, (601, 646), (91, 1.25), (100, 1.25))]) 

3 .    (((2, 2, 2, 2, -3, 1, -2, -2, 2, -3, 2, 2, 2, 2, -3, 1, -2, -2, 2, -3, 2, 2, 2, 2, -2, -2, -2), (0.12, 0.12, 0.12, 0.12, 1.0, 0.5, 0.12, 0.12, 1.25, 0.5, 0.12, 0.12, 0.12, 0.12, 1.0, 0.5, 0.12, 0.12, 1.25, 0.5, 0.12, 0.12, 0.12, 0.12, 1.0, 0.25, 0.25)), [('K.90 Musicalion', 'P1', 1, (376, 403), (44, 2.0), (48, 1.75)), ('K.90 Musicalion', 'P1', 1, (511, 538), (72, 2.0), (76, 1.75))]) 

4 .    (((1, 2, -2, 1, 1, 2, -2, 1, 1, 2, -2, 4, -4, 2, -2, 1, 1, 2, -2, 1, 2, 2, 2, 2), (0.75, 0.25, 0.25, 0.25, 0.25, 0.25, 0.25, 0.25, 0.25, 0.25, 0.25, 0.25, 0.25, 0.25, 0.25, 0.25, 0.25, 0.25, 0.25, 0.25, 0.25, 0.25, 0.25, 0.25)), [('K.90 Musicalion', 'P1', 1, (740, 764), (119, 2.5), (122, 2.75)), ('K.90 Musicalion', 'P1', 1, (767, 791), (123, 2.5), (126, 2.75))]) 

5 .    (((-3, -3, 4, -3, -3, -3, 4, 5, -2, -2, 2, -3, -3, -3, 4, -4, 2, 2, 2, -6, 2, 2, 2), (0.5, 0.5, 0.5, 0.5, 0.5, 0.5, 0.5, 0.5, 0.5, 0.5, 0.5, 0.5, 0.5, 0.5, 0.5, 0.5, 0.5, 0.5, 0.5, 0.5, 0.5, 0.5, 0.5)), [('K.90 Musicalion', 'P1', 3, (234, 257), (35, 2.5), (40, 1.5)), ('K.90 Musicalion', 'P1', 3, (313, 336), (57, 2.5), (62, 1.5))]) 

6 .    (((1, 8, -9, 8, -9, 8, -9, 8, -9, 15, -9, 8, -9, 8, -9, 8, 2, 2, 2, -6, 2, 2), (0.5, 0.5, 0.5, 0.5, 0.5, 0.5, 0.5, 0.5, 0.5, 0.5, 0.5, 0.5, 0.5, 0.5, 0.5, 0.5, 0.5, 0.5, 0.5, 0.5, 0.5, 0.5)), [('K.90 Musicalion', 'P1', 3, (584, 606), (135, 2.5), (140, 1.0)), ('K.90 Musicalion', 'P1', 3, (667, 689), (156, 2.5), (161, 1.0))]) 

7 .    (((2, 2, -2, -2, 2, -5, 2, 2, 2, -4, 4, 2, 2, -2, -2, 2, -5, 2, 2, 2), (1.0, 1.0, 1.0, 1.0, 1.0, 1.0, 1.0, 1.0, 1.0, 2.0, 1.0, 1.0, 1.0, 1.0, 1.0, 1.0, 1.0, 1.0, 1.0, 1.0)), [('K.90 Musicalion', 'P1', 1, (1034, 1054), (170, 10.0), (172, 6.0)), ('K.90 Musicalion', 'P1', 1, (1149, 1169), (181, 10.0), (183, 6.0))]) 

8 .    (((-2, 2, 3, -2, -2, -2, 2, -2, -2, 2, -2, -2, -2, -2, -2, 6, -7, 6, 2), (0.12, 0.25, 1.0, 0.5, 0.12, 0.12, 0.75, 0.12, 0.12, 0.75, 0.25, 0.25, 1.0, 0.25, 0.25, 0.5, 0.5, 0.5, 0.5)), [('K.90 Musicalion', 'P1', 1, (354, 373), (39, 2.12), (42, 1.5)), ('K.90 Musicalion', 'P1', 1, (461, 480), (61, 2.12), (64, 1.5))]) 

9 .    (((6, -2, -5, 8, -2, -7, 10, -2, -9, 12, -2, -2, -2, -2, -2, 2, 2, -5), (1.0, 1.0, 1.0, 1.0, 1.0, 1.0, 1.0, 1.0, 1.0, 1.0, 1.0, 1.0, 1.0, 0.5, 0.5, 0.5, 0.5, 1.0)), [('K.90 Musicalion', 'P1', 1, (1187, 1205), (188, 1.0), (193, 1.0)), ('K.90 Musicalion', 'P1', 1, (1263, 1281), (208, 1.0), (213, 1.0))]) 

10 .    (((2, 2, 2, -2, -2, -2, 2, -2, -2, 2, -2, -2, -2, -2, 2, -5), (1.0, 0.0, 0.0, 1.0, 0.12, 0.12, 0.75, 0.12, 0.12, 0.75, 0.25, 0.25, 0.25, 0.25, 0.5, 0.5)), [('K.90 Musicalion', 'P1', 1, (584, 600), (87, 2.0), (89, 1.5)), ('K.90 Musicalion', 'P1', 1, (996, 1012), (164, 2.0), (166, 1.5))]) 

11 .    (((2, 2, -3, -3, -3, 2, 3, 2, 2, 4, -2, -2, -2, -2, 2, -5), (0.5, 0.5, 0.5, 0.5, 0.5, 0.5, 0.5, 0.5, 0.5, 0.5, 0.25, 0.25, 0.25, 0.25, 0.5, 0.5)), [('K.90 Musicalion', 'P1', 3, (411, 427), (86, 1.0), (89, 1.5)), ('K.90 Musicalion', 'P1', 3, (695, 711), (163, 1.0), (166, 1.5))]) 

12 .    (((2, 2, 2, 2, -2, -2, -2, -2, 2, 2, 2, 2, -2, -2, -2), (0.12, 0.12, 0.12, 0.12, 1.5, 0.25, 0.25, 1.5, 0.12, 0.12, 0.12, 0.12, 1.5, 0.25, 0.25)), [('K.90 Musicalion', 'P1', 1, (426, 441), (54, 2.0), (57, 2.25)), ('K.90 Musicalion', 'P1', 1, (709, 724), (112, 2.0), (115, 2.25))]) 

13 .    (((-2, 2, 2, -2, -2, -2, 2, 2, -2, -2, 2, 2, 2, -2, -2), (0.25, 0.12, 0.12, 0.38, 0.12, 0.25, 0.12, 0.12, 0.38, 0.12, 0.25, 0.12, 0.12, 0.38, 0.12)), [('K.90 Musicalion', 'P1', 1, (34, 49), (4, 2.75), (5, 1.62)), ('K.90 Musicalion', 'P1', 1, (124, 139), (10, 4.75), (11, 3.62))]) 

14 .    (((2, 2, 2, 2, -2, -2, -2, -2, 2, 2, 2, 2, -2), (0.12, 0.12, 0.12, 0.12, 1.5, 0.25, 0.25, 1.5, 0.12, 0.12, 0.12, 0.12, 1.5)), [('K.90 Musicalion', 'P1', 1, (725, 738), (116, 2.0), (118, 2.5)), ('K.90 Musicalion', 'P1', 1, (898, 911), (145, 2.0), (147, 2.5)), ('K.90 Musicalion', 'P1', 1, (914, 927), (149, 2.0), (151, 2.5))]) 

15 .    (((-2, 2, 2, -2, -2, -2, 2, 2, -2, -2, 2, 2, 2), (1.75, 0.12, 0.12, 0.38, 0.12, 0.25, 0.12, 0.12, 0.38, 0.12, 0.25, 0.12, 0.12)), [('K.90 Musicalion', 'P1', 1, (171, 184), (14, 3.25), (15, 3.12)), ('K.90 Musicalion', 'P1', 1, (197, 210), (16, 3.25), (17, 3.12))]) 

16 .    (((-2, 1, 1, 1, 2, 1, 1, 1, -2, 1, 1, 1, 2), (0.5, 0.5, 0.5, 0.5, 0.5, 0.5, 0.5, 0.5, 0.5, 0.5, 0.5, 0.5, 0.5)), [('K.90 Musicalion', 'P1', 3, (570, 583), (131, 1.5), (134, 1.5)), ('K.90 Musicalion', 'P1', 3, (653, 666), (152, 1.5), (155, 1.5))]) 

17 .    (((8, -9, 8, -9, 8, -9, 8, -9, 8, -9, 8, -9), (0.5, 0.5, 0.5, 0.5, 0.5, 0.5, 0.5, 0.5, 0.5, 0.5, 0.5, 0.5)), [('K.90 Musicalion', 'P1', 1, (795, 807), (127, 2.0), (129, 1.5)), ('K.90 Musicalion', 'P1', 3, (383, 395), (79, 1.0), (82, 2.5)), ('K.90 Musicalion', 'P1', 3, (553, 565), (127, 2.0), (129, 1.5))]) 

18 .    (((-2, -2, 2, -2, -2, -2, 2, -2, 3, 3, -4, -2), (0.12, 0.12, 0.25, 0.5, 0.12, 0.12, 0.25, 0.5, 0.12, 0.12, 1.5, 0.25)), [('K.90 Musicalion', 'P1', 1, (3, 15), (1, 3.0), (2, 2.75)), ('K.90 Musicalion', 'P1', 1, (212, 224), (18, 1.0), (18, 4.75))]) 

19 .    (((-4, 2, 2, -8, 1, 8, -4, 2, 2, -8, 1, 8), (0.5, 0.5, 0.5, 0.5, 0.5, 1.5, 0.5, 0.5, 0.5, 0.5, 0.5, 1.5)), [('K.90 Musicalion', 'P1', 3, (265, 277), (44, 2.5), (47, 1.0)), ('K.90 Musicalion', 'P1', 3, (355, 367), (70, 2.5), (73, 1.0))]) 

20 .    (((10, -2, -2, -2, 2, -8, 10, -2, -2, -2, 2), (1.0, 1.0, 1.0, 1.0, 1.0, 1.0, 1.0, 1.0, 1.0, 1.0, 1.0)), [('K.90 Musicalion', 'P1', 1, (1021, 1032), (169, 7.0), (170, 5.0)), ('K.90 Musicalion', 'P1', 1, (1129, 1140), (180, 1.0), (180, 11.0))]) 

21 .    (((-2, -2, 2, 2, 2, 2, 2, 2, -2, -2), (1.0, 1.0, 1.0, 1.0, 1.0, 1.0, 1.0, 1.0, 1.0, 1.0)), [('K.90 Musicalion', 'P1', 1, (1063, 1073), (173, 4.0), (174, 1.0)), ('K.90 Musicalion', 'P1', 1, (1094, 1104), (176, 8.0), (177, 5.0))]) 

22 .    (((2, -8, 4, 2, 2, -3, 4, 2, 2, -3), (0.5, 0.5, 0.5, 0.5, 0.5, 0.5, 0.5, 0.5, 0.5, 0.5)), [('K.90 Musicalion', 'P1', 3, (97, 107), (12, 3.5), (13, 4.0)), ('K.90 Musicalion', 'P1', 3, (201, 211), (25, 3.5), (26, 4.0))]) 

23 .    (((-2, -2, -2, -2, 8, -2, -2, -2, -2), (0.5, 0.5, 0.5, 0.5, 1.0, 0.5, 0.5, 0.5, 0.5)), [('K.90 Musicalion', 'P1', 1, (1171, 1180), (184, 2.0), (185, 3.5)), ('K.90 Musicalion', 'P1', 1, (1249, 1258), (205, 2.0), (206, 3.5))]) 

24 .    (((5, 2, -4, 2, -5, 7, -2, -2, -2), (0.5, 0.5, 0.5, 0.5, 0.5, 0.5, 0.5, 0.5, 0.5)), [('K.90 Musicalion', 'P1', 3, (4, 13), (1, 2.5), (2, 2.5)), ('K.90 Musicalion', 'P1', 3, (139, 148), (17, 4.5), (18, 4.5))]) 

25 .    (((-2, -2, 2, 2, -2, -2, 2, -2), (0.25, 0.12, 0.12, 0.25, 0.12, 0.12, 0.25, 0.5)), [('K.90 Musicalion', 'P1', 1, (58, 66), (5, 4.75), (6, 2.0)), ('K.90 Musicalion', 'P1', 1, (151, 159), (12, 2.75), (12, 4.0))]) 

26 .    (((2, 2, -3, 4, 2, 2, -3, 4), (0.5, 0.5, 0.5, 0.5, 0.5, 0.5, 0.5, 0.5)), [('K.90 Musicalion', 'P1', 3, (108, 116), (14, 1.0), (14, 4.5)), ('K.90 Musicalion', 'P1', 3, (192, 200), (24, 3.0), (25, 2.5))]) 

27 .    (((1, 1, 1, -4, 1, 1, 1, 4), (0.5, 0.5, 0.5, 0.5, 0.5, 0.5, 0.5, 0.5)), [('K.90 Musicalion', 'P1', 3, (304, 312), (55, 2.0), (56, 1.5)), ('K.90 Musicalion', 'P1', 3, (499, 507), (113, 2.0), (114, 1.5))]) 

28 .    (((-2, -2, -2, -2, -2, -2, -2), (0.5, 0.5, 0.5, 0.5, 0.5, 0.5, 0.5)), [('K.90 Musicalion', 'P1', 3, (288, 295), (51, 2.0), (52, 1.0)), ('K.90 Musicalion', 'P1', 3, (455, 462), (101, 1.0), (103, 2.0))]) 

29 .    (((2, 2, 2, 2, 2, 2, -2), (0.5, 0.12, 0.12, 0.75, 0.12, 0.12, 0.75)), [('K.90 Musicalion', 'P1', 1, (442, 449), (57, 1.5), (58, 1.25)), ('K.90 Musicalion', 'P1', 1, (453, 460), (59, 1.5), (60, 1.25))]) 

30 .    (((1, 1, 1, 2, 1, 1, 1), (0.5, 0.5, 0.5, 0.5, 0.5, 0.5, 0.5)), [('K.90 Musicalion', 'P1', 3, (296, 303), (53, 2.0), (54, 1.0)), ('K.90 Musicalion', 'P1', 3, (638, 645), (149, 2.0), (150, 1.0))]) 

31 .    (((-2, -2, 3, 2, -6, 2, 2), (0.5, 0.5, 0.5, 0.5, 0.5, 0.5, 0.5)), [('K.90 Musicalion', 'P1', 3, (25, 32), (4, 1.0), (4, 4.0)), ('K.90 Musicalion', 'P1', 3, (120, 127), (15, 3.0), (16, 2.0)), ('K.90 Musicalion', 'P1', 3, (128, 135), (16, 3.0), (17, 2.0))]) 

32 .    (((2, 2, 2, 2, -2, -2, -2), (0.12, 0.12, 0.38, 0.12, 0.38, 0.12, 0.38)), [('K.90 Musicalion', 'P1', 1, (83, 90), (8, 1.0), (8, 2.25)), ('K.90 Musicalion', 'P1', 1, (95, 102), (9, 1.0), (9, 2.25))]) 

33 .    (((4, 3, 2, 2, -5, 3, 2), (0.5, 0.5, 0.5, 0.5, 0.5, 0.5, 0.5)), [('K.90 Musicalion', 'P1', 3, (83, 90), (10, 4.5), (11, 3.5)), ('K.90 Musicalion', 'P1', 3, (171, 178), (21, 4.5), (22, 3.5))]) 

34 .    (((-8, 4, 2, 2, -3, 4, -8), (0.5, 0.5, 0.5, 0.5, 0.5, 0.5, 0.5)), [('K.90 Musicalion', 'P1', 3, (150, 157), (19, 2.0), (20, 1.0)), ('K.90 Musicalion', 'P1', 3, (182, 189), (23, 2.0), (24, 1.0))]) 

35 .    (((1, 5, 1, 1, 1, 4, -8), (0.5, 0.5, 0.5, 0.5, 0.5, 0.5, 0.5)), [('K.90 Musicalion', 'P1', 3, (620, 627), (144, 1.0), (146, 2.0)), ('K.90 Musicalion', 'P1', 3, (628, 635), (146, 1.0), (148, 2.0))]) 

36 .    (((-2, -2, -2, -2, -2, -2), (0.5, 0.5, 0.5, 0.5, 0.5, 0.5)), [('K.90 Musicalion', 'P1', 3, (463, 469), (103, 1.0), (104, 1.5)), ('K.90 Musicalion', 'P1', 3, (471, 477), (105, 1.0), (106, 1.5))]) 

37 .    (((-2, 2, -2, -2, -2, 2), (0.12, 0.25, 0.5, 0.12, 0.12, 0.25)), [('K.90 Musicalion', 'P1', 1, (16, 22), (2, 3.12), (2, 4.25)), ('K.90 Musicalion', 'P1', 1, (71, 77), (7, 1.12), (7, 2.25))]) 

38 .    (((6, -6, 6, -6, 6, -6), (0.25, 0.25, 0.25, 0.25, 0.25, 0.25)), [('K.90 Musicalion', 'P1', 1, (661, 667), (103, 2.25), (103, 1.5)), ('K.90 Musicalion', 'P1', 1, (928, 934), (152, 2.25), (152, 1.5))]) 

39 .    (((2, -2, -2, 1, 2, -2), (0.25, 0.25, 0.25, 0.25, 0.25, 0.25)), [('K.90 Musicalion', 'P1', 1, (871, 877), (141, 1.25), (142, 2.5)), ('K.90 Musicalion', 'P1', 1, (879, 885), (142, 1.25), (143, 2.5))]) 

40 .    (((-2, 2, -3, 2, -2, 2), (0.5, 0.5, 0.5, 0.5, 0.5, 0.5)), [('K.90 Musicalion', 'P1', 3, (76, 82), (10, 1.0), (10, 3.5)), ('K.90 Musicalion', 'P1', 3, (280, 286), (49, 2.0), (50, 2.5))]) 

41 .    (((8, -2, -2, -2, -2, -2), (0.5, 0.5, 0.5, 0.5, 0.5, 0.5)), [('K.90 Musicalion', 'P1', 3, (162, 168), (20, 4.0), (21, 2.5)), ('K.90 Musicalion', 'P1', 3, (531, 537), (121, 2.0), (122, 2.5))]) 

42 .    (((2, -4, 2, 2, 2, 2), (0.5, 1.5, 0.5, 1.5, 0.5, 1.0)), [('K.90 Musicalion', 'P1', 3, (227, 233), (31, 1.5), (34, 2.0)), ('K.90 Musicalion', 'P1', 3, (431, 437), (93, 1.5), (96, 2.0))]) 

43 .    (((2, -2, 8, -2, -2, -2), (3.0, 3.0, 1.0, 1.0, 1.0, 1.0)), [('K.90 Musicalion', 'P1', 3, (789, 795), (189, 1.0), (192, 1.0)), ('K.90 Musicalion', 'P1', 3, (825, 831), (209, 1.0), (212, 1.0))]) 

44 .    (((2, 2, -2, -2, -2), (0.12, 0.12, 0.38, 0.12, 0.25)), [('K.90 Musicalion', 'P1', 1, (50, 55), (5, 2.0), (5, 2.75)), ('K.90 Musicalion', 'P1', 1, (185, 190), (16, 1.0), (16, 1.75))]) 

45 .    (((-2, -2, -2, -2, -2), (3.0, 3.0, 3.0, 3.0, 3.0)), [('K.90 Musicalion', 'P1', 3, (720, 725), (169, 7.0), (170, 7.0)), ('K.90 Musicalion', 'P1', 3, (756, 761), (178, 10.0), (179, 10.0))]) 

46 .    (((2, 2, -2, -2, -2), (1.0, 1.0, 1.0, 1.0, 1.0)), [('K.90 Musicalion', 'P1', 1, (1081, 1086), (174, 10.0), (175, 2.0)), ('K.90 Musicalion', 'P1', 1, (1106, 1111), (177, 10.0), (178, 2.0)), ('K.90 Musicalion', 'P1', 1, (1112, 1117), (178, 4.0), (178, 8.0)), ('K.90 Musicalion', 'P1', 1, (1141, 1146), (181, 1.0), (181, 5.0))]) 

47 .    (((-2, 2, 2, -2, -2), (0.12, 0.12, 0.25, 0.12, 0.12)), [('K.90 Musicalion', 'P1', 1, (259, 264), (23, 1.0), (23, 1.62)), ('K.90 Musicalion', 'P1', 1, (278, 283), (25, 3.0), (25, 3.62))]) 

48 .    (((3, 3, -2, 3, 3), (0.12, 0.12, 1.75, 0.12, 0.12)), [('K.90 Musicalion', 'P1', 1, (163, 168), (13, 3.0), (14, 1.12)), ('K.90 Musicalion', 'P1', 1, (272, 277), (24, 3.0), (25, 1.12))]) 

49 .    (((2, 2, 2, 2, 2), (0.75, 0.06, 0.06, 0.06, 0.06)), [('K.90 Musicalion', 'P1', 1, (412, 417), (51, 2.0), (51, 2.94)), ('K.90 Musicalion', 'P1', 1, (573, 578), (85, 2.0), (85, 2.94))]) 

50 .    (((2, 2, 2, -2, -2), (0.5, 0.5, 0.5, 0.5, 0.5)), [('K.90 Musicalion', 'P1', 3, (213, 218), (27, 1.5), (27, 3.5)), ('K.90 Musicalion', 'P1', 3, (402, 407), (84, 2.5), (85, 2.5))]) 

51 .    (((2, -6, 2, 2, -5), (1.0, 0.5, 0.5, 0.5, 0.5)), [('K.90 Musicalion', 'P1', 3, (259, 264), (41, 1.0), (42, 1.5)), ('K.90 Musicalion', 'P1', 3, (337, 342), (63, 1.0), (64, 1.5))]) 

52 .    (((-9, 8, -9, 8), (0.5, 0.5, 0.5, 0.5)), [('K.90 Musicalion', 'P1', 1, (550, 554), (79, 1.5), (80, 1.0)), ('K.90 Musicalion', 'P1', 1, (556, 560), (81, 2.5), (82, 2.0))]) 

53 .    (((-2, -2, -2, -2), (0.5, 0.5, 0.5, 0.5)), [('K.90 Musicalion', 'P1', 1, (1181, 1185), (186, 2.0), (186, 3.5)), ('K.90 Musicalion', 'P1', 1, (1236, 1240), (202, 2.0), (202, 3.5)), ('K.90 Musicalion', 'P1', 1, (1244, 1248), (204, 2.0), (204, 3.5)), ('K.90 Musicalion', 'P1', 3, (546, 550), (125, 2.5), (126, 2.0)), ('K.90 Musicalion', 'P1', 3, (783, 787), (187, 1.0), (187, 2.5)), ('K.90 Musicalion', 'P1', 3, (820, 824), (207, 2.0), (207, 3.5))]) 

54 .    (((2, 2, 2, 2), (0.12, 0.12, 0.12, 0.12)), [('K.90 Musicalion', 'P1', 1, (407, 411), (50, 2.0), (50, 2.38)), ('K.90 Musicalion', 'P1', 1, (483, 487), (66, 2.0), (66, 2.38)), ('K.90 Musicalion', 'P1', 1, (492, 496), (68, 2.0), (68, 2.38)), ('K.90 Musicalion', 'P1', 1, (501, 505), (70, 2.0), (70, 2.38))]) 

55 .    (((-2, -2, -2, -2), (1.0, 1.0, 1.0, 1.0)), [('K.90 Musicalion', 'P1', 1, (1057, 1061), (172, 10.0), (173, 1.0)), ('K.90 Musicalion', 'P1', 3, (798, 802), (193, 2.0), (194, 2.0))]) 

56 .    (((-2, -2, -2, 2), (0.25, 0.25, 0.25, 0.5)), [('K.90 Musicalion', 'P1', 1, (1013, 1017), (167, 2.25), (167, 1.0)), ('K.90 Musicalion', 'P1', 3, (712, 716), (167, 2.25), (167, 1.0))]) 

57 .    (((-3, -3, -3, 4), (0.5, 0.5, 0.5, 0.5)), [('K.90 Musicalion', 'P1', 3, (441, 445), (98, 2.0), (98, 1.5)), ('K.90 Musicalion', 'P1', 3, (449, 453), (100, 2.0), (100, 1.5))]) 

58 .    (((-5, -2, -2, -2), (1.0, 0.5, 0.5, 0.5)), [('K.90 Musicalion', 'P1', 1, (1211, 1215), (196, 1.0), (196, 3.0)), ('K.90 Musicalion', 'P1', 1, (1216, 1220), (197, 1.0), (197, 3.0)), ('K.90 Musicalion', 'P1', 1, (1221, 1225), (198, 1.0), (198, 3.0))]) 

59 .    (((-2, -2, -4, 2), (0.12, 0.12, 0.25, 0.25)), [('K.90 Musicalion', 'P1', 1, (108, 112), (10, 1.0), (10, 1.5)), ('K.90 Musicalion', 'P1', 1, (116, 120), (10, 3.0), (10, 3.5))]) 

60 .    (((-8, 1, 1, 1), (0.5, 0.5, 0.5, 0.5)), [('K.90 Musicalion', 'P1', 1, (303, 307), (28, 1.0), (28, 2.5)), ('K.90 Musicalion', 'P1', 3, (510, 514), (115, 1.5), (116, 1.0))]) 

61 .    (((3, 2, -2, -2), (0.5, 0.5, 0.5, 0.5)), [('K.90 Musicalion', 'P1', 3, (19, 23), (3, 2.0), (3, 3.5)), ('K.90 Musicalion', 'P1', 3, (35, 39), (5, 2.0), (5, 3.5))]) 

62 .    (((8, -2, -2, -8), (0.5, 0.5, 0.5, 0.5)), [('K.90 Musicalion', 'P1', 3, (65, 69), (8, 3.5), (9, 1.0)), ('K.90 Musicalion', 'P1', 3, (347, 351), (67, 2.5), (68, 2.0))]) 

63 .    (((-3, 4, -8, 2), (3.0, 3.0, 3.0, 3.0)), [('K.90 Musicalion', 'P1', 3, (751, 755), (177, 7.0), (178, 4.0)), ('K.90 Musicalion', 'P1', 3, (815, 819), (203, 1.0), (206, 1.0))]) 

64 .    (((-2, -2, -2), (0.5, 0.5, 0.5)), [('K.90 Musicalion', 'P1', 1, (1259, 1262), (207, 2.0), (207, 3.0)), ('K.90 Musicalion', 'P1', 3, (50, 53), (7, 1.0), (7, 2.0)), ('K.90 Musicalion', 'P1', 3, (834, 837), (213, 2.0), (213, 3.0))]) 

65 .    (((-2, -2, -2), (1.0, 1.0, 1.0)), [('K.90 Musicalion', 'P1', 1, (1075, 1078), (174, 4.0), (174, 6.0)), ('K.90 Musicalion', 'P1', 1, (1206, 1209), (193, 3.0), (194, 2.0))]) 

66 .    (((1, 1, 1), (0.5, 0.5, 0.5)), [('K.90 Musicalion', 'P1', 3, (219, 222), (28, 1.0), (28, 2.0)), ('K.90 Musicalion', 'P1', 3, (495, 498), (112, 2.0), (112, 1.0)), ('K.90 Musicalion', 'P1', 3, (515, 518), (117, 2.0), (117, 1.0)), ('K.90 Musicalion', 'P1', 3, (519, 522), (118, 2.0), (118, 1.0))]) 

67 .    (((-2, -2, -2), (0.25, 0.25, 0.25)), [('K.90 Musicalion', 'P1', 1, (418, 421), (52, 2.25), (52, 2.75)), ('K.90 Musicalion', 'P1', 1, (809, 812), (130, 1.25), (130, 1.75))]) 

68 .    (((2, 2, -3), (0.5, 0.5, 0.5)), [('K.90 Musicalion', 'P1', 3, (72, 75), (9, 3.0), (9, 4.0)), ('K.90 Musicalion', 'P1', 3, (608, 611), (141, 1.0), (142, 2.0))]) 

69 .    (((-7, 7, -7), (0.25, 0.25, 0.25)), [('K.90 Musicalion', 'P1', 1, (668, 671), (104, 2.0), (104, 2.5)), ('K.90 Musicalion', 'P1', 1, (672, 675), (104, 1.0), (104, 1.5))]) 

70 .    (((2, -2, 1), (0.25, 0.25, 0.25)), [('K.90 Musicalion', 'P1', 1, (649, 652), (101, 1.25), (101, 1.75)), ('K.90 Musicalion', 'P1', 1, (653, 656), (102, 2.25), (102, 2.75))]) 

71 .    (((2, -8, 1), (0.5, 0.5, 0.5)), [('K.90 Musicalion', 'P1', 3, (369, 372), (74, 1.5), (75, 2.5)), ('K.90 Musicalion', 'P1', 3, (538, 541), (122, 1.5), (123, 2.5)), ('K.90 Musicalion', 'P1', 3, (613, 616), (142, 1.5), (143, 2.5))]) 

72 .    (((1, 1, -2), (0.5, 0.5, 0.5)), [('K.90 Musicalion', 'P1', 3, (524, 527), (119, 2.5), (119, 1.5)), ('K.90 Musicalion', 'P1', 3, (542, 545), (124, 2.5), (124, 1.5))]) 

73 .    (((-2, -2, -2), (1.0, 0.25, 0.25)), [('K.90 Musicalion', 'P1', 1, (540, 543), (77, 2.5), (77, 1.75)), ('K.90 Musicalion', 'P1', 1, (699, 702), (109, 2.5), (109, 1.75)), ('K.90 Musicalion', 'P1', 1, (989, 992), (162, 2.5), (162, 1.75))]) 

74 .    (((6, -7, 6), (0.5, 0.5, 0.5)), [('K.90 Musicalion', 'P1', 1, (690, 693), (107, 2.0), (107, 1.0)), ('K.90 Musicalion', 'P1', 1, (694, 697), (108, 2.0), (108, 1.0))]) 

75 .    (((2, -3, 2), (0.5, 0.5, 0.5)), [('K.90 Musicalion', 'P1', 3, (478, 481), (107, 2.5), (107, 1.5)), ('K.90 Musicalion', 'P1', 3, (482, 485), (108, 2.5), (108, 1.5))]) 

76 .    (((2, -2, -2), (0.5, 0.5, 0.25)), [('K.90 Musicalion', 'P1', 1, (580, 583), (86, 2.5), (86, 1.5)), ('K.90 Musicalion', 'P1', 1, (703, 706), (110, 2.5), (110, 1.5))]) 

77 .    (((2, -2, 4), (0.25, 0.25, 0.25)), [('K.90 Musicalion', 'P1', 1, (657, 660), (102, 1.25), (102, 1.75)), ('K.90 Musicalion', 'P1', 1, (679, 682), (105, 1.25), (105, 1.75))]) 

78 .    (((2, 2, 2), (0.12, 0.12, 0.25)), [('K.90 Musicalion', 'P1', 1, (225, 228), (19, 1.25), (19, 1.5)), ('K.90 Musicalion', 'P1', 1, (235, 238), (20, 3.0), (20, 3.25))]) 

79 .    (((6, -7, 6), (2.0, 1.0, 2.0)), [('K.90 Musicalion', 'P1', 1, (1121, 1124), (179, 1.0), (179, 4.0)), ('K.90 Musicalion', 'P1', 1, (1125, 1128), (179, 7.0), (179, 10.0))]) 

80 .    (((-2, 2, -2), (0.5, 0.0, 0.0)), [('K.90 Musicalion', 'P1', 1, (78, 81), (7, 3.0), (7, 3.5)), ('K.90 Musicalion', 'P1', 1, (285, 288), (25, 4.5), (25, 1.0))]) 

81 .    (((-8, 2, 2), (0.5, 0.25, 0.25)), [('K.90 Musicalion', 'P1', 3, (0, 3), (1, 1.0), (1, 1.75)), ('K.90 Musicalion', 'P1', 3, (45, 48), (6, 3.0), (6, 3.75))]) 

82 .    (((2, -3, -3), (3.0, 3.0, 3.0)), [('K.90 Musicalion', 'P1', 3, (730, 733), (172, 1.0), (172, 7.0)), ('K.90 Musicalion', 'P1', 3, (769, 772), (182, 1.0), (182, 7.0))]) 

83 .    (((1, 2, -3), (3.0, 3.0, 3.0)), [('K.90 Musicalion', 'P1', 3, (734, 737), (173, 1.0), (173, 7.0)), ('K.90 Musicalion', 'P1', 3, (738, 741), (174, 1.0), (174, 7.0))]) 

84 .    (((-2, -2), (0.5, 0.5)), [('K.90 Musicalion', 'P1', 1, (140, 142), (11, 4.0), (11, 4.5)), ('K.90 Musicalion', 'P1', 1, (243, 245), (21, 1.5), (21, 2.0)), ('K.90 Musicalion', 'P1', 1, (1282, 1284), (213, 2.5), (213, 3.0)), ('K.90 Musicalion', 'P1', 3, (62, 64), (8, 2.0), (8, 2.5)), ('K.90 Musicalion', 'P1', 3, (446, 448), (99, 2.5), (99, 1.0))]) 

85 .    (((2, 2), (0.12, 0.12)), [('K.90 Musicalion', 'P1', 1, (113, 115), (10, 2.5), (10, 2.62)), ('K.90 Musicalion', 'P1', 1, (145, 147), (12, 1.5), (12, 1.62)), ('K.90 Musicalion', 'P1', 1, (232, 234), (20, 1.0), (20, 1.12)), ('K.90 Musicalion', 'P1', 1, (269, 271), (24, 1.0), (24, 1.12)), ('K.90 Musicalion', 'P1', 1, (294, 296), (27, 1.0), (27, 1.12))]) 

86 .    (((2, 2), (0.5, 0.5)), [('K.90 Musicalion', 'P1', 3, (117, 119), (15, 1.5), (15, 2.0)), ('K.90 Musicalion', 'P1', 3, (344, 346), (66, 1.0), (66, 1.5)), ('K.90 Musicalion', 'P1', 3, (352, 354), (68, 1.0), (68, 1.5)), ('K.90 Musicalion', 'P1', 3, (379, 381), (78, 1.0), (78, 1.5)), ('K.90 Musicalion', 'P1', 3, (398, 400), (83, 2.5), (83, 1.0)), ('K.90 Musicalion', 'P1', 3, (489, 491), (110, 1.0), (110, 1.5))]) 

87 .    (((1, 1), (0.5, 0.5)), [('K.90 Musicalion', 'P1', 3, (528, 530), (120, 2.5), (120, 1.0)), ('K.90 Musicalion', 'P1', 3, (647, 649), (151, 2.5), (151, 1.0))]) 

88 .    (((-2, -2), (1.0, 1.0)), [('K.90 Musicalion', 'P1', 1, (290, 292), (26, 3.0), (26, 4.0)), ('K.90 Musicalion', 'P1', 1, (1087, 1089), (175, 4.0), (175, 5.0))]) 

89 .    (((-2, -2), (0.12, 0.12)), [('K.90 Musicalion', 'P1', 1, (104, 106), (9, 3.0), (9, 3.12)), ('K.90 Musicalion', 'P1', 1, (240, 242), (21, 1.0), (21, 1.12)), ('K.90 Musicalion', 'P1', 1, (507, 509), (71, 2.0), (71, 2.12)), ('K.90 Musicalion', 'P1', 1, (567, 569), (84, 2.0), (84, 2.12)), ('K.90 Musicalion', 'P1', 1, (570, 572), (84, 1.0), (84, 1.12))]) 

90 .    (((2, 2), (1.0, 1.0)), [('K.90 Musicalion', 'P1', 1, (1118, 1120), (178, 10.0), (178, 11.0)), ('K.90 Musicalion', 'P1', 3, (838, 840), (214, 1.0), (214, 2.0))]) 

91 .    (((-2, 2), (0.12, 0.25)), [('K.90 Musicalion', 'P1', 1, (193, 195), (16, 2.62), (16, 2.75)), ('K.90 Musicalion', 'P1', 1, (450, 452), (59, 2.12), (59, 2.25))]) 

92 .    (((-3, -3), (0.5, 0.5)), [('K.90 Musicalion', 'P1', 3, (438, 440), (97, 2.5), (97, 1.0)), ('K.90 Musicalion', 'P1', 3, (492, 494), (111, 2.5), (111, 1.0))]) 

93 .    (((2, -2), (0.25, 0.25)), [('K.90 Musicalion', 'P1', 1, (815, 817), (131, 1.25), (131, 1.5)), ('K.90 Musicalion', 'P1', 1, (887, 889), (143, 1.25), (143, 1.5))]) 

94 .    (((-2, 1), (0.25, 0.25)), [('K.90 Musicalion', 'P1', 1, (546, 548), (78, 1.5), (78, 1.75)), ('K.90 Musicalion', 'P1', 1, (684, 686), (106, 2.5), (106, 2.75))]) 

95 .    (((3, 3), (0.12, 0.12)), [('K.90 Musicalion', 'P1', 1, (31, 33), (4, 1.0), (4, 1.12)), ('K.90 Musicalion', 'P1', 1, (160, 162), (13, 1.0), (13, 1.12)), ('K.90 Musicalion', 'P1', 1, (246, 248), (21, 3.0), (21, 3.12))]) 

96 .    (((-8, 8), (0.5, 0.5)), [('K.90 Musicalion', 'P1', 3, (92, 94), (12, 1.0), (12, 1.5)), ('K.90 Musicalion', 'P1', 3, (136, 138), (17, 3.0), (17, 3.5))]) 

97 .    (((3, -3), (0.5, 0.5)), [('K.90 Musicalion', 'P1', 3, (373, 375), (76, 2.5), (76, 1.0)), ('K.90 Musicalion', 'P1', 3, (650, 652), (152, 2.0), (152, 2.5))]) 

98 .    (((2, -8), (0.25, 0.5)), [('K.90 Musicalion', 'P1', 1, (91, 93), (8, 2.75), (8, 3.0)), ('K.90 Musicalion', 'P1', 3, (57, 59), (7, 3.75), (7, 4.0))]) 

99 .    (((3, 4), (0.12, 0.12)), [('K.90 Musicalion', 'P1', 1, (249, 251), (22, 1.0), (22, 1.12)), ('K.90 Musicalion', 'P1', 1, (255, 257), (22, 3.0), (22, 3.12))]) 

100 .    (((3, 4), (1.0, 1.0)), [('K.90 Musicalion', 'P1', 1, (1226, 1228), (199, 1.0), (199, 2.0)), ('K.90 Musicalion', 'P1', 1, (1241, 1243), (203, 2.0), (203, 3.0))]) 

101 .    (((-4, -5), (1.5, 0.5)), [('K.90 Musicalion', 'P1', 3, (224, 226), (30, 2.0), (30, 1.5)), ('K.90 Musicalion', 'P1', 3, (428, 430), (92, 2.0), (92, 1.5))]) 

102 .    (((2, -5), (3.0, 3.0)), [('K.90 Musicalion', 'P1', 3, (773, 775), (183, 1.0), (183, 4.0)), ('K.90 Musicalion', 'P1', 3, (806, 808), (198, 1.0), (199, 1.0))]) 

103 .    (((-2,), (0.5,)), [('K.90 Musicalion', 'P1', 1, (69, 70), (6, 4.5), (6, 4.5)), ('K.90 Musicalion', 'P1', 1, (423, 424), (53, 2.0), (53, 2.0)), ('K.90 Musicalion', 'P1', 1, (488, 489), (66, 1.5), (66, 1.5)), ('K.90 Musicalion', 'P1', 1, (497, 498), (68, 1.5), (68, 1.5)), ('K.90 Musicalion', 'P1', 3, (16, 17), (2, 4.5), (2, 4.5)), ('K.90 Musicalion', 'P1', 3, (159, 160), (20, 2.5), (20, 2.5)), ('K.90 Musicalion', 'P1', 3, (179, 180), (22, 4.5), (22, 4.5)), ('K.90 Musicalion', 'P1', 3, (190, 191), (24, 2.0), (24, 2.0)), ('K.90 Musicalion', 'P1', 3, (617, 618), (143, 1.5), (143, 1.5))]) 

104 .    (((2,), (0.5,)), [('K.90 Musicalion', 'P1', 1, (24, 25), (3, 2.5), (3, 2.5)), ('K.90 Musicalion', 'P1', 1, (297, 298), (27, 2.5), (27, 2.5)), ('K.90 Musicalion', 'P1', 3, (40, 41), (5, 4.5), (5, 4.5)), ('K.90 Musicalion', 'P1', 3, (42, 43), (6, 1.5), (6, 1.5)), ('K.90 Musicalion', 'P1', 3, (55, 56), (7, 3.0), (7, 3.0)), ('K.90 Musicalion', 'P1', 3, (95, 96), (12, 2.5), (12, 2.5)), ('K.90 Musicalion', 'P1', 3, (169, 170), (21, 3.5), (21, 3.5)), ('K.90 Musicalion', 'P1', 3, (278, 279), (48, 1.0), (48, 1.0)), ('K.90 Musicalion', 'P1', 3, (408, 409), (85, 1.5), (85, 1.5))]) 

105 .    (((2,), (0.12,)), [('K.90 Musicalion', 'P1', 1, (26, 27), (3, 3.25), (3, 3.25)), ('K.90 Musicalion', 'P1', 1, (122, 123), (10, 4.5), (10, 4.5)), ('K.90 Musicalion', 'P1', 1, (143, 144), (12, 1.12), (12, 1.12)), ('K.90 Musicalion', 'P1', 1, (148, 149), (12, 2.12), (12, 2.12)), ('K.90 Musicalion', 'P1', 1, (191, 192), (16, 2.12), (16, 2.12)), ('K.90 Musicalion', 'P1', 1, (301, 302), (27, 4.75), (27, 4.75)), ('K.90 Musicalion', 'P1', 1, (404, 405), (49, 2.12), (49, 2.12))]) 

106 .    (((-2,), (0.25,)), [('K.90 Musicalion', 'P1', 1, (29, 30), (3, 4.5), (3, 4.5)), ('K.90 Musicalion', 'P1', 1, (647, 648), (101, 2.25), (101, 2.25)), ('K.90 Musicalion', 'P1', 1, (676, 677), (105, 2.0), (105, 2.0)), ('K.90 Musicalion', 'P1', 1, (688, 689), (106, 1.5), (106, 1.5)), ('K.90 Musicalion', 'P1', 1, (813, 814), (131, 2.25), (131, 2.25))]) 

107 .    (((1,), (0.5,)), [('K.90 Musicalion', 'P1', 1, (707, 708), (111, 2.0), (111, 2.0)), ('K.90 Musicalion', 'P1', 1, (765, 766), (122, 1.5), (122, 1.5)), ('K.90 Musicalion', 'P1', 3, (14, 15), (2, 3.5), (2, 3.5)), ('K.90 Musicalion', 'P1', 3, (508, 509), (115, 2.5), (115, 2.5)), ('K.90 Musicalion', 'P1', 3, (551, 552), (126, 1.0), (126, 1.0)), ('K.90 Musicalion', 'P1', 3, (568, 569), (131, 2.5), (131, 2.5)), ('K.90 Musicalion', 'P1', 3, (636, 637), (148, 1.0), (148, 1.0))]) 

108 .    (((-2,), (1.0,)), [('K.90 Musicalion', 'P1', 1, (1230, 1231), (200, 2.0), (200, 2.0)), ('K.90 Musicalion', 'P1', 1, (1233, 1234), (201, 2.0), (201, 2.0)), ('K.90 Musicalion', 'P1', 3, (809, 810), (200, 3.0), (200, 3.0)), ('K.90 Musicalion', 'P1', 3, (832, 833), (212, 3.0), (212, 3.0))]) 

109 .    (((2,), (0.25,)), [('K.90 Musicalion', 'P1', 1, (490, 491), (67, 2.25), (67, 2.25)), ('K.90 Musicalion', 'P1', 1, (544, 545), (78, 2.25), (78, 2.25)), ('K.90 Musicalion', 'P1', 1, (792, 793), (126, 1.25), (126, 1.25)), ('K.90 Musicalion', 'P1', 1, (912, 913), (148, 2.25), (148, 2.25))]) 

110 .    (((2,), (1.0,)), [('K.90 Musicalion', 'P1', 1, (1079, 1080), (174, 8.0), (174, 8.0)), ('K.90 Musicalion', 'P1', 1, (1285, 1286), (214, 1.0), (214, 1.0)), ('K.90 Musicalion', 'P1', 3, (376, 377), (77, 2.0), (77, 2.0)), ('K.90 Musicalion', 'P1', 3, (486, 487), (109, 1.0), (109, 1.0)), ('K.90 Musicalion', 'P1', 3, (566, 567), (130, 1.0), (130, 1.0)), ('K.90 Musicalion', 'P1', 3, (692, 693), (162, 1.0), (162, 1.0)), ('K.90 Musicalion', 'P1', 3, (812, 813), (202, 1.0), (202, 1.0))]) 

111 .    (((8,), (0.5,)), [('K.90 Musicalion', 'P1', 1, (561, 562), (82, 1.0), (82, 1.0)), ('K.90 Musicalion', 'P1', 3, (60, 61), (8, 1.0), (8, 1.0))]) 

112 .    (((-8,), (0.5,)), [('K.90 Musicalion', 'P1', 1, (0, 1), (1, 1.0), (1, 1.0)), ('K.90 Musicalion', 'P1', 1, (67, 68), (6, 3.0), (6, 3.0))]) 

113 .    (((-5,), (0.5,)), [('K.90 Musicalion', 'P1', 1, (374, 375), (43, 2.5), (43, 2.5)), ('K.90 Musicalion', 'P1', 1, (499, 500), (69, 2.5), (69, 2.5))]) 

114 .    (((1,), (0.25,)), [('K.90 Musicalion', 'P1', 1, (230, 231), (19, 2.75), (19, 2.75)), ('K.90 Musicalion', 'P1', 1, (299, 300), (27, 3.75), (27, 3.75))]) 

115 .    (((3,), (0.12,)), [('K.90 Musicalion', 'P1', 1, (56, 57), (5, 3.12), (5, 3.12)), ('K.90 Musicalion', 'P1', 1, (169, 170), (14, 3.0), (14, 3.0)), ('K.90 Musicalion', 'P1', 1, (253, 254), (22, 2.12), (22, 2.12))]) 

116 .    (((-2,), (3.0,)), [('K.90 Musicalion', 'P1', 3, (718, 719), (169, 1.0), (169, 1.0)), ('K.90 Musicalion', 'P1', 3, (745, 746), (176, 1.0), (176, 1.0)), ('K.90 Musicalion', 'P1', 3, (762, 763), (180, 4.0), (180, 4.0)), ('K.90 Musicalion', 'P1', 3, (764, 765), (180, 10.0), (180, 10.0))]) 

117 .    (((-5,), (0.25,)), [('K.90 Musicalion', 'P1', 1, (891, 892), (144, 2.25), (144, 2.25)), ('K.90 Musicalion', 'P1', 1, (893, 894), (144, 2.75), (144, 2.75))]) 

118 .    (((4,), (3.0,)), [('K.90 Musicalion', 'P1', 3, (743, 744), (175, 4.0), (175, 4.0)), ('K.90 Musicalion', 'P1', 3, (804, 805), (196, 1.0), (196, 1.0))]) 

119 .    (((-4,), (3.0,)), [('K.90 Musicalion', 'P1', 1, (1019, 1020), (169, 1.0), (169, 1.0)), ('K.90 Musicalion', 'P1', 1, (1091, 1092), (176, 1.0), (176, 1.0))]) 

120 .    (((6,), (3.0,)), [('K.90 Musicalion', 'P1', 3, (728, 729), (171, 7.0), (171, 7.0)), ('K.90 Musicalion', 'P1', 3, (767, 768), (181, 7.0), (181, 7.0))]) 

