1 .    ('nomes', 'K.238 KernScores') 

2 .    ('quantidade', 1) 

3 .    ('analise', 'recorręncias IntDiaDurPtempo sem contidos e intercalados') 

1 .    ((((6, 1), (6, 1), (6, 2), (6, 4), (6, 1), (6, 1), (6, 2), (6, 3), 2, -3, -2, -6, (6, 1), (6, 1), (6, 2), (6, 4), (6, 1), (6, 1), (6, 2), (6, 3), 2, -3, -2, 6, 1, 1, 2, -7, (3, 1), (3, 1), (3, 4), 2, 2, -2, -2, -2, -2, -2), ((0.0, 0.25), (0.0, 0.75), (0.0, 0.25), (0.0, 0.75), (0.0, 0.25), (0.0, 0.75), (0.0, 0.25), (0.0, 1.0), 1.75, 0.25, 1.0, 0.5, (0.0, 0.5), (0.0, 0.75), (0.0, 0.25), (0.0, 0.75), (0.0, 0.25), (0.0, 0.75), (0.0, 0.25), (0.0, 1.0), 1.75, 0.25, 1.0, 0.75, 0.25, 0.75, 0.25, 0.75, (0.0, 0.25), (0.0, 0.75), (0.0, 0.25), 0.33, 0.33, 0.33, 0.33, 0.33, 0.33, 1.0), 0.75), [('K.238 KernScores', 'P1', 1, (157, 195), (30, 1.75), (35, 3.0)), ('K.238 KernScores', 'P1', 1, (197, 235), (36, 1.75), (41, 3.0))]) 

2 .    ((((6, 1), (6, 1), (6, 2), (6, -3), (6, 1), (6, 1), (6, -2), (8, 3), (6, 1), (6, 1), (6, 2), (6, -3), (6, 1), (6, 1), (6, -2), (8, -2), 1, 1, 7, -2), ((0.0, 0.5), (0.0, 0.75), (0.0, 0.25), (0.0, 0.75), (0.0, 0.25), (0.0, 0.75), (0.0, 0.25), (0.0, 4.5), (0.0, 0.5), (0.0, 0.75), (0.0, 0.25), (0.0, 0.75), (0.0, 0.25), (0.0, 0.75), (0.0, 0.25), (0.0, 2.5), 0.5, 0.75, 2.25, 1.0), 0.5), [('K.238 KernScores', 'P2', 1, (139, 159), (31, 1.5), (35, 3.0)), ('K.238 KernScores', 'P2', 1, (161, 181), (37, 1.5), (41, 3.0))]) 

3 .    ((((6, 1), (6, 1), (6, 2), (6, -3), (6, 1), (6, 1), (6, 2), 4, -3, -3, -2), ((0.0, 0.25), (0.0, 0.75), (0.0, 0.25), (0.0, 0.75), (0.0, 0.25), (0.0, 0.75), (0.0, 0.25), 1.0, 1.75, 0.25, 1.0), 0.75), [('K.238 KernScores', 'P1', 1, (66, 77), (13, 3.75), (15, 2.0)), ('K.238 KernScores', 'P1', 1, (78, 89), (15, 3.75), (17, 2.0))]) 

4 .    ((((3, 1), (3, 2), (3, 2), (3, -2), (3, -2), (3, -2), (3, -2), (3, -2), (3, -2), (3, -2), (3, -2)), ((0.0, 0.5), (0.0, 0.75), (0.0, 0.25), (0.0, 0.75), (0.0, 0.25), (0.0, 0.75), (0.0, 0.25), (0.0, 0.75), (0.0, 0.25), (0.0, 0.75), (0.0, 0.25)), 0.5), [('K.238 KernScores', 'P2', 1, (94, 105), (21, 3.5), (22, 4.75)), ('K.238 KernScores', 'P2', 1, (106, 117), (23, 3.5), (24, 4.75))]) 

5 .    ((((3, 1), (3, 1), (3, 1), (3, -2), (3, 1), (3, 1), (3, 1), (3, -2), (3, 1), (3, 1)), ((0.0, 0.25), (0.0, 0.75), (0.0, 0.25), (0.0, 0.75), (0.0, 0.25), (0.0, 0.75), (0.0, 0.25), (0.0, 0.75), (0.0, 0.25), (0.0, 0.75)), 0.75), [('K.238 KernScores', 'P1', 1, (132, 142), (26, 1.75), (27, 2.0)), ('K.238 KernScores', 'P1', 1, (144, 154), (27, 3.75), (28, 4.0))]) 

6 .    ((((6, 1), (6, 1), (6, 2), (6, 2), (6, 1), (6, 1), (6, 2)), ((0.0, 0.25), (0.0, 0.75), (0.0, 0.25), (0.0, 0.75), (0.0, 0.25), (0.0, 0.75), (0.0, 0.25)), 0.75), [('K.238 KernScores', 'P2', 1, (39, 46), (8, 3.75), (9, 2.75)), ('K.238 KernScores', 'P2', 1, (47, 54), (9, 3.75), (10, 2.75)), ('K.238 KernScores', 'P2', 1, (55, 62), (10, 3.75), (11, 2.75))]) 

7 .    (((4, 2, 2, 1, -2, -2, -4), (0.5, 0.75, 0.25, 0.75, 0.25, 0.75, 0.25), 0.5), [('K.238 KernScores', 'P1', 1, (1, 8), (1, 1.5), (1, 4.75)), ('K.238 KernScores', 'P2', 1, (1, 8), (2, 1.5), (2, 4.75))]) 

8 .    (((-8, 5, -2, -2, -2, -2, -2), (0.33, 0.33, 0.33, 0.33, 0.33, 0.33, 1.0), 0.0), [('K.238 KernScores', 'P1', 1, (97, 104), (18, 3.0), (19, 1.0)), ('K.238 KernScores', 'P1', 1, (105, 112), (19, 3.0), (20, 1.0))]) 

9 .    (((-2, 2, 2, -2, -2), (0.33, 0.33, 0.33, 0.33, 0.33), 0.0), [('K.238 KernScores', 'P1', 2, (26, 31), (43, 1.0), (43, 2.33)), ('K.238 KernScores', 'P1', 2, (32, 37), (43, 3.0), (43, 4.33))]) 

10 .    ((((6, -3), (6, 1), (6, 1), (6, -2)), ((0.0, 0.75), (0.0, 0.25), (0.0, 0.75), (0.0, 0.25)), 0.0), [('K.238 KernScores', 'P2', 1, (74, 78), (15, 1.0), (15, 2.75)), ('K.238 KernScores', 'P2', 2, (0, 4), (17, 1.0), (17, 2.75))]) 

11 .    (((2, 1, -2, -2), (0.25, 0.75, 0.25, 0.75), 0.75), [('K.238 KernScores', 'P1', 1, (12, 16), (3, 2.75), (3, 4.0)), ('K.238 KernScores', 'P1', 1, (20, 24), (4, 2.75), (4, 4.0))]) 

12 .    (((2, 2, 1), (0.75, 0.25, 0.75), 0.0), [('K.238 KernScores', 'P1', 1, (31, 34), (6, 2.0), (6, 3.0)), ('K.238 KernScores', 'P1', 1, (35, 38), (6, 4.0), (7, 1.0))]) 

13 .    (((-2, 1, -2), (0.75, 0.25, 0.75), 0.0), [('K.238 KernScores', 'P1', 2, (0, 3), (12, 1.0), (12, 2.0)), ('K.238 KernScores', 'P1', 2, (4, 7), (12, 3.0), (12, 4.0))]) 

14 .    (((2, 2, -2), (0.75, 0.12, 0.12), 0.0), [('K.238 KernScores', 'P1', 1, (46, 49), (9, 3.0), (9, 3.88)), ('K.238 KernScores', 'P1', 1, (50, 53), (10, 3.0), (10, 3.88))]) 

15 .    ((((3, 1), (3, 2), (3, 2)), ((0.0, 0.25), (0.0, 0.75), (0.0, 0.25)), 0.75), [('K.238 KernScores', 'P1', 1, (114, 117), (21, 1.75), (21, 2.75)), ('K.238 KernScores', 'P1', 1, (123, 126), (23, 1.75), (23, 2.75))]) 

16 .    (((-5, (3, 2), (3, 2)), (0.5, (0.0, 0.75), (0.0, 0.25)), 0.5), [('K.238 KernScores', 'P2', 1, (22, 25), (5, 3.5), (5, 4.75)), ('K.238 KernScores', 'P2', 1, (32, 35), (7, 3.5), (7, 4.75))]) 

17 .    (((2, 2, -8), (1.0, 1.0, 1.0), 0.0), [('K.238 KernScores', 'P2', 1, (134, 137), (29, 1.0), (29, 3.0)), ('K.238 KernScores', 'P2', 2, (15, 18), (43, 1.0), (43, 3.0))]) 

18 .    ((((6, 1), (6, 1)), ((0.0, 0.25), (0.0, 0.75)), 0.75), [('K.238 KernScores', 'P1', 1, (90, 92), (17, 3.75), (17, 4.0)), ('K.238 KernScores', 'P1', 1, (94, 96), (18, 1.75), (18, 2.0))]) 

19 .    (((-2, -2), (0.25, 0.75), 0.75), [('K.238 KernScores', 'P1', 1, (42, 44), (8, 1.75), (8, 2.0)), ('K.238 KernScores', 'P1', 2, (11, 13), (25, 3.75), (25, 4.0)), ('K.238 KernScores', 'P1', 2, (23, 25), (42, 3.75), (42, 4.0)), ('K.238 KernScores', 'P2', 1, (10, 12), (3, 3.75), (3, 4.0)), ('K.238 KernScores', 'P2', 1, (14, 16), (4, 1.75), (4, 2.0)), ('K.238 KernScores', 'P2', 1, (18, 20), (4, 3.75), (4, 4.0))]) 

20 .    ((((3, -2), (3, -2)), ((0.0, 0.75), (0.0, 0.25)), 0.0), [('K.238 KernScores', 'P2', 1, (26, 28), (6, 2.0), (6, 2.75)), ('K.238 KernScores', 'P2', 1, (29, 31), (6, 4.0), (6, 4.75))]) 

21 .    ((((3, 2), (3, 2)), ((0.0, 0.75), (0.0, 0.25)), 0.0), [('K.238 KernScores', 'P1', 1, (39, 41), (7, 2.0), (7, 2.75)), ('K.238 KernScores', 'P1', 1, (120, 122), (22, 4.0), (22, 4.75)), ('K.238 KernScores', 'P2', 1, (119, 121), (25, 2.0), (25, 2.75))]) 

22 .    ((((3, -2), (3, 1)), ((0.0, 0.75), (0.0, 0.25)), 0.0), [('K.238 KernScores', 'P1', 2, (14, 16), (29, 1.0), (29, 1.75)), ('K.238 KernScores', 'P1', 2, (18, 20), (29, 3.0), (29, 3.75))]) 

23 .    ((((6, 1), (6, 1)), ((0.0, 0.5), (0.0, 0.75)), 0.5), [('K.238 KernScores', 'P2', 1, (71, 73), (14, 3.5), (14, 4.0)), ('K.238 KernScores', 'P2', 1, (79, 81), (16, 3.5), (16, 4.0))]) 

24 .    (((-2, 2), (1.0, 1.0), 0.0), [('K.238 KernScores', 'P2', 1, (63, 65), (11, 4.0), (12, 1.0)), ('K.238 KernScores', 'P2', 1, (67, 69), (12, 4.0), (13, 1.0))]) 

25 .    (((2, -8), (1.0, 1.0), 0.0), [('K.238 KernScores', 'P2', 1, (89, 91), (19, 4.0), (20, 1.0)), ('K.238 KernScores', 'P2', 1, (127, 129), (27, 2.0), (27, 3.0))]) 

26 .    ((((6, 2), (6, 2)), ((0.0, 1.0), (0.0, 1.0)), 0.0), [('K.238 KernScores', 'P2', 2, (9, 11), (35, 1.0), (35, 2.0)), ('K.238 KernScores', 'P2', 2, (12, 14), (41, 1.0), (41, 2.0))]) 

27 .    (((-2,), (1.0,), 0.0), [('K.238 KernScores', 'P1', 1, (57, 58), (12, 1.0), (12, 1.0)), ('K.238 KernScores', 'P1', 1, (59, 60), (12, 3.0), (12, 3.0)), ('K.238 KernScores', 'P1', 1, (239, 240), (43, 3.0), (43, 3.0)), ('K.238 KernScores', 'P2', 2, (5, 6), (18, 1.0), (18, 1.0)), ('K.238 KernScores', 'P2', 2, (7, 8), (19, 1.0), (19, 1.0))]) 

28 .    (((-2,), (0.75,), 0.0), [('K.238 KernScores', 'P1', 1, (62, 63), (13, 2.0), (13, 2.0)), ('K.238 KernScores', 'P1', 2, (8, 9), (25, 1.0), (25, 1.0))]) 

29 .    (((2,), (1.0,), 0.0), [('K.238 KernScores', 'P1', 1, (237, 238), (42, 4.0), (42, 4.0)), ('K.238 KernScores', 'P2', 1, (125, 126), (26, 4.0), (26, 4.0)), ('K.238 KernScores', 'P2', 1, (131, 132), (28, 2.0), (28, 2.0))]) 

30 .    (((-2,), (0.25,), 0.75), [('K.238 KernScores', 'P1', 1, (18, 19), (4, 1.75), (4, 1.75)), ('K.238 KernScores', 'P1', 1, (28, 29), (5, 2.75), (5, 2.75)), ('K.238 KernScores', 'P2', 1, (37, 38), (8, 2.75), (8, 2.75))]) 

31 .    (((-3,), (0.25,), 0.75), [('K.238 KernScores', 'P1', 1, (10, 11), (3, 1.75), (3, 1.75)), ('K.238 KernScores', 'P1', 1, (26, 27), (5, 1.75), (5, 1.75))]) 

32 .    ((((4, 3, 1),), ((0.0, 0.0, 0.75),), 0.0), [('K.238 KernScores', 'P2', 1, (183, 184), (42, 2.0), (42, 2.0)), ('K.238 KernScores', 'P2', 1, (185, 186), (42, 3.0), (42, 3.0)), ('K.238 KernScores', 'P2', 1, (187, 188), (42, 4.0), (42, 4.0))]) 

33 .    ((((8,),), ((0.0,),), 0.0), [('K.238 KernScores', 'P1', 1, (241, 242), (44, 1.0), (44, 1.0)), ('K.238 KernScores', 'P2', 1, (190, 191), (44, 1.0), (44, 1.0))]) 

