1 .    ('nomes', 'K.83 Musescore') 

2 .    ('quantidade', 1) 

3 .    ('analise', 'sequÍncias IntDiaDurPtempo sem contidos e intercalados') 

1 .    (((-8, 5, 2, -3, 2, -3, 2, -3), (1.0, 1.0, 1.0, 0.5, 0.5, 0.5, 0.5, 0.5), 0.0), [[('K.83 Musescore', 'P1', 1, (3, 11), (2, 1.0), (3, 3.0)), ('K.83 Musescore', 'P1', 1, (12, 20), (4, 1.0), (5, 3.0))], [('K.83 Musescore', 'P1', 1, (74, 82), (20, 1.0), (21, 3.0)), ('K.83 Musescore', 'P1', 1, (83, 91), (22, 1.0), (23, 3.0))]]) 

2 .    (((8, -2, -3, 2, -3, 2, -3, 2), (1.0, 1.0, 0.5, 0.5, 0.5, 0.5, 0.5, 0.5), 0.0), [[('K.83 Musescore', 'P1', 1, (146, 154), (38, 2.0), (39, 3.5)), ('K.83 Musescore', 'P1', 1, (155, 163), (40, 2.0), (41, 3.5))], [('K.83 Musescore', 'P1', 1, (217, 225), (56, 2.0), (57, 3.5)), ('K.83 Musescore', 'P1', 1, (226, 234), (58, 2.0), (59, 3.5))]]) 

3 .    (((1, -2, 2, -4, 2, -3, 2), (1.0, 0.5, 0.5, 1.0, 1.0, 0.5, 0.5), 0.0), [[('K.83 Musescore', 'P1', 1, (23, 30), (6, 3.0), (8, 1.5)), ('K.83 Musescore', 'P1', 1, (31, 38), (8, 3.0), (10, 1.5))], [('K.83 Musescore', 'P1', 1, (94, 101), (24, 3.0), (26, 1.5)), ('K.83 Musescore', 'P1', 1, (102, 109), (26, 3.0), (28, 1.5))]]) 

4 .    (((1, -2, 2), (1.0, 0.5, 0.5), 0.0), [[('K.83 Musescore', 'P1', 1, (169, 172), (43, 3.0), (44, 1.5)), ('K.83 Musescore', 'P1', 1, (173, 176), (44, 3.0), (45, 1.5)), ('K.83 Musescore', 'P1', 1, (177, 180), (45, 3.0), (46, 1.5))], [('K.83 Musescore', 'P1', 1, (240, 243), (61, 3.0), (62, 1.5)), ('K.83 Musescore', 'P1', 1, (244, 247), (62, 3.0), (63, 1.5)), ('K.83 Musescore', 'P1', 1, (248, 251), (63, 3.0), (64, 1.5))]]) 

5 .    (((4, -2, -2, -2), (1.0, 1.0, 1.0, 1.0), 0.0), [[('K.83 Musescore', 'P1', 2, (2, 6), (2, 3.0), (3, 3.0)), ('K.83 Musescore', 'P1', 2, (7, 11), (4, 3.0), (5, 3.0))], [('K.83 Musescore', 'P1', 2, (35, 39), (20, 3.0), (21, 3.0)), ('K.83 Musescore', 'P1', 2, (40, 44), (22, 3.0), (23, 3.0))]]) 

6 .    (((1, 4, 2, -8), (2.0, 1.0, 1.0, 1.0), 0.0), [[('K.83 Musescore', 'P1', 2, (67, 71), (38, 1.0), (39, 2.0)), ('K.83 Musescore', 'P1', 2, (72, 76), (40, 1.0), (41, 2.0))], [('K.83 Musescore', 'P1', 2, (99, 103), (56, 1.0), (57, 2.0)), ('K.83 Musescore', 'P1', 2, (104, 108), (58, 1.0), (59, 2.0))]]) 

