1 .    ('nomes', 'K.27 Musicalion') 

2 .    ('quantidade', 1) 

3 .    ('analise', 'sequências IntDiaDurPtempo sem contidos e intercalados') 

1 .    (((2, -3, -3, 3, 5, -3, -5, 5, 2, -3, -4), (0.25, 0.25, 0.25, 0.25, 0.25, 0.25, 0.25, 0.25, 0.25, 0.25, 0.25), 0.25), [[('K.27 Musicalion', 'P1', 1, (296, 307), (36, 3.25), (37, 2.75)), ('K.27 Musicalion', 'P1', 1, (308, 319), (37, 3.25), (38, 2.75)), ('K.27 Musicalion', 'P1', 1, (320, 331), (38, 3.25), (39, 2.75))], [('K.27 Musicalion', 'P1', 1, (476, 487), (51, 3.25), (52, 2.75)), ('K.27 Musicalion', 'P1', 1, (488, 499), (52, 3.25), (53, 2.75))]]) 

2 .    (((-3, 3, 4), (0.25, 0.25, 0.25), 0.75), [[('K.27 Musicalion', 'P1', 1, (134, 137), (18, 1.75), (18, 2.25)), ('K.27 Musicalion', 'P1', 1, (138, 141), (18, 2.75), (18, 3.25))], [('K.27 Musicalion', 'P1', 1, (158, 161), (20, 1.75), (20, 2.25)), ('K.27 Musicalion', 'P1', 1, (162, 165), (20, 2.75), (20, 3.25))], [('K.27 Musicalion', 'P1', 1, (338, 341), (40, 1.75), (40, 2.25)), ('K.27 Musicalion', 'P1', 1, (342, 345), (40, 2.75), (40, 3.25)), ('K.27 Musicalion', 'P1', 1, (346, 349), (41, 3.75), (41, 1.25)), ('K.27 Musicalion', 'P1', 1, (350, 353), (41, 1.75), (41, 2.25)), ('K.27 Musicalion', 'P1', 1, (354, 357), (41, 2.75), (41, 3.25)), ('K.27 Musicalion', 'P1', 1, (358, 361), (42, 3.75), (42, 1.25)), ('K.27 Musicalion', 'P1', 1, (362, 365), (42, 1.75), (42, 2.25))], [('K.27 Musicalion', 'P1', 1, (506, 509), (54, 1.75), (54, 2.25)), ('K.27 Musicalion', 'P1', 1, (510, 513), (54, 2.75), (54, 3.25)), ('K.27 Musicalion', 'P1', 1, (514, 517), (55, 3.75), (55, 1.25)), ('K.27 Musicalion', 'P1', 1, (518, 521), (55, 1.75), (55, 2.25)), ('K.27 Musicalion', 'P1', 1, (522, 525), (55, 2.75), (55, 3.25)), ('K.27 Musicalion', 'P1', 1, (526, 529), (56, 3.75), (56, 1.25)), ('K.27 Musicalion', 'P1', 1, (530, 533), (56, 1.75), (56, 2.25))]]) 

3 .    (((-3, -5, 5, 2, -3, -4, 4, 2, -3, -3, 3), (0.25, 0.25, 0.25, 0.25, 0.25, 0.25, 0.25, 0.25, 0.25, 0.25, 0.25), 0.5), [[('K.27 Musicalion', 'P1', 1, (469, 480), (51, 1.5), (52, 1.0)), ('K.27 Musicalion', 'P1', 1, (481, 492), (52, 1.5), (53, 1.0))]]) 

4 .    (((-5, 5, -2, -2), (1.0, 0.25, 0.25, 0.25), 0.5), [[('K.27 Musicalion', 'P1', 1, (193, 197), (23, 1.5), (23, 3.0)), ('K.27 Musicalion', 'P1', 1, (198, 202), (23, 3.5), (24, 2.0)), ('K.27 Musicalion', 'P1', 1, (203, 207), (24, 2.5), (24, 1.0)), ('K.27 Musicalion', 'P1', 1, (208, 212), (25, 1.5), (25, 3.0))], [('K.27 Musicalion', 'P1', 1, (561, 565), (59, 3.5), (59, 2.0)), ('K.27 Musicalion', 'P1', 1, (566, 570), (59, 2.5), (60, 1.0)), ('K.27 Musicalion', 'P1', 1, (571, 575), (60, 1.5), (60, 3.0)), ('K.27 Musicalion', 'P1', 1, (576, 580), (61, 3.5), (61, 2.0))]]) 

5 .    (((1, -2, -2), (0.25, 0.25, 0.25), 0.5), [[('K.27 Musicalion', 'P1', 1, (250, 253), (29, 2.5), (29, 3.0)), ('K.27 Musicalion', 'P1', 1, (254, 257), (29, 3.5), (29, 1.0)), ('K.27 Musicalion', 'P1', 1, (258, 261), (30, 2.5), (30, 3.0)), ('K.27 Musicalion', 'P1', 1, (262, 265), (30, 3.5), (30, 1.0)), ('K.27 Musicalion', 'P1', 1, (266, 269), (30, 1.5), (30, 2.0))], [('K.27 Musicalion', 'P1', 1, (618, 621), (65, 1.5), (65, 2.0)), ('K.27 Musicalion', 'P1', 1, (622, 625), (65, 2.5), (65, 3.0)), ('K.27 Musicalion', 'P1', 1, (626, 629), (66, 1.5), (66, 2.0))], [('K.27 Musicalion', 'P1', 3, (101, 104), (31, 2.5), (31, 3.0)), ('K.27 Musicalion', 'P1', 3, (105, 108), (31, 3.5), (31, 1.0))], [('K.27 Musicalion', 'P1', 3, (204, 207), (66, 2.5), (66, 3.0)), ('K.27 Musicalion', 'P1', 3, (208, 211), (66, 3.5), (66, 1.0)), ('K.27 Musicalion', 'P1', 3, (212, 215), (67, 1.5), (67, 2.0)), ('K.27 Musicalion', 'P1', 3, (216, 219), (67, 2.5), (67, 3.0))]]) 

6 .    (((-4, -2, -2), (0.25, 0.25, 0.25), 0.5), [[('K.27 Musicalion', 'P1', 2, (35, 38), (23, 1.5), (23, 2.0)), ('K.27 Musicalion', 'P1', 2, (39, 42), (23, 3.5), (23, 1.0)), ('K.27 Musicalion', 'P1', 2, (43, 46), (24, 2.5), (24, 3.0)), ('K.27 Musicalion', 'P1', 2, (47, 50), (25, 1.5), (25, 2.0))], [('K.27 Musicalion', 'P1', 2, (87, 90), (59, 3.5), (59, 1.0)), ('K.27 Musicalion', 'P1', 2, (91, 94), (59, 2.5), (59, 3.0)), ('K.27 Musicalion', 'P1', 2, (95, 98), (60, 1.5), (60, 2.0)), ('K.27 Musicalion', 'P1', 2, (99, 102), (61, 3.5), (61, 1.0))]]) 

7 .    (((-4, -3, 3), (0.25, 0.25, 0.25), 0.5), [[('K.27 Musicalion', 'P1', 1, (337, 340), (40, 1.5), (40, 2.0)), ('K.27 Musicalion', 'P1', 1, (341, 344), (40, 2.5), (40, 3.0))], [('K.27 Musicalion', 'P1', 1, (505, 508), (54, 1.5), (54, 2.0)), ('K.27 Musicalion', 'P1', 1, (509, 512), (54, 2.5), (54, 3.0))]]) 

8 .    (((-2, -2, 1), (0.25, 0.25, 0.25), 0.75), [[('K.27 Musicalion', 'P1', 1, (247, 250), (29, 1.75), (29, 2.25)), ('K.27 Musicalion', 'P1', 1, (251, 254), (29, 2.75), (29, 3.25))], [('K.27 Musicalion', 'P1', 1, (615, 618), (65, 3.75), (65, 1.25)), ('K.27 Musicalion', 'P1', 1, (619, 622), (65, 1.75), (65, 2.25))]]) 

9 .    (((-2, -2, -2), (0.25, 0.25, 0.25), 0.5), [[('K.27 Musicalion', 'P1', 1, (64, 67), (10, 1.5), (10, 2.0)), ('K.27 Musicalion', 'P1', 1, (68, 71), (10, 2.5), (10, 3.0))], [('K.27 Musicalion', 'P1', 1, (285, 288), (36, 3.5), (36, 1.0)), ('K.27 Musicalion', 'P1', 1, (289, 292), (36, 1.5), (36, 2.0))]]) 

10 .    (((-3, 4, -3), (0.25, 0.25, 0.25), 0.5), [[('K.27 Musicalion', 'P1', 1, (226, 229), (27, 2.5), (27, 3.0)), ('K.27 Musicalion', 'P1', 1, (230, 233), (27, 3.5), (27, 1.0))], [('K.27 Musicalion', 'P1', 1, (594, 597), (63, 1.5), (63, 2.0)), ('K.27 Musicalion', 'P1', 1, (598, 601), (63, 2.5), (63, 3.0))], [('K.27 Musicalion', 'P1', 3, (83, 86), (26, 2.5), (26, 3.0)), ('K.27 Musicalion', 'P1', 3, (87, 90), (26, 3.5), (26, 1.0))], [('K.27 Musicalion', 'P1', 3, (186, 189), (62, 1.5), (62, 2.0)), ('K.27 Musicalion', 'P1', 3, (190, 193), (62, 2.5), (62, 3.0))]]) 

11 .    (((-8, 3, -3), (0.25, 0.25, 0.25), 0.5), [[('K.27 Musicalion', 'P1', 1, (21, 24), (4, 2.5), (4, 3.0)), ('K.27 Musicalion', 'P1', 1, (25, 28), (5, 3.5), (5, 1.0))], [('K.27 Musicalion', 'P1', 1, (33, 36), (5, 2.5), (5, 3.0)), ('K.27 Musicalion', 'P1', 1, (37, 40), (6, 3.5), (6, 1.0))]]) 

