1 .    ('nomes', 'K.49 KernScores') 

2 .    ('quantidade', 1) 

3 .    ('analise', 'sequęncias IntDiaDurPtempo sem contidos e intercalados') 

1 .    (((-2, 2, 2, 2, 2, -3, 4, -2, -2, 2, -2, -2, 2), (0.5, 0.25, 0.25, 0.25, 0.25, 0.5, 0.5, 0.17, 0.17, 0.17, 0.17, 0.17, 0.17), 0.0), [[('K.49 KernScores', 'P1', 1, (447, 460), (64, 1.0), (66, 2.33)), ('K.49 KernScores', 'P1', 1, (461, 474), (66, 1.0), (68, 2.33)), ('K.49 KernScores', 'P1', 1, (475, 488), (68, 1.0), (70, 2.33))], [('K.49 KernScores', 'P1', 1, (615, 628), (88, 1.0), (90, 2.33)), ('K.49 KernScores', 'P1', 1, (629, 642), (90, 1.0), (92, 2.33))]]) 

2 .    (((-2, -2, 2, -2, -2), (0.17, 0.17, 0.17, 0.17, 0.17), 0.5), [[('K.49 KernScores', 'P1', 1, (123, 128), (21, 1.5), (21, 2.17)), ('K.49 KernScores', 'P1', 1, (129, 134), (21, 2.5), (21, 1.17))], [('K.49 KernScores', 'P1', 1, (166, 171), (27, 1.5), (27, 2.17)), ('K.49 KernScores', 'P1', 1, (172, 177), (27, 2.5), (27, 1.17))], [('K.49 KernScores', 'P1', 1, (559, 564), (80, 1.5), (80, 2.17)), ('K.49 KernScores', 'P1', 1, (565, 570), (80, 2.5), (80, 1.17)), ('K.49 KernScores', 'P1', 1, (571, 576), (81, 1.5), (81, 2.17)), ('K.49 KernScores', 'P1', 1, (577, 582), (81, 2.5), (81, 1.17))], [('K.49 KernScores', 'P1', 1, (679, 684), (98, 1.5), (98, 2.17)), ('K.49 KernScores', 'P1', 1, (685, 690), (98, 2.5), (98, 1.17))]]) 

3 .    (((-3, 4, -3, -3, 4), (0.17, 0.17, 0.17, 0.17, 0.17), 0.67), [[('K.49 KernScores', 'P1', 1, (298, 303), (45, 1.67), (45, 2.33)), ('K.49 KernScores', 'P1', 1, (304, 309), (45, 2.67), (45, 1.33))], [('K.49 KernScores', 'P1', 1, (840, 845), (118, 1.67), (118, 2.33)), ('K.49 KernScores', 'P1', 1, (846, 851), (118, 2.67), (118, 1.33))]]) 

4 .    (((4, (3, -4), 3), (0.5, (0.0, 0.5), 0.5), 0.0), [[('K.49 KernScores', 'P2', 1, (354, 357), (100, 2.0), (100, 1.0)), ('K.49 KernScores', 'P2', 1, (358, 361), (101, 2.0), (101, 1.0)), ('K.49 KernScores', 'P2', 1, (362, 365), (102, 2.0), (102, 1.0))], [('K.49 KernScores', 'P2', 1, (370, 373), (105, 2.0), (105, 1.0)), ('K.49 KernScores', 'P2', 1, (374, 377), (106, 2.0), (106, 1.0)), ('K.49 KernScores', 'P2', 1, (378, 381), (107, 2.0), (107, 1.0))]]) 

