1 .    ('nomes', 'K.51 Musescore') 

2 .    ('quantidade', 1) 

3 .    ('analise', 'recorręncias IntDiaDurPtempo sem contidos e intercalados') 

1 .    (((-6, 4, -2, 8, -6, 5, -7, 6, -7, 6, -7, 6, -7, 6, 2, -6, 4, -2, 8, -6, 5, -7, 6, -7, 6, -7, 6, -7, 6), (0.25, 0.25, 0.25, 0.25, 0.25, 0.25, 0.25, 0.25, 0.25, 0.25, 0.25, 0.25, 0.25, 0.25, 0.5, 0.25, 0.25, 0.25, 0.25, 0.25, 0.25, 0.25, 0.25, 0.25, 0.25, 0.25, 0.25, 0.25, 0.25), 0.25), [('K.51 Musescore', 'P1', 1, (1, 30), (1, 1.25), (2, 4.5)), ('K.51 Musescore', 'P1', 1, (280, 309), (23, 1.25), (24, 4.5))]) 

2 .    (((-3, 2, -3, 2, -3, 2, -3, -3, 6, -2, -3, 2, -3, 2, -4, 2, -3, 2, -3, 2, -3, 2, -3, -3, 6, -2), (0.25, 0.25, 0.25, 0.25, 0.25, 0.25, 0.25, 0.25, 0.25, 0.25, 0.25, 0.25, 0.25, 0.25, 0.25, 0.25, 0.25, 0.25, 0.25, 0.25, 0.25, 0.25, 0.25, 0.25, 0.25, 0.25), 0.5), [('K.51 Musescore', 'P1', 1, (248, 274), (20, 1.5), (21, 3.75)), ('K.51 Musescore', 'P1', 1, (569, 595), (45, 3.5), (46, 1.75))]) 

3 .    (((-2, 6, -2, -5, 2, 5, -2, -4, -2, 6, -2, -5, 2, 5, -2, -4, -2, 6, -2), (0.25, 0.25, 0.25, 0.25, 0.25, 0.25, 0.25, 0.25, 0.25, 0.25, 0.25, 0.25, 0.25, 0.25, 0.25, 0.25, 0.25, 0.25, 0.25), 0.75), [('K.51 Musescore', 'P1', 3, (208, 227), (29, 1.75), (30, 2.25)), ('K.51 Musescore', 'P1', 3, (228, 247), (30, 2.75), (31, 3.25))]) 

4 .    (((-2, -2, -2, -2, (3, -4), -3, -3, 9, (3, -2), (3, -4), -3, -3, 9, (3, -2), (3, -4), -3, -3, 9), (0.25, 0.25, 0.25, 0.25, (0.0, 0.25), 0.25, 0.25, 0.25, (0.0, 1.0), (0.0, 0.25), 0.25, 0.25, 0.25, (0.0, 1.0), (0.0, 0.25), 0.25, 0.25, 0.25), 0.0), [('K.51 Musescore', 'P1', 1, (50, 68), (4, 4.0), (6, 1.75)), ('K.51 Musescore', 'P1', 1, (199, 217), (15, 4.0), (17, 1.75))]) 

5 .    (((5, -5, 6, -5, 6, -5, 6, -5, 6, -7, 6, -7, 6, -7, 6), (0.25, 0.25, 0.25, 0.25, 0.25, 0.25, 0.25, 0.25, 0.25, 0.25, 0.25, 0.25, 0.25, 0.25, 0.25), 0.0), [('K.51 Musescore', 'P1', 1, (310, 325), (25, 1.0), (25, 4.5)), ('K.51 Musescore', 'P1', 1, (326, 341), (26, 1.0), (26, 4.5))]) 

6 .    (((2, 1, 2, 1, 2, -4, 2, 1, 2, 1, 2, 2, 1, -4, 2), (0.25, 0.25, 0.25, 0.25, 0.25, 0.25, 0.25, 0.25, 0.25, 0.25, 0.25, 0.25, 0.25, 0.25, 0.25), 0.25), [('K.51 Musescore', 'P1', 1, (343, 358), (27, 1.25), (27, 4.75)), ('K.51 Musescore', 'P1', 1, (423, 438), (33, 3.25), (34, 2.75))]) 

7 .    (((-5, 5, -4, -5, 4, 5, -4, -5, 4, 5, -4, -5, 4), (0.5, 1.25, 0.25, 0.25, 0.25, 1.25, 0.25, 0.25, 0.25, 1.25, 0.25, 0.25, 0.25), 0.5), [('K.51 Musescore', 'P1', 3, (29, 42), (4, 4.5), (6, 2.75)), ('K.51 Musescore', 'P1', 3, (114, 127), (15, 4.5), (17, 2.75))]) 

8 .    (((-2, -2, -2, -5, 2, -8, 4, 4, -2, -2, -2), (0.5, 0.5, 0.5, 0.5, 0.5, 0.5, 0.5, 0.5, 0.5, 0.5, 0.5), 0.5), [('K.51 Musescore', 'P1', 3, (148, 159), (20, 1.5), (21, 2.5)), ('K.51 Musescore', 'P1', 3, (363, 374), (45, 3.5), (46, 4.5))]) 

9 .    (((-3, -4, -2, 6, -4, -3, -2, 6, -4, -3, -2), (0.25, 0.25, 0.25, 0.25, 0.25, 0.25, 0.25, 0.25, 0.25, 0.25, 0.25), 0.25), [('K.51 Musescore', 'P1', 3, (280, 291), (34, 4.25), (35, 2.75)), ('K.51 Musescore', 'P1', 3, (292, 303), (35, 4.25), (36, 2.75))]) 

10 .    (((-4, -3, -3, 4, (6, 5), -4, -3, -3, 2), (0.25, 0.25, 0.25, 0.25, (0.0, 1.0), 0.25, 0.25, 0.25, 0.25), 0.0), [('K.51 Musescore', 'P1', 1, (226, 235), (18, 1.0), (18, 3.75)), ('K.51 Musescore', 'P1', 1, (236, 245), (19, 1.0), (19, 3.75))]) 

11 .    ((((3, -2), (3, -4), -3, -3, 6, (6, 2), (6, 3), -3, -3), ((0.0, 1.0), (0.0, 0.25), 0.25, 0.25, 0.25, (0.0, 1.0), (0.0, 0.25), 0.25, 0.25), 0.0), [('K.51 Musescore', 'P1', 1, (546, 555), (42, 2.0), (43, 1.5)), ('K.51 Musescore', 'P1', 1, (556, 565), (43, 2.0), (44, 1.5))]) 

12 .    (((2, -3, 2, 2, -3, 2, 2, -3), (0.5, 0.5, 1.0, 0.5, 0.5, 1.0, 0.5, 0.5), 0.5), [('K.51 Musescore', 'P1', 3, (84, 92), (11, 2.5), (12, 3.0)), ('K.51 Musescore', 'P1', 3, (93, 101), (12, 4.5), (14, 1.0))]) 

13 .    (((-4, 2, 4, 2, -5, 2, 2, 1), (0.25, 0.25, 0.25, 0.25, 0.25, 0.25, 0.25, 0.25), 0.0), [('K.51 Musescore', 'P1', 1, (91, 99), (9, 1.0), (9, 2.75)), ('K.51 Musescore', 'P1', 1, (107, 115), (10, 1.0), (10, 2.75))]) 

14 .    (((-2, 1, -2, -2, -2, 2, -2, -2), (0.25, 0.25, 0.25, 0.25, 0.25, 0.25, 0.0, 0.25), 0.5), [('K.51 Musescore', 'P1', 1, (125, 133), (11, 2.5), (11, 4.0)), ('K.51 Musescore', 'P1', 1, (134, 142), (11, 4.5), (12, 2.0))]) 

15 .    (((-6, 1, 2, 6, -6, 2, -2, -2), (0.25, 0.25, 0.25, 0.25, 0.25, 0.25, 0.0, 0.25), 0.5), [('K.51 Musescore', 'P1', 1, (143, 151), (12, 2.5), (12, 4.0)), ('K.51 Musescore', 'P1', 1, (152, 160), (12, 4.5), (13, 2.0))]) 

16 .    (((5, -4, -5, 4, 5, -4, -5), (1.25, 0.25, 0.25, 0.25, 1.25, 0.25, 0.25), 0.0), [('K.51 Musescore', 'P1', 3, (131, 138), (18, 1.0), (18, 4.5)), ('K.51 Musescore', 'P1', 3, (139, 146), (19, 1.0), (19, 4.5))]) 

17 .    (((-3, 1, 2, -3, -3, 1, 2), (0.25, 0.25, 0.25, 0.25, 0.25, 0.25, 0.25), 0.5), [('K.51 Musescore', 'P1', 1, (161, 168), (13, 2.5), (13, 4.0)), ('K.51 Musescore', 'P1', 1, (169, 176), (13, 4.5), (14, 2.0)), ('K.51 Musescore', 'P1', 1, (177, 184), (14, 2.5), (14, 4.0))]) 

18 .    (((-2, -2, -2, 1, -2, 6, -2), (0.25, 0.25, 0.25, 0.25, 0.25, 0.25, 0.25), 0.0), [('K.51 Musescore', 'P1', 1, (478, 485), (38, 3.0), (38, 4.5)), ('K.51 Musescore', 'P1', 1, (486, 493), (39, 2.0), (39, 3.5))]) 

19 .    (((-2, 6, -4, -3, 2, 5, -3), (0.25, 0.25, 0.25, 0.25, 0.25, 0.25, 0.25), 0.75), [('K.51 Musescore', 'P1', 3, (252, 259), (31, 4.75), (32, 2.25)), ('K.51 Musescore', 'P1', 3, (260, 267), (32, 2.75), (32, 4.25))]) 

20 .    (((-3, -3, -5, 9, -4, -5, 4), (0.25, 0.25, 0.25, 1.25, 0.25, 0.25, 0.25), 0.25), [('K.51 Musescore', 'P1', 3, (343, 350), (42, 2.25), (43, 4.75)), ('K.51 Musescore', 'P1', 3, (351, 358), (43, 2.25), (44, 4.75))]) 

21 .    (((17, -2, -2, -5, 2, -8), (1.0, 0.5, 0.5, 0.5, 0.5, 0.5), 0.0), [('K.51 Musescore', 'P1', 3, (0, 6), (1, 1.0), (1, 4.0)), ('K.51 Musescore', 'P1', 3, (7, 13), (2, 1.0), (2, 4.0))]) 

22 .    (((10, -2, -2, -5, 2, -8), (1.0, 0.5, 0.5, 0.5, 0.5, 0.5), 0.0), [('K.51 Musescore', 'P1', 3, (164, 170), (23, 1.0), (23, 4.0)), ('K.51 Musescore', 'P1', 3, (171, 177), (24, 1.0), (24, 4.0))]) 

23 .    (((-2, -2, -2, -2, 2, 2), (0.5, 0.5, 0.5, 0.5, 0.5, 0.5), 0.0), [('K.51 Musescore', 'P1', 3, (178, 184), (25, 1.0), (25, 3.5)), ('K.51 Musescore', 'P1', 3, (186, 192), (26, 1.0), (26, 3.5))]) 

24 .    (((-2, -2, -2, -2, -2, -2), (0.5, 0.5, 0.5, 0.75, 0.5, 0.5), 0.25), [('K.51 Musescore', 'P1', 2, (2, 8), (20, 1.25), (20, 4.0)), ('K.51 Musescore', 'P1', 2, (21, 27), (46, 3.25), (46, 2.0))]) 

25 .    (((-3, 2, -3, 2, -3), (0.25, 0.25, 0.25, 0.25, 0.25), 0.5), [('K.51 Musescore', 'P1', 1, (220, 225), (17, 3.5), (17, 4.5)), ('K.51 Musescore', 'P1', 1, (416, 421), (33, 1.5), (33, 2.5))]) 

26 .    (((2, 1, 2, -4, 2), (0.25, 0.25, 0.25, 0.25, 0.25), 0.75), [('K.51 Musescore', 'P1', 1, (455, 460), (36, 3.75), (36, 4.75)), ('K.51 Musescore', 'P1', 1, (463, 468), (37, 1.75), (37, 2.75))]) 

27 .    (((1, 2, 1, -4, 2), (0.25, 0.25, 0.25, 0.25, 0.25), 0.75), [('K.51 Musescore', 'P1', 1, (190, 195), (15, 1.75), (15, 2.75)), ('K.51 Musescore', 'P1', 1, (369, 374), (28, 3.75), (28, 4.75))]) 

28 .    ((((3, -2), (3, -4), -3, -3), ((0.0, 1.0), (0.0, 0.25), 0.25, 0.25), 0.0), [('K.51 Musescore', 'P1', 1, (35, 39), (3, 2.0), (3, 3.5)), ('K.51 Musescore', 'P1', 1, (40, 44), (3, 4.0), (4, 1.5)), ('K.51 Musescore', 'P1', 1, (80, 84), (7, 4.0), (8, 1.5)), ('K.51 Musescore', 'P1', 1, (85, 89), (8, 2.0), (8, 3.5))]) 

29 .    (((3, 2, 2, -4), (0.5, 0.75, 0.25, 0.25), 0.0), [('K.51 Musescore', 'P1', 1, (379, 383), (29, 3.0), (29, 4.5)), ('K.51 Musescore', 'P1', 1, (384, 388), (30, 1.0), (30, 2.5))]) 

30 .    (((6, -7, 6, -5), (0.5, 0.5, 0.5, 0.5), 0.0), [('K.51 Musescore', 'P1', 3, (66, 70), (9, 1.0), (9, 2.5)), ('K.51 Musescore', 'P1', 3, (74, 78), (10, 1.0), (10, 2.5))]) 

31 .    (((1, 2, 2, -3), (0.5, 0.75, 0.25, 0.25), 0.0), [('K.51 Musescore', 'P1', 1, (389, 393), (30, 3.0), (30, 4.5)), ('K.51 Musescore', 'P1', 1, (394, 398), (31, 1.0), (31, 2.5))]) 

32 .    (((2, -4, 2, 1), (0.25, 0.25, 0.25, 0.5), 0.25), [('K.51 Musescore', 'P1', 1, (401, 405), (31, 4.25), (32, 1.0)), ('K.51 Musescore', 'P1', 1, (406, 410), (32, 2.25), (32, 3.0))]) 

33 .    (((2, 1, 1, 2), (0.5, 0.5, 1.0, 0.5), 0.5), [('K.51 Musescore', 'P1', 3, (201, 205), (28, 2.5), (28, 4.5)), ('K.51 Musescore', 'P1', 3, (274, 278), (33, 4.5), (34, 2.5))]) 

34 .    (((6, -7, 6), (0.25, 0.25, 0.25), 0.0), [('K.51 Musescore', 'P1', 1, (534, 537), (42, 3.0), (42, 3.5)), ('K.51 Musescore', 'P1', 1, (538, 541), (42, 4.0), (42, 4.5))]) 

35 .    (((-2, -2, -2), (0.5, 0.5, 0.5), 0.5), [('K.51 Musescore', 'P1', 3, (270, 273), (33, 1.5), (33, 2.5)), ('K.51 Musescore', 'P1', 2, (17, 20), (45, 1.5), (45, 2.5))]) 

36 .    (((-4, -3, -3), (0.25, 0.25, 0.25), 0.0), [('K.51 Musescore', 'P1', 1, (31, 34), (3, 1.0), (3, 1.5)), ('K.51 Musescore', 'P1', 1, (76, 79), (7, 3.0), (7, 3.5)), ('K.51 Musescore', 'P1', 1, (542, 545), (42, 1.0), (42, 1.5))]) 

37 .    (((-3, -3, -5), (0.25, 0.25, 0.25), 0.25), [('K.51 Musescore', 'P1', 3, (15, 18), (3, 2.25), (3, 2.75)), ('K.51 Musescore', 'P1', 3, (19, 22), (3, 4.25), (3, 4.75)), ('K.51 Musescore', 'P1', 3, (55, 58), (7, 4.25), (7, 4.75)), ('K.51 Musescore', 'P1', 3, (59, 62), (8, 2.25), (8, 2.75)), ('K.51 Musescore', 'P1', 3, (359, 362), (44, 2.25), (44, 2.75))]) 

38 .    (((-4, -3, -2), (0.25, 0.25, 0.25), 0.25), [('K.51 Musescore', 'P1', 3, (43, 46), (6, 4.25), (6, 4.75)), ('K.51 Musescore', 'P1', 3, (51, 54), (7, 2.25), (7, 2.75))]) 

39 .    (((-2, -2, 1), (0.25, 0.25, 0.25), 0.25), [('K.51 Musescore', 'P1', 1, (275, 278), (21, 4.25), (21, 4.75)), ('K.51 Musescore', 'P1', 1, (511, 514), (40, 4.25), (40, 4.75))]) 

40 .    (((-3, -3), (0.25, 0.25), 0.25), [('K.51 Musescore', 'P1', 1, (70, 72), (6, 3.25), (6, 3.5)), ('K.51 Musescore', 'P1', 1, (439, 441), (34, 3.25), (34, 3.5)), ('K.51 Musescore', 'P1', 1, (446, 448), (35, 3.25), (35, 3.5)), ('K.51 Musescore', 'P1', 3, (23, 25), (4, 2.25), (4, 2.5)), ('K.51 Musescore', 'P1', 3, (63, 65), (8, 4.25), (8, 4.5))]) 

41 .    (((-2, -2), (0.5, 0.5), 0.0), [('K.51 Musescore', 'P1', 3, (26, 28), (4, 3.0), (4, 3.5)), ('K.51 Musescore', 'P1', 3, (308, 310), (37, 3.0), (37, 3.5)), ('K.51 Musescore', 'P1', 3, (329, 331), (40, 1.0), (40, 1.5))]) 

42 .    (((-2, -2), (0.5, 0.5), 0.5), [('K.51 Musescore', 'P1', 3, (79, 81), (10, 3.5), (10, 4.0)), ('K.51 Musescore', 'P1', 3, (335, 337), (41, 4.5), (41, 1.0))]) 

43 .    (((-4, 2), (0.25, 0.25), 0.5), [('K.51 Musescore', 'P1', 1, (364, 366), (28, 2.5), (28, 2.75)), ('K.51 Musescore', 'P1', 1, (412, 414), (32, 4.5), (32, 4.75))]) 

44 .    (((-2, -2), (0.25, 0.25), 0.25), [('K.51 Musescore', 'P1', 1, (196, 198), (15, 3.25), (15, 3.5)), ('K.51 Musescore', 'P1', 1, (523, 525), (41, 3.25), (41, 3.5))]) 

45 .    (((2, -8), (0.5, 0.5), 0.5), [('K.51 Musescore', 'P1', 3, (128, 130), (17, 3.5), (17, 4.0)), ('K.51 Musescore', 'P1', 3, (160, 162), (21, 3.5), (21, 4.0)), ('K.51 Musescore', 'P1', 3, (339, 341), (42, 3.5), (42, 4.0))]) 

46 .    (((2, -3), (0.5, 0.5), 0.5), [('K.51 Musescore', 'P1', 3, (102, 104), (14, 2.5), (14, 3.0)), ('K.51 Musescore', 'P1', 3, (110, 112), (15, 2.5), (15, 3.0))]) 

47 .    (((2, 2), (0.25, 0.25), 0.25), [('K.51 Musescore', 'P1', 1, (104, 106), (9, 4.25), (9, 4.5)), ('K.51 Musescore', 'P1', 1, (519, 521), (41, 2.25), (41, 2.5))]) 

48 .    (((-2, 2), (0.25, 0.25), 0.5), [('K.51 Musescore', 'P1', 1, (508, 510), (40, 3.5), (40, 3.75)), ('K.51 Musescore', 'P1', 1, (516, 518), (40, 1.5), (40, 1.75))]) 

49 .    (((2, 1), (0.5, 0.5), 0.5), [('K.51 Musescore', 'P1', 3, (195, 197), (27, 2.5), (27, 3.0)), ('K.51 Musescore', 'P1', 3, (304, 306), (36, 4.5), (37, 1.0))]) 

50 .    (((1, 1), (0.25, 0.25), 0.5), [('K.51 Musescore', 'P1', 1, (496, 498), (39, 4.5), (39, 4.75)), ('K.51 Musescore', 'P1', 1, (500, 502), (39, 1.5), (39, 1.75))]) 

51 .    (((1, -2), (0.5, 0.5), 0.5), [('K.51 Musescore', 'P1', 3, (311, 313), (37, 4.5), (38, 1.0)), ('K.51 Musescore', 'P1', 3, (314, 316), (38, 2.5), (38, 3.0))]) 

52 .    (((2,), (0.25,), 0.75), [('K.51 Musescore', 'P1', 1, (102, 103), (9, 3.75), (9, 3.75)), ('K.51 Musescore', 'P1', 1, (361, 362), (28, 1.75), (28, 1.75))]) 

53 .    (((-3,), (0.25,), 0.25), [('K.51 Musescore', 'P1', 1, (527, 528), (41, 4.25), (41, 4.25)), ('K.51 Musescore', 'P1', 3, (47, 48), (7, 1.25), (7, 1.25))]) 

54 .    (((2,), (0.25,), 0.25), [('K.51 Musescore', 'P1', 1, (100, 101), (9, 3.25), (9, 3.25)), ('K.51 Musescore', 'P1', 1, (116, 117), (10, 3.25), (10, 3.25)), ('K.51 Musescore', 'P1', 1, (359, 360), (28, 1.25), (28, 1.25)), ('K.51 Musescore', 'P1', 1, (367, 368), (28, 3.25), (28, 3.25)), ('K.51 Musescore', 'P1', 1, (376, 377), (29, 2.25), (29, 2.25)), ('K.51 Musescore', 'P1', 1, (453, 454), (36, 3.25), (36, 3.25)), ('K.51 Musescore', 'P1', 1, (469, 470), (37, 3.25), (37, 3.25)), ('K.51 Musescore', 'P1', 1, (471, 472), (37, 4.25), (37, 4.25)), ('K.51 Musescore', 'P1', 1, (596, 597), (46, 2.25), (46, 2.25))]) 

55 .    (((-2,), (0.25,), 0.75), [('K.51 Musescore', 'P1', 1, (118, 119), (10, 3.75), (10, 3.75)), ('K.51 Musescore', 'P1', 1, (505, 506), (40, 2.75), (40, 2.75)), ('K.51 Musescore', 'P1', 3, (49, 50), (7, 1.75), (7, 1.75)), ('K.51 Musescore', 'P1', 3, (268, 269), (32, 4.75), (32, 4.75)), ('K.51 Musescore', 'P1', 2, (12, 13), (37, 3.75), (37, 3.75))]) 

56 .    (((1,), (0.25,), 0.75), [('K.51 Musescore', 'P1', 1, (186, 187), (14, 4.75), (14, 4.75)), ('K.51 Musescore', 'P1', 1, (473, 474), (37, 4.75), (37, 4.75)), ('K.51 Musescore', 'P1', 3, (248, 249), (31, 3.75), (31, 3.75))]) 

57 .    (((2,), (0.5,), 0.5), [('K.51 Musescore', 'P1', 3, (108, 109), (15, 1.5), (15, 1.5)), ('K.51 Musescore', 'P1', 3, (333, 334), (41, 3.5), (41, 3.5))]) 

58 .    (((-2,), (0.25,), 0.25), [('K.51 Musescore', 'P1', 1, (47, 48), (4, 3.25), (4, 3.25)), ('K.51 Musescore', 'P1', 3, (206, 207), (29, 1.25), (29, 1.25)), ('K.51 Musescore', 'P1', 3, (250, 251), (31, 4.25), (31, 4.25))]) 

59 .    ((((3, -2),), ((0.0, 1.0),), 0.0), [('K.51 Musescore', 'P1', 1, (45, 46), (4, 2.0), (4, 2.0)), ('K.51 Musescore', 'P1', 1, (442, 443), (34, 4.0), (34, 4.0))]) 

60 .    (((-8,), (0.5,), 0.0), [('K.51 Musescore', 'P1', 3, (82, 83), (11, 1.0), (11, 1.0)), ('K.51 Musescore', 'P1', 3, (376, 377), (46, 2.0), (46, 2.0))]) 

61 .    (((1,), (0.25,), 0.25), [('K.51 Musescore', 'P1', 1, (188, 189), (15, 1.25), (15, 1.25)), ('K.51 Musescore', 'P1', 1, (461, 462), (37, 1.25), (37, 1.25))]) 

62 .    ((((3, 2),), ((0.0, 1.0),), 0.0), [('K.51 Musescore', 'P1', 1, (74, 75), (7, 1.0), (7, 1.0)), ('K.51 Musescore', 'P1', 1, (566, 567), (44, 2.0), (44, 2.0))]) 

