1 .    ('nomes', 'K.320 KernScores') 

2 .    ('quantidade', 1) 

3 .    ('analise', 'recorręncias IntDiaDurPtempo sem contidos e intercalados') 

1 .    (((-2, -2, -2, -2, 3, 2, -5, 6, -3, -2, -2, -2, 6, -2, -2, -2, -2, 3, 2, -5, 6, -3, -2, -2, -2), (0.75, 0.25, 0.25, 0.25, 0.25, 0.25, 0.25, 0.25, 0.25, 0.25, 0.25, 0.25, 0.5, 0.75, 0.25, 0.25, 0.25, 0.25, 0.25, 0.25, 0.25, 0.25, 0.25, 0.25, 0.25), 0.5), [('K.320 KernScores', 'P1', 1, (168, 193), (33, 1.5), (36, 2.75)), ('K.320 KernScores', 'P1', 1, (323, 348), (63, 1.5), (66, 2.75))]) 

2 .    (((8, -8, 7, -7, 7, -7, 6, -6, 5, -5, 1, (7, 1), (8, 8), -8, 7, -7, 7, -7, 6, -6, 5, -5, 1, (7, 1)), (0.75, 0.25, 0.25, 0.25, 0.25, 0.25, 0.25, 0.25, 0.25, 0.25, 0.5, (0.0, 0.5), (0.0, 0.75), 0.25, 0.25, 0.25, 0.25, 0.25, 0.25, 0.25, 0.25, 0.25, 0.5, (0.0, 0.5)), 0.0), [('K.320 KernScores', 'P2', 1, (118, 142), (29, 1.0), (32, 2.5)), ('K.320 KernScores', 'P2', 1, (266, 290), (59, 1.0), (62, 2.5))]) 

3 .    ((((6, 2), (6, 2), (6, 2), (6, 2), (6, 2), (6, 5), -2, -2, -8, (6, 2), (6, 2), (6, 2), (6, 2), (6, 2), (6, 5), -2, -2), ((0.0, 0.25), (0.0, 0.5), (0.0, 0.5), (0.0, 0.5), (0.0, 0.5), (0.0, 0.5), 0.25, 0.25, 0.75, (0.0, 0.25), (0.0, 0.5), (0.0, 0.5), (0.0, 0.5), (0.0, 0.5), (0.0, 0.5), 0.25, 0.25), 0.75), [('K.320 KernScores', 'P1', 1, (150, 167), (29, 1.75), (32, 2.75)), ('K.320 KernScores', 'P1', 1, (305, 322), (59, 1.75), (62, 2.75))]) 

4 .    (((-4, -3, -3, -4, 4, 3, 3, -2, -3, -3, -3, 1, 3, 3, 3, -2), (0.25, 0.25, 0.25, 0.25, 0.25, 0.25, 0.25, 0.25, 0.25, 0.25, 0.25, 0.25, 0.25, 0.25, 0.25, 0.25), 0.0), [('K.320 KernScores', 'P1', 1, (4, 20), (2, 1.0), (3, 2.75)), ('K.320 KernScores', 'P2', 1, (5, 21), (5, 1.0), (6, 2.75))]) 

5 .    (((3, -6, 3, -2, 3, -6, 3, -2, 3, -5, 3, -5, 3, -5, 3, -5), (0.25, 0.25, 0.25, 0.25, 0.25, 0.25, 0.25, 0.25, 0.25, 0.25, 0.25, 0.25, 0.25, 0.25, 0.25, 0.25), 0.0), [('K.320 KernScores', 'P1', 1, (85, 101), (18, 1.0), (19, 2.75)), ('K.320 KernScores', 'P1', 1, (133, 149), (27, 1.0), (28, 2.75))]) 

6 .    (((3, -2, -2, -2, -2, -2, -2, -2, -2, -2, -2, -2, -2, -2, 2), (0.25, 0.25, 0.25, 0.25, 0.25, 0.25, 0.25, 0.25, 0.25, 0.25, 0.25, 0.25, 0.25, 0.25, 0.25), 0.25), [('K.320 KernScores', 'P2', 1, (204, 219), (47, 1.25), (48, 2.75)), ('K.320 KernScores', 'P2', 1, (220, 235), (50, 1.25), (51, 2.75)), ('K.320 KernScores', 'P2', 1, (236, 251), (53, 1.25), (54, 2.75))]) 

7 .    (((-3, -2, -3, -3, -3, 5, -2, 6, -4, -3, -3, -4, -3, 3, 2), (0.25, 0.25, 0.25, 0.25, 0.25, 0.25, 0.25, 0.25, 0.25, 0.25, 0.25, 0.25, 0.25, 0.25, 0.25), 0.25), [('K.320 KernScores', 'P1', 1, (349, 364), (67, 1.25), (68, 2.75)), ('K.320 KernScores', 'P1', 1, (365, 380), (70, 1.25), (71, 2.75))]) 

8 .    (((8, -4, 4, -6, 3, -5, 8, -5, 3, -5, 3, -5, 3, -5, 3), (0.25, 0.25, 0.25, 0.25, 0.25, 0.25, 0.25, 0.25, 0.25, 0.25, 0.25, 0.25, 0.25, 0.25, 0.25), 0.0), [('K.320 KernScores', 'P2', 1, (50, 65), (14, 1.0), (15, 2.5)), ('K.320 KernScores', 'P2', 1, (66, 81), (16, 1.0), (17, 2.5))]) 

9 .    (((-5, 5, -5, 6, -5, 6, -5, 6, -8, 5, -5, 6, -5, 6), (0.25, 0.25, 0.25, 0.25, 0.25, 0.25, 0.25, 0.25, 0.25, 0.25, 0.25, 0.25, 0.25, 0.25), 0.25), [('K.320 KernScores', 'P1', 1, (28, 42), (7, 1.25), (8, 2.5)), ('K.320 KernScores', 'P2', 1, (29, 43), (9, 1.25), (10, 2.5))]) 

10 .    (((-3, -3, -4, -3, -3, 5, 2, 8, -3, -3, -3, -3, 5, 3), (0.25, 0.25, 0.25, 0.25, 0.25, 0.25, 0.25, 2.25, 0.25, 0.25, 0.25, 0.25, 0.25, 0.25), 0.25), [('K.320 KernScores', 'P1', 1, (102, 116), (21, 1.25), (23, 2.5)), ('K.320 KernScores', 'P1', 1, (118, 132), (24, 1.25), (26, 2.5))]) 

11 .    (((1, 1, -2, 3, -5, 2, 2, 6, -8, 2, 2), (2.0, 1.0, 1.0, 0.25, 0.25, 0.25, 0.25, 0.25, 0.25, 0.25, 0.25), 0.0), [('K.320 KernScores', 'P1', 1, (247, 258), (47, 1.0), (49, 2.75)), ('K.320 KernScores', 'P1', 1, (269, 280), (53, 1.0), (55, 2.75))]) 

12 .    (((-5, 3, 3, 4, 3, 3, 4, 3, -7, -3, -5), (1.0, 0.25, 0.25, 0.25, 0.25, 0.25, 0.25, 0.25, 0.25, 1.0, 1.0), 0.0), [('K.320 KernScores', 'P2', 1, (92, 103), (21, 2.0), (23, 2.0)), ('K.320 KernScores', 'P2', 1, (320, 331), (71, 2.0), (73, 2.0))]) 

13 .    (((3, 3, 4, 3, 3, 4, 3, -7, -3), (0.25, 0.25, 0.25, 0.25, 0.25, 0.25, 0.25, 0.25, 1.0), 0.0), [('K.320 KernScores', 'P2', 1, (104, 113), (25, 1.0), (26, 1.0)), ('K.320 KernScores', 'P2', 1, (309, 318), (69, 1.0), (70, 1.0))]) 

14 .    (((-6, 6, -5, 7, -2, -2, -2, -3), (0.25, 0.25, 0.25, 0.25, 0.25, 0.25, 0.25, 0.25), 0.25), [('K.320 KernScores', 'P2', 1, (165, 173), (38, 1.25), (39, 1.0)), ('K.320 KernScores', 'P2', 1, (344, 352), (77, 1.25), (78, 1.0))]) 

15 .    (((-2, -2, 2, 2, -2, -2, 2), (0.5, 0.5, 0.5, 0.5, 0.5, 0.5, 0.5), 0.0), [('K.320 KernScores', 'P2', 1, (363, 370), (79, 2.0), (81, 1.0)), ('K.320 KernScores', 'P2', 1, (371, 378), (81, 2.0), (83, 1.0))]) 

16 .    (((3, -2, -3, -3, -4, -3, 3), (0.25, 0.25, 0.25, 0.25, 0.25, 0.25, 0.25), 0.5), [('K.320 KernScores', 'P1', 1, (55, 62), (11, 2.5), (12, 2.0)), ('K.320 KernScores', 'P1', 1, (63, 70), (12, 2.5), (13, 2.0))]) 

17 .    (((-2, 3, -4, 3, -2, -2, 2), (0.25, 0.25, 0.25, 1.25, 0.25, 0.25, 0.25), 0.25), [('K.320 KernScores', 'P1', 1, (202, 209), (39, 1.25), (40, 1.75)), ('K.320 KernScores', 'P1', 1, (416, 423), (78, 1.25), (79, 1.75))]) 

18 .    (((-3, -4, -3, -2, -2, 1, -2), (0.25, 0.25, 0.25, 0.25, 0.25, 0.25, 0.25), 0.0), [('K.320 KernScores', 'P1', 1, (223, 230), (43, 1.0), (43, 2.5)), ('K.320 KernScores', 'P1', 1, (231, 238), (44, 1.0), (44, 2.5))]) 

19 .    ((((8, 2), (6, 2), (6, 2), (6, 2), (6, 2), (6, -7), (8, 2)), ((0.0, 0.25), (0.0, 0.5), (0.0, 0.5), (0.0, 0.5), (0.0, 0.5), (0.0, 0.5), (0.0, 0.5)), 0.75), [('K.320 KernScores', 'P2', 1, (143, 150), (33, 1.75), (34, 2.5)), ('K.320 KernScores', 'P2', 1, (151, 158), (35, 1.75), (36, 2.5))]) 

20 .    (((7, -2, -2, -2, -3, 4, -5), (0.25, 0.25, 0.25, 0.25, 0.25, 0.25, 0.25), 0.0), [('K.320 KernScores', 'P2', 1, (176, 183), (39, 2.0), (40, 1.5)), ('K.320 KernScores', 'P2', 1, (355, 362), (78, 2.0), (79, 1.5))]) 

21 .    ((((8, 2), (6, 2), (6, 2), (6, 2), (6, 2), (6, 2), 2), ((0.0, 0.25), (0.0, 0.5), (0.0, 0.5), (0.0, 0.5), (0.0, 0.5), (0.0, 0.5), 0.5), 0.75), [('K.320 KernScores', 'P2', 1, (291, 298), (63, 1.75), (64, 2.5)), ('K.320 KernScores', 'P2', 1, (299, 306), (65, 1.75), (66, 2.5))]) 

22 .    (((3, -2, 3, -2, 3, -2), (0.25, 0.25, 0.25, 0.25, 0.25, 0.25), 0.5), [('K.320 KernScores', 'P1', 1, (390, 396), (74, 1.5), (74, 2.75)), ('K.320 KernScores', 'P1', 1, (398, 404), (75, 1.5), (75, 2.75))]) 

23 .    (((-5, -2, 5, -2, -5), (0.25, 0.25, 0.25, 0.25, 0.25), 0.0), [('K.320 KernScores', 'P1', 1, (288, 293), (57, 1.0), (57, 2.0)), ('K.320 KernScores', 'P1', 1, (296, 301), (58, 1.0), (58, 2.0))]) 

24 .    (((3, -7, 6, -2, -2), (1.5, 0.5, 0.5, 1.0, 0.25), 0.0), [('K.320 KernScores', 'P1', 1, (73, 78), (14, 1.0), (15, 2.5)), ('K.320 KernScores', 'P1', 1, (79, 84), (16, 1.0), (17, 2.5))]) 

25 .    (((2, 8, -3, -3, -3), (0.25, 0.25, 0.25, 0.25, 0.5), 0.75), [('K.320 KernScores', 'P1', 1, (431, 436), (80, 2.75), (81, 1.75)), ('K.320 KernScores', 'P1', 1, (437, 442), (81, 2.75), (82, 1.75))]) 

26 .    (((2, 6, -3, -3), (0.25, 0.25, 0.5, 0.5), 0.75), [('K.320 KernScores', 'P1', 1, (212, 216), (40, 2.75), (41, 1.75)), ('K.320 KernScores', 'P1', 1, (217, 221), (41, 2.75), (42, 1.75))]) 

27 .    (((2, -2, -2), (0.5, 0.5, 0.5), 0.5), [('K.320 KernScores', 'P2', 1, (187, 190), (41, 1.5), (41, 2.5)), ('K.320 KernScores', 'P2', 1, (340, 343), (76, 1.5), (76, 2.5))]) 

28 .    (((-4, 2, -6), (0.25, 0.25, 0.25), 0.0), [('K.320 KernScores', 'P1', 1, (426, 429), (80, 1.0), (80, 1.5)), ('K.320 KernScores', 'P1', 1, (444, 447), (83, 1.0), (83, 1.5))]) 

29 .    (((3, 2, -8), (1.5, 0.5, 1.0), 0.0), [('K.320 KernScores', 'P2', 1, (82, 85), (18, 1.0), (19, 1.0)), ('K.320 KernScores', 'P2', 1, (114, 117), (27, 1.0), (28, 1.0))]) 

30 .    (((-2, -2), (0.25, 0.25), 0.5), [('K.320 KernScores', 'P1', 1, (197, 199), (37, 2.5), (37, 2.75)), ('K.320 KernScores', 'P2', 1, (253, 255), (56, 1.5), (56, 1.75)), ('K.320 KernScores', 'P2', 1, (256, 258), (56, 2.5), (56, 2.75))]) 

31 .    (((-2, -2), (0.25, 0.25), 0.25), [('K.320 KernScores', 'P1', 1, (448, 450), (83, 2.25), (83, 2.5)), ('K.320 KernScores', 'P2', 1, (88, 90), (20, 2.25), (20, 2.5))]) 

32 .    (((3, -2), (0.25, 0.25), 0.5), [('K.320 KernScores', 'P1', 1, (302, 304), (58, 2.5), (58, 2.75)), ('K.320 KernScores', 'P1', 1, (410, 412), (76, 2.5), (76, 2.75))]) 

33 .    (((3, -5), (0.25, 0.25), 0.0), [('K.320 KernScores', 'P1', 1, (261, 263), (52, 1.0), (52, 1.25)), ('K.320 KernScores', 'P2', 1, (160, 162), (37, 2.0), (37, 2.25))]) 

34 .    (((-3, -3), (0.25, 0.25), 0.0), [('K.320 KernScores', 'P1', 1, (239, 241), (45, 1.0), (45, 1.25)), ('K.320 KernScores', 'P1', 1, (384, 386), (73, 2.0), (73, 2.25))]) 

35 .    (((-4, 4), (0.75, 0.25), 0.0), [('K.320 KernScores', 'P1', 1, (0, 2), (1, 1.0), (1, 1.75)), ('K.320 KernScores', 'P2', 1, (1, 3), (4, 1.0), (4, 1.75))]) 

36 .    (((2, -3), (0.5, 0.5), 0.5), [('K.320 KernScores', 'P2', 1, (22, 24), (7, 1.5), (7, 2.0)), ('K.320 KernScores', 'P2', 1, (26, 28), (8, 1.5), (8, 2.0))]) 

37 .    ((((8, 2), (8, 2)), ((0.0, 0.5), (0.0, 0.5)), 0.5), [('K.320 KernScores', 'P2', 1, (194, 196), (43, 1.5), (43, 2.0)), ('K.320 KernScores', 'P2', 1, (197, 199), (44, 1.5), (44, 2.0)), ('K.320 KernScores', 'P2', 1, (200, 202), (45, 1.5), (45, 2.0))]) 

38 .    ((((6, -2), (6, -2)), ((0.0, 0.5), (0.0, 0.5)), 0.5), [('K.320 KernScores', 'P2', 1, (259, 261), (57, 1.5), (57, 2.0)), ('K.320 KernScores', 'P2', 1, (263, 265), (58, 1.5), (58, 2.0))]) 

39 .    (((2, 2), (0.5, 0.5), 0.5), [('K.320 KernScores', 'P2', 1, (332, 334), (74, 1.5), (74, 2.0)), ('K.320 KernScores', 'P2', 1, (336, 338), (75, 1.5), (75, 2.0))]) 

40 .    (((-2, -2), (1.0, 0.5), 0.5), [('K.320 KernScores', 'P1', 1, (44, 46), (9, 1.5), (9, 2.5)), ('K.320 KernScores', 'P1', 1, (47, 49), (10, 1.5), (10, 2.5))]) 

41 .    (((2, 2), (0.25, 0.25), 0.25), [('K.320 KernScores', 'P1', 1, (281, 283), (56, 1.25), (56, 1.5)), ('K.320 KernScores', 'P1', 1, (285, 287), (56, 2.25), (56, 2.5))]) 

42 .    (((-2,), (0.25,), 0.75), [('K.320 KernScores', 'P1', 1, (387, 388), (73, 2.75), (73, 2.75)), ('K.320 KernScores', 'P1', 1, (407, 408), (76, 1.75), (76, 1.75))]) 

43 .    (((-2,), (0.25,), 0.5), [('K.320 KernScores', 'P1', 1, (382, 383), (73, 1.5), (73, 1.5)), ('K.320 KernScores', 'P1', 2, (2, 3), (45, 2.5), (45, 2.5))]) 

44 .    (((3,), (0.25,), 0.5), [('K.320 KernScores', 'P1', 1, (51, 52), (11, 1.5), (11, 1.5)), ('K.320 KernScores', 'P1', 1, (71, 72), (13, 2.5), (13, 2.5))]) 

45 .    (((2,), (0.25,), 0.75), [('K.320 KernScores', 'P1', 1, (245, 246), (45, 2.75), (45, 2.75)), ('K.320 KernScores', 'P1', 1, (264, 265), (52, 1.75), (52, 1.75))]) 

46 .    (((2,), (0.5,), 0.5), [('K.320 KernScores', 'P2', 1, (47, 48), (12, 2.5), (12, 2.5)), ('K.320 KernScores', 'P2', 1, (185, 186), (40, 2.5), (40, 2.5))]) 

47 .    (((3,), (1.5,), 0.0), [('K.320 KernScores', 'P1', 1, (24, 25), (5, 1.0), (5, 1.0)), ('K.320 KernScores', 'P1', 1, (26, 27), (6, 1.0), (6, 1.0))]) 

48 .    (((1,), (1.0,), 0.0), [('K.320 KernScores', 'P1', 1, (259, 260), (51, 1.0), (51, 1.0)), ('K.320 KernScores', 'P1', 1, (414, 415), (77, 2.0), (77, 2.0))]) 

