1 .    ('nomes', 'K30 por vozes') 

2 .    ('quantidade', 1) 

3 .    ('analise', 'recorrÍncias IntDiaDurPcompasso sem contidos e intercalados') 

1 .    (((-2, -2, 1, -2, -2, 2, 2, -2, -2, 2, 2, 2, 2, 2, -2, 2, 2, -2, -2, 2, 2, 2, -2, -2), (1.0, 1.0, 2.0, 1.0, 1.0, 1.0, 1.0, 2.0, 1.0, 1.0, 1.0, 1.0, 2.0, 1.0, 1.0, 1.0, 1.0, 2.0, 1.0, 1.0, 1.0, 1.0, 2.0, 1.0), (1.0, 2.0, 3.0, 5.0, 6.0, 1.0, 2.0, 3.0, 5.0, 6.0, 1.0, 2.0, 3.0, 5.0, 6.0, 1.0, 2.0, 3.0, 5.0, 6.0, 1.0, 2.0, 3.0, 5.0)), [('K30 por vozes', 'P1', 13, (38, 62), (123, 1.0), (127, 5.0)), ('K30 por vozes', 'P1', 15, (1, 25), (123, 1.0), (127, 5.0))]) 

2 .    (((-3, -3, 4, 3, -2, 5, -2, 3, -2, -2, -2, 2, 4, -2, -5, 2, 2, 2, 2, -2), (1.0, 1.0, 1.0, 1.0, 2.0, 1.0, 2.0, 1.0, 2.0, 1.0, 1.0, 2.0, 1.0, 3.0, 1.0, 1.0, 1.0, 1.0, 1.0, 1.0), (5.0, 6.0, 1.0, 2.0, 3.0, 5.0, 6.0, 2.0, 3.0, 5.0, 6.0, 1.0, 3.0, 4.0, 1.0, 2.0, 3.0, 4.0, 5.0, 6.0)), [('K30 por vozes', 'P1', 2, (9, 29), (6, 5.0), (10, 6.0)), ('K30 por vozes', 'P1', 9, (6, 26), (45, 5.0), (49, 6.0))]) 

3 .    (((3, 4, 2, 4, 2, 2, -2, -2, -2, -2, -2, 2, 3, -2, -2, -2, -2), (3.0, 3.0, 3.0, 3.0, 3.0, 3.0, 1.0, 1.0, 1.0, 1.0, 1.0, 1.0, 1.0, 1.0, 1.0, 1.0, 1.0), (1.0, 4.0, 1.0, 4.0, 1.0, 4.0, 1.0, 2.0, 3.0, 4.0, 5.0, 6.0, 1.0, 2.0, 3.0, 4.0, 5.0)), [('K30 por vozes', 'P1', 27, (1, 18), (6, 1.0), (10, 5.0)), ('K30 por vozes', 'P1', 27, (25, 42), (12, 1.0), (16, 5.0)), ('K30 por vozes', 'P1', 27, (116, 133), (34, 1.0), (38, 5.0))]) 

4 .    (((3, 4, 2, 4, 2, 2, -2, -2, -2, -2, -2, 2, 8, -2, -2, -2, -2), (3.0, 3.0, 3.0, 3.0, 3.0, 3.0, 1.0, 1.0, 1.0, 1.0, 1.0, 1.0, 1.0, 1.0, 1.0, 1.0, 1.0), (1.0, 4.0, 1.0, 4.0, 1.0, 4.0, 1.0, 2.0, 3.0, 4.0, 5.0, 6.0, 1.0, 2.0, 3.0, 4.0, 5.0)), [('K30 por vozes', 'P1', 1, (0, 17), (1, 1.0), (5, 5.0)), ('K30 por vozes', 'P1', 27, (43, 60), (17, 1.0), (21, 5.0))]) 

5 .    (((8, -2, -2, -7, 8, -2, -2, -7, 8, -2, -2, -7, 8, -2, -2), (1.0, 1.0, 1.0, 3.0, 1.0, 1.0, 1.0, 3.0, 1.0, 1.0, 1.0, 3.0, 1.0, 1.0, 1.0), (1.0, 2.0, 3.0, 4.0, 1.0, 2.0, 3.0, 4.0, 1.0, 2.0, 3.0, 4.0, 1.0, 2.0, 3.0)), [('K30 por vozes', 'P1', 34, (104, 119), (66, 1.0), (69, 3.0)), ('K30 por vozes', 'P1', 44, (41, 56), (128, 1.0), (131, 3.0))]) 

6 .    (((-2, -3, 2, -2, -2, -2, 3, -2, -2, -3, 2, -2, -2, -3, 2), (1.0, 2.0, 1.0, 2.0, 1.0, 2.0, 1.0, 2.0, 1.0, 2.0, 1.0, 2.0, 1.0, 2.0, 1.0), (5.0, 6.0, 2.0, 3.0, 5.0, 6.0, 2.0, 3.0, 5.0, 6.0, 2.0, 3.0, 5.0, 6.0, 2.0)), [('K30 por vozes', 'P1', 17, (1, 16), (99, 5.0), (103, 2.0)), ('K30 por vozes', 'P1', 18, (30, 45), (99, 5.0), (103, 2.0))]) 

7 .    (((2, 2, 3, -2, -2, -2, -2, 2, 2, 2, 3, -2, -2, -2, -2), (5.0, 1.0, 1.0, 1.0, 1.0, 1.0, 1.0, 1.0, 5.0, 1.0, 1.0, 1.0, 1.0, 1.0, 1.0), (1.0, 6.0, 1.0, 2.0, 3.0, 4.0, 5.0, 6.0, 1.0, 6.0, 1.0, 2.0, 3.0, 4.0, 5.0)), [('K30 por vozes', 'P1', 18, (81, 96), (113, 1.0), (116, 5.0)), ('K30 por vozes', 'P1', 25, (4, 19), (38, 1.0), (41, 5.0))]) 

8 .    (((2, 2, -7, 4, 2, 2, -7, 4, 2, 2, -7, 4, 2, 2), (1.0, 1.0, 3.0, 1.0, 1.0, 1.0, 3.0, 1.0, 1.0, 1.0, 3.0, 1.0, 1.0, 1.0), (2.0, 3.0, 4.0, 1.0, 2.0, 3.0, 4.0, 1.0, 2.0, 3.0, 4.0, 1.0, 2.0, 3.0)), [('K30 por vozes', 'P1', 10, (4, 18), (66, 2.0), (69, 3.0)), ('K30 por vozes', 'P1', 13, (63, 77), (128, 2.0), (131, 3.0))]) 

9 .    (((-2, -2, -4, -3, -3, 4, 3, -2, 5, -2, 3, -2, -2, -2), (1.0, 1.0, 2.0, 1.0, 1.0, 1.0, 1.0, 2.0, 1.0, 2.0, 1.0, 2.0, 1.0, 1.0), (1.0, 2.0, 3.0, 5.0, 6.0, 1.0, 2.0, 3.0, 5.0, 6.0, 2.0, 3.0, 5.0, 6.0)), [('K30 por vozes', 'P1', 3, (3, 17), (12, 1.0), (14, 6.0)), ('K30 por vozes', 'P1', 20, (57, 71), (74, 1.0), (76, 6.0))]) 

10 .    (((2, -2, -2, 2, -2, -2, 2, -2, -2, 2, -2, -2, 2, 2), (4.0, 1.0, 1.0, 4.0, 1.0, 1.0, 4.0, 1.0, 1.0, 4.0, 1.0, 1.0, 1.0, 1.0), (1.0, 5.0, 6.0, 1.0, 5.0, 6.0, 1.0, 5.0, 6.0, 1.0, 5.0, 6.0, 1.0, 2.0)), [('K30 por vozes', 'P1', 15, (26, 40), (128, 1.0), (132, 2.0)), ('K30 por vozes', 'P1', 20, (34, 48), (68, 1.0), (72, 2.0))]) 

11 .    (((2, 4, -7, 4, -7, 4, 2, 2, 2, 2, -2, -2, -2, -2), (3.0, 3.0, 3.0, 3.0, 3.0, 3.0, 3.0, 3.0, 1.0, 1.0, 2.0, 1.0, 2.0, 1.0), (1.0, 4.0, 1.0, 4.0, 1.0, 4.0, 1.0, 4.0, 1.0, 2.0, 3.0, 5.0, 6.0, 2.0)), [('K30 por vozes', 'P1', 20, (109, 123), (85, 1.0), (90, 2.0)), ('K30 por vozes', 'P1', 22, (1, 15), (85, 1.0), (90, 2.0))]) 

12 .    (((-2, 2, 2, 2, -2, -2, -2, -2, -2, -2, -2, -2, -2), (1.0, 1.0, 1.0, 1.0, 1.0, 1.0, 1.0, 1.0, 1.0, 1.0, 1.0, 1.0, 1.0), (6.0, 1.0, 2.0, 3.0, 4.0, 5.0, 6.0, 1.0, 2.0, 3.0, 4.0, 5.0, 6.0)), [('K30 por vozes', 'P1', 11, (1, 14), (139, 6.0), (141, 6.0)), ('K30 por vozes', 'P1', 13, (113, 126), (139, 6.0), (141, 6.0))]) 

13 .    (((2, 2, 2, 2, -2, -2, -2, -4, -3, -3, 4, 3, -2), (1.0, 1.0, 1.0, 1.0, 1.0, 1.0, 1.0, 2.0, 1.0, 1.0, 1.0, 1.0, 2.0), (2.0, 3.0, 4.0, 5.0, 6.0, 1.0, 2.0, 3.0, 5.0, 6.0, 1.0, 2.0, 3.0)), [('K30 por vozes', 'P1', 18, (9, 22), (95, 2.0), (97, 3.0)), ('K30 por vozes', 'P1', 24, (9, 22), (56, 2.0), (58, 3.0))]) 

14 .    (((8, -2, -2, -2, -2, -5, 8, -2, -2, -2, -2, 2), (1.0, 1.0, 1.0, 1.0, 1.0, 1.0, 1.0, 1.0, 1.0, 1.0, 1.0, 1.0), (1.0, 2.0, 3.0, 4.0, 5.0, 6.0, 1.0, 2.0, 3.0, 4.0, 5.0, 6.0)), [('K30 por vozes', 'P1', 34, (29, 41), (49, 1.0), (50, 6.0)), ('K30 por vozes', 'P1', 34, (124, 136), (71, 1.0), (72, 6.0))]) 

15 .    (((3, -2, -2, -2, -2, 2, 3, -2, -2, -2, -2), (1.0, 1.0, 1.0, 1.0, 1.0, 1.0, 1.0, 1.0, 1.0, 1.0, 1.0), (1.0, 2.0, 3.0, 4.0, 5.0, 6.0, 1.0, 2.0, 3.0, 4.0, 5.0)), [('K30 por vozes', 'P1', 27, (104, 115), (32, 1.0), (33, 5.0)), ('K30 por vozes', 'P1', 34, (162, 173), (82, 1.0), (83, 5.0))]) 

16 .    (((2, 2, 2, 2, -2, -7, 2, 2, 2, 2, -2), (1.0, 1.0, 1.0, 1.0, 1.0, 1.0, 1.0, 1.0, 1.0, 1.0, 1.0), (2.0, 3.0, 4.0, 5.0, 6.0, 1.0, 2.0, 3.0, 4.0, 5.0, 6.0)), [('K30 por vozes', 'P1', 5, (23, 34), (21, 2.0), (22, 6.0)), ('K30 por vozes', 'P1', 9, (27, 38), (50, 2.0), (51, 6.0))]) 

17 .    (((-3, 2, 2, 2, 2, -2, 3, -2, -2, -2, -2), (1.0, 1.0, 1.0, 2.0, 1.0, 6.0, 1.0, 1.0, 1.0, 1.0, 1.0), (1.0, 2.0, 3.0, 4.0, 6.0, 1.0, 1.0, 2.0, 3.0, 4.0, 5.0)), [('K30 por vozes', 'P1', 7, (67, 78), (40, 1.0), (42, 5.0)), ('K30 por vozes', 'P1', 17, (54, 65), (113, 1.0), (115, 5.0))]) 

18 .    (((-2, -2, 5, -3, -3, 4, 3, -2, 5, -2), (1.0, 1.0, 2.0, 1.0, 1.0, 1.0, 1.0, 2.0, 1.0, 2.0), (1.0, 2.0, 3.0, 5.0, 6.0, 1.0, 2.0, 3.0, 5.0, 6.0)), [('K30 por vozes', 'P1', 5, (3, 13), (17, 1.0), (18, 6.0)), ('K30 por vozes', 'P1', 7, (44, 54), (34, 1.0), (35, 6.0))]) 

19 .    (((-2, -2, -2, 2, 2, 2, 2, 2, 2), (1.0, 1.0, 1.0, 1.0, 1.0, 1.0, 1.0, 1.0, 1.0), (3.0, 4.0, 5.0, 6.0, 1.0, 2.0, 3.0, 4.0, 5.0)), [('K30 por vozes', 'P1', 15, (45, 54), (133, 3.0), (134, 5.0)), ('K30 por vozes', 'P1', 44, (14, 23), (117, 3.0), (118, 5.0))]) 

20 .    (((-2, -2, -2, 3, -2, -2, -2, -2, -2), (1.0, 1.0, 1.0, 1.0, 1.0, 1.0, 1.0, 1.0, 1.0), (4.0, 5.0, 6.0, 1.0, 2.0, 3.0, 4.0, 5.0, 6.0)), [('K30 por vozes', 'P1', 28, (5, 14), (39, 4.0), (40, 6.0)), ('K30 por vozes', 'P1', 34, (1, 10), (41, 4.0), (42, 6.0)), ('K30 por vozes', 'P1', 44, (1, 10), (114, 4.0), (115, 6.0))]) 

21 .    (((-2, 2, 2, -2, -2, -2, 2, 2), (1.0, 1.0, 1.0, 2.0, 1.0, 1.0, 1.0, 1.0), (6.0, 1.0, 2.0, 3.0, 5.0, 6.0, 1.0, 2.0)), [('K30 por vozes', 'P1', 13, (90, 98), (134, 6.0), (136, 2.0)), ('K30 por vozes', 'P1', 13, (100, 108), (136, 6.0), (138, 2.0))]) 

22 .    ((((8, 2), (8, 2), (8, 2), (8, 2), (8, 2), (8, -7), (8, 2), (8, 2)), ((0.0, 1.0), (0.0, 1.0), (0.0, 1.0), (0.0, 1.0), (0.0, 1.0), (0.0, 1.0), (0.0, 1.0), (0.0, 1.0)), (4.0, 5.0, 6.0, 1.0, 2.0, 3.0, 4.0, 5.0)), [('K30 por vozes', 'P1', 44, (73, 81), (135, 4.0), (136, 5.0)), ('K30 por vozes', 'P1', 44, (85, 93), (137, 4.0), (138, 5.0))]) 

23 .    (((2, -2, -2, -2, -2, -2, 2), (3.0, 1.0, 1.0, 1.0, 1.0, 1.0, 1.0), (4.0, 1.0, 2.0, 3.0, 4.0, 5.0, 6.0)), [('K30 por vozes', 'P1', 7, (19, 26), (29, 4.0), (30, 6.0)), ('K30 por vozes', 'P1', 13, (133, 140), (144, 4.0), (145, 6.0))]) 

24 .    (((-2, 5, -2, 3, -2, -2, -2), (2.0, 1.0, 2.0, 1.0, 2.0, 1.0, 1.0), (3.0, 5.0, 6.0, 2.0, 3.0, 5.0, 6.0)), [('K30 por vozes', 'P1', 27, (89, 96), (28, 3.0), (29, 6.0)), ('K30 por vozes', 'P1', 34, (83, 90), (60, 3.0), (61, 6.0))]) 

25 .    (((-2, -2, -2, -2, 2, 2, 2), (1.0, 1.0, 1.0, 1.0, 1.0, 1.0, 1.0), (2.0, 3.0, 4.0, 5.0, 6.0, 1.0, 2.0)), [('K30 por vozes', 'P1', 7, (27, 34), (31, 2.0), (32, 2.0)), ('K30 por vozes', 'P1', 34, (48, 55), (52, 2.0), (53, 2.0))]) 

26 .    (((-2, -2, 2, 2, -2, -2, -2), (1.0, 1.0, 1.0, 1.0, 2.0, 1.0, 1.0), (2.0, 3.0, 4.0, 5.0, 6.0, 2.0, 3.0)), [('K30 por vozes', 'P1', 15, (55, 62), (135, 2.0), (136, 3.0)), ('K30 por vozes', 'P1', 15, (65, 72), (137, 2.0), (138, 3.0))]) 

27 .    (((2, -2, -2, -2, -2, -2, -2), (1.0, 2.0, 1.0, 2.0, 1.0, 2.0, 1.0), (2.0, 3.0, 5.0, 6.0, 2.0, 3.0, 5.0)), [('K30 por vozes', 'P1', 17, (35, 42), (108, 2.0), (109, 5.0)), ('K30 por vozes', 'P1', 18, (61, 68), (108, 2.0), (109, 5.0))]) 

28 .    (((2, 2, -2, -2, -2, 2, 2), (1.0, 1.0, 1.0, 2.0, 1.0, 1.0, 1.0), (4.0, 5.0, 6.0, 1.0, 3.0, 4.0, 5.0)), [('K30 por vozes', 'P1', 18, (98, 105), (117, 4.0), (118, 5.0)), ('K30 por vozes', 'P1', 20, (49, 56), (72, 4.0), (73, 5.0))]) 

29 .    (((2, -2, -2, -2, -2, -2), (3.0, 1.0, 1.0, 1.0, 1.0, 1.0), (4.0, 1.0, 2.0, 3.0, 4.0, 5.0)), [('K30 por vozes', 'P1', 34, (22, 28), (47, 4.0), (48, 5.0)), ('K30 por vozes', 'P1', 34, (202, 208), (90, 4.0), (91, 5.0))]) 

30 .    (((3, -2, -2, -2, -2, -2), (1.0, 1.0, 1.0, 1.0, 1.0, 1.0), (1.0, 2.0, 3.0, 4.0, 5.0, 6.0)), [('K30 por vozes', 'P1', 13, (5, 11), (116, 1.0), (116, 6.0)), ('K30 por vozes', 'P1', 38, (60, 66), (113, 1.0), (113, 6.0))]) 

31 .    (((3, 4, 2, 4, 2, 2), (3.0, 3.0, 3.0, 3.0, 3.0, 3.0), (1.0, 4.0, 1.0, 4.0, 1.0, 4.0)), [('K30 por vozes', 'P1', 20, (1, 7), (59, 1.0), (61, 4.0)), ('K30 por vozes', 'P1', 34, (142, 148), (74, 1.0), (76, 4.0))]) 

32 .    (((8, -2, -2, -2, -2, 2), (1.0, 1.0, 1.0, 1.0, 1.0, 1.0), (1.0, 2.0, 3.0, 4.0, 5.0, 6.0)), [('K30 por vozes', 'P1', 27, (61, 67), (22, 1.0), (22, 6.0)), ('K30 por vozes', 'P1', 38, (29, 35), (104, 1.0), (104, 6.0))]) 

33 .    (((-2, -2, -2, 5, -3, -3), (1.0, 1.0, 1.0, 2.0, 1.0, 1.0), (6.0, 1.0, 2.0, 3.0, 5.0, 6.0)), [('K30 por vozes', 'P1', 13, (26, 32), (120, 6.0), (121, 6.0)), ('K30 por vozes', 'P1', 20, (10, 16), (62, 6.0), (63, 6.0))]) 

34 .    (((-2, -2, -2, -2, -2, 4), (1.0, 1.0, 1.0, 1.0, 1.0, 1.0), (4.0, 5.0, 6.0, 1.0, 2.0, 3.0)), [('K30 por vozes', 'P1', 34, (59, 65), (54, 4.0), (55, 3.0)), ('K30 por vozes', 'P1', 38, (44, 50), (107, 4.0), (108, 3.0))]) 

35 .    (((-2, -2, -2, -2, -7, 8), (1.0, 1.0, 1.0, 1.0, 1.0, 1.0), (2.0, 3.0, 4.0, 5.0, 6.0, 1.0)), [('K30 por vozes', 'P1', 27, (68, 74), (23, 2.0), (24, 1.0)), ('K30 por vozes', 'P1', 34, (175, 181), (84, 2.0), (85, 1.0))]) 

36 .    (((2, 2, 2, 1, -3, -3), (1.0, 1.0, 1.0, 2.0, 1.0, 1.0), (6.0, 1.0, 2.0, 3.0, 5.0, 6.0)), [('K30 por vozes', 'P1', 7, (3, 9), (24, 6.0), (25, 6.0)), ('K30 por vozes', 'P1', 18, (2, 8), (93, 6.0), (94, 6.0))]) 

37 .    (((2, 2, 2, 2, -2), (1.0, 1.0, 1.0, 1.0, 1.0), (2.0, 3.0, 4.0, 5.0, 6.0)), [('K30 por vozes', 'P1', 5, (35, 40), (23, 2.0), (23, 6.0)), ('K30 por vozes', 'P1', 20, (92, 97), (82, 2.0), (82, 6.0)), ('K30 por vozes', 'P1', 20, (98, 103), (83, 2.0), (83, 6.0))]) 

38 .    (((-2, -2, -2, 2, 4), (2.0, 1.0, 1.0, 2.0, 1.0), (3.0, 5.0, 6.0, 1.0, 3.0)), [('K30 por vozes', 'P1', 5, (14, 19), (19, 3.0), (20, 3.0)), ('K30 por vozes', 'P1', 7, (55, 60), (36, 3.0), (37, 3.0))]) 

39 .    (((2, 2, 2, -2, -2), (1.0, 1.0, 1.0, 1.0, 1.0), (1.0, 2.0, 3.0, 4.0, 5.0)), [('K30 por vozes', 'P1', 12, (4, 9), (147, 1.0), (147, 5.0)), ('K30 por vozes', 'P1', 15, (75, 80), (139, 1.0), (139, 5.0))]) 

40 .    (((3, 3, -2, 3, 3), (1.0, 1.0, 1.0, 1.0, 1.0), (1.0, 2.0, 3.0, 4.0, 5.0)), [('K30 por vozes', 'P1', 11, (17, 22), (143, 1.0), (143, 5.0)), ('K30 por vozes', 'P1', 11, (23, 28), (144, 1.0), (144, 5.0))]) 

41 .    (((-2, -2, -2, -2), (1.0, 1.0, 1.0, 1.0), (2.0, 3.0, 4.0, 5.0)), [('K30 por vozes', 'P1', 2, (1, 5), (5, 2.0), (5, 5.0)), ('K30 por vozes', 'P1', 27, (20, 24), (11, 2.0), (11, 5.0)), ('K30 por vozes', 'P1', 34, (42, 46), (51, 2.0), (51, 5.0)), ('K30 por vozes', 'P1', 34, (157, 161), (81, 2.0), (81, 5.0))]) 

42 .    (((2, 2, 2, 2), (1.0, 1.0, 1.0, 1.0), (2.0, 3.0, 4.0, 5.0)), [('K30 por vozes', 'P1', 20, (23, 27), (65, 2.0), (65, 5.0)), ('K30 por vozes', 'P1', 20, (104, 108), (84, 2.0), (84, 5.0)), ('K30 por vozes', 'P1', 24, (29, 33), (62, 2.0), (62, 5.0)), ('K30 por vozes', 'P1', 34, (137, 141), (73, 2.0), (73, 5.0))]) 

43 .    (((-2, -2, -2, -2), (1.0, 1.0, 1.0, 1.0), (5.0, 6.0, 1.0, 2.0)), [('K30 por vozes', 'P1', 11, (40, 44), (147, 5.0), (148, 2.0)), ('K30 por vozes', 'P1', 34, (195, 199), (88, 5.0), (89, 2.0))]) 

44 .    (((3, 4, 2, 4), (3.0, 3.0, 3.0, 3.0), (1.0, 4.0, 1.0, 4.0)), [('K30 por vozes', 'P1', 7, (14, 18), (27, 1.0), (28, 4.0)), ('K30 por vozes', 'P1', 34, (17, 21), (45, 1.0), (46, 4.0))]) 

45 .    (((-2, -2, -2, -2), (1.0, 2.0, 1.0, 1.0), (2.0, 3.0, 5.0, 6.0)), [('K30 por vozes', 'P1', 17, (28, 32), (106, 2.0), (106, 6.0)), ('K30 por vozes', 'P1', 18, (53, 57), (105, 2.0), (105, 6.0))]) 

46 .    (((-2, -2, -2, -2), (2.0, 1.0, 2.0, 1.0), (6.0, 2.0, 3.0, 5.0)), [('K30 por vozes', 'P1', 17, (49, 53), (111, 6.0), (112, 5.0)), ('K30 por vozes', 'P1', 18, (76, 80), (111, 6.0), (112, 5.0))]) 

47 .    (((-2, -2, -2, -2), (6.0, 6.0, 6.0, 6.0), (1.0, 1.0, 1.0, 1.0)), [('K30 por vozes', 'P1', 36, (1, 5), (66, 1.0), (69, 1.0)), ('K30 por vozes', 'P1', 45, (1, 5), (128, 1.0), (131, 1.0))]) 

48 .    (((2, 2, -2, -2), (1.0, 1.0, 1.0, 2.0), (1.0, 2.0, 3.0, 4.0)), [('K30 por vozes', 'P1', 10, (29, 33), (73, 1.0), (73, 4.0)), ('K30 por vozes', 'P1', 13, (12, 16), (118, 1.0), (118, 4.0))]) 

49 .    (((2, 2, 2, 2), (2.0, 1.0, 2.0, 1.0), (4.0, 6.0, 1.0, 3.0)), [('K30 por vozes', 'P1', 34, (211, 215), (105, 4.0), (106, 3.0)), ('K30 por vozes', 'P1', 38, (36, 40), (105, 4.0), (106, 3.0))]) 

50 .    (((2, -2, -2), (1.0, 2.0, 1.0), (2.0, 3.0, 5.0)), [('K30 por vozes', 'P1', 9, (43, 46), (53, 2.0), (53, 5.0)), ('K30 por vozes', 'P1', 9, (49, 52), (55, 2.0), (55, 5.0))]) 

51 .    (((2, 2, 2), (1.0, 1.0, 1.0), (6.0, 1.0, 2.0)), [('K30 por vozes', 'P1', 24, (4, 7), (54, 6.0), (55, 2.0)), ('K30 por vozes', 'P1', 33, (2, 5), (55, 6.0), (56, 2.0))]) 

52 .    (((4, 2, 2), (3.0, 3.0, 3.0), (4.0, 1.0, 4.0)), [('K30 por vozes', 'P1', 24, (25, 28), (60, 4.0), (61, 4.0)), ('K30 por vozes', 'P1', 31, (1, 4), (75, 4.0), (76, 4.0)), ('K30 por vozes', 'P1', 44, (25, 28), (119, 4.0), (120, 4.0)), ('K30 por vozes', 'P1', 44, (112, 115), (149, 4.0), (150, 4.0))]) 

53 .    (((-2, 3, -2), (2.0, 1.0, 2.0), (6.0, 2.0, 3.0)), [('K30 por vozes', 'P1', 18, (23, 26), (97, 6.0), (98, 3.0)), ('K30 por vozes', 'P1', 34, (184, 187), (85, 6.0), (86, 3.0)), ('K30 por vozes', 'P1', 34, (188, 191), (86, 6.0), (87, 3.0))]) 

54 .    (((2, 2, 2), (1.0, 1.0, 1.0), (4.0, 5.0, 6.0)), [('K30 por vozes', 'P1', 9, (39, 42), (52, 4.0), (52, 6.0)), ('K30 por vozes', 'P1', 13, (143, 146), (146, 4.0), (146, 6.0)), ('K30 por vozes', 'P1', 18, (49, 52), (104, 4.0), (104, 6.0)), ('K30 por vozes', 'P1', 20, (88, 91), (81, 4.0), (81, 6.0)), ('K30 por vozes', 'P1', 34, (74, 77), (58, 4.0), (58, 6.0)), ('K30 por vozes', 'P1', 34, (93, 96), (62, 4.0), (62, 6.0))]) 

55 .    (((4, 2, 2), (1.0, 1.0, 1.0), (1.0, 2.0, 3.0)), [('K30 por vozes', 'P1', 10, (19, 22), (70, 1.0), (70, 3.0)), ('K30 por vozes', 'P1', 10, (23, 26), (71, 1.0), (71, 3.0))]) 

56 .    (((-2, -2, -2), (1.0, 2.0, 1.0), (2.0, 3.0, 5.0)), [('K30 por vozes', 'P1', 11, (48, 51), (149, 2.0), (149, 5.0)), ('K30 por vozes', 'P1', 11, (54, 57), (151, 2.0), (151, 5.0))]) 

57 .    (((2, 2, -2), (1.0, 1.0, 1.0), (1.0, 2.0, 3.0)), [('K30 por vozes', 'P1', 7, (38, 41), (33, 1.0), (33, 3.0)), ('K30 por vozes', 'P1', 13, (81, 84), (133, 1.0), (133, 3.0))]) 

58 .    (((-2, -2, 2), (2.0, 1.0, 1.0), (3.0, 5.0, 6.0)), [('K30 por vozes', 'P1', 17, (24, 27), (105, 3.0), (105, 6.0)), ('K30 por vozes', 'P1', 20, (73, 76), (77, 3.0), (77, 6.0)), ('K30 por vozes', 'P1', 20, (78, 81), (78, 3.0), (78, 6.0))]) 

59 .    (((2, 2, 2), (1.0, 2.0, 1.0), (3.0, 4.0, 6.0)), [('K30 por vozes', 'P1', 7, (63, 66), (38, 3.0), (38, 6.0)), ('K30 por vozes', 'P1', 20, (127, 130), (91, 3.0), (91, 6.0)), ('K30 por vozes', 'P1', 20, (132, 135), (93, 3.0), (93, 6.0))]) 

60 .    ((((8, 1), (8, 1), (8, 1)), ((0.0, 3.0), (0.0, 3.0), (0.0, 3.0)), (1.0, 4.0, 1.0)), [('K30 por vozes', 'P1', 44, (98, 101), (143, 1.0), (144, 1.0)), ('K30 por vozes', 'P1', 44, (102, 105), (145, 1.0), (146, 1.0))]) 

61 .    (((-5, -2, -2), (1.0, 1.0, 1.0), (4.0, 5.0, 6.0)), [('K30 por vozes', 'P1', 7, (80, 83), (43, 4.0), (43, 6.0)), ('K30 por vozes', 'P1', 20, (19, 22), (64, 4.0), (64, 6.0))]) 

62 .    (((2, 2, 2), (3.0, 2.0, 1.0), (4.0, 1.0, 3.0)), [('K30 por vozes', 'P1', 22, (16, 19), (90, 4.0), (91, 3.0)), ('K30 por vozes', 'P1', 38, (52, 55), (109, 4.0), (110, 3.0))]) 

63 .    (((-2, 2, 2), (4.0, 1.0, 1.0), (4.0, 2.0, 3.0)), [('K30 por vozes', 'P1', 23, (3, 6), (78, 4.0), (79, 3.0)), ('K30 por vozes', 'P1', 31, (9, 12), (79, 4.0), (80, 3.0))]) 

64 .    (((2, -5, 2), (3.0, 3.0, 3.0), (4.0, 1.0, 4.0)), [('K30 por vozes', 'P1', 34, (149, 152), (77, 4.0), (78, 4.0)), ('K30 por vozes', 'P1', 34, (153, 156), (79, 4.0), (80, 4.0))]) 

65 .    ((((8, 2), (8, -3), (8, 2)), ((0.0, 3.0), (0.0, 3.0), (0.0, 3.0)), (4.0, 1.0, 4.0)), [('K30 por vozes', 'P1', 38, (18, 21), (98, 4.0), (99, 4.0)), ('K30 por vozes', 'P1', 38, (22, 25), (100, 4.0), (101, 4.0))]) 

66 .    (((-2, -2), (1.0, 1.0), (2.0, 3.0)), [('K30 por vozes', 'P1', 24, (1, 3), (54, 2.0), (54, 3.0)), ('K30 por vozes', 'P1', 34, (11, 13), (43, 2.0), (43, 3.0)), ('K30 por vozes', 'P1', 34, (14, 16), (44, 2.0), (44, 3.0)), ('K30 por vozes', 'P1', 34, (121, 123), (70, 2.0), (70, 3.0))]) 

67 .    (((-2, -2), (1.0, 1.0), (4.0, 5.0)), [('K30 por vozes', 'P1', 21, (4, 6), (93, 4.0), (93, 5.0)), ('K30 por vozes', 'P1', 27, (101, 103), (31, 4.0), (31, 5.0)), ('K30 por vozes', 'P1', 34, (68, 70), (56, 4.0), (56, 5.0)), ('K30 por vozes', 'P1', 34, (101, 103), (65, 4.0), (65, 5.0)), ('K30 por vozes', 'P1', 38, (5, 7), (92, 4.0), (92, 5.0)), ('K30 por vozes', 'P1', 44, (59, 61), (132, 4.0), (132, 5.0))]) 

68 .    (((-2, -2), (1.0, 1.0), (5.0, 6.0)), [('K30 por vozes', 'P1', 20, (29, 31), (66, 5.0), (66, 6.0)), ('K30 por vozes', 'P1', 20, (82, 84), (79, 5.0), (79, 6.0)), ('K30 por vozes', 'P1', 20, (85, 87), (80, 5.0), (80, 6.0)), ('K30 por vozes', 'P1', 20, (124, 126), (90, 5.0), (90, 6.0))]) 

69 .    (((2, 2), (1.0, 1.0), (2.0, 3.0)), [('K30 por vozes', 'P1', 13, (109, 111), (139, 2.0), (139, 3.0)), ('K30 por vozes', 'P1', 17, (43, 45), (110, 2.0), (110, 3.0)), ('K30 por vozes', 'P1', 44, (107, 109), (147, 2.0), (147, 3.0))]) 

70 .    (((-2, 2), (1.0, 1.0), (5.0, 6.0)), [('K30 por vozes', 'P1', 5, (20, 22), (20, 5.0), (20, 6.0)), ('K30 por vozes', 'P1', 5, (44, 46), (24, 5.0), (24, 6.0)), ('K30 por vozes', 'P1', 9, (1, 3), (44, 5.0), (44, 6.0)), ('K30 por vozes', 'P1', 18, (58, 60), (107, 5.0), (107, 6.0))]) 

71 .    (((-2, -2), (1.0, 1.0), (1.0, 2.0)), [('K30 por vozes', 'P1', 2, (6, 8), (6, 1.0), (6, 2.0)), ('K30 por vozes', 'P1', 13, (17, 19), (119, 1.0), (119, 2.0)), ('K30 por vozes', 'P1', 16, (2, 4), (121, 1.0), (121, 2.0)), ('K30 por vozes', 'P1', 27, (82, 84), (27, 1.0), (27, 2.0))]) 

72 .    (((2, 2), (1.0, 1.0), (4.0, 5.0)), [('K30 por vozes', 'P1', 7, (35, 37), (32, 4.0), (32, 5.0)), ('K30 por vozes', 'P1', 12, (1, 3), (146, 4.0), (146, 5.0)), ('K30 por vozes', 'P1', 25, (1, 3), (37, 4.0), (37, 5.0))]) 

73 .    (((4, 2), (3.0, 3.0), (4.0, 1.0)), [('K30 por vozes', 'P1', 26, (3, 5), (35, 4.0), (36, 1.0)), ('K30 por vozes', 'P1', 38, (10, 12), (94, 4.0), (95, 1.0))]) 

74 .    (((3, -2), (1.0, 2.0), (2.0, 3.0)), [('K30 por vozes', 'P1', 7, (10, 12), (26, 2.0), (26, 3.0)), ('K30 por vozes', 'P1', 13, (23, 25), (120, 2.0), (120, 3.0))]) 

75 .    (((3, 4), (3.0, 3.0), (1.0, 4.0)), [('K30 por vozes', 'P1', 27, (78, 80), (25, 1.0), (25, 4.0)), ('K30 por vozes', 'P1', 34, (71, 73), (57, 1.0), (57, 4.0))]) 

76 .    (((2, -2), (1.0, 2.0), (5.0, 6.0)), [('K30 por vozes', 'P1', 17, (17, 19), (103, 5.0), (103, 6.0)), ('K30 por vozes', 'P1', 18, (46, 48), (103, 5.0), (103, 6.0))]) 

77 .    (((-2, 2), (1.0, 1.0), (2.0, 3.0)), [('K30 por vozes', 'P1', 2, (30, 32), (11, 2.0), (11, 3.0)), ('K30 por vozes', 'P1', 3, (21, 23), (16, 2.0), (16, 3.0)), ('K30 por vozes', 'P1', 22, (20, 22), (92, 2.0), (92, 3.0))]) 

78 .    (((-2, -2), (1.0, 2.0), (3.0, 4.0)), [('K30 por vozes', 'P1', 13, (153, 155), (149, 3.0), (149, 4.0)), ('K30 por vozes', 'P1', 13, (161, 163), (151, 3.0), (151, 4.0)), ('K30 por vozes', 'P1', 27, (75, 77), (24, 3.0), (24, 4.0))]) 

79 .    ((((8, 2), (8, 2)), ((0.0, 1.0), (0.0, 1.0)), (1.0, 2.0)), [('K30 por vozes', 'P1', 44, (64, 66), (134, 1.0), (134, 2.0)), ('K30 por vozes', 'P1', 44, (70, 72), (135, 1.0), (135, 2.0)), ('K30 por vozes', 'P1', 44, (82, 84), (137, 1.0), (137, 2.0))]) 

80 .    (((None, -2), (120.0, 6.0), (1.0, 1.0)), [('K30 por vozes', 'P1', 4, (0, 2), (1, 1.0), (21, 1.0)), ('K30 por vozes', 'P1', 28, (0, 2), (1, 1.0), (21, 1.0))]) 

81 .    (((None, -2), (288.0, 6.0), (1.0, 1.0)), [('K30 por vozes', 'P1', 8, (0, 2), (1, 1.0), (49, 1.0)), ('K30 por vozes', 'P1', 38, (0, 2), (1, 1.0), (49, 1.0))]) 

82 .    (((-4, 2), (1.0, 1.0), (1.0, 2.0)), [('K30 por vozes', 'P1', 11, (29, 31), (145, 1.0), (145, 2.0)), ('K30 por vozes', 'P1', 11, (35, 37), (146, 1.0), (146, 2.0))]) 

83 .    (((3, 2), (1.0, 1.0), (5.0, 6.0)), [('K30 por vozes', 'P1', 13, (85, 87), (133, 5.0), (133, 6.0)), ('K30 por vozes', 'P1', 27, (85, 87), (27, 5.0), (27, 6.0))]) 

84 .    (((-3, 2), (1.0, 1.0), (5.0, 6.0)), [('K30 por vozes', 'P1', 13, (150, 152), (148, 5.0), (148, 6.0)), ('K30 por vozes', 'P1', 18, (71, 73), (110, 5.0), (110, 6.0))]) 

85 .    (((-2,), (1.0,), (5.0,)), [('K30 por vozes', 'P1', 3, (1, 2), (11, 5.0), (11, 5.0)), ('K30 por vozes', 'P1', 5, (1, 2), (16, 5.0), (16, 5.0)), ('K30 por vozes', 'P1', 13, (79, 80), (132, 5.0), (132, 5.0)), ('K30 por vozes', 'P1', 15, (73, 74), (138, 5.0), (138, 5.0)), ('K30 por vozes', 'P1', 20, (32, 33), (67, 5.0), (67, 5.0))]) 

86 .    (((-2,), (1.0,), (2.0,)), [('K30 por vozes', 'P1', 9, (4, 5), (45, 2.0), (45, 2.0)), ('K30 por vozes', 'P1', 13, (127, 128), (142, 2.0), (142, 2.0)), ('K30 por vozes', 'P1', 13, (141, 142), (146, 2.0), (146, 2.0)), ('K30 por vozes', 'P1', 13, (148, 149), (148, 2.0), (148, 2.0)), ('K30 por vozes', 'P1', 34, (57, 58), (54, 2.0), (54, 2.0)), ('K30 por vozes', 'P1', 34, (78, 79), (59, 2.0), (59, 2.0)), ('K30 por vozes', 'P1', 34, (91, 92), (62, 2.0), (62, 2.0)), ('K30 por vozes', 'P1', 44, (57, 58), (132, 2.0), (132, 2.0))]) 

87 .    (((-2,), (1.0,), (6.0,)), [('K30 por vozes', 'P1', 6, (3, 4), (32, 6.0), (32, 6.0)), ('K30 por vozes', 'P1', 11, (46, 47), (148, 6.0), (148, 6.0)), ('K30 por vozes', 'P1', 13, (159, 160), (150, 6.0), (150, 6.0)), ('K30 por vozes', 'P1', 15, (42, 43), (132, 6.0), (132, 6.0)), ('K30 por vozes', 'P1', 21, (2, 3), (92, 6.0), (92, 6.0))]) 

88 .    (((-2,), (1.0,), (3.0,)), [('K30 por vozes', 'P1', 13, (34, 35), (122, 3.0), (122, 3.0)), ('K30 por vozes', 'P1', 17, (20, 21), (104, 3.0), (104, 3.0)), ('K30 por vozes', 'P1', 18, (74, 75), (111, 3.0), (111, 3.0))]) 

89 .    (((2,), (1.0,), (2.0,)), [('K30 por vozes', 'P1', 5, (41, 42), (24, 2.0), (24, 2.0)), ('K30 por vozes', 'P1', 11, (52, 53), (150, 2.0), (150, 2.0)), ('K30 por vozes', 'P1', 13, (156, 157), (150, 2.0), (150, 2.0)), ('K30 por vozes', 'P1', 20, (8, 9), (62, 2.0), (62, 2.0)), ('K30 por vozes', 'P1', 20, (17, 18), (64, 2.0), (64, 2.0))]) 

90 .    (((2,), (1.0,), (6.0,)), [('K30 por vozes', 'P1', 10, (27, 28), (71, 6.0), (71, 6.0)), ('K30 por vozes', 'P1', 13, (1, 2), (114, 6.0), (114, 6.0)), ('K30 por vozes', 'P1', 24, (23, 24), (58, 6.0), (58, 6.0)), ('K30 por vozes', 'P1', 32, (1, 2), (85, 6.0), (85, 6.0)), ('K30 por vozes', 'P1', 32, (3, 4), (86, 6.0), (86, 6.0)), ('K30 por vozes', 'P1', 32, (5, 6), (87, 6.0), (87, 6.0)), ('K30 por vozes', 'P1', 38, (41, 42), (106, 6.0), (106, 6.0)), ('K30 por vozes', 'P1', 41, (1, 2), (115, 6.0), (115, 6.0)), ('K30 por vozes', 'P1', 44, (11, 12), (116, 6.0), (116, 6.0))]) 

91 .    (((-2,), (2.0,), (3.0,)), [('K30 por vozes', 'P1', 17, (47, 48), (111, 3.0), (111, 3.0)), ('K30 por vozes', 'P1', 34, (182, 183), (85, 3.0), (85, 3.0))]) 

92 .    (((2,), (1.0,), (5.0,)), [('K30 por vozes', 'P1', 7, (42, 43), (33, 5.0), (33, 5.0)), ('K30 por vozes', 'P1', 11, (33, 34), (145, 5.0), (145, 5.0)), ('K30 por vozes', 'P1', 15, (63, 64), (136, 5.0), (136, 5.0))]) 

93 .    (((4,), (3.0,), (4.0,)), [('K30 por vozes', 'P1', 31, (5, 6), (77, 4.0), (77, 4.0)), ('K30 por vozes', 'P1', 34, (97, 98), (63, 4.0), (63, 4.0)), ('K30 por vozes', 'P1', 44, (29, 30), (121, 4.0), (121, 4.0)), ('K30 por vozes', 'P1', 46, (1, 2), (148, 4.0), (148, 4.0))]) 

94 .    (((2,), (3.0,), (1.0,)), [('K30 por vozes', 'P1', 9, (47, 48), (54, 1.0), (54, 1.0)), ('K30 por vozes', 'P1', 37, (1, 2), (108, 1.0), (108, 1.0))]) 

95 .    (((2,), (3.0,), (4.0,)), [('K30 por vozes', 'P1', 13, (129, 130), (142, 4.0), (142, 4.0)), ('K30 por vozes', 'P1', 13, (131, 132), (143, 4.0), (143, 4.0)), ('K30 por vozes', 'P1', 34, (200, 201), (89, 4.0), (89, 4.0)), ('K30 por vozes', 'P1', 44, (37, 38), (125, 4.0), (125, 4.0))]) 

96 .    (((-2,), (2.0,), (6.0,)), [('K30 por vozes', 'P1', 17, (22, 23), (104, 6.0), (104, 6.0)), ('K30 por vozes', 'P1', 18, (27, 28), (98, 6.0), (98, 6.0)), ('K30 por vozes', 'P1', 34, (81, 82), (59, 6.0), (59, 6.0)), ('K30 por vozes', 'P1', 34, (192, 193), (87, 6.0), (87, 6.0))]) 

97 .    (((-2,), (6.0,), (1.0,)), [('K30 por vozes', 'P1', 10, (2, 3), (65, 1.0), (65, 1.0)), ('K30 por vozes', 'P1', 19, (1, 2), (82, 1.0), (82, 1.0)), ('K30 por vozes', 'P1', 36, (6, 7), (71, 1.0), (71, 1.0))]) 

98 .    (((3,), (3.0,), (1.0,)), [('K30 por vozes', 'P1', 38, (58, 59), (112, 1.0), (112, 1.0)), ('K30 por vozes', 'P1', 44, (32, 33), (123, 1.0), (123, 1.0))]) 

99 .    (((-3,), (1.0,), (6.0,)), [('K30 por vozes', 'P1', 13, (21, 22), (119, 6.0), (119, 6.0)), ('K30 por vozes', 'P1', 22, (23, 24), (92, 6.0), (92, 6.0))]) 

100 .    (((-2,), (3.0,), (4.0,)), [('K30 por vozes', 'P1', 3, (19, 20), (15, 4.0), (15, 4.0)), ('K30 por vozes', 'P1', 6, (1, 2), (31, 4.0), (31, 4.0)), ('K30 por vozes', 'P1', 16, (6, 7), (122, 4.0), (122, 4.0))]) 

101 .    (((3,), (1.0,), (5.0,)), [('K30 por vozes', 'P1', 11, (15, 16), (142, 5.0), (142, 5.0)), ('K30 por vozes', 'P1', 13, (36, 37), (122, 5.0), (122, 5.0))]) 

102 .    (((1,), (3.0,), (4.0,)), [('K30 por vozes', 'P1', 7, (84, 85), (44, 4.0), (44, 4.0)), ('K30 por vozes', 'P1', 26, (1, 2), (34, 4.0), (34, 4.0)), ('K30 por vozes', 'P1', 31, (7, 8), (78, 4.0), (78, 4.0)), ('K30 por vozes', 'P1', 34, (99, 100), (64, 4.0), (64, 4.0)), ('K30 por vozes', 'P1', 43, (3, 4), (126, 4.0), (126, 4.0))]) 

103 .    (((1,), (3.0,), (1.0,)), [('K30 por vozes', 'P1', 21, (7, 8), (94, 1.0), (94, 1.0)), ('K30 por vozes', 'P1', 38, (56, 57), (111, 1.0), (111, 1.0)), ('K30 por vozes', 'P1', 44, (62, 63), (133, 1.0), (133, 1.0))]) 

104 .    (((8,), (3.0,), (1.0,)), [('K30 por vozes', 'P1', 44, (34, 35), (124, 1.0), (124, 1.0)), ('K30 por vozes', 'P1', 47, (2, 3), (112, 1.0), (112, 1.0))]) 

105 .    ((((8, 1),), ((0.0, 6.0),), (1.0,)), [('K30 por vozes', 'P1', 44, (94, 95), (139, 1.0), (139, 1.0)), ('K30 por vozes', 'P1', 44, (96, 97), (141, 1.0), (141, 1.0))]) 

106 .    ((((8, 4),), ((0.0, 3.0),), (4.0,)), [('K30 por vozes', 'P1', 38, (14, 15), (96, 4.0), (96, 4.0)), ('K30 por vozes', 'P1', 38, (16, 17), (97, 4.0), (97, 4.0))]) 

