1 .    ('nomes', 'K.25 Musicalion') 

2 .    ('quantidade', 1) 

3 .    ('analise', 'recorręncias IntDiaDur sem contidos e intercalados') 

1 .    (((-4, 4, 3, -3, -4, 4, 2, -3, -3, 3, 3, -3, -3, 3, 4, -3, -4, 4, 3, -3, -4, 4, 2, -3, -3, 3, 3, -3, -3, 3, 4, -2, -2, 6, -5, 4, -5, 4, -5, 4, -2, -2, 6, -5, 4, -5, 4, -5, 4, -2, -2), (0.25, 0.25, 0.25, 0.25, 0.25, 0.25, 0.25, 0.25, 0.25, 0.25, 0.25, 0.25, 0.25, 0.25, 0.25, 0.25, 0.25, 0.25, 0.25, 0.25, 0.25, 0.25, 0.25, 0.25, 0.25, 0.25, 0.25, 0.25, 0.25, 0.25, 0.25, 0.12, 0.12, 0.25, 0.25, 0.25, 0.25, 0.25, 0.25, 0.25, 0.12, 0.12, 0.25, 0.25, 0.25, 0.25, 0.25, 0.25, 0.25, 0.12, 0.12)), [('K.25 Musicalion', 'P1', 1, (142, 193), (19, 1.25), (25, 1.12)), ('K.25 Musicalion', 'P1', 1, (588, 639), (76, 1.25), (82, 1.12))]) 

2 .    (((4, -3, 2, -2, -2, -4, 4, 3, -3, -4, 4, 2, -3, -3, 3, 3, -3, -3, 3, 4, -3, -4, 4, 3, -3, -4, 4, 2, -3, -3, 3, 3, -3, -3, 3, 4), (0.25, 0.25, 0.25, 0.12, 0.12, 0.25, 0.25, 0.25, 0.25, 0.25, 0.25, 0.25, 0.25, 0.25, 0.25, 0.25, 0.25, 0.25, 0.25, 0.25, 0.25, 0.25, 0.25, 0.25, 0.25, 0.25, 0.25, 0.25, 0.25, 0.25, 0.25, 0.25, 0.25, 0.25, 0.25, 0.25)), [('K.25 Musicalion', 'P1', 1, (80, 116), (11, 2.25), (15, 2.75)), ('K.25 Musicalion', 'P1', 1, (406, 442), (53, 2.25), (57, 2.75))]) 

3 .    (((-3, -3, 3, 3, -3, -3, 3, 4, -3, -4, 4, 3, -3, -4, 4, 2, -3, -3, 3, 3, -3, -3, 3, 4, -3), (0.25, 0.25, 0.25, 0.25, 0.25, 0.25, 0.25, 0.25, 0.25, 0.25, 0.25, 0.25, 0.25, 0.25, 0.25, 0.25, 0.25, 0.25, 0.25, 0.25, 0.25, 0.25, 0.25, 0.25, 0.25)), [('K.25 Musicalion', 'P1', 1, (229, 254), (30, 1.0), (33, 1.0)), ('K.25 Musicalion', 'P1', 1, (450, 475), (59, 1.0), (62, 1.0))]) 

4 .    (((-2, -2, 6, -5, 4, -5, 4, -5, 4, -2, -2, 6, -5, 4, -5, 4, -5, 4, -2, -2), (0.12, 0.12, 0.25, 0.25, 0.25, 0.25, 0.25, 0.25, 0.25, 0.12, 0.12, 0.25, 0.25, 0.25, 0.25, 0.25, 0.25, 0.25, 0.12, 0.12)), [('K.25 Musicalion', 'P1', 1, (373, 393), (50, 1.0), (52, 1.12)), ('K.25 Musicalion', 'P1', 1, (543, 563), (71, 1.0), (73, 1.12))]) 

5 .    (((-2, -2, -2, -2, 2, -3, -2, -2, 8, -2, -2, -2, -2, 2, -4, -2, -2), (0.12, 0.12, 0.25, 0.25, 0.25, 0.25, 0.25, 0.25, 0.25, 0.12, 0.12, 0.25, 0.25, 0.25, 0.25, 0.25, 0.25)), [('K.25 Musicalion', 'P1', 1, (498, 515), (66, 1.0), (67, 2.5)), ('K.25 Musicalion', 'P1', 1, (516, 533), (68, 1.0), (69, 2.5))]) 

6 .    (((-5, 4, -5, 4, -5, 4, -5, 4, -5, 4, -3, 4, -3, 2, -2, -2), (0.25, 0.25, 0.25, 0.25, 0.25, 0.25, 0.25, 0.25, 0.25, 0.25, 0.25, 0.25, 0.25, 0.25, 0.12, 0.12)), [('K.25 Musicalion', 'P1', 1, (35, 51), (6, 1.5), (8, 1.12)), ('K.25 Musicalion', 'P1', 1, (52, 68), (8, 1.5), (10, 1.12))]) 

7 .    (((3, -2, 2, -3, -4, 7, -3, 2, -3, 6, -3, 2, -3, 7, -3, 2), (0.25, 0.25, 0.25, 0.25, 0.25, 0.25, 0.25, 0.25, 0.25, 0.25, 0.25, 0.25, 0.25, 0.25, 0.25, 0.25)), [('K.25 Musicalion', 'P1', 1, (0, 16), (1, 1.0), (2, 2.75)), ('K.25 Musicalion', 'P1', 3, (1, 17), (4, 1.0), (5, 2.75))]) 

8 .    (((12, 2, -2, -15, 15, 2, -2, -19, 19, 2, -2, -15, 15, 2, -2, -12), (0.5, 0.5, 0.5, 0.5, 0.5, 0.5, 0.5, 0.5, 0.5, 0.5, 0.5, 0.5, 0.5, 0.5, 0.5, 0.5)), [('K.25 Musicalion', 'P1', 3, (69, 85), (19, 1.0), (22, 2.5)), ('K.25 Musicalion', 'P1', 3, (117, 133), (31, 1.0), (34, 2.5))]) 

9 .    (((-2, 2, -2, 7, -2, 2, -2, -5, -2, 2, -2, 8, 2, -2, 2), (0.25, 0.25, 0.25, 0.25, 0.25, 0.25, 0.25, 0.25, 0.25, 0.25, 0.25, 0.25, 0.25, 0.25, 0.25)), [('K.25 Musicalion', 'P1', 1, (287, 302), (37, 1.25), (38, 2.75)), ('K.25 Musicalion', 'P1', 1, (303, 318), (39, 1.25), (40, 2.75))]) 

10 .    (((5, -2, 2, -3, -3, 7, -3, 2, -3, 6, -3, 2, -3), (0.25, 0.25, 0.25, 0.25, 0.25, 0.25, 0.25, 0.25, 0.25, 0.25, 0.25, 0.25, 0.25)), [('K.25 Musicalion', 'P1', 1, (350, 363), (46, 1.0), (47, 2.0)), ('K.25 Musicalion', 'P1', 3, (174, 187), (48, 1.0), (49, 2.0))]) 

11 .    (((2, -2, -2, 2, -2, -2, 2, -2, -2, 2, -2, -2), (0.25, 0.12, 0.12, 0.25, 0.12, 0.12, 0.25, 0.12, 0.12, 0.25, 0.12, 0.12)), [('K.25 Musicalion', 'P1', 1, (656, 668), (84, 1.25), (85, 1.12)), ('K.25 Musicalion', 'P1', 1, (671, 683), (85, 1.75), (86, 1.62))]) 

12 .    ((((3, -2), (3, -2), (3, -2), (3, 4), (3, -2), (3, -2), (3, -2), (3, 6), -2, -2, -2, (3, -2)), ((0.0, 0.5), (0.0, 0.5), (0.0, 0.5), (0.0, 0.5), (0.0, 0.5), (0.0, 0.5), (0.0, 0.5), (0.0, 0.5), 0.5, 0.5, 0.5, (0.0, 0.5))), [('K.25 Musicalion', 'P1', 3, (275, 287), (71, 1.5), (74, 1.0)), ('K.25 Musicalion', 'P1', 3, (311, 323), (80, 1.5), (83, 1.0))]) 

13 .    (((15, 2, -2, -12, 12, 2, -2, -15, 15, 2, -2), (0.5, 0.5, 0.5, 0.5, 0.5, 0.5, 0.5, 0.5, 0.5, 0.5, 0.5)), [('K.25 Musicalion', 'P1', 3, (45, 56), (13, 1.0), (15, 2.0)), ('K.25 Musicalion', 'P1', 3, (226, 237), (59, 1.0), (61, 2.0))]) 

14 .    (((-5, 4, -5, 4, -5, 4, -5, 4, -5, 4), (0.25, 0.25, 0.25, 0.25, 0.25, 0.25, 0.25, 0.25, 0.25, 0.25)), [('K.25 Musicalion', 'P1', 1, (69, 79), (10, 1.5), (11, 1.75)), ('K.25 Musicalion', 'P1', 1, (564, 574), (73, 1.5), (74, 1.75))]) 

15 .    (((2, -3, -3, 3, 3, -3, -3, 3, 4), (0.25, 0.25, 0.25, 0.25, 0.25, 0.25, 0.25, 0.25, 0.25)), [('K.25 Musicalion', 'P1', 1, (260, 269), (33, 2.75), (34, 2.75)), ('K.25 Musicalion', 'P1', 1, (578, 587), (74, 2.75), (75, 2.75))]) 

16 .    (((-5, 4, -5, 4, -5, 4, 2, 2, 2), (0.25, 0.25, 0.25, 0.25, 0.25, 0.75, 0.5, 0.5, 0.5)), [('K.25 Musicalion', 'P1', 1, (194, 203), (25, 1.5), (26, 2.5)), ('K.25 Musicalion', 'P1', 1, (485, 494), (63, 1.5), (64, 2.5))]) 

17 .    (((-3, 2, -3, 2, -3, 2, -2, -2), (0.25, 0.25, 0.25, 0.25, 0.25, 0.25, 0.12, 0.12)), [('K.25 Musicalion', 'P1', 1, (338, 346), (43, 2.0), (44, 1.62)), ('K.25 Musicalion', 'P1', 1, (476, 484), (62, 1.5), (63, 1.12))]) 

18 .    (((15, 2, -2, -19, 19, 2, -2), (0.5, 0.5, 0.5, 0.5, 0.5, 0.5, 0.5)), [('K.25 Musicalion', 'P1', 3, (210, 217), (55, 1.0), (56, 2.0)), ('K.25 Musicalion', 'P1', 3, (290, 297), (75, 1.0), (76, 2.0))]) 

19 .    (((-2, -2, -2, -2, -2, -4, -5), (0.5, 0.5, 0.5, 0.5, 0.5, 0.5, 0.5)), [('K.25 Musicalion', 'P1', 3, (18, 25), (6, 1.5), (7, 2.5)), ('K.25 Musicalion', 'P1', 3, (26, 33), (8, 1.5), (9, 2.5)), ('K.25 Musicalion', 'P1', 3, (34, 41), (10, 1.5), (11, 2.5))]) 

20 .    (((-2, -2, -2, -2, -2, -2, -2), (0.5, 0.5, 0.5, 0.5, 0.5, 0.5, 0.5)), [('K.25 Musicalion', 'P1', 3, (94, 101), (25, 1.5), (26, 2.5)), ('K.25 Musicalion', 'P1', 3, (239, 246), (62, 1.5), (63, 2.5)), ('K.25 Musicalion', 'P1', 3, (247, 254), (64, 1.5), (65, 2.5))]) 

21 .    (((-5, 4, -5, 4, -5, 4), (0.25, 0.25, 0.25, 0.25, 0.25, 0.25)), [('K.25 Musicalion', 'P1', 1, (394, 400), (52, 1.5), (52, 2.75)), ('K.25 Musicalion', 'P1', 1, (640, 646), (82, 1.5), (82, 2.75))]) 

22 .    (((-3, 2, -3, 2, -3, 2), (0.25, 0.25, 0.25, 0.25, 0.25, 0.25)), [('K.25 Musicalion', 'P1', 1, (18, 24), (3, 1.5), (3, 2.75)), ('K.25 Musicalion', 'P1', 1, (648, 654), (83, 1.5), (83, 2.75)), ('K.25 Musicalion', 'P1', 2, (0, 6), (26, 1.0), (26, 2.25)), ('K.25 Musicalion', 'P1', 2, (19, 25), (65, 1.5), (65, 2.75))]) 

23 .    (((-2, -2, -2, -2, -2, -2), (0.25, 0.25, 0.25, 0.25, 0.25, 0.25)), [('K.25 Musicalion', 'P1', 1, (204, 210), (27, 1.25), (27, 2.5)), ('K.25 Musicalion', 'P1', 1, (327, 333), (42, 1.25), (42, 2.5))]) 

24 .    ((((3, 2, 1), (3, 2, -2), (5, 1), (5, 2), (3, 2, 1), (3, 2, -2)), ((0.0, 0.0, 0.5), (0.0, 0.0, 0.5), (0.0, 0.5), (0.0, 0.5), (0.0, 0.0, 0.5), (0.0, 0.0, 0.5))), [('K.25 Musicalion', 'P1', 3, (143, 149), (37, 2.0), (38, 2.5)), ('K.25 Musicalion', 'P1', 3, (151, 157), (39, 2.0), (40, 2.5))]) 

25 .    (((-2, -2, -2, -2, -2, 5), (0.5, 0.5, 0.5, 0.5, 0.5, 0.5)), [('K.25 Musicalion', 'P1', 3, (135, 141), (35, 2.0), (36, 2.5)), ('K.25 Musicalion', 'P1', 3, (165, 171), (43, 1.0), (44, 1.5))]) 

26 .    (((-2, -2, -7, 8, -2, -2), (0.25, 0.25, 0.25, 1.25, 0.25, 0.25)), [('K.25 Musicalion', 'P1', 3, (255, 261), (66, 2.25), (67, 2.5)), ('K.25 Musicalion', 'P1', 3, (263, 269), (68, 2.25), (69, 2.5))]) 

27 .    (((-2, -2, -2, -2), (0.5, 0.5, 0.5, 0.5)), [('K.25 Musicalion', 'P1', 1, (368, 372), (48, 2.5), (49, 2.0)), ('K.25 Musicalion', 'P1', 3, (64, 68), (17, 2.5), (18, 2.0))]) 

28 .    (((4, 3, -3, -4), (0.25, 0.25, 0.25, 0.25)), [('K.25 Musicalion', 'P1', 1, (255, 259), (33, 1.5), (33, 2.25)), ('K.25 Musicalion', 'P1', 1, (444, 448), (58, 1.5), (58, 2.25))]) 

29 .    (((-2, -2, -2, 2), (0.12, 0.12, 0.25, 0.25)), [('K.25 Musicalion', 'P1', 1, (215, 219), (28, 2.0), (28, 2.5)), ('K.25 Musicalion', 'P1', 1, (224, 228), (29, 2.0), (29, 2.5))]) 

30 .    (((4, -2, -2, 2), (0.25, 0.25, 0.25, 0.25)), [('K.25 Musicalion', 'P1', 1, (120, 124), (16, 2.0), (16, 2.75)), ('K.25 Musicalion', 'P1', 1, (322, 326), (41, 2.0), (41, 2.75))]) 

31 .    (((-2, -2, -2), (0.5, 0.5, 0.5)), [('K.25 Musicalion', 'P1', 3, (86, 89), (23, 1.5), (23, 2.5)), ('K.25 Musicalion', 'P1', 3, (90, 93), (24, 1.5), (24, 2.5))]) 

32 .    (((-3, 2, -3), (0.25, 0.25, 0.25)), [('K.25 Musicalion', 'P1', 1, (334, 337), (43, 1.0), (43, 1.5)), ('K.25 Musicalion', 'P1', 2, (11, 14), (64, 1.5), (64, 2.0))]) 

33 .    (((-2, -2, -2), (0.25, 0.25, 0.25)), [('K.25 Musicalion', 'P1', 1, (137, 140), (18, 2.25), (18, 2.75)), ('K.25 Musicalion', 'P1', 1, (211, 214), (28, 1.0), (28, 1.5))]) 

34 .    (((15, 2, -2), (0.5, 0.5, 0.5)), [('K.25 Musicalion', 'P1', 3, (113, 116), (30, 1.0), (30, 2.0)), ('K.25 Musicalion', 'P1', 3, (218, 221), (57, 1.0), (57, 2.0))]) 

35 .    ((((3, -2), (3, -2), (3, -2)), ((0.0, 0.5), (0.0, 0.5), (0.0, 0.5))), [('K.25 Musicalion', 'P1', 3, (191, 194), (50, 1.5), (50, 2.5)), ('K.25 Musicalion', 'P1', 3, (195, 198), (51, 1.5), (51, 2.5)), ('K.25 Musicalion', 'P1', 3, (199, 202), (52, 1.5), (52, 2.5))]) 

36 .    ((((6, -2), (6, -2), (6, -2)), ((0.0, 0.5), (0.0, 0.5), (0.0, 0.5))), [('K.25 Musicalion', 'P1', 3, (158, 161), (41, 1.5), (41, 2.5)), ('K.25 Musicalion', 'P1', 3, (203, 206), (53, 1.5), (53, 2.5))]) 

37 .    (((22, 2, -2), (0.5, 0.5, 0.5)), [('K.25 Musicalion', 'P1', 3, (298, 301), (77, 1.0), (77, 2.0)), ('K.25 Musicalion', 'P1', 3, (306, 309), (79, 1.0), (79, 2.0))]) 

38 .    (((-3, 2), (0.25, 0.25)), [('K.25 Musicalion', 'P1', 1, (25, 27), (4, 2.5), (4, 2.75)), ('K.25 Musicalion', 'P1', 1, (28, 30), (5, 1.5), (5, 1.75)), ('K.25 Musicalion', 'P1', 1, (31, 33), (5, 2.5), (5, 2.75)), ('K.25 Musicalion', 'P1', 1, (134, 136), (18, 1.5), (18, 1.75)), ('K.25 Musicalion', 'P1', 1, (364, 366), (47, 2.5), (47, 2.75)), ('K.25 Musicalion', 'P1', 1, (536, 538), (70, 1.25), (70, 1.5))]) 

39 .    (((-2, -2), (0.25, 0.25)), [('K.25 Musicalion', 'P1', 1, (221, 223), (29, 1.25), (29, 1.5)), ('K.25 Musicalion', 'P1', 1, (319, 321), (41, 1.25), (41, 1.5)), ('K.25 Musicalion', 'P1', 1, (540, 542), (70, 2.25), (70, 2.5)), ('K.25 Musicalion', 'P1', 3, (271, 273), (70, 2.25), (70, 2.5))]) 

40 .    (((2, -2), (0.5, 0.5)), [('K.25 Musicalion', 'P1', 1, (495, 497), (65, 1.5), (65, 2.0)), ('K.25 Musicalion', 'P1', 3, (42, 44), (12, 1.5), (12, 2.0)), ('K.25 Musicalion', 'P1', 3, (207, 209), (54, 1.5), (54, 2.0)), ('K.25 Musicalion', 'P1', 3, (223, 225), (58, 1.5), (58, 2.0)), ('K.25 Musicalion', 'P1', 3, (303, 305), (78, 1.5), (78, 2.0))]) 

41 .    (((2, 2), (0.5, 0.5)), [('K.25 Musicalion', 'P1', 3, (57, 59), (16, 1.0), (16, 1.5)), ('K.25 Musicalion', 'P1', 3, (60, 62), (16, 2.5), (17, 1.0))]) 

42 .    ((((8, -2), (8, -2)), ((0.0, 0.5), (0.0, 0.5))), [('K.25 Musicalion', 'P1', 3, (330, 332), (85, 1.0), (85, 1.5)), ('K.25 Musicalion', 'P1', 3, (333, 335), (85, 2.5), (86, 1.0))]) 

43 .    (((-6, 7), (0.25, 0.25)), [('K.25 Musicalion', 'P1', 1, (280, 282), (36, 1.5), (36, 1.75)), ('K.25 Musicalion', 'P1', 1, (284, 286), (36, 2.5), (36, 2.75))]) 

44 .    (((-7, 6), (0.25, 0.25)), [('K.25 Musicalion', 'P1', 1, (125, 127), (17, 1.25), (17, 1.5)), ('K.25 Musicalion', 'P1', 1, (403, 405), (53, 1.5), (53, 1.75))]) 

45 .    ((((3, -2), (3, 2)), ((0.0, 0.5), (0.0, 0.5))), [('K.25 Musicalion', 'P1', 1, (347, 349), (44, 2.0), (44, 2.5)), ('K.25 Musicalion', 'P1', 1, (684, 686), (86, 2.0), (86, 2.5))]) 

46 .    (((-6, 2), (0.5, 0.5)), [('K.25 Musicalion', 'P1', 3, (103, 105), (27, 2.0), (27, 2.5)), ('K.25 Musicalion', 'P1', 3, (109, 111), (29, 1.0), (29, 1.5))]) 

47 .    (((2, -8), (0.5, 0.5)), [('K.25 Musicalion', 'P1', 3, (162, 164), (42, 1.5), (42, 2.0)), ('K.25 Musicalion', 'P1', 3, (327, 329), (84, 1.5), (84, 2.0))]) 

48 .    (((-3,), (0.25,)), [('K.25 Musicalion', 'P1', 1, (272, 273), (35, 1.5), (35, 1.5)), ('K.25 Musicalion', 'P1', 3, (188, 189), (49, 2.5), (49, 2.5)), ('K.25 Musicalion', 'P1', 2, (15, 16), (64, 2.5), (64, 2.5))]) 

49 .    (((-2,), (0.25,)), [('K.25 Musicalion', 'P1', 1, (117, 118), (16, 1.25), (16, 1.25)), ('K.25 Musicalion', 'P1', 1, (576, 577), (74, 2.25), (74, 2.25))]) 

50 .    (((-2,), (0.12,)), [('K.25 Musicalion', 'P1', 1, (270, 271), (35, 1.12), (35, 1.12)), ('K.25 Musicalion', 'P1', 1, (401, 402), (53, 1.12), (53, 1.12)), ('K.25 Musicalion', 'P1', 1, (534, 535), (70, 1.0), (70, 1.0)), ('K.25 Musicalion', 'P1', 1, (669, 670), (85, 1.5), (85, 1.5)), ('K.25 Musicalion', 'P1', 2, (8, 9), (64, 1.0), (64, 1.0))]) 

51 .    (((-5,), (0.25,)), [('K.25 Musicalion', 'P1', 1, (129, 130), (17, 2.25), (17, 2.25)), ('K.25 Musicalion', 'P1', 1, (132, 133), (18, 1.0), (18, 1.0)), ('K.25 Musicalion', 'P1', 1, (276, 277), (35, 2.5), (35, 2.5))]) 

52 .    (((-4,), (0.25,)), [('K.25 Musicalion', 'P1', 1, (274, 275), (35, 2.0), (35, 2.0)), ('K.25 Musicalion', 'P1', 2, (17, 18), (65, 1.0), (65, 1.0))]) 

