1 .    ('nomes', 'K.15 Musicalion') 

2 .    ('quantidade', 1) 

3 .    ('analise', 'recorręncias IntDiaDur sem contidos e intercalados') 

1 .    (((2, 2, 2, -2, 2, -2, 2, 2, 2, -2, 2, -2, -2, -2, 2, -2, 2, -2, 2, 2, 2, -2, 2, -6, 3, -2, 3, -2, 3, -2, 3, -4, 3, -4, 3, -4, 3, -2, 3, -2, 3, -2, 3, -4, 3, -4, 3, -4, 3, -4, 3, -4, 3, -2, 3, -4, 3, -4, 3, -2, 3, -4, 3, -4, 3, -2, 3, -4, 3, -4, 3, -2, 3, -2, 3, -2, 3, -4, 3, -4, 3, -4, 3, -2, 3, -2, 3, -2, 3, -4, 3, -4, 3, -4, 3, -2, -4, 4, 3, 3, -5, 3, 3, 4, -4), (1.0, 1.0, 1.0, 1.0, 1.0, 1.0, 1.0, 1.0, 1.0, 1.0, 1.0, 1.0, 1.0, 1.0, 1.0, 1.0, 1.0, 1.0, 1.0, 1.0, 1.0, 1.0, 1.0, 1.0, 0.5, 0.5, 0.5, 0.5, 0.5, 0.5, 0.5, 0.5, 0.5, 0.5, 0.5, 0.5, 0.5, 0.5, 0.5, 0.5, 0.5, 0.5, 0.5, 0.5, 0.5, 0.5, 0.5, 0.5, 0.5, 0.5, 0.5, 0.5, 0.5, 0.5, 0.5, 0.5, 0.5, 0.5, 0.5, 0.5, 0.5, 0.5, 0.5, 0.5, 0.5, 0.5, 0.5, 0.5, 0.5, 0.5, 0.5, 0.5, 0.5, 0.5, 0.5, 0.5, 0.5, 0.5, 0.5, 0.5, 0.5, 0.5, 0.5, 0.5, 0.5, 0.5, 0.5, 0.5, 0.5, 0.5, 0.5, 0.5, 0.5, 0.5, 0.5, 0.5, 4.5, 0.5, 0.5, -1.0, 0.5, 0.5, 0.5, 0.5, 0.5)), [('K.15 Musicalion', 'P1', 1, (63, 168), (20, 1.0), (42, 1.5)), ('K.15 Musicalion', 'P1', 1, (340, 445), (79, 2.5), (101, 3.0))]) 

2 .    (((-3, 4, -4, 5, -5, 6, -6, 5, -5, 6, -6, 5, -5, 4, -4, 3, -3, 4, -4, 3, -3, 4, -4, 3, -3, 4, -4, 5, -5, 6, -6, 5, -5, 6, -6, 5, -5, 4, -4, 3, -3, 4, -4, 3, -3, 4, -4, 1, 8, -8, 1, 8, -8, 1, 8, -8, 1, 8, -8, 1, -8, 8, -8, 1, 8, -8, 1, 8, -8, 1, 8, -8, 1, 8, -8, 1, 8, -8, 1, 8, -8, 4, -4, 4, 3, 3, -5, 3, 3, 4, -15, 11), (0.5, 0.5, 0.5, 0.5, 0.5, 0.5, 0.5, 0.5, 0.5, 0.5, 0.5, 0.5, 0.5, 0.5, 0.5, 0.5, 0.5, 0.5, 0.5, 0.5, 0.5, 0.5, 0.5, 0.5, 0.5, 0.5, 0.5, 0.5, 0.5, 0.5, 0.5, 0.5, 0.5, 0.5, 0.5, 0.5, 0.5, 0.5, 0.5, 0.5, 0.5, 0.5, 0.5, 0.5, 0.5, 0.5, 0.5, 0.5, 1.0, 1.0, 1.0, 1.0, 1.0, 1.0, 1.0, 1.0, 1.0, 1.0, 1.0, 1.0, 3.0, 1.0, 1.0, 1.0, 1.0, 1.0, 1.0, 1.0, 1.0, 1.0, 1.0, 1.0, 1.0, 1.0, 1.0, 1.0, 1.0, 1.0, 1.0, 1.0, 1.0, 1.0, 0.5, 0.5, 0.5, 0.5, 0.5, 0.5, 0.5, 0.5, 0.5, 3.0)), [('K.15 Musicalion', 'P1', 3, (77, 169), (20, 1.0), (42, 2.5)), ('K.15 Musicalion', 'P1', 3, (290, 382), (79, 2.5), (101, 1.0))]) 

3 .    (((3, -2, 3, -2, -2, -2, 3, -2, 3, -2, -2, -2, 3, -2, 3, -2, -2, -2, 2, -3, 2, -3, 2, -3, 3, -2, 3, -2, -2, -2, 3, -2, 3, -2, -2, -2, 3, -2, 3, -2, -2), (0.5, 0.5, 0.5, 0.5, 0.5, 0.5, 0.5, 0.5, 0.5, 0.5, 0.5, 0.5, 0.5, 0.5, 0.5, 0.5, 0.5, 0.5, 0.5, 0.5, 0.5, 0.5, 0.5, 0.5, 0.5, 0.5, 0.5, 0.5, 0.5, 0.5, 0.5, 0.5, 0.5, 0.5, 0.5, 0.5, 0.5, 0.5, 0.5, 0.5, 0.5)), [('K.15 Musicalion', 'P1', 3, (11, 52), (9, 1.0), (15, 3.0)), ('K.15 Musicalion', 'P1', 3, (248, 289), (72, 2.5), (78, 1.5))]) 

4 .    (((2, -3, 2, 2, -3, 2, 2, -3, 2, -2, -2, -2, 2, -3, 2, 2, -3, 2, 2, -3), (1.0, 1.0, 1.0, 1.0, 1.0, 1.0, 1.0, 1.0, 1.0, 1.0, 1.0, 1.0, 1.0, 1.0, 1.0, 1.0, 1.0, 1.0, 1.0, 1.0)), [('K.15 Musicalion', 'P1', 1, (30, 50), (9, 1.0), (15, 2.0)), ('K.15 Musicalion', 'P1', 1, (319, 339), (72, 2.5), (78, 3.5))]) 

5 .    ((((8, 3), (8, -3), (8, 2), (8, -3), (8, -3), (8, 4), (8, 3), (8, -3), (8, 2), (8, -3), (8, -3), (8, 4), (8, 3), (8, -3), (8, 2), (8, -3), (8, -3), (8, 4), (8, 2), (8, 2)), ((0.0, 1.0), (0.0, 1.0), (0.0, 1.0), (0.0, 1.0), (0.0, 1.0), (0.0, 1.0), (0.0, 1.0), (0.0, 1.0), (0.0, 1.0), (0.0, 1.0), (0.0, 1.0), (0.0, 1.0), (0.0, 1.0), (0.0, 1.0), (0.0, 1.0), (0.0, 1.0), (0.0, 1.0), (0.0, 1.0), (0.0, 1.0), (0.0, 1.0))), [('K.15 Musicalion', 'P1', 3, (172, 192), (44, 2.5), (50, 3.5)), ('K.15 Musicalion', 'P1', 3, (385, 405), (103, 1.0), (109, 2.0))]) 

6 .    ((((3, -4), 2, -2, -2, -2, 5, (3, -4), 2, -2, -2, -2), ((0.0, 0.5), 0.5, 0.5, 0.5, 0.5, 0.5, (0.0, 0.5), 0.5, 0.5, 0.5, 0.5)), [('K.15 Musicalion', 'P1', 1, (175, 186), (44, 2.5), (45, 1.5)), ('K.15 Musicalion', 'P1', 1, (187, 198), (46, 2.5), (47, 1.5)), ('K.15 Musicalion', 'P1', 1, (199, 210), (48, 2.5), (49, 1.5))]) 

7 .    ((((3, -4), 2, -2, -2, -2, 7, (3, -6), 2, -2, -2, -2), ((0.0, 0.5), 0.5, 0.5, 0.5, 0.5, 0.5, (0.0, 0.5), 0.5, 0.5, 0.5, 0.5)), [('K.15 Musicalion', 'P1', 1, (452, 463), (103, 1.0), (104, 3.0)), ('K.15 Musicalion', 'P1', 1, (464, 475), (105, 1.0), (106, 3.0)), ('K.15 Musicalion', 'P1', 1, (476, 487), (107, 1.0), (108, 3.0))]) 

8 .    (((2, 2, 6, -5, 6, -2, -2, 2, -4, -3, -3), (1.0, 1.0, 0.5, 0.5, 0.5, 0.5, 0.5, 0.5, 0.5, 0.5, 0.5)), [('K.15 Musicalion', 'P1', 1, (239, 250), (56, 3.5), (58, 3.5)), ('K.15 Musicalion', 'P1', 1, (255, 266), (60, 3.5), (62, 3.5))]) 

9 .    (((-3, 2, 2, 2, -2, -2, -3, 4, -3, 4, -3), (0.5, 0.5, 0.5, 0.5, 0.5, 0.5, 0.5, 0.5, 0.5, 0.5, 0.5)), [('K.15 Musicalion', 'P1', 3, (53, 64), (16, 1.0), (17, 3.0)), ('K.15 Musicalion', 'P1', 3, (65, 76), (18, 1.0), (19, 3.0))]) 

10 .    (((2, 2, 2, 2, 2, -5, 4, -4), (1.0, 2.0, 1.0, 1.0, 1.0, 1.0, 1.0, 1.0)), [('K.15 Musicalion', 'P1', 3, (199, 207), (55, 3.5), (58, 2.5)), ('K.15 Musicalion', 'P1', 3, (209, 217), (59, 3.5), (62, 2.5))]) 

11 .    ((((3, -2), (3, -2), (3, 3), (3, -2), (3, -2), (3, 3), (3, -2), (3, -2)), ((0.0, 1.0), (0.0, 1.0), (0.0, 1.0), (0.0, 1.0), (0.0, 1.0), (0.0, 1.0), (0.0, 1.0), (0.0, 1.0))), [('K.15 Musicalion', 'P1', 3, (219, 227), (63, 2.5), (65, 3.5)), ('K.15 Musicalion', 'P1', 3, (228, 236), (66, 2.5), (68, 3.5))]) 

12 .    (((-10, 2, 9, -8, 2, 2, 3), (1.0, 1.0, 1.0, 1.0, 1.0, 1.0, 0.5)), [('K.15 Musicalion', 'P1', 1, (0, 7), (1, 1.0), (3, 1.0)), ('K.15 Musicalion', 'P1', 1, (16, 23), (5, 1.0), (7, 1.0))]) 

13 .    (((1, 1, 1, 1, 1, 1), (3.0, 3.0, 3.0, 3.0, 3.0, 3.0)), [('K.15 Musicalion', 'P1', 2, (13, 19), (21, 1.0), (26, 1.0)), ('K.15 Musicalion', 'P1', 2, (24, 30), (80, 2.5), (85, 2.5))]) 

14 .    (((-10, 2, 9, -8, 2), (1.0, 1.0, 1.0, 1.0, 1.0)), [('K.15 Musicalion', 'P1', 2, (0, 5), (1, 1.0), (2, 2.0)), ('K.15 Musicalion', 'P1', 2, (7, 12), (5, 1.0), (6, 2.0))]) 

15 .    (((5, -6, 5, -6, 5), (0.5, 0.5, 0.5, 0.5, 0.5)), [('K.15 Musicalion', 'P1', 1, (281, 286), (65, 3.5), (66, 2.5)), ('K.15 Musicalion', 'P1', 1, (291, 296), (67, 2.5), (67, 1.5)), ('K.15 Musicalion', 'P1', 1, (297, 302), (68, 2.5), (68, 1.5))]) 

16 .    (((6, -6, 5, -6, 5), (0.5, 0.5, 0.5, 0.5, 0.5)), [('K.15 Musicalion', 'P1', 1, (267, 272), (63, 2.5), (63, 1.5)), ('K.15 Musicalion', 'P1', 1, (273, 278), (64, 2.5), (64, 1.5))]) 

17 .    (((-2, -2, 2, 2, 2), (1.0, 1.0, 1.0, 1.0, 1.0)), [('K.15 Musicalion', 'P1', 1, (51, 56), (16, 1.0), (17, 2.0)), ('K.15 Musicalion', 'P1', 1, (57, 62), (18, 1.0), (19, 2.0))]) 

18 .    (((-3, -2, 6, -7, 6), (0.5, 0.5, 0.5, 0.5, 0.5)), [('K.15 Musicalion', 'P1', 1, (169, 174), (43, 2.5), (43, 1.5)), ('K.15 Musicalion', 'P1', 1, (217, 222), (51, 2.5), (51, 1.5))]) 

19 .    (((3, -6, 4, -6, 3), (0.5, 0.5, 0.5, 0.5, 0.5)), [('K.15 Musicalion', 'P1', 1, (223, 228), (52, 2.5), (52, 1.5)), ('K.15 Musicalion', 'P1', 1, (229, 234), (53, 2.5), (53, 1.5))]) 

20 .    (((-3, 4, -5, 2, -3), (0.5, 0.5, 0.5, 0.5, 0.5)), [('K.15 Musicalion', 'P1', 1, (446, 451), (102, 1.0), (102, 3.0)), ('K.15 Musicalion', 'P1', 1, (494, 499), (110, 1.0), (110, 3.0))]) 

21 .    (((3, 3, 4, -4), (0.5, 0.5, 0.5, 0.5)), [('K.15 Musicalion', 'P1', 1, (212, 216), (50, 3.0), (50, 1.5)), ('K.15 Musicalion', 'P1', 1, (489, 493), (109, 1.5), (109, 3.0))]) 

22 .    (((-2, -2, -2), (0.5, 0.5, 0.5)), [('K.15 Musicalion', 'P1', 1, (311, 314), (70, 3.5), (70, 1.5)), ('K.15 Musicalion', 'P1', 3, (241, 244), (70, 3.5), (70, 1.5))]) 

23 .    (((-4, -3, -3), (0.5, 0.5, 0.5)), [('K.15 Musicalion', 'P1', 1, (315, 318), (71, 2.5), (71, 3.5)), ('K.15 Musicalion', 'P1', 1, (502, 505), (111, 2.0), (111, 3.0))]) 

24 .    (((5, -4, 5), (0.5, 0.5, 0.5)), [('K.15 Musicalion', 'P1', 1, (8, 11), (3, 2.0), (3, 3.0)), ('K.15 Musicalion', 'P1', 1, (304, 307), (69, 3.0), (69, 1.0))]) 

25 .    (((-4, -5), (1.0, 1.0)), [('K.15 Musicalion', 'P1', 3, (4, 6), (4, 1.0), (4, 2.0)), ('K.15 Musicalion', 'P1', 3, (245, 247), (71, 2.5), (71, 3.5))]) 

26 .    (((2,), (1.0,)), [('K.15 Musicalion', 'P1', 1, (236, 237), (55, 3.5), (55, 3.5)), ('K.15 Musicalion', 'P1', 1, (252, 253), (59, 3.5), (59, 3.5)), ('K.15 Musicalion', 'P1', 3, (1, 2), (3, 1.0), (3, 1.0)), ('K.15 Musicalion', 'P1', 3, (8, 9), (7, 2.0), (7, 2.0)), ('K.15 Musicalion', 'P1', 3, (193, 194), (51, 2.5), (51, 2.5)), ('K.15 Musicalion', 'P1', 4, (0, 1), (43, 2.5), (43, 2.5)), ('K.15 Musicalion', 'P1', 4, (2, 3), (51, 2.5), (51, 2.5))]) 

27 .    (((-3,), (0.5,)), [('K.15 Musicalion', 'P1', 1, (14, 15), (4, 2.5), (4, 2.5)), ('K.15 Musicalion', 'P1', 3, (410, 411), (112, 1.0), (112, 1.0))]) 

28 .    (((5,), (0.5,)), [('K.15 Musicalion', 'P1', 1, (287, 288), (66, 3.5), (66, 3.5)), ('K.15 Musicalion', 'P1', 1, (289, 290), (66, 1.5), (66, 1.5))]) 

29 .    (((6,), (0.5,)), [('K.15 Musicalion', 'P1', 1, (279, 280), (65, 2.5), (65, 2.5)), ('K.15 Musicalion', 'P1', 1, (308, 309), (69, 2.0), (69, 2.0))]) 

30 .    ((((3, -2),), ((0.0, 1.0),)), [('K.15 Musicalion', 'P1', 1, (28, 29), (8, 1.0), (8, 1.0)), ('K.15 Musicalion', 'P1', 3, (170, 171), (43, 3.5), (43, 3.5))]) 

31 .    (((1,), (3.0,)), [('K.15 Musicalion', 'P1', 2, (20, 21), (55, 2.5), (55, 2.5)), ('K.15 Musicalion', 'P1', 2, (22, 23), (59, 2.5), (59, 2.5)), ('K.15 Musicalion', 'P1', 3, (196, 197), (52, 2.5), (52, 2.5))]) 

