1 .    ('nomes', 'K.19 Musicalion') 

2 .    ('quantidade', 1) 

3 .    ('analise', 'sequÍncias IntDiaDurPcompasso sem contidos e intercalados') 

1 .    (((2, 2, -2, 1, 2, 2, -2), (0.25, 0.25, 0.25, 0.25, 0.25, 0.25, 0.25), (2.25, 2.5, 2.75, 1.0, 1.25, 1.5, 1.75)), [[('K.19 Musicalion', 'P1', 1, (162, 169), (25, 2.25), (26, 1.75)), ('K.19 Musicalion', 'P1', 1, (170, 177), (26, 2.25), (27, 1.75))], [('K.19 Musicalion', 'P1', 1, (513, 520), (75, 2.25), (76, 1.75)), ('K.19 Musicalion', 'P1', 1, (521, 528), (76, 2.25), (77, 1.75)), ('K.19 Musicalion', 'P1', 1, (529, 536), (77, 2.25), (78, 1.75)), ('K.19 Musicalion', 'P1', 1, (537, 544), (78, 2.25), (79, 1.75))]]) 

2 .    (((1, 2, 2, -2, 1, 2, 2), (0.25, 0.25, 0.25, 0.25, 0.25, 0.25, 0.25), (2.0, 2.25, 2.5, 2.75, 1.0, 1.25, 1.5)), [[('K.19 Musicalion', 'P1', 1, (161, 168), (25, 2.0), (26, 1.5)), ('K.19 Musicalion', 'P1', 1, (169, 176), (26, 2.0), (27, 1.5))]]) 

3 .    (((2, -2, 2, 2, 2, -2, 2, -3, 1, -2), (0.5, 0.25, 0.25, 0.25, 0.25, 0.25, 0.25, 0.25, 0.25, 0.5), (2.5, 1.0, 1.25, 1.5, 1.75, 2.0, 2.25, 2.5, 2.75, 1.0)), [[('K.19 Musicalion', 'P1', 1, (39, 49), (8, 2.5), (10, 1.0)), ('K.19 Musicalion', 'P1', 1, (50, 60), (10, 2.5), (12, 1.0))], [('K.19 Musicalion', 'P1', 1, (344, 354), (51, 2.5), (53, 1.0)), ('K.19 Musicalion', 'P1', 1, (355, 365), (53, 2.5), (55, 1.0))], [('K.19 Musicalion', 'P1', 1, (491, 501), (71, 2.5), (73, 1.0)), ('K.19 Musicalion', 'P1', 1, (502, 512), (73, 2.5), (75, 1.0))]]) 

4 .    (((6, -7, 6, -7, 6, -7, 6), (0.25, 0.25, 0.25, 0.25, 0.25, 0.25, 0.25), (1.0, 1.25, 1.5, 1.75, 2.0, 2.25, 2.5)), [[('K.19 Musicalion', 'P1', 1, (104, 111), (18, 1.0), (18, 2.5)), ('K.19 Musicalion', 'P1', 1, (112, 119), (19, 1.0), (19, 2.5))], [('K.19 Musicalion', 'P1', 1, (125, 132), (21, 1.0), (21, 2.5)), ('K.19 Musicalion', 'P1', 1, (133, 140), (22, 1.0), (22, 2.5))], [('K.19 Musicalion', 'P1', 1, (401, 408), (60, 1.0), (60, 2.5)), ('K.19 Musicalion', 'P1', 1, (409, 416), (61, 1.0), (61, 2.5))], [('K.19 Musicalion', 'P1', 1, (425, 432), (63, 1.0), (63, 2.5)), ('K.19 Musicalion', 'P1', 1, (433, 440), (64, 1.0), (64, 2.5))], [('K.19 Musicalion', 'P1', 1, (556, 563), (81, 1.0), (81, 2.5)), ('K.19 Musicalion', 'P1', 1, (564, 571), (82, 1.0), (82, 2.5))], [('K.19 Musicalion', 'P1', 1, (580, 587), (84, 1.0), (84, 2.5)), ('K.19 Musicalion', 'P1', 1, (588, 595), (85, 1.0), (85, 2.5))]]) 

5 .    (((-2, -2, -2), (0.5, 0.5, 0.5), (1.5, 2.0, 2.5)), [[('K.19 Musicalion', 'P1', 2, (39, 42), (13, 1.5), (13, 2.5)), ('K.19 Musicalion', 'P1', 2, (43, 46), (14, 1.5), (14, 2.5)), ('K.19 Musicalion', 'P1', 2, (47, 50), (15, 1.5), (15, 2.5))], [('K.19 Musicalion', 'P1', 2, (186, 189), (56, 1.5), (56, 2.5)), ('K.19 Musicalion', 'P1', 2, (190, 193), (57, 1.5), (57, 2.5))]]) 

6 .    (((-2, -2, -2), (0.5, 0.5, 0.5), (1.0, 1.5, 2.0)), [[('K.19 Musicalion', 'P1', 2, (38, 41), (13, 1.0), (13, 2.0)), ('K.19 Musicalion', 'P1', 2, (42, 45), (14, 1.0), (14, 2.0))], [('K.19 Musicalion', 'P1', 2, (185, 188), (56, 1.0), (56, 2.0)), ('K.19 Musicalion', 'P1', 2, (189, 192), (57, 1.0), (57, 2.0))]]) 

