1 .    ('nomes', 'K.9 Musicalion') 

2 .    ('quantidade', 1) 

3 .    ('analise', 'recorręncias IntDiaDurPcompasso sem contidos e intercalados') 

1 .    (((-2, -2, -2, 2, 2, 2, 2, 2, 2, -2, -2, -2, 2, 2, 2, 2, 2, -2, -2, -2, 2, 2, 2, 2, 2, 2, 2, -2, -2), (1.0, 1.0, -2.0, 0.5, 0.5, 0.5, 0.5, 0.5, 0.5, 1.0, 1.0, 1.0, 1.0, 0.5, 0.5, 0.5, 0.5, 1.0, 1.0, 1.0, 0.5, 0.5, 0.5, 0.5, 0.5, 0.25, 0.25, 1.0, 1.0), (2.0, 3.0, 4.0, 2.0, 2.5, 3.0, 3.5, 4.0, 4.5, 5.0, 6.0, 1.0, 2.0, 3.0, 3.5, 4.0, 4.5, 5.0, 6.0, 1.0, 2.0, 2.5, 3.0, 3.5, 4.0, 4.5, 4.75, 5.0, 6.0)), [('K.9 Musicalion', 'P1', 1, (46, 75), (8, 2.0), (11, 6.0)), ('K.9 Musicalion', 'P1', 2, (13, 42), (8, 2.0), (11, 6.0))]) 

2 .    (((-2, 6, -6, -2, 6, -6, -2, 6, -6, -2, 6, -6, -2, 6, -6, -2, 6, -7, 2, 2, 2, 2), (1.0, 1.0, 1.0, 1.0, 1.0, 1.0, 1.0, 1.0, 1.0, 1.0, 1.0, 1.0, 1.0, 1.0, 1.0, 1.0, 1.0, 1.0, 1.0, 0.5, 0.5, 0.5), (5.0, 6.0, 1.0, 2.0, 3.0, 4.0, 5.0, 6.0, 1.0, 2.0, 3.0, 4.0, 5.0, 6.0, 1.0, 2.0, 3.0, 4.0, 5.0, 6.0, 6.5, 1.0)), [('K.9 Musicalion', 'P1', 1, (23, 45), (5, 5.0), (8, 1.0)), ('K.9 Musicalion', 'P1', 1, (225, 247), (40, 5.0), (43, 1.0))]) 

3 .    (((2, 2, 2, 2, 2, 2, -2, -2, 2, 2, 2, 2, 2, 2, -2, -2), (0.5, 0.5, 0.5, 0.5, 0.5, 0.5, 1.0, 1.0, 1.0, 1.0, 0.5, 0.5, 0.5, 0.5, 1.0, 1.0), (5.0, 5.5, 6.0, 6.5, 1.0, 1.5, 2.0, 3.0, 4.0, 5.0, 6.0, 6.5, 1.0, 1.5, 2.0, 3.0)), [('K.9 Musicalion', 'P1', 1, (251, 267), (44, 5.0), (45, 3.0)), ('K.9 Musicalion', 'P1', 2, (56, 72), (44, 5.0), (45, 3.0))]) 

4 .    (((2, 2, -2, 2, 2, 2, 2, -6, -2, 2), (1.0, 1.0, 1.0, 1.0, 1.0, 2.0, 1.0, 1.0, 1.0, 1.0), (2.0, 3.0, 4.0, 5.0, 6.0, 1.0, 3.0, 4.0, 5.0, 6.0)), [('K.9 Musicalion', 'P1', 1, (156, 166), (27, 2.0), (29, 6.0)), ('K.9 Musicalion', 'P1', 1, (167, 177), (29, 2.0), (31, 6.0))]) 

5 .    (((-8, 2, -2, 1, 8, -8, 2, -2, 1, 8), (1.0, 1.0, 2.0, 1.0, 1.0, 1.0, 1.0, 2.0, 1.0, 1.0), (3.0, 4.0, 5.0, 1.0, 2.0, 3.0, 4.0, 5.0, 1.0, 2.0)), [('K.9 Musicalion', 'P1', 1, (193, 203), (34, 3.0), (36, 2.0)), ('K.9 Musicalion', 'P1', 1, (269, 279), (46, 3.0), (48, 2.0))]) 

6 .    (((-4, -5, -4, 11, -4, -5, -4, 11), (1.0, 1.0, 1.0, 3.0, 1.0, 1.0, 1.0, 3.0), (2.0, 3.0, 4.0, 5.0, 2.0, 3.0, 4.0, 5.0)), [('K.9 Musicalion', 'P1', 3, (31, 39), (16, 2.0), (17, 5.0)), ('K.9 Musicalion', 'P1', 3, (139, 147), (55, 2.0), (56, 5.0))]) 

7 .    (((-4, -5, -4, 11, -4, -5, -4, 11), (1.0, 1.0, 1.0, 3.0, 1.0, 1.0, 1.0, 3.0), (5.0, 6.0, 1.0, 2.0, 5.0, 6.0, 1.0, 2.0)), [('K.9 Musicalion', 'P1', 3, (47, 55), (21, 5.0), (22, 2.0)), ('K.9 Musicalion', 'P1', 3, (123, 131), (50, 5.0), (51, 2.0))]) 

8 .    (((8, -9, 8, -9, 8, -9, 8), (2.0, 1.0, 2.0, 1.0, 2.0, 1.0, 2.0), (5.0, 1.0, 2.0, 4.0, 5.0, 1.0, 2.0)), [('K.9 Musicalion', 'P1', 3, (91, 98), (39, 5.0), (40, 2.0)), ('K.9 Musicalion', 'P1', 3, (99, 106), (41, 5.0), (42, 2.0))]) 

9 .    (((-2, -2, 1, 2, -3, 2), (1.0, 1.0, 1.0, 1.0, 1.0, 1.0), (2.0, 3.0, 4.0, 5.0, 6.0, 1.0)), [('K.9 Musicalion', 'P1', 1, (89, 95), (15, 2.0), (15, 1.0)), ('K.9 Musicalion', 'P1', 1, (319, 325), (57, 2.0), (57, 1.0))]) 

10 .    (((-2, -5, 6, -2, -5, 6), (4.0, 1.0, 1.0, 4.0, 1.0, 1.0), (5.0, 3.0, 4.0, 5.0, 3.0, 4.0)), [('K.9 Musicalion', 'P1', 1, (121, 127), (21, 5.0), (22, 4.0)), ('K.9 Musicalion', 'P1', 1, (290, 296), (51, 5.0), (52, 4.0))]) 

11 .    (((-2, -5, 6, -2, -5), (4.0, 1.0, 1.0, 4.0, 1.0), (2.0, 6.0, 1.0, 2.0, 6.0)), [('K.9 Musicalion', 'P1', 1, (98, 103), (17, 2.0), (18, 6.0)), ('K.9 Musicalion', 'P1', 1, (313, 318), (55, 2.0), (56, 6.0))]) 

12 .    (((-2, -2, -2, -2, -2), (0.5, 0.5, 0.5, 0.5, 0.5), (2.0, 2.5, 3.0, 3.5, 4.0)), [('K.9 Musicalion', 'P1', 1, (109, 114), (20, 2.0), (20, 4.0)), ('K.9 Musicalion', 'P1', 1, (307, 312), (54, 2.0), (54, 4.0))]) 

13 .    (((-2, -2, -2, -2, -2), (0.5, 0.5, 0.5, 0.5, 0.5), (5.0, 5.5, 6.0, 6.5, 1.0)), [('K.9 Musicalion', 'P1', 1, (115, 120), (20, 5.0), (20, 1.0)), ('K.9 Musicalion', 'P1', 1, (301, 306), (54, 5.0), (54, 1.0))]) 

14 .    (((2, 2, 2, 2), (1.0, 0.5, 0.5, 0.5), (5.0, 6.0, 6.5, 1.0)), [('K.9 Musicalion', 'P1', 3, (18, 22), (8, 5.0), (8, 1.0)), ('K.9 Musicalion', 'P1', 3, (107, 111), (43, 5.0), (43, 1.0))]) 

15 .    (((-8, 2, -2, 1), (1.0, 1.0, 2.0, 1.0), (6.0, 1.0, 2.0, 4.0)), [('K.9 Musicalion', 'P1', 1, (77, 81), (12, 6.0), (13, 4.0)), ('K.9 Musicalion', 'P1', 1, (82, 86), (13, 6.0), (14, 4.0))]) 

16 .    (((2, 2, -2, -2), (1.0, 1.0, 2.0, 1.0), (2.0, 3.0, 4.0, 6.0)), [('K.9 Musicalion', 'P1', 1, (104, 108), (19, 2.0), (19, 6.0)), ('K.9 Musicalion', 'P1', 2, (44, 48), (19, 2.0), (19, 6.0))]) 

17 .    (((2, 2, -2), (1.0, 1.0, 1.0), (2.0, 3.0, 4.0)), [('K.9 Musicalion', 'P1', 1, (1, 4), (1, 2.0), (1, 4.0)), ('K.9 Musicalion', 'P1', 1, (178, 181), (31, 2.0), (31, 4.0))]) 

18 .    (((-2, -2, -2), (1.0, 1.0, 1.0), (2.0, 3.0, 4.0)), [('K.9 Musicalion', 'P1', 1, (189, 192), (33, 2.0), (33, 4.0)), ('K.9 Musicalion', 'P1', 1, (209, 212), (37, 2.0), (37, 4.0))]) 

19 .    (((1, -2, 1), (2.0, 1.0, 2.0), (5.0, 1.0, 2.0)), [('K.9 Musicalion', 'P1', 3, (6, 9), (5, 5.0), (5, 2.0)), ('K.9 Musicalion', 'P1', 3, (10, 13), (6, 5.0), (6, 2.0)), ('K.9 Musicalion', 'P1', 3, (14, 17), (7, 5.0), (7, 2.0))]) 

20 .    (((3, 2, -3), (1.0, 1.0, 1.0), (1.0, 2.0, 3.0)), [('K.9 Musicalion', 'P1', 1, (129, 132), (23, 1.0), (23, 3.0)), ('K.9 Musicalion', 'P1', 2, (51, 54), (23, 1.0), (23, 3.0))]) 

21 .    (((3, -8, 6), (1.0, 1.0, 1.0), (2.0, 3.0, 4.0)), [('K.9 Musicalion', 'P1', 1, (142, 145), (24, 2.0), (24, 4.0)), ('K.9 Musicalion', 'P1', 1, (148, 151), (25, 2.0), (25, 4.0))]) 

22 .    (((-2, -2, -2), (1.0, 1.0, 1.0), (4.0, 5.0, 6.0)), [('K.9 Musicalion', 'P1', 1, (185, 188), (32, 4.0), (33, 6.0)), ('K.9 Musicalion', 'P1', 1, (280, 283), (48, 4.0), (49, 6.0))]) 

23 .    (((2, -2, -2), (1.0, 2.0, 1.0), (6.0, 1.0, 3.0)), [('K.9 Musicalion', 'P1', 1, (297, 300), (53, 6.0), (53, 3.0)), ('K.9 Musicalion', 'P1', 2, (78, 81), (53, 6.0), (53, 3.0))]) 

24 .    (((5, -8, 4), (1.0, 1.0, 1.0), (5.0, 6.0, 1.0)), [('K.9 Musicalion', 'P1', 1, (332, 335), (58, 5.0), (58, 1.0)), ('K.9 Musicalion', 'P1', 1, (338, 341), (59, 5.0), (59, 1.0))]) 

25 .    ((((3, 4, 2), (3, 3, -2), (3, 4, -2)), ((0.0, 0.0, 3.0), (0.0, 0.0, 3.0), (0.0, 0.0, 3.0)), (2.0, 5.0, 2.0)), [('K.9 Musicalion', 'P1', 3, (65, 68), (27, 2.0), (28, 2.0)), ('K.9 Musicalion', 'P1', 3, (69, 72), (29, 2.0), (30, 2.0))]) 

26 .    (((-2, -2), (1.0, 1.0), (2.0, 3.0)), [('K.9 Musicalion', 'P1', 1, (216, 218), (38, 2.0), (38, 3.0)), ('K.9 Musicalion', 'P1', 1, (248, 250), (43, 2.0), (43, 3.0)), ('K.9 Musicalion', 'P1', 3, (112, 114), (43, 2.0), (43, 3.0))]) 

27 .    (((2, 2), (1.0, 1.0), (5.0, 6.0)), [('K.9 Musicalion', 'P1', 1, (153, 155), (27, 5.0), (27, 6.0)), ('K.9 Musicalion', 'P1', 1, (205, 207), (37, 5.0), (37, 6.0))]) 

28 .    (((-2, -2), (0.5, 0.5), (6.0, 6.5)), [('K.9 Musicalion', 'P1', 1, (16, 18), (3, 6.0), (3, 6.5)), ('K.9 Musicalion', 'P1', 2, (10, 12), (4, 6.0), (4, 6.5))]) 

29 .    (((3, 3), (1.0, 1.0), (2.0, 3.0)), [('K.9 Musicalion', 'P1', 3, (3, 5), (4, 2.0), (4, 3.0)), ('K.9 Musicalion', 'P1', 2, (2, 4), (2, 2.0), (2, 3.0))]) 

30 .    ((((8, 1), (8, 1)), ((0.0, 3.0), (0.0, 3.0)), (2.0, 5.0)), [('K.9 Musicalion', 'P1', 3, (60, 62), (24, 2.0), (25, 5.0)), ('K.9 Musicalion', 'P1', 3, (153, 155), (59, 2.0), (59, 5.0))]) 

31 .    ((((3, 4, 2), (3, 3, -6)), ((0.0, 0.0, 3.0), (0.0, 0.0, 3.0)), (2.0, 5.0)), [('K.9 Musicalion', 'P1', 3, (73, 75), (31, 2.0), (32, 5.0)), ('K.9 Musicalion', 'P1', 3, (88, 90), (37, 2.0), (38, 5.0))]) 

32 .    (((-4, -3), (1.0, 1.0), (5.0, 6.0)), [('K.9 Musicalion', 'P1', 3, (79, 81), (34, 5.0), (34, 6.0)), ('K.9 Musicalion', 'P1', 2, (73, 75), (46, 5.0), (46, 6.0))]) 

33 .    (((-2, -3), (3.0, 2.0), (5.0, 2.0)), [('K.9 Musicalion', 'P1', 4, (7, 9), (47, 5.0), (47, 2.0)), ('K.9 Musicalion', 'P1', 4, (10, 12), (48, 5.0), (48, 2.0))]) 

34 .    (((-2,), (1.0,), (5.0,)), [('K.9 Musicalion', 'P1', 1, (219, 220), (39, 5.0), (39, 5.0)), ('K.9 Musicalion', 'P1', 4, (1, 2), (14, 5.0), (14, 5.0))]) 

35 .    (((2,), (1.0,), (4.0,)), [('K.9 Musicalion', 'P1', 1, (286, 287), (49, 4.0), (49, 4.0)), ('K.9 Musicalion', 'P1', 3, (148, 149), (57, 4.0), (57, 4.0)), ('K.9 Musicalion', 'P1', 4, (5, 6), (15, 4.0), (15, 4.0))]) 

36 .    (((2,), (1.0,), (1.0,)), [('K.9 Musicalion', 'P1', 3, (43, 44), (18, 1.0), (18, 1.0)), ('K.9 Musicalion', 'P1', 3, (56, 57), (23, 1.0), (23, 1.0)), ('K.9 Musicalion', 'P1', 4, (14, 15), (49, 1.0), (49, 1.0))]) 

37 .    (((-5,), (1.0,), (6.0,)), [('K.9 Musicalion', 'P1', 1, (96, 97), (16, 6.0), (16, 6.0)), ('K.9 Musicalion', 'P1', 3, (132, 133), (52, 6.0), (52, 6.0))]) 

38 .    (((-5,), (1.0,), (3.0,)), [('K.9 Musicalion', 'P1', 1, (288, 289), (50, 3.0), (50, 3.0)), ('K.9 Musicalion', 'P1', 3, (40, 41), (18, 3.0), (18, 3.0))]) 

39 .    (((2,), (1.0,), (6.0,)), [('K.9 Musicalion', 'P1', 1, (182, 183), (32, 6.0), (32, 6.0)), ('K.9 Musicalion', 'P1', 1, (213, 214), (38, 6.0), (38, 6.0))]) 

40 .    (((-8,), (1.0,), (6.0,)), [('K.9 Musicalion', 'P1', 1, (5, 6), (1, 6.0), (1, 6.0)), ('K.9 Musicalion', 'P1', 1, (146, 147), (25, 6.0), (25, 6.0))]) 

41 .    (((4,), (1.0,), (1.0,)), [('K.9 Musicalion', 'P1', 3, (150, 151), (57, 1.0), (57, 1.0)), ('K.9 Musicalion', 'P1', 4, (3, 4), (14, 1.0), (14, 1.0))]) 

42 .    (((-2,), (3.0,), (5.0,)), [('K.9 Musicalion', 'P1', 3, (117, 118), (47, 5.0), (47, 5.0)), ('K.9 Musicalion', 'P1', 3, (119, 120), (48, 5.0), (48, 5.0))]) 

43 .    (((-2,), (3.0,), (2.0,)), [('K.9 Musicalion', 'P1', 1, (7, 8), (2, 2.0), (2, 2.0)), ('K.9 Musicalion', 'P1', 3, (27, 28), (14, 2.0), (14, 2.0))]) 

44 .    ((((3, -2),), ((0.0, 3.0),), (2.0,)), [('K.9 Musicalion', 'P1', 3, (25, 26), (13, 2.0), (13, 2.0)), ('K.9 Musicalion', 'P1', 2, (0, 1), (1, 2.0), (1, 2.0))]) 

45 .    ((((3, 2),), ((0.0, 3.0),), (2.0,)), [('K.9 Musicalion', 'P1', 3, (84, 85), (35, 2.0), (35, 2.0)), ('K.9 Musicalion', 'P1', 3, (86, 87), (36, 2.0), (36, 2.0))]) 

46 .    (((1,), (12.0,), (5.0,)), [('K.9 Musicalion', 'P1', 2, (49, 50), (21, 5.0), (21, 5.0)), ('K.9 Musicalion', 'P1', 2, (76, 77), (51, 5.0), (51, 5.0))]) 

