1 .    ('nomes', ['K.1 Musicalion', 'K.10 Musicalion', 'K.11 Musicalion', 'K.12 Musicalion', 'K.13 Musicalion', 'K.14 Musicalion', 'K.15 Musicalion', 'K.16 Musicalion', 'K.17 Musicalion', 'K.18 Musicalion', 'K.19 Musicalion', 'K.2 Musicalion', 'K.20 Musicalion', 'K.21 Musicalion', 'K.22 Musicalion', 'K.23 Musicalion', 'K.24 Musicalion', 'K.25 Musicalion', 'K.26 Musicalion', 'K.27 Musicalion', 'K.28 Musicalion', 'K.29 Musicalion', 'K.3 Musicalion', 'K.30 Musicalion', 'K.4 Musicalion', 'K.5 Musicalion', 'K.6 Musicalion', 'K.7 Musicalion', 'K.8 Musicalion', 'K.9 Musicalion']) 

2 .    ('quantidade', 30) 

3 .    ('analise', 'sequęncias IntDiaDurPcompasso sem cont e inter, int e dur de tamanhomax 133, que acontecem em 1 músicas do conjunto') 

1 .    (((-3, -3, 3, 3, -3, -3, 3, 4, -3, -4, 4, 3, -3, -4, 4), (0.25, 0.25, 0.25, 0.25, 0.25, 0.25, 0.25, 0.25, 0.25, 0.25, 0.25, 0.25, 0.25, 0.25, 0.25), (1.0, 1.25, 1.5, 1.75, 2.0, 2.25, 2.5, 2.75, 1.0, 1.25, 1.5, 1.75, 2.0, 2.25, 2.5)), [[('K.25 Musicalion', 'P1', 1, (229, 244), (30, 1.0), (31, 2.5)), ('K.25 Musicalion', 'P1', 1, (245, 260), (32, 1.0), (33, 2.5))], [('K.25 Musicalion', 'P1', 1, (418, 433), (55, 1.0), (56, 2.5)), ('K.25 Musicalion', 'P1', 1, (434, 449), (57, 1.0), (58, 2.5)), ('K.25 Musicalion', 'P1', 1, (450, 465), (59, 1.0), (60, 2.5))], [('K.25 Musicalion', 'P1', 1, (579, 594), (75, 1.0), (76, 2.5)), ('K.25 Musicalion', 'P1', 1, (595, 610), (77, 1.0), (78, 2.5))]]) 

2 .    (((2, 2, 2, 2, 2, 2, 2, 2, -2, -2, -2, -2, -2, -2, -2), (0.25, 0.25, 0.25, 0.25, 0.25, 0.25, 0.25, 0.25, 0.25, 0.25, 0.25, 0.25, 0.25, 0.25, 0.25), (1.0, 1.25, 1.5, 1.75, 2.0, 2.25, 2.5, 2.75, 1.0, 1.25, 1.5, 1.75, 2.0, 2.25, 2.5)), [[('K.20 Musicalion', 'P1', 1, (355, 370), (92, 1.0), (93, 2.5)), ('K.20 Musicalion', 'P1', 1, (371, 386), (94, 1.0), (95, 2.5)), ('K.20 Musicalion', 'P1', 1, (387, 402), (96, 1.0), (97, 2.5))], [('K.20 Musicalion', 'P1', 4, (314, 329), (92, 1.0), (93, 2.5)), ('K.20 Musicalion', 'P1', 4, (330, 345), (94, 1.0), (95, 2.5)), ('K.20 Musicalion', 'P1', 4, (346, 361), (96, 1.0), (97, 2.5))]]) 

3 .    (((4, 3, 3, 4, 12), (3.0, 0.33, 0.33, 0.33, 1.0), (1.0, 1.0, 1.33, 1.67, 2.0)), [[('K.28 Musicalion', 'P1', 3, (30, 35), (11, 1.0), (12, 2.0)), ('K.28 Musicalion', 'P1', 3, (36, 41), (13, 1.0), (14, 2.0)), ('K.28 Musicalion', 'P1', 3, (42, 47), (15, 1.0), (16, 2.0)), ('K.28 Musicalion', 'P1', 3, (48, 53), (17, 1.0), (18, 2.0))], [('K.28 Musicalion', 'P1', 3, (239, 244), (81, 1.0), (82, 2.0)), ('K.28 Musicalion', 'P1', 3, (245, 250), (83, 1.0), (84, 2.0)), ('K.28 Musicalion', 'P1', 3, (251, 256), (85, 1.0), (86, 2.0)), ('K.28 Musicalion', 'P1', 3, (257, 262), (87, 1.0), (88, 2.0)), ('K.28 Musicalion', 'P1', 3, (263, 268), (89, 1.0), (90, 2.0)), ('K.28 Musicalion', 'P1', 3, (269, 274), (91, 1.0), (92, 2.0)), ('K.28 Musicalion', 'P1', 3, (275, 280), (93, 1.0), (94, 2.0))]]) 

4 .    (((-3, -4, 7, -3, -5, 6, -3, -4, 5, -3, -3, 6, -3, -4, 5, -3, -3), (0.33, 0.33, 0.33, 0.33, 0.33, 0.33, 0.33, 0.33, 0.33, 0.33, 0.33, 0.33, 0.33, 0.33, 0.33, 0.33, 0.33), (3.0, 3.33, 3.67, 1.0, 1.33, 1.67, 2.0, 2.33, 2.67, 3.0, 3.33, 3.67, 1.0, 1.33, 1.67, 2.0, 2.33)), [[('K.21 Musicalion', 'P1', 1, (256, 273), (54, 3.0), (56, 2.33)), ('K.21 Musicalion', 'P1', 1, (274, 291), (56, 3.0), (58, 2.33))], [('K.21 Musicalion', 'P1', 1, (324, 341), (62, 3.0), (64, 2.33)), ('K.21 Musicalion', 'P1', 1, (342, 359), (64, 3.0), (66, 2.33))], [('K.21 Musicalion', 'P1', 1, (753, 770), (130, 3.0), (132, 2.33)), ('K.21 Musicalion', 'P1', 1, (771, 788), (132, 3.0), (134, 2.33))], [('K.21 Musicalion', 'P1', 1, (821, 838), (138, 3.0), (140, 2.33)), ('K.21 Musicalion', 'P1', 1, (839, 856), (140, 3.0), (142, 2.33))]]) 

5 .    (((-3, -4, 7, -3, -5, 8, -3, -6, 7, -3, -5, 6, -3, -4, 5, -3, -3), (0.33, 0.33, 0.33, 0.33, 0.33, 0.33, 0.33, 0.33, 0.33, 0.33, 0.33, 0.33, 0.33, 0.33, 0.33, 0.33, 0.33), (1.0, 1.33, 1.67, 2.0, 2.33, 2.67, 3.0, 3.33, 3.67, 1.0, 1.33, 1.67, 2.0, 2.33, 2.67, 3.0, 3.33)), [[('K.21 Musicalion', 'P1', 1, (372, 389), (68, 1.0), (69, 3.33)), ('K.21 Musicalion', 'P1', 1, (390, 407), (70, 1.0), (71, 3.33))], [('K.21 Musicalion', 'P1', 1, (869, 886), (144, 1.0), (145, 3.33)), ('K.21 Musicalion', 'P1', 1, (887, 904), (146, 1.0), (147, 3.33))]]) 

6 .    (((1, 2, -2, 1, 1, 1, 1, 2, -2, 1, 1, 1, 1, 2, -2, 1, 1), (0.5, 0.5, 0.5, 0.5, 0.5, -0.5, 0.5, 0.5, 0.5, 0.5, 0.5, -0.5, 0.5, 0.5, 0.5, 0.5, 0.5), (3.5, 1.0, 1.5, 2.0, 2.5, 3.0, 2.5, 3.0, 3.5, 1.0, 1.5, 2.0, 1.5, 2.0, 2.5, 3.0, 3.5)), [[('K.26 Musicalion', 'P1', 2, (60, 77), (121, 3.5), (123, 3.5)), ('K.26 Musicalion', 'P1', 2, (78, 95), (124, 3.5), (126, 3.5))], [('K.26 Musicalion', 'P1', 2, (101, 118), (130, 3.5), (132, 3.5)), ('K.26 Musicalion', 'P1', 2, (119, 136), (133, 3.5), (135, 3.5))]]) 

7 .    (((-3, -3, 5, -3, 4, -3, -4, 4, 4, -3, 4), (0.5, 0.5, 0.5, 0.5, 0.5, 0.5, 0.5, 0.5, 0.5, 0.5, 0.5), (1.5, 2.0, 2.5, 3.0, 3.5, 1.0, 1.5, 2.0, 2.5, 3.0, 3.5)), [[('K.7 Musicalion', 'P1', 1, (200, 211), (55, 1.5), (56, 3.5)), ('K.7 Musicalion', 'P1', 1, (212, 223), (57, 1.5), (58, 3.5)), ('K.7 Musicalion', 'P1', 1, (224, 235), (59, 1.5), (60, 3.5))], [('K.7 Musicalion', 'P1', 1, (248, 259), (63, 1.5), (64, 3.5)), ('K.7 Musicalion', 'P1', 1, (260, 271), (65, 1.5), (66, 3.5)), ('K.7 Musicalion', 'P1', 1, (272, 283), (67, 1.5), (68, 3.5))], [('K.7 Musicalion', 'P1', 1, (524, 535), (137, 1.5), (138, 3.5)), ('K.7 Musicalion', 'P1', 1, (536, 547), (139, 1.5), (140, 3.5)), ('K.7 Musicalion', 'P1', 1, (548, 559), (141, 1.5), (142, 3.5))], [('K.7 Musicalion', 'P1', 1, (572, 583), (145, 1.5), (146, 3.5)), ('K.7 Musicalion', 'P1', 1, (584, 595), (147, 1.5), (148, 3.5))]]) 

8 .    (((2, -3, -3, 3, 5, -3, -5, 5, 2, -3, -4), (0.25, 0.25, 0.25, 0.25, 0.25, 0.25, 0.25, 0.25, 0.25, 0.25, 0.25), (3.25, 3.5, 3.75, 1.0, 1.25, 1.5, 1.75, 2.0, 2.25, 2.5, 2.75)), [[('K.27 Musicalion', 'P1', 1, (296, 307), (36, 3.25), (37, 2.75)), ('K.27 Musicalion', 'P1', 1, (308, 319), (37, 3.25), (38, 2.75)), ('K.27 Musicalion', 'P1', 1, (320, 331), (38, 3.25), (39, 2.75))], [('K.27 Musicalion', 'P1', 1, (476, 487), (51, 3.25), (52, 2.75)), ('K.27 Musicalion', 'P1', 1, (488, 499), (52, 3.25), (53, 2.75))]]) 

9 .    (((-4, 4, 3, -3, -4, 4, 2, -3, -3, 3, 3, -3, -3, 3, 4), (0.25, 0.25, 0.25, 0.25, 0.25, 0.25, 0.25, 0.25, 0.25, 0.25, 0.25, 0.25, 0.25, 0.25, 0.25), (1.25, 1.5, 1.75, 2.0, 2.25, 2.5, 2.75, 1.0, 1.25, 1.5, 1.75, 2.0, 2.25, 2.5, 2.75)), [[('K.25 Musicalion', 'P1', 1, (85, 100), (12, 1.25), (13, 2.75)), ('K.25 Musicalion', 'P1', 1, (101, 116), (14, 1.25), (15, 2.75))], [('K.25 Musicalion', 'P1', 1, (142, 157), (19, 1.25), (20, 2.75)), ('K.25 Musicalion', 'P1', 1, (158, 173), (21, 1.25), (22, 2.75))], [('K.25 Musicalion', 'P1', 1, (411, 426), (54, 1.25), (55, 2.75)), ('K.25 Musicalion', 'P1', 1, (427, 442), (56, 1.25), (57, 2.75))]]) 

10 .    (((2, -3, -3, 3, 3, -3, -3, 3, 4, -3, -4, 4, 3, -3, -4), (0.25, 0.25, 0.25, 0.25, 0.25, 0.25, 0.25, 0.25, 0.25, 0.25, 0.25, 0.25, 0.25, 0.25, 0.25), (2.75, 1.0, 1.25, 1.5, 1.75, 2.0, 2.25, 2.5, 2.75, 1.0, 1.25, 1.5, 1.75, 2.0, 2.25)), [[('K.25 Musicalion', 'P1', 1, (228, 243), (29, 2.75), (31, 2.25)), ('K.25 Musicalion', 'P1', 1, (244, 259), (31, 2.75), (33, 2.25))], [('K.25 Musicalion', 'P1', 1, (578, 593), (74, 2.75), (76, 2.25)), ('K.25 Musicalion', 'P1', 1, (594, 609), (76, 2.75), (78, 2.25))]]) 

11 .    (((2, -2, 4, -2, 4, -2, 5, -9, 2, -2, 4, -2, 4, -2, 4), (0.25, 0.25, 0.25, 0.25, 0.25, 0.25, 0.25, 0.25, 0.25, 0.25, 0.25, 0.25, 0.25, 0.25, 0.25), (2.25, 2.5, 2.75, 1.0, 1.25, 1.5, 1.75, 2.0, 2.25, 2.5, 2.75, 1.0, 1.25, 1.5, 1.75)), [[('K.16 Musicalion', 'P1', 1, (424, 439), (71, 2.25), (72, 1.75)), ('K.16 Musicalion', 'P1', 1, (440, 455), (73, 2.25), (74, 1.75))], [('K.16 Musicalion', 'P1', 1, (584, 599), (97, 2.25), (98, 1.75)), ('K.16 Musicalion', 'P1', 1, (600, 615), (99, 2.25), (100, 1.75))]]) 

12 .    (((3, -2, -2, 4, 3, -2, -2, 5, 3, -2, -2, 4, 3, -2, -2), (0.25, 0.25, 0.25, 0.25, 0.25, 0.25, 0.25, 0.25, 0.25, 0.25, 0.25, 0.25, 0.25, 0.25, 0.25), (1.0, 1.25, 1.5, 1.75, 2.0, 2.25, 2.5, 2.75, 3.0, 3.25, 3.5, 3.75, 4.0, 4.25, 4.5)), [[('K.23 Musicalion', 'P1', 3, (27, 42), (6, 1.0), (6, 4.5)), ('K.23 Musicalion', 'P1', 3, (43, 58), (7, 1.0), (7, 4.5))], [('K.23 Musicalion', 'P1', 3, (76, 91), (14, 1.0), (14, 4.5)), ('K.23 Musicalion', 'P1', 3, (92, 107), (15, 1.0), (15, 4.5))]]) 

13 .    (((2, 2, 2, 2, -5, 6, -6), (0.25, 0.25, 0.25, 0.25, 0.5, 0.5, 0.5), (1.0, 1.25, 1.5, 1.75, 2.0, 2.5, 3.0)), [[('K.28 Musicalion', 'P1', 1, (199, 206), (51, 1.0), (51, 3.0)), ('K.28 Musicalion', 'P1', 1, (207, 214), (52, 1.0), (52, 3.0)), ('K.28 Musicalion', 'P1', 1, (215, 222), (53, 1.0), (53, 3.0))], [('K.28 Musicalion', 'P1', 1, (487, 494), (123, 1.0), (123, 3.0)), ('K.28 Musicalion', 'P1', 1, (495, 502), (124, 1.0), (124, 3.0)), ('K.28 Musicalion', 'P1', 1, (503, 510), (125, 1.0), (125, 3.0)), ('K.28 Musicalion', 'P1', 1, (511, 518), (126, 1.0), (126, 3.0))]]) 

14 .    (((2, 2, -2, 1, 2, 2, -2), (0.25, 0.25, 0.25, 0.25, 0.25, 0.25, 0.25), (2.25, 2.5, 2.75, 1.0, 1.25, 1.5, 1.75)), [[('K.19 Musicalion', 'P1', 1, (162, 169), (25, 2.25), (26, 1.75)), ('K.19 Musicalion', 'P1', 1, (170, 177), (26, 2.25), (27, 1.75))], [('K.19 Musicalion', 'P1', 1, (513, 520), (75, 2.25), (76, 1.75)), ('K.19 Musicalion', 'P1', 1, (521, 528), (76, 2.25), (77, 1.75)), ('K.19 Musicalion', 'P1', 1, (529, 536), (77, 2.25), (78, 1.75)), ('K.19 Musicalion', 'P1', 1, (537, 544), (78, 2.25), (79, 1.75))]]) 

15 .    (((-2, -2, 2, 4, -2, -2, -2, -2, -2, -2, -2, 7, -2, -2), (0.5, 0.5, 0.5, 0.12, 0.12, 0.12, 0.12, 0.12, 0.12, 0.12, 0.12, 0.12, 0.12, 0.12), (2.5, 3.0, 3.5, 1.0, 1.12, 1.25, 1.38, 1.5, 1.62, 1.75, 1.88, 2.0, 2.12, 2.25)), [[('K.10 Musicalion', 'P1', 1, (89, 103), (21, 2.5), (22, 2.25)), ('K.10 Musicalion', 'P1', 1, (104, 118), (23, 2.5), (24, 2.25))], [('K.10 Musicalion', 'P1', 1, (271, 285), (50, 2.5), (51, 2.25)), ('K.10 Musicalion', 'P1', 1, (286, 300), (52, 2.5), (53, 2.25))]]) 

16 .    (((-2, -2, 2, 4, -2, -2, -2, -2, -2, -2, -2, 7, -2, -2), (0.5, 0.5, 0.5, 0.12, 0.12, 0.12, 0.12, 0.12, 0.12, 0.12, 0.12, 0.12, 0.12, 0.12), (1.0, 1.5, 2.0, 2.5, 2.62, 2.75, 2.88, 3.0, 3.12, 3.25, 3.38, 3.5, 3.62, 3.75)), [[('K.10 Musicalion', 'P1', 1, (238, 252), (45, 1.0), (46, 3.75)), ('K.10 Musicalion', 'P1', 1, (253, 267), (47, 1.0), (48, 3.75))], [('K.10 Musicalion', 'P1', 1, (304, 318), (55, 1.0), (56, 3.75)), ('K.10 Musicalion', 'P1', 1, (319, 333), (57, 1.0), (58, 3.75))]]) 

17 .    (((-8, 3, -2, -2, 8, -8, 3, -2, -2), (0.25, 1.0, 0.25, 0.25, 0.25, 0.25, 1.0, 0.25, 0.25), (1.75, 2.0, 3.0, 3.25, 3.5, 3.75, 4.0, 1.0, 1.25)), [[('K.12 Musicalion', 'P1', 1, (118, 127), (9, 1.75), (10, 1.25)), ('K.12 Musicalion', 'P1', 1, (128, 137), (10, 1.75), (11, 1.25)), ('K.12 Musicalion', 'P1', 1, (138, 147), (11, 1.75), (12, 1.25))], [('K.12 Musicalion', 'P1', 1, (423, 432), (37, 1.75), (38, 1.25)), ('K.12 Musicalion', 'P1', 1, (433, 442), (38, 1.75), (39, 1.25))]]) 

18 .    (((-2, -2, -2, 2, 2, 2, 2, 2, -2), (0.5, 0.5, 0.5, 1.5, 0.5, 0.5, 0.5, 0.5, 0.5), (2.5, 3.0, 3.5, 1.0, 2.5, 3.0, 3.5, 1.0, 1.5)), [[('K.28 Musicalion', 'P1', 3, (62, 71), (22, 2.5), (24, 1.5)), ('K.28 Musicalion', 'P1', 3, (72, 81), (24, 2.5), (26, 1.5)), ('K.28 Musicalion', 'P1', 3, (82, 91), (26, 2.5), (28, 1.5))], [('K.28 Musicalion', 'P1', 3, (205, 214), (73, 2.5), (75, 1.5)), ('K.28 Musicalion', 'P1', 3, (215, 224), (75, 2.5), (77, 1.5))]]) 

19 .    (((-2, -2, 6, -5, 4, -5, 4, -5), (0.12, 0.12, 0.25, 0.25, 0.25, 0.25, 0.25, 0.25), (1.0, 1.12, 1.25, 1.5, 1.75, 2.0, 2.25, 2.5)), [[('K.25 Musicalion', 'P1', 1, (173, 181), (23, 1.0), (23, 2.5)), ('K.25 Musicalion', 'P1', 1, (182, 190), (24, 1.0), (24, 2.5)), ('K.25 Musicalion', 'P1', 1, (191, 199), (25, 1.0), (25, 2.5))], [('K.25 Musicalion', 'P1', 1, (373, 381), (50, 1.0), (50, 2.5)), ('K.25 Musicalion', 'P1', 1, (382, 390), (51, 1.0), (51, 2.5)), ('K.25 Musicalion', 'P1', 1, (391, 399), (52, 1.0), (52, 2.5))], [('K.25 Musicalion', 'P1', 1, (543, 551), (71, 1.0), (71, 2.5)), ('K.25 Musicalion', 'P1', 1, (552, 560), (72, 1.0), (72, 2.5))], [('K.25 Musicalion', 'P1', 1, (619, 627), (80, 1.0), (80, 2.5)), ('K.25 Musicalion', 'P1', 1, (628, 636), (81, 1.0), (81, 2.5))]]) 

20 .    (((4, -2, -2, 6, -5, 4, -5, 4), (0.25, 0.12, 0.12, 0.25, 0.25, 0.25, 0.25, 0.25), (2.75, 1.0, 1.12, 1.25, 1.5, 1.75, 2.0, 2.25)), [[('K.25 Musicalion', 'P1', 1, (618, 626), (79, 2.75), (80, 2.25)), ('K.25 Musicalion', 'P1', 1, (627, 635), (80, 2.75), (81, 2.25))]]) 

21 .    (((-3, -5, 5, 2, -3, -4, 4, 2, -3, -3, 3), (0.25, 0.25, 0.25, 0.25, 0.25, 0.25, 0.25, 0.25, 0.25, 0.25, 0.25), (1.5, 1.75, 2.0, 2.25, 2.5, 2.75, 3.0, 3.25, 3.5, 3.75, 1.0)), [[('K.27 Musicalion', 'P1', 1, (469, 480), (51, 1.5), (52, 1.0)), ('K.27 Musicalion', 'P1', 1, (481, 492), (52, 1.5), (53, 1.0))]]) 

22 .    (((-6, 5, -5, 4, -4, 3, -3, 4, -4, 5, -5), (0.5, 0.5, 0.5, 0.5, 0.5, 0.5, 0.5, 0.5, 0.5, 0.5, 0.5), (2.0, 2.5, 3.0, 3.5, 1.0, 1.5, 2.0, 2.5, 3.0, 3.5, 1.0)), [[('K.26 Musicalion', 'P1', 1, (65, 76), (15, 2.0), (17, 1.0)), ('K.26 Musicalion', 'P1', 1, (77, 88), (17, 2.0), (19, 1.0))], [('K.26 Musicalion', 'P1', 1, (107, 118), (22, 2.0), (24, 1.0)), ('K.26 Musicalion', 'P1', 1, (119, 130), (24, 2.0), (26, 1.0))]]) 

23 .    (((2, 2, 2, 2, -2, -2, -2), (0.25, 0.25, 0.25, 0.25, 0.25, 0.25, 0.25), (1.0, 1.25, 1.5, 1.75, 2.0, 2.25, 2.5)), [[('K.20 Musicalion', 'P1', 1, (119, 126), (41, 1.0), (41, 2.5)), ('K.20 Musicalion', 'P1', 1, (127, 134), (42, 1.0), (42, 2.5)), ('K.20 Musicalion', 'P1', 1, (135, 142), (43, 1.0), (43, 2.5))], [('K.20 Musicalion', 'P1', 4, (111, 118), (41, 1.0), (41, 2.5)), ('K.20 Musicalion', 'P1', 4, (119, 126), (42, 1.0), (42, 2.5)), ('K.20 Musicalion', 'P1', 4, (127, 134), (43, 1.0), (43, 2.5))]]) 

24 .    (((1, 2, 2, -2, 1, 2, 2), (0.25, 0.25, 0.25, 0.25, 0.25, 0.25, 0.25), (2.0, 2.25, 2.5, 2.75, 1.0, 1.25, 1.5)), [[('K.19 Musicalion', 'P1', 1, (161, 168), (25, 2.0), (26, 1.5)), ('K.19 Musicalion', 'P1', 1, (169, 176), (26, 2.0), (27, 1.5))]]) 

25 .    (((-2, 6, -6, -2, 6), (1.0, 1.0, 1.0, 1.0, 1.0), (5.0, 6.0, 1.0, 2.0, 3.0)), [[('K.9 Musicalion', 'P1', 1, (23, 28), (5, 5.0), (5, 3.0)), ('K.9 Musicalion', 'P1', 1, (29, 34), (6, 5.0), (6, 3.0)), ('K.9 Musicalion', 'P1', 1, (35, 40), (7, 5.0), (7, 3.0))], [('K.9 Musicalion', 'P1', 1, (219, 224), (39, 5.0), (39, 3.0)), ('K.9 Musicalion', 'P1', 1, (225, 230), (40, 5.0), (40, 3.0)), ('K.9 Musicalion', 'P1', 1, (231, 236), (41, 5.0), (41, 3.0)), ('K.9 Musicalion', 'P1', 1, (237, 242), (42, 5.0), (42, 3.0))]]) 

26 .    (((8, -2, -2), (1.0, 1.0, 1.0), (1.0, 2.0, 3.0)), [[('K.30 Musicalion', 'P1', 4, (237, 240), (66, 1.0), (66, 3.0)), ('K.30 Musicalion', 'P1', 4, (241, 244), (67, 1.0), (67, 3.0)), ('K.30 Musicalion', 'P1', 4, (245, 248), (68, 1.0), (68, 3.0)), ('K.30 Musicalion', 'P1', 4, (249, 252), (69, 1.0), (69, 3.0)), ('K.30 Musicalion', 'P1', 4, (253, 256), (70, 1.0), (70, 3.0)), ('K.30 Musicalion', 'P1', 4, (257, 260), (71, 1.0), (71, 3.0))], [('K.30 Musicalion', 'P1', 4, (427, 430), (128, 1.0), (128, 3.0)), ('K.30 Musicalion', 'P1', 4, (431, 434), (129, 1.0), (129, 3.0)), ('K.30 Musicalion', 'P1', 4, (435, 438), (130, 1.0), (130, 3.0)), ('K.30 Musicalion', 'P1', 4, (439, 442), (131, 1.0), (131, 3.0))]]) 

27 .    (((4, 2, 2), (1.0, 1.0, 1.0), (1.0, 2.0, 3.0)), [[('K.30 Musicalion', 'P1', 1, (228, 231), (66, 1.0), (66, 3.0)), ('K.30 Musicalion', 'P1', 1, (232, 235), (67, 1.0), (67, 3.0)), ('K.30 Musicalion', 'P1', 1, (236, 239), (68, 1.0), (68, 3.0)), ('K.30 Musicalion', 'P1', 1, (240, 243), (69, 1.0), (69, 3.0)), ('K.30 Musicalion', 'P1', 1, (244, 247), (70, 1.0), (70, 3.0)), ('K.30 Musicalion', 'P1', 1, (248, 251), (71, 1.0), (71, 3.0))], [('K.30 Musicalion', 'P1', 1, (480, 483), (129, 1.0), (129, 3.0)), ('K.30 Musicalion', 'P1', 1, (484, 487), (130, 1.0), (130, 3.0)), ('K.30 Musicalion', 'P1', 1, (488, 491), (131, 1.0), (131, 3.0))]]) 

28 .    (((2, -2, 2, 2, 2, -2, 2, -3, 1, -2), (0.5, 0.25, 0.25, 0.25, 0.25, 0.25, 0.25, 0.25, 0.25, 0.5), (2.5, 1.0, 1.25, 1.5, 1.75, 2.0, 2.25, 2.5, 2.75, 1.0)), [[('K.19 Musicalion', 'P1', 1, (39, 49), (8, 2.5), (10, 1.0)), ('K.19 Musicalion', 'P1', 1, (50, 60), (10, 2.5), (12, 1.0))], [('K.19 Musicalion', 'P1', 1, (344, 354), (51, 2.5), (53, 1.0)), ('K.19 Musicalion', 'P1', 1, (355, 365), (53, 2.5), (55, 1.0))], [('K.19 Musicalion', 'P1', 1, (491, 501), (71, 2.5), (73, 1.0)), ('K.19 Musicalion', 'P1', 1, (502, 512), (73, 2.5), (75, 1.0))]]) 

29 .    (((-2, -2, -2, -2, -2, -2, -8, 2, 3, 2), (0.25, 0.25, 0.25, 0.25, 0.25, 0.25, 0.5, 0.5, 0.5, 0.5), (2.25, 2.5, 2.75, 1.0, 1.25, 1.5, 1.75, 2.25, 2.75, 1.25)), [[('K.22 Musicalion', 'P1', 3, (221, 231), (52, 2.25), (53, 1.25)), ('K.22 Musicalion', 'P1', 3, (232, 242), (54, 2.25), (55, 1.25))], [('K.22 Musicalion', 'P1', 3, (251, 261), (58, 2.25), (59, 1.25)), ('K.22 Musicalion', 'P1', 3, (262, 272), (60, 2.25), (61, 1.25))]]) 

30 .    (((3, -3, 1, -2, -2, 2), (1.0, 1.0, 1.0, 1.0, 0.5, 0.5), (1.0, 2.0, 3.0, 1.0, 2.0, 2.5)), [[('K.7 Musicalion', 'P1', 1, (24, 30), (9, 1.0), (10, 2.5)), ('K.7 Musicalion', 'P1', 1, (31, 37), (11, 1.0), (12, 2.5)), ('K.7 Musicalion', 'P1', 1, (38, 44), (13, 1.0), (14, 2.5))], [('K.7 Musicalion', 'P1', 1, (366, 372), (95, 1.0), (96, 2.5)), ('K.7 Musicalion', 'P1', 1, (373, 379), (97, 1.0), (98, 2.5)), ('K.7 Musicalion', 'P1', 1, (380, 386), (99, 1.0), (100, 2.5))]]) 

31 .    (((1, 3, -3, 1, -2, -2), (1.0, 1.0, 1.0, 1.0, 1.0, 0.5), (3.0, 1.0, 2.0, 3.0, 1.0, 2.0)), [[('K.7 Musicalion', 'P1', 1, (365, 371), (94, 3.0), (96, 2.0)), ('K.7 Musicalion', 'P1', 1, (372, 378), (96, 3.0), (98, 2.0)), ('K.7 Musicalion', 'P1', 1, (379, 385), (98, 3.0), (100, 2.0))]]) 

32 .    (((8, -8), (1.0, 1.0), (1.0, 2.0)), [[('K.15 Musicalion', 'P1', 3, (125, 127), (28, 1.0), (28, 2.0)), ('K.15 Musicalion', 'P1', 3, (128, 130), (29, 1.0), (29, 2.0)), ('K.15 Musicalion', 'P1', 3, (131, 133), (30, 1.0), (30, 2.0)), ('K.15 Musicalion', 'P1', 3, (134, 136), (31, 1.0), (31, 2.0))], [('K.15 Musicalion', 'P1', 3, (138, 140), (33, 1.0), (33, 2.0)), ('K.15 Musicalion', 'P1', 3, (141, 143), (34, 1.0), (34, 2.0)), ('K.15 Musicalion', 'P1', 3, (144, 146), (35, 1.0), (35, 2.0)), ('K.15 Musicalion', 'P1', 3, (147, 149), (36, 1.0), (36, 2.0)), ('K.15 Musicalion', 'P1', 3, (150, 152), (37, 1.0), (37, 2.0)), ('K.15 Musicalion', 'P1', 3, (153, 155), (38, 1.0), (38, 2.0)), ('K.15 Musicalion', 'P1', 3, (156, 158), (39, 1.0), (39, 2.0))]]) 

33 .    (((8, -8), (1.0, 1.0), (2.5, 3.5)), [[('K.15 Musicalion', 'P1', 3, (338, 340), (87, 2.5), (87, 3.5)), ('K.15 Musicalion', 'P1', 3, (341, 343), (88, 2.5), (88, 3.5)), ('K.15 Musicalion', 'P1', 3, (344, 346), (89, 2.5), (89, 3.5)), ('K.15 Musicalion', 'P1', 3, (347, 349), (90, 2.5), (90, 3.5))], [('K.15 Musicalion', 'P1', 3, (351, 353), (92, 2.5), (92, 3.5)), ('K.15 Musicalion', 'P1', 3, (354, 356), (93, 2.5), (93, 3.5)), ('K.15 Musicalion', 'P1', 3, (357, 359), (94, 2.5), (94, 3.5)), ('K.15 Musicalion', 'P1', 3, (360, 362), (95, 2.5), (95, 3.5)), ('K.15 Musicalion', 'P1', 3, (363, 365), (96, 2.5), (96, 3.5)), ('K.15 Musicalion', 'P1', 3, (366, 368), (97, 2.5), (97, 3.5)), ('K.15 Musicalion', 'P1', 3, (369, 371), (98, 2.5), (98, 3.5))]]) 

34 .    (((-2, -2, 8, -8, 3, -2, -2, 8, -8), (0.25, 0.25, 0.25, 0.25, 1.0, 0.25, 0.25, 0.25, 0.25), (1.0, 1.25, 1.5, 1.75, 2.0, 3.0, 3.25, 3.5, 3.75)), [[('K.12 Musicalion', 'P1', 1, (420, 429), (37, 1.0), (38, 3.75)), ('K.12 Musicalion', 'P1', 1, (430, 439), (38, 1.0), (39, 3.75))]]) 

35 .    (((3, -2, -2), (0.5, 0.5, 0.5), (1.0, 1.5, 2.0)), [[('K.20 Musicalion', 'P1', 4, (17, 20), (9, 1.0), (9, 2.0)), ('K.20 Musicalion', 'P1', 4, (21, 24), (10, 1.0), (10, 2.0)), ('K.20 Musicalion', 'P1', 4, (25, 28), (11, 1.0), (11, 2.0)), ('K.20 Musicalion', 'P1', 4, (29, 32), (12, 1.0), (12, 2.0)), ('K.20 Musicalion', 'P1', 4, (33, 36), (13, 1.0), (13, 2.0))], [('K.20 Musicalion', 'P1', 4, (42, 45), (17, 1.0), (17, 2.0)), ('K.20 Musicalion', 'P1', 4, (46, 49), (18, 1.0), (18, 2.0)), ('K.20 Musicalion', 'P1', 4, (50, 53), (19, 1.0), (19, 2.0)), ('K.20 Musicalion', 'P1', 4, (54, 57), (20, 1.0), (20, 2.0)), ('K.20 Musicalion', 'P1', 4, (58, 61), (21, 1.0), (21, 2.0))]]) 

36 .    (((2, 2, -7), (1.0, 1.0, 3.0), (2.0, 3.0, 4.0)), [[('K.30 Musicalion', 'P1', 1, (477, 480), (128, 2.0), (128, 4.0)), ('K.30 Musicalion', 'P1', 1, (481, 484), (129, 2.0), (129, 4.0)), ('K.30 Musicalion', 'P1', 1, (485, 488), (130, 2.0), (130, 4.0))]]) 

37 .    (((-3, -5, 6, -3, -4, 5, -3, -3), (0.33, 0.33, 0.33, 0.33, 0.33, 0.33, 0.33, 0.33), (1.0, 1.33, 1.67, 2.0, 2.33, 2.67, 3.0, 3.33)), [[('K.21 Musicalion', 'P1', 2, (0, 8), (37, 1.0), (37, 3.33)), ('K.21 Musicalion', 'P1', 2, (9, 17), (41, 1.0), (41, 3.33))], [('K.21 Musicalion', 'P1', 2, (21, 29), (113, 1.0), (113, 3.33)), ('K.21 Musicalion', 'P1', 2, (30, 38), (117, 1.0), (117, 3.33))]]) 

38 .    (((-2, 2, -4, -2, 2, -3, -2, 2), (0.33, 0.33, 0.33, 0.33, 0.33, 0.33, 0.33, 0.33), (1.0, 1.33, 1.67, 2.0, 2.33, 2.67, 3.0, 3.33)), [[('K.17 Musicalion', 'P1', 1, (190, 198), (45, 1.0), (45, 3.33)), ('K.17 Musicalion', 'P1', 1, (199, 207), (46, 1.0), (46, 3.33))], [('K.17 Musicalion', 'P1', 3, (99, 107), (47, 1.0), (47, 3.33)), ('K.17 Musicalion', 'P1', 3, (108, 116), (48, 1.0), (48, 3.33))]]) 

39 .    (((-2, -2, -2, -2, -2, -2, -2, -2), (0.33, 0.33, 0.33, 0.33, 0.33, 0.33, 0.33, 0.33), (3.0, 3.33, 3.67, 1.0, 1.33, 1.67, 2.0, 2.33)), [[('K.6 Musicalion', 'P1', 1, (195, 203), (42, 3.0), (42, 2.33)), ('K.6 Musicalion', 'P1', 1, (204, 212), (43, 3.0), (43, 2.33))], [('K.6 Musicalion', 'P1', 1, (231, 239), (50, 3.0), (50, 2.33)), ('K.6 Musicalion', 'P1', 1, (240, 248), (51, 3.0), (51, 2.33))]]) 

40 .    (((-3, -3, -4, -3, -3, 6, 1, 7), (0.5, 0.5, 0.5, 0.5, 0.5, 0.5, 1.0, 1.0), (1.0, 1.5, 2.0, 2.5, 3.0, 3.5, 1.0, 2.0)), [[('K.21 Musicalion', 'P1', 1, (203, 211), (43, 1.0), (44, 2.0)), ('K.21 Musicalion', 'P1', 1, (212, 220), (45, 1.0), (46, 2.0))], [('K.21 Musicalion', 'P1', 1, (705, 713), (119, 1.0), (120, 2.0)), ('K.21 Musicalion', 'P1', 1, (714, 722), (121, 1.0), (122, 2.0))]]) 

41 .    (((-4, -5, 8, -4, -5, 8, -4, -5), (0.33, 0.33, 0.33, 0.33, 0.33, 0.33, 0.33, 0.33), (1.0, 1.33, 1.67, 2.0, 2.33, 2.67, 3.0, 3.33)), [[('K.21 Musicalion', 'P1', 1, (566, 574), (100, 1.0), (100, 3.33)), ('K.21 Musicalion', 'P1', 1, (575, 583), (101, 1.0), (101, 3.33))], [('K.21 Musicalion', 'P1', 1, (602, 610), (104, 1.0), (104, 3.33)), ('K.21 Musicalion', 'P1', 1, (611, 619), (105, 1.0), (105, 3.33))]]) 

42 .    (((-2, -2, -2, -2, -2, -2, -2, -2), (0.33, 0.33, 0.33, 0.33, 0.33, 0.33, 0.33, 0.33), (2.0, 2.33, 2.67, 3.0, 3.33, 3.67, 1.0, 1.33)), [[('K.6 Musicalion', 'P1', 1, (166, 174), (33, 2.0), (33, 1.33)), ('K.6 Musicalion', 'P1', 1, (175, 183), (34, 2.0), (34, 1.33))], [('K.6 Musicalion', 'P1', 3, (91, 99), (35, 2.0), (35, 1.33)), ('K.6 Musicalion', 'P1', 3, (100, 108), (36, 2.0), (36, 1.33))]]) 

43 .    (((2, 2, 2, 3, -2, -2, -2, -2), (1.0, 1.0, 1.0, 0.5, 0.5, 0.5, 0.5, 0.5), (1.0, 2.0, 3.0, 1.0, 1.5, 2.0, 2.5, 3.0)), [[('K.7 Musicalion', 'P1', 1, (66, 74), (20, 1.0), (21, 3.0)), ('K.7 Musicalion', 'P1', 1, (75, 83), (22, 1.0), (23, 3.0))], [('K.7 Musicalion', 'P1', 2, (153, 161), (101, 1.0), (102, 3.0)), ('K.7 Musicalion', 'P1', 2, (162, 170), (103, 1.0), (104, 3.0))]]) 

44 .    (((-2, -2, -2, -2, 2), (1.0, 1.0, 1.0, 1.0, 1.0), (2.0, 3.0, 4.0, 5.0, 6.0)), [[('K.30 Musicalion', 'P1', 1, (6, 11), (4, 2.0), (4, 6.0)), ('K.30 Musicalion', 'P1', 1, (12, 17), (5, 2.0), (5, 6.0))], [('K.30 Musicalion', 'P1', 4, (7, 12), (9, 2.0), (9, 6.0)), ('K.30 Musicalion', 'P1', 4, (13, 18), (10, 2.0), (10, 6.0))], [('K.30 Musicalion', 'P1', 4, (287, 292), (81, 2.0), (81, 6.0)), ('K.30 Musicalion', 'P1', 4, (293, 298), (82, 2.0), (82, 6.0)), ('K.30 Musicalion', 'P1', 4, (299, 304), (83, 2.0), (83, 6.0))]]) 

45 .    (((3, -2, -2, -2, -2), (1.0, 1.0, 1.0, 1.0, 1.0), (1.0, 2.0, 3.0, 4.0, 5.0)), [[('K.30 Musicalion', 'P1', 4, (104, 109), (32, 1.0), (32, 5.0)), ('K.30 Musicalion', 'P1', 4, (110, 115), (33, 1.0), (33, 5.0))]]) 

46 .    (((2, 1, 2, 2, 1), (1.0, 1.0, 1.0, 1.0, 1.0), (3.0, 1.0, 2.0, 3.0, 1.0)), [[('K.21 Musicalion', 'P1', 3, (190, 195), (54, 3.0), (56, 1.0)), ('K.21 Musicalion', 'P1', 3, (196, 201), (56, 3.0), (58, 1.0)), ('K.21 Musicalion', 'P1', 3, (202, 207), (58, 3.0), (60, 1.0))], [('K.21 Musicalion', 'P1', 3, (213, 218), (62, 3.0), (64, 1.0)), ('K.21 Musicalion', 'P1', 3, (219, 224), (64, 3.0), (66, 1.0)), ('K.21 Musicalion', 'P1', 3, (225, 230), (66, 3.0), (68, 1.0))], [('K.21 Musicalion', 'P1', 3, (443, 448), (130, 3.0), (132, 1.0)), ('K.21 Musicalion', 'P1', 3, (449, 454), (132, 3.0), (134, 1.0)), ('K.21 Musicalion', 'P1', 3, (455, 460), (134, 3.0), (136, 1.0))], [('K.21 Musicalion', 'P1', 3, (466, 471), (138, 3.0), (140, 1.0)), ('K.21 Musicalion', 'P1', 3, (472, 477), (140, 3.0), (142, 1.0)), ('K.21 Musicalion', 'P1', 3, (478, 483), (142, 3.0), (144, 1.0))]]) 

47 .    (((8, -2, -2, -2, -2), (1.0, 1.0, 1.0, 1.0, 1.0), (1.0, 2.0, 3.0, 4.0, 5.0)), [[('K.30 Musicalion', 'P1', 4, (54, 59), (21, 1.0), (21, 5.0)), ('K.30 Musicalion', 'P1', 4, (60, 65), (22, 1.0), (22, 5.0)), ('K.30 Musicalion', 'P1', 4, (66, 71), (23, 1.0), (23, 5.0))], [('K.30 Musicalion', 'P1', 4, (171, 176), (49, 1.0), (49, 5.0)), ('K.30 Musicalion', 'P1', 4, (177, 182), (50, 1.0), (50, 5.0))]]) 

48 .    (((3, 3, 4, 3, 3), (0.5, 0.5, 0.5, 0.5, 0.5), (1.0, 1.5, 2.0, 2.5, 3.0)), [[('K.21 Musicalion', 'P1', 3, (168, 173), (50, 1.0), (50, 3.0)), ('K.21 Musicalion', 'P1', 3, (174, 179), (51, 1.0), (51, 3.0)), ('K.21 Musicalion', 'P1', 3, (180, 185), (52, 1.0), (52, 3.0))], [('K.21 Musicalion', 'P1', 3, (421, 426), (126, 1.0), (126, 3.0)), ('K.21 Musicalion', 'P1', 3, (427, 432), (127, 1.0), (127, 3.0)), ('K.21 Musicalion', 'P1', 3, (433, 438), (128, 1.0), (128, 3.0))]]) 

49 .    (((3, -2, 3, -2, -2), (0.5, 0.5, 0.5, 0.5, 0.5), (2.5, 3.0, 3.5, 1.0, 1.5)), [[('K.15 Musicalion', 'P1', 3, (248, 253), (72, 2.5), (72, 1.5)), ('K.15 Musicalion', 'P1', 3, (254, 259), (73, 2.5), (73, 1.5)), ('K.15 Musicalion', 'P1', 3, (260, 265), (74, 2.5), (74, 1.5))], [('K.15 Musicalion', 'P1', 3, (272, 277), (76, 2.5), (76, 1.5)), ('K.15 Musicalion', 'P1', 3, (278, 283), (77, 2.5), (77, 1.5)), ('K.15 Musicalion', 'P1', 3, (284, 289), (78, 2.5), (78, 1.5))]]) 

50 .    (((3, -2, -2, -2, 8), (0.5, 0.5, 0.5, 0.5, 0.5), (2.0, 2.5, 3.0, 3.5, 1.0)), [[('K.28 Musicalion', 'P1', 1, (127, 132), (36, 2.0), (37, 1.0)), ('K.28 Musicalion', 'P1', 1, (133, 138), (37, 2.0), (38, 1.0)), ('K.28 Musicalion', 'P1', 1, (139, 144), (38, 2.0), (39, 1.0))], [('K.28 Musicalion', 'P1', 1, (393, 398), (105, 2.0), (106, 1.0)), ('K.28 Musicalion', 'P1', 1, (399, 404), (106, 2.0), (107, 1.0)), ('K.28 Musicalion', 'P1', 1, (405, 410), (107, 2.0), (108, 1.0))]]) 

51 .    (((-2, -2, -13, -8, 8), (1.0, 1.0, 1.0, 1.0, 1.0), (2.0, 3.0, 1.0, 2.0, 3.0)), [[('K.26 Musicalion', 'P1', 3, (30, 35), (15, 2.0), (16, 3.0)), ('K.26 Musicalion', 'P1', 3, (36, 41), (17, 2.0), (18, 3.0))], [('K.26 Musicalion', 'P1', 3, (51, 56), (22, 2.0), (23, 3.0)), ('K.26 Musicalion', 'P1', 3, (57, 62), (24, 2.0), (25, 3.0)), ('K.26 Musicalion', 'P1', 3, (63, 68), (26, 2.0), (27, 3.0))]]) 

52 .    (((-2, -2), (1.0, 1.0), (5.0, 6.0)), [[('K.30 Musicalion', 'P1', 1, (285, 287), (79, 5.0), (79, 6.0)), ('K.30 Musicalion', 'P1', 1, (288, 290), (80, 5.0), (80, 6.0))], [('K.30 Musicalion', 'P1', 2, (130, 132), (66, 5.0), (66, 6.0)), ('K.30 Musicalion', 'P1', 2, (133, 135), (67, 5.0), (67, 6.0)), ('K.30 Musicalion', 'P1', 2, (136, 138), (68, 5.0), (68, 6.0)), ('K.30 Musicalion', 'P1', 2, (139, 141), (69, 5.0), (69, 6.0)), ('K.30 Musicalion', 'P1', 2, (142, 144), (70, 5.0), (70, 6.0)), ('K.30 Musicalion', 'P1', 2, (145, 147), (71, 5.0), (71, 6.0))], [('K.30 Musicalion', 'P1', 2, (240, 242), (128, 5.0), (128, 6.0)), ('K.30 Musicalion', 'P1', 2, (243, 245), (129, 5.0), (129, 6.0)), ('K.30 Musicalion', 'P1', 2, (246, 248), (130, 5.0), (130, 6.0)), ('K.30 Musicalion', 'P1', 2, (249, 251), (131, 5.0), (131, 6.0))]]) 

53 .    (((8, 8), (1.0, 1.0), (1.0, 2.0)), [[('K.7 Musicalion', 'P1', 3, (70, 72), (55, 1.0), (55, 2.0)), ('K.7 Musicalion', 'P1', 3, (73, 75), (56, 1.0), (56, 2.0)), ('K.7 Musicalion', 'P1', 3, (76, 78), (57, 1.0), (57, 2.0)), ('K.7 Musicalion', 'P1', 3, (79, 81), (58, 1.0), (58, 2.0)), ('K.7 Musicalion', 'P1', 3, (82, 84), (59, 1.0), (59, 2.0)), ('K.7 Musicalion', 'P1', 3, (85, 87), (60, 1.0), (60, 2.0))], [('K.7 Musicalion', 'P1', 3, (94, 96), (63, 1.0), (63, 2.0)), ('K.7 Musicalion', 'P1', 3, (97, 99), (64, 1.0), (64, 2.0)), ('K.7 Musicalion', 'P1', 3, (100, 102), (65, 1.0), (65, 2.0)), ('K.7 Musicalion', 'P1', 3, (103, 105), (66, 1.0), (66, 2.0)), ('K.7 Musicalion', 'P1', 3, (106, 108), (67, 1.0), (67, 2.0)), ('K.7 Musicalion', 'P1', 3, (109, 111), (68, 1.0), (68, 2.0))], [('K.7 Musicalion', 'P1', 3, (191, 193), (137, 1.0), (137, 2.0)), ('K.7 Musicalion', 'P1', 3, (194, 196), (138, 1.0), (138, 2.0)), ('K.7 Musicalion', 'P1', 3, (197, 199), (139, 1.0), (139, 2.0)), ('K.7 Musicalion', 'P1', 3, (200, 202), (140, 1.0), (140, 2.0)), ('K.7 Musicalion', 'P1', 3, (203, 205), (141, 1.0), (141, 2.0)), ('K.7 Musicalion', 'P1', 3, (206, 208), (142, 1.0), (142, 2.0))], [('K.7 Musicalion', 'P1', 3, (215, 217), (145, 1.0), (145, 2.0)), ('K.7 Musicalion', 'P1', 3, (218, 220), (146, 1.0), (146, 2.0)), ('K.7 Musicalion', 'P1', 3, (221, 223), (147, 1.0), (147, 2.0)), ('K.7 Musicalion', 'P1', 3, (224, 226), (148, 1.0), (148, 2.0)), ('K.7 Musicalion', 'P1', 3, (227, 229), (149, 1.0), (149, 2.0)), ('K.7 Musicalion', 'P1', 3, (230, 232), (150, 1.0), (150, 2.0))]]) 

54 .    (((2, -2), (4.0, 1.0), (1.0, 5.0)), [[('K.30 Musicalion', 'P1', 2, (129, 131), (66, 1.0), (66, 5.0)), ('K.30 Musicalion', 'P1', 2, (132, 134), (67, 1.0), (67, 5.0)), ('K.30 Musicalion', 'P1', 2, (135, 137), (68, 1.0), (68, 5.0)), ('K.30 Musicalion', 'P1', 2, (138, 140), (69, 1.0), (69, 5.0)), ('K.30 Musicalion', 'P1', 2, (141, 143), (70, 1.0), (70, 5.0)), ('K.30 Musicalion', 'P1', 2, (144, 146), (71, 1.0), (71, 5.0))], [('K.30 Musicalion', 'P1', 2, (239, 241), (128, 1.0), (128, 5.0)), ('K.30 Musicalion', 'P1', 2, (242, 244), (129, 1.0), (129, 5.0)), ('K.30 Musicalion', 'P1', 2, (245, 247), (130, 1.0), (130, 5.0)), ('K.30 Musicalion', 'P1', 2, (248, 250), (131, 1.0), (131, 5.0))]]) 

55 .    (((6, -7, 6, -7, 6, -7, 6), (0.25, 0.25, 0.25, 0.25, 0.25, 0.25, 0.25), (1.0, 1.25, 1.5, 1.75, 2.0, 2.25, 2.5)), [[('K.19 Musicalion', 'P1', 1, (104, 111), (18, 1.0), (18, 2.5)), ('K.19 Musicalion', 'P1', 1, (112, 119), (19, 1.0), (19, 2.5))], [('K.19 Musicalion', 'P1', 1, (125, 132), (21, 1.0), (21, 2.5)), ('K.19 Musicalion', 'P1', 1, (133, 140), (22, 1.0), (22, 2.5))], [('K.19 Musicalion', 'P1', 1, (401, 408), (60, 1.0), (60, 2.5)), ('K.19 Musicalion', 'P1', 1, (409, 416), (61, 1.0), (61, 2.5))], [('K.19 Musicalion', 'P1', 1, (425, 432), (63, 1.0), (63, 2.5)), ('K.19 Musicalion', 'P1', 1, (433, 440), (64, 1.0), (64, 2.5))], [('K.19 Musicalion', 'P1', 1, (556, 563), (81, 1.0), (81, 2.5)), ('K.19 Musicalion', 'P1', 1, (564, 571), (82, 1.0), (82, 2.5))], [('K.19 Musicalion', 'P1', 1, (580, 587), (84, 1.0), (84, 2.5)), ('K.19 Musicalion', 'P1', 1, (588, 595), (85, 1.0), (85, 2.5))]]) 

56 .    (((-2, -2, 2, -3, 2, -3, 7), (0.25, 0.25, 0.25, 0.25, 0.25, 0.25, 0.25), (2.0, 2.25, 2.5, 2.75, 1.0, 1.25, 1.5)), [[('K.22 Musicalion', 'P1', 2, (1, 8), (22, 2.0), (22, 1.5)), ('K.22 Musicalion', 'P1', 2, (9, 16), (23, 2.0), (23, 1.5))], [('K.22 Musicalion', 'P1', 2, (25, 32), (26, 2.0), (26, 1.5)), ('K.22 Musicalion', 'P1', 2, (33, 40), (27, 2.0), (27, 1.5))]]) 

57 .    (((-8, -2, -5, 11, -8, -2, -3), (0.5, 0.5, 0.5, 0.5, 0.5, 0.5, 0.5), (1.0, 1.5, 2.0, 2.5, 3.0, 3.5, 4.0)), [[('K.23 Musicalion', 'P1', 3, (0, 7), (1, 1.0), (1, 4.0)), ('K.23 Musicalion', 'P1', 3, (8, 15), (2, 1.0), (2, 4.0))], [('K.23 Musicalion', 'P1', 3, (318, 325), (36, 1.0), (36, 4.0)), ('K.23 Musicalion', 'P1', 3, (326, 333), (37, 1.0), (37, 4.0))]]) 

58 .    (((2, 2, 2, 2, -2, -2, -2), (0.5, 0.5, 0.5, 0.5, 1.0, 1.0, 1.0), (3.0, 3.5, 4.0, 4.5, 5.0, 6.0, 1.0)), [[('K.9 Musicalion', 'P1', 1, (51, 58), (9, 3.0), (9, 1.0)), ('K.9 Musicalion', 'P1', 1, (59, 66), (10, 3.0), (10, 1.0))], [('K.9 Musicalion', 'P1', 2, (18, 25), (9, 3.0), (9, 1.0)), ('K.9 Musicalion', 'P1', 2, (26, 33), (10, 3.0), (10, 1.0))]]) 

59 .    (((-6, -2, -2), (0.5, 0.5, 0.5), (1.0, 1.5, 2.0)), [[('K.20 Musicalion', 'P1', 1, (103, 106), (37, 1.0), (37, 2.0)), ('K.20 Musicalion', 'P1', 1, (107, 110), (38, 1.0), (38, 2.0)), ('K.20 Musicalion', 'P1', 1, (111, 114), (39, 1.0), (39, 2.0)), ('K.20 Musicalion', 'P1', 1, (115, 118), (40, 1.0), (40, 2.0))], [('K.20 Musicalion', 'P1', 1, (280, 283), (73, 1.0), (73, 2.0)), ('K.20 Musicalion', 'P1', 1, (284, 287), (74, 1.0), (74, 2.0))], [('K.20 Musicalion', 'P1', 1, (343, 346), (89, 1.0), (89, 2.0)), ('K.20 Musicalion', 'P1', 1, (347, 350), (90, 1.0), (90, 2.0)), ('K.20 Musicalion', 'P1', 1, (351, 354), (91, 1.0), (91, 2.0))]]) 

60 .    (((1, -5, 2), (3.0, 3.0, 3.0), (1.0, 1.0, 1.0)), [[('K.17 Musicalion', 'P1', 4, (3, 6), (28, 1.0), (30, 1.0)), ('K.17 Musicalion', 'P1', 4, (7, 10), (32, 1.0), (34, 1.0))], [('K.17 Musicalion', 'P1', 4, (14, 17), (73, 1.0), (75, 1.0)), ('K.17 Musicalion', 'P1', 4, (18, 21), (77, 1.0), (79, 1.0)), ('K.17 Musicalion', 'P1', 4, (22, 25), (97, 1.0), (99, 1.0)), ('K.17 Musicalion', 'P1', 4, (26, 29), (101, 1.0), (103, 1.0))]]) 

61 .    ((((6, -3), (6, -3), (6, -3), (6, -3)), ((0.0, 1.0), (0.0, 1.0), (0.0, 1.0), (0.0, 1.0)), (2.0, 3.0, 1.0, 2.0)), [[('K.7 Musicalion', 'P1', 1, (137, 141), (39, 2.0), (40, 2.0)), ('K.7 Musicalion', 'P1', 1, (142, 146), (41, 2.0), (42, 2.0)), ('K.7 Musicalion', 'P1', 1, (147, 151), (43, 2.0), (44, 2.0))], [('K.7 Musicalion', 'P1', 1, (168, 172), (47, 2.0), (48, 2.0)), ('K.7 Musicalion', 'P1', 1, (173, 177), (49, 2.0), (50, 2.0)), ('K.7 Musicalion', 'P1', 1, (178, 182), (51, 2.0), (52, 2.0))], [('K.7 Musicalion', 'P1', 1, (492, 496), (129, 2.0), (130, 2.0)), ('K.7 Musicalion', 'P1', 1, (497, 501), (131, 2.0), (132, 2.0)), ('K.7 Musicalion', 'P1', 1, (502, 506), (133, 2.0), (134, 2.0))]]) 

62 .    ((((8, 2), (8, 6), -2, -2), ((0.0, 2.0), (0.0, 1.0), 1.5, 0.5), (1.0, 3.0, 1.0, 2.5)), [[('K.7 Musicalion', 'P1', 3, (33, 37), (40, 1.0), (41, 2.5)), ('K.7 Musicalion', 'P1', 3, (38, 42), (42, 1.0), (43, 2.5)), ('K.7 Musicalion', 'P1', 3, (43, 47), (44, 1.0), (45, 2.5))], [('K.7 Musicalion', 'P1', 3, (52, 56), (48, 1.0), (49, 2.5)), ('K.7 Musicalion', 'P1', 3, (57, 61), (50, 1.0), (51, 2.5)), ('K.7 Musicalion', 'P1', 3, (62, 66), (52, 1.0), (53, 2.5))], [('K.7 Musicalion', 'P1', 3, (173, 177), (130, 1.0), (131, 2.5)), ('K.7 Musicalion', 'P1', 3, (178, 182), (132, 1.0), (133, 2.5)), ('K.7 Musicalion', 'P1', 3, (183, 187), (134, 1.0), (135, 2.5))]]) 

63 .    (((-3, 2), (1.0, 1.0), (1.0, 2.0)), [[('K.28 Musicalion', 'P1', 3, (110, 112), (34, 1.0), (34, 2.0)), ('K.28 Musicalion', 'P1', 3, (113, 115), (35, 1.0), (35, 2.0)), ('K.28 Musicalion', 'P1', 3, (116, 118), (36, 1.0), (36, 2.0)), ('K.28 Musicalion', 'P1', 3, (119, 121), (37, 1.0), (37, 2.0)), ('K.28 Musicalion', 'P1', 3, (122, 124), (38, 1.0), (38, 2.0))], [('K.28 Musicalion', 'P1', 3, (307, 309), (103, 1.0), (103, 2.0)), ('K.28 Musicalion', 'P1', 3, (310, 312), (104, 1.0), (104, 2.0)), ('K.28 Musicalion', 'P1', 3, (313, 315), (105, 1.0), (105, 2.0)), ('K.28 Musicalion', 'P1', 3, (316, 318), (106, 1.0), (106, 2.0)), ('K.28 Musicalion', 'P1', 3, (319, 321), (107, 1.0), (107, 2.0))]]) 

64 .    (((2, 2, 2, -2, -2, -2), (0.5, 0.25, 0.25, 0.5, 0.5, 0.5), (3.5, 1.0, 1.25, 1.5, 2.0, 2.5)), [[('K.21 Musicalion', 'P1', 1, (123, 129), (27, 3.5), (28, 2.5)), ('K.21 Musicalion', 'P1', 1, (130, 136), (28, 3.5), (29, 2.5))], [('K.21 Musicalion', 'P1', 1, (146, 152), (31, 3.5), (32, 2.5)), ('K.21 Musicalion', 'P1', 1, (153, 159), (32, 3.5), (33, 2.5))]]) 

65 .    (((3, 3, 4, 12, -22), (0.33, 0.33, 0.33, 1.0, 1.0), (1.0, 1.33, 1.67, 2.0, 3.0)), [[('K.28 Musicalion', 'P1', 3, (25, 30), (10, 1.0), (10, 3.0)), ('K.28 Musicalion', 'P1', 3, (31, 36), (12, 1.0), (12, 3.0))], [('K.28 Musicalion', 'P1', 3, (234, 239), (80, 1.0), (80, 3.0)), ('K.28 Musicalion', 'P1', 3, (240, 245), (82, 1.0), (82, 3.0))]]) 

66 .    (((-2, 3, -2, 3, -2), (0.5, 0.5, 0.5, 0.5, 0.5), (3.5, 1.0, 1.5, 2.0, 2.5)), [[('K.15 Musicalion', 'P1', 3, (16, 21), (9, 3.5), (10, 2.5)), ('K.15 Musicalion', 'P1', 3, (22, 27), (10, 3.5), (11, 2.5))], [('K.15 Musicalion', 'P1', 3, (40, 45), (13, 3.5), (14, 2.5)), ('K.15 Musicalion', 'P1', 3, (46, 51), (14, 3.5), (15, 2.5))]]) 

67 .    (((2, 2, 2, 2, -8), (1.0, 1.0, 1.0, 1.0, 1.0), (1.0, 2.0, 3.0, 1.0, 2.0)), [[('K.21 Musicalion', 'P1', 3, (235, 240), (70, 1.0), (71, 2.0)), ('K.21 Musicalion', 'P1', 3, (241, 246), (72, 1.0), (73, 2.0))], [('K.21 Musicalion', 'P1', 3, (488, 493), (146, 1.0), (147, 2.0)), ('K.21 Musicalion', 'P1', 3, (494, 499), (148, 1.0), (149, 2.0))]]) 

68 .    (((3, -2, -2, -2, 3), (0.5, 0.5, 0.5, 0.5, 0.5), (2.0, 2.5, 3.0, 3.5, 1.0)), [[('K.15 Musicalion', 'P1', 3, (13, 18), (9, 2.0), (10, 1.0)), ('K.15 Musicalion', 'P1', 3, (19, 24), (10, 2.0), (11, 1.0))], [('K.15 Musicalion', 'P1', 3, (37, 42), (13, 2.0), (14, 1.0)), ('K.15 Musicalion', 'P1', 3, (43, 48), (14, 2.0), (15, 1.0))]]) 

69 .    (((-8, -2, 7, -8, -2), (0.5, 0.5, 1.0, 0.5, 0.5), (1.0, 1.5, 2.0, 3.0, 3.5)), [[('K.23 Musicalion', 'P1', 1, (0, 5), (1, 1.0), (1, 3.5)), ('K.23 Musicalion', 'P1', 1, (6, 11), (2, 1.0), (2, 3.5))], [('K.23 Musicalion', 'P1', 1, (401, 406), (33, 1.0), (33, 3.5)), ('K.23 Musicalion', 'P1', 1, (407, 412), (34, 1.0), (34, 3.5))], [('K.23 Musicalion', 'P1', 1, (429, 434), (36, 1.0), (36, 3.5)), ('K.23 Musicalion', 'P1', 1, (435, 440), (37, 1.0), (37, 3.5))]]) 

70 .    (((2, -4, 2, -4, 2), (0.5, 0.5, 0.5, 0.5, 0.5), (2.0, 2.5, 3.0, 3.5, 1.0)), [[('K.28 Musicalion', 'P1', 1, (177, 182), (47, 2.0), (48, 1.0)), ('K.28 Musicalion', 'P1', 1, (183, 188), (48, 2.0), (49, 1.0))], [('K.28 Musicalion', 'P1', 1, (467, 472), (119, 2.0), (120, 1.0)), ('K.28 Musicalion', 'P1', 1, (473, 478), (120, 2.0), (121, 1.0))]]) 

71 .    (((-2, -2, -13, -8, 8), (1.0, 1.0, 1.0, 1.0, 1.0), (1.0, 2.0, 3.0, 1.0, 2.0)), [[('K.26 Musicalion', 'P1', 3, (173, 178), (80, 1.0), (81, 2.0)), ('K.26 Musicalion', 'P1', 3, (179, 184), (82, 1.0), (83, 2.0))], [('K.26 Musicalion', 'P1', 3, (194, 199), (87, 1.0), (88, 2.0)), ('K.26 Musicalion', 'P1', 3, (200, 205), (89, 1.0), (90, 2.0))]]) 

72 .    (((-3, 2, -4, 2, -4), (0.5, 0.5, 0.5, 0.5, 0.5), (1.5, 2.0, 2.5, 3.0, 3.5)), [[('K.28 Musicalion', 'P1', 1, (2, 7), (2, 1.5), (2, 3.5)), ('K.28 Musicalion', 'P1', 1, (8, 13), (3, 1.5), (3, 3.5))], [('K.28 Musicalion', 'P1', 3, (5, 10), (6, 1.5), (6, 3.5)), ('K.28 Musicalion', 'P1', 3, (11, 16), (7, 1.5), (7, 3.5))]]) 

73 .    (((-4, -3, -3, -15, -4), (0.33, 0.33, 0.33, 1.0, 1.0), (1.0, 1.33, 1.67, 2.0, 3.0)), [[('K.28 Musicalion', 'P1', 1, (81, 86), (25, 1.0), (25, 3.0)), ('K.28 Musicalion', 'P1', 1, (87, 92), (27, 1.0), (27, 3.0))], [('K.28 Musicalion', 'P1', 1, (298, 303), (74, 1.0), (74, 3.0)), ('K.28 Musicalion', 'P1', 1, (304, 309), (76, 1.0), (76, 3.0))]]) 

74 .    (((3, -2, -2, -2, 6), (0.5, 0.5, 0.5, 0.5, 0.5), (2.0, 2.5, 3.0, 3.5, 1.0)), [[('K.28 Musicalion', 'P1', 1, (115, 120), (34, 2.0), (35, 1.0)), ('K.28 Musicalion', 'P1', 1, (121, 126), (35, 2.0), (36, 1.0))], [('K.28 Musicalion', 'P1', 1, (381, 386), (103, 2.0), (104, 1.0)), ('K.28 Musicalion', 'P1', 1, (387, 392), (104, 2.0), (105, 1.0))]]) 

75 .    (((-5, 2, -4, 2, -4), (0.5, 0.5, 0.5, 0.5, 0.5), (1.5, 2.0, 2.5, 3.0, 3.5)), [[('K.28 Musicalion', 'P1', 1, (176, 181), (47, 1.5), (47, 3.5)), ('K.28 Musicalion', 'P1', 1, (182, 187), (48, 1.5), (48, 3.5))], [('K.28 Musicalion', 'P1', 1, (466, 471), (119, 1.5), (119, 3.5)), ('K.28 Musicalion', 'P1', 1, (472, 477), (120, 1.5), (120, 3.5))]]) 

76 .    (((2, 2, 2, 2, 2), (3.5, 0.5, 0.5, 0.5, 0.5), (1.0, 1.5, 2.0, 2.5, 3.0)), [[('K.5 Musicalion', 'P1', 1, (45, 50), (13, 1.0), (14, 3.0)), ('K.5 Musicalion', 'P1', 1, (51, 56), (15, 1.0), (16, 3.0))], [('K.5 Musicalion', 'P1', 2, (9, 14), (12, 1.0), (13, 3.0)), ('K.5 Musicalion', 'P1', 2, (15, 20), (14, 1.0), (15, 3.0))]]) 

77 .    ((((3, -2), (3, -2), (3, -2)), ((0.0, 0.5), (0.0, 0.5), (0.0, 0.5)), (1.5, 2.0, 2.5)), [[('K.25 Musicalion', 'P1', 3, (191, 194), (50, 1.5), (50, 2.5)), ('K.25 Musicalion', 'P1', 3, (195, 198), (51, 1.5), (51, 2.5)), ('K.25 Musicalion', 'P1', 3, (199, 202), (52, 1.5), (52, 2.5))], [('K.25 Musicalion', 'P1', 3, (275, 278), (71, 1.5), (71, 2.5)), ('K.25 Musicalion', 'P1', 3, (279, 282), (72, 1.5), (72, 2.5))], [('K.25 Musicalion', 'P1', 3, (311, 314), (80, 1.5), (80, 2.5)), ('K.25 Musicalion', 'P1', 3, (315, 318), (81, 1.5), (81, 2.5))]]) 

78 .    (((-2, -2, 7), (0.5, 0.5, 0.5), (1.5, 2.0, 2.5)), [[('K.20 Musicalion', 'P1', 1, (340, 343), (88, 1.5), (88, 2.5)), ('K.20 Musicalion', 'P1', 1, (344, 347), (89, 1.5), (89, 2.5)), ('K.20 Musicalion', 'P1', 1, (348, 351), (90, 1.5), (90, 2.5))]]) 

79 .    (((-4, -5, -4), (1.0, 1.0, 1.0), (5.0, 6.0, 1.0)), [[('K.9 Musicalion', 'P1', 3, (47, 50), (21, 5.0), (21, 1.0)), ('K.9 Musicalion', 'P1', 3, (51, 54), (22, 5.0), (22, 1.0))], [('K.9 Musicalion', 'P1', 3, (123, 126), (50, 5.0), (50, 1.0)), ('K.9 Musicalion', 'P1', 3, (127, 130), (51, 5.0), (51, 1.0)), ('K.9 Musicalion', 'P1', 3, (131, 134), (52, 5.0), (52, 1.0))]]) 

80 .    (((-8, 8), (0.5, 1.0), (2.0, 2.5)), [[('K.16 Musicalion', 'P1', 3, (242, 244), (71, 2.0), (71, 2.5)), ('K.16 Musicalion', 'P1', 3, (245, 247), (72, 2.0), (72, 2.5)), ('K.16 Musicalion', 'P1', 3, (248, 250), (73, 2.0), (73, 2.5)), ('K.16 Musicalion', 'P1', 3, (251, 253), (74, 2.0), (74, 2.5))], [('K.16 Musicalion', 'P1', 3, (344, 346), (98, 2.0), (98, 2.5)), ('K.16 Musicalion', 'P1', 3, (347, 349), (99, 2.0), (99, 2.5)), ('K.16 Musicalion', 'P1', 3, (350, 352), (100, 2.0), (100, 2.5))]]) 

81 .    (((6, -7, 6, -7), (0.5, 0.5, 0.5, 0.5), (2.0, 2.5, 3.0, 3.5)), [[('K.2 Musicalion', 'P1', 3, (19, 23), (21, 2.0), (21, 3.5)), ('K.2 Musicalion', 'P1', 3, (24, 28), (23, 2.0), (23, 3.5))], [('K.2 Musicalion', 'P1', 3, (40, 44), (27, 2.0), (27, 3.5)), ('K.2 Musicalion', 'P1', 3, (45, 49), (29, 2.0), (29, 3.5))], [('K.2 Musicalion', 'P1', 3, (130, 134), (66, 2.0), (66, 3.5)), ('K.2 Musicalion', 'P1', 3, (135, 139), (68, 2.0), (68, 3.5))]]) 

82 .    (((6, -7, 6, -7), (0.5, 0.5, 0.5, 0.5), (3.0, 3.5, 1.0, 1.5)), [[('K.2 Musicalion', 'P1', 3, (116, 120), (62, 3.0), (62, 1.5)), ('K.2 Musicalion', 'P1', 3, (121, 125), (64, 3.0), (64, 1.5))]]) 

83 .    (((-3, -3, -4, -3), (0.5, 0.5, 0.5, 0.5), (1.0, 1.5, 2.0, 2.5)), [[('K.21 Musicalion', 'P1', 1, (104, 108), (24, 1.0), (24, 2.5)), ('K.21 Musicalion', 'P1', 1, (109, 113), (25, 1.0), (25, 2.5))], [('K.21 Musicalion', 'P1', 1, (466, 470), (84, 1.0), (84, 2.5)), ('K.21 Musicalion', 'P1', 1, (471, 475), (85, 1.0), (85, 2.5))]]) 

84 .    (((3, -2, -2, -4), (0.5, 0.5, 0.5, 0.5), (1.0, 1.5, 2.0, 2.5)), [[('K.20 Musicalion', 'P1', 4, (67, 71), (25, 1.0), (25, 2.5)), ('K.20 Musicalion', 'P1', 4, (72, 76), (27, 1.0), (27, 2.5))], [('K.20 Musicalion', 'P1', 4, (82, 86), (31, 1.0), (31, 2.5)), ('K.20 Musicalion', 'P1', 4, (87, 91), (33, 1.0), (33, 2.5))]]) 

85 .    (((-2, -2, -4, 7), (2.0, 1.0, 1.0, 1.0), (1.0, 3.0, 1.0, 2.0)), [[('K.7 Musicalion', 'P1', 3, (1, 5), (3, 1.0), (4, 2.0)), ('K.7 Musicalion', 'P1', 3, (6, 10), (5, 1.0), (6, 2.0))], [('K.7 Musicalion', 'P1', 2, (111, 115), (76, 1.0), (77, 2.0)), ('K.7 Musicalion', 'P1', 2, (116, 120), (78, 1.0), (79, 2.0))]]) 

86 .    (((-3, 9, -3, -3), (0.5, 1.0, 0.5, 0.5), (2.5, 3.0, 1.0, 1.5)), [[('K.21 Musicalion', 'P1', 1, (102, 106), (23, 2.5), (24, 1.5)), ('K.21 Musicalion', 'P1', 1, (107, 111), (24, 2.5), (25, 1.5))], [('K.21 Musicalion', 'P1', 1, (464, 468), (83, 2.5), (84, 1.5)), ('K.21 Musicalion', 'P1', 1, (469, 473), (84, 2.5), (85, 1.5))]]) 

87 .    (((10, -18, 3, 4), (0.5, 1.0, 0.5, 0.5), (2.5, 3.0, 1.0, 1.5)), [[('K.21 Musicalion', 'P1', 3, (83, 87), (23, 2.5), (24, 1.5)), ('K.21 Musicalion', 'P1', 3, (88, 92), (24, 2.5), (25, 1.5))], [('K.21 Musicalion', 'P1', 3, (281, 285), (83, 2.5), (84, 1.5)), ('K.21 Musicalion', 'P1', 3, (286, 290), (84, 2.5), (85, 1.5))]]) 

88 .    (((-6, 6, -2, 1), (1.0, 1.5, 0.5, 2.0), (1.0, 2.0, 3.5, 1.0)), [[('K.28 Musicalion', 'P1', 1, (316, 320), (80, 1.0), (81, 1.0)), ('K.28 Musicalion', 'P1', 1, (321, 325), (82, 1.0), (83, 1.0))], [('K.28 Musicalion', 'P1', 1, (334, 338), (86, 1.0), (87, 1.0)), ('K.28 Musicalion', 'P1', 1, (339, 343), (88, 1.0), (89, 1.0))]]) 

89 .    (((-8, 4, -8, -4), (0.25, 0.25, 0.25, 0.25), (1.5, 1.75, 2.0, 2.25)), [[('K.10 Musicalion', 'P1', 3, (147, 151), (45, 1.5), (45, 2.25)), ('K.10 Musicalion', 'P1', 3, (152, 156), (47, 1.5), (47, 2.25))], [('K.10 Musicalion', 'P1', 3, (167, 171), (55, 1.5), (55, 2.25)), ('K.10 Musicalion', 'P1', 3, (172, 176), (57, 1.5), (57, 2.25))]]) 

90 .    (((-8, 2, -2, 1), (1.0, 1.0, 2.0, 1.0), (3.0, 4.0, 5.0, 1.0)), [[('K.9 Musicalion', 'P1', 1, (193, 197), (34, 3.0), (35, 1.0)), ('K.9 Musicalion', 'P1', 1, (198, 202), (35, 3.0), (36, 1.0))], [('K.9 Musicalion', 'P1', 1, (269, 273), (46, 3.0), (47, 1.0)), ('K.9 Musicalion', 'P1', 1, (274, 278), (47, 3.0), (48, 1.0))]]) 

91 .    (((-4, -5), (1.0, 1.0), (1.0, 2.0)), [[('K.17 Musicalion', 'P1', 1, (0, 2), (1, 1.0), (1, 2.0)), ('K.17 Musicalion', 'P1', 1, (3, 5), (2, 1.0), (2, 2.0)), ('K.17 Musicalion', 'P1', 1, (6, 8), (3, 1.0), (3, 2.0))], [('K.17 Musicalion', 'P1', 1, (214, 216), (51, 1.0), (51, 2.0)), ('K.17 Musicalion', 'P1', 1, (217, 219), (52, 1.0), (52, 2.0))], [('K.17 Musicalion', 'P1', 1, (512, 514), (125, 1.0), (125, 2.0)), ('K.17 Musicalion', 'P1', 1, (515, 517), (126, 1.0), (126, 2.0)), ('K.17 Musicalion', 'P1', 1, (518, 520), (127, 1.0), (127, 2.0))], [('K.17 Musicalion', 'P1', 3, (0, 2), (1, 1.0), (1, 2.0)), ('K.17 Musicalion', 'P1', 3, (3, 5), (2, 1.0), (2, 2.0)), ('K.17 Musicalion', 'P1', 3, (6, 8), (3, 1.0), (3, 2.0))], [('K.17 Musicalion', 'P1', 3, (129, 131), (51, 1.0), (51, 2.0)), ('K.17 Musicalion', 'P1', 3, (132, 134), (52, 1.0), (52, 2.0)), ('K.17 Musicalion', 'P1', 3, (135, 137), (53, 1.0), (53, 2.0))], [('K.17 Musicalion', 'P1', 3, (310, 312), (125, 1.0), (125, 2.0)), ('K.17 Musicalion', 'P1', 3, (313, 315), (126, 1.0), (126, 2.0)), ('K.17 Musicalion', 'P1', 3, (316, 318), (127, 1.0), (127, 2.0))]]) 

92 .    (((2, -3), (1.0, 1.0), (1.0, 2.0)), [[('K.15 Musicalion', 'P1', 1, (30, 32), (9, 1.0), (9, 2.0)), ('K.15 Musicalion', 'P1', 1, (33, 35), (10, 1.0), (10, 2.0)), ('K.15 Musicalion', 'P1', 1, (36, 38), (11, 1.0), (11, 2.0))], [('K.15 Musicalion', 'P1', 1, (42, 44), (13, 1.0), (13, 2.0)), ('K.15 Musicalion', 'P1', 1, (45, 47), (14, 1.0), (14, 2.0)), ('K.15 Musicalion', 'P1', 1, (48, 50), (15, 1.0), (15, 2.0))]]) 

93 .    (((1, 1), (1.0, 1.0), (3.0, 1.0)), [[('K.21 Musicalion', 'P1', 1, (50, 52), (10, 3.0), (11, 1.0)), ('K.21 Musicalion', 'P1', 1, (53, 55), (11, 3.0), (12, 1.0)), ('K.21 Musicalion', 'P1', 1, (56, 58), (12, 3.0), (13, 1.0))], [('K.21 Musicalion', 'P1', 1, (68, 70), (15, 3.0), (16, 1.0)), ('K.21 Musicalion', 'P1', 1, (71, 73), (16, 3.0), (17, 1.0))], [('K.21 Musicalion', 'P1', 3, (24, 26), (7, 3.0), (8, 1.0)), ('K.21 Musicalion', 'P1', 3, (27, 29), (8, 3.0), (9, 1.0))]]) 

94 .    (((3, 3), (1.0, 1.0), (3.0, 1.0)), [[('K.6 Musicalion', 'P1', 3, (110, 112), (38, 3.0), (38, 1.0)), ('K.6 Musicalion', 'P1', 3, (113, 115), (39, 3.0), (39, 1.0)), ('K.6 Musicalion', 'P1', 3, (116, 118), (40, 3.0), (40, 1.0))], [('K.6 Musicalion', 'P1', 3, (138, 140), (46, 3.0), (46, 1.0)), ('K.6 Musicalion', 'P1', 3, (141, 143), (47, 3.0), (47, 1.0)), ('K.6 Musicalion', 'P1', 3, (144, 146), (48, 3.0), (48, 1.0))]]) 

95 .    (((2, 2), (1.0, 1.0), (1.5, 2.5)), [[('K.15 Musicalion', 'P1', 1, (321, 323), (72, 1.5), (73, 2.5)), ('K.15 Musicalion', 'P1', 1, (324, 326), (73, 1.5), (74, 2.5))], [('K.15 Musicalion', 'P1', 1, (333, 335), (76, 1.5), (77, 2.5)), ('K.15 Musicalion', 'P1', 1, (336, 338), (77, 1.5), (78, 2.5)), ('K.15 Musicalion', 'P1', 1, (339, 341), (78, 1.5), (79, 2.5))]]) 

96 .    (((-3, 2), (1.0, 1.0), (3.5, 1.5)), [[('K.15 Musicalion', 'P1', 1, (320, 322), (72, 3.5), (72, 1.5)), ('K.15 Musicalion', 'P1', 1, (323, 325), (73, 3.5), (73, 1.5)), ('K.15 Musicalion', 'P1', 1, (326, 328), (74, 3.5), (74, 1.5))], [('K.15 Musicalion', 'P1', 1, (332, 334), (76, 3.5), (76, 1.5)), ('K.15 Musicalion', 'P1', 1, (335, 337), (77, 3.5), (77, 1.5)), ('K.15 Musicalion', 'P1', 1, (338, 340), (78, 3.5), (78, 1.5))]]) 

97 .    (((2, -3), (1.0, 1.0), (2.5, 3.5)), [[('K.15 Musicalion', 'P1', 1, (319, 321), (72, 2.5), (72, 3.5)), ('K.15 Musicalion', 'P1', 1, (322, 324), (73, 2.5), (73, 3.5)), ('K.15 Musicalion', 'P1', 1, (325, 327), (74, 2.5), (74, 3.5))], [('K.15 Musicalion', 'P1', 1, (331, 333), (76, 2.5), (76, 3.5)), ('K.15 Musicalion', 'P1', 1, (334, 336), (77, 2.5), (77, 3.5)), ('K.15 Musicalion', 'P1', 1, (337, 339), (78, 2.5), (78, 3.5))]]) 

98 .    (((-5, 6), (1.0, 1.0), (6.0, 1.0)), [[('K.9 Musicalion', 'P1', 1, (96, 98), (16, 6.0), (16, 1.0)), ('K.9 Musicalion', 'P1', 1, (99, 101), (17, 6.0), (17, 1.0)), ('K.9 Musicalion', 'P1', 1, (102, 104), (18, 6.0), (18, 1.0))], [('K.9 Musicalion', 'P1', 1, (314, 316), (55, 6.0), (55, 1.0)), ('K.9 Musicalion', 'P1', 1, (317, 319), (56, 6.0), (56, 1.0))]]) 

99 .    (((-5, 6), (1.0, 1.0), (3.0, 4.0)), [[('K.9 Musicalion', 'P1', 1, (122, 124), (21, 3.0), (21, 4.0)), ('K.9 Musicalion', 'P1', 1, (125, 127), (22, 3.0), (22, 4.0))], [('K.9 Musicalion', 'P1', 1, (288, 290), (50, 3.0), (50, 4.0)), ('K.9 Musicalion', 'P1', 1, (291, 293), (51, 3.0), (51, 4.0)), ('K.9 Musicalion', 'P1', 1, (294, 296), (52, 3.0), (52, 4.0))]]) 

100 .    (((-2, -2, -2), (0.5, 0.5, 0.5), (1.0, 1.5, 2.0)), [[('K.19 Musicalion', 'P1', 2, (38, 41), (13, 1.0), (13, 2.0)), ('K.19 Musicalion', 'P1', 2, (42, 45), (14, 1.0), (14, 2.0))], [('K.19 Musicalion', 'P1', 2, (185, 188), (56, 1.0), (56, 2.0)), ('K.19 Musicalion', 'P1', 2, (189, 192), (57, 1.0), (57, 2.0))]]) 

101 .    (((-2, 3, -2), (2.0, 1.0, 2.0), (6.0, 2.0, 3.0)), [[('K.30 Musicalion', 'P1', 4, (216, 219), (59, 6.0), (60, 3.0)), ('K.30 Musicalion', 'P1', 4, (220, 223), (60, 6.0), (61, 3.0))], [('K.30 Musicalion', 'P1', 5, (39, 42), (85, 6.0), (86, 3.0)), ('K.30 Musicalion', 'P1', 5, (43, 46), (86, 6.0), (87, 3.0))]]) 

102 .    (((2, 2, 2), (0.5, 0.5, 0.5), (2.0, 2.5, 1.0)), [[('K.3 Musicalion', 'P1', 1, (110, 113), (32, 2.0), (32, 1.0)), ('K.3 Musicalion', 'P1', 1, (114, 117), (33, 2.0), (33, 1.0))], [('K.3 Musicalion', 'P1', 3, (54, 57), (26, 2.0), (26, 1.0)), ('K.3 Musicalion', 'P1', 3, (58, 61), (27, 2.0), (27, 1.0))]]) 

103 .    (((2, -2, 2), (0.5, 0.5, 0.5), (1.5, 2.0, 2.5)), [[('K.20 Musicalion', 'P1', 1, (73, 76), (26, 1.5), (26, 2.5)), ('K.20 Musicalion', 'P1', 1, (77, 80), (28, 1.5), (28, 2.5))], [('K.20 Musicalion', 'P1', 1, (82, 85), (30, 1.5), (30, 2.5)), ('K.20 Musicalion', 'P1', 1, (86, 89), (32, 1.5), (32, 2.5))]]) 

104 .    (((-2, -2, -2), (1.0, 1.0, 1.0), (3.0, 4.0, 1.0)), [[('K.23 Musicalion', 'P1', 3, (346, 349), (42, 3.0), (43, 1.0)), ('K.23 Musicalion', 'P1', 3, (350, 353), (43, 3.0), (44, 1.0))], [('K.23 Musicalion', 'P1', 3, (385, 388), (49, 3.0), (50, 1.0)), ('K.23 Musicalion', 'P1', 3, (389, 392), (50, 3.0), (51, 1.0))]]) 

105 .    (((2, 3, 3), (0.5, 0.5, 0.5), (2.0, 2.5, 1.0)), [[('K.3 Musicalion', 'P1', 1, (46, 49), (16, 2.0), (16, 1.0)), ('K.3 Musicalion', 'P1', 1, (50, 53), (17, 2.0), (17, 1.0))], [('K.3 Musicalion', 'P1', 1, (62, 65), (20, 2.0), (20, 1.0)), ('K.3 Musicalion', 'P1', 1, (66, 69), (21, 2.0), (21, 1.0))], [('K.3 Musicalion', 'P1', 1, (78, 81), (24, 2.0), (24, 1.0)), ('K.3 Musicalion', 'P1', 1, (82, 85), (25, 2.0), (25, 1.0))]]) 

106 .    (((3, 2, 3), (0.5, 0.5, 0.5), (1.5, 2.0, 2.5)), [[('K.3 Musicalion', 'P1', 1, (61, 64), (20, 1.5), (20, 2.5)), ('K.3 Musicalion', 'P1', 1, (65, 68), (21, 1.5), (21, 2.5))], [('K.3 Musicalion', 'P1', 1, (77, 80), (24, 1.5), (24, 2.5)), ('K.3 Musicalion', 'P1', 1, (81, 84), (25, 1.5), (25, 2.5))]]) 

107 .    (((1, 8, 1), (0.5, 1.5, 0.5), (1.5, 2.0, 3.5)), [[('K.23 Musicalion', 'P1', 1, (61, 64), (6, 1.5), (6, 3.5)), ('K.23 Musicalion', 'P1', 1, (65, 68), (7, 1.5), (7, 3.5))], [('K.23 Musicalion', 'P1', 1, (164, 167), (14, 1.5), (14, 3.5)), ('K.23 Musicalion', 'P1', 1, (168, 171), (15, 1.5), (15, 3.5))]]) 

108 .    (((-4, -5, -4), (1.0, 1.0, 1.0), (2.0, 3.0, 4.0)), [[('K.9 Musicalion', 'P1', 3, (31, 34), (16, 2.0), (16, 4.0)), ('K.9 Musicalion', 'P1', 3, (35, 38), (17, 2.0), (17, 4.0))], [('K.9 Musicalion', 'P1', 3, (139, 142), (55, 2.0), (55, 4.0)), ('K.9 Musicalion', 'P1', 3, (143, 146), (56, 2.0), (56, 4.0))]]) 

109 .    (((-2, -2), (1.0, 1.0), (4.0, 5.0)), [[('K.30 Musicalion', 'P1', 4, (131, 133), (38, 4.0), (38, 5.0)), ('K.30 Musicalion', 'P1', 4, (134, 136), (39, 4.0), (39, 5.0))], [('K.30 Musicalion', 'P1', 4, (140, 142), (40, 4.0), (40, 5.0)), ('K.30 Musicalion', 'P1', 4, (143, 145), (41, 4.0), (41, 5.0))], [('K.30 Musicalion', 'P1', 4, (325, 327), (91, 4.0), (91, 5.0)), ('K.30 Musicalion', 'P1', 4, (328, 330), (92, 4.0), (92, 5.0))]]) 

110 .    (((7, -2), (1.0, 1.0), (2.0, 3.0)), [[('K.7 Musicalion', 'P1', 3, (126, 128), (81, 2.0), (81, 3.0)), ('K.7 Musicalion', 'P1', 3, (129, 131), (82, 2.0), (82, 3.0))], [('K.7 Musicalion', 'P1', 3, (137, 139), (88, 2.0), (88, 3.0)), ('K.7 Musicalion', 'P1', 3, (140, 142), (89, 2.0), (89, 3.0))]]) 

111 .    (((1, -2), (0.5, 0.5), (2.5, 1.0)), [[('K.3 Musicalion', 'P1', 3, (154, 156), (64, 2.5), (64, 1.0)), ('K.3 Musicalion', 'P1', 3, (157, 159), (65, 2.5), (65, 1.0))], [('K.3 Musicalion', 'P1', 2, (23, 25), (62, 2.5), (62, 1.0)), ('K.3 Musicalion', 'P1', 2, (26, 28), (63, 2.5), (63, 1.0))]]) 

112 .    (((1, -2), (0.5, 0.5), (1.5, 2.0)), [[('K.3 Musicalion', 'P1', 3, (27, 29), (12, 1.5), (12, 2.0)), ('K.3 Musicalion', 'P1', 3, (30, 32), (13, 1.5), (13, 2.0))], [('K.3 Musicalion', 'P1', 3, (34, 36), (14, 1.5), (14, 2.0)), ('K.3 Musicalion', 'P1', 3, (37, 39), (15, 1.5), (15, 2.0))], [('K.3 Musicalion', 'P1', 2, (4, 6), (38, 1.5), (38, 2.0)), ('K.3 Musicalion', 'P1', 2, (7, 9), (39, 1.5), (39, 2.0))]]) 

113 .    (((-2, -2), (2.0, 2.0), (2.5, 1.5)), [[('K.26 Musicalion', 'P1', 1, (627, 629), (121, 2.5), (122, 1.5)), ('K.26 Musicalion', 'P1', 1, (630, 632), (124, 2.5), (125, 1.5))], [('K.26 Musicalion', 'P1', 1, (645, 647), (130, 2.5), (131, 1.5)), ('K.26 Musicalion', 'P1', 1, (648, 650), (133, 2.5), (134, 1.5))], [('K.26 Musicalion', 'P1', 3, (272, 274), (122, 2.5), (123, 1.5)), ('K.26 Musicalion', 'P1', 3, (275, 277), (125, 2.5), (126, 1.5))], [('K.26 Musicalion', 'P1', 3, (283, 285), (131, 2.5), (132, 1.5)), ('K.26 Musicalion', 'P1', 3, (286, 288), (134, 2.5), (135, 1.5))]]) 

114 .    ((((3, -2), (3, -2)), ((0.0, 1.0), (0.0, 1.0)), (1.0, 2.0)), [[('K.5 Musicalion', 'P1', 3, (108, 110), (82, 1.0), (83, 2.0)), ('K.5 Musicalion', 'P1', 3, (111, 113), (83, 1.0), (84, 2.0))], [('K.5 Musicalion', 'P1', 2, (65, 67), (35, 1.0), (35, 2.0)), ('K.5 Musicalion', 'P1', 2, (68, 70), (36, 1.0), (36, 2.0))]]) 

115 .    (((-2, -2), (2.0, 2.0), (3.5, 2.5)), [[('K.26 Musicalion', 'P1', 3, (271, 273), (121, 3.5), (122, 2.5)), ('K.26 Musicalion', 'P1', 3, (274, 276), (124, 3.5), (125, 2.5))], [('K.26 Musicalion', 'P1', 3, (282, 284), (130, 3.5), (131, 2.5)), ('K.26 Musicalion', 'P1', 3, (285, 287), (133, 3.5), (134, 2.5))]]) 

116 .    (((-8, 7), (1.0, 1.0), (1.0, 2.0)), [[('K.7 Musicalion', 'P1', 3, (125, 127), (81, 1.0), (81, 2.0)), ('K.7 Musicalion', 'P1', 3, (128, 130), (82, 1.0), (82, 2.0))], [('K.7 Musicalion', 'P1', 3, (136, 138), (88, 1.0), (88, 2.0)), ('K.7 Musicalion', 'P1', 3, (139, 141), (89, 1.0), (89, 2.0))]]) 

117 .    ((((3, -2), (3, 3)), ((0.0, 1.0), (0.0, 1.0)), (3.5, 1.5)), [[('K.15 Musicalion', 'P1', 3, (220, 222), (63, 3.5), (63, 1.5)), ('K.15 Musicalion', 'P1', 3, (223, 225), (64, 3.5), (64, 1.5))], [('K.15 Musicalion', 'P1', 3, (229, 231), (66, 3.5), (66, 1.5)), ('K.15 Musicalion', 'P1', 3, (232, 234), (67, 3.5), (67, 1.5))]]) 

118 .    ((((3, 1), (3, 1)), ((0.0, 1.0), (0.0, 1.0)), (3.0, 1.0)), [[('K.6 Musicalion', 'P1', 3, (121, 123), (42, 3.0), (42, 1.0)), ('K.6 Musicalion', 'P1', 3, (124, 126), (43, 3.0), (43, 1.0))], [('K.6 Musicalion', 'P1', 3, (149, 151), (50, 3.0), (50, 1.0)), ('K.6 Musicalion', 'P1', 3, (152, 154), (51, 3.0), (51, 1.0))]]) 

119 .    (((-2, -5), (4.0, 1.0), (2.0, 6.0)), [[('K.9 Musicalion', 'P1', 1, (313, 315), (55, 2.0), (55, 6.0)), ('K.9 Musicalion', 'P1', 1, (316, 318), (56, 2.0), (56, 6.0))]]) 

120 .    (((-2, -5), (4.0, 1.0), (5.0, 3.0)), [[('K.9 Musicalion', 'P1', 1, (121, 123), (21, 5.0), (21, 3.0)), ('K.9 Musicalion', 'P1', 1, (124, 126), (22, 5.0), (22, 3.0))]]) 

