1 .    ('nomes', 'K.4 Musicalion') 

2 .    ('quantidade', 1) 

3 .    ('analise', 'recorręncias IntDiaDurPcompasso sem contidos e intercalados') 

1 .    (((-6, 2, 2, -5, 4, -2, -2, 7, -6, 2, 2, -5, 4, -2, -2, 7, -6, 2, 2, -5, 4, -2, -2, 2, 1, 2, 2, -5, 8, -2, -2, -2, 2, -2, -2, -2, 2, 2, -8, 2, 2), (0.25, 0.25, 0.25, 0.25, 0.25, 0.25, 0.25, 0.25, 0.25, 0.25, 0.25, 0.25, 0.25, 0.25, 0.25, 0.25, 0.25, 0.25, 0.25, 0.25, 0.25, 0.25, 0.25, 0.25, 1.25, 0.25, 0.25, 0.25, 0.5, 0.75, 0.25, 0.25, 0.25, 0.5, 0.25, 0.25, 0.5, 0.5, 1.0, 0.5, 0.5), (1.25, 1.5, 1.75, 2.0, 2.25, 2.5, 2.75, 3.0, 3.25, 3.5, 3.75, 4.0, 4.25, 4.5, 4.75, 1.0, 1.25, 1.5, 1.75, 2.0, 2.25, 2.5, 2.75, 3.0, 3.25, 4.5, 4.75, 1.0, 1.25, 1.75, 2.5, 2.75, 3.0, 3.25, 3.75, 4.0, 4.25, 4.75, 1.25, 2.25, 2.75)), [('K.4 Musicalion', 'P1', 1, (123, 164), (13, 1.25), (16, 2.75)), ('K.4 Musicalion', 'P1', 1, (242, 283), (25, 1.25), (28, 2.75))]) 

2 .    (((13, -2, -2, -11, 13, -2, -2, -11, 13, -2, -2, 5, -4, -3, 3, -5, 7, -2, -2, -5, 6, -2, -2, -4, 5, -2, -2, 2, -5, 2, 2, -9), (1.25, 0.25, 0.25, 0.25, 1.25, 0.25, 0.25, 0.25, 1.25, 0.25, 0.25, 0.25, 0.25, 0.25, 0.25, 0.25, 0.25, 0.25, 0.25, 0.25, 0.25, 0.25, 0.25, 0.25, 0.25, 0.25, 0.25, 0.25, 0.5, 0.5, 0.5, 0.5), (1.25, 2.5, 2.75, 3.0, 3.25, 4.5, 4.75, 1.0, 1.25, 2.5, 2.75, 3.0, 3.25, 3.5, 3.75, 4.0, 4.25, 4.5, 4.75, 1.0, 1.25, 1.5, 1.75, 2.0, 2.25, 2.5, 2.75, 3.0, 3.25, 3.75, 4.25, 4.75)), [('K.4 Musicalion', 'P1', 3, (149, 181), (13, 1.25), (15, 4.75)), ('K.4 Musicalion', 'P1', 3, (265, 297), (25, 1.25), (27, 4.75))]) 

3 .    (((-6, 2, 2, -5, 4, -2, -2, 7, -6, 2, 2, -5, 4, -2, -2, 2, 1, 2, 2, -5, 8, -2, -2, -2, 2, 3, 4, 2), (0.25, 0.25, 0.25, 0.25, 0.25, 0.25, 0.25, 0.25, 0.25, 0.25, 0.25, 0.25, 0.25, 0.25, 0.25, 0.25, 1.25, 0.25, 0.25, 0.25, 0.5, 0.75, 0.25, 0.25, 0.25, 0.25, 0.25, 0.75), (1.25, 1.5, 1.75, 2.0, 2.25, 2.5, 2.75, 3.0, 3.25, 3.5, 3.75, 4.0, 4.25, 4.5, 4.75, 1.0, 1.25, 2.5, 2.75, 3.0, 3.25, 3.75, 4.5, 4.75, 1.0, 1.25, 1.5, 1.75)), [('K.4 Musicalion', 'P1', 1, (169, 197), (17, 1.25), (19, 1.75)), ('K.4 Musicalion', 'P1', 1, (362, 390), (36, 1.25), (38, 1.75))]) 

4 .    (((-2, -2, 5, -4, -3, 3, -5, 7, -2, -2, -5, 6, -2, -2, -4, 5, -2, -2, 2), (0.25, 0.25, 0.25, 0.25, 0.25, 0.25, 0.25, 0.25, 0.25, 0.25, 0.25, 0.25, 0.25, 0.25, 0.25, 0.25, 0.25, 0.25, 0.25), (4.5, 4.75, 1.0, 1.25, 1.5, 1.75, 2.0, 2.25, 2.5, 2.75, 3.0, 3.25, 3.5, 3.75, 4.0, 4.25, 4.5, 4.75, 1.0)), [('K.4 Musicalion', 'P1', 3, (196, 215), (17, 4.5), (18, 1.0)), ('K.4 Musicalion', 'P1', 3, (358, 377), (36, 4.5), (37, 1.0))]) 

5 .    (((3, -2, 3, -2, 3, -5, 3, -7, 3, -2, 3, -2, 3, -2, 3), (0.25, 0.25, 0.25, 0.25, 0.25, 0.25, 0.25, 0.25, 0.25, 0.25, 0.25, 0.25, 0.25, 0.25, 0.25), (1.25, 1.5, 1.75, 2.0, 2.25, 2.5, 2.75, 3.0, 3.25, 3.5, 3.75, 4.0, 4.25, 4.5, 4.75)), [('K.4 Musicalion', 'P1', 3, (10, 25), (2, 1.25), (2, 4.75)), ('K.4 Musicalion', 'P1', 3, (26, 41), (3, 1.25), (3, 4.75))]) 

6 .    (((-2, -2, -2, -3, 2, -3, 2, -2, -2, -2, -2, 3, -2, -2), (0.25, 0.25, 0.25, 0.25, 0.25, 0.25, 0.25, 0.25, 0.25, 0.25, 0.25, 0.25, 0.25, 0.25), (3.5, 3.75, 4.0, 4.25, 4.5, 4.75, 1.0, 1.25, 1.5, 1.75, 2.0, 2.25, 2.5, 2.75)), [('K.4 Musicalion', 'P1', 2, (34, 48), (19, 3.5), (20, 2.75)), ('K.4 Musicalion', 'P1', 2, (115, 129), (38, 3.5), (39, 2.75))]) 

7 .    (((3, -2, 3, -2, 3, -2, 3, -2, -3, 2, 3, -6, 3), (0.25, 0.25, 0.25, 0.25, 0.25, 0.25, 0.25, 0.25, 0.5, 0.5, 0.25, 0.25, 0.25), (1.25, 1.5, 1.75, 2.0, 2.25, 2.5, 2.75, 3.0, 3.25, 3.75, 4.25, 4.5, 4.75)), [('K.4 Musicalion', 'P1', 3, (63, 76), (6, 1.25), (6, 4.75)), ('K.4 Musicalion', 'P1', 3, (77, 90), (7, 1.25), (7, 4.75))]) 

8 .    (((3, -2, 3, -2, 3, -2, 3, -9, 3, -2, 3, -2), (0.25, 0.25, 0.25, 0.25, 0.25, 0.25, 0.25, 0.25, 0.25, 0.25, 0.25, 0.25), (1.25, 1.5, 1.75, 2.0, 2.25, 2.5, 2.75, 3.0, 3.25, 3.5, 3.75, 4.0)), [('K.4 Musicalion', 'P1', 3, (91, 103), (8, 1.25), (8, 4.0)), ('K.4 Musicalion', 'P1', 3, (107, 119), (9, 1.25), (9, 4.0))]) 

9 .    (((-2, -2, -11, 13, -2, -2, -11, 13, -2, -2), (0.25, 0.25, 0.25, 1.25, 0.25, 0.25, 0.25, 1.25, 0.25, 0.25), (2.5, 2.75, 3.0, 3.25, 4.5, 4.75, 1.0, 1.25, 2.5, 2.75)), [('K.4 Musicalion', 'P1', 3, (319, 329), (30, 2.5), (31, 2.75)), ('K.4 Musicalion', 'P1', 3, (346, 356), (35, 2.5), (36, 2.75))]) 

10 .    (((-6, 2, -2, -2, 4, -6, 2, 2, -5, 2), (0.25, 0.25, 0.75, 0.5, 0.25, 0.25, 0.25, 0.25, 0.25, 0.5), (3.25, 3.5, 3.75, 4.5, 1.0, 1.25, 1.5, 1.75, 2.0, 2.25)), [('K.4 Musicalion', 'P1', 2, (14, 24), (15, 3.25), (16, 2.25)), ('K.4 Musicalion', 'P1', 2, (61, 71), (27, 3.25), (28, 2.25))]) 

11 .    (((1, 3, -2, 3, -2, 3, -2, 3, -2), (0.25, 0.25, 0.25, 0.25, 0.25, 0.25, 0.25, 0.25, 0.25), (1.0, 1.25, 1.5, 1.75, 2.0, 2.25, 2.5, 2.75, 3.0)), [('K.4 Musicalion', 'P1', 1, (0, 9), (0, 1.0), (1, 3.0)), ('K.4 Musicalion', 'P1', 1, (215, 224), (21, 1.0), (22, 3.0))]) 

12 .    (((2, 2, -5, -2, 3, -2, 3, -2, 2), (0.5, 0.5, 0.5, 0.5, 0.25, 0.25, 0.25, 0.25, 0.5), (1.25, 1.75, 2.25, 2.75, 3.25, 3.5, 3.75, 4.0, 4.25)), [('K.4 Musicalion', 'P1', 1, (47, 56), (6, 1.25), (6, 4.25)), ('K.4 Musicalion', 'P1', 1, (57, 66), (7, 1.25), (7, 4.25))]) 

13 .    (((-2, -2, 2, -2, -2, -2, 2, 2), (0.25, 0.25, 0.25, 0.5, 0.25, 0.25, 0.5, 0.5), (2.5, 2.75, 3.0, 3.25, 3.75, 4.0, 4.25, 4.75)), [('K.4 Musicalion', 'P1', 1, (289, 297), (29, 2.5), (29, 4.75)), ('K.4 Musicalion', 'P1', 1, (327, 335), (33, 2.5), (33, 4.75))]) 

14 .    (((-4, -2, -2, -3, -2, 2, 2, 2), (1.0, 0.5, 0.5, 0.5, 1.0, 0.5, 0.75, 0.25), (3.25, 4.25, 4.75, 1.25, 1.75, 2.75, 3.25, 4.0)), [('K.4 Musicalion', 'P1', 1, (199, 207), (19, 3.25), (20, 4.0)), ('K.4 Musicalion', 'P1', 1, (392, 400), (38, 3.25), (39, 4.0))]) 

15 .    (((1, 3, -2, 3, -2, 3, -2, 3), (0.25, 0.25, 0.25, 0.25, 0.25, 0.25, 0.25, 0.25), (3.0, 3.25, 3.5, 3.75, 4.0, 4.25, 4.5, 4.75)), [('K.4 Musicalion', 'P1', 3, (1, 9), (1, 3.0), (1, 4.75)), ('K.4 Musicalion', 'P1', 3, (224, 232), (22, 3.0), (22, 4.75))]) 

16 .    (((-2, -2, -2, 4, -5, 8, -2, -2), (0.25, 0.25, 0.25, 0.5, 0.5, 0.25, 0.25, 0.25), (2.5, 2.75, 3.0, 3.25, 3.75, 4.25, 4.5, 4.75)), [('K.4 Musicalion', 'P1', 3, (182, 190), (16, 2.5), (16, 4.75)), ('K.4 Musicalion', 'P1', 3, (299, 307), (28, 2.5), (28, 4.75))]) 

17 .    (((-2, 2, 2, -6, -2, 2, 2), (0.5, 0.5, 0.5, 0.5, 0.5, 0.5, 0.5), (4.75, 1.25, 1.75, 2.25, 2.75, 3.25, 3.75)), [('K.4 Musicalion', 'P1', 1, (10, 17), (1, 4.75), (2, 3.75)), ('K.4 Musicalion', 'P1', 1, (18, 25), (2, 4.75), (3, 3.75))]) 

18 .    (((2, 2, -5, 4, -2, -2), (0.25, 0.25, 0.25, 0.25, 0.25, 0.25), (1.5, 1.75, 2.0, 2.25, 2.5, 2.75)), [('K.4 Musicalion', 'P1', 1, (298, 304), (30, 1.5), (30, 2.75)), ('K.4 Musicalion', 'P1', 1, (314, 320), (31, 1.5), (31, 2.75)), ('K.4 Musicalion', 'P1', 1, (347, 353), (35, 1.5), (35, 2.75))]) 

19 .    (((2, 2, -5, 4, -2, -2), (0.25, 0.25, 0.25, 0.25, 0.25, 0.25), (3.5, 3.75, 4.0, 4.25, 4.5, 4.75)), [('K.4 Musicalion', 'P1', 1, (306, 312), (30, 3.5), (30, 4.75)), ('K.4 Musicalion', 'P1', 1, (355, 361), (35, 3.5), (35, 4.75))]) 

20 .    (((2, 2, -5, -2, 2, 2), (0.5, 0.5, 0.5, 0.5, 0.5, 0.5), (1.25, 1.75, 2.25, 2.75, 3.25, 3.75)), [('K.4 Musicalion', 'P1', 1, (67, 73), (8, 1.25), (8, 3.75)), ('K.4 Musicalion', 'P1', 1, (75, 81), (9, 1.25), (9, 3.75))]) 

21 .    (((-2, 2, 2, 2, -3, 2), (0.25, 0.25, 0.25, 0.25, 0.25, 0.25), (3.75, 4.0, 4.25, 4.5, 4.75, 1.0)), [('K.4 Musicalion', 'P1', 1, (101, 107), (11, 3.75), (11, 1.0)), ('K.4 Musicalion', 'P1', 3, (136, 142), (11, 3.75), (11, 1.0))]) 

22 .    (((3, -2, 3, -2), (0.25, 0.25, 0.25, 0.25), (1.25, 1.5, 1.75, 2.0)), [('K.4 Musicalion', 'P1', 3, (42, 46), (4, 1.25), (4, 2.0)), ('K.4 Musicalion', 'P1', 3, (233, 237), (23, 1.25), (23, 2.0))]) 

23 .    (((-5, 2, 2, -9), (0.5, 0.5, 0.5, 0.5), (3.25, 3.75, 4.25, 4.75)), [('K.4 Musicalion', 'P1', 3, (314, 318), (29, 3.25), (29, 4.75)), ('K.4 Musicalion', 'P1', 3, (330, 334), (33, 3.25), (33, 4.75))]) 

24 .    (((-6, 2, -2, -2), (0.25, 0.25, 0.75, 0.5), (3.25, 3.5, 3.75, 4.5)), [('K.4 Musicalion', 'P1', 2, (78, 82), (29, 3.25), (29, 4.5)), ('K.4 Musicalion', 'P1', 2, (99, 103), (33, 3.25), (33, 4.5))]) 

25 .    (((-2, 2, 2, 2), (0.25, 0.25, 0.5, 0.5), (3.75, 4.0, 4.25, 4.75)), [('K.4 Musicalion', 'P1', 1, (342, 346), (34, 3.75), (34, 4.75)), ('K.4 Musicalion', 'P1', 2, (73, 77), (28, 3.75), (28, 4.75))]) 

26 .    (((1, 1, 1, 1), (2.0, 2.0, 2.0, 2.0), (3.25, 1.25, 3.25, 1.25)), [('K.4 Musicalion', 'P1', 3, (219, 223), (19, 3.25), (21, 1.25)), ('K.4 Musicalion', 'P1', 3, (381, 385), (38, 3.25), (40, 1.25))]) 

27 .    (((2, -3, 2, -3), (0.25, 0.25, 0.25, 0.25), (3.25, 3.5, 3.75, 4.0)), [('K.4 Musicalion', 'P1', 3, (241, 245), (23, 3.25), (23, 4.0)), ('K.4 Musicalion', 'P1', 3, (257, 261), (24, 3.25), (24, 4.0))]) 

28 .    (((-2, -2, 2), (0.25, 0.25, 0.25), (2.5, 2.75, 3.0)), [('K.4 Musicalion', 'P1', 1, (30, 33), (4, 2.5), (4, 3.0)), ('K.4 Musicalion', 'P1', 1, (112, 115), (12, 2.5), (12, 3.0)), ('K.4 Musicalion', 'P1', 3, (54, 57), (5, 2.5), (5, 3.0))]) 

29 .    (((2, 2, 2), (0.5, 0.5, 0.5), (4.75, 1.25, 1.75)), [('K.4 Musicalion', 'P1', 1, (225, 228), (22, 4.75), (23, 1.75)), ('K.4 Musicalion', 'P1', 1, (285, 288), (28, 4.75), (29, 1.75))]) 

30 .    (((-2, -2, 2), (0.25, 0.25, 0.25), (3.5, 3.75, 4.0)), [('K.4 Musicalion', 'P1', 1, (116, 119), (12, 3.5), (12, 4.0)), ('K.4 Musicalion', 'P1', 3, (58, 61), (5, 3.5), (5, 4.0)), ('K.4 Musicalion', 'P1', 2, (26, 29), (16, 3.5), (16, 4.0))]) 

31 .    (((-2, -2), (0.25, 0.25), (2.5, 2.75)), [('K.4 Musicalion', 'P1', 3, (192, 194), (17, 2.5), (17, 2.75)), ('K.4 Musicalion', 'P1', 3, (238, 240), (23, 2.5), (23, 2.75)), ('K.4 Musicalion', 'P1', 3, (336, 338), (34, 2.5), (34, 2.75)), ('K.4 Musicalion', 'P1', 2, (96, 98), (33, 2.5), (33, 2.75))]) 

32 .    (((-2, -2), (0.25, 0.25), (4.5, 4.75)), [('K.4 Musicalion', 'P1', 1, (44, 46), (5, 4.5), (5, 4.75)), ('K.4 Musicalion', 'P1', 1, (82, 84), (9, 4.5), (9, 4.75)), ('K.4 Musicalion', 'P1', 3, (262, 264), (24, 4.5), (24, 4.75)), ('K.4 Musicalion', 'P1', 3, (342, 344), (34, 4.5), (34, 4.75)), ('K.4 Musicalion', 'P1', 2, (88, 90), (32, 4.5), (32, 4.75))]) 

33 .    (((2, 2), (0.25, 0.25), (1.5, 1.75)), [('K.4 Musicalion', 'P1', 1, (108, 110), (12, 1.5), (12, 1.75)), ('K.4 Musicalion', 'P1', 1, (336, 338), (34, 1.5), (34, 1.75))]) 

34 .    (((-2, -2), (0.25, 0.25), (1.5, 1.75)), [('K.4 Musicalion', 'P1', 3, (309, 311), (29, 1.5), (29, 1.75)), ('K.4 Musicalion', 'P1', 2, (4, 6), (5, 1.5), (5, 1.75)), ('K.4 Musicalion', 'P1', 2, (92, 94), (33, 1.5), (33, 1.75))]) 

35 .    (((2, 2), (0.5, 0.5), (2.25, 2.75)), [('K.4 Musicalion', 'P1', 1, (39, 41), (5, 2.25), (5, 2.75)), ('K.4 Musicalion', 'P1', 1, (339, 341), (34, 2.25), (34, 2.75))]) 

36 .    (((2, 2), (0.25, 0.25), (4.5, 4.75)), [('K.4 Musicalion', 'P1', 1, (120, 122), (12, 4.5), (12, 4.75)), ('K.4 Musicalion', 'P1', 1, (322, 324), (32, 4.5), (32, 4.75))]) 

37 .    (((-3, 2), (0.25, 0.5), (4.5, 4.75)), [('K.4 Musicalion', 'P1', 1, (36, 38), (4, 4.5), (4, 4.75)), ('K.4 Musicalion', 'P1', 2, (53, 55), (20, 4.5), (20, 4.75))]) 

38 .    (((2, -3), (0.25, 0.25), (1.5, 1.75)), [('K.4 Musicalion', 'P1', 3, (130, 132), (11, 1.5), (11, 1.75)), ('K.4 Musicalion', 'P1', 2, (135, 137), (40, 1.5), (40, 1.75))]) 

39 .    (((-2, 3), (0.25, 0.75), (2.0, 2.25)), [('K.4 Musicalion', 'P1', 2, (8, 10), (10, 2.0), (10, 2.25)), ('K.4 Musicalion', 'P1', 2, (31, 33), (19, 2.0), (19, 2.25))]) 

40 .    (((-2,), (0.25,), (3.5,)), [('K.4 Musicalion', 'P1', 2, (50, 51), (20, 3.5), (20, 3.5)), ('K.4 Musicalion', 'P1', 2, (106, 107), (34, 3.5), (34, 3.5))]) 

41 .    (((2,), (0.5,), (4.25,)), [('K.4 Musicalion', 'P1', 1, (167, 168), (16, 4.25), (16, 4.25)), ('K.4 Musicalion', 'P1', 3, (50, 51), (4, 4.25), (4, 4.25)), ('K.4 Musicalion', 'P1', 3, (127, 128), (10, 4.25), (10, 4.25))]) 

42 .    (((2,), (0.5,), (3.75,)), [('K.4 Musicalion', 'P1', 1, (42, 43), (5, 3.75), (5, 3.75)), ('K.4 Musicalion', 'P1', 1, (231, 232), (23, 3.75), (23, 3.75)), ('K.4 Musicalion', 'P1', 4, (3, 4), (12, 3.75), (12, 3.75))]) 

43 .    (((2,), (0.5,), (1.75,)), [('K.4 Musicalion', 'P1', 1, (28, 29), (4, 1.75), (4, 1.75)), ('K.4 Musicalion', 'P1', 3, (122, 123), (10, 1.75), (10, 1.75)), ('K.4 Musicalion', 'P1', 3, (143, 144), (12, 1.75), (12, 1.75)), ('K.4 Musicalion', 'P1', 3, (216, 217), (19, 1.75), (19, 1.75))]) 

44 .    (((2,), (0.5,), (2.75,)), [('K.4 Musicalion', 'P1', 1, (229, 230), (23, 2.75), (23, 2.75)), ('K.4 Musicalion', 'P1', 3, (145, 146), (12, 2.75), (12, 2.75))]) 

45 .    (((-2,), (0.5,), (4.75,)), [('K.4 Musicalion', 'P1', 1, (26, 27), (3, 4.75), (3, 4.75)), ('K.4 Musicalion', 'P1', 1, (95, 96), (10, 4.75), (10, 4.75))]) 

46 .    (((-3,), (0.25,), (3.5,)), [('K.4 Musicalion', 'P1', 1, (90, 91), (10, 3.5), (10, 3.5)), ('K.4 Musicalion', 'P1', 2, (84, 85), (32, 3.5), (32, 3.5))]) 

47 .    (((8,), (0.5,), (1.25,)), [('K.4 Musicalion', 'P1', 1, (325, 326), (33, 1.25), (33, 1.25)), ('K.4 Musicalion', 'P1', 3, (52, 53), (5, 1.25), (5, 1.25))]) 

48 .    (((-3,), (0.25,), (2.5,)), [('K.4 Musicalion', 'P1', 1, (88, 89), (10, 2.5), (10, 2.5)), ('K.4 Musicalion', 'P1', 3, (254, 255), (24, 2.5), (24, 2.5)), ('K.4 Musicalion', 'P1', 2, (57, 58), (21, 2.5), (21, 2.5)), ('K.4 Musicalion', 'P1', 2, (138, 139), (40, 2.5), (40, 2.5))]) 

49 .    (((-3,), (0.5,), (2.25,)), [('K.4 Musicalion', 'P1', 1, (404, 405), (40, 2.25), (40, 2.25)), ('K.4 Musicalion', 'P1', 3, (312, 313), (29, 2.25), (29, 2.25))]) 

