1 .    ('nomes', 'K.3 Musicalion') 

2 .    ('quantidade', 1) 

3 .    ('analise', 'recorręncias IntDiaDurPtempo sem contidos e intercalados') 

1 .    (((2, 3, 3, 3, 2, 3, 3, 3, -2, -2, -2, -2, -2, -2, -12), (0.5, 0.5, 0.5, 0.5, 0.5, 0.5, 0.5, 0.5, 1.0, 0.25, 0.25, 0.5, 0.5, 0.5, 0.5), 0.0), [('K.3 Musicalion', 'P1', 1, (46, 61), (16, 2.0), (19, 1.0)), ('K.3 Musicalion', 'P1', 1, (62, 77), (20, 2.0), (23, 1.0))]) 

2 .    (((2, 2, 2, 2, -2, -2, 8, -5, 1, -2, 2, 2, 1, -2, 1), (0.5, 0.5, 0.5, 0.5, 0.5, 0.25, 0.25, 0.5, 0.5, 0.62, 0.12, 0.12, 0.12, 0.75, 0.25), 0.5), [('K.3 Musicalion', 'P1', 1, (113, 128), (33, 1.5), (35, 1.25)), ('K.3 Musicalion', 'P1', 1, (142, 157), (41, 1.5), (43, 1.25))]) 

3 .    (((-2, -2, -2, -2, -4, -2, -2, -2, -2, 8, -4, 6), (0.12, 0.12, 0.12, 0.12, 0.5, 0.12, 0.12, 0.12, 0.12, 1.5, 0.5, 0.5), 0.0), [('K.3 Musicalion', 'P1', 1, (0, 12), (1, 1.0), (3, 2.5)), ('K.3 Musicalion', 'P1', 1, (176, 188), (49, 1.0), (51, 2.5))]) 

4 .    (((2, 2, 2, -7, 8, -3, 2, 2, -2, 2, -8, 4), (0.5, 0.5, 0.5, 0.5, 0.5, 0.5, 0.5, 0.5, 0.5, 0.5, 0.5, 0.5), 0.5), [('K.3 Musicalion', 'P1', 3, (77, 89), (33, 1.5), (35, 1.0)), ('K.3 Musicalion', 'P1', 3, (94, 106), (41, 1.5), (43, 1.0))]) 

5 .    (((-2, -2, -2, -2, -4, -2, -2, -2, -2, 8, -4), (0.12, 0.12, 0.12, 0.12, 0.5, 0.12, 0.12, 0.12, 0.12, 2.5, 0.5), 0.0), [('K.3 Musicalion', 'P1', 1, (158, 169), (44, 2.0), (46, 2.0)), ('K.3 Musicalion', 'P1', 1, (209, 220), (56, 1.0), (58, 1.0))]) 

6 .    (((-2, 1, -2, 1, -2, -2, -2, -2, -2, -2), (0.5, 0.5, 0.5, 0.5, 1.0, 1.0, 1.0, 1.0, 1.0, 1.0), 0.0), [('K.3 Musicalion', 'P1', 1, (129, 139), (36, 2.0), (39, 1.0)), ('K.3 Musicalion', 'P1', 1, (227, 237), (60, 1.0), (63, 2.0))]) 

7 .    (((-2, -2, -2, -2, -4, -2, -2, -2, -2), (0.12, 0.12, 0.12, 0.12, 0.5, 0.12, 0.12, 0.12, 0.12), 0.0), [('K.3 Musicalion', 'P1', 3, (107, 116), (45, 2.0), (45, 1.38)), ('K.3 Musicalion', 'P1', 3, (140, 149), (57, 1.0), (57, 2.38))]) 

8 .    (((-2, 1, -2, 1, -2, -2, 1, -2, 1), (0.5, 0.5, 0.5, 0.5, 0.5, 1.0, 0.5, 0.5, 0.5), 0.0), [('K.3 Musicalion', 'P1', 3, (31, 40), (13, 2.0), (15, 2.5)), ('K.3 Musicalion', 'P1', 2, (1, 10), (37, 2.0), (39, 2.5)), ('K.3 Musicalion', 'P1', 2, (20, 29), (61, 1.0), (63, 1.5))]) 

9 .    (((-2, -2, -2, -9, 3, 3), (0.5, 0.5, 0.5, 0.5, 0.5, 0.5), 0.75), [('K.3 Musicalion', 'P1', 1, (249, 255), (69, 2.75), (70, 1.25)), ('K.3 Musicalion', 'P1', 1, (264, 270), (73, 2.75), (74, 1.25))]) 

10 .    (((2, 2, 2, 2, 2), (0.5, 0.5, 0.5, 0.5, 0.5), 0.0), [('K.3 Musicalion', 'P1', 3, (42, 47), (18, 2.0), (19, 2.0)), ('K.3 Musicalion', 'P1', 3, (48, 53), (22, 2.0), (23, 2.0)), ('K.3 Musicalion', 'P1', 3, (54, 59), (26, 2.0), (27, 2.0))]) 

11 .    (((-2, -2, -2, -2, 8), (0.12, 0.12, 0.12, 0.12, 1.5), 0.0), [('K.3 Musicalion', 'P1', 3, (0, 5), (2, 1.0), (3, 1.5)), ('K.3 Musicalion', 'P1', 3, (122, 127), (50, 1.0), (51, 1.5))]) 

12 .    (((2, 2, 2, 2, 2), (0.5, 0.5, 0.5, 0.5, 0.5), 0.25), [('K.3 Musicalion', 'P1', 1, (303, 308), (83, 1.25), (84, 1.25)), ('K.3 Musicalion', 'P1', 3, (164, 169), (68, 1.25), (69, 1.25)), ('K.3 Musicalion', 'P1', 3, (170, 175), (72, 1.25), (73, 1.25))]) 

13 .    (((-2, 2, -2, -2, -2), (0.25, 0.25, 0.5, 1.0, 0.25), 0.75), [('K.3 Musicalion', 'P1', 1, (273, 278), (75, 2.75), (76, 2.75)), ('K.3 Musicalion', 'P1', 1, (281, 286), (77, 2.75), (78, 2.75))]) 

14 .    (((8, -9, -2, 8, -9), (0.5, 1.0, 0.5, 0.5, 1.0), 0.5), [('K.3 Musicalion', 'P1', 3, (61, 66), (28, 1.5), (29, 2.0)), ('K.3 Musicalion', 'P1', 3, (67, 72), (30, 1.5), (31, 2.0))]) 

15 .    (((8, -9, -2, 8, -9), (0.5, 1.0, 0.5, 0.5, 1.0), 0.25), [('K.3 Musicalion', 'P1', 3, (185, 190), (79, 1.25), (80, 1.75)), ('K.3 Musicalion', 'P1', 3, (191, 196), (81, 1.25), (82, 1.75))]) 

16 .    (((-2, -2, -2, 2, -4), (0.5, 0.5, 1.0, 1.0, 0.5), 0.0), [('K.3 Musicalion', 'P1', 1, (18, 23), (5, 1.0), (7, 2.0)), ('K.3 Musicalion', 'P1', 1, (24, 29), (7, 1.0), (9, 2.0))]) 

17 .    (((2, -2, 2, -8, 4), (0.5, 0.5, 0.5, 0.5, 0.5), 0.75), [('K.3 Musicalion', 'P1', 3, (208, 213), (85, 2.75), (86, 2.75)), ('K.3 Musicalion', 'P1', 3, (216, 221), (91, 2.75), (92, 2.75))]) 

18 .    (((-2, -2, -2, -2), (0.12, 0.12, 0.12, 0.12), 0.0), [('K.3 Musicalion', 'P1', 1, (193, 197), (53, 2.0), (53, 2.38)), ('K.3 Musicalion', 'P1', 3, (131, 135), (54, 1.0), (54, 1.38))]) 

19 .    (((-2, -2, -2, -2), (1.0, 1.0, 1.0, 1.0), 0.0), [('K.3 Musicalion', 'P1', 1, (36, 40), (11, 2.0), (12, 1.0)), ('K.3 Musicalion', 'P1', 1, (41, 45), (13, 1.0), (15, 2.0))]) 

20 .    (((-2, 1, -2, 1), (1.0, 0.5, 0.5, 0.5), 0.5), [('K.3 Musicalion', 'P1', 3, (24, 28), (11, 1.5), (12, 1.5)), ('K.3 Musicalion', 'P1', 3, (156, 160), (64, 1.5), (65, 1.5))]) 

21 .    (((-4, 6, -2, -2), (0.5, 0.5, 0.5, 1.0), 0.0), [('K.3 Musicalion', 'P1', 3, (10, 14), (5, 1.0), (6, 2.5)), ('K.3 Musicalion', 'P1', 3, (15, 19), (7, 1.0), (8, 2.5))]) 

22 .    (((-2, -2, -2, -2), (0.12, 0.12, 0.12, 0.12), 0.75), [('K.3 Musicalion', 'P1', 1, (337, 341), (93, 1.75), (93, 2.12)), ('K.3 Musicalion', 'P1', 1, (342, 346), (93, 2.75), (93, 1.12)), ('K.3 Musicalion', 'P1', 3, (222, 226), (94, 1.75), (94, 2.12))]) 

23 .    (((-2, 2, -3, -2), (0.5, 0.5, 0.5, 1.0), 0.75), [('K.3 Musicalion', 'P1', 1, (315, 319), (85, 2.75), (86, 2.25)), ('K.3 Musicalion', 'P1', 1, (332, 336), (91, 2.75), (92, 2.25))]) 

24 .    (((-2, 1, -2, 1), (0.5, 0.5, 0.5, 0.5), 0.75), [('K.3 Musicalion', 'P1', 1, (320, 324), (87, 1.75), (88, 1.25)), ('K.3 Musicalion', 'P1', 2, (32, 36), (88, 1.75), (89, 1.25))]) 

25 .    (((2, 3, 3), (0.5, 0.5, 0.5), 0.0), [('K.3 Musicalion', 'P1', 1, (78, 81), (24, 2.0), (24, 1.0)), ('K.3 Musicalion', 'P1', 1, (82, 85), (25, 2.0), (25, 1.0))]) 

26 .    (((2, 2, -7), (0.5, 0.5, 0.5), 0.75), [('K.3 Musicalion', 'P1', 1, (292, 295), (80, 1.75), (80, 2.75)), ('K.3 Musicalion', 'P1', 3, (202, 205), (84, 1.75), (84, 2.75))]) 

27 .    (((2, -8, 4), (0.5, 1.0, 1.0), 0.0), [('K.3 Musicalion', 'P1', 3, (118, 121), (46, 1.0), (47, 2.5)), ('K.3 Musicalion', 'P1', 3, (136, 139), (54, 2.0), (55, 1.5))]) 

28 .    (((2, -5, 3), (0.5, 0.5, 0.5), 0.5), [('K.3 Musicalion', 'P1', 1, (91, 94), (27, 2.5), (28, 1.5)), ('K.3 Musicalion', 'P1', 1, (95, 98), (28, 2.5), (29, 1.5))]) 

29 .    (((8, -2, -2), (0.5, 0.5, 0.5), 0.5), [('K.3 Musicalion', 'P1', 3, (73, 76), (32, 1.5), (32, 2.5)), ('K.3 Musicalion', 'P1', 3, (90, 93), (40, 1.5), (40, 2.5))]) 

30 .    (((2, 2), (0.5, 0.5), 0.0), [('K.3 Musicalion', 'P1', 1, (102, 104), (30, 2.0), (30, 2.5)), ('K.3 Musicalion', 'P1', 1, (106, 108), (31, 2.0), (31, 2.5)), ('K.3 Musicalion', 'P1', 1, (110, 112), (32, 2.0), (32, 2.5))]) 

31 .    (((2, 2), (0.5, 0.5), 0.75), [('K.3 Musicalion', 'P1', 1, (288, 290), (79, 1.75), (79, 2.25)), ('K.3 Musicalion', 'P1', 1, (296, 298), (81, 1.75), (81, 2.25)), ('K.3 Musicalion', 'P1', 1, (300, 302), (82, 1.75), (82, 2.25)), ('K.3 Musicalion', 'P1', 3, (176, 178), (75, 1.75), (75, 2.25))]) 

32 .    (((6, -2), (0.5, 0.5), 0.5), [('K.3 Musicalion', 'P1', 3, (6, 8), (4, 1.5), (4, 2.0)), ('K.3 Musicalion', 'P1', 3, (21, 23), (10, 1.5), (10, 2.0))]) 

33 .    (((-2, -2), (0.5, 1.0), 0.5), [('K.3 Musicalion', 'P1', 1, (13, 15), (4, 1.5), (4, 2.0)), ('K.3 Musicalion', 'P1', 1, (31, 33), (10, 1.5), (10, 2.0)), ('K.3 Musicalion', 'P1', 1, (189, 191), (52, 1.5), (52, 2.0))]) 

34 .    (((-2, -2), (1.0, 1.0), 0.75), [('K.3 Musicalion', 'P1', 1, (325, 327), (88, 2.75), (89, 1.75)), ('K.3 Musicalion', 'P1', 1, (328, 330), (90, 1.75), (90, 2.75))]) 

35 .    (((-2, -2), (1.0, 1.0), 0.25), [('K.3 Musicalion', 'P1', 3, (179, 181), (76, 1.25), (76, 2.25)), ('K.3 Musicalion', 'P1', 3, (182, 184), (77, 2.25), (78, 1.25))]) 

36 .    (((2,), (0.5,), 0.0), [('K.3 Musicalion', 'P1', 1, (172, 173), (47, 2.0), (47, 2.0)), ('K.3 Musicalion', 'P1', 1, (174, 175), (47, 1.0), (47, 1.0)), ('K.3 Musicalion', 'P1', 1, (242, 243), (67, 1.0), (67, 1.0))]) 

37 .    (((-2,), (1.0,), 0.0), [('K.3 Musicalion', 'P1', 1, (86, 87), (26, 2.0), (26, 2.0)), ('K.3 Musicalion', 'P1', 1, (238, 239), (64, 2.0), (64, 2.0))]) 

38 .    (((2,), (0.5,), 0.5), [('K.3 Musicalion', 'P1', 1, (99, 100), (29, 2.5), (29, 2.5)), ('K.3 Musicalion', 'P1', 1, (140, 141), (40, 2.5), (40, 2.5))]) 

39 .    (((2,), (0.5,), 0.25), [('K.3 Musicalion', 'P1', 1, (256, 257), (70, 2.25), (70, 2.25)), ('K.3 Musicalion', 'P1', 1, (309, 310), (84, 2.25), (84, 2.25)), ('K.3 Musicalion', 'P1', 1, (311, 312), (85, 1.25), (85, 1.25))]) 

40 .    (((2,), (0.5,), 0.75), [('K.3 Musicalion', 'P1', 3, (227, 228), (94, 2.75), (94, 2.75)), ('K.3 Musicalion', 'P1', 2, (41, 42), (90, 2.75), (90, 2.75))]) 

41 .    (((-2,), (0.5,), 0.75), [('K.3 Musicalion', 'P1', 3, (198, 199), (83, 1.75), (83, 1.75)), ('K.3 Musicalion', 'P1', 3, (200, 201), (83, 2.75), (83, 2.75)), ('K.3 Musicalion', 'P1', 3, (206, 207), (85, 1.75), (85, 1.75)), ('K.3 Musicalion', 'P1', 2, (39, 40), (90, 1.75), (90, 1.75))]) 

42 .    (((-2,), (0.5,), 0.5), [('K.3 Musicalion', 'P1', 1, (89, 90), (27, 1.5), (27, 1.5)), ('K.3 Musicalion', 'P1', 1, (222, 223), (59, 2.5), (59, 2.5)), ('K.3 Musicalion', 'P1', 1, (224, 225), (59, 1.5), (59, 1.5))]) 

43 .    (((-2,), (1.0,), 0.5), [('K.3 Musicalion', 'P1', 3, (29, 30), (12, 2.5), (12, 2.5)), ('K.3 Musicalion', 'P1', 2, (11, 12), (47, 1.5), (47, 1.5)), ('K.3 Musicalion', 'P1', 2, (14, 15), (52, 1.5), (52, 1.5)), ('K.3 Musicalion', 'P1', 2, (18, 19), (59, 1.5), (59, 1.5))]) 

44 .    (((-2,), (1.0,), 0.25), [('K.3 Musicalion', 'P1', 1, (246, 247), (68, 1.25), (68, 1.25)), ('K.3 Musicalion', 'P1', 3, (214, 215), (91, 1.25), (91, 1.25)), ('K.3 Musicalion', 'P1', 2, (30, 31), (86, 1.25), (86, 1.25)), ('K.3 Musicalion', 'P1', 2, (37, 38), (89, 2.25), (89, 2.25))]) 

45 .    (((-8,), (1.0,), 0.5), [('K.3 Musicalion', 'P1', 3, (128, 129), (52, 1.5), (52, 1.5)), ('K.3 Musicalion', 'P1', 3, (151, 152), (59, 2.5), (59, 2.5))]) 

