1 .    ('nomes', 'K.23 Musicalion') 

2 .    ('quantidade', 1) 

3 .    ('analise', 'recorręncias IntDiaDurPcompasso sem contidos e intercalados') 

1 .    (((-3, -2, -2, 5, -4, -2, -2, 6, -5, -2, -2, 7, -6, -2, -2, 8, -7, -2, -2, 9, -8, -2, -2, 10, -9, -2, -2, 11, -10, -2, -2, 5, 1, 8, 1), (0.25, 0.25, 0.25, 0.25, 0.25, 0.25, 0.25, 0.25, 0.25, 0.25, 0.25, 0.25, 0.25, 0.25, 0.25, 0.25, 0.25, 0.25, 0.25, 0.25, 0.25, 0.25, 0.25, 0.25, 0.25, 0.25, 0.25, 0.25, 0.25, 0.25, 0.25, 0.75, 0.5, 1.5, 0.5), (3.0, 3.25, 3.5, 3.75, 4.0, 4.25, 4.5, 4.75, 1.0, 1.25, 1.5, 1.75, 2.0, 2.25, 2.5, 2.75, 3.0, 3.25, 3.5, 3.75, 4.0, 4.25, 4.5, 4.75, 1.0, 1.25, 1.5, 1.75, 2.0, 2.25, 2.5, 2.75, 3.5, 4.0, 1.5)), [('K.23 Musicalion', 'P1', 1, (513, 548), (42, 3.0), (45, 1.5)), ('K.23 Musicalion', 'P1', 1, (612, 647), (49, 3.0), (52, 1.5))]) 

2 .    (((1, 2, 2, -2, 1, 2, 2, -4, 1, 2, 2, -2, 1, 2, 2, -4, 1, 2, 2, -2, 1, 2, 2, -7, 1, 2, 2, -2), (0.25, 0.25, 0.25, 0.25, 0.25, 0.25, 0.25, 0.25, 0.25, 0.25, 0.25, 0.25, 0.25, 0.25, 0.25, 0.25, 0.25, 0.25, 0.25, 0.25, 0.25, 0.25, 0.25, 0.25, 0.25, 0.25, 0.25, 0.25), (4.0, 4.25, 4.5, 4.75, 1.0, 1.25, 1.5, 1.75, 2.0, 2.25, 2.5, 2.75, 3.0, 3.25, 3.5, 3.75, 4.0, 4.25, 4.5, 4.75, 1.0, 1.25, 1.5, 1.75, 2.0, 2.25, 2.5, 2.75)), [('K.23 Musicalion', 'P1', 1, (215, 243), (18, 4.0), (20, 2.75)), ('K.23 Musicalion', 'P1', 1, (719, 747), (57, 4.0), (59, 2.75))]) 

3 .    (((7, -2, -2, -9, 10, -2, -2, -4, 7, -2, -2, -9, 10, -2, -2, -4, 7, -2, -2, -9, 10, -2, -2, -7, 7, -2, -2), (0.25, 0.25, 0.25, 0.25, 0.25, 0.25, 0.25, 0.25, 0.25, 0.25, 0.25, 0.25, 0.25, 0.25, 0.25, 0.25, 0.25, 0.25, 0.25, 0.25, 0.25, 0.25, 0.25, 0.25, 0.25, 0.25, 0.25), (4.0, 4.25, 4.5, 4.75, 1.0, 1.25, 1.5, 1.75, 2.0, 2.25, 2.5, 2.75, 3.0, 3.25, 3.5, 3.75, 4.0, 4.25, 4.5, 4.75, 1.0, 1.25, 1.5, 1.75, 2.0, 2.25, 2.5)), [('K.23 Musicalion', 'P1', 3, (148, 175), (18, 4.0), (20, 2.5)), ('K.23 Musicalion', 'P1', 3, (485, 512), (57, 4.0), (59, 2.5))]) 

4 .    (((2, -8, 4, 8, -2, 2, 3, -3, -2, 2, -8, 8, -2, 2, 5, -5, -2, 2, -8, 8, -2, 2, 8, -8, -2, 2, -8), (0.5, 0.5, 0.5, 0.25, 0.25, 0.25, 0.25, 0.25, 0.25, 0.25, 0.25, 0.25, 0.25, 0.25, 0.25, 0.25, 0.25, 0.25, 0.25, 0.25, 0.25, 0.25, 0.25, 0.25, 0.25, 0.25, 0.25), (1.5, 2.0, 2.5, 3.0, 3.25, 3.5, 3.75, 4.0, 4.25, 4.5, 4.75, 1.0, 1.25, 1.5, 1.75, 2.0, 2.25, 2.5, 2.75, 3.0, 3.25, 3.5, 3.75, 4.0, 4.25, 4.5, 4.75)), [('K.23 Musicalion', 'P1', 3, (225, 252), (25, 1.5), (26, 4.75)), ('K.23 Musicalion', 'P1', 3, (253, 280), (27, 1.5), (28, 4.75))]) 

5 .    (((2, -2, 3, -3, 5, -5, 7, -7, 2, -2, 3, -3, 5, -5, 10, -10, 2, -2, 3, -3, 5, -5, 12), (0.25, 0.25, 0.25, 0.25, 0.25, 0.25, 0.25, 0.25, 0.25, 0.25, 0.25, 0.25, 0.25, 0.25, 0.25, 0.25, 0.25, 0.25, 0.25, 0.25, 0.25, 0.25, 0.25), (3.25, 3.5, 3.75, 4.0, 4.25, 4.5, 4.75, 1.0, 1.25, 1.5, 1.75, 2.0, 2.25, 2.5, 2.75, 3.0, 3.25, 3.5, 3.75, 4.0, 4.25, 4.5, 4.75)), [('K.23 Musicalion', 'P1', 1, (77, 100), (8, 3.25), (9, 4.75)), ('K.23 Musicalion', 'P1', 1, (466, 489), (39, 3.25), (40, 4.75))]) 

6 .    (((2, -2, 3, -3, 5, -5, 7, -7, 2, -2, 3, -3, 5, -5, 10, -10, 2, -2, 3, -3, 5, -5, 12), (0.25, 0.25, 0.25, 0.25, 0.25, 0.25, 0.25, 0.25, 0.25, 0.25, 0.25, 0.25, 0.25, 0.25, 0.25, 0.25, 0.25, 0.25, 0.25, 0.25, 0.25, 0.25, 0.25), (1.25, 1.5, 1.75, 2.0, 2.25, 2.5, 2.75, 3.0, 3.25, 3.5, 3.75, 4.0, 4.25, 4.5, 4.75, 1.0, 1.25, 1.5, 1.75, 2.0, 2.25, 2.5, 2.75)), [('K.23 Musicalion', 'P1', 1, (101, 124), (10, 1.25), (11, 2.75)), ('K.23 Musicalion', 'P1', 1, (442, 465), (38, 1.25), (39, 2.75))]) 

7 .    (((3, 4, 3, -2, 3, -5, 3, -5, 4, 3, 3, -2, 3, -5, 3, -2, 6, -3, -3, -2, 6, -7, 6), (0.25, 0.25, 0.25, 0.25, 0.25, 0.25, 0.25, 0.25, 0.25, 0.25, 0.25, 0.25, 0.25, 0.25, 0.25, 0.25, 0.25, 0.25, 0.25, 0.25, 0.25, 0.25, 0.25), (1.0, 1.25, 1.5, 1.75, 2.0, 2.25, 2.5, 2.75, 3.0, 3.25, 3.5, 3.75, 4.0, 4.25, 4.5, 4.75, 1.0, 1.25, 1.5, 1.75, 2.0, 2.25, 2.5)), [('K.23 Musicalion', 'P1', 1, (299, 322), (24, 1.0), (25, 2.5)), ('K.23 Musicalion', 'P1', 1, (365, 388), (30, 1.0), (31, 2.5))]) 

8 .    (((-4, 5, -2, -2, -7, 8, -2, 2, -4, 5, -2, -2, -7, 8, -2, 2, -4, 5, -2, -2, -7, 8, -2), (0.25, 0.25, 0.25, 0.25, 0.25, 0.25, 0.25, 0.25, 0.25, 0.25, 0.25, 0.25, 0.25, 0.25, 0.25, 0.25, 0.25, 0.25, 0.25, 0.25, 0.25, 0.25, 0.25), (3.75, 4.0, 4.25, 4.5, 4.75, 1.0, 1.25, 1.5, 1.75, 2.0, 2.25, 2.5, 2.75, 3.0, 3.25, 3.5, 3.75, 4.0, 4.25, 4.5, 4.75, 1.0, 1.25)), [('K.23 Musicalion', 'P1', 3, (115, 138), (16, 3.75), (18, 1.25)), ('K.23 Musicalion', 'P1', 3, (436, 459), (54, 3.75), (56, 1.25))]) 

9 .    (((-2, -2, -2, -2, -2, -2, -2, -4, 3, -2, -2, 4, 3, -2, -2, 5, 3, -2, -2, 4, 3, -2, -2), (1.0, 1.0, 1.0, 1.0, 1.0, 1.0, 1.0, 1.0, 0.25, 0.25, 0.25, 0.25, 0.25, 0.25, 0.25, 0.25, 0.25, 0.25, 0.25, 0.25, 0.25, 0.25, 0.25), (3.0, 4.0, 1.0, 2.0, 3.0, 4.0, 1.0, 2.0, 3.0, 3.25, 3.5, 3.75, 4.0, 4.25, 4.5, 4.75, 1.0, 1.25, 1.5, 1.75, 2.0, 2.25, 2.5)), [('K.23 Musicalion', 'P1', 3, (346, 369), (42, 3.0), (45, 2.5)), ('K.23 Musicalion', 'P1', 3, (385, 408), (49, 3.0), (52, 2.5))]) 

10 .    (((-2, -2, 2, 1, -2, 2, 2, 1, -2, -2, 2, 1, -2, 2, 2, 1, -2, -2, 2, 1), (0.25, 0.25, 0.25, 0.25, 0.25, 0.25, 0.25, 0.25, 0.25, 0.25, 0.25, 0.25, 0.25, 0.25, 0.25, 0.25, 0.25, 0.25, 0.25, 0.25), (4.25, 4.5, 4.75, 1.0, 1.25, 1.5, 1.75, 2.0, 2.25, 2.5, 2.75, 3.0, 3.25, 3.5, 3.75, 4.0, 4.25, 4.5, 4.75, 1.0)), [('K.23 Musicalion', 'P1', 1, (184, 204), (16, 4.25), (18, 1.0)), ('K.23 Musicalion', 'P1', 1, (672, 692), (54, 4.25), (56, 1.0))]) 

11 .    (((8, -2, 2, 3, -3, -2, 2, -8, 8, -2, 2, 5, -5, -2, 2, -8, 8, -2, 2), (0.25, 0.25, 0.25, 0.25, 0.25, 0.25, 0.25, 0.25, 0.25, 0.25, 0.25, 0.25, 0.25, 0.25, 0.25, 0.25, 0.25, 0.25, 0.25), (1.0, 1.25, 1.5, 1.75, 2.0, 2.25, 2.5, 2.75, 3.0, 3.25, 3.5, 3.75, 4.0, 4.25, 4.5, 4.75, 1.0, 1.25, 1.5)), [('K.23 Musicalion', 'P1', 3, (533, 552), (62, 1.0), (63, 1.5)), ('K.23 Musicalion', 'P1', 3, (565, 584), (64, 1.0), (65, 1.5))]) 

12 .    (((10, -2, -2, -4, 7, -2, -2, -9, 10, -2, -2, -4, 7, -2, -2, -9, 10, -2, -2), (0.25, 0.25, 0.25, 0.25, 0.25, 0.25, 0.25, 0.25, 0.25, 0.25, 0.25, 0.25, 0.25, 0.25, 0.25, 0.25, 0.25, 0.25, 0.25), (3.0, 3.25, 3.5, 3.75, 4.0, 4.25, 4.5, 4.75, 1.0, 1.25, 1.5, 1.75, 2.0, 2.25, 2.5, 2.75, 3.0, 3.25, 3.5)), [('K.23 Musicalion', 'P1', 3, (176, 195), (20, 3.0), (21, 3.5)), ('K.23 Musicalion', 'P1', 3, (465, 484), (56, 3.0), (57, 3.5))]) 

13 .    (((2, 2, -4, 1, 2, 2, -2, 1, 2, 2, -4, 1, 2, 2, -2, 1, 2, 2), (0.25, 0.25, 0.25, 0.25, 0.25, 0.25, 0.25, 0.25, 0.25, 0.25, 0.25, 0.25, 0.25, 0.25, 0.25, 0.25, 0.25, 0.25), (3.25, 3.5, 3.75, 4.0, 4.25, 4.5, 4.75, 1.0, 1.25, 1.5, 1.75, 2.0, 2.25, 2.5, 2.75, 3.0, 3.25, 3.5)), [('K.23 Musicalion', 'P1', 1, (244, 262), (20, 3.25), (21, 3.5)), ('K.23 Musicalion', 'P1', 1, (700, 718), (56, 3.25), (57, 3.5))]) 

14 .    (((8, -4, -3, 6, -4, -3, 6, -4, -3, 4, -2, -2, -2, -2, -2, -2), (0.5, 1.0, 0.5, 0.5, 1.0, 0.5, 0.5, 1.0, 0.5, 0.25, 0.25, 0.25, 0.25, 0.25, 0.25, 0.25), (3.0, 3.5, 4.5, 1.0, 1.5, 2.5, 3.0, 3.5, 4.5, 1.0, 1.25, 1.5, 1.75, 2.0, 2.25, 2.5)), [('K.23 Musicalion', 'P1', 1, (323, 339), (25, 3.0), (27, 2.5)), ('K.23 Musicalion', 'P1', 1, (340, 356), (27, 3.0), (29, 2.5))]) 

15 .    (((-3, -3, 5, -3, -3, 5, -3, -3, 6, -2, -2, -2, -2, -2, -2, 2), (1.0, 0.5, 0.5, 1.0, 0.5, 0.5, 1.0, 0.5, 0.25, 0.25, 0.25, 0.25, 0.25, 0.25, 0.25, 0.25), (1.5, 2.5, 3.0, 3.5, 4.5, 1.0, 1.5, 2.5, 3.0, 3.25, 3.5, 3.75, 4.0, 4.25, 4.5, 4.75)), [('K.23 Musicalion', 'P1', 1, (786, 802), (62, 1.5), (63, 4.75)), ('K.23 Musicalion', 'P1', 1, (803, 819), (64, 1.5), (65, 4.75))]) 

16 .    (((3, -2, -2, 4, 3, -2, -2, 5, 3, -2, -2, 4, 3, -2, -2, 5), (0.25, 0.25, 0.25, 0.25, 0.25, 0.25, 0.25, 0.25, 0.25, 0.25, 0.25, 0.25, 0.25, 0.25, 0.25, 0.25), (1.0, 1.25, 1.5, 1.75, 2.0, 2.25, 2.5, 2.75, 3.0, 3.25, 3.5, 3.75, 4.0, 4.25, 4.5, 4.75)), [('K.23 Musicalion', 'P1', 3, (43, 59), (7, 1.0), (7, 4.75)), ('K.23 Musicalion', 'P1', 3, (92, 108), (15, 1.0), (15, 4.75))]) 

17 .    (((3, -2, -2, 4, 3, -2, -2, 5, 3, -2, -2, 4, 3, -2, -2), (0.25, 0.25, 0.25, 0.25, 0.25, 0.25, 0.25, 0.25, 0.25, 0.25, 0.25, 0.25, 0.25, 0.25, 0.25), (1.0, 1.25, 1.5, 1.75, 2.0, 2.25, 2.5, 2.75, 3.0, 3.25, 3.5, 3.75, 4.0, 4.25, 4.5)), [('K.23 Musicalion', 'P1', 3, (27, 42), (6, 1.0), (6, 4.5)), ('K.23 Musicalion', 'P1', 3, (76, 91), (14, 1.0), (14, 4.5))]) 

18 .    (((-2, 2, -2, 2, 2, 2, 2, -6, -2, 2, -2, 7, -2, -2, 2), (0.25, 0.25, 0.25, 0.25, 0.25, 0.25, 0.25, 0.25, 0.25, 0.25, 0.25, 0.25, 0.25, 0.25, 0.25), (3.25, 3.5, 3.75, 4.0, 4.25, 4.5, 4.75, 1.0, 1.25, 1.5, 1.75, 2.0, 2.25, 2.5, 2.75)), [('K.23 Musicalion', 'P1', 1, (549, 564), (45, 3.25), (46, 2.75)), ('K.23 Musicalion', 'P1', 1, (565, 580), (46, 3.25), (47, 2.75)), ('K.23 Musicalion', 'P1', 1, (581, 596), (47, 3.25), (48, 2.75))]) 

19 .    (((-8, -2, 7, -8, -2, 11, -8, -2, 7, -8, -2, -2, 3, -2, -2), (0.5, 0.5, 1.0, 0.5, 0.5, 1.0, 0.5, 0.5, 1.0, 0.5, 0.5, 1.0, 0.25, 0.25, 0.25), (1.0, 1.5, 2.0, 3.0, 3.5, 4.0, 1.0, 1.5, 2.0, 3.0, 3.5, 4.0, 1.0, 1.25, 1.5)), [('K.23 Musicalion', 'P1', 1, (0, 15), (1, 1.0), (3, 1.5)), ('K.23 Musicalion', 'P1', 1, (401, 416), (33, 1.0), (35, 1.5))]) 

20 .    (((-8, -2, -5, 11, -8, -2, -3, 13, -8, -2, -5, 11, -8, -2, -3), (0.5, 0.5, 0.5, 0.5, 0.5, 0.5, 0.5, 0.5, 0.5, 0.5, 0.5, 0.5, 0.5, 0.5, 0.5), (1.0, 1.5, 2.0, 2.5, 3.0, 3.5, 4.0, 4.5, 1.0, 1.5, 2.0, 2.5, 3.0, 3.5, 4.0)), [('K.23 Musicalion', 'P1', 3, (0, 15), (1, 1.0), (2, 4.0)), ('K.23 Musicalion', 'P1', 3, (318, 333), (36, 1.0), (37, 4.0))]) 

21 .    (((3, -2, -2, -2, 3, -2, -2, 5, 3, -2, -2), (0.25, 0.25, 0.25, 0.25, 0.25, 0.25, 0.25, 0.25, 0.25, 0.25, 0.25), (2.0, 2.25, 2.5, 2.75, 3.0, 3.25, 3.5, 3.75, 4.0, 4.25, 4.5)), [('K.23 Musicalion', 'P1', 1, (16, 27), (3, 2.0), (3, 4.5)), ('K.23 Musicalion', 'P1', 1, (32, 43), (4, 2.0), (4, 4.5))]) 

22 .    (((-2, -2, -2, -2, -2, -2, -2, -2, -2, -2), (0.25, 0.25, 0.25, 0.25, 0.25, 0.25, 0.25, 0.25, 0.25, 0.25), (2.25, 2.5, 2.75, 3.0, 3.25, 3.5, 3.75, 4.0, 4.25, 4.5)), [('K.23 Musicalion', 'P1', 1, (288, 298), (23, 2.25), (23, 4.5)), ('K.23 Musicalion', 'P1', 1, (760, 770), (60, 2.25), (60, 4.5))]) 

23 .    (((3, -5, 3, -6, 4, -6, 3, -5), (0.25, 0.25, 0.25, 0.25, 0.25, 0.25, 0.25, 0.25), (3.0, 3.25, 3.5, 3.75, 4.0, 4.25, 4.5, 4.75)), [('K.23 Musicalion', 'P1', 1, (52, 60), (5, 3.0), (5, 4.75)), ('K.23 Musicalion', 'P1', 3, (618, 626), (69, 3.0), (69, 4.75))]) 

24 .    (((-2, -2, -2, -2, -2, -2, -2), (0.25, 0.25, 0.25, 0.25, 0.25, 0.25, 0.25), (1.25, 1.5, 1.75, 2.0, 2.25, 2.5, 2.75)), [('K.23 Musicalion', 'P1', 1, (69, 76), (8, 1.25), (8, 2.75)), ('K.23 Musicalion', 'P1', 1, (820, 827), (66, 1.25), (66, 2.75)), ('K.23 Musicalion', 'P1', 1, (852, 859), (68, 1.25), (68, 2.75))]) 

25 .    (((1, 8, 1, -8, 1, 8, 1), (0.5, 1.5, 0.5, 1.5, 0.5, 1.5, 0.5), (1.5, 2.0, 3.5, 4.0, 1.5, 2.0, 3.5)), [('K.23 Musicalion', 'P1', 1, (61, 68), (6, 1.5), (7, 3.5)), ('K.23 Musicalion', 'P1', 1, (164, 171), (14, 1.5), (15, 3.5))]) 

26 .    (((-2, -2, -2, -2, -2, -2), (0.25, 0.25, 0.25, 0.25, 0.25, 0.25), (1.25, 1.5, 1.75, 2.0, 2.25, 2.5)), [('K.23 Musicalion', 'P1', 1, (490, 496), (41, 1.25), (41, 2.5)), ('K.23 Musicalion', 'P1', 1, (605, 611), (49, 1.25), (49, 2.5))]) 

27 .    (((-2, -2, -2, -2, -2, -2), (0.25, 0.25, 0.25, 0.25, 0.25, 0.25), (3.25, 3.5, 3.75, 4.0, 4.25, 4.5)), [('K.23 Musicalion', 'P1', 1, (125, 131), (11, 3.25), (11, 4.5)), ('K.23 Musicalion', 'P1', 1, (358, 364), (29, 3.25), (29, 4.5)), ('K.23 Musicalion', 'P1', 1, (778, 784), (61, 3.25), (61, 4.5))]) 

28 .    (((-2, -2, -2, 5, -2, -2), (0.25, 0.25, 0.25, 0.25, 0.25, 0.25), (3.25, 3.5, 3.75, 4.0, 4.25, 4.5)), [('K.23 Musicalion', 'P1', 1, (276, 282), (22, 3.25), (22, 4.5)), ('K.23 Musicalion', 'P1', 1, (652, 658), (53, 3.25), (53, 4.5))]) 

29 .    (((-8, -2, 7, -8, -2), (0.5, 0.5, 1.0, 0.5, 0.5), (1.0, 1.5, 2.0, 3.0, 3.5)), [('K.23 Musicalion', 'P1', 1, (429, 434), (36, 1.0), (36, 3.5)), ('K.23 Musicalion', 'P1', 1, (435, 440), (37, 1.0), (37, 3.5))]) 

30 .    (((-2, -2, 2, 1, -2), (0.25, 0.25, 0.25, 0.25, 0.25), (2.25, 2.5, 2.75, 3.0, 3.25)), [('K.23 Musicalion', 'P1', 1, (664, 669), (54, 2.25), (54, 3.25)), ('K.23 Musicalion', 'P1', 3, (109, 114), (16, 2.25), (16, 3.25))]) 

31 .    (((3, -2, 3, -5, 3), (0.25, 0.25, 0.25, 0.25, 0.25), (3.5, 3.75, 4.0, 4.25, 4.5)), [('K.23 Musicalion', 'P1', 1, (829, 834), (66, 3.5), (66, 4.5)), ('K.23 Musicalion', 'P1', 1, (845, 850), (67, 3.5), (67, 4.5))]) 

32 .    (((1, 1, 1, 1, 1), (2.0, 2.0, 2.0, 2.0, 2.0), (3.0, 1.0, 3.0, 1.0, 3.0)), [('K.23 Musicalion', 'P1', 3, (61, 66), (8, 3.0), (10, 3.0)), ('K.23 Musicalion', 'P1', 3, (335, 340), (38, 3.0), (40, 3.0))]) 

33 .    (((2, 3, 2, -6, 2), (0.5, 0.5, 0.5, 0.5, 0.5), (1.5, 2.0, 2.5, 3.0, 3.5)), [('K.23 Musicalion', 'P1', 3, (518, 523), (60, 1.5), (60, 3.5)), ('K.23 Musicalion', 'P1', 3, (594, 599), (66, 1.5), (66, 3.5))]) 

34 .    (((3, 2, 3, 2), (0.5, 0.5, 0.5, 0.5), (4.0, 4.5, 1.0, 1.5)), [('K.23 Musicalion', 'P1', 3, (206, 210), (22, 4.0), (23, 1.5)), ('K.23 Musicalion', 'P1', 3, (286, 290), (29, 4.0), (30, 1.5))]) 

35 .    (((3, -2, -2), (0.25, 0.25, 0.25), (1.0, 1.25, 1.5)), [('K.23 Musicalion', 'P1', 1, (28, 31), (4, 1.0), (4, 1.5)), ('K.23 Musicalion', 'P1', 1, (44, 47), (5, 1.0), (5, 1.5)), ('K.23 Musicalion', 'P1', 1, (505, 508), (42, 1.0), (42, 1.5)), ('K.23 Musicalion', 'P1', 3, (417, 420), (53, 1.0), (53, 1.5))]) 

36 .    (((-2, -2, -2), (0.25, 0.25, 0.25), (1.25, 1.5, 1.75)), [('K.23 Musicalion', 'P1', 1, (268, 271), (22, 1.25), (22, 1.75)), ('K.23 Musicalion', 'P1', 1, (284, 287), (23, 1.25), (23, 1.75)), ('K.23 Musicalion', 'P1', 1, (660, 663), (54, 1.25), (54, 1.75)), ('K.23 Musicalion', 'P1', 1, (756, 759), (60, 1.25), (60, 1.75)), ('K.23 Musicalion', 'P1', 1, (772, 775), (61, 1.25), (61, 1.75))]) 

37 .    (((-2, -2, 2), (0.25, 0.25, 0.25), (2.25, 2.5, 2.75)), [('K.23 Musicalion', 'P1', 1, (176, 179), (16, 2.25), (16, 2.75)), ('K.23 Musicalion', 'P1', 1, (208, 211), (18, 2.25), (18, 2.75))]) 

38 .    (((3, -2, -2), (0.25, 0.25, 0.25), (3.0, 3.25, 3.5)), [('K.23 Musicalion', 'P1', 1, (421, 424), (35, 3.0), (35, 3.5)), ('K.23 Musicalion', 'P1', 3, (409, 412), (52, 3.0), (52, 3.5))]) 

39 .    (((-2, -2, 2), (0.25, 0.25, 0.25), (4.25, 4.5, 4.75)), [('K.23 Musicalion', 'P1', 3, (197, 200), (21, 4.25), (21, 4.75)), ('K.23 Musicalion', 'P1', 3, (213, 216), (23, 4.25), (23, 4.75))]) 

40 .    (((3, -2, -2), (0.25, 0.25, 0.25), (4.0, 4.25, 4.5)), [('K.23 Musicalion', 'P1', 1, (425, 428), (35, 4.0), (35, 4.5)), ('K.23 Musicalion', 'P1', 1, (501, 504), (41, 4.0), (41, 4.5)), ('K.23 Musicalion', 'P1', 3, (413, 416), (52, 4.0), (52, 4.5))]) 

41 .    (((-2, -2, -2), (0.25, 0.25, 0.25), (3.25, 3.5, 3.75)), [('K.23 Musicalion', 'P1', 1, (597, 600), (48, 3.25), (48, 3.75)), ('K.23 Musicalion', 'P1', 1, (748, 751), (59, 3.25), (59, 3.75))]) 

42 .    (((3, -2, -2), (0.25, 0.25, 0.25), (2.0, 2.25, 2.5)), [('K.23 Musicalion', 'P1', 1, (417, 420), (35, 2.0), (35, 2.5)), ('K.23 Musicalion', 'P1', 3, (421, 424), (53, 2.0), (53, 2.5))]) 

43 .    (((-2, -2, -2), (0.25, 0.25, 0.25), (2.25, 2.5, 2.75)), [('K.23 Musicalion', 'P1', 1, (272, 275), (22, 2.25), (22, 2.75)), ('K.23 Musicalion', 'P1', 3, (526, 529), (61, 2.25), (61, 2.75))]) 

44 .    (((-2, 2, -8), (0.25, 0.25, 0.25), (2.25, 2.5, 2.75)), [('K.23 Musicalion', 'P1', 3, (554, 557), (63, 2.25), (63, 2.75)), ('K.23 Musicalion', 'P1', 3, (586, 589), (65, 2.25), (65, 2.75))]) 

45 .    (((-2, -2, -2), (1.0, 1.0, 1.0), (1.0, 2.0, 3.0)), [('K.23 Musicalion', 'P1', 3, (68, 71), (12, 1.0), (12, 3.0)), ('K.23 Musicalion', 'P1', 3, (72, 75), (13, 1.0), (13, 3.0))]) 

46 .    (((2, -8, 4), (0.5, 0.5, 0.5), (1.5, 2.0, 2.5)), [('K.23 Musicalion', 'P1', 3, (281, 284), (29, 1.5), (29, 2.5)), ('K.23 Musicalion', 'P1', 3, (297, 300), (31, 1.5), (31, 2.5))]) 

47 .    ((((3, 2), (3, -5), (6, -3)), ((0.0, 1.0), (0.0, 1.0), (0.0, 1.0)), (1.0, 2.0, 3.0)), [('K.23 Musicalion', 'P1', 3, (16, 19), (3, 1.0), (3, 3.0)), ('K.23 Musicalion', 'P1', 3, (20, 23), (4, 1.0), (4, 3.0))]) 

48 .    (((-5, 3, -3), (0.5, 1.5, 0.5), (2.0, 2.5, 4.0)), [('K.23 Musicalion', 'P1', 3, (306, 309), (33, 2.0), (33, 4.0)), ('K.23 Musicalion', 'P1', 3, (310, 313), (34, 2.0), (34, 4.0))]) 

49 .    ((((5, 2), (3, -2), (4, -2)), ((0.0, 1.0), (0.0, 1.5), (0.0, 0.5)), (2.0, 3.0, 4.5)), [('K.23 Musicalion', 'P1', 3, (373, 376), (46, 2.0), (46, 4.5)), ('K.23 Musicalion', 'P1', 3, (377, 380), (47, 2.0), (47, 4.5))]) 

50 .    (((-8, 6, -8), (0.5, 1.5, 0.5), (1.0, 1.5, 3.0)), [('K.23 Musicalion', 'P1', 2, (10, 13), (33, 1.0), (33, 3.0)), ('K.23 Musicalion', 'P1', 2, (14, 17), (34, 1.0), (34, 3.0))]) 

51 .    (((-2, -2), (0.25, 0.25), (2.25, 2.5)), [('K.23 Musicalion', 'P1', 1, (137, 139), (12, 2.25), (12, 2.5)), ('K.23 Musicalion', 'P1', 1, (153, 155), (13, 2.25), (13, 2.5)), ('K.23 Musicalion', 'P1', 1, (510, 512), (42, 2.25), (42, 2.5)), ('K.23 Musicalion', 'P1', 3, (141, 143), (18, 2.25), (18, 2.5)), ('K.23 Musicalion', 'P1', 3, (430, 432), (54, 2.25), (54, 2.5)), ('K.23 Musicalion', 'P1', 3, (462, 464), (56, 2.25), (56, 2.5))]) 

52 .    (((-2, -2), (0.25, 0.25), (4.25, 4.5)), [('K.23 Musicalion', 'P1', 1, (145, 147), (12, 4.25), (12, 4.5)), ('K.23 Musicalion', 'P1', 1, (161, 163), (13, 4.25), (13, 4.5)), ('K.23 Musicalion', 'P1', 1, (752, 754), (59, 4.25), (59, 4.5)), ('K.23 Musicalion', 'P1', 3, (426, 428), (53, 4.25), (53, 4.5))]) 

53 .    (((-2, -2), (0.25, 0.25), (1.25, 1.5)), [('K.23 Musicalion', 'P1', 1, (133, 135), (12, 1.25), (12, 1.5)), ('K.23 Musicalion', 'P1', 1, (149, 151), (13, 1.25), (13, 1.5))]) 

54 .    (((-2, -2), (0.25, 0.25), (3.25, 3.5)), [('K.23 Musicalion', 'P1', 1, (141, 143), (12, 3.25), (12, 3.5)), ('K.23 Musicalion', 'P1', 1, (157, 159), (13, 3.25), (13, 3.5)), ('K.23 Musicalion', 'P1', 1, (498, 500), (41, 3.25), (41, 3.5)), ('K.23 Musicalion', 'P1', 3, (145, 147), (18, 3.25), (18, 3.5))]) 

55 .    (((-2, 2), (0.25, 0.25), (3.25, 3.5)), [('K.23 Musicalion', 'P1', 1, (180, 182), (16, 3.25), (16, 3.5)), ('K.23 Musicalion', 'P1', 3, (558, 560), (63, 3.25), (63, 3.5))]) 

56 .    (((-2, 2), (0.25, 0.25), (4.25, 4.5)), [('K.23 Musicalion', 'P1', 1, (601, 603), (48, 4.25), (48, 4.5)), ('K.23 Musicalion', 'P1', 3, (562, 564), (63, 4.25), (63, 4.5))]) 

57 .    (((2, 2), (0.25, 0.25), (1.5, 1.75)), [('K.23 Musicalion', 'P1', 1, (173, 175), (16, 1.5), (16, 1.75)), ('K.23 Musicalion', 'P1', 1, (205, 207), (18, 1.5), (18, 1.75))]) 

58 .    (((2, -8), (0.5, 0.5), (3.5, 4.0)), [('K.23 Musicalion', 'P1', 3, (530, 532), (61, 3.5), (61, 4.0)), ('K.23 Musicalion', 'P1', 3, (590, 592), (65, 3.5), (65, 4.0)), ('K.23 Musicalion', 'P1', 3, (614, 616), (68, 3.5), (68, 4.0))]) 

59 .    (((2, -3), (0.5, 0.5), (2.5, 3.0)), [('K.23 Musicalion', 'P1', 3, (203, 205), (22, 2.5), (22, 3.0)), ('K.23 Musicalion', 'P1', 3, (219, 221), (24, 2.5), (24, 3.0)), ('K.23 Musicalion', 'P1', 3, (291, 293), (30, 2.5), (30, 3.0))]) 

60 .    (((1, 1), (1.0, 1.0), (1.0, 2.0)), [('K.23 Musicalion', 'P1', 2, (0, 2), (19, 1.0), (19, 2.0)), ('K.23 Musicalion', 'P1', 2, (7, 9), (21, 1.0), (21, 2.0))]) 

61 .    (((-2,), (0.25,), (2.75,)), [('K.23 Musicalion', 'P1', 1, (698, 699), (56, 2.75), (56, 2.75)), ('K.23 Musicalion', 'P1', 1, (842, 843), (67, 2.75), (67, 2.75))]) 

62 .    (((3,), (0.25,), (2.0,)), [('K.23 Musicalion', 'P1', 1, (48, 49), (5, 2.0), (5, 2.0)), ('K.23 Musicalion', 'P1', 1, (839, 840), (67, 2.0), (67, 2.0)), ('K.23 Musicalion', 'P1', 1, (871, 872), (69, 2.0), (69, 2.0))]) 

63 .    (((2,), (0.5,), (1.5,)), [('K.23 Musicalion', 'P1', 3, (217, 218), (24, 1.5), (24, 1.5)), ('K.23 Musicalion', 'P1', 3, (610, 611), (68, 1.5), (68, 1.5))]) 

64 .    (((2,), (0.5,), (2.5,)), [('K.23 Musicalion', 'P1', 3, (341, 342), (41, 2.5), (41, 2.5)), ('K.23 Musicalion', 'P1', 3, (604, 605), (67, 2.5), (67, 2.5)), ('K.23 Musicalion', 'P1', 3, (612, 613), (68, 2.5), (68, 2.5))]) 

65 .    (((2,), (0.5,), (4.5,)), [('K.23 Musicalion', 'P1', 3, (295, 296), (30, 4.5), (30, 4.5)), ('K.23 Musicalion', 'P1', 3, (516, 517), (59, 4.5), (59, 4.5)), ('K.23 Musicalion', 'P1', 3, (524, 525), (60, 4.5), (60, 4.5)), ('K.23 Musicalion', 'P1', 3, (600, 601), (66, 4.5), (66, 4.5)), ('K.23 Musicalion', 'P1', 3, (608, 609), (67, 4.5), (67, 4.5))]) 

66 .    (((3,), (0.25,), (1.5,)), [('K.23 Musicalion', 'P1', 1, (399, 400), (32, 1.5), (32, 1.5)), ('K.23 Musicalion', 'P1', 1, (837, 838), (67, 1.5), (67, 1.5)), ('K.23 Musicalion', 'P1', 1, (869, 870), (69, 1.5), (69, 1.5))]) 

67 .    (((-3,), (0.25,), (3.25,)), [('K.23 Musicalion', 'P1', 1, (390, 391), (31, 3.25), (31, 3.25)), ('K.23 Musicalion', 'P1', 1, (860, 861), (68, 3.25), (68, 3.25))]) 

