1 .    ('nomes', 'K.2 Musicalion') 

2 .    ('quantidade', 1) 

3 .    ('analise', 'sequÍncias IntDiaDurPcompasso sem contidos e intercalados') 

1 .    (((6, -7, 6, -7), (0.5, 0.5, 0.5, 0.5), (2.0, 2.5, 3.0, 3.5)), [[('K.2 Musicalion', 'P1', 3, (19, 23), (21, 2.0), (21, 3.5)), ('K.2 Musicalion', 'P1', 3, (24, 28), (23, 2.0), (23, 3.5))], [('K.2 Musicalion', 'P1', 3, (40, 44), (27, 2.0), (27, 3.5)), ('K.2 Musicalion', 'P1', 3, (45, 49), (29, 2.0), (29, 3.5))], [('K.2 Musicalion', 'P1', 3, (130, 134), (66, 2.0), (66, 3.5)), ('K.2 Musicalion', 'P1', 3, (135, 139), (68, 2.0), (68, 3.5))]]) 

2 .    (((6, -7, 6, -7), (0.5, 0.5, 0.5, 0.5), (3.0, 3.5, 1.0, 1.5)), [[('K.2 Musicalion', 'P1', 3, (116, 120), (62, 3.0), (62, 1.5)), ('K.2 Musicalion', 'P1', 3, (121, 125), (64, 3.0), (64, 1.5))]]) 

3 .    (((-2, -2), (1.0, 1.0), (2.0, 3.0)), [[('K.2 Musicalion', 'P1', 1, (117, 119), (29, 2.0), (29, 3.0)), ('K.2 Musicalion', 'P1', 1, (120, 122), (30, 2.0), (30, 3.0))], [('K.2 Musicalion', 'P1', 1, (232, 234), (58, 2.0), (58, 3.0)), ('K.2 Musicalion', 'P1', 1, (235, 237), (59, 2.0), (59, 3.0))]]) 

4 .    (((-2, -2), (1.0, 1.0), (3.0, 1.0)), [[('K.2 Musicalion', 'P1', 1, (130, 132), (32, 3.0), (32, 1.0)), ('K.2 Musicalion', 'P1', 1, (133, 135), (33, 3.0), (33, 1.0))], [('K.2 Musicalion', 'P1', 1, (286, 288), (70, 3.0), (70, 1.0)), ('K.2 Musicalion', 'P1', 1, (289, 291), (71, 3.0), (71, 1.0))], [('K.2 Musicalion', 'P1', 1, (298, 300), (73, 3.0), (73, 1.0)), ('K.2 Musicalion', 'P1', 1, (301, 303), (74, 3.0), (74, 1.0))]]) 

