1 .    ('nomes', 'K.22 Musicalion') 

2 .    ('quantidade', 1) 

3 .    ('analise', 'recorręncias IntDiaDurPcompasso sem contidos e intercalados') 

1 .    (((-2, -2, -2, 2, 3, 4, -8, 8, -2, -2, -2, -2, -2, 1, -2, 3, -2, -2, -2, 2, 3, 4, -8, 8, -2, -2, -2, -2, -2), (0.25, 0.25, 0.25, 0.25, 0.25, 0.25, 0.25, 0.25, 0.25, 0.25, 0.25, 0.25, 0.25, 0.25, 0.25, 0.25, 0.25, 0.25, 0.25, 0.25, 0.25, 0.25, 0.25, 0.25, 0.25, 0.25, 0.25, 0.25, 0.25), (2.25, 2.5, 2.75, 1.0, 1.25, 1.5, 1.75, 2.0, 2.25, 2.5, 2.75, 1.0, 1.25, 1.5, 1.75, 2.0, 2.25, 2.5, 2.75, 1.0, 1.25, 1.5, 1.75, 2.0, 2.25, 2.5, 2.75, 1.0, 1.25)), [('K.22 Musicalion', 'P1', 1, (191, 220), (42, 2.25), (45, 1.25)), ('K.22 Musicalion', 'P1', 1, (223, 252), (46, 2.25), (49, 1.25))]) 

2 .    (((15, -2, -2, -2, -2, -2, -2, -8, 2, 3, 2, 8, -2, -2, -2, -2, -2, -2, -8, 2, 3, 2, -2, -2), (0.5, 0.25, 0.25, 0.25, 0.25, 0.25, 0.25, 0.5, 0.5, 0.5, 0.5, 0.5, 0.25, 0.25, 0.25, 0.25, 0.25, 0.25, 0.5, 0.5, 0.5, 0.5, 0.5, 0.5), (1.75, 2.25, 2.5, 2.75, 1.0, 1.25, 1.5, 1.75, 2.25, 2.75, 1.25, 1.75, 2.25, 2.5, 2.75, 1.0, 1.25, 1.5, 1.75, 2.25, 2.75, 1.25, 1.75, 2.25)), [('K.22 Musicalion', 'P1', 3, (220, 244), (52, 1.75), (56, 2.25)), ('K.22 Musicalion', 'P1', 3, (250, 274), (58, 1.75), (62, 2.25))]) 

3 .    (((-3, -2, -2, 2, -3, 2, -3, 7, -3, -2, -2, 2, -3, 2, -3, 7, -3, -2, -2, 2, -3, 2, -3), (0.25, 0.25, 0.25, 0.25, 0.25, 0.25, 0.25, 0.25, 0.25, 0.25, 0.25, 0.25, 0.25, 0.25, 0.25, 0.25, 0.25, 0.25, 0.25, 0.25, 0.25, 0.25, 0.25), (1.75, 2.0, 2.25, 2.5, 2.75, 1.0, 1.25, 1.5, 1.75, 2.0, 2.25, 2.5, 2.75, 1.0, 1.25, 1.5, 1.75, 2.0, 2.25, 2.5, 2.75, 1.0, 1.25)), [('K.22 Musicalion', 'P1', 2, (0, 23), (22, 1.75), (24, 1.25)), ('K.22 Musicalion', 'P1', 2, (24, 47), (26, 1.75), (28, 1.25))]) 

4 .    (((-4, 2, -3, 2, -3, 2, -3, 2, -3, 2, -3, 2, -4, 2, -3, 4, -3, 2, -3, 2, -3, 2, -3), (0.25, 0.25, 0.25, 0.25, 0.25, 0.25, 0.25, 0.25, 0.25, 0.25, 0.25, 0.25, 0.25, 0.25, 0.25, 0.25, 0.25, 0.25, 0.25, 0.25, 0.25, 0.25, 0.25), (1.75, 2.0, 2.25, 2.5, 2.75, 1.0, 1.25, 1.5, 1.75, 2.0, 2.25, 2.5, 2.75, 1.0, 1.25, 1.5, 1.75, 2.0, 2.25, 2.5, 2.75, 1.0, 1.25)), [('K.22 Musicalion', 'P1', 2, (48, 71), (32, 1.75), (34, 1.25)), ('K.22 Musicalion', 'P1', 2, (101, 124), (74, 1.75), (76, 1.25))]) 

5 .    (((-3, 4, -3, 4, 3, -2, -2, 6, -3, 4, -3, 4, -3, -2, -2, -2, 2, -3, -2, -2, -2, -2), (0.25, 0.25, 0.25, 0.25, 0.25, 0.25, 0.25, 0.25, 0.25, 0.25, 0.25, 0.25, 1.5, 0.5, 0.5, 0.5, 0.5, 0.5, 0.5, 0.5, 0.5, 0.5), (2.75, 1.0, 1.25, 1.5, 1.75, 2.0, 2.25, 2.5, 2.75, 1.0, 1.25, 1.5, 1.75, 1.25, 1.75, 2.25, 2.75, 1.25, 1.75, 2.25, 2.75, 1.25)), [('K.22 Musicalion', 'P1', 1, (144, 166), (30, 2.75), (34, 1.25)), ('K.22 Musicalion', 'P1', 1, (377, 399), (72, 2.75), (76, 1.25))]) 

6 .    (((2, 3, 2, 8, -2, -2, -2, -2, -2, -2, -8, 2, 3, 2, 8, -2, -2, -2, -2, -2), (0.5, 0.5, 0.5, 0.5, 0.25, 0.25, 0.25, 0.25, 0.25, 0.25, 0.5, 0.5, 0.5, 0.5, 0.5, 0.25, 0.25, 0.25, 0.25, 0.25), (2.25, 2.75, 1.25, 1.75, 2.25, 2.5, 2.75, 1.0, 1.25, 1.5, 1.75, 2.25, 2.75, 1.25, 1.75, 2.25, 2.5, 2.75, 1.0, 1.25)), [('K.22 Musicalion', 'P1', 1, (270, 290), (52, 2.25), (55, 1.25)), ('K.22 Musicalion', 'P1', 1, (305, 325), (58, 2.25), (61, 1.25))]) 

7 .    (((-8, 8, 1, 2, -8, 8, -2, -2, -8, 8, 1, 2, -8, 8, -2), (0.5, 0.5, 0.5, 0.5, 0.5, 0.5, 0.5, 0.5, 0.5, 0.5, 0.5, 0.5, 0.5, 0.5, 0.5), (1.75, 2.25, 2.75, 1.25, 1.75, 2.25, 2.75, 1.25, 1.75, 2.25, 2.75, 1.25, 1.75, 2.25, 2.75)), [('K.22 Musicalion', 'P1', 3, (184, 199), (43, 1.75), (46, 2.75)), ('K.22 Musicalion', 'P1', 3, (200, 215), (47, 1.75), (50, 2.75))]) 

8 .    (((8, -2, -2, -5, 6, -7, 6, -7, 6, -7, 6, -7, 6, -7, 8), (0.25, 0.25, 0.25, 0.25, 0.25, 0.25, 0.25, 0.25, 0.25, 0.25, 0.25, 0.25, 0.25, 0.25, 0.25), (1.75, 2.0, 2.25, 2.5, 2.75, 1.0, 1.25, 1.5, 1.75, 2.0, 2.25, 2.5, 2.75, 1.0, 1.25)), [('K.22 Musicalion', 'P1', 3, (276, 291), (63, 1.75), (64, 1.25)), ('K.22 Musicalion', 'P1', 3, (292, 307), (65, 1.75), (66, 1.25)), ('K.22 Musicalion', 'P1', 3, (308, 323), (67, 1.75), (68, 1.25))]) 

9 .    (((-2, -2, 2, 2, -3, 4, -2, -2, -2, -2, 2, 2, -3, 4), (0.25, 0.25, 0.25, 0.25, 0.25, 0.25, 0.25, 0.25, 0.25, 0.25, 0.25, 0.25, 0.25, 0.25), (2.25, 2.5, 2.75, 1.0, 1.25, 1.5, 1.75, 2.0, 2.25, 2.5, 2.75, 1.0, 1.25, 1.5)), [('K.22 Musicalion', 'P1', 3, (12, 26), (8, 2.25), (9, 1.5)), ('K.22 Musicalion', 'P1', 3, (28, 42), (10, 2.25), (11, 1.5))]) 

10 .    (((-2, -2, -2, 7, (3, 2), (3, -2), (3, 2), (3, 2), (3, 2), (3, 2), -2, -2, -2), (0.25, 0.25, 0.25, 0.25, (0.0, 0.75), (0.0, 0.25), (0.0, 0.5), (0.0, 0.5), (0.0, 0.5), (0.0, 0.5), 0.25, 0.25, 0.25), (2.75, 1.0, 1.25, 1.5, 1.75, 2.5, 2.75, 1.25, 1.75, 2.25, 2.75, 1.0, 1.25)), [('K.22 Musicalion', 'P1', 1, (327, 340), (62, 2.75), (64, 1.25)), ('K.22 Musicalion', 'P1', 1, (347, 360), (66, 2.75), (68, 1.25))]) 

11 .    (((-2, -2, -2, -2, 2, -2, -2, -2, -2, 2), (0.25, 0.25, 0.25, 0.25, 0.25, 0.25, 0.25, 0.25, 0.25, 0.25), (2.75, 1.0, 1.25, 1.5, 1.75, 2.0, 2.25, 2.5, 2.75, 1.0)), [('K.22 Musicalion', 'P1', 1, (63, 73), (12, 2.75), (13, 1.0)), ('K.22 Musicalion', 'P1', 3, (43, 53), (12, 2.75), (13, 1.0))]) 

12 .    (((2, 2, -2, 2, -2, 2, -2, -3, -2, -2), (0.25, 1.5, 0.5, 1.5, 0.5, 1.5, 0.5, 0.25, 0.25, 0.25), (1.5, 1.75, 1.25, 1.75, 1.25, 1.75, 1.25, 1.75, 2.0, 2.25)), [('K.22 Musicalion', 'P1', 1, (118, 128), (21, 1.5), (25, 2.25)), ('K.22 Musicalion', 'P1', 1, (132, 142), (25, 1.5), (29, 2.25))]) 

13 .    (((-3, -2, -2, -2, -2, -2, -2), (0.25, 0.25, 0.25, 0.25, 0.25, 0.25, 0.25), (1.75, 2.0, 2.25, 2.5, 2.75, 1.0, 1.25)), [('K.22 Musicalion', 'P1', 2, (85, 92), (70, 1.75), (70, 1.25)), ('K.22 Musicalion', 'P1', 2, (93, 100), (71, 1.75), (71, 1.25))]) 

14 .    (((3, -2, -2, 5, 3, -2, -2), (0.25, 0.25, 0.25, 0.25, 0.25, 0.25, 0.25), (1.75, 2.0, 2.25, 2.5, 2.75, 1.0, 1.25)), [('K.22 Musicalion', 'P1', 3, (55, 62), (14, 1.75), (14, 1.25)), ('K.22 Musicalion', 'P1', 3, (63, 70), (15, 1.75), (15, 1.25)), ('K.22 Musicalion', 'P1', 3, (71, 78), (16, 1.75), (16, 1.25))]) 

15 .    (((-5, 4, -5, 4, -5, 4), (0.25, 0.25, 0.25, 0.25, 0.25, 0.25), (1.75, 2.0, 2.25, 2.5, 2.75, 1.0)), [('K.22 Musicalion', 'P1', 1, (87, 93), (17, 1.75), (17, 1.0)), ('K.22 Musicalion', 'P1', 1, (95, 101), (18, 1.75), (18, 1.0))]) 

16 .    (((-2, -2, 2, -2, -2, -2), (0.25, 0.25, 0.25, 0.25, 0.25, 0.25), (2.0, 2.25, 2.5, 2.75, 1.0, 1.25)), [('K.22 Musicalion', 'P1', 1, (400, 406), (77, 2.0), (77, 1.25)), ('K.22 Musicalion', 'P1', 3, (175, 181), (41, 2.0), (41, 1.25))]) 

17 .    (((-2, -2, -2, -2, -2), (0.25, 0.25, 0.25, 0.25, 0.25), (1.75, 2.0, 2.25, 2.5, 2.75)), [('K.22 Musicalion', 'P1', 1, (27, 32), (5, 1.75), (5, 2.75)), ('K.22 Musicalion', 'P1', 1, (35, 40), (6, 1.75), (6, 2.75))]) 

18 .    (((-2, -2, 2, 6, -7), (0.25, 0.25, 0.25, 0.25, 0.25), (2.0, 2.25, 2.5, 2.75, 1.0)), [('K.22 Musicalion', 'P1', 1, (112, 117), (21, 2.0), (21, 1.0)), ('K.22 Musicalion', 'P1', 1, (362, 367), (69, 2.0), (69, 1.0))]) 

19 .    (((-2, -2, -2, 2), (0.25, 0.25, 0.25, 0.25), (2.75, 1.0, 1.25, 1.5)), [('K.22 Musicalion', 'P1', 1, (178, 182), (40, 2.75), (40, 1.5)), ('K.22 Musicalion', 'P1', 3, (129, 133), (29, 2.75), (29, 1.5))]) 

20 .    (((2, 2, -4, -2), (0.25, 0.25, 0.25, 0.25), (1.75, 2.0, 2.25, 2.5)), [('K.22 Musicalion', 'P1', 1, (291, 295), (56, 1.75), (56, 2.5)), ('K.22 Musicalion', 'P1', 2, (72, 76), (57, 1.75), (57, 2.5)), ('K.22 Musicalion', 'P1', 2, (77, 81), (62, 1.75), (62, 2.5))]) 

21 .    (((-2, 1, -2, 1), (0.25, 0.25, 0.25, 0.25), (1.75, 2.0, 2.25, 2.5)), [('K.22 Musicalion', 'P1', 1, (253, 257), (50, 1.75), (50, 2.5)), ('K.22 Musicalion', 'P1', 1, (261, 265), (51, 1.75), (51, 2.5))]) 

22 .    (((2, 4, 2, -5), (0.5, 0.5, 0.5, 0.5), (1.75, 2.25, 2.75, 1.25)), [('K.22 Musicalion', 'P1', 3, (103, 107), (21, 1.75), (21, 1.25)), ('K.22 Musicalion', 'P1', 3, (324, 328), (69, 1.75), (69, 1.25))]) 

23 .    (((-2, -2, -2), (0.5, 0.5, 0.5), (1.75, 2.25, 2.75)), [('K.22 Musicalion', 'P1', 3, (79, 82), (17, 1.75), (17, 2.75)), ('K.22 Musicalion', 'P1', 3, (83, 86), (18, 1.75), (18, 2.75))]) 

24 .    (((1, 1, 1), (2.0, 2.0, 2.0), (1.75, 1.75, 1.75)), [('K.22 Musicalion', 'P1', 3, (137, 140), (31, 1.75), (33, 1.75)), ('K.22 Musicalion', 'P1', 3, (336, 339), (72, 1.75), (74, 1.75))]) 

25 .    (((6, -2, 3), (0.5, 0.5, 0.5), (1.75, 2.25, 2.75)), [('K.22 Musicalion', 'P1', 1, (75, 78), (14, 1.75), (14, 2.75)), ('K.22 Musicalion', 'P1', 1, (79, 82), (15, 1.75), (15, 2.75)), ('K.22 Musicalion', 'P1', 1, (83, 86), (16, 1.75), (16, 2.75))]) 

26 .    (((-3, -3, -8), (0.25, 0.25, 0.25), (1.0, 1.25, 1.5)), [('K.22 Musicalion', 'P1', 3, (159, 162), (37, 1.0), (37, 1.5)), ('K.22 Musicalion', 'P1', 3, (163, 166), (38, 1.0), (38, 1.5)), ('K.22 Musicalion', 'P1', 3, (167, 170), (39, 1.0), (39, 1.5))]) 

27 .    (((-4, -3, -3), (0.25, 0.25, 0.25), (1.5, 1.75, 2.0)), [('K.22 Musicalion', 'P1', 1, (7, 10), (2, 1.5), (2, 2.0)), ('K.22 Musicalion', 'P1', 3, (346, 349), (79, 1.5), (79, 2.0))]) 

28 .    (((-5, 2, -8), (0.5, 0.5, 0.5), (1.75, 2.25, 2.75)), [('K.22 Musicalion', 'P1', 3, (116, 119), (25, 1.75), (25, 2.75)), ('K.22 Musicalion', 'P1', 4, (0, 3), (29, 1.75), (29, 2.75))]) 

29 .    (((3, 3, 4), (0.25, 0.25, 0.25), (1.75, 2.0, 2.25)), [('K.22 Musicalion', 'P1', 3, (146, 149), (36, 1.75), (36, 2.25)), ('K.22 Musicalion', 'P1', 3, (154, 157), (37, 1.75), (37, 2.25))]) 

30 .    (((-2, -2), (0.25, 0.25), (2.0, 2.25)), [('K.22 Musicalion', 'P1', 1, (183, 185), (41, 2.0), (41, 2.25)), ('K.22 Musicalion', 'P1', 1, (374, 376), (72, 2.0), (72, 2.25)), ('K.22 Musicalion', 'P1', 3, (88, 90), (19, 2.0), (19, 2.25)), ('K.22 Musicalion', 'P1', 3, (134, 136), (30, 2.0), (30, 2.25)), ('K.22 Musicalion', 'P1', 4, (10, 12), (78, 2.0), (78, 2.25))]) 

31 .    (((-2, -2), (0.25, 0.25), (1.0, 1.25)), [('K.22 Musicalion', 'P1', 1, (187, 189), (41, 1.0), (41, 1.25)), ('K.22 Musicalion', 'P1', 1, (296, 298), (56, 1.0), (56, 1.25)), ('K.22 Musicalion', 'P1', 1, (301, 303), (57, 1.0), (57, 1.25)), ('K.22 Musicalion', 'P1', 3, (151, 153), (36, 1.0), (36, 1.25))]) 

32 .    (((-2, -2), (0.25, 0.25), (2.75, 1.0)), [('K.22 Musicalion', 'P1', 1, (23, 25), (4, 2.75), (4, 1.0)), ('K.22 Musicalion', 'P1', 1, (129, 131), (25, 2.75), (25, 1.0))]) 

33 .    (((-2, -2), (0.5, 0.5), (1.75, 2.25)), [('K.22 Musicalion', 'P1', 3, (216, 218), (51, 1.75), (51, 2.25)), ('K.22 Musicalion', 'P1', 3, (246, 248), (57, 1.75), (57, 2.25))]) 

34 .    ((((3, 2), (3, 2)), ((0.0, 0.5), (0.0, 0.5)), (2.75, 1.25)), [('K.22 Musicalion', 'P1', 1, (105, 107), (19, 2.75), (19, 1.25)), ('K.22 Musicalion', 'P1', 1, (343, 345), (65, 2.75), (65, 1.25))]) 

35 .    (((2, -8), (0.5, 0.5), (2.25, 2.75)), [('K.22 Musicalion', 'P1', 3, (329, 331), (70, 2.25), (70, 2.75)), ('K.22 Musicalion', 'P1', 3, (333, 335), (71, 2.25), (71, 2.75))]) 

36 .    (((15, -2), (0.5, 1.0), (1.75, 2.25)), [('K.22 Musicalion', 'P1', 3, (110, 112), (23, 1.75), (23, 2.25)), ('K.22 Musicalion', 'P1', 3, (113, 115), (24, 1.75), (24, 2.25))]) 

37 .    (((8, -2), (0.5, 1.0), (1.75, 2.25)), [('K.22 Musicalion', 'P1', 3, (120, 122), (26, 1.75), (26, 2.25)), ('K.22 Musicalion', 'P1', 3, (123, 125), (27, 1.75), (27, 2.25)), ('K.22 Musicalion', 'P1', 3, (126, 128), (28, 1.75), (28, 2.25))]) 

38 .    (((-10, 2), (0.5, 0.5), (1.75, 2.25)), [('K.22 Musicalion', 'P1', 1, (52, 54), (9, 1.75), (9, 2.25)), ('K.22 Musicalion', 'P1', 1, (55, 57), (10, 1.75), (10, 2.25))]) 

39 .    (((3, 3), (0.25, 0.25), (2.25, 2.5)), [('K.22 Musicalion', 'P1', 1, (168, 170), (38, 2.25), (38, 2.5)), ('K.22 Musicalion', 'P1', 1, (172, 174), (39, 2.25), (39, 2.5))]) 

40 .    (((-3,), (0.25,), (1.75,)), [('K.22 Musicalion', 'P1', 1, (2, 3), (1, 1.75), (1, 1.75)), ('K.22 Musicalion', 'P1', 3, (141, 142), (35, 1.75), (35, 1.75))]) 

41 .    (((-3,), (0.25,), (2.75,)), [('K.22 Musicalion', 'P1', 1, (12, 13), (2, 2.75), (2, 2.75)), ('K.22 Musicalion', 'P1', 1, (18, 19), (3, 2.75), (3, 2.75))]) 

42 .    (((2,), (0.25,), (1.5,)), [('K.22 Musicalion', 'P1', 1, (368, 369), (69, 1.5), (69, 1.5)), ('K.22 Musicalion', 'P1', 3, (4, 5), (4, 1.5), (4, 1.5)), ('K.22 Musicalion', 'P1', 3, (6, 7), (5, 1.5), (5, 1.5)), ('K.22 Musicalion', 'P1', 3, (8, 9), (6, 1.5), (6, 1.5))]) 

43 .    (((-2,), (0.25,), (1.75,)), [('K.22 Musicalion', 'P1', 1, (43, 44), (7, 1.75), (7, 1.75)), ('K.22 Musicalion', 'P1', 1, (221, 222), (46, 1.75), (46, 1.75))]) 

44 .    (((-2,), (0.25,), (1.5,)), [('K.22 Musicalion', 'P1', 1, (102, 103), (18, 1.5), (18, 1.5)), ('K.22 Musicalion', 'P1', 1, (268, 269), (51, 1.5), (51, 1.5))]) 

45 .    (((-3,), (0.25,), (2.25,)), [('K.22 Musicalion', 'P1', 1, (4, 5), (1, 2.25), (1, 2.25)), ('K.22 Musicalion', 'P1', 1, (16, 17), (3, 2.25), (3, 2.25)), ('K.22 Musicalion', 'P1', 3, (143, 144), (35, 2.25), (35, 2.25))]) 

46 .    (((6,), (0.25,), (1.25,)), [('K.22 Musicalion', 'P1', 3, (93, 94), (19, 1.25), (19, 1.25)), ('K.22 Musicalion', 'P1', 3, (344, 345), (78, 1.25), (78, 1.25))]) 

47 .    (((3,), (0.25,), (1.25,)), [('K.22 Musicalion', 'P1', 1, (259, 260), (50, 1.25), (50, 1.25)), ('K.22 Musicalion', 'P1', 3, (172, 173), (40, 1.25), (40, 1.25)), ('K.22 Musicalion', 'P1', 4, (7, 8), (35, 1.25), (35, 1.25))]) 

48 .    (((-5,), (1.0,), (2.75,)), [('K.22 Musicalion', 'P1', 1, (370, 371), (70, 2.75), (70, 2.75)), ('K.22 Musicalion', 'P1', 1, (372, 373), (71, 2.75), (71, 2.75))]) 

