1 .    ('nomes', 'K.27 Musicalion') 

2 .    ('quantidade', 1) 

3 .    ('analise', 'sequÍncias IntDiaDurPcompasso sem contidos e intercalados') 

1 .    (((2, -3, -3, 3, 5, -3, -5, 5, 2, -3, -4), (0.25, 0.25, 0.25, 0.25, 0.25, 0.25, 0.25, 0.25, 0.25, 0.25, 0.25), (3.25, 3.5, 3.75, 1.0, 1.25, 1.5, 1.75, 2.0, 2.25, 2.5, 2.75)), [[('K.27 Musicalion', 'P1', 1, (296, 307), (36, 3.25), (37, 2.75)), ('K.27 Musicalion', 'P1', 1, (308, 319), (37, 3.25), (38, 2.75)), ('K.27 Musicalion', 'P1', 1, (320, 331), (38, 3.25), (39, 2.75))], [('K.27 Musicalion', 'P1', 1, (476, 487), (51, 3.25), (52, 2.75)), ('K.27 Musicalion', 'P1', 1, (488, 499), (52, 3.25), (53, 2.75))]]) 

2 .    (((-3, -5, 5, 2, -3, -4, 4, 2, -3, -3, 3), (0.25, 0.25, 0.25, 0.25, 0.25, 0.25, 0.25, 0.25, 0.25, 0.25, 0.25), (1.5, 1.75, 2.0, 2.25, 2.5, 2.75, 3.0, 3.25, 3.5, 3.75, 1.0)), [[('K.27 Musicalion', 'P1', 1, (469, 480), (51, 1.5), (52, 1.0)), ('K.27 Musicalion', 'P1', 1, (481, 492), (52, 1.5), (53, 1.0))]]) 

