1 .    ('nomes', 'K.16 Musicalion') 

2 .    ('quantidade', 1) 

3 .    ('analise', 'recorręncias IntDiaDurPcompasso sem contidos e intercalados') 

1 .    (((2, -2, 4, -2, 4, -2, 5, -9, 2, -2, 4, -2, 4, -2, 4, -8, 2, -2, 4, -2, 4, -2, 5, -9, 2, -2, 4, -2, 4, -2, 4, -4, -3, -3, -2), (0.25, 0.25, 0.25, 0.25, 0.25, 0.25, 0.25, 0.25, 0.25, 0.25, 0.25, 0.25, 0.25, 0.25, 0.25, 0.25, 0.25, 0.25, 0.25, 0.25, 0.25, 0.25, 0.25, 0.25, 0.25, 0.25, 0.25, 0.25, 0.25, 0.25, 0.25, 0.25, 0.25, 0.25, 0.25), (2.25, 2.5, 2.75, 1.0, 1.25, 1.5, 1.75, 2.0, 2.25, 2.5, 2.75, 1.0, 1.25, 1.5, 1.75, 2.0, 2.25, 2.5, 2.75, 1.0, 1.25, 1.5, 1.75, 2.0, 2.25, 2.5, 2.75, 1.0, 1.25, 1.5, 1.75, 2.0, 2.25, 2.5, 2.75)), [('K.16 Musicalion', 'P1', 1, (424, 459), (71, 2.25), (75, 2.75)), ('K.16 Musicalion', 'P1', 1, (584, 619), (97, 2.25), (101, 2.75))]) 

2 .    (((2, 2, 2, 2, 2, -3, -2, 2, 1, 2, -2, 2, -2, 2, -2, 2, -5, 2, 2, 2, 2, 2, -3, -2, 2, 1, 2, -2, 2, -2, 2, -2, 2), (0.25, 0.12, 0.12, 0.25, 0.25, 0.25, 0.25, 0.25, 0.25, 0.25, 0.25, 0.25, 0.25, 0.25, 0.25, 0.25, 0.25, 0.25, 0.12, 0.12, 0.25, 0.25, 0.25, 0.25, 0.25, 0.25, 0.25, 0.25, 0.25, 0.25, 0.25, 0.25, 0.25), (1.0, 1.25, 1.38, 1.5, 1.75, 2.0, 2.25, 2.5, 2.75, 1.0, 1.25, 1.5, 1.75, 2.0, 2.25, 2.5, 2.75, 1.0, 1.25, 1.38, 1.5, 1.75, 2.0, 2.25, 2.5, 2.75, 1.0, 1.25, 1.5, 1.75, 2.0, 2.25, 2.5)), [('K.16 Musicalion', 'P1', 1, (68, 101), (14, 1.0), (17, 2.5)), ('K.16 Musicalion', 'P1', 1, (102, 135), (18, 1.0), (21, 2.5))]) 

3 .    (((-5, 2, -2, 6, -6, -2, 3, 2, -6, 3, -2, -2, -5, 2, -2, 6, -6, -2, 6, -3, 6, -4, -2), (0.25, 0.25, 0.25, 0.25, 0.5, 0.25, 0.25, 0.25, 0.25, 0.25, 0.5, 0.75, 0.25, 0.25, 0.25, 0.25, 0.5, 0.25, 0.25, 0.25, 0.25, 0.25, 0.5), (1.25, 1.5, 1.75, 2.0, 2.25, 2.75, 1.0, 1.25, 1.5, 1.75, 2.0, 2.5, 1.25, 1.5, 1.75, 2.0, 2.25, 2.75, 1.0, 1.25, 1.5, 1.75, 2.0)), [('K.16 Musicalion', 'P1', 1, (180, 203), (30, 1.25), (33, 2.0)), ('K.16 Musicalion', 'P1', 1, (308, 331), (51, 1.25), (54, 2.0))]) 

4 .    (((-2, -2, -2, -2, -2, -2, -2, -2, -2, -2, -2, -2, -2, 5, -2, 1), (0.25, 0.25, 0.25, 0.25, 0.25, 0.25, 0.25, 0.25, 0.12, 0.12, 0.12, 0.12, 0.12, 0.12, 0.75, 0.25), (2.25, 2.5, 2.75, 1.0, 1.25, 1.5, 1.75, 2.0, 2.25, 2.38, 2.5, 2.62, 2.75, 2.88, 1.0, 1.75)), [('K.16 Musicalion', 'P1', 1, (344, 360), (57, 2.25), (58, 1.75)), ('K.16 Musicalion', 'P1', 1, (664, 680), (110, 2.25), (111, 1.75))]) 

5 .    (((-2, 4, -2, 4, -2, 4, -2, 5, -2, 4, -2, 4, -8, 2, -2), (0.25, 0.25, 0.25, 0.25, 0.25, 0.25, 0.25, 0.25, 0.25, 0.25, 0.25, 0.25, 0.25, 0.25, 0.25), (2.0, 2.25, 2.5, 2.75, 1.0, 1.25, 1.5, 1.75, 2.0, 2.25, 2.5, 2.75, 1.0, 1.25, 1.5)), [('K.16 Musicalion', 'P1', 1, (248, 263), (42, 2.0), (44, 1.5)), ('K.16 Musicalion', 'P1', 1, (264, 279), (44, 2.0), (46, 1.5))]) 

6 .    (((-4, -3, -3, -2, 9, -3, -3, -4, 1, 8, -4, -3, -3, -2), (0.25, 0.25, 0.25, 0.25, 1.0, 0.25, 0.25, 0.25, 0.25, 1.0, 0.25, 0.25, 0.25, 0.25), (1.0, 1.25, 1.5, 1.75, 2.0, 1.0, 1.25, 1.5, 1.75, 2.0, 1.0, 1.25, 1.5, 1.75)), [('K.16 Musicalion', 'P1', 1, (136, 150), (22, 1.0), (24, 1.75)), ('K.16 Musicalion', 'P1', 1, (151, 165), (25, 1.0), (27, 1.75))]) 

7 .    (((3, -2, -2, -5, 2, -2, 6, -6, -2, 3, 2, -6, 3, -2), (0.25, 0.5, 0.75, 0.25, 0.25, 0.25, 0.25, 0.5, 0.25, 0.25, 0.25, 0.25, 0.25, 0.5), (2.75, 1.0, 1.5, 2.25, 2.5, 2.75, 1.0, 1.25, 1.75, 2.0, 2.25, 2.5, 2.75, 1.0)), [('K.16 Musicalion', 'P1', 1, (538, 552), (88, 2.75), (90, 1.0)), ('K.16 Musicalion', 'P1', 1, (640, 654), (105, 2.75), (107, 1.0))]) 

8 .    (((2, -8, 2, 8, 2, -3, 4, -5, 2, -8, 2, 1, 2, -3), (0.5, 0.5, 0.5, 0.5, 0.5, 0.5, 0.5, 0.5, 0.5, 0.5, 0.5, 0.5, 0.5, 0.5), (1.5, 2.0, 2.5, 1.0, 1.5, 2.0, 2.5, 1.0, 1.5, 2.0, 2.5, 1.0, 1.5, 2.0)), [('K.16 Musicalion', 'P1', 3, (111, 125), (29, 1.5), (32, 2.0)), ('K.16 Musicalion', 'P1', 3, (173, 187), (50, 1.5), (53, 2.0))]) 

9 .    (((8, -2, -8, 8, 2, -8, 8, -2, -8, 8, -7, 8, 2, 2), (1.0, 0.5, 0.5, 1.0, 0.5, 0.5, 1.0, 0.5, 0.5, 1.0, 0.5, 0.5, 0.5, 0.5), (2.5, 1.5, 2.0, 2.5, 1.5, 2.0, 2.5, 1.5, 2.0, 2.5, 1.5, 2.0, 2.5, 1.0)), [('K.16 Musicalion', 'P1', 3, (243, 257), (71, 2.5), (75, 1.0)), ('K.16 Musicalion', 'P1', 3, (342, 356), (97, 2.5), (101, 1.0))]) 

10 .    (((-5, 2, -8, 2, 8, 2, -3, 4, -5, 2, -8, 4), (0.5, 0.5, 0.5, 0.5, 0.5, 0.5, 0.5, 0.5, 0.5, 0.5, 0.5, 0.5), (2.0, 2.5, 1.0, 1.5, 2.0, 2.5, 1.0, 1.5, 2.0, 2.5, 1.0, 1.5)), [('K.16 Musicalion', 'P1', 3, (307, 319), (88, 2.0), (90, 1.5)), ('K.16 Musicalion', 'P1', 3, (369, 381), (105, 2.0), (107, 1.5))]) 

11 .    (((2, 2, 2, 2, 2, -2, 2, 2, -2, 2, 2), (0.25, 0.12, 0.12, 0.25, 0.25, 0.12, 0.12, 0.25, 0.12, 0.12, 0.25), (1.0, 1.25, 1.38, 1.5, 1.75, 2.0, 2.12, 2.25, 2.5, 2.62, 2.75)), [('K.16 Musicalion', 'P1', 1, (31, 42), (7, 1.0), (7, 2.75)), ('K.16 Musicalion', 'P1', 1, (45, 56), (9, 1.0), (9, 2.75))]) 

12 .    (((-2, -2, -2, 2, -2, -2, -2, -2, -2, 2, -2), (0.5, 0.12, 0.12, 0.25, 0.5, 0.5, 0.5, 0.12, 0.12, 0.25, 0.5), (1.5, 2.0, 2.12, 2.25, 2.5, 1.0, 1.5, 2.0, 2.12, 2.25, 2.5)), [('K.16 Musicalion', 'P1', 1, (223, 234), (38, 1.5), (39, 2.5)), ('K.16 Musicalion', 'P1', 1, (235, 246), (40, 1.5), (41, 2.5))]) 

13 .    (((2, 2, 2, 2, 2, -2, 2, 2, -2, 2, 2), (0.25, 0.12, 0.12, 0.25, 0.25, 0.12, 0.12, 0.25, 0.12, 0.12, 0.25), (2.0, 2.25, 2.38, 2.5, 2.75, 1.0, 1.12, 1.25, 1.5, 1.62, 1.75)), [('K.16 Musicalion', 'P1', 1, (384, 395), (65, 2.0), (65, 1.75)), ('K.16 Musicalion', 'P1', 1, (398, 409), (67, 2.0), (67, 1.75))]) 

14 .    (((2, 2, -7, 8, 3, -3, -11, 8, 2, 2), (0.5, 0.5, 0.5, 0.5, 0.5, 0.5, 0.5, 0.5, 0.5, 0.5), (1.5, 2.0, 2.5, 1.0, 1.5, 2.0, 2.5, 1.0, 1.5, 2.0)), [('K.16 Musicalion', 'P1', 3, (83, 93), (22, 1.5), (24, 2.0)), ('K.16 Musicalion', 'P1', 3, (95, 105), (25, 1.5), (27, 2.0))]) 

15 .    (((-2, -2, -2, 2, -2, -2, -2, -2, -2), (0.5, 0.12, 0.12, 0.25, 0.5, 0.5, 0.5, 0.12, 0.12), (2.5, 1.0, 1.12, 1.25, 1.5, 2.0, 2.5, 1.0, 1.12)), [('K.16 Musicalion', 'P1', 1, (572, 581), (95, 2.5), (96, 1.12)), ('K.16 Musicalion', 'P1', 3, (142, 151), (38, 2.5), (40, 1.12)), ('K.16 Musicalion', 'P1', 3, (152, 161), (40, 2.5), (42, 1.12))]) 

16 .    (((3, -5, 3, -5, 3, -5, 4, -5), (0.25, 0.25, 0.25, 0.25, 0.25, 0.25, 0.25, 0.25), (1.0, 1.25, 1.5, 1.75, 2.0, 2.25, 2.5, 2.75)), [('K.16 Musicalion', 'P1', 3, (24, 32), (10, 1.0), (10, 2.75)), ('K.16 Musicalion', 'P1', 3, (40, 48), (12, 1.0), (12, 2.75))]) 

17 .    (((-2, -2, -2, 2, (6, 5), -2, -2, -2), (0.5, 0.12, 0.12, 0.25, (0.0, 1.0), 0.5, 0.5, 0.5), (1.5, 2.0, 2.12, 2.25, 2.5, 1.5, 2.0, 2.5)), [('K.16 Musicalion', 'P1', 1, (205, 213), (34, 1.5), (35, 2.5)), ('K.16 Musicalion', 'P1', 1, (214, 222), (36, 1.5), (37, 2.5))]) 

18 .    (((6, -5, 6, -5, 6, -2, -2, -2), (0.25, 0.25, 0.25, 0.25, 0.25, 0.5, 0.12, 0.12), (2.0, 2.25, 2.5, 2.75, 1.0, 1.25, 1.75, 1.88)), [('K.16 Musicalion', 'P1', 1, (475, 483), (79, 2.0), (79, 1.88)), ('K.16 Musicalion', 'P1', 1, (527, 535), (87, 2.0), (87, 1.88))]) 

19 .    (((-2, -2, -2, -2, (3, 2), -4, -2, -2), (0.5, 0.12, 0.12, 0.25, (0.0, 0.5), 1.0, 0.5, 0.5), (2.5, 1.0, 1.12, 1.25, 1.5, 2.0, 1.0, 1.5)), [('K.16 Musicalion', 'P1', 1, (554, 562), (91, 2.5), (92, 1.5)), ('K.16 Musicalion', 'P1', 1, (563, 571), (93, 2.5), (94, 1.5))]) 

20 .    (((8, 3, -3, -11, 8, 3, -3), (0.5, 0.5, 0.5, 0.5, 0.5, 0.5, 0.5), (1.0, 1.5, 2.0, 2.5, 1.0, 1.5, 2.0)), [('K.16 Musicalion', 'P1', 3, (51, 58), (14, 1.0), (15, 2.0)), ('K.16 Musicalion', 'P1', 3, (59, 66), (16, 1.0), (17, 2.0)), ('K.16 Musicalion', 'P1', 3, (75, 82), (20, 1.0), (21, 2.0))]) 

21 .    (((-3, 2, -3, 2, -3, 2, -3), (0.25, 0.25, 0.25, 0.25, 0.25, 0.25, 0.25), (2.0, 2.25, 2.5, 2.75, 1.0, 1.25, 1.5)), [('K.16 Musicalion', 'P1', 1, (511, 518), (85, 2.0), (85, 1.5)), ('K.16 Musicalion', 'P1', 1, (519, 526), (86, 2.0), (86, 1.5))]) 

22 .    (((-3, 6, -4, 6, -3, 5), (0.25, 0.25, 0.25, 0.25, 0.25, 0.25), (2.25, 2.5, 2.75, 1.0, 1.25, 1.5)), [('K.16 Musicalion', 'P1', 1, (337, 343), (56, 2.25), (56, 1.5)), ('K.16 Musicalion', 'P1', 3, (382, 388), (108, 2.25), (108, 1.5))]) 

23 .    (((3, -2, -2, 5, -7, 6), (0.25, 0.25, 0.25, 0.25, 0.25, 0.25), (2.0, 2.25, 2.5, 2.75, 1.0, 1.25)), [('K.16 Musicalion', 'P1', 1, (495, 501), (83, 2.0), (83, 1.25)), ('K.16 Musicalion', 'P1', 1, (503, 509), (84, 2.0), (84, 1.25))]) 

24 .    (((-8, -8, 8, 8, 4, -3), (0.5, 0.5, 0.5, 1.0, 0.5, 0.5), (1.0, 1.5, 2.0, 2.5, 1.5, 2.0)), [('K.16 Musicalion', 'P1', 3, (10, 16), (6, 1.0), (7, 2.0)), ('K.16 Musicalion', 'P1', 3, (17, 23), (8, 1.0), (9, 2.0))]) 

25 .    (((-8, -8, 8, 8, 4, -3), (0.5, 0.5, 0.5, 1.0, 0.5, 0.5), (2.0, 2.5, 1.0, 1.5, 2.5, 1.0)), [('K.16 Musicalion', 'P1', 3, (210, 216), (64, 2.0), (65, 1.0)), ('K.16 Musicalion', 'P1', 3, (217, 223), (66, 2.0), (67, 1.0))]) 

26 .    (((-2, -2, -2, -2, -2), (0.25, 0.25, 0.25, 0.25, 0.25), (2.5, 2.75, 1.0, 1.25, 1.5)), [('K.16 Musicalion', 'P1', 1, (376, 381), (63, 2.5), (63, 1.5)), ('K.16 Musicalion', 'P1', 1, (485, 490), (80, 2.5), (80, 1.5))]) 

27 .    (((-2, -4, -2, 6, -2), (0.25, 0.25, 0.25, 0.25, 0.25), (1.5, 1.75, 2.0, 2.25, 2.5)), [('K.16 Musicalion', 'P1', 1, (7, 12), (3, 1.5), (3, 2.5)), ('K.16 Musicalion', 'P1', 1, (15, 20), (4, 1.5), (4, 2.5))]) 

28 .    (((-2, 2, -5, 3, -2), (0.5, 0.5, 0.5, 0.5, 0.5), (2.5, 1.0, 1.5, 2.0, 2.5)), [('K.16 Musicalion', 'P1', 3, (129, 134), (34, 2.5), (35, 2.5)), ('K.16 Musicalion', 'P1', 3, (136, 141), (36, 2.5), (37, 2.5))]) 

29 .    (((-2, 4, -2, 4), (0.25, 0.25, 0.25, 0.25), (2.0, 2.25, 2.5, 2.75)), [('K.16 Musicalion', 'P1', 1, (280, 284), (46, 2.0), (46, 2.75)), ('K.16 Musicalion', 'P1', 1, (288, 292), (47, 2.0), (47, 2.75))]) 

30 .    (((-4, -3, -3, -2), (0.25, 0.25, 0.25, 0.25), (2.0, 2.25, 2.5, 2.75)), [('K.16 Musicalion', 'P1', 1, (460, 464), (76, 2.0), (76, 2.75)), ('K.16 Musicalion', 'P1', 1, (465, 469), (77, 2.0), (77, 2.75)), ('K.16 Musicalion', 'P1', 1, (470, 474), (78, 2.0), (78, 2.75))]) 

31 .    (((3, -5, 3, -5), (0.25, 0.25, 0.25, 0.25), (1.5, 1.75, 2.0, 2.25)), [('K.16 Musicalion', 'P1', 3, (34, 38), (11, 1.5), (11, 2.25)), ('K.16 Musicalion', 'P1', 3, (230, 234), (68, 1.5), (69, 2.25))]) 

32 .    (((-2, 2, -5, 3), (0.5, 0.5, 0.5, 0.5), (1.5, 2.0, 2.5, 1.0)), [('K.16 Musicalion', 'P1', 3, (320, 324), (91, 1.5), (92, 1.0)), ('K.16 Musicalion', 'P1', 3, (327, 331), (93, 1.5), (94, 1.0))]) 

33 .    (((8, 3, -3), (0.5, 0.5, 0.5), (1.0, 1.5, 2.0)), [('K.16 Musicalion', 'P1', 3, (67, 70), (18, 1.0), (18, 2.0)), ('K.16 Musicalion', 'P1', 3, (71, 74), (19, 1.0), (19, 2.0))]) 

34 .    (((-2, -2, -2), (0.25, 0.25, 0.25), (1.0, 1.25, 1.5)), [('K.16 Musicalion', 'P1', 1, (62, 65), (13, 1.0), (13, 1.5)), ('K.16 Musicalion', 'P1', 1, (419, 422), (70, 1.0), (70, 1.5))]) 

35 .    (((8, 2, 2), (0.5, 0.5, 0.5), (2.0, 2.5, 1.0)), [('K.16 Musicalion', 'P1', 3, (258, 261), (76, 2.0), (76, 1.0)), ('K.16 Musicalion', 'P1', 3, (262, 265), (77, 2.0), (77, 1.0)), ('K.16 Musicalion', 'P1', 3, (266, 269), (78, 2.0), (78, 1.0))]) 

36 .    (((6, -3, 6), (0.25, 0.25, 0.25), (1.0, 1.25, 1.5)), [('K.16 Musicalion', 'P1', 1, (174, 177), (29, 1.0), (29, 1.5)), ('K.16 Musicalion', 'P1', 1, (302, 305), (50, 1.0), (50, 1.5))]) 

37 .    (((-2, -2, -2), (0.5, 0.5, 0.5), (2.5, 1.0, 1.5)), [('K.16 Musicalion', 'P1', 3, (300, 303), (86, 2.5), (86, 1.5)), ('K.16 Musicalion', 'P1', 3, (338, 341), (96, 2.5), (96, 1.5))]) 

38 .    (((-2, 2, -4), (1.0, 0.75, 0.25), (1.0, 2.0, 2.75)), [('K.16 Musicalion', 'P1', 1, (0, 3), (1, 1.0), (1, 2.75)), ('K.16 Musicalion', 'P1', 3, (1, 4), (2, 1.0), (2, 2.75))]) 

39 .    (((6, -4, 6), (0.25, 0.25, 0.25), (2.0, 2.25, 2.5)), [('K.16 Musicalion', 'P1', 1, (332, 335), (55, 2.0), (55, 2.5)), ('K.16 Musicalion', 'P1', 1, (655, 658), (109, 2.0), (109, 2.5))]) 

40 .    (((-2, 2, -4), (1.0, 0.75, 0.25), (2.0, 1.0, 1.75)), [('K.16 Musicalion', 'P1', 1, (361, 364), (60, 2.0), (60, 1.75)), ('K.16 Musicalion', 'P1', 3, (203, 206), (61, 2.0), (61, 1.75))]) 

41 .    (((-2, -2, -2), (1.0, 0.5, 0.5), (1.0, 2.0, 2.5)), [('K.16 Musicalion', 'P1', 2, (0, 3), (35, 1.0), (35, 2.5)), ('K.16 Musicalion', 'P1', 2, (5, 8), (37, 1.0), (37, 2.5))]) 

42 .    (((-3, 2, 3), (0.25, 0.25, 0.25), (2.0, 2.25, 2.5)), [('K.16 Musicalion', 'P1', 2, (9, 12), (92, 2.0), (92, 2.5)), ('K.16 Musicalion', 'P1', 2, (13, 16), (94, 2.0), (94, 2.5))]) 

43 .    (((-2, -2), (0.25, 0.25), (1.25, 1.5)), [('K.16 Musicalion', 'P1', 1, (412, 414), (69, 1.25), (69, 1.5)), ('K.16 Musicalion', 'P1', 4, (4, 6), (81, 1.25), (81, 1.5))]) 

44 .    (((-2, -2), (0.25, 0.25), (2.25, 2.5)), [('K.16 Musicalion', 'P1', 3, (279, 281), (81, 2.25), (81, 2.5)), ('K.16 Musicalion', 'P1', 3, (284, 286), (82, 2.25), (82, 2.5))]) 

45 .    (((2, -8), (0.5, 0.5), (2.5, 1.0)), [('K.16 Musicalion', 'P1', 3, (275, 277), (80, 2.5), (80, 1.0)), ('K.16 Musicalion', 'P1', 3, (362, 364), (103, 2.5), (103, 1.0))]) 

46 .    (((-8, 4), (0.5, 0.5), (1.0, 1.5)), [('K.16 Musicalion', 'P1', 3, (200, 202), (58, 1.0), (58, 1.5)), ('K.16 Musicalion', 'P1', 3, (394, 396), (111, 1.0), (111, 1.5))]) 

47 .    (((2, -4), (0.5, 0.5), (1.5, 2.0)), [('K.16 Musicalion', 'P1', 3, (107, 109), (28, 1.5), (28, 2.0)), ('K.16 Musicalion', 'P1', 3, (197, 199), (57, 1.5), (58, 2.0)), ('K.16 Musicalion', 'P1', 3, (391, 393), (110, 1.5), (111, 2.0))]) 

48 .    (((3, -2), (0.5, 0.5), (1.0, 1.5)), [('K.16 Musicalion', 'P1', 3, (168, 170), (49, 1.0), (49, 1.5)), ('K.16 Musicalion', 'P1', 3, (240, 242), (70, 1.0), (70, 1.5))]) 

49 .    (((-2, 7), (0.25, 0.25), (2.0, 2.25)), [('K.16 Musicalion', 'P1', 1, (25, 27), (5, 2.0), (5, 2.25)), ('K.16 Musicalion', 'P1', 1, (366, 368), (62, 2.0), (62, 2.25))]) 

50 .    (((2, -4), (0.5, 0.5), (2.5, 1.0)), [('K.16 Musicalion', 'P1', 3, (271, 273), (79, 2.5), (79, 1.0)), ('K.16 Musicalion', 'P1', 3, (304, 306), (87, 2.5), (87, 1.0))]) 

51 .    ((((7, 1), (6, 1)), ((0.0, 0.5), (0.0, 0.5)), (1.0, 1.5)), [('K.16 Musicalion', 'P1', 3, (287, 289), (82, 1.0), (82, 1.5)), ('K.16 Musicalion', 'P1', 3, (293, 295), (84, 1.0), (84, 1.5))]) 

52 .    (((-2,), (0.5,), (1.5,)), [('K.16 Musicalion', 'P1', 1, (582, 583), (96, 1.5), (96, 1.5)), ('K.16 Musicalion', 'P1', 3, (298, 299), (85, 1.5), (85, 1.5)), ('K.16 Musicalion', 'P1', 3, (334, 335), (95, 1.5), (95, 1.5))]) 

53 .    (((2,), (0.5,), (1.5,)), [('K.16 Musicalion', 'P1', 3, (165, 166), (48, 1.5), (48, 1.5)), ('K.16 Musicalion', 'P1', 3, (189, 190), (54, 1.5), (54, 1.5)), ('K.16 Musicalion', 'P1', 3, (237, 238), (69, 1.5), (69, 1.5)), ('K.16 Musicalion', 'P1', 4, (1, 2), (33, 1.5), (33, 1.5))]) 

54 .    (((2,), (0.25,), (2.25,)), [('K.16 Musicalion', 'P1', 1, (416, 417), (70, 2.25), (70, 2.25)), ('K.16 Musicalion', 'P1', 1, (536, 537), (88, 2.25), (88, 2.25)), ('K.16 Musicalion', 'P1', 1, (638, 639), (105, 2.25), (105, 2.25))]) 

55 .    (((-2,), (0.5,), (2.5,)), [('K.16 Musicalion', 'P1', 3, (127, 128), (33, 2.5), (33, 2.5)), ('K.16 Musicalion', 'P1', 3, (358, 359), (102, 2.5), (102, 2.5))]) 

56 .    (((-2,), (0.25,), (1.5,)), [('K.16 Musicalion', 'P1', 1, (23, 24), (5, 1.5), (5, 1.5)), ('K.16 Musicalion', 'P1', 1, (286, 287), (47, 1.5), (47, 1.5)), ('K.16 Musicalion', 'P1', 1, (372, 373), (62, 1.5), (62, 1.5))]) 

57 .    (((-2,), (0.25,), (1.0,)), [('K.16 Musicalion', 'P1', 1, (5, 6), (3, 1.0), (3, 1.0)), ('K.16 Musicalion', 'P1', 1, (13, 14), (4, 1.0), (4, 1.0)), ('K.16 Musicalion', 'P1', 1, (21, 22), (5, 1.0), (5, 1.0)), ('K.16 Musicalion', 'P1', 1, (370, 371), (62, 1.0), (62, 1.0))]) 

58 .    (((-2,), (0.25,), (1.75,)), [('K.16 Musicalion', 'P1', 1, (295, 296), (48, 1.75), (48, 1.75)), ('K.16 Musicalion', 'P1', 1, (300, 301), (49, 1.75), (49, 1.75)), ('K.16 Musicalion', 'P1', 1, (636, 637), (104, 1.75), (104, 1.75))]) 

59 .    (((-2,), (0.25,), (2.75,)), [('K.16 Musicalion', 'P1', 1, (623, 624), (102, 2.75), (102, 2.75)), ('K.16 Musicalion', 'P1', 1, (633, 634), (104, 2.75), (104, 2.75))]) 

60 .    (((-3,), (0.25,), (1.25,)), [('K.16 Musicalion', 'P1', 1, (293, 294), (48, 1.25), (48, 1.25)), ('K.16 Musicalion', 'P1', 1, (298, 299), (49, 1.25), (49, 1.25)), ('K.16 Musicalion', 'P1', 1, (660, 661), (109, 1.25), (109, 1.25)), ('K.16 Musicalion', 'P1', 3, (193, 194), (55, 1.25), (55, 1.25))]) 

61 .    (((-5,), (0.25,), (2.75,)), [('K.16 Musicalion', 'P1', 1, (628, 629), (103, 2.75), (103, 2.75)), ('K.16 Musicalion', 'P1', 3, (227, 228), (68, 2.75), (68, 2.75)), ('K.16 Musicalion', 'P1', 3, (235, 236), (69, 2.75), (69, 2.75))]) 

62 .    (((8,), (0.5,), (2.0,)), [('K.16 Musicalion', 'P1', 3, (332, 333), (95, 2.0), (95, 2.0)), ('K.16 Musicalion', 'P1', 3, (365, 366), (104, 2.0), (104, 2.0))]) 

63 .    (((6,), (0.25,), (2.0,)), [('K.16 Musicalion', 'P1', 1, (170, 171), (28, 2.0), (28, 2.0)), ('K.16 Musicalion', 'P1', 1, (625, 626), (103, 2.0), (103, 2.0))]) 

64 .    (((2,), (0.75,), (2.0,)), [('K.16 Musicalion', 'P1', 1, (66, 67), (13, 2.0), (13, 2.0)), ('K.16 Musicalion', 'P1', 1, (178, 179), (29, 2.0), (29, 2.0))]) 

65 .    (((2,), (1.0,), (2.0,)), [('K.16 Musicalion', 'P1', 3, (5, 6), (3, 2.0), (3, 2.0)), ('K.16 Musicalion', 'P1', 3, (7, 8), (4, 2.0), (4, 2.0))]) 

66 .    ((((5, 2),), ((0.0, 0.5),), (2.5,)), [('K.16 Musicalion', 'P1', 1, (57, 58), (10, 2.5), (10, 2.5)), ('K.16 Musicalion', 'P1', 1, (59, 60), (11, 2.5), (11, 2.5))]) 

