1 .    ('nomes', 'K.23 Musicalion') 

2 .    ('quantidade', 1) 

3 .    ('analise', 'sequÍncias IntDiaDurPtempo sem contidos e intercalados') 

1 .    (((1, 2, 2), (0.25, 0.25, 0.25), 0.0), [[('K.23 Musicalion', 'P1', 1, (211, 214), (18, 3.0), (18, 3.5)), ('K.23 Musicalion', 'P1', 1, (215, 218), (18, 4.0), (18, 4.5)), ('K.23 Musicalion', 'P1', 1, (219, 222), (19, 1.0), (19, 1.5)), ('K.23 Musicalion', 'P1', 1, (223, 226), (19, 2.0), (19, 2.5)), ('K.23 Musicalion', 'P1', 1, (227, 230), (19, 3.0), (19, 3.5)), ('K.23 Musicalion', 'P1', 1, (231, 234), (19, 4.0), (19, 4.5)), ('K.23 Musicalion', 'P1', 1, (235, 238), (20, 1.0), (20, 1.5)), ('K.23 Musicalion', 'P1', 1, (239, 242), (20, 2.0), (20, 2.5)), ('K.23 Musicalion', 'P1', 1, (243, 246), (20, 3.0), (20, 3.5)), ('K.23 Musicalion', 'P1', 1, (247, 250), (20, 4.0), (20, 4.5)), ('K.23 Musicalion', 'P1', 1, (251, 254), (21, 1.0), (21, 1.5)), ('K.23 Musicalion', 'P1', 1, (255, 258), (21, 2.0), (21, 2.5)), ('K.23 Musicalion', 'P1', 1, (259, 262), (21, 3.0), (21, 3.5)), ('K.23 Musicalion', 'P1', 1, (263, 266), (21, 4.0), (21, 4.5))], [('K.23 Musicalion', 'P1', 1, (691, 694), (56, 1.0), (56, 1.5)), ('K.23 Musicalion', 'P1', 1, (695, 698), (56, 2.0), (56, 2.5)), ('K.23 Musicalion', 'P1', 1, (699, 702), (56, 3.0), (56, 3.5)), ('K.23 Musicalion', 'P1', 1, (703, 706), (56, 4.0), (56, 4.5)), ('K.23 Musicalion', 'P1', 1, (707, 710), (57, 1.0), (57, 1.5)), ('K.23 Musicalion', 'P1', 1, (711, 714), (57, 2.0), (57, 2.5)), ('K.23 Musicalion', 'P1', 1, (715, 718), (57, 3.0), (57, 3.5)), ('K.23 Musicalion', 'P1', 1, (719, 722), (57, 4.0), (57, 4.5)), ('K.23 Musicalion', 'P1', 1, (723, 726), (58, 1.0), (58, 1.5)), ('K.23 Musicalion', 'P1', 1, (727, 730), (58, 2.0), (58, 2.5)), ('K.23 Musicalion', 'P1', 1, (731, 734), (58, 3.0), (58, 3.5)), ('K.23 Musicalion', 'P1', 1, (735, 738), (58, 4.0), (58, 4.5)), ('K.23 Musicalion', 'P1', 1, (739, 742), (59, 1.0), (59, 1.5)), ('K.23 Musicalion', 'P1', 1, (743, 746), (59, 2.0), (59, 2.5))]]) 

2 .    (((2, -2, 3, -3, 5, -5, 7, -7, 2, -2, 3, -3, 5, -5, 10, -10, 2, -2, 3, -3, 5, -5, 12), (0.25, 0.25, 0.25, 0.25, 0.25, 0.25, 0.25, 0.25, 0.25, 0.25, 0.25, 0.25, 0.25, 0.25, 0.25, 0.25, 0.25, 0.25, 0.25, 0.25, 0.25, 0.25, 0.25), 0.25), [[('K.23 Musicalion', 'P1', 1, (77, 100), (8, 3.25), (9, 4.75)), ('K.23 Musicalion', 'P1', 1, (101, 124), (10, 1.25), (11, 2.75))], [('K.23 Musicalion', 'P1', 1, (442, 465), (38, 1.25), (39, 2.75)), ('K.23 Musicalion', 'P1', 1, (466, 489), (39, 3.25), (40, 4.75))]]) 

3 .    (((7, -2, -2, -9, 10, -2, -2, -4, 7, -2, -2, -9, 10, -2, -2, -4, 7, -2, -2, -9, 10, -2, -2), (0.25, 0.25, 0.25, 0.25, 0.25, 0.25, 0.25, 0.25, 0.25, 0.25, 0.25, 0.25, 0.25, 0.25, 0.25, 0.25, 0.25, 0.25, 0.25, 0.25, 0.25, 0.25, 0.25), 0.0), [[('K.23 Musicalion', 'P1', 3, (148, 171), (18, 4.0), (20, 1.5)), ('K.23 Musicalion', 'P1', 3, (172, 195), (20, 2.0), (21, 3.5))], [('K.23 Musicalion', 'P1', 3, (461, 484), (56, 2.0), (57, 3.5)), ('K.23 Musicalion', 'P1', 3, (485, 508), (57, 4.0), (59, 1.5))]]) 

4 .    (((3, -2, -2), (0.25, 0.25, 0.25), 0.0), [[('K.23 Musicalion', 'P1', 1, (12, 15), (3, 1.0), (3, 1.5)), ('K.23 Musicalion', 'P1', 1, (16, 19), (3, 2.0), (3, 2.5)), ('K.23 Musicalion', 'P1', 1, (20, 23), (3, 3.0), (3, 3.5)), ('K.23 Musicalion', 'P1', 1, (24, 27), (3, 4.0), (3, 4.5)), ('K.23 Musicalion', 'P1', 1, (28, 31), (4, 1.0), (4, 1.5)), ('K.23 Musicalion', 'P1', 1, (32, 35), (4, 2.0), (4, 2.5)), ('K.23 Musicalion', 'P1', 1, (36, 39), (4, 3.0), (4, 3.5)), ('K.23 Musicalion', 'P1', 1, (40, 43), (4, 4.0), (4, 4.5)), ('K.23 Musicalion', 'P1', 1, (44, 47), (5, 1.0), (5, 1.5))], [('K.23 Musicalion', 'P1', 1, (413, 416), (35, 1.0), (35, 1.5)), ('K.23 Musicalion', 'P1', 1, (417, 420), (35, 2.0), (35, 2.5)), ('K.23 Musicalion', 'P1', 1, (421, 424), (35, 3.0), (35, 3.5)), ('K.23 Musicalion', 'P1', 1, (425, 428), (35, 4.0), (35, 4.5))], [('K.23 Musicalion', 'P1', 1, (501, 504), (41, 4.0), (41, 4.5)), ('K.23 Musicalion', 'P1', 1, (505, 508), (42, 1.0), (42, 1.5))], [('K.23 Musicalion', 'P1', 3, (27, 30), (6, 1.0), (6, 1.5)), ('K.23 Musicalion', 'P1', 3, (31, 34), (6, 2.0), (6, 2.5)), ('K.23 Musicalion', 'P1', 3, (35, 38), (6, 3.0), (6, 3.5)), ('K.23 Musicalion', 'P1', 3, (39, 42), (6, 4.0), (6, 4.5)), ('K.23 Musicalion', 'P1', 3, (43, 46), (7, 1.0), (7, 1.5)), ('K.23 Musicalion', 'P1', 3, (47, 50), (7, 2.0), (7, 2.5)), ('K.23 Musicalion', 'P1', 3, (51, 54), (7, 3.0), (7, 3.5)), ('K.23 Musicalion', 'P1', 3, (55, 58), (7, 4.0), (7, 4.5))], [('K.23 Musicalion', 'P1', 3, (76, 79), (14, 1.0), (14, 1.5)), ('K.23 Musicalion', 'P1', 3, (80, 83), (14, 2.0), (14, 2.5)), ('K.23 Musicalion', 'P1', 3, (84, 87), (14, 3.0), (14, 3.5)), ('K.23 Musicalion', 'P1', 3, (88, 91), (14, 4.0), (14, 4.5)), ('K.23 Musicalion', 'P1', 3, (92, 95), (15, 1.0), (15, 1.5)), ('K.23 Musicalion', 'P1', 3, (96, 99), (15, 2.0), (15, 2.5)), ('K.23 Musicalion', 'P1', 3, (100, 103), (15, 3.0), (15, 3.5)), ('K.23 Musicalion', 'P1', 3, (104, 107), (15, 4.0), (15, 4.5))], [('K.23 Musicalion', 'P1', 3, (354, 357), (44, 3.0), (44, 3.5)), ('K.23 Musicalion', 'P1', 3, (358, 361), (44, 4.0), (44, 4.5)), ('K.23 Musicalion', 'P1', 3, (362, 365), (45, 1.0), (45, 1.5)), ('K.23 Musicalion', 'P1', 3, (366, 369), (45, 2.0), (45, 2.5))], [('K.23 Musicalion', 'P1', 3, (393, 396), (51, 3.0), (51, 3.5)), ('K.23 Musicalion', 'P1', 3, (397, 400), (51, 4.0), (51, 4.5)), ('K.23 Musicalion', 'P1', 3, (401, 404), (52, 1.0), (52, 1.5)), ('K.23 Musicalion', 'P1', 3, (405, 408), (52, 2.0), (52, 2.5)), ('K.23 Musicalion', 'P1', 3, (409, 412), (52, 3.0), (52, 3.5)), ('K.23 Musicalion', 'P1', 3, (413, 416), (52, 4.0), (52, 4.5)), ('K.23 Musicalion', 'P1', 3, (417, 420), (53, 1.0), (53, 1.5)), ('K.23 Musicalion', 'P1', 3, (421, 424), (53, 2.0), (53, 2.5))]]) 

5 .    (((-4, 5, -2, -2, -7, 8, -2), (0.25, 0.25, 0.25, 0.25, 0.25, 0.25, 0.25), 0.75), [[('K.23 Musicalion', 'P1', 3, (115, 122), (16, 3.75), (17, 1.25)), ('K.23 Musicalion', 'P1', 3, (123, 130), (17, 1.75), (17, 3.25)), ('K.23 Musicalion', 'P1', 3, (131, 138), (17, 3.75), (18, 1.25)), ('K.23 Musicalion', 'P1', 3, (139, 146), (18, 1.75), (18, 3.25))], [('K.23 Musicalion', 'P1', 3, (436, 443), (54, 3.75), (55, 1.25)), ('K.23 Musicalion', 'P1', 3, (444, 451), (55, 1.75), (55, 3.25)), ('K.23 Musicalion', 'P1', 3, (452, 459), (55, 3.75), (56, 1.25))]]) 

6 .    (((-2, -2, -2), (0.25, 0.25, 0.25), 0.25), [[('K.23 Musicalion', 'P1', 1, (69, 72), (8, 1.25), (8, 1.75)), ('K.23 Musicalion', 'P1', 1, (73, 76), (8, 2.25), (8, 2.75))], [('K.23 Musicalion', 'P1', 1, (268, 271), (22, 1.25), (22, 1.75)), ('K.23 Musicalion', 'P1', 1, (272, 275), (22, 2.25), (22, 2.75)), ('K.23 Musicalion', 'P1', 1, (276, 279), (22, 3.25), (22, 3.75)), ('K.23 Musicalion', 'P1', 1, (280, 283), (22, 4.25), (22, 4.75)), ('K.23 Musicalion', 'P1', 1, (284, 287), (23, 1.25), (23, 1.75)), ('K.23 Musicalion', 'P1', 1, (288, 291), (23, 2.25), (23, 2.75)), ('K.23 Musicalion', 'P1', 1, (292, 295), (23, 3.25), (23, 3.75))], [('K.23 Musicalion', 'P1', 1, (358, 361), (29, 3.25), (29, 3.75)), ('K.23 Musicalion', 'P1', 1, (362, 365), (29, 4.25), (29, 4.75))], [('K.23 Musicalion', 'P1', 1, (748, 751), (59, 3.25), (59, 3.75)), ('K.23 Musicalion', 'P1', 1, (752, 755), (59, 4.25), (59, 4.75)), ('K.23 Musicalion', 'P1', 1, (756, 759), (60, 1.25), (60, 1.75)), ('K.23 Musicalion', 'P1', 1, (760, 763), (60, 2.25), (60, 2.75)), ('K.23 Musicalion', 'P1', 1, (764, 767), (60, 3.25), (60, 3.75)), ('K.23 Musicalion', 'P1', 1, (768, 771), (60, 4.25), (60, 4.75)), ('K.23 Musicalion', 'P1', 1, (772, 775), (61, 1.25), (61, 1.75))], [('K.23 Musicalion', 'P1', 1, (820, 823), (66, 1.25), (66, 1.75)), ('K.23 Musicalion', 'P1', 1, (824, 827), (66, 2.25), (66, 2.75))], [('K.23 Musicalion', 'P1', 1, (852, 855), (68, 1.25), (68, 1.75)), ('K.23 Musicalion', 'P1', 1, (856, 859), (68, 2.25), (68, 2.75))]]) 

7 .    (((-2, -2, 2, 1, -2, 2, 2), (0.25, 0.25, 0.25, 0.25, 0.25, 0.25, 0.25), 0.25), [[('K.23 Musicalion', 'P1', 1, (184, 191), (16, 4.25), (17, 1.75)), ('K.23 Musicalion', 'P1', 1, (192, 199), (17, 2.25), (17, 3.75)), ('K.23 Musicalion', 'P1', 1, (200, 207), (17, 4.25), (18, 1.75))], [('K.23 Musicalion', 'P1', 1, (664, 671), (54, 2.25), (54, 3.75)), ('K.23 Musicalion', 'P1', 1, (672, 679), (54, 4.25), (55, 1.75)), ('K.23 Musicalion', 'P1', 1, (680, 687), (55, 2.25), (55, 3.75))]]) 

8 .    (((8, -2, 2, -4, 5, -2, -2), (0.25, 0.25, 0.25, 0.25, 0.25, 0.25, 0.25), 0.0), [[('K.23 Musicalion', 'P1', 3, (433, 440), (54, 3.0), (54, 4.5)), ('K.23 Musicalion', 'P1', 3, (441, 448), (55, 1.0), (55, 2.5)), ('K.23 Musicalion', 'P1', 3, (449, 456), (55, 3.0), (55, 4.5))]]) 

9 .    (((-8, -2, -5, 11, -8, -2, -3), (0.5, 0.5, 0.5, 0.5, 0.5, 0.5, 0.5), 0.0), [[('K.23 Musicalion', 'P1', 3, (0, 7), (1, 1.0), (1, 4.0)), ('K.23 Musicalion', 'P1', 3, (8, 15), (2, 1.0), (2, 4.0))], [('K.23 Musicalion', 'P1', 3, (318, 325), (36, 1.0), (36, 4.0)), ('K.23 Musicalion', 'P1', 3, (326, 333), (37, 1.0), (37, 4.0))]]) 

10 .    (((-8, -2, 7, -8, -2), (0.5, 0.5, 1.0, 0.5, 0.5), 0.0), [[('K.23 Musicalion', 'P1', 1, (0, 5), (1, 1.0), (1, 3.5)), ('K.23 Musicalion', 'P1', 1, (6, 11), (2, 1.0), (2, 3.5))], [('K.23 Musicalion', 'P1', 1, (401, 406), (33, 1.0), (33, 3.5)), ('K.23 Musicalion', 'P1', 1, (407, 412), (34, 1.0), (34, 3.5))], [('K.23 Musicalion', 'P1', 1, (429, 434), (36, 1.0), (36, 3.5)), ('K.23 Musicalion', 'P1', 1, (435, 440), (37, 1.0), (37, 3.5))]]) 

11 .    (((-2, -2, -2), (0.25, 0.25, 0.25), 0.0), [[('K.23 Musicalion', 'P1', 1, (124, 127), (11, 3.0), (11, 3.5)), ('K.23 Musicalion', 'P1', 1, (128, 131), (11, 4.0), (11, 4.5))], [('K.23 Musicalion', 'P1', 1, (489, 492), (41, 1.0), (41, 1.5)), ('K.23 Musicalion', 'P1', 1, (493, 496), (41, 2.0), (41, 2.5))], [('K.23 Musicalion', 'P1', 1, (604, 607), (49, 1.0), (49, 1.5)), ('K.23 Musicalion', 'P1', 1, (608, 611), (49, 2.0), (49, 2.5))]]) 

12 .    (((-4, -3), (1.0, 0.5), 0.5), [[('K.23 Musicalion', 'P1', 1, (324, 326), (25, 3.5), (25, 4.5)), ('K.23 Musicalion', 'P1', 1, (327, 329), (26, 1.5), (26, 2.5)), ('K.23 Musicalion', 'P1', 1, (330, 332), (26, 3.5), (26, 4.5))], [('K.23 Musicalion', 'P1', 1, (341, 343), (27, 3.5), (27, 4.5)), ('K.23 Musicalion', 'P1', 1, (344, 346), (28, 1.5), (28, 2.5)), ('K.23 Musicalion', 'P1', 1, (347, 349), (28, 3.5), (28, 4.5))]]) 

13 .    (((-3, -3), (1.0, 0.5), 0.5), [[('K.23 Musicalion', 'P1', 1, (786, 788), (62, 1.5), (62, 2.5)), ('K.23 Musicalion', 'P1', 1, (789, 791), (62, 3.5), (62, 4.5)), ('K.23 Musicalion', 'P1', 1, (792, 794), (63, 1.5), (63, 2.5))], [('K.23 Musicalion', 'P1', 1, (803, 805), (64, 1.5), (64, 2.5)), ('K.23 Musicalion', 'P1', 1, (806, 808), (64, 3.5), (64, 4.5)), ('K.23 Musicalion', 'P1', 1, (809, 811), (65, 1.5), (65, 2.5))]]) 

14 .    (((5, -3), (0.5, 1.0), 0.0), [[('K.23 Musicalion', 'P1', 1, (802, 804), (64, 1.0), (64, 1.5)), ('K.23 Musicalion', 'P1', 1, (805, 807), (64, 3.0), (64, 3.5)), ('K.23 Musicalion', 'P1', 1, (808, 810), (65, 1.0), (65, 1.5))]]) 

15 .    (((1, 8, 1), (0.5, 1.5, 0.5), 0.5), [[('K.23 Musicalion', 'P1', 1, (61, 64), (6, 1.5), (6, 3.5)), ('K.23 Musicalion', 'P1', 1, (65, 68), (7, 1.5), (7, 3.5))], [('K.23 Musicalion', 'P1', 1, (164, 167), (14, 1.5), (14, 3.5)), ('K.23 Musicalion', 'P1', 1, (168, 171), (15, 1.5), (15, 3.5))], [('K.23 Musicalion', 'P1', 1, (644, 647), (51, 3.5), (52, 1.5)), ('K.23 Musicalion', 'P1', 1, (648, 651), (52, 3.5), (53, 1.5))]]) 

