1 .    ('nomes', 'K.13 Musicalion') 

2 .    ('quantidade', 1) 

3 .    ('analise', 'sequÍncias IntDiaDurPtempo sem contidos e intercalados') 

1 .    (((8, 3, 3, -7, 6, -5, 6), (0.12, 0.12, 0.12, 0.12, 0.12, 0.12, 0.12), 0.5), [[('K.13 Musicalion', 'P1', 3, (122, 129), (42, 1.5), (42, 2.25)), ('K.13 Musicalion', 'P1', 3, (130, 137), (43, 2.5), (43, 1.25)), ('K.13 Musicalion', 'P1', 3, (138, 145), (44, 1.5), (44, 2.25))], [('K.13 Musicalion', 'P1', 2, (14, 21), (38, 1.5), (38, 2.25)), ('K.13 Musicalion', 'P1', 2, (22, 29), (39, 2.5), (39, 1.25)), ('K.13 Musicalion', 'P1', 2, (30, 37), (40, 1.5), (40, 2.25))]]) 

2 .    (((8, 3, 3, -7, 6, -5, 6), (0.12, 0.12, 0.12, 0.12, 0.12, 0.12, 0.12), 0.75), [[('K.13 Musicalion', 'P1', 3, (326, 333), (99, 1.75), (99, 2.5)), ('K.13 Musicalion', 'P1', 3, (334, 341), (100, 2.75), (100, 1.5)), ('K.13 Musicalion', 'P1', 3, (342, 349), (101, 1.75), (101, 2.5))], [('K.13 Musicalion', 'P1', 3, (354, 361), (103, 1.75), (103, 2.5)), ('K.13 Musicalion', 'P1', 3, (362, 369), (104, 2.75), (104, 1.5)), ('K.13 Musicalion', 'P1', 3, (370, 377), (105, 1.75), (105, 2.5))]]) 

3 .    (((6, -5, 6, -5, 6, -5, 6), (0.12, 0.12, 0.12, 0.12, 0.12, 0.12, 0.12), 0.5), [[('K.13 Musicalion', 'P1', 3, (146, 153), (45, 2.5), (45, 1.25)), ('K.13 Musicalion', 'P1', 3, (154, 161), (46, 1.5), (46, 2.25)), ('K.13 Musicalion', 'P1', 3, (162, 169), (47, 2.5), (47, 1.25))], [('K.13 Musicalion', 'P1', 3, (384, 391), (106, 1.5), (107, 2.25)), ('K.13 Musicalion', 'P1', 3, (392, 399), (107, 2.5), (108, 1.25))]]) 

4 .    (((6, -5, 6, -5, 6, -5, 6), (0.12, 0.12, 0.12, 0.12, 0.12, 0.12, 0.12), 0.75), [[('K.13 Musicalion', 'P1', 3, (378, 385), (106, 2.75), (106, 1.5)), ('K.13 Musicalion', 'P1', 3, (386, 393), (107, 1.75), (107, 2.5)), ('K.13 Musicalion', 'P1', 3, (394, 401), (108, 2.75), (108, 1.5))]]) 

5 .    (((-3, -3, 2), (0.25, 0.25, 0.25), 0.25), [[('K.13 Musicalion', 'P1', 3, (249, 252), (76, 2.25), (76, 2.75)), ('K.13 Musicalion', 'P1', 3, (253, 256), (77, 1.25), (77, 1.75))], [('K.13 Musicalion', 'P1', 3, (261, 264), (79, 1.25), (79, 1.75)), ('K.13 Musicalion', 'P1', 3, (265, 268), (80, 2.25), (80, 2.75))]]) 

