1 .    ('nomes', 'K.16 Musicalion') 

2 .    ('quantidade', 1) 

3 .    ('analise', 'sequÍncias IntDiaDur sem contidos e intercalados') 

1 .    (((2, -2, 4, -2, 4, -2, 5, -9, 2, -2, 4, -2, 4, -2, 4), (0.25, 0.25, 0.25, 0.25, 0.25, 0.25, 0.25, 0.25, 0.25, 0.25, 0.25, 0.25, 0.25, 0.25, 0.25)), [[('K.16 Musicalion', 'P1', 1, (424, 439), (71, 2.25), (72, 1.75)), ('K.16 Musicalion', 'P1', 1, (440, 455), (73, 2.25), (74, 1.75))], [('K.16 Musicalion', 'P1', 1, (584, 599), (97, 2.25), (98, 1.75)), ('K.16 Musicalion', 'P1', 1, (600, 615), (99, 2.25), (100, 1.75))]]) 

2 .    (((-2, -2, -2, 2, -2), (0.5, 0.12, 0.12, 0.25, 0.5)), [[('K.16 Musicalion', 'P1', 1, (223, 228), (38, 1.5), (38, 2.5)), ('K.16 Musicalion', 'P1', 1, (229, 234), (39, 1.5), (39, 2.5)), ('K.16 Musicalion', 'P1', 1, (235, 240), (40, 1.5), (40, 2.5)), ('K.16 Musicalion', 'P1', 1, (241, 246), (41, 1.5), (41, 2.5))], [('K.16 Musicalion', 'P1', 1, (572, 577), (95, 2.5), (95, 1.5)), ('K.16 Musicalion', 'P1', 1, (578, 583), (96, 2.5), (96, 1.5))]]) 

3 .    (((-4, -3, -3, -2), (0.25, 0.25, 0.25, 0.25)), [[('K.16 Musicalion', 'P1', 1, (146, 150), (24, 1.0), (24, 1.75)), ('K.16 Musicalion', 'P1', 1, (151, 155), (25, 1.0), (25, 1.75))], [('K.16 Musicalion', 'P1', 1, (455, 459), (75, 2.0), (75, 2.75)), ('K.16 Musicalion', 'P1', 1, (460, 464), (76, 2.0), (76, 2.75)), ('K.16 Musicalion', 'P1', 1, (465, 469), (77, 2.0), (77, 2.75)), ('K.16 Musicalion', 'P1', 1, (470, 474), (78, 2.0), (78, 2.75))]]) 

4 .    (((8, 2, 2), (0.5, 0.5, 0.5)), [[('K.16 Musicalion', 'P1', 3, (90, 93), (24, 1.0), (24, 2.0)), ('K.16 Musicalion', 'P1', 3, (94, 97), (25, 1.0), (25, 2.0))], [('K.16 Musicalion', 'P1', 3, (254, 257), (75, 2.0), (75, 1.0)), ('K.16 Musicalion', 'P1', 3, (258, 261), (76, 2.0), (76, 1.0)), ('K.16 Musicalion', 'P1', 3, (262, 265), (77, 2.0), (77, 1.0)), ('K.16 Musicalion', 'P1', 3, (266, 269), (78, 2.0), (78, 1.0))]]) 

5 .    (((-8, -8, 8, 8, 4, -3), (0.5, 0.5, 0.5, 1.0, 0.5, 0.5)), [[('K.16 Musicalion', 'P1', 3, (10, 16), (6, 1.0), (7, 2.0)), ('K.16 Musicalion', 'P1', 3, (17, 23), (8, 1.0), (9, 2.0))], [('K.16 Musicalion', 'P1', 3, (210, 216), (64, 2.0), (65, 1.0)), ('K.16 Musicalion', 'P1', 3, (217, 223), (66, 2.0), (67, 1.0))]]) 

6 .    (((-5, 3, -5, 3, -5), (0.25, 0.25, 0.25, 0.25, 0.25)), [[('K.16 Musicalion', 'P1', 3, (25, 30), (10, 1.25), (10, 2.25)), ('K.16 Musicalion', 'P1', 3, (31, 36), (10, 2.75), (11, 1.75))]]) 

7 .    (((-8, 8), (0.5, 1.0)), [[('K.16 Musicalion', 'P1', 3, (242, 244), (71, 2.0), (71, 2.5)), ('K.16 Musicalion', 'P1', 3, (245, 247), (72, 2.0), (72, 2.5)), ('K.16 Musicalion', 'P1', 3, (248, 250), (73, 2.0), (73, 2.5)), ('K.16 Musicalion', 'P1', 3, (251, 253), (74, 2.0), (74, 2.5))], [('K.16 Musicalion', 'P1', 3, (344, 346), (98, 2.0), (98, 2.5)), ('K.16 Musicalion', 'P1', 3, (347, 349), (99, 2.0), (99, 2.5)), ('K.16 Musicalion', 'P1', 3, (350, 352), (100, 2.0), (100, 2.5))]]) 

8 .    (((-2, 4, -2), (0.25, 0.25, 0.25)), [[('K.16 Musicalion', 'P1', 1, (252, 255), (43, 1.0), (43, 1.5)), ('K.16 Musicalion', 'P1', 1, (256, 259), (43, 2.0), (43, 2.5))], [('K.16 Musicalion', 'P1', 1, (268, 271), (45, 1.0), (45, 1.5)), ('K.16 Musicalion', 'P1', 1, (272, 275), (45, 2.0), (45, 2.5))], [('K.16 Musicalion', 'P1', 1, (284, 287), (47, 1.0), (47, 1.5)), ('K.16 Musicalion', 'P1', 1, (288, 291), (47, 2.0), (47, 2.5))]]) 

9 .    (((2, 2), (0.12, 0.25)), [[('K.16 Musicalion', 'P1', 1, (37, 39), (7, 2.12), (7, 2.25)), ('K.16 Musicalion', 'P1', 1, (40, 42), (7, 2.62), (7, 2.75))], [('K.16 Musicalion', 'P1', 1, (51, 53), (9, 2.12), (9, 2.25)), ('K.16 Musicalion', 'P1', 1, (54, 56), (9, 2.62), (9, 2.75))], [('K.16 Musicalion', 'P1', 1, (390, 392), (65, 1.12), (65, 1.25)), ('K.16 Musicalion', 'P1', 1, (393, 395), (65, 1.62), (65, 1.75))], [('K.16 Musicalion', 'P1', 1, (404, 406), (67, 1.12), (67, 1.25)), ('K.16 Musicalion', 'P1', 1, (407, 409), (67, 1.62), (67, 1.75))]]) 

10 .    (((-2, 6), (0.25, 0.25)), [[('K.16 Musicalion', 'P1', 1, (194, 196), (32, 1.75), (32, 2.0)), ('K.16 Musicalion', 'P1', 1, (197, 199), (32, 2.75), (33, 1.0))], [('K.16 Musicalion', 'P1', 1, (322, 324), (53, 1.75), (53, 2.0)), ('K.16 Musicalion', 'P1', 1, (325, 327), (53, 2.75), (54, 1.0))]]) 

11 .    (((2, -2), (0.25, 0.12)), [[('K.16 Musicalion', 'P1', 1, (35, 37), (7, 1.75), (7, 2.0)), ('K.16 Musicalion', 'P1', 1, (38, 40), (7, 2.25), (7, 2.5))], [('K.16 Musicalion', 'P1', 1, (49, 51), (9, 1.75), (9, 2.0)), ('K.16 Musicalion', 'P1', 1, (52, 54), (9, 2.25), (9, 2.5))], [('K.16 Musicalion', 'P1', 1, (388, 390), (65, 2.75), (65, 1.0)), ('K.16 Musicalion', 'P1', 1, (391, 393), (65, 1.25), (65, 1.5))], [('K.16 Musicalion', 'P1', 1, (402, 404), (67, 2.75), (67, 1.0)), ('K.16 Musicalion', 'P1', 1, (405, 407), (67, 1.25), (67, 1.5))]]) 

