1 .    ('nomes', 'K.30 Musicalion') 

2 .    ('quantidade', 1) 

3 .    ('analise', 'sequÍncias IntDiaDurPcompasso sem contidos e intercalados') 

1 .    (((8, -2, -2), (1.0, 1.0, 1.0), (1.0, 2.0, 3.0)), [[('K.30 Musicalion', 'P1', 4, (237, 240), (66, 1.0), (66, 3.0)), ('K.30 Musicalion', 'P1', 4, (241, 244), (67, 1.0), (67, 3.0)), ('K.30 Musicalion', 'P1', 4, (245, 248), (68, 1.0), (68, 3.0)), ('K.30 Musicalion', 'P1', 4, (249, 252), (69, 1.0), (69, 3.0)), ('K.30 Musicalion', 'P1', 4, (253, 256), (70, 1.0), (70, 3.0)), ('K.30 Musicalion', 'P1', 4, (257, 260), (71, 1.0), (71, 3.0))], [('K.30 Musicalion', 'P1', 4, (427, 430), (128, 1.0), (128, 3.0)), ('K.30 Musicalion', 'P1', 4, (431, 434), (129, 1.0), (129, 3.0)), ('K.30 Musicalion', 'P1', 4, (435, 438), (130, 1.0), (130, 3.0)), ('K.30 Musicalion', 'P1', 4, (439, 442), (131, 1.0), (131, 3.0))]]) 

2 .    (((4, 2, 2), (1.0, 1.0, 1.0), (1.0, 2.0, 3.0)), [[('K.30 Musicalion', 'P1', 1, (228, 231), (66, 1.0), (66, 3.0)), ('K.30 Musicalion', 'P1', 1, (232, 235), (67, 1.0), (67, 3.0)), ('K.30 Musicalion', 'P1', 1, (236, 239), (68, 1.0), (68, 3.0)), ('K.30 Musicalion', 'P1', 1, (240, 243), (69, 1.0), (69, 3.0)), ('K.30 Musicalion', 'P1', 1, (244, 247), (70, 1.0), (70, 3.0)), ('K.30 Musicalion', 'P1', 1, (248, 251), (71, 1.0), (71, 3.0))], [('K.30 Musicalion', 'P1', 1, (480, 483), (129, 1.0), (129, 3.0)), ('K.30 Musicalion', 'P1', 1, (484, 487), (130, 1.0), (130, 3.0)), ('K.30 Musicalion', 'P1', 1, (488, 491), (131, 1.0), (131, 3.0))]]) 

3 .    (((2, 2, -7), (1.0, 1.0, 3.0), (2.0, 3.0, 4.0)), [[('K.30 Musicalion', 'P1', 1, (477, 480), (128, 2.0), (128, 4.0)), ('K.30 Musicalion', 'P1', 1, (481, 484), (129, 2.0), (129, 4.0)), ('K.30 Musicalion', 'P1', 1, (485, 488), (130, 2.0), (130, 4.0))]]) 

4 .    (((-2, -2, -2, -2, 2), (1.0, 1.0, 1.0, 1.0, 1.0), (2.0, 3.0, 4.0, 5.0, 6.0)), [[('K.30 Musicalion', 'P1', 1, (6, 11), (4, 2.0), (4, 6.0)), ('K.30 Musicalion', 'P1', 1, (12, 17), (5, 2.0), (5, 6.0))], [('K.30 Musicalion', 'P1', 4, (7, 12), (9, 2.0), (9, 6.0)), ('K.30 Musicalion', 'P1', 4, (13, 18), (10, 2.0), (10, 6.0))], [('K.30 Musicalion', 'P1', 4, (287, 292), (81, 2.0), (81, 6.0)), ('K.30 Musicalion', 'P1', 4, (293, 298), (82, 2.0), (82, 6.0)), ('K.30 Musicalion', 'P1', 4, (299, 304), (83, 2.0), (83, 6.0))]]) 

5 .    (((3, -2, -2, -2, -2), (1.0, 1.0, 1.0, 1.0, 1.0), (1.0, 2.0, 3.0, 4.0, 5.0)), [[('K.30 Musicalion', 'P1', 4, (104, 109), (32, 1.0), (32, 5.0)), ('K.30 Musicalion', 'P1', 4, (110, 115), (33, 1.0), (33, 5.0))]]) 

6 .    (((8, -2, -2, -2, -2), (1.0, 1.0, 1.0, 1.0, 1.0), (1.0, 2.0, 3.0, 4.0, 5.0)), [[('K.30 Musicalion', 'P1', 4, (54, 59), (21, 1.0), (21, 5.0)), ('K.30 Musicalion', 'P1', 4, (60, 65), (22, 1.0), (22, 5.0)), ('K.30 Musicalion', 'P1', 4, (66, 71), (23, 1.0), (23, 5.0))], [('K.30 Musicalion', 'P1', 4, (171, 176), (49, 1.0), (49, 5.0)), ('K.30 Musicalion', 'P1', 4, (177, 182), (50, 1.0), (50, 5.0))]]) 

7 .    (((-2, -2), (1.0, 1.0), (5.0, 6.0)), [[('K.30 Musicalion', 'P1', 1, (285, 287), (79, 5.0), (79, 6.0)), ('K.30 Musicalion', 'P1', 1, (288, 290), (80, 5.0), (80, 6.0))], [('K.30 Musicalion', 'P1', 2, (130, 132), (66, 5.0), (66, 6.0)), ('K.30 Musicalion', 'P1', 2, (133, 135), (67, 5.0), (67, 6.0)), ('K.30 Musicalion', 'P1', 2, (136, 138), (68, 5.0), (68, 6.0)), ('K.30 Musicalion', 'P1', 2, (139, 141), (69, 5.0), (69, 6.0)), ('K.30 Musicalion', 'P1', 2, (142, 144), (70, 5.0), (70, 6.0)), ('K.30 Musicalion', 'P1', 2, (145, 147), (71, 5.0), (71, 6.0))], [('K.30 Musicalion', 'P1', 2, (240, 242), (128, 5.0), (128, 6.0)), ('K.30 Musicalion', 'P1', 2, (243, 245), (129, 5.0), (129, 6.0)), ('K.30 Musicalion', 'P1', 2, (246, 248), (130, 5.0), (130, 6.0)), ('K.30 Musicalion', 'P1', 2, (249, 251), (131, 5.0), (131, 6.0))]]) 

8 .    (((2, -2), (4.0, 1.0), (1.0, 5.0)), [[('K.30 Musicalion', 'P1', 2, (129, 131), (66, 1.0), (66, 5.0)), ('K.30 Musicalion', 'P1', 2, (132, 134), (67, 1.0), (67, 5.0)), ('K.30 Musicalion', 'P1', 2, (135, 137), (68, 1.0), (68, 5.0)), ('K.30 Musicalion', 'P1', 2, (138, 140), (69, 1.0), (69, 5.0)), ('K.30 Musicalion', 'P1', 2, (141, 143), (70, 1.0), (70, 5.0)), ('K.30 Musicalion', 'P1', 2, (144, 146), (71, 1.0), (71, 5.0))], [('K.30 Musicalion', 'P1', 2, (239, 241), (128, 1.0), (128, 5.0)), ('K.30 Musicalion', 'P1', 2, (242, 244), (129, 1.0), (129, 5.0)), ('K.30 Musicalion', 'P1', 2, (245, 247), (130, 1.0), (130, 5.0)), ('K.30 Musicalion', 'P1', 2, (248, 250), (131, 1.0), (131, 5.0))]]) 

9 .    (((-2, 3, -2), (2.0, 1.0, 2.0), (6.0, 2.0, 3.0)), [[('K.30 Musicalion', 'P1', 4, (216, 219), (59, 6.0), (60, 3.0)), ('K.30 Musicalion', 'P1', 4, (220, 223), (60, 6.0), (61, 3.0))], [('K.30 Musicalion', 'P1', 5, (39, 42), (85, 6.0), (86, 3.0)), ('K.30 Musicalion', 'P1', 5, (43, 46), (86, 6.0), (87, 3.0))]]) 

10 .    (((-2, -2), (1.0, 1.0), (4.0, 5.0)), [[('K.30 Musicalion', 'P1', 4, (131, 133), (38, 4.0), (38, 5.0)), ('K.30 Musicalion', 'P1', 4, (134, 136), (39, 4.0), (39, 5.0))], [('K.30 Musicalion', 'P1', 4, (140, 142), (40, 4.0), (40, 5.0)), ('K.30 Musicalion', 'P1', 4, (143, 145), (41, 4.0), (41, 5.0))], [('K.30 Musicalion', 'P1', 4, (325, 327), (91, 4.0), (91, 5.0)), ('K.30 Musicalion', 'P1', 4, (328, 330), (92, 4.0), (92, 5.0))]]) 

