1 .    ('nomes', ['K.30 Musicalion']) 

2 .    ('quantidade', 1) 

3 .    ('analise', 'recorręncias IntDiaDurPtempo sem cont e inter em tudo') 

1 .    (((-2, -2, -4, -3, -3, 4, 3, -2, 5, -2, 3, -2, -2, -2, 2, 4, -2), (1.0, 1.0, 2.0, 1.0, 1.0, 1.0, 1.0, 2.0, 1.0, 2.0, 1.0, 2.0, 1.0, 1.0, 2.0, 1.0, 3.0), 0.0), [('K.30 Musicalion', 'P1', 1, (39, 56), (12, 1.0), (15, 4.0)), ('K.30 Musicalion', 'P1', 1, (157, 174), (45, 1.0), (48, 4.0))]) 

2 .    (((2, 2, -2, -2, -2, 2, 2, -2, -2, -2, 2, 2, -2, -2, -2, 2, 2), (1.0, 1.0, 2.0, 1.0, 1.0, 1.0, 1.0, 2.0, 1.0, 1.0, 1.0, 1.0, 2.0, 1.0, 1.0, 1.0, 1.0), 0.0), [('K.30 Musicalion', 'P1', 1, (505, 522), (135, 1.0), (138, 2.0)), ('K.30 Musicalion', 'P1', 2, (265, 282), (134, 4.0), (137, 5.0))]) 

3 .    (((-2, -2, -2, -2, 2, 3, -2, -2, -2, -2, -9, 3, 4, 2, 4, 2, 2), (1.0, 1.0, 1.0, 1.0, 1.0, 1.0, 1.0, 1.0, 1.0, 1.0, 1.0, 3.0, 3.0, 3.0, 3.0, 3.0, 3.0), 0.0), [('K.30 Musicalion', 'P1', 4, (13, 30), (10, 2.0), (14, 4.0)), ('K.30 Musicalion', 'P1', 4, (31, 48), (15, 2.0), (19, 4.0))]) 

4 .    (((8, -2, -2, -7, 8, -2, -2, -7, 8, -2, -2, -7, 8, -2, -2), (1.0, 1.0, 1.0, 3.0, 1.0, 1.0, 1.0, 3.0, 1.0, 1.0, 1.0, 3.0, 1.0, 1.0, 1.0), 0.0), [('K.30 Musicalion', 'P1', 4, (237, 252), (66, 1.0), (69, 3.0)), ('K.30 Musicalion', 'P1', 4, (427, 442), (128, 1.0), (131, 3.0))]) 

5 .    (((2, 2, -7, 4, 2, 2, -7, 4, 2, 2, -7, 4, 2, 2), (1.0, 1.0, 3.0, 1.0, 1.0, 1.0, 3.0, 1.0, 1.0, 1.0, 3.0, 1.0, 1.0, 1.0), 0.0), [('K.30 Musicalion', 'P1', 1, (229, 243), (66, 2.0), (69, 3.0)), ('K.30 Musicalion', 'P1', 1, (477, 491), (128, 2.0), (131, 3.0))]) 

6 .    (((-2, 2, 2, -2, -2, -2, -2, -2, -4, -3, -3, 4, 3, -2), (6.0, 1.0, 1.0, 1.0, 2.0, 1.0, 1.0, 1.0, 2.0, 1.0, 1.0, 1.0, 1.0, 2.0), 0.0), [('K.30 Musicalion', 'P1', 1, (253, 267), (72, 1.0), (75, 3.0)), ('K.30 Musicalion', 'P1', 1, (425, 439), (117, 1.0), (120, 3.0))]) 

7 .    (((2, -2, -2, 2, -2, -2, 2, -2, -2, 2, -2, -2, 2, 2), (4.0, 1.0, 1.0, 4.0, 1.0, 1.0, 4.0, 1.0, 1.0, 4.0, 1.0, 1.0, 1.0, 1.0), 0.0), [('K.30 Musicalion', 'P1', 2, (135, 149), (68, 1.0), (72, 2.0)), ('K.30 Musicalion', 'P1', 2, (239, 253), (128, 1.0), (132, 2.0))]) 

8 .    (((8, -2, -2, -2, -2, -5, 8, -2, -2, -2, -2, 2), (1.0, 1.0, 1.0, 1.0, 1.0, 1.0, 1.0, 1.0, 1.0, 1.0, 1.0, 1.0), 0.0), [('K.30 Musicalion', 'P1', 4, (54, 66), (21, 1.0), (22, 6.0)), ('K.30 Musicalion', 'P1', 4, (171, 183), (49, 1.0), (50, 6.0)), ('K.30 Musicalion', 'P1', 4, (257, 269), (71, 1.0), (72, 6.0))]) 

9 .    (((2, 2, 2, -2, -2, -2, -2, -2, -2, -2, -2, -2), (1.0, 1.0, 1.0, 1.0, 1.0, 1.0, 1.0, 1.0, 1.0, 1.0, 1.0, 1.0), 0.0), [('K.30 Musicalion', 'P1', 1, (528, 540), (140, 1.0), (141, 6.0)), ('K.30 Musicalion', 'P1', 2, (294, 306), (140, 1.0), (141, 6.0))]) 

10 .    (((4, 3, -2, 5, -2, 3, -2, -2, -2, 2, 4), (1.0, 1.0, 2.0, 1.0, 2.0, 1.0, 2.0, 1.0, 1.0, 2.0, 1.0), 0.0), [('K.30 Musicalion', 'P1', 1, (18, 29), (7, 1.0), (9, 3.0)), ('K.30 Musicalion', 'P1', 1, (64, 75), (18, 1.0), (20, 3.0))]) 

11 .    (((3, -2, -2, -2, -2, 2, 3, -2, -2, -2, -2), (1.0, 1.0, 1.0, 1.0, 1.0, 1.0, 1.0, 1.0, 1.0, 1.0, 1.0), 0.0), [('K.30 Musicalion', 'P1', 4, (104, 115), (32, 1.0), (33, 5.0)), ('K.30 Musicalion', 'P1', 4, (292, 303), (82, 1.0), (83, 5.0))]) 

12 .    ((((8, 2), (8, 2), (8, 2), (8, 2), (8, 2), (8, -7), (8, 2), (8, 2), (8, 2), (8, 2), (8, 2)), ((0.0, 1.0), (0.0, 1.0), (0.0, 1.0), (0.0, 1.0), (0.0, 1.0), (0.0, 1.0), (0.0, 1.0), (0.0, 1.0), (0.0, 1.0), (0.0, 1.0), (0.0, 1.0)), 0.0), [('K.30 Musicalion', 'P1', 4, (450, 461), (134, 1.0), (135, 5.0)), ('K.30 Musicalion', 'P1', 4, (465, 476), (136, 4.0), (138, 2.0))]) 

13 .    (((2, 2, -2, -2, -2, -4, -3, -3, 4, 3, -2), (1.0, 1.0, 1.0, 1.0, 1.0, 2.0, 1.0, 1.0, 1.0, 1.0, 2.0), 0.0), [('K.30 Musicalion', 'P1', 1, (196, 207), (56, 4.0), (58, 3.0)), ('K.30 Musicalion', 'P1', 1, (335, 346), (95, 4.0), (97, 3.0))]) 

14 .    (((-5, 2, 2, 2, 2, -2, -7, 2, 2, 2, 2), (1.0, 1.0, 1.0, 1.0, 1.0, 1.0, 1.0, 1.0, 1.0, 1.0, 1.0), 0.0), [('K.30 Musicalion', 'P1', 2, (21, 32), (21, 1.0), (22, 5.0)), ('K.30 Musicalion', 'P1', 2, (83, 94), (49, 1.0), (50, 5.0))]) 

15 .    (((2, 4, 2, 2, -2, -2, -2, -2, -2), (3.0, 3.0, 3.0, 3.0, 1.0, 1.0, 1.0, 1.0, 1.0), 0.0), [('K.30 Musicalion', 'P1', 1, (1, 10), (2, 1.0), (4, 5.0)), ('K.30 Musicalion', 'P1', 4, (161, 170), (46, 1.0), (48, 5.0))]) 

16 .    (((-2, -2, -2, 3, -2, -2, -2, -2), (1.0, 1.0, 1.0, 1.0, 1.0, 1.0, 1.0, 1.0), 0.0), [('K.30 Musicalion', 'P1', 4, (134, 142), (39, 4.0), (40, 5.0)), ('K.30 Musicalion', 'P1', 4, (143, 151), (41, 4.0), (42, 5.0))]) 

17 .    (((-3, 2, 2, 2, 2, -2, 3, -2), (1.0, 1.0, 1.0, 2.0, 1.0, 6.0, 1.0, 1.0), 0.0), [('K.30 Musicalion', 'P1', 1, (141, 149), (40, 1.0), (42, 2.0)), ('K.30 Musicalion', 'P1', 1, (408, 416), (113, 1.0), (115, 2.0))]) 

18 .    (((-2, -2, -2, -2, 4, 2, 2, 2), (1.0, 1.0, 1.0, 1.0, 1.0, 1.0, 1.0, 1.0), 0.0), [('K.30 Musicalion', 'P1', 4, (223, 231), (61, 5.0), (62, 6.0)), ('K.30 Musicalion', 'P1', 2, (283, 291), (138, 2.0), (139, 3.0))]) 

19 .    (((2, 3, -2, -2, -2, -2, 2), (1.0, 1.0, 1.0, 1.0, 1.0, 1.0, 1.0), 0.0), [('K.30 Musicalion', 'P1', 2, (61, 68), (38, 6.0), (39, 6.0)), ('K.30 Musicalion', 'P1', 2, (69, 76), (40, 6.0), (41, 6.0))]) 

20 .    (((2, -2, -2, -2, -2, -2, 2), (3.0, 1.0, 1.0, 1.0, 1.0, 1.0, 1.0), 0.0), [('K.30 Musicalion', 'P1', 1, (103, 110), (29, 4.0), (30, 6.0)), ('K.30 Musicalion', 'P1', 2, (313, 320), (144, 4.0), (145, 6.0))]) 

21 .    (((-2, -2, -2, 2, 2, 2, 2), (1.0, 1.0, 1.0, 1.0, 1.0, 1.0, 1.0), 0.0), [('K.30 Musicalion', 'P1', 4, (191, 198), (52, 3.0), (53, 3.0)), ('K.30 Musicalion', 'P1', 2, (121, 128), (64, 5.0), (65, 5.0))]) 

22 .    (((2, 2, 2, -2, 2, 2, -5), (1.0, 1.0, 1.0, 1.0, 1.0, 1.0, 1.0), 0.0), [('K.30 Musicalion', 'P1', 1, (82, 89), (23, 3.0), (24, 3.0)), ('K.30 Musicalion', 'P1', 2, (43, 50), (31, 6.0), (32, 6.0))]) 

23 .    (((2, 2, -2, -2, -2, 2, 2), (1.0, 1.0, 1.0, 2.0, 1.0, 1.0, 1.0), 0.0), [('K.30 Musicalion', 'P1', 2, (150, 157), (72, 4.0), (73, 5.0)), ('K.30 Musicalion', 'P1', 2, (224, 231), (117, 4.0), (118, 5.0))]) 

24 .    (((2, 3, -2, -2, -2, -2), (1.0, 1.0, 1.0, 1.0, 1.0, 1.0), 0.0), [('K.30 Musicalion', 'P1', 4, (127, 133), (37, 6.0), (38, 5.0)), ('K.30 Musicalion', 'P1', 2, (212, 218), (113, 6.0), (114, 5.0))]) 

25 .    (((2, -2, -2, -2, -2, -2), (3.0, 1.0, 1.0, 1.0, 1.0, 1.0), 0.0), [('K.30 Musicalion', 'P1', 4, (321, 327), (90, 4.0), (91, 5.0)), ('K.30 Musicalion', 'P1', 5, (7, 13), (54, 1.0), (55, 2.0))]) 

26 .    (((8, -2, -2, -2, -2, 2), (1.0, 1.0, 1.0, 1.0, 1.0, 1.0), 0.0), [('K.30 Musicalion', 'P1', 1, (11, 17), (5, 1.0), (5, 6.0)), ('K.30 Musicalion', 'P1', 4, (355, 361), (104, 1.0), (104, 6.0))]) 

27 .    (((-5, 2, 2, 2, 2, -2), (1.0, 1.0, 1.0, 1.0, 1.0, 1.0), 0.0), [('K.30 Musicalion', 'P1', 1, (30, 36), (10, 1.0), (10, 6.0)), ('K.30 Musicalion', 'P1', 2, (166, 172), (83, 1.0), (83, 6.0))]) 

28 .    (((-2, -2, -2, 5, -3, -3), (1.0, 1.0, 1.0, 2.0, 1.0, 1.0), 0.0), [('K.30 Musicalion', 'P1', 1, (117, 123), (33, 6.0), (34, 6.0)), ('K.30 Musicalion', 'P1', 1, (217, 223), (62, 6.0), (63, 6.0)), ('K.30 Musicalion', 'P1', 1, (440, 446), (120, 6.0), (121, 6.0))]) 

29 .    (((-2, -2, -2, -2, 2, 2), (1.0, 2.0, 1.0, 1.0, 2.0, 1.0), 0.0), [('K.30 Musicalion', 'P1', 1, (313, 319), (90, 2.0), (91, 3.0)), ('K.30 Musicalion', 'P1', 1, (381, 387), (106, 2.0), (107, 3.0))]) 

30 .    ((((6, -2), (6, -2), (6, -3), (6, 2), (6, -2), (6, -2)), ((0.0, 2.0), (0.0, 1.0), (0.0, 2.0), (0.0, 1.0), (0.0, 2.0), (0.0, 1.0)), 0.0), [('K.30 Musicalion', 'P1', 1, (353, 359), (99, 3.0), (100, 5.0)), ('K.30 Musicalion', 'P1', 1, (361, 367), (101, 3.0), (102, 5.0))]) 

31 .    (((-2, 2, 2, -2, -2, -2), (1.0, 1.0, 1.0, 1.0, 1.0, 1.0), 0.0), [('K.30 Musicalion', 'P1', 1, (494, 500), (132, 6.0), (133, 5.0)), ('K.30 Musicalion', 'P1', 2, (255, 261), (132, 6.0), (133, 5.0))]) 

32 .    (((2, 2, 2, 2, -14, 3), (1.0, 1.0, 1.0, 1.0, 1.0, 3.0), 0.0), [('K.30 Musicalion', 'P1', 4, (270, 276), (73, 2.0), (74, 1.0)), ('K.30 Musicalion', 'P1', 4, (405, 411), (118, 2.0), (119, 1.0))]) 

33 .    (((-2, -2, -2, -2, -2), (1.0, 1.0, 1.0, 1.0, 1.0), 0.0), [('K.30 Musicalion', 'P1', 4, (6, 11), (9, 1.0), (9, 5.0)), ('K.30 Musicalion', 'P1', 4, (184, 189), (51, 2.0), (51, 6.0)), ('K.30 Musicalion', 'P1', 4, (388, 393), (113, 2.0), (113, 6.0))]) 

34 .    (((3, -2, -2, -2, -2), (1.0, 1.0, 1.0, 1.0, 1.0), 0.0), [('K.30 Musicalion', 'P1', 4, (304, 309), (84, 1.0), (84, 5.0)), ('K.30 Musicalion', 'P1', 5, (66, 71), (115, 1.0), (115, 5.0))]) 

35 .    (((2, 2, 2, 2, 2), (1.0, 1.0, 1.0, 1.0, 1.0), 0.0), [('K.30 Musicalion', 'P1', 1, (181, 186), (52, 4.0), (53, 2.0)), ('K.30 Musicalion', 'P1', 2, (112, 117), (62, 1.0), (62, 5.0))]) 

36 .    (((2, 2, 2, -2, -2), (1.0, 1.0, 1.0, 1.0, 1.0), 0.0), [('K.30 Musicalion', 'P1', 4, (209, 214), (58, 4.0), (59, 2.0)), ('K.30 Musicalion', 'P1', 3, (1, 6), (147, 1.0), (147, 5.0))]) 

37 .    (((-2, -2, 2, -2, -2), (1.0, 1.0, 1.0, 1.0, 1.0), 0.0), [('K.30 Musicalion', 'P1', 4, (443, 448), (132, 1.0), (132, 5.0)), ('K.30 Musicalion', 'P1', 2, (3, 8), (5, 4.0), (6, 2.0))]) 

38 .    (((-2, -2, -2, -2, -2), (1.0, 1.0, 4.0, 1.0, 1.0), 0.0), [('K.30 Musicalion', 'P1', 1, (285, 290), (79, 5.0), (80, 6.0)), ('K.30 Musicalion', 'P1', 4, (153, 158), (43, 2.0), (44, 3.0))]) 

39 .    (((2, 2, 2, 1, -3), (1.0, 1.0, 1.0, 2.0, 1.0), 0.0), [('K.30 Musicalion', 'P1', 1, (326, 331), (93, 6.0), (94, 5.0)), ('K.30 Musicalion', 'P1', 2, (35, 40), (24, 6.0), (25, 5.0))]) 

40 .    ((((6, -2), (6, 2), (6, 2), (6, -2), (6, -2)), ((0.0, 1.0), (0.0, 1.0), (0.0, 1.0), (0.0, 2.0), (0.0, 1.0)), 0.0), [('K.30 Musicalion', 'P1', 1, (456, 461), (123, 6.0), (124, 5.0)), ('K.30 Musicalion', 'P1', 1, (466, 471), (125, 6.0), (126, 5.0))]) 

41 .    (((3, -2, 3, 3, -2), (1.0, 1.0, 1.0, 1.0, 1.0), 0.0), [('K.30 Musicalion', 'P1', 1, (541, 546), (142, 5.0), (143, 3.0)), ('K.30 Musicalion', 'P1', 1, (550, 555), (144, 2.0), (144, 6.0))]) 

42 .    (((-2, -2, -2, -2), (1.0, 1.0, 1.0, 1.0), 0.0), [('K.30 Musicalion', 'P1', 1, (57, 61), (16, 5.0), (17, 2.0)), ('K.30 Musicalion', 'P1', 1, (566, 570), (147, 5.0), (148, 2.0)), ('K.30 Musicalion', 'P1', 4, (67, 71), (23, 2.0), (23, 5.0)), ('K.30 Musicalion', 'P1', 4, (122, 126), (37, 1.0), (37, 4.0)), ('K.30 Musicalion', 'P1', 4, (287, 291), (81, 2.0), (81, 5.0))]) 

43 .    (((2, 2, 2, 2), (1.0, 1.0, 1.0, 1.0), 0.0), [('K.30 Musicalion', 'P1', 2, (101, 105), (54, 6.0), (55, 3.0)), ('K.30 Musicalion', 'P1', 2, (173, 177), (84, 2.0), (84, 5.0))]) 

44 .    (((2, 2, -2, -2), (1.0, 1.0, 2.0, 1.0), 0.0), [('K.30 Musicalion', 'P1', 1, (472, 476), (127, 1.0), (127, 5.0)), ('K.30 Musicalion', 'P1', 2, (234, 238), (127, 1.0), (127, 5.0))]) 

45 .    (((5, -2, 3, -2), (1.0, 2.0, 1.0, 2.0), 0.0), [('K.30 Musicalion', 'P1', 4, (90, 94), (28, 5.0), (29, 3.0)), ('K.30 Musicalion', 'P1', 4, (215, 219), (59, 5.0), (60, 3.0))]) 

46 .    ((((6, 2), (6, 2), (6, -2), (6, -2)), ((0.0, 1.0), (0.0, 1.0), (0.0, 2.0), (0.0, 1.0)), 0.0), [('K.30 Musicalion', 'P1', 1, (308, 312), (89, 1.0), (89, 5.0)), ('K.30 Musicalion', 'P1', 1, (388, 392), (108, 1.0), (108, 5.0))]) 

47 .    (((3, -2, -4, -2), (1.0, 2.0, 1.0, 2.0), 0.0), [('K.30 Musicalion', 'P1', 5, (36, 40), (85, 2.0), (85, 6.0)), ('K.30 Musicalion', 'P1', 5, (44, 48), (87, 2.0), (87, 6.0))]) 

48 .    (((4, -2, -3, 2), (1.0, 3.0, 1.0, 1.0), 0.0), [('K.30 Musicalion', 'P1', 1, (133, 137), (37, 3.0), (38, 2.0)), ('K.30 Musicalion', 'P1', 4, (379, 383), (110, 1.0), (110, 6.0))]) 

49 .    (((-2, -2, -2), (1.0, 1.0, 1.0), 0.0), [('K.30 Musicalion', 'P1', 1, (150, 153), (42, 4.0), (42, 6.0)), ('K.30 Musicalion', 'P1', 4, (49, 52), (20, 2.0), (20, 4.0)), ('K.30 Musicalion', 'P1', 4, (412, 415), (120, 6.0), (121, 2.0)), ('K.30 Musicalion', 'P1', 2, (178, 181), (90, 1.0), (90, 3.0)), ('K.30 Musicalion', 'P1', 5, (16, 19), (56, 3.0), (56, 5.0))]) 

50 .    (((2, 2, 2), (1.0, 1.0, 1.0), 0.0), [('K.30 Musicalion', 'P1', 1, (291, 294), (81, 4.0), (81, 6.0)), ('K.30 Musicalion', 'P1', 4, (202, 205), (55, 6.0), (56, 2.0)), ('K.30 Musicalion', 'P1', 2, (196, 199), (104, 4.0), (104, 6.0)), ('K.30 Musicalion', 'P1', 5, (86, 89), (147, 1.0), (147, 3.0))]) 

51 .    (((2, 2, -2), (1.0, 1.0, 1.0), 0.0), [('K.30 Musicalion', 'P1', 1, (177, 180), (51, 4.0), (51, 6.0)), ('K.30 Musicalion', 'P1', 1, (295, 298), (82, 4.0), (82, 6.0)), ('K.30 Musicalion', 'P1', 1, (523, 526), (139, 2.0), (139, 4.0))]) 

52 .    (((8, -2, -2), (1.0, 1.0, 1.0), 0.0), [('K.30 Musicalion', 'P1', 4, (72, 75), (24, 1.0), (24, 3.0)), ('K.30 Musicalion', 'P1', 4, (253, 256), (70, 1.0), (70, 3.0))]) 

53 .    (((-2, -2, -2), (2.0, 1.0, 1.0), 0.0), [('K.30 Musicalion', 'P1', 1, (129, 132), (36, 3.0), (36, 6.0)), ('K.30 Musicalion', 'P1', 1, (271, 274), (76, 3.0), (76, 6.0)), ('K.30 Musicalion', 'P1', 2, (201, 204), (105, 3.0), (105, 6.0))]) 

54 .    (((4, 2, 2), (1.0, 1.0, 1.0), 0.0), [('K.30 Musicalion', 'P1', 1, (244, 247), (70, 1.0), (70, 3.0)), ('K.30 Musicalion', 'P1', 1, (248, 251), (71, 1.0), (71, 3.0))]) 

55 .    (((-2, -2, -2), (1.0, 2.0, 1.0), 0.0), [('K.30 Musicalion', 'P1', 1, (574, 577), (149, 2.0), (149, 5.0)), ('K.30 Musicalion', 'P1', 1, (581, 584), (151, 2.0), (151, 5.0)), ('K.30 Musicalion', 'P1', 2, (340, 343), (150, 6.0), (151, 3.0))]) 

56 .    (((-2, 5, -2), (2.0, 1.0, 2.0), 0.0), [('K.30 Musicalion', 'P1', 1, (125, 128), (35, 3.0), (35, 6.0)), ('K.30 Musicalion', 'P1', 1, (375, 378), (104, 6.0), (105, 3.0)), ('K.30 Musicalion', 'P1', 1, (501, 504), (134, 1.0), (134, 4.0))]) 

57 .    (((-2, -2, 4), (1.0, 1.0, 1.0), 0.0), [('K.30 Musicalion', 'P1', 4, (328, 331), (92, 4.0), (92, 6.0)), ('K.30 Musicalion', 'P1', 4, (332, 335), (93, 4.0), (93, 6.0)), ('K.30 Musicalion', 'P1', 4, (394, 397), (114, 4.0), (114, 6.0)), ('K.30 Musicalion', 'P1', 5, (56, 59), (108, 1.0), (108, 3.0))]) 

58 .    (((-2, -2, 2), (2.0, 1.0, 1.0), 0.0), [('K.30 Musicalion', 'P1', 1, (276, 279), (77, 3.0), (77, 6.0)), ('K.30 Musicalion', 'P1', 1, (281, 284), (78, 3.0), (78, 6.0))]) 

59 .    (((2, 2, -5), (1.0, 1.0, 1.0), 0.0), [('K.30 Musicalion', 'P1', 2, (53, 56), (33, 4.0), (33, 6.0)), ('K.30 Musicalion', 'P1', 2, (57, 60), (37, 4.0), (37, 6.0))]) 

60 .    ((((8, 1), (8, 1), (8, 1)), ((0.0, 3.0), (0.0, 3.0), (0.0, 3.0)), 0.0), [('K.30 Musicalion', 'P1', 4, (481, 484), (143, 1.0), (144, 1.0)), ('K.30 Musicalion', 'P1', 4, (485, 488), (145, 1.0), (146, 1.0))]) 

61 .    (((-2, -2, -2), (3.0, 1.0, 1.0), 0.0), [('K.30 Musicalion', 'P1', 4, (80, 83), (26, 4.0), (27, 2.0)), ('K.30 Musicalion', 'P1', 4, (233, 236), (65, 1.0), (65, 5.0))]) 

62 .    ((((8, 2), (8, -3), (8, 2)), ((0.0, 3.0), (0.0, 3.0), (0.0, 3.0)), 0.0), [('K.30 Musicalion', 'P1', 4, (344, 347), (98, 4.0), (99, 4.0)), ('K.30 Musicalion', 'P1', 4, (348, 351), (100, 4.0), (101, 4.0))]) 

63 .    (((-6, -2, 2), (1.0, 1.0, 1.0), 0.0), [('K.30 Musicalion', 'P1', 2, (13, 16), (11, 1.0), (11, 3.0)), ('K.30 Musicalion', 'P1', 2, (17, 20), (16, 1.0), (16, 3.0))]) 

64 .    (((-2, -2), (1.0, 1.0), 0.0), [('K.30 Musicalion', 'P1', 1, (187, 189), (53, 5.0), (53, 6.0)), ('K.30 Musicalion', 'P1', 4, (101, 103), (31, 4.0), (31, 5.0)), ('K.30 Musicalion', 'P1', 4, (316, 318), (89, 1.0), (89, 2.0)), ('K.30 Musicalion', 'P1', 4, (370, 372), (107, 4.0), (107, 5.0)), ('K.30 Musicalion', 'P1', 4, (376, 378), (109, 4.0), (109, 5.0)), ('K.30 Musicalion', 'P1', 2, (78, 80), (43, 5.0), (43, 6.0)), ('K.30 Musicalion', 'P1', 2, (98, 100), (54, 2.0), (54, 3.0)), ('K.30 Musicalion', 'P1', 2, (130, 132), (66, 5.0), (66, 6.0)), ('K.30 Musicalion', 'P1', 2, (220, 222), (115, 4.0), (115, 5.0)), ('K.30 Musicalion', 'P1', 2, (321, 323), (146, 2.0), (146, 3.0)), ('K.30 Musicalion', 'P1', 5, (73, 75), (117, 4.0), (117, 5.0))]) 

65 .    (((2, 2), (1.0, 1.0), 0.0), [('K.30 Musicalion', 'P1', 1, (214, 216), (62, 1.0), (62, 2.0)), ('K.30 Musicalion', 'P1', 1, (224, 226), (64, 2.0), (64, 3.0)), ('K.30 Musicalion', 'P1', 1, (397, 399), (110, 2.0), (110, 3.0)), ('K.30 Musicalion', 'P1', 1, (559, 561), (145, 5.0), (145, 6.0)), ('K.30 Musicalion', 'P1', 4, (283, 285), (80, 2.0), (80, 3.0)), ('K.30 Musicalion', 'P1', 2, (160, 162), (79, 2.0), (79, 3.0)), ('K.30 Musicalion', 'P1', 2, (262, 264), (134, 1.0), (134, 2.0))]) 

66 .    (((-2, 2), (1.0, 1.0), 0.0), [('K.30 Musicalion', 'P1', 1, (76, 78), (20, 5.0), (20, 6.0)), ('K.30 Musicalion', 'P1', 1, (90, 92), (24, 5.0), (24, 6.0)), ('K.30 Musicalion', 'P1', 1, (332, 334), (95, 1.0), (95, 2.0)), ('K.30 Musicalion', 'P1', 2, (185, 187), (92, 2.0), (92, 3.0))]) 

67 .    (((-2, -2), (2.0, 1.0), 0.0), [('K.30 Musicalion', 'P1', 1, (192, 194), (55, 3.0), (55, 5.0)), ('K.30 Musicalion', 'P1', 1, (349, 351), (98, 3.0), (98, 5.0)), ('K.30 Musicalion', 'P1', 1, (401, 403), (111, 3.0), (111, 5.0)), ('K.30 Musicalion', 'P1', 5, (49, 51), (88, 3.0), (88, 5.0))]) 

68 .    ((((8, 2), (8, 2)), ((0.0, 1.0), (0.0, 1.0)), 0.0), [('K.30 Musicalion', 'P1', 4, (462, 464), (136, 1.0), (136, 2.0)), ('K.30 Musicalion', 'P1', 4, (477, 479), (138, 4.0), (138, 5.0))]) 

69 .    (((2, -2), (1.0, 2.0), 0.0), [('K.30 Musicalion', 'P1', 1, (370, 372), (103, 5.0), (103, 6.0)), ('K.30 Musicalion', 'P1', 2, (193, 195), (103, 5.0), (103, 6.0))]) 

70 .    (((4, 2), (3.0, 3.0), 0.0), [('K.30 Musicalion', 'P1', 1, (99, 101), (27, 4.0), (28, 1.0)), ('K.30 Musicalion', 'P1', 1, (209, 211), (59, 4.0), (60, 1.0)), ('K.30 Musicalion', 'P1', 4, (492, 494), (149, 4.0), (150, 1.0)), ('K.30 Musicalion', 'P1', 5, (30, 32), (79, 1.0), (79, 4.0))]) 

71 .    (((2, 2), (2.0, 1.0), 0.0), [('K.30 Musicalion', 'P1', 1, (138, 140), (38, 4.0), (38, 6.0)), ('K.30 Musicalion', 'P1', 2, (182, 184), (91, 1.0), (91, 3.0)), ('K.30 Musicalion', 'P1', 2, (190, 192), (93, 4.0), (93, 6.0)), ('K.30 Musicalion', 'P1', 5, (61, 63), (110, 1.0), (110, 3.0))]) 

72 .    (((-2, 4), (1.0, 1.0), 0.0), [('K.30 Musicalion', 'P1', 1, (323, 325), (93, 2.0), (93, 3.0)), ('K.30 Musicalion', 'P1', 2, (307, 309), (142, 2.0), (142, 3.0))]) 

73 .    (((3, 4), (3.0, 3.0), 0.0), [('K.30 Musicalion', 'P1', 4, (2, 4), (6, 1.0), (6, 4.0)), ('K.30 Musicalion', 'P1', 4, (77, 79), (25, 1.0), (25, 4.0)), ('K.30 Musicalion', 'P1', 4, (206, 208), (57, 1.0), (57, 4.0))]) 

74 .    (((2, 2), (3.0, 3.0), 0.0), [('K.30 Musicalion', 'P1', 4, (336, 338), (94, 4.0), (95, 1.0)), ('K.30 Musicalion', 'P1', 5, (76, 78), (120, 1.0), (120, 4.0))]) 

75 .    (((2, 2), (1.0, 2.0), 0.0), [('K.30 Musicalion', 'P1', 4, (367, 369), (106, 6.0), (107, 1.0)), ('K.30 Musicalion', 'P1', 2, (332, 334), (148, 6.0), (149, 1.0))]) 

76 .    ((((6, -2), (6, -2)), ((0.0, 1.0), (0.0, 1.0)), 0.0), [('K.30 Musicalion', 'P1', 1, (420, 422), (116, 2.0), (116, 3.0)), ('K.30 Musicalion', 'P1', 1, (452, 454), (123, 1.0), (123, 2.0))]) 

77 .    (((-2, -2), (6.0, 6.0), 0.0), [('K.30 Musicalion', 'P1', 5, (20, 22), (66, 1.0), (67, 1.0)), ('K.30 Musicalion', 'P1', 5, (23, 25), (69, 1.0), (70, 1.0))]) 

78 .    ((((8, 2), (8, 4)), ((0.0, 3.0), (0.0, 3.0)), 0.0), [('K.30 Musicalion', 'P1', 4, (341, 343), (97, 1.0), (97, 4.0)), ('K.30 Musicalion', 'P1', 4, (352, 354), (102, 4.0), (103, 1.0))]) 

79 .    (((-2,), (1.0,), 0.0), [('K.30 Musicalion', 'P1', 1, (37, 38), (11, 5.0), (11, 5.0)), ('K.30 Musicalion', 'P1', 1, (111, 112), (31, 2.0), (31, 2.0)), ('K.30 Musicalion', 'P1', 1, (113, 114), (31, 6.0), (31, 6.0)), ('K.30 Musicalion', 'P1', 1, (115, 116), (32, 6.0), (32, 6.0)), ('K.30 Musicalion', 'P1', 1, (155, 156), (44, 5.0), (44, 5.0)), ('K.30 Musicalion', 'P1', 1, (269, 270), (76, 1.0), (76, 1.0)), ('K.30 Musicalion', 'P1', 1, (373, 374), (104, 3.0), (104, 3.0)), ('K.30 Musicalion', 'P1', 1, (395, 396), (109, 5.0), (109, 5.0)), ('K.30 Musicalion', 'P1', 1, (448, 449), (122, 3.0), (122, 3.0)), ('K.30 Musicalion', 'P1', 1, (557, 558), (145, 3.0), (145, 3.0)), ('K.30 Musicalion', 'P1', 1, (572, 573), (148, 6.0), (148, 6.0)), ('K.30 Musicalion', 'P1', 4, (85, 86), (27, 6.0), (27, 6.0)), ('K.30 Musicalion', 'P1', 4, (95, 96), (29, 6.0), (29, 6.0)), ('K.30 Musicalion', 'P1', 4, (199, 200), (54, 2.0), (54, 2.0)), ('K.30 Musicalion', 'P1', 4, (402, 403), (117, 2.0), (117, 2.0)), ('K.30 Musicalion', 'P1', 2, (1, 2), (5, 2.0), (5, 2.0)), ('K.30 Musicalion', 'P1', 2, (41, 42), (31, 4.0), (31, 4.0)), ('K.30 Musicalion', 'P1', 2, (133, 134), (67, 5.0), (67, 5.0)), ('K.30 Musicalion', 'P1', 2, (207, 208), (107, 5.0), (107, 5.0)), ('K.30 Musicalion', 'P1', 2, (209, 210), (111, 3.0), (111, 3.0)), ('K.30 Musicalion', 'P1', 2, (292, 293), (139, 5.0), (139, 5.0)), ('K.30 Musicalion', 'P1', 2, (328, 329), (148, 2.0), (148, 2.0))]) 

80 .    (((2,), (1.0,), 0.0), [('K.30 Musicalion', 'P1', 1, (80, 81), (23, 1.0), (23, 1.0)), ('K.30 Musicalion', 'P1', 1, (97, 98), (26, 6.0), (26, 6.0)), ('K.30 Musicalion', 'P1', 1, (320, 321), (91, 6.0), (91, 6.0)), ('K.30 Musicalion', 'P1', 1, (379, 380), (105, 6.0), (105, 6.0)), ('K.30 Musicalion', 'P1', 1, (562, 563), (146, 2.0), (146, 2.0)), ('K.30 Musicalion', 'P1', 1, (578, 579), (150, 2.0), (150, 2.0)), ('K.30 Musicalion', 'P1', 4, (310, 311), (85, 6.0), (85, 6.0)), ('K.30 Musicalion', 'P1', 4, (312, 313), (86, 6.0), (86, 6.0)), ('K.30 Musicalion', 'P1', 4, (314, 315), (87, 6.0), (87, 6.0)), ('K.30 Musicalion', 'P1', 2, (51, 52), (33, 2.0), (33, 2.0)), ('K.30 Musicalion', 'P1', 2, (96, 97), (51, 2.0), (51, 2.0)), ('K.30 Musicalion', 'P1', 2, (106, 107), (56, 2.0), (56, 2.0)), ('K.30 Musicalion', 'P1', 2, (164, 165), (82, 2.0), (82, 2.0)), ('K.30 Musicalion', 'P1', 2, (330, 331), (148, 4.0), (148, 4.0)), ('K.30 Musicalion', 'P1', 2, (337, 338), (150, 2.0), (150, 2.0))]) 

81 .    (((-2,), (2.0,), 0.0), [('K.30 Musicalion', 'P1', 1, (95, 96), (26, 3.0), (26, 3.0)), ('K.30 Musicalion', 'P1', 1, (347, 348), (97, 6.0), (97, 6.0)), ('K.30 Musicalion', 'P1', 1, (417, 418), (115, 4.0), (115, 4.0)), ('K.30 Musicalion', 'P1', 4, (220, 221), (60, 6.0), (60, 6.0)), ('K.30 Musicalion', 'P1', 2, (335, 336), (149, 4.0), (149, 4.0)), ('K.30 Musicalion', 'P1', 5, (41, 42), (86, 3.0), (86, 3.0))]) 

82 .    (((3,), (1.0,), 0.0), [('K.30 Musicalion', 'P1', 1, (450, 451), (122, 5.0), (122, 5.0)), ('K.30 Musicalion', 'P1', 1, (547, 548), (143, 5.0), (143, 5.0))]) 

83 .    (((2,), (3.0,), 0.0), [('K.30 Musicalion', 'P1', 4, (277, 278), (75, 1.0), (75, 1.0)), ('K.30 Musicalion', 'P1', 4, (319, 320), (89, 4.0), (89, 4.0)), ('K.30 Musicalion', 'P1', 4, (373, 374), (108, 1.0), (108, 1.0)), ('K.30 Musicalion', 'P1', 4, (416, 417), (121, 4.0), (121, 4.0)), ('K.30 Musicalion', 'P1', 2, (11, 12), (8, 1.0), (8, 1.0)), ('K.30 Musicalion', 'P1', 2, (311, 312), (143, 4.0), (143, 4.0)), ('K.30 Musicalion', 'P1', 5, (27, 28), (77, 4.0), (77, 4.0)), ('K.30 Musicalion', 'P1', 5, (84, 85), (125, 4.0), (125, 4.0))]) 

84 .    (((-3,), (1.0,), 0.0), [('K.30 Musicalion', 'P1', 1, (62, 63), (17, 5.0), (17, 5.0)), ('K.30 Musicalion', 'P1', 2, (9, 10), (6, 5.0), (6, 5.0))]) 

85 .    (((4,), (3.0,), 0.0), [('K.30 Musicalion', 'P1', 4, (421, 422), (124, 4.0), (124, 4.0)), ('K.30 Musicalion', 'P1', 2, (119, 120), (63, 4.0), (63, 4.0)), ('K.30 Musicalion', 'P1', 5, (90, 91), (148, 4.0), (148, 4.0))]) 

86 .    (((-5,), (1.0,), 0.0), [('K.30 Musicalion', 'P1', 4, (97, 98), (30, 3.0), (30, 3.0)), ('K.30 Musicalion', 'P1', 4, (99, 100), (30, 6.0), (30, 6.0)), ('K.30 Musicalion', 'P1', 2, (33, 34), (24, 4.0), (24, 4.0))]) 

87 .    ((((6, -2),), ((0.0, 1.0),), 0.0), [('K.30 Musicalion', 'P1', 1, (393, 394), (109, 2.0), (109, 2.0)), ('K.30 Musicalion', 'P1', 1, (404, 405), (112, 2.0), (112, 2.0)), ('K.30 Musicalion', 'P1', 1, (406, 407), (112, 5.0), (112, 5.0)), ('K.30 Musicalion', 'P1', 1, (423, 424), (116, 5.0), (116, 5.0))]) 

88 .    (((-2,), (6.0,), 0.0), [('K.30 Musicalion', 'P1', 1, (227, 228), (65, 1.0), (65, 1.0)), ('K.30 Musicalion', 'P1', 5, (0, 1), (21, 1.0), (21, 1.0)), ('K.30 Musicalion', 'P1', 5, (4, 5), (49, 1.0), (49, 1.0)), ('K.30 Musicalion', 'P1', 5, (79, 80), (121, 4.0), (121, 4.0))]) 

89 .    (((3,), (3.0,), 0.0), [('K.30 Musicalion', 'P1', 4, (0, 1), (1, -5.0), (1, -5.0)), ('K.30 Musicalion', 'P1', 4, (116, 117), (34, 1.0), (34, 1.0)), ('K.30 Musicalion', 'P1', 4, (159, 160), (45, 1.0), (45, 1.0)), ('K.30 Musicalion', 'P1', 5, (53, 54), (94, 1.0), (94, 1.0)), ('K.30 Musicalion', 'P1', 5, (81, 82), (123, 1.0), (123, 1.0))]) 

90 .    (((-2,), (3.0,), 0.0), [('K.30 Musicalion', 'P1', 4, (418, 419), (122, 4.0), (122, 4.0)), ('K.30 Musicalion', 'P1', 2, (158, 159), (78, 1.0), (78, 1.0))]) 

91 .    ((((6, 2),), ((0.0, 1.0),), 0.0), [('K.30 Musicalion', 'P1', 1, (368, 369), (103, 2.0), (103, 2.0)), ('K.30 Musicalion', 'P1', 1, (462, 463), (125, 1.0), (125, 1.0))]) 

92 .    (((1,), (3.0,), 0.0), [('K.30 Musicalion', 'P1', 4, (281, 282), (77, 1.0), (77, 1.0)), ('K.30 Musicalion', 'P1', 4, (423, 424), (126, 1.0), (126, 1.0)), ('K.30 Musicalion', 'P1', 2, (81, 82), (44, 4.0), (44, 4.0)), ('K.30 Musicalion', 'P1', 2, (109, 110), (59, 1.0), (59, 1.0)), ('K.30 Musicalion', 'P1', 5, (92, 93), (149, 4.0), (149, 4.0))]) 

93 .    ((((3, 2),), ((0.0, 3.0),), 0.0), [('K.30 Musicalion', 'P1', 4, (118, 119), (35, 1.0), (35, 1.0)), ('K.30 Musicalion', 'P1', 4, (120, 121), (36, 1.0), (36, 1.0)), ('K.30 Musicalion', 'P1', 4, (279, 280), (76, 1.0), (76, 1.0)), ('K.30 Musicalion', 'P1', 4, (386, 387), (112, 4.0), (112, 4.0))]) 

94 .    ((((3, 2),), ((0.0, 1.0),), 0.0), [('K.30 Musicalion', 'P1', 4, (363, 364), (105, 6.0), (105, 6.0)), ('K.30 Musicalion', 'P1', 4, (365, 366), (106, 3.0), (106, 3.0)), ('K.30 Musicalion', 'P1', 2, (188, 189), (92, 6.0), (92, 6.0)), ('K.30 Musicalion', 'P1', 2, (324, 325), (146, 5.0), (146, 5.0))]) 

95 .    (((-5,), (3.0,), 0.0), [('K.30 Musicalion', 'P1', 5, (33, 34), (80, 4.0), (80, 4.0)), ('K.30 Musicalion', 'P1', 5, (64, 65), (111, 1.0), (111, 1.0))]) 

96 .    ((((6, 2),), ((0.0, 3.0),), 0.0), [('K.30 Musicalion', 'P1', 1, (212, 213), (61, 1.0), (61, 1.0)), ('K.30 Musicalion', 'P1', 1, (300, 301), (85, 1.0), (85, 1.0)), ('K.30 Musicalion', 'P1', 1, (306, 307), (88, 1.0), (88, 1.0))]) 

97 .    (((-4,), (6.0,), 0.0), [('K.30 Musicalion', 'P1', 1, (175, 176), (50, 1.0), (50, 1.0)), ('K.30 Musicalion', 'P1', 5, (2, 3), (23, 1.0), (23, 1.0))]) 

98 .    ((((6, -7),), ((0.0, 3.0),), 0.0), [('K.30 Musicalion', 'P1', 1, (302, 303), (86, 1.0), (86, 1.0)), ('K.30 Musicalion', 'P1', 1, (304, 305), (87, 1.0), (87, 1.0))]) 

